0.4853133,0.26462552,0.22844054,0.46261334,0.47758642,0.48489112,0.46746823,0.45068938,0.47757179,0.47254702,0.46562237,0.46385095,0.46353281,0.44609296,0.47579366,0.45166966,0.45084649,0.48852217,0.46233222,0.44927686,0.44711098,0.46226031,0.43704039,0.44384724,0.45055777,0.45328778,0.45226091,0.44935441,0.45555598,0.45046037,0.44623771,0.44932956,0.43606085,0.43445471,0.45282412,0.42814884,0.42806828,0.43948311,0.41863337,0.43549484,-0.73901689,0.21274838,0.29244876,0.35680804,1.2722751,1.6504319,1.2164854,0.63443553,0.74015439,1.5561161,1.3301399,1.1160698,0.27917096,-0.14213254,-0.19135538,-0.29332995,0.51852477,0.28752515,0.28235,0.26339999,-0.58087093,0.063098148,-0.47165519,0.34645656,-0.71330804,-0.090297453,-0.17232865,0.53410274,0.25614226,1.2424076,-0.15757452,0.18906564,-0.99551952,-0.15699947,0.05951637,0.69015896,-0.86485374,0.49626717,0.34486791,-0.74717027,-0.098827705,-0.94544137,-0.43477169,0.23005857,0.7297281,0.64664125,-0.002166181,-1.3860018,0.49383008,0.14050147,-0.83782315,0.57836854,0.063171826,0.030627757,0.53713274,-0.13966823,0.3312912,-0.32910034,0.036871392,0.44375846,-0.45589763,-0.97140348,0.088047042,0.46082342,-0.29154733,0.21147065,0.098923638,-0.12661731,-0.16028658,-0.278431,0.43666106,0.7288934,-0.18389332,-0.31532821,-0.42542809,0.066830412,0.38002086,-0.85442501,0.35675567,-1.0797634,-0.28735429,-1.5358351,-0.85111499,-0.063592061,-0.47349101,0.19895415,-0.30574355,0.070531428,-0.068536408,-0.16554339,-0.58875173,-0.27726796,-0.23984697,-0.89754522,-0.18962468,-0.0905862,0.18945372,0.50006068,-0.39605483,-1.3567579,0.22453797,0.33832502,0.63579702,-0.11869833,0.51312357,0.26551604,0.09325061,-0.39779082,-0.19004773,0.26102909,-0.21509846,-0.1438169,0.32280368,-0.26942131,-0.67978561,-0.000927143,-0.59995729,-0.49086618,0.20122613,-0.21089619,0.04557199,-0.4994325,0.63967437,0.4629536,0.082654119,0.000936877,-1.5001823,0.54921198,-0.036036182,-0.19585764,-0.009530976,-0.46273121,0.027702866,-0.1402808,-0.5312345,0.74473423,-0.60330623,0.10881697,0.38717154,-1.4890481,-0.16141368,0.24388677,-0.07446982,-0.4169156,-0.81795019,0.3931441,0.20612805,0.25894415,0.68616581,-0.66712821,-0.24909246,0.080215573,0.056030855,0.16494712,0.22241651,0.22010067,-0.13509889,-1.0241027,-1.2825921,-0.5578233,0.21192671,0.59293216,0.19288434,-0.3636232,-0.26524013,0.092291892,1.0805565,-0.17051549,0.032520998,-0.32248858,-0.22595443,0.83213991,0.12528406,0.21762821,0.6594373,-0.030304173,-1.9063654,-0.083202206,0.40859476,0.002444043,-0.12851852,-0.68080103,0.091920942,-1.2285115,0.23480383,-1.0433488,0.55337143,0.078693427,-0.69023931,0.0581863,0.045957148,0.504026,-0.18242645,-0.39022422,-2.2225475,0.28346497,-0.37127364,0.016598329,-0.12437494,0.1544897,0.51397169,0.13063039,-0.25027251,0.54498631,-1.2641886,-0.64283478,-0.29583204,0.26752573,-0.30058211,0.057265922,0.091710322,0.44150028,0.002718523,0.48885649,0.41038835,0.6546219,-0.6978147,-0.22553125,0.38599366,-0.037938211,0.22610207,-0.045699745,-0.28420323,-1.0197891,-0.45219818,0.068274818,-0.3010999,0.55308753,0.89454108,0.34975126,-0.3840169,0.13116887,-0.26720741,0.60183841,0.43945852,-0.35634121,0.085332327,1.3062823,0.08381898,0.24173006,-0.82985061,-0.068756729,-1.7494451,0.99841535,-1.1896425,-0.269546,-0.18312213,-1.2540586,-0.024976403,0.14008093,0.074786313,0.64184093,0.38344789,0.14869823,-1.5030875,0.69131249,0.15918979,0.85015225,0.030860426,-0.96269608,-0.056168806,-0.69315982,0.51143521,0.25588226,-0.79752564,0.30752808,-1.5426161,-1.5159776,-1.0981131,-0.28930768,0.34323528,0.006649494,0.22273141,-0.79256189,0.58298731,-1.1192591,-0.15699857,0.28940755,-0.99095106,0.002308631,0.072088271,0.47259659,0.004388962,0.31106186,0.066857107,0.47782364,0.052934162,0.71607518,-0.013247963,-0.11127223,-0.87716514,0.29119694,1.0144011,-0.56820077,0.49948382,0.45408595,0.52971023,-0.53396565,0.52391529,0.28267804,-0.77891701,-0.5001356,0.10399494,0.20214596,0.16135454,0.63752365,-0.29389304,-0.47495353,-0.40344152,-0.003519705,0.58830839,-0.22464697,0.03210938,-0.2977612,0.10597877,0.90312541,-1.0410862,0.11005193,0.24708991,-0.52117586,-0.037594289,-0.21006015,-1.1504656,-1.6651671,-0.097653516,0.47993398,0.1180663,-0.29920012,0.76914281,0.05106692,0.44827086,0.20854966,-0.17445521,-0.40074709,0.18894294,0.081189752,-0.079858691,-0.50018394,0.20039517,0.19114184,1.0555638,-1.4072831,-0.14144714,1.2741592,1.2941937,0.34444919,-1.0384111,-0.23427226,-0.3771376,-0.18944344,0.00101753,0.36131597,0.63967943,0.6387518,0.33767882,0.10090846,0.22893505,0.62535787,0.64885491,0.7333281,-0.6885891,0.38165605,0.20423761,0.10208327,-0.26810548,-0.16668819,-1.413116,0.26749122,0.050155181,-0.33655813,-0.20256576,0.26777437,0.07265085,-0.49775675,0.29350221,-0.14106549,-0.14041659,-0.11374919,0.44566637,0.8631103,0.24056713,0.040375814,0.50481379,-0.045695949,-0.13908595,-0.8673501,0.18016315,-0.50629419,0.11476267,0.65663671,-0.71088856,-0.30390123,0.38223776,0.4437089,-0.52424002,-0.9769609,0.47063881,-0.52340275,-0.019756811,-1.1816916,0.27601725,-0.11979789,-0.55665827,-0.35755748,0.76439536,0.47208798,-1.6219796,-1.1170144,-0.30757561,0.085405946,0.22939563,-0.065682322,0.015119728,0.40092781,0.18673652,-0.15524517,0.30007547,0.284973,0.3353563,-0.042454354,-0.048034884,0.13317576,-1.2987466,0.046495855,0.35586196,0.047086872,0.22017375,0.64003187,0.73050934,-0.35379928,-0.68732369,-0.33297804,0.094374903,-1.4750718,0.2350785,0.18018557,0.34356937,-0.60790116,-1.0737133,0.2350435,-0.54128945,0.10521749,-0.002319995,-0.039017066,0.46271467,0.11020114,0.28288043,0.35172623,-0.000143797,-0.19591799,-0.30564827,-1.8935934,-0.57919276,-0.79199511,-0.01143777,-0.84031337,0.096636951,-0.11399771,-0.22499523,0.11609776,0
0.50158143,0.28195107,0.24976492,0.49246818,0.48993415,0.50505739,0.49268124,0.47897324,0.48479888,0.48383325,0.48790413,0.47575811,0.48113513,0.46601412,0.48597008,0.4698126,0.4806639,0.50120348,0.48893189,0.47061598,0.46403143,0.48005891,0.46876752,0.46791312,0.4676978,0.46327454,0.48406857,0.47118706,0.46714562,0.47225308,0.47003233,0.46784547,0.46165034,0.46578085,0.4718518,0.44910806,0.4513526,0.4596999,0.44552284,0.45669937,-0.78344095,0.23835333,0.23137176,0.30252475,1.2012345,1.5916864,1.1365671,0.57760596,0.6713202,1.4882568,1.2703726,1.0474231,0.1818175,-0.19519722,-0.049359694,-0.24451749,0.38225445,0.23682743,0.26513201,0.23915941,-0.7409296,0.034967229,-0.34831369,0.21174918,-0.66570443,-0.11579937,-0.15973914,0.59322047,0.44793177,1.3545409,-0.16307479,0.14283048,-0.9745186,-0.2051048,0.11145125,0.52371913,-0.85322011,0.42309886,0.34851858,-0.76157355,-0.10562315,-0.94613087,-0.51061505,0.31219241,0.52916586,0.64241356,0.018785495,-1.4744037,0.51019293,0.11282965,-0.84760654,0.53118438,0.15762782,-0.073283084,0.45941165,-0.11599927,0.29035887,-0.50594372,-0.008029886,0.37740123,-0.45936492,-0.95632774,0.10211165,0.48078072,-0.25956383,0.20814614,-0.050333567,-0.14849421,-0.034488618,-0.33498624,0.36829257,1.0136067,-0.13864656,-0.34568673,-0.52795094,0.19897088,0.24280249,-0.84524572,0.36561966,-1.1007335,-0.32151446,-1.5531361,-0.88560528,0.015863977,-0.34743434,0.23383224,-0.39778587,0.18086444,-0.1456826,-0.17665604,-0.57423323,-0.20223147,-0.31572971,-0.95938641,-0.084061332,-0.22651692,0.25510255,0.39637506,-0.45426953,-1.3412043,0.042769611,0.34491387,0.63561404,-0.050308481,0.48856103,0.22785556,0.098714516,-0.42016053,-0.19827157,0.28915626,0.088827759,-0.3381418,0.21097931,-0.19181214,-0.74179363,-0.093930706,-0.57258898,-0.72312957,0.29573774,-0.31374824,-0.014181961,-0.38778281,0.50696689,0.48869696,-0.097910136,0.03778182,-1.6942921,0.67609948,-0.090818048,-0.12503685,-0.022494361,-0.50542688,-0.013321491,-0.083281249,-0.54297912,0.74039465,-0.65124232,0.13841255,0.34583133,-1.4339892,-0.083263963,0.31653801,-0.084383816,-0.51763707,-0.8636744,0.48122412,0.2971102,0.39506945,0.79455483,-0.54573905,-0.27990037,0.051767495,0.056425411,0.22513081,0.37901616,0.14766535,-0.076071158,-1.0254997,-1.2954628,-0.62209553,0.23538396,0.39606488,0.16389704,-0.45970216,-0.21274975,0.17487627,1.4071693,-0.068421476,0.015852222,-0.51884216,-0.21848719,0.95775557,0.10407507,0.22289468,1.6668628,-0.068532273,-2.1877103,-0.11132494,0.48231879,-0.08792229,-0.082602374,-0.71842533,0.1595379,-1.4215107,0.31579477,-1.2310518,0.62124884,-0.020039685,-0.62151432,-0.06142129,0.35959688,0.56874788,-0.20123455,-0.63443673,-2.3883557,0.29441035,-0.64060199,-0.074589022,-0.19296569,-0.020620018,0.57181966,0.059707582,-0.18078144,0.63650733,-1.301863,-0.74386823,-0.23120238,0.28684044,-0.48912895,0.19796646,0.24589202,0.48963043,0.087204844,0.34472823,0.41506422,0.76524061,-0.89188439,-0.31335115,0.44472358,0.017090481,0.31366232,-0.049297847,-0.2079681,-0.98868769,-0.43811107,0.087914795,-0.45176074,0.50874871,1.0482864,0.33362234,-0.39221668,0.14918141,-0.31466028,0.52671742,0.52423388,-0.34627441,0.085891858,1.2682389,0.1566523,0.16127922,-1.0134677,-0.05178044,-1.8056241,1.0709698,-1.3829167,-0.32196048,-0.28315145,-1.4214375,-0.099956118,0.32161337,0.13175328,0.40275621,0.47453743,0.12319879,-1.5928425,0.87367994,0.07659708,0.93011874,0.071250781,-0.86560261,-0.027253836,-0.65252978,0.53770435,0.29276264,-0.68330199,0.2549088,-1.6137686,-1.6918666,-1.2841763,-0.33350068,0.45904243,0.36009586,0.18198839,-0.79608983,0.54782534,-1.1983452,-0.17359211,0.27061081,-0.97163111,0.009716689,-0.033774503,0.52458411,0.11037488,0.19735228,0.049735777,0.3368178,0.089802623,0.92576516,-0.045184847,-0.087006398,-0.81271631,0.26717877,0.90219343,-0.59312189,0.51346004,0.44745693,0.69905156,-0.52474457,0.48437214,0.42576161,-1.0437803,-0.42535567,0.10707494,0.28075027,0.3141554,0.55013067,-0.26996103,-0.42736045,-0.354839,-0.012795387,0.43044975,-0.17200927,0.00638324,-0.18364355,0.15799388,1.0518956,-1.0064912,0.14464387,0.22075301,-0.56476289,-0.079018414,-0.25956351,-1.315062,-1.6453606,-0.040084288,0.42353833,0.11558251,-0.27763134,0.77560574,0.17048056,0.42489526,0.14305317,-0.24951281,-0.43942499,0.11568602,0.10832644,-0.058356784,-0.60787636,0.1538085,0.1387181,1.0290221,-1.3678362,-0.076550066,1.4745859,1.1007805,0.36572352,-1.1471406,-0.20405604,-0.35395426,-0.005538397,0.095695108,0.5296011,0.71355289,0.73569721,0.18828028,0.15119052,0.15617789,0.57235765,0.72241306,0.90403259,-0.67879844,0.23735708,0.31754074,0.017363057,-0.3244499,-0.14668608,-1.4618742,0.21308741,0.05330376,-0.30604264,-0.13552952,0.14213455,0.18974206,-0.49005938,0.42002156,-0.12965594,-0.19619736,-0.13169891,0.67824793,0.75935137,0.25877491,0.038950585,0.53000081,-0.068476349,-0.059600513,-0.9465782,0.27401611,-0.45675215,0.19651479,0.63793117,-0.65073788,-0.51875389,0.3694683,0.44948101,-0.62246966,-1.0121475,0.52297992,-0.51666975,-0.10035008,-1.3158048,0.33131695,0.047267392,-0.50793159,-0.42209071,0.766258,0.52746904,-1.7703216,-1.1851823,-0.23736157,0.045456354,0.25408125,0.12513769,0.022962093,0.51218373,0.081077948,-0.081084237,0.17805251,0.29647982,0.45272782,-0.049906213,-0.008475103,0.12631395,-1.2885493,-0.046396554,0.4869757,0.012001678,0.17258613,0.67723215,0.7553485,-0.38485521,-0.58010697,-0.34167686,-0.035196297,-1.728076,0.23868629,0.12791659,0.33012193,-0.59870535,-1.1788653,0.15320256,-0.68327838,0.10013072,0.036569625,-0.045289673,0.7422291,0.095303886,0.23482746,0.58614802,-0.053004432,-0.085812464,-0.41158989,-2.0008063,-0.67783612,-0.89104021,-0.037806645,-0.74450552,0.12288568,-0.066186547,-0.31107396,0.024119375,0
0.51597273,0.29525167,0.25161144,0.50242186,0.49164534,0.52130783,0.51132464,0.48486781,0.50534511,0.5071519,0.50415254,0.50121069,0.50536424,0.47129765,0.50470543,0.49338973,0.4905532,0.51516724,0.49949372,0.47896427,0.47245905,0.50294566,0.47516817,0.4882426,0.49500665,0.48078394,0.49356291,0.48533767,0.48704427,0.49208215,0.47898039,0.48725867,0.46520889,0.48167619,0.48533341,0.47149128,0.47410965,0.4715395,0.46194535,0.47197843,-0.83319968,0.24065074,0.3267678,0.38945478,1.3085102,1.6582892,1.25449,0.67691481,0.78018498,1.5922682,1.3682319,1.1530938,0.22635427,-0.21620114,-0.24801829,-0.29249606,0.59162301,0.32764784,0.31083739,0.25879353,-0.49957052,0.027919834,-0.51960647,0.29994366,-0.88679576,-0.055118397,-0.16915488,1.0041203,0.29465821,1.1746619,-0.18893689,0.1909112,-1.1836604,-0.2670587,-0.064821869,0.94350851,-1.1929642,0.52281141,-0.012931392,-0.94246048,0.20231718,-0.72805679,-0.70723999,0.39398497,0.79183495,0.66663527,-0.041062899,-1.607269,0.55898851,0.098251268,-0.93232656,0.43461585,0.029735606,0.12306585,0.6347723,-0.074668244,0.44425914,-0.24628031,0.021155797,0.47330236,-1.0365915,-1.1591182,0.00798706,0.66812426,-0.40532297,0.14737964,0.52730614,-0.14516538,-0.10603245,-0.30408168,0.48035428,0.77380753,-0.19003867,-0.16526712,-0.39395595,-0.044779852,0.51398593,-0.88036728,0.24094577,-1.1891229,-0.35091901,-1.679491,-0.95294791,-0.004556606,-0.19081764,0.32561058,-0.47961035,0.20539677,-0.11943887,0.076109618,-0.69886041,-0.6437856,0.17543674,-1.1510842,-0.25327671,-0.06714949,-0.098414198,0.12835626,-0.32958502,-1.4483911,0.51332331,0.39979908,0.82338756,-0.39711776,0.56578434,0.30431065,0.12531383,0.007055163,-0.36337814,0.24361524,-0.76676154,-0.25502563,0.32164726,-0.16411445,-0.73916179,0.000545345,-0.54202855,-0.59950614,0.16620669,-0.25817698,0.007613348,-0.75743693,0.78717065,0.6000846,0.16581117,-0.16002682,-1.6940271,0.29688585,-0.010035984,-0.16763967,-0.12506381,-0.60540265,-0.003642414,-0.15986355,-0.72369146,0.81649882,-0.7446174,0.10156579,0.43622512,-1.3510158,-0.18250787,0.51020503,-0.082209066,-0.27728695,-0.77743638,0.5824734,0.46640006,0.46944112,1.1863302,-0.70394659,-0.25813738,0.043348528,0.092607029,0.30280966,0.19670498,0.20539424,-0.11501817,-1.241963,-1.6023227,-0.87082541,0.23075655,0.44833875,0.33267343,-0.51502734,-0.38146612,0.27509886,0.877101,0.055478938,-0.029437251,-0.42542583,-0.15634435,0.98073107,0.13393262,0.25167143,1.8973851,-0.13315552,-2.2466185,-0.11299374,0.45864436,0.086937428,0.017502159,-0.51060504,0.023417331,-1.3768876,0.16510361,-1.3150511,-0.075562149,0.22006276,-0.81012642,0.038865119,-0.055714369,0.25605673,-0.16679019,-0.42351249,-2.4332523,0.31631422,-0.47718993,-0.065521061,-0.009033591,0.23192972,0.32488424,0.083246246,-0.15007901,0.24452692,-1.3455102,-0.75643247,-0.11471282,0.30821145,-0.46995738,0.067896821,0.20933713,0.45968497,0.12935051,0.57877898,0.32079631,0.75757641,-0.97516394,-0.27464384,0.39898509,-0.29732668,0.29836944,-0.10450854,-0.087141782,-1.1351914,-0.48415694,0.11007993,-0.36238027,0.42568281,1.0435804,0.3771815,-0.47982693,0.17435335,-0.41776407,0.58229828,0.60855252,-0.35719424,0.088870421,1.4229327,0.12749106,0.2326282,-1.204509,-0.14235227,-1.8978909,0.68334424,-0.82257974,-0.29853556,-0.27329677,-1.2807207,-0.38092875,0.27604845,0.06453684,0.42545718,0.50948614,0.18985164,-1.7107953,0.7957738,0.064470351,0.88508177,0.082899779,-0.80015492,-0.06347055,-0.94521433,0.60156637,0.30689645,-0.99881768,0.5561887,-1.7034354,-1.7794538,-1.1863064,-0.52137905,0.84381676,0.47059414,0.2145672,-0.61694103,0.61810565,-1.1783549,-0.25892878,0.26815832,-0.88401157,-0.082856812,0.011453598,0.21161777,0.14691514,0.54411191,0.10796618,0.37512448,0.043114923,-0.074826658,-0.032654516,-0.045951515,-0.87247783,0.38136294,1.1349519,-0.34947443,0.49480212,0.49435604,0.4128505,-0.8077935,0.50560641,0.13867104,-0.75846535,-0.34210885,0.04410971,0.026240304,0.055139989,0.68316627,-0.26840934,-0.647147,-0.40777904,-0.002187386,0.72449225,-0.12640962,0.32190588,-0.11282739,0.1819723,1.0376207,-0.99369907,0.11574896,0.24140283,-0.61379385,0.15632494,-0.44682547,-1.0951567,-1.7282587,-0.58258456,0.52978981,0.28358406,-0.28273314,0.69174194,0.39547241,0.8470276,0.22625709,-0.23496711,-0.096089661,0.19955286,0.10081453,-0.12005468,-0.49585912,0.17168605,0.19465557,1.4754021,-1.599834,-0.15541427,1.7446882,1.6721842,0.33699584,-1.2224425,-0.034952447,-0.11565672,0.009731636,0.057078265,0.11287203,0.63264292,0.58667409,0.42948967,0.11993434,0.2053843,0.62944967,0.76873899,0.97380203,-0.48984796,0.43632406,0.28551933,0.15161417,-0.29988301,-0.16101709,-1.6271296,0.27926412,0.059901014,-0.35043803,-0.11992556,0.37932974,0.28105882,-0.59039992,0.14874355,-0.23576641,-0.096374631,-0.047032073,0.48126566,1.1246458,0.2473236,-0.001349681,0.63934147,-0.1295855,0.060785122,-0.9233731,0.17048386,-0.85031039,0.19258963,0.51960665,-0.86919707,-0.24250767,0.31697077,0.36056402,-0.36658388,-1.0715685,0.56308055,-0.54685771,0.53407133,-1.3485973,0.43929765,-0.3232407,-0.68287969,-0.56366658,1.0312274,0.61173397,-1.7341967,-1.2930794,-0.23442388,0.00858618,0.18685484,0.049008798,-0.01778614,0.27404112,0.18916489,-0.18538441,0.4396041,0.40195164,0.37803066,0.047021538,-0.77087468,0.21423061,-1.4740949,-0.039060391,0.31640613,0.071603596,0.18884607,0.90072525,1.9257257,-0.3211799,-0.83502436,-0.22992125,-0.081634283,-1.6610081,0.45455611,0.56412411,0.36654437,-0.78120792,-1.2110186,0.20831563,-0.56432045,0.93170136,0.024321739,-0.082890347,-0.22730774,0.10241412,0.23497485,0.26094645,0.0725457,-0.060532309,-0.25852656,-2.042362,-0.65027833,-0.74097627,0.031695545,-0.76304013,0.10129493,-0.20670564,-0.19938615,0.072511137,0
0.51647317,0.29975316,0.26804814,0.49656844,0.49050164,0.5136888,0.49972248,0.48695749,0.50028551,0.49956119,0.49541786,0.49528116,0.48899037,0.47258481,0.50059944,0.48611107,0.49252349,0.51596045,0.5014528,0.48438388,0.47015339,0.48537284,0.48475495,0.47753817,0.48419929,0.4675532,0.49125543,0.48314381,0.48121482,0.47687316,0.47700945,0.4719539,0.46484372,0.47477722,0.48101506,0.45304346,0.45899272,0.46771735,0.45883581,0.4601528,-0.77265322,0.25475904,0.37317777,0.42523968,1.3316084,1.6917264,1.3090438,0.71220893,0.82756788,1.6311116,1.4021384,1.1993735,0.3244743,-0.19524153,-0.13013527,-0.28814867,0.57203609,0.34501219,0.31748709,0.27712345,-0.92324609,-0.00310153,-0.46764287,0.38021272,-0.75581795,-0.10150432,-0.20125982,0.54700071,0.30446929,1.2987291,-0.19794579,0.21088108,-1.0571866,-0.17746063,-0.038974065,0.84316152,-0.94260198,0.57480931,0.28880164,-0.83323705,-0.12302174,-1.1397455,-0.50257075,0.32131791,0.80466563,0.64872497,-0.003617455,-1.4476192,0.54420054,0.11863677,-0.97319132,0.56289285,0.068750933,0.027387388,0.52036041,-0.12429133,0.27208999,-0.3454679,0.064753897,0.51552349,-0.53506583,-1.0496973,0.050457127,0.43997708,-0.2941626,0.18930833,-0.11416547,-0.17124645,-0.076700948,-0.28339669,0.36248356,0.75125813,-0.16502178,-0.25774848,-0.49987715,0.19606389,0.42938411,-0.94341069,0.35406184,-1.062739,-0.32964265,-1.6017168,-0.91148973,-0.005144673,-0.51141876,0.23276855,-0.39981344,0.12140987,-0.088783056,-0.14925934,-0.62980354,-0.44031835,-0.21646675,-0.99352169,-0.10375187,-0.10752993,0.21022168,0.13114285,-0.46988603,-1.4937985,0.33980343,0.41098285,0.67127484,-0.080118738,0.46890199,0.32936651,0.08284308,-0.4211683,-0.28909403,0.31529319,-0.26536402,-0.20805052,0.35564765,-0.19186193,-0.72435564,-0.041094527,-0.58439463,-0.47449756,0.22458452,-0.24201636,0.048319459,-0.52447331,0.72341406,0.55209941,0.12108375,-0.11925989,-1.646659,0.66739631,-0.013991803,-0.20435598,-0.057699945,-0.52108431,-0.007180324,-0.079888426,-0.64936441,0.8957994,-0.52214587,0.13274004,0.4384383,-1.748342,-0.050918497,0.34537947,-0.11712799,-0.37384105,-0.81977153,0.49918506,0.23555429,0.29494548,0.60159749,-0.60993379,-0.26087439,0.049750146,-0.006895007,0.19906269,0.28171915,0.1841103,-0.059679586,-1.1491457,-1.4745685,-0.6299063,0.23943932,0.75369304,0.14805321,-0.36801127,-0.23685943,0.14067909,1.1504545,0.002502509,0.073823914,-0.33056855,-0.26792818,1.036417,0.098903522,0.24353896,0.68982387,-0.076866791,-2.1774759,-0.091692492,0.35361838,0.014634607,-0.020470347,-0.70582479,0.10067373,-1.4004824,0.2844075,-1.1644758,0.39452022,0.013290189,-0.75095582,-0.021516159,0.22984986,0.43247205,-0.18624695,-0.34362298,-2.4107158,0.32343146,-0.42054871,-0.040361959,-0.17831457,0.2114585,0.48326322,0.15683302,-0.20383498,0.6523847,-1.3168113,-0.69606173,-0.30558687,0.34361014,-0.40342459,0.058123581,0.17277244,0.4422442,0.089730799,0.5026468,0.39229336,0.75399846,-0.7752406,-0.2486154,0.44474673,-0.038304977,0.21595518,0.034778252,-0.22671813,-1.0422901,-0.42835671,0.10053418,-0.25915676,0.44136125,1.0375654,0.35762289,-0.38742104,0.22392932,-0.33779615,0.49157315,0.43268442,-0.35475978,0.091882952,1.5191427,0.18114889,0.20495671,-0.93904108,-0.15959285,-1.769384,1.0409186,-1.2573615,-0.28135192,-0.2002866,-1.3778865,-0.008918703,0.14959478,-0.064614892,0.64121222,0.56141758,0.30358693,-1.653613,0.76716638,0.16139477,1.0336818,-0.014543798,-0.9645611,-0.10944636,-0.74216092,0.51936424,0.044634297,-0.81339961,0.34744769,-1.6545026,-1.6000763,-1.2114027,-0.30547172,0.31833559,0.15147993,0.22718422,-0.84110248,0.67416745,-1.1195589,-0.20705152,0.2032471,-1.0794137,0.021647725,0.036691219,0.47655082,-0.037820324,0.29755989,0.005367629,0.54657739,0.063270256,0.67519307,-0.006547816,-0.11767846,-0.6672895,0.39044544,1.0099849,-0.54288262,0.47818834,0.47090453,0.62588221,-0.62395263,0.58017266,0.40819609,-0.87234306,-0.52360857,0.093881741,0.14583895,0.2235551,0.71112674,-0.33763483,-0.4847942,-0.43706474,0.009245481,0.54623389,-0.19261131,-0.013090894,-0.26904419,0.18292148,0.96022391,-1.0316107,0.14217998,0.27430034,-0.52222979,-0.051184185,-0.32685137,-1.2501352,-1.7943215,-0.22145872,0.54926479,0.17104064,-0.30464974,0.79342377,0.22436053,0.49267381,0.24541764,-0.2352877,-0.39753461,0.18858835,0.11475357,-0.15556878,-0.67204922,0.20077151,0.20023534,1.154511,-1.4964856,-0.059207615,1.5410202,1.4020772,0.38645747,-1.199374,-0.27050206,-0.42907837,-0.14833009,0.06104701,0.38047409,0.75022179,0.77414906,0.39371452,0.13660558,0.19322409,0.68270719,0.66927385,0.80683279,-0.75314212,0.29863724,0.23072034,0.12560079,-0.30566105,-0.099998102,-1.5513424,0.30941451,0.018491508,-0.30185905,-0.1383757,0.15536138,0.14994517,-0.69793195,0.30481055,-0.20449129,-0.006944116,-0.15821666,0.50286174,0.96301502,0.28501755,0.015730333,0.5664385,-0.17509383,-0.14985928,-0.9702813,0.21995291,-0.59005362,0.13576728,0.70602405,-0.79037142,-0.35754451,0.42423788,0.47133908,-0.56396562,-0.9326756,0.52878457,-0.55203801,0.004922463,-1.2777739,0.28705859,-0.10151067,-0.45935449,-0.49910179,0.93201548,0.4261122,-1.6974627,-1.0979608,-0.31803843,-2.69E-05,0.21476957,-0.001613103,0.007184938,0.46151859,0.2325744,-0.18106529,0.25120664,0.260535,0.43136635,-0.06500835,0.018791266,0.195648,-1.354496,0.30929887,0.34990048,0.050696284,0.18282752,0.642663,0.81303704,-0.33277228,-0.75258631,-0.3553156,0.051870987,-1.6355236,0.2784315,0.3108505,0.39012104,-0.6385299,-1.1387566,0.20201123,-0.55130756,0.13581167,0.064035274,-0.020363968,0.33831292,0.17023551,0.31920004,0.40546578,0.013702398,-0.1444644,-0.31224668,-1.9951546,-0.67693907,-0.88311714,0.048729163,-0.85519087,-0.025903597,-0.082770035,-0.26748931,0.049546987,0
0.51694208,0.28922448,0.25349456,0.48509157,0.49394053,0.51078057,0.4983142,0.47745359,0.49957359,0.49498188,0.49143633,0.4845697,0.4806734,0.46691895,0.47786188,0.47846305,0.47593129,0.52073115,0.49196774,0.46689314,0.47021145,0.47703505,0.47687814,0.47125289,0.48809588,0.46165639,0.46390915,0.47223887,0.48361009,0.47017947,0.47666401,0.46324462,0.45799214,0.45904851,0.47632071,0.4442299,0.45221338,0.47410318,0.45195013,0.45425993,-0.79592627,0.22778241,0.33398956,0.39512828,1.3004099,1.6828364,1.2669209,0.6796993,0.80142105,1.6090236,1.3798397,1.1661496,0.36548185,-0.20190369,-0.25763988,-0.40673494,0.63374346,0.33788753,0.3228676,0.29278433,-0.73379391,0.003549795,-0.55380142,0.36117056,-0.72474802,-0.059198689,-0.20448287,0.59365427,0.22080772,1.3330563,-0.18185249,0.19487831,-1.0912975,-0.22163177,-0.006787822,0.88073552,-0.99472028,0.56193233,0.34275401,-0.88312745,-0.13845333,-1.1702547,-0.54971582,0.23870006,0.85362601,0.7023195,0.011139475,-1.5631741,0.56294382,0.14877161,-0.98240781,0.58715242,0.038072061,0.068943292,0.64847958,-0.049829293,0.33828419,-0.30780059,0.028728347,0.56945294,-0.53831261,-0.99783599,0.042771328,0.47193584,-0.26238254,0.2201865,0.057232961,-0.1270466,-0.15417267,-0.29724869,0.44535819,0.66349125,-0.16460022,-0.41035613,-0.45181665,-0.13748774,0.39634898,-0.89762819,0.39164668,-1.1763656,-0.34996331,-1.6896882,-0.86598778,0.037874967,-0.57859606,0.35964149,-0.38396543,0.05798576,-0.071605742,-0.11756317,-0.67960632,-0.42750242,-0.41281244,-1.049027,-0.1737297,0.1484196,0.21429154,0.24313128,-0.39255413,-1.4908831,-0.037947834,0.41052231,0.73203135,-0.13315275,0.52525884,0.36094329,0.048665524,-0.6020816,-0.2932305,0.27733201,-0.29207647,-0.086416602,0.34704679,-0.15662083,-0.68036878,0.071616776,-0.60016549,-0.30465576,0.22376356,-0.24139744,0.052206505,-0.62552601,0.60766017,0.5048573,0.22389339,-0.063502878,-1.5306081,0.60528743,-0.017364491,-0.17896546,-0.057689887,-0.52624124,0.10203724,-0.15335642,-0.67560482,0.88336647,-0.6444028,0.15628502,0.42989555,-1.5608627,-0.029608905,0.28859687,-0.13314459,-0.42407036,-0.80588382,0.53365642,0.13562423,0.52905655,0.69000334,-0.70992881,-0.26847902,0.077719495,0.032831177,0.13864982,0.12248866,0.19505726,-0.043566063,-1.1150178,-1.538491,-0.62995231,0.24125329,0.70714277,0.14264277,-0.35063282,-0.23277652,0.10883187,1.0896511,-0.15825103,0.045988712,-0.29675275,-0.23031284,0.9533183,0.11961954,0.22809131,0.62752283,-0.031392273,-1.9848548,-0.099335857,0.34828794,0.035574622,-0.18149209,-0.67510378,0.052261937,-1.35315,0.21334113,-1.036388,0.45618472,0.18244834,-0.85688192,0.11366434,0.1456311,0.43805173,-0.18648674,-0.46168986,-2.3269842,0.27568099,-0.44170016,-0.007591106,-0.061782926,0.21723939,0.50512266,0.19450235,-0.22656536,0.5082401,-1.2851683,-0.52040237,-0.26269928,0.34156743,-0.36798674,0.056047648,0.17516279,0.45055225,0.045424502,0.57040292,0.49934357,0.72959906,-0.77313471,-0.28412339,0.60240191,-0.033515491,0.21377483,0.054004505,-0.34404683,-1.2053072,-0.4731763,0.11044743,-0.24901867,0.47449547,0.95879817,0.39434734,-0.43643123,0.17338212,-0.36956567,0.48569831,0.48463696,-0.3412182,0.068552449,1.516224,0.13809028,0.14970213,-0.84183854,-0.17587574,-1.8058366,1.0163002,-1.1960527,-0.20684367,-0.1953733,-1.5130851,-0.097134858,0.093493886,0.083569303,0.69182676,0.52012748,0.21630982,-1.6480745,0.73415369,0.1693114,1.0421872,-0.039618652,-1.1784624,-0.12122717,-0.7731148,0.52451974,0.093073577,-0.90478206,0.3572852,-1.5511458,-1.5703188,-1.2004807,-0.33958805,0.323856,0.10613188,0.21127963,-0.78603703,0.64820695,-1.0572336,-0.20168301,0.28927326,-1.1408012,0.066221558,0.019432575,0.46409497,-0.065745033,0.33876988,0.026353538,0.38002312,0.065170333,0.61296743,-0.048359849,-0.14754477,-0.85861373,0.40205312,1.0461222,-0.58390236,0.55154449,0.63202959,0.65942746,-0.59468639,0.65382785,0.3179183,-0.85708678,-0.68212366,0.074280411,0.093861401,0.20231238,0.70642936,-0.35612461,-0.47972664,-0.42807665,0.007161468,0.62505203,-0.27379441,0.099008396,-0.30197689,0.10989384,1.0165181,-1.0032657,0.15664551,0.2953876,-0.52803493,-0.057083204,-0.064171791,-1.247233,-1.7820352,-0.11331191,0.53155524,0.092100054,-0.26498675,0.85409755,0.059790745,0.53565037,0.25788862,-0.17338,-0.42941025,0.20112033,0.058185618,-0.093117945,-0.69429266,0.22253957,0.13589594,1.1525385,-1.515168,-0.051024992,1.4089755,1.5355961,0.41653764,-1.2059579,-0.28272575,-0.33059019,-0.19089288,0.013809052,0.35468692,0.75447148,0.51866722,0.38930473,0.061265916,0.2045954,0.65816295,0.7060464,0.75873077,-0.78662431,0.42256722,0.18825784,0.17261097,-0.33408692,-0.19104029,-1.572063,0.31574515,0.030194998,-0.29571325,-0.17238332,0.31022024,0.15093902,-0.69490737,0.29787084,-0.22320729,0.030079907,-0.06994158,0.51141447,0.97072023,0.2041807,0.059789725,0.54031831,-0.12831265,-0.039316967,-0.94850224,0.21793643,-0.63438934,0.15953928,0.68108761,-0.76573586,-0.26982361,0.42907208,0.53297281,-0.52692211,-0.9625321,0.53402841,-0.50950855,-0.025774119,-1.3997852,0.34339345,-0.23618054,-0.5677619,-0.48572582,0.9141981,0.4825913,-1.7152408,-1.13462,-0.33089381,0.024487138,0.23671629,-0.11211047,0.024042707,0.42501464,0.21168517,-0.14217432,0.26380673,0.28741375,0.40582085,0.000152886,-0.19950396,0.19611253,-1.4501984,0.064216763,0.41091314,0.073723599,0.19221178,0.62548119,0.80551451,-0.28800631,-0.7381255,-0.36437699,0.011164621,-1.5634856,0.2652131,0.43863982,0.37646279,-0.58607095,-1.1983519,0.2704213,-0.5523082,0.039778024,-0.044361979,-0.038889725,0.54779434,0.086846463,0.34851491,0.37830403,0.051553972,-0.083208866,-0.33586019,-2.0037341,-0.68250161,-0.84826094,-0.047916569,-0.8171497,0.19794247,-0.090922058,-0.25833914,0.12700462,0
0.48489445,0.26701069,0.23335899,0.45483637,0.48045415,0.48348874,0.44932055,0.43186188,0.45034775,0.47960675,0.44642711,0.43624529,0.43221724,0.42102143,0.45629841,0.43114758,0.42126787,0.47266045,0.46537209,0.42532718,0.42366379,0.44464898,0.44529501,0.43723994,0.44861305,0.42615539,0.45603058,0.43711066,0.4394154,0.44471699,0.43167439,0.43424195,0.43311805,0.428334,0.44519395,0.40032512,0.40303546,0.4396897,0.40520573,0.42436808,-0.80866581,0.21347518,0.43127769,0.50568509,1.3753024,1.6080115,1.3786139,0.7923705,0.91257524,1.7046181,1.4569581,1.2661715,0.3814038,-0.20126313,-0.23443539,-0.24908656,0.61983615,0.35688835,0.2976025,0.32473013,-0.68238163,-0.040634975,-0.55393171,0.32780504,-0.75210488,-0.074645773,-0.20447575,0.52314496,0.023726761,1.3202698,-0.17171805,0.23564672,-1.1258152,-0.22858682,-0.042677235,0.83394206,-0.95671368,0.72173518,0.23093973,-0.85421199,-0.15689702,-1.2741843,-0.53038824,0.31764397,0.85487199,0.59599668,-0.000771334,-1.5307928,0.50495595,0.14844123,-1.0410907,0.57217968,0.042449582,0.128562,0.63417286,-0.065992862,0.38620174,-0.22462966,0.12207531,0.55247378,-0.54315192,-1.0380036,0.035075359,0.46877992,-0.29570973,0.20835297,-0.015951263,-0.17068149,-0.17682372,-0.23596168,0.39388141,0.55997354,-0.13136297,-0.35738677,-0.37866852,0.04197152,0.40110958,-0.87338299,0.3598612,-1.0959675,-0.33246648,-1.6736733,-0.88376909,0.006142557,-0.6117475,0.36719432,-0.34277821,0.085657053,-0.041283026,-0.018953599,-0.62881017,-0.53214121,-0.35791135,-0.99803162,-0.1466132,0.049143672,0.11609602,0.28035006,-0.36747974,-1.4982753,0.10096514,0.41254765,0.7271654,-0.13996026,0.49023113,0.32020032,0.00276152,-0.51224011,-0.34672958,0.29477257,-0.47579953,-0.096010059,0.44366717,-0.23289303,-0.72302639,0.058413863,-0.56828147,-0.34452492,0.19932573,-0.26491994,0.11437933,-0.69655895,0.73894364,0.47385791,0.21555337,-0.10834,-1.5153301,0.6524688,0.024015687,-0.17525704,-0.10309283,-0.52745593,0.022974884,-0.10841115,-0.70339406,0.84471625,-0.64714199,0.096711069,0.40773019,-1.4317033,-0.098519072,0.22351816,-0.13022648,-0.34847301,-0.74024206,0.56086022,0.072975516,0.20476937,0.8041153,-0.67376322,-0.25700596,0.068205029,0.12964754,0.15929344,0.32611161,0.083607256,-0.076086156,-1.1916114,-1.5286305,-0.6875518,0.23919748,0.93134075,0.19611791,-0.33146861,-0.30058777,0.020661153,0.86080647,-0.16993977,0.070723601,-0.20377685,-0.19375309,0.91456389,0.16175,0.27591833,0.60809815,-0.12236103,-1.8192959,-0.14363742,0.45038223,0.044962786,-0.081888482,-0.6959334,0.033871632,-1.2664748,0.26324448,-0.96669185,0.17128302,0.0731989,-0.84213609,0.15614688,0.2531471,0.30022088,-0.19076052,-0.47139955,-2.3194323,0.29094794,-0.49744788,-0.001096897,-0.075464398,0.060233355,0.45145816,0.14209616,-0.21893683,0.39391235,-1.2893233,-0.55913937,-0.29763013,0.31499937,-0.38529497,0.088915184,0.22976328,0.46866196,0.02749978,0.53530318,0.40864679,0.64480865,-0.7216239,-0.23975767,0.52916801,-0.14659312,0.16946739,0.004928157,-0.32083219,-1.1538923,-0.51108807,0.14932573,-0.26437411,0.49164307,0.98040128,0.34039202,-0.4165718,0.24226257,-0.28956431,0.55865628,0.34382081,-0.48618674,0.084595673,1.521277,0.057784311,0.23096158,-0.80393082,-0.15364398,-1.7576413,0.94199657,-1.1930493,-0.15116258,-0.14802977,-1.418692,-0.073309913,0.018096015,0.017109819,0.34439105,0.43773532,0.28630131,-1.6624656,0.62658429,0.13756832,1.005066,-0.073983081,-1.0815524,-0.12539926,-0.74891037,0.51166189,0.16101389,-0.84735388,0.31237862,-1.532308,-1.6174616,-1.1674368,-0.38542557,0.32321465,0.33071312,0.24197957,-0.74412274,0.77335393,-1.0436321,-0.24765953,0.20036203,-1.0694288,-0.002255656,0.035910167,0.33864617,0.022499707,0.31852168,-0.035915233,0.41738546,0.037206218,0.34458253,0.05882214,-0.10035408,-0.51171947,0.44958627,1.0407375,-0.485383,0.51296365,0.55248058,0.63333011,-0.67134899,0.6579181,0.40945071,-0.78431392,-0.6172924,0.1283239,0.074324369,0.18545018,0.71368444,-0.33732891,-0.49345317,-0.44211939,0.019437503,0.52335727,-0.19876009,0.083114371,-0.35205323,0.2135464,0.94904816,-0.87640166,0.16078116,0.3255567,-0.50851983,-0.05469811,-0.15129811,-1.168298,-1.6846844,-0.16669616,0.59500778,0.063309081,-0.28102395,0.7237047,0.032697111,0.49802473,0.29379782,-0.19278209,-0.39474484,0.23434743,-0.015772358,-0.15383135,-0.73401594,0.26397988,0.3026877,1.2501626,-1.4517493,-0.074398905,1.3315259,1.4036572,0.45143381,-1.2488518,-0.31747901,-0.36931923,-0.2597023,0.040977158,0.36208111,0.73579073,0.77485377,0.38960218,0.063138366,0.22640136,0.67633301,0.66019446,0.83190775,-0.84293365,0.34077466,0.1801042,0.16756579,-0.29764467,-0.20628321,-1.5799983,0.34406403,0.072010718,-0.29354671,-0.099182442,0.18507381,0.14534025,-0.54553592,0.22230884,-0.23484412,0.11744422,-0.043821841,0.38828254,0.94976413,0.087496892,0.038040701,0.57495266,-0.14915708,-0.073478326,-0.95256317,0.20341732,-0.67979223,0.12713958,0.7095291,-0.75556326,-0.24431026,0.38824123,0.44841546,-0.47338459,-0.87528539,0.5221355,-0.44142628,0.002205785,-1.3130863,0.24506307,-0.18864988,-0.61719877,-0.37487647,0.84880549,0.48365566,-1.7731519,-1.0511091,-0.3377443,0.045435179,0.22511014,-0.075436562,-0.007833039,0.36205167,0.2616677,-0.15664729,0.2500419,0.28890339,0.31291029,-0.006044671,-0.28859106,0.13019647,-1.3992634,-0.003524751,0.31971315,0.087299287,0.19807392,0.58562571,0.77635121,-0.30935618,-0.74650204,-0.34680822,0.068187691,-1.5355507,0.30813986,0.43671709,0.3956393,-0.58375692,-1.0676755,0.30339485,-0.46760061,-0.04521215,-0.026268922,-0.069635138,0.20720154,0.19048235,0.32452866,0.34320143,0.074019775,-0.13226789,-0.31843582,-2.0028548,-0.53195113,-0.78738344,0.045241293,-0.75858623,0.10055717,-0.096830465,-0.28312209,0.024300521,0
0.5698452,0.33162376,0.30626175,0.54707575,0.53499132,0.55626237,0.53400171,0.53111613,0.54553866,0.54559892,0.53339887,0.53164095,0.53464723,0.51592088,0.53611851,0.52450925,0.53485435,0.56662178,0.5402236,0.52515316,0.51238906,0.52889085,0.51593792,0.54108763,0.52778637,0.50633067,0.50769228,0.50517392,0.53033561,0.52057493,0.51164269,0.51190293,0.50951809,0.50890136,0.51542103,0.49573302,0.49843198,0.50348073,0.49057236,0.50123274,-0.7951268,0.27994663,0.3859579,0.38920063,1.2966533,1.7042403,1.3157085,0.70355916,0.83694577,1.6209311,1.392365,1.1960092,0.38057828,-0.19462478,-0.18355483,-0.2584188,0.67658746,0.36604604,0.35465312,0.30435655,-0.93099463,0.050925318,-0.50974298,0.36988646,-0.74451828,-0.12752344,-0.19234918,0.5376752,0.27181512,1.317773,-0.19174841,0.21684442,-1.0789757,-0.21614161,0.062289353,0.92891681,-0.97893852,0.62969154,0.24222021,-0.83265924,-0.1222677,-1.0058376,-0.50072545,0.38102871,0.97567844,0.70634681,-0.016450139,-1.4611454,0.55119097,0.16697177,-0.92802668,0.52832687,0.053006813,0.083549485,0.59881312,-0.06880752,0.41024411,-0.32262155,0.049787525,0.5547272,-0.68789923,-0.9944886,0.097807348,0.40372637,-0.29886961,0.22265503,0.056814596,-0.14383388,-0.097152054,-0.25349602,0.44892856,0.71943974,-0.16459423,-0.4608373,-0.48517644,-0.1082705,0.4384819,-0.88878667,0.34610754,-1.1441588,-0.35179821,-1.6440932,-0.8470118,-0.004829878,-0.47387043,0.27581793,-0.37945256,0.032402076,-0.063344419,-0.10400362,-0.70118296,-0.5992316,-0.012044221,-0.94057012,-0.12225123,-0.075209543,0.14484456,0.27435976,-0.41073608,-1.4320036,0.35744137,0.43235916,0.69637841,-0.15548956,0.53602546,0.29860729,0.059748188,-0.38047007,-0.21333021,0.27123892,-0.66288829,-0.049078658,0.41582924,-0.12850767,-0.68476582,-0.043983765,-0.57448167,-0.49069205,0.17086229,-0.15867278,0.062646434,-0.68220282,0.73862231,0.59892577,0.19155368,-0.16471003,-1.5491321,0.54443628,-0.01912412,-0.17458653,-0.036115602,-0.49685711,0.058220185,-0.11213607,-0.59431773,0.87106264,-0.44420153,0.18038134,0.45678493,-1.4213626,-0.093665324,0.29368284,-0.09999308,-0.42500272,-0.81636757,0.47430012,0.14447291,0.22223434,0.78882164,-0.63721478,-0.32524651,0.067840576,-0.033076286,0.13560361,0.34209549,0.12755969,-0.12854923,-1.066808,-1.4324237,-0.68933851,0.26921278,0.54655403,0.11034237,-0.38302863,-0.32368979,0.10017937,0.99597001,-0.061527118,0.042121451,-0.30756569,-0.25294942,0.87973809,0.15546903,0.27219006,0.82974172,-0.04307425,-1.9267484,-0.074121483,0.50956666,0.031317115,-0.15525091,-0.6396417,0.093532175,-1.3517952,0.24243924,-1.1455575,0.25253594,0.14093882,-0.74687624,0.064336762,0.25931942,0.20470393,-0.1965892,-0.21771753,-2.3180118,0.26299593,-0.42457998,0.007122673,-0.090525351,0.04863739,0.35469902,0.11224618,-0.22407117,0.49737179,-1.3902131,-0.6450932,-0.32220185,0.43467292,-0.35007101,0.072940968,0.26721227,0.50578004,0.022735503,0.54168195,0.39540133,0.76551914,-0.77246821,-0.23331556,0.54910785,0.005845444,0.20503351,0.063903831,-0.27856204,-1.0637084,-0.43880132,0.10778268,-0.30356175,0.5320273,1.0327187,0.36473587,-0.3913559,0.22546285,-0.29807469,0.37806219,0.45639044,-0.33926681,0.12942277,1.4052217,0.13624009,0.15901498,-0.89354312,-0.1595028,-1.8144976,0.90890408,-1.1916281,-0.34241611,-0.10926046,-1.2693132,-0.12108448,0.085802391,0.016651541,0.57069236,0.39840806,0.092269152,-1.545002,0.66246712,0.043822598,1.0111678,-0.018293437,-1.0105124,-0.14939676,-0.75787705,0.50348967,0.056232005,-0.87053984,0.27818578,-1.6419543,-1.5896127,-1.1953319,-0.29162395,0.37608805,0.46791214,0.23123777,-0.76055235,0.70736855,-1.2567869,-0.24464452,0.28189439,-1.0690855,-0.064332418,0.066563264,0.37608951,0.14250457,0.34691736,0.097545207,0.34473366,0.093322434,0.3215006,-0.019499864,-0.1325168,-0.81981528,0.41852954,1.0873487,-0.46980155,0.49396482,0.54769629,0.54975909,-0.58123118,0.51358199,0.32610843,-0.89972943,-0.53240442,0.1025584,0.1059739,0.16075772,0.74948537,-0.34439969,-0.49067116,-0.48286065,0.089772373,0.53047484,-0.18479991,0.04441639,-0.27201352,0.16953382,1.0930195,-1.0483731,0.16736026,0.32406697,-0.58170319,-0.011166893,-0.063235655,-1.1969837,-1.7173897,-0.26057458,0.55324286,0.13781983,-0.32417929,0.77195692,0.20291109,0.50350249,0.25534606,-0.16498202,-0.36785936,0.23002876,0.081025869,-0.1329837,-0.62757343,0.20350739,0.18899858,1.1678528,-1.5135339,-0.073088996,1.3113817,1.5465182,0.340022,-1.0790062,-0.26456606,-0.37852037,-0.14704782,0.090569854,0.32731029,0.64593971,0.69716132,0.41350925,0.14271314,0.2380366,0.74238312,0.64948785,0.95277065,-0.69805539,0.38164204,0.23397587,0.1619491,-0.29306903,-0.16420531,-1.4681369,0.3280904,0.056368917,-0.32140049,-0.15061209,0.3952716,0.14641869,-0.71066433,0.21537411,-0.17825559,0.055235218,-0.084913842,0.55596608,0.93006456,0.25978115,0.006431809,0.49116462,-0.085215203,-0.072548009,-0.96464819,0.19817497,-0.59977269,0.066960782,0.6560849,-0.91286922,-0.26972049,0.3517839,0.47118372,-0.57689816,-1.0029749,0.55184346,-0.51180714,-0.057561956,-1.2826331,0.29243883,-0.16408783,-0.48185396,-0.48381051,0.87815893,0.49462858,-1.7030069,-1.0442966,-0.3019641,0.039882138,0.22679703,-0.079522312,0.015267322,0.39348733,0.22091709,-0.24698788,0.27033633,0.26393986,0.40363324,-0.004535645,-0.39976192,0.2267901,-1.3879197,0.047893502,0.31816572,0.018534919,0.20754963,0.59268391,0.86462772,-0.28026244,-0.75858063,-0.32766974,0.28009498,-1.5930495,0.32658297,0.30310526,0.3820146,-0.59436035,-1.128528,0.23693481,-0.55060124,0.11578503,0.01634717,-0.057470683,0.028724253,0.13146833,0.33972442,0.30979732,0.073436931,-0.13368189,-0.27545974,-1.986341,-0.58093327,-0.86161584,0.020900637,-0.82223278,0.11026294,-0.16619754,-0.24696884,0.12469105,0
0.47711271,0.23816627,0.20910764,0.46900135,0.47310311,0.4744035,0.46500063,0.45409822,0.46217769,0.46553007,0.45008132,0.45139384,0.45008647,0.43708944,0.45697862,0.44338897,0.45446062,0.48393261,0.46065164,0.44472629,0.43238714,0.45231688,0.4403246,0.44570565,0.44087476,0.4376123,0.44467026,0.42784345,0.43735832,0.44262004,0.42924327,0.42928842,0.4195511,0.4229556,0.4332971,0.41622445,0.40942571,0.43334073,0.40611079,0.42609161,-0.84544188,0.19643335,0.4026919,0.43635303,1.3720187,1.7256998,1.3445274,0.7446956,0.87312198,1.6882317,1.4569426,1.2515554,0.31939322,-0.19577289,-0.19877172,-0.2337943,0.5541755,0.29447213,0.31451759,0.27999514,-0.662992,-0.023617398,-0.59742135,0.38268313,-0.58001947,-0.099839449,-0.2504555,0.5664463,0.22381352,1.3573723,-0.17646655,0.19538181,-1.1480477,-0.24900225,-0.088169754,0.7912004,-0.98800248,0.51374674,0.30052766,-0.8956582,-0.1257564,-1.1810598,-0.55129427,0.24983819,0.79628098,0.71745688,-0.008454015,-1.5392685,0.6835584,0.13785775,-0.99523783,0.53655297,0.074671,0.070082337,0.66046739,-0.00244122,0.47061583,-0.38454241,0.082567677,0.54869086,-0.53956652,-1.0114014,0.039575052,0.4869777,-0.18352786,0.18025838,0.057108745,-0.14036202,-0.28017658,-0.27924207,0.37056017,0.79688495,-0.14323916,-0.30568933,-0.5744853,0.32553735,0.49083695,-1.0139308,0.38313171,-1.1185193,-0.34057105,-1.7155107,-0.92958748,-0.013603393,-0.50098294,0.29413113,-0.39940336,0.19556062,-0.10768306,-0.060803629,-0.75515223,-0.49854875,-0.013873726,-1.0436685,-0.26922148,-0.066584893,0.23050267,0.3079741,-0.46834069,-1.5966729,0.5449385,0.43138555,0.75652415,-0.12051368,0.45048609,0.33203155,0.052176911,-0.26716155,-0.30331299,0.17306948,-0.28187853,-0.09937945,0.33841684,-0.23443307,-0.73102176,-0.036550187,-0.63591486,-0.51362228,0.23573112,-0.3180683,0.022049919,-0.62283862,0.7743848,0.5647102,0.11895566,-0.092463672,-1.5880163,0.59023803,-0.14474474,-0.16265891,-0.060636126,-0.53346592,0.036497049,-0.1905812,-0.62787658,0.97285265,-0.67175025,0.10092532,0.48871595,-1.6764386,-0.13002376,0.32967579,-0.20382755,-0.45734939,-0.86085427,0.47436047,0.10368586,0.33489767,0.71633554,-0.71784049,-0.25776166,0.070620313,0.019643141,0.15659249,0.13146999,0.13758288,-0.010876715,-1.1633956,-1.5752774,-0.65778601,0.2846266,0.48615071,0.10018595,-0.35012758,-0.22943583,0.16686358,1.2617496,0.030931111,0.022808578,-0.32588762,-0.2013652,0.98027819,0.16185382,0.23697069,0.67748952,-0.035259802,-2.1141462,-0.062817991,0.38631004,0.037710354,0.033122331,-0.69332141,0.0316462,-1.3992107,0.25042787,-1.1426044,0.53842163,0.11538301,-0.80835378,0.038483649,0.10927936,0.61745733,-0.26041755,-0.20218278,-2.4430926,0.3364692,-0.37851328,-0.011885256,-0.079410858,0.19716264,0.54714829,0.14969689,-0.2181204,0.43124518,-1.4066882,-0.69089097,-0.24170604,0.72499889,-0.33986256,0.038980767,0.22350156,0.38499612,-0.047330622,0.60646999,0.40570283,0.81180829,-0.87042654,-0.28927091,0.84242439,0.037024572,0.16905184,-0.040478162,-0.26705998,-1.1417071,-0.48557648,0.13293657,-0.37952843,0.53329688,1.0977358,0.39419356,-0.42410308,0.039207473,-0.38801214,0.62643242,0.4474262,-0.29278865,0.13441667,1.4804651,0.096088752,0.289783,-0.91079873,-0.17474307,-1.8711525,1.1367916,-1.2907214,-0.27508593,-0.12574233,-1.3980744,-0.17719081,0.16644433,0.020816058,0.3327994,0.60254163,0.30235484,-1.6958447,0.86494762,-0.002593423,1.0986546,-0.022237848,-1.0590224,-0.14395873,-0.78692198,0.58540457,0.062512636,-0.8830049,0.44175377,-1.65802,-1.7282397,-1.3003753,-0.33425114,0.42928976,0.47595704,0.21432762,-0.89201611,0.64822179,-1.1567962,-0.18531966,0.27293944,-1.0997475,-0.048889533,0.038034786,0.29627389,0.053100109,0.48400477,0.023266625,0.36615181,0.066457599,0.83152068,0.09161783,-0.1756876,-0.66891646,0.35468161,0.99951631,-0.63707769,0.55115533,0.48665956,0.56654853,-0.59228879,0.67731839,0.20650664,-0.94342196,-0.56547534,0.10458323,0.15205988,0.24038565,0.77062219,-0.29013255,-0.50903499,-0.48154065,0.00098408,0.51397121,-0.17657286,0.016463242,-0.27261358,0.23064706,1.3078978,-1.0536284,0.16453186,0.27657488,-0.54039252,-0.023353986,-0.10285602,-1.2835753,-1.8504614,-0.14277279,0.49765348,0.17033406,-0.26859474,0.86524779,0.26202035,0.42704517,0.21142776,-0.24012722,-0.40849718,0.15335034,0.095432647,-0.15409292,-0.50131893,0.22558838,0.20880516,1.3123029,-1.5156648,-0.13019657,1.4024192,1.5661352,0.40176618,-1.2471265,-0.27970469,-0.45267141,-0.14336251,0.031830199,0.40170485,0.80599809,0.45796993,0.39928576,0.19588587,0.24502939,0.68345147,0.67581517,0.8336879,-0.91129947,0.37746757,0.27631584,0.078230172,-0.29395416,-0.17812365,-1.5741105,0.28713226,0.028157976,-0.34406641,-0.17581843,0.37541413,0.19810992,-0.76023096,0.27651802,-0.20014726,0.32727024,-0.12623975,0.84427577,0.99481434,0.28024366,-0.007329003,0.62873197,-0.24867374,-0.077533528,-0.99440515,0.20956929,-0.61040014,-0.049151272,0.60050392,-0.86298364,-0.29517463,0.43348825,0.47194839,-0.63264018,-1.1103976,0.57750946,-0.4936195,0.015590591,-1.5817988,0.35268199,-0.19537754,-0.44979554,-0.4480243,0.98181903,0.51893383,-1.8272272,-1.2320135,-0.31240261,0.050755113,0.24347273,-0.025287595,0.001876101,0.48448095,0.18027665,-0.15082173,0.18763043,0.31435964,0.37612161,-0.078393467,-0.06565319,0.16428855,-1.4460036,0.03781344,0.49406382,-0.001052292,0.19793434,0.70524162,0.88834572,-0.30670279,-0.71744555,-0.35567513,0.10849031,-1.7399143,0.30547291,0.27773157,0.44074163,-0.65727359,-1.2637694,0.2096692,-0.53981936,0.16219439,0.069092125,0.001262441,0.62263137,0.1964495,0.29235876,0.44292679,0.015423762,-0.18184343,-0.31430912,-2.0790441,-0.69182724,-0.92188656,0.065470532,-0.90970993,0.13271636,-0.12471959,-0.24242254,0.081643619,0
0.54155511,0.2990697,0.27328134,0.5313921,0.53034508,0.54604089,0.52336913,0.51769543,0.52785647,0.53794014,0.5220089,0.52412105,0.51595062,0.50443459,0.52512097,0.5083127,0.51400971,0.53971213,0.52584851,0.49864835,0.50047457,0.51829553,0.50806779,0.50310665,0.51386857,0.49103439,0.50824726,0.49968022,0.49880874,0.50968325,0.49415332,0.49133056,0.46802038,0.4882589,0.48735657,0.46738476,0.4775449,0.49032822,0.47275656,0.48314893,-0.78027606,0.24959594,0.26648998,0.32316732,1.2276713,1.6013596,1.1800432,0.60281098,0.72244781,1.5227914,1.3241047,1.095686,0.34240502,-0.17958724,-0.16506478,-0.29581013,0.60303235,0.33529684,0.36795789,0.26514161,-0.68509769,0.017691221,-0.47256637,0.31243786,-0.80751461,-0.10205297,-0.15086524,0.56449914,0.14776844,1.2089486,-0.19276425,0.2284717,-0.99615502,-0.085389048,-0.070707142,0.84322703,-0.95894289,0.52568275,0.19224645,-0.73743248,-0.083885536,-0.96232229,-0.46980798,0.31523576,0.87155008,0.55293095,-0.022208855,-1.3718377,0.48880547,0.16595629,-0.89498961,0.51771939,0.047335409,-0.090744883,0.65566725,0.083134785,0.26356161,-0.43520668,0.066301651,0.50180608,-0.57075948,-0.95009726,0.0951709,0.41659263,-0.35495603,0.1936644,0.1126459,-0.13022822,-0.13886666,-0.29565611,0.34841123,0.73015457,-0.11898492,-0.24656224,-0.49365357,0.052238286,0.29512975,-0.76555455,0.33133972,-1.1593562,-0.30725187,-1.5255233,-0.82449335,-0.016946275,-0.44246206,0.26593238,-0.38453051,0.074778408,-0.073636949,-0.15395969,-0.56127125,-0.48723584,-0.50252062,-0.9153859,-0.1584152,-0.13610324,0.12506482,0.11963917,-0.35707384,-1.5145553,-0.11065656,0.39476758,0.67596686,-0.089130171,0.43350106,0.21781892,0.021225691,-0.56877637,-0.20651491,0.20977807,-0.3935945,-0.053047679,0.36659053,-0.23870614,-0.68832648,-0.057509042,-0.67940193,-0.46055925,0.20205364,-0.26501146,0.068079457,-0.66761523,0.678891,0.55369002,0.08275874,-0.16562657,-1.5258567,0.6051026,-0.047346406,-0.15405773,-0.040810358,-0.51393604,0.008475091,-0.077673964,-0.64598829,0.80179036,-0.60208958,0.14214289,0.35739484,-1.5705906,-0.1778426,0.25626189,-0.13935377,-0.46912012,-0.79956627,0.45875508,0.13004357,0.34034809,0.63663101,-0.78463256,-0.17164351,0.090394795,0.093331859,0.1991307,0.36742091,0.11161733,-0.13485353,-1.0414392,-1.4366871,-0.63535655,0.28270781,0.61268419,0.1686496,-0.37214729,-0.24287379,0.12825547,1.061839,-0.000732206,0.030260218,-0.38412237,-0.2424276,0.8660627,0.12528262,0.26907647,0.66286147,-0.062248942,-1.9576471,-0.088916928,0.24326888,0.026981767,-0.045597441,-0.67467946,0.11970984,-1.3845474,0.22662276,-1.1322719,0.41640037,0.11783393,-0.69223887,0.05576634,0.15387984,0.32927641,-0.13471499,-0.66269529,-2.3406451,0.30096015,-0.33070523,-0.023046885,-0.15285702,0.1463564,0.34956634,0.17818654,-0.18121773,0.44419634,-1.3414006,-0.68598598,-0.18160897,0.44809467,-0.3969292,0.1252498,0.27399093,0.42124128,0.073174834,0.44096267,0.33731219,0.67064309,-0.69536275,-0.26376384,0.55621552,-0.010676654,0.23017016,-0.23223823,-0.2434231,-0.96173233,-0.36102563,0.075417563,-0.24002184,0.43015417,1.0163029,0.33867118,-0.3859883,0.24532011,-0.31514904,0.49706167,0.45983917,-0.40580079,0.090425245,1.3823009,0.18265815,0.20015609,-0.82293093,-0.14169557,-1.7751225,0.91461372,-1.1490343,-0.38675129,-0.11053558,-1.3135377,-0.015103787,0.15866248,0.030391164,0.3391791,0.45768103,0.09453696,-1.5627012,0.66428441,0.14808422,1.0032114,-0.066834867,-0.90117842,-0.13040558,-0.73263639,0.50572056,0.18876289,-0.76608193,0.24953803,-1.6075457,-1.5928613,-1.1389253,-0.31703717,0.35063082,0.06010896,0.24134724,-0.79244769,0.6126582,-1.1662267,-0.26654655,0.28039727,-1.0256301,-0.049815267,0.090338297,0.45451179,0.027527893,0.23363228,-0.013186887,0.31114006,0.075755417,0.50186932,0.041874051,-0.071934789,-0.75483024,0.41187382,0.88756359,-0.50176543,0.52785665,0.4789134,0.58213001,-0.61664492,0.55307949,0.30846655,-0.94622159,-0.46697736,0.10867412,0.097607017,0.17224933,0.61377889,-0.314753,-0.49018031,-0.45699042,0.011078399,0.47362003,-0.22787577,-0.015698664,-0.23525788,0.1886801,0.97970766,-0.93864584,0.17351964,0.29290405,-0.57776183,-0.065896422,-0.22981817,-1.2028905,-1.6840868,-0.27371588,0.56076688,0.11058208,-0.28953362,0.71428049,0.15259717,0.43269345,0.21106416,-0.24854209,-0.34036809,0.23230205,0.093538456,-0.10174504,-0.71449065,0.19083676,0.17192568,1.096599,-1.3725504,-0.086938478,1.4079673,1.2980947,0.33589399,-1.0404419,-0.2533735,-0.37888187,-0.13792688,0.044839256,0.23784526,0.66458756,0.78281438,0.38610145,0.13148662,0.17370646,0.65839136,0.66110641,0.82391793,-0.70837581,0.19724885,0.12887271,0.16078722,-0.34262854,-0.21533321,-1.4066446,0.32311726,0.073326297,-0.32803291,-0.15071133,0.21542828,0.18656494,-0.71746051,0.24741936,-0.14619516,-0.15603569,-0.11022323,0.3969042,0.89275521,0.25254595,0.009562904,0.50198418,-0.13121139,-0.049751252,-0.90401268,0.21080779,-0.5785926,0.18022962,0.6320402,-1.0283607,-0.2992734,0.31991655,0.34311342,-0.45586175,-1.0067868,0.51470143,-0.57936859,-0.054050602,-1.370626,0.27884758,-0.087866358,-0.29183686,-0.44888565,0.77329004,0.42733735,-1.6984149,-1.128216,-0.28175545,0.020566538,0.16892689,0.010048652,0.069035299,0.3649509,0.19242682,-0.19044085,0.23628685,0.26435569,0.35266939,-0.075146377,-0.079119518,0.22231729,-1.3039316,-0.011423282,0.30291936,0.026968831,0.23230344,0.51283312,0.82459569,-0.28442711,-0.75878656,-0.34859818,0.066685416,-1.5948637,0.33934757,0.19203386,0.39095679,-0.59782535,-1.2013655,0.32074797,-0.55400032,0.10481532,0.026321884,-0.04010063,0.2490162,0.13714159,0.31797054,0.33106238,0.005259549,-0.19903246,-0.24502459,-1.9075977,-0.56344199,-0.79420835,0.023253683,-0.7829439,0.24543349,-0.091723673,-0.25928476,0.065560788,0
0.50031859,0.26579052,0.25355613,0.49311197,0.4908852,0.50991786,0.48525369,0.46968776,0.48992974,0.48182923,0.47212297,0.47709942,0.4633317,0.45929641,0.4801749,0.46663612,0.47808403,0.50579935,0.48079434,0.45890126,0.46234769,0.45854434,0.46152508,0.46140069,0.46384531,0.44245103,0.46070522,0.44965893,0.46479616,0.4548471,0.45079094,0.44833577,0.44417524,0.44341111,0.44701773,0.42728889,0.42592752,0.4467997,0.42974401,0.44360292,-0.7032156,0.24196987,0.32150972,0.39617524,1.2949649,1.6656015,1.2440821,0.66408992,0.78213465,1.5950522,1.379303,1.1573282,0.34069869,-0.12236261,-0.23920465,-0.29160172,0.53418338,0.31004024,0.31848052,0.2934598,-0.63530576,0.022148486,-0.51914525,0.33118129,-0.61685663,-0.11802046,-0.16930597,0.55491781,0.089096069,1.2424868,-0.15696405,0.18266621,-0.98459458,-0.14345169,-0.057750441,0.78132552,-0.81691885,0.36902866,0.20713289,-0.74600643,-0.096123807,-0.97093415,-0.44284096,0.20111936,0.75060552,0.55363595,0.005157186,-1.3521878,0.46529841,0.13630925,-0.87906355,0.69034582,0.04299413,0.020085372,0.60973471,-0.28651887,0.2461217,-0.30744112,0.077314883,0.47768661,-0.47250789,-0.86797726,0.053450502,0.43479303,-0.28753567,0.057807103,-0.097151361,-0.093707778,-0.23218368,-0.22218278,0.35128152,0.56903249,-0.096183114,-0.50212759,-0.40233031,0.019876376,0.22056535,-0.80076456,0.38151535,-1.0986692,-0.266698,-1.5177147,-0.77926546,-0.030797902,-0.50594056,0.28985327,-0.33317858,0.048551437,-0.059767205,-0.10821636,-0.54184592,-0.50393921,-0.45977187,-0.8910408,-0.16433741,-0.050752342,0.15705484,0.066629618,-0.30623871,-1.362761,-0.2486335,0.41341579,0.65465045,-0.087236084,0.39303875,0.21129747,0.035476126,-0.65214652,-0.21777976,0.24384904,-0.38710091,-0.13343796,0.36977491,-0.24080843,-0.64698434,-0.015336333,-0.53169429,-0.36416978,0.13200052,-0.24472159,0.052231081,-0.64820397,0.70132083,0.52531987,0.071526386,-0.14874217,-1.4335953,0.47710735,0.017227005,-0.14744574,-0.066122994,-0.51096761,0.091255866,-0.083411902,-0.55275887,0.8298462,-0.55261606,0.14724199,0.29660162,-1.5086913,-0.030987233,0.19151703,-0.20384948,-0.3912468,-0.67644966,0.4123348,0.12159199,0.34200242,0.50064695,-0.6155225,-0.28132471,0.10377645,0.061021358,0.2199527,0.28588012,0.1673594,-0.13226461,-1.0627424,-1.3975391,-0.62838393,0.24753959,0.70583522,0.21077175,-0.37095997,-0.33771741,0.054290287,1.0807254,-0.083162203,0.057716899,-0.25853914,-0.21686906,0.7524333,0.12950984,0.24760331,0.2667104,-0.0957122,-1.7308493,-0.09850499,0.20273936,0.025430003,-0.1415388,-0.65184605,0.16085474,-1.2418356,0.22103702,-0.99990225,0.33543044,0.009442568,-0.74203295,0.11236379,0.18511605,0.28371513,-0.11152871,-0.65538788,-2.1957738,0.29898325,-0.42737851,-0.022844642,-0.026271254,0.075341657,0.4760007,0.12681693,-0.29734677,0.49277449,-1.1969476,-0.59775174,-0.27380919,0.26651344,-0.34675282,0.052510001,0.16696595,0.31695318,-0.01677284,0.50004876,0.38564354,0.66159278,-0.69496447,-0.2239814,0.48998803,-0.086461663,0.16928393,-0.012177442,-0.23525028,-0.997343,-0.40316376,0.096646816,-0.24199235,0.47552276,0.84537894,0.33837363,-0.37726364,0.25938985,-0.25563934,0.50701571,0.30346489,-0.34730461,0.10756715,1.4116557,0.11636932,0.19600315,-0.89611924,-0.14916269,-1.6076709,0.95361692,-1.1365085,-0.27353859,0.022051618,-1.4394422,-0.058066238,0.092385858,-0.036268756,0.57815194,0.31517148,0.015045255,-1.5196491,0.6475206,0.12529099,0.91166013,-0.12127528,-0.95862508,-0.063691318,-0.70056331,0.51500016,0.22127593,-0.77438331,0.21324155,-1.4743005,-1.4614519,-1.0664526,-0.23159322,0.3124364,-0.057827473,0.22841093,-0.76818228,0.5115962,-1.0110486,-0.13085783,0.2219709,-1.0448623,-0.067442983,0.04426191,0.3934322,-0.11103956,0.2178704,-0.06758336,0.41346133,0.059626255,0.55317998,-0.052709043,-0.14058731,-0.66724241,0.34912845,0.8878327,-0.49591532,0.49994412,0.46825138,0.52072954,-0.54574263,0.44951433,0.37865004,-0.82201821,-0.54085779,0.12162638,0.039327502,0.25596559,0.51407528,-0.28975981,-0.47363102,-0.40539056,0.00508048,0.51431113,-0.16739121,-0.017828748,-0.31174812,0.20250674,0.87230492,-0.84737772,0.14921626,0.28199047,-0.48813027,-0.066175811,-0.39927056,-1.1890192,-1.6290935,-0.19854982,0.56310022,0.10271309,-0.27685431,0.75165045,0.092608504,0.47392711,0.23813294,-0.15264711,-0.39854616,0.20011221,0.10803016,-0.15666872,-0.743155,0.20264572,0.18125762,1.0140501,-1.4809531,-0.034207352,1.269254,1.2424661,0.32818881,-1.0385488,-0.29084966,-0.38019657,-0.20339414,0.017246826,0.17539889,0.63628185,0.50967747,0.35768983,0.046833612,0.21093284,0.6595248,0.60490185,0.69457901,-0.73382539,0.24214645,0.067395419,0.17483059,-0.25304773,-0.18159488,-1.4423039,0.29290161,0.075145289,-0.36089164,-0.13048655,0.15838669,0.14595377,-0.43962348,0.25300968,-0.15507218,-0.23538385,-0.078295559,0.43535733,0.72994947,0.29101753,0.04730203,0.47375429,-0.055532202,0.063995421,-0.83253539,0.18019924,-0.52050829,0.046182007,0.58249903,-0.80066913,-0.24766947,0.3863419,0.36813706,-0.42210943,-0.96492881,0.4601903,-0.49995878,-0.06616424,-1.2302909,0.2669296,-0.13231014,-0.44749889,-0.43119359,0.75358897,0.36165676,-1.6508315,-0.76493692,-0.31316525,0.050723065,0.23281002,-0.075660557,0.038079835,0.3567138,0.20646271,-0.12655911,0.2264186,0.33165795,0.35384163,0.030115485,-0.33885401,0.20423716,-1.2253134,0.043296933,0.28628856,0.076469973,0.23110968,0.47534502,0.69348705,-0.27782276,-0.63897353,-0.39867532,-0.055621937,-1.5414591,0.32599041,0.28948092,0.41694254,-0.58107501,-1.0379443,0.24317275,-0.42249784,0.064327106,0.016913418,-0.045741685,0.32070434,0.13432008,0.33568639,0.25908059,0.034993529,-0.14519426,-0.2731505,-1.8079269,-0.5462212,-0.69144988,-0.033915605,-0.76473492,0.17574784,-0.10433525,-0.23825727,0.036470905,0
0.44609624,0.21128333,0.19533795,0.41124728,0.44797313,0.44407964,0.4022992,0.40570295,0.40780646,0.4094227,0.41233402,0.40018058,0.41207165,0.38246477,0.41401929,0.40600961,0.37298688,0.37991163,0.4440861,0.41375881,0.40422773,0.40482509,0.4047091,0.37119547,0.42505726,0.40206799,0.43011013,0.39893156,0.37485227,0.42920029,0.40360406,0.4193458,0.39262632,0.41158211,0.42599994,0.36558741,0.37833735,0.40907359,0.37324846,0.40410382,-0.8149848,0.18255544,0.24401349,0.3962841,1.1512334,1.5733311,1.1535589,0.62297344,0.7081576,1.5291982,1.2965732,1.0969955,0.27597722,-0.18918736,-0.14168736,-0.25354487,0.54778242,0.32054022,0.34855783,0.28761643,-0.72004128,0.010471766,-0.38351691,0.31294206,-0.70085311,-0.028646044,-0.25833178,0.52682364,0.27086776,1.3016454,-0.14379054,0.23553146,-1.0035549,-0.094630979,0.089420967,0.66212523,-0.89251006,0.471553,0.31911039,-0.74598974,-0.06052487,-0.95109087,-0.44362912,0.37536329,0.65087855,0.66562027,-0.032832753,-1.4259722,0.51689541,0.067173377,-0.83640313,0.61609715,0.096463598,-0.045067422,0.64809388,0.22059944,0.36881357,-0.46091738,0.12210204,0.54012978,-0.49087572,-0.98345494,-0.21198612,0.4721857,-0.24374139,0.49578232,0.027632849,-0.10720448,-0.24118784,-0.30205452,0.38610789,0.88727635,-0.16082038,-0.38171998,-0.54662001,0.50784874,0.43780023,-0.8894853,0.38816202,-1.0304241,-0.28672245,-1.576203,-0.93190563,-0.022636674,-0.40618664,0.21697874,-0.32570934,0.17944987,-0.10882407,-0.14297614,-0.80199915,-0.31160426,0.022141263,-0.99023622,-0.17972422,-0.20275208,0.20269555,0.22843704,-0.41461104,-1.4096479,0.5497548,0.39503747,0.73319352,-0.032396533,0.4730247,0.21336752,0.10986464,-0.26746807,-0.20397677,0.21855135,-0.11174387,-0.14413831,0.36873072,-0.19330403,-0.72403497,-0.077595711,-0.61137927,-0.59019405,0.26061657,-0.36684504,0.09924069,-0.50168943,0.6832425,0.43296546,-0.079030618,0.014652351,-1.5221466,0.71036154,-0.2410731,-0.33352801,-0.017944042,-0.551965,-0.005676955,-0.11025256,-0.54130495,0.9235037,-0.65652591,0.079627924,0.46416834,-1.4263133,-0.089742161,0.32754406,-0.14089724,-0.48346886,-0.82047266,0.52156484,0.19702625,0.2126829,0.76166034,-0.60330027,-0.10430588,0.081648104,0.14642531,0.21731836,-0.56052244,0.15681569,-0.070083827,-1.1223027,-1.4006445,-0.65848643,0.2281272,0.61517972,0.1521624,-0.33109421,-0.25597844,0.16043825,1.3940443,-0.024530854,0.055656895,-0.41118276,-0.28199178,1.0389589,-0.03684631,0.22783683,0.91489929,-0.052061211,-2.1724622,-0.10507268,0.41448641,-0.028374352,-0.096330874,-0.73340094,0.16930629,-1.383078,0.31321609,-1.2059987,0.67127031,0.028742507,-0.72392434,0.030429415,0.22857055,0.58963066,-0.23138636,-0.22630547,-2.3914661,0.33423606,-0.3195954,-0.093454674,-0.22252721,0.22508508,0.583794,0.15540129,-0.17621189,0.56398106,-1.3800571,-0.71000862,-0.28947496,0.39861852,-0.3691892,0.16144942,0.32610923,0.34233564,0.040195242,0.44966215,0.42272255,0.83865309,-0.79914069,-0.23475593,0.48576766,-0.017130649,0.27813059,-0.021330619,-0.22798218,-0.95757586,-0.45835656,0.086816862,-0.29002914,0.52474475,1.1430446,0.33656991,-0.34153104,0.24927565,-0.33697188,0.41031343,0.48884577,-0.35535201,0.019788478,1.4315871,0.032178298,0.23966217,-0.96305758,-0.09331283,-1.8155706,1.0333687,-1.2519895,-0.3747941,-0.1139302,-1.3648561,-0.016844355,0.25373751,0.005471453,0.63374549,0.37052149,0.28841439,-1.559747,0.82595581,-0.12400546,1.0068271,0.047895245,-0.89238,-0.045387011,-0.71259505,0.59607124,0.10790353,-0.82380378,0.38428041,-1.6293861,-1.6840432,-1.1426269,-0.30010104,0.36681923,0.24298579,0.26615128,-0.82829374,0.56592155,-1.3134502,-0.16659671,0.17689529,-1.0319452,-0.022733904,0.10082135,0.57729512,-0.056242138,0.37247574,0.024901805,0.4190892,0.11796822,0.8633675,-0.037740413,-0.1431444,-0.68590754,0.35133398,0.90266836,-0.47884491,0.61387461,0.51852179,0.65244186,-0.58244485,0.76727861,0.43983576,-0.99226803,-0.50426114,0.073898911,0.30837792,0.26196754,0.77363145,-0.62052459,-0.46559283,-0.39188266,0.062402278,0.51053834,-0.13739699,-0.011548877,-0.27443743,0.23488046,1.0543863,-1.0258179,0.1815754,0.23165996,-0.54904717,-0.13823056,-0.19846086,-1.257796,-1.742256,-0.074853614,0.48123834,0.18293482,-0.37974569,0.74772692,0.21784046,0.47826687,0.22344753,-0.27687678,-0.3906363,0.19159275,0.14696716,-0.12879792,-0.28056931,0.13902047,0.30803114,1.1360425,-1.4246521,-0.29950693,1.5037218,1.4297472,0.41663942,-1.0801553,-0.25487641,-0.43934438,-0.059126802,0.040003203,0.33816308,0.79956841,0.55814052,0.26902309,0.16686821,0.1777916,0.68355882,0.72450495,0.8770709,-0.70548093,0.18732141,0.3045195,0.059371069,-0.29370415,-0.19269371,-1.4653267,0.29131648,0.09934853,-0.40620694,-0.05478178,0.39957136,0.25045115,-0.63160306,0.27181628,-0.12757224,-0.081191741,-0.15575682,0.68600309,1.0601944,-0.01615414,0.072089978,0.61641687,-0.069300361,-0.051080972,-0.95771074,0.24788798,-0.52287614,0.23751292,0.67359072,-0.80936611,-0.383046,0.31615147,0.38529861,-0.55057454,-1.0541333,0.49352109,-0.51511985,-0.044599213,-1.2232239,0.30965108,-0.10647425,-0.44391018,-0.40949306,0.89484745,0.47276658,-1.6454518,-1.0767497,-0.25598818,0.025083482,0.1883138,0.047820032,0.043266252,0.54668027,0.1819382,-0.14301071,0.15168047,0.32402962,0.44536912,-0.42269057,0.10060422,0.25002035,-1.4999198,-0.083842598,0.46197379,0.050315555,0.20413224,0.60923147,0.8665731,-0.33418506,-0.76538348,-0.35589391,0.058385059,-1.6529998,0.28063893,0.3806147,0.40229395,-0.60091865,-1.181502,-0.53382933,-0.5800336,0.053266704,0.017599165,-0.28565627,0.6484229,0.15933567,0.30394015,0.53241891,-0.002320995,-0.21192925,-0.34764987,-1.9472873,-0.58407581,-0.82673514,0.053550128,-0.85057199,0.43478048,-0.19134454,-0.28564796,0.030496042,0
0.45458257,0.21362114,0.20359249,0.46288982,0.43353075,0.45578152,0.43311042,0.41640484,0.43531126,0.44027415,0.41031945,0.42826855,0.4122785,0.40910894,0.43892923,0.41131067,0.43408275,0.44830662,0.43422353,0.40602803,0.42159921,0.41946417,0.41071373,0.41258165,0.43502471,0.42343462,0.42632154,0.41528314,0.41899288,0.4244287,0.41587284,0.41634592,0.40398532,0.40431428,0.42457622,0.39335582,0.39141071,0.41479075,0.40017632,0.40473956,-0.63942456,0.18556684,0.093954742,0.2364074,1.0766206,1.4640727,0.99961174,0.42980939,0.53284281,1.3456464,1.1506934,0.91310632,0.20753734,-0.14231709,-0.12448034,-0.1958971,0.40232649,0.24130742,0.28975976,0.20660043,-0.39532134,-0.026858468,-0.37919191,0.26651031,-0.59171772,-0.16192468,-0.15313388,0.47457334,0.25682551,1.2090482,-0.14896272,0.15141681,-0.87810671,-0.10485261,0.037294388,0.67065924,-0.76525342,0.39804119,0.25101653,-0.6755349,-0.051057827,-0.77872038,-0.43484691,0.25188044,0.6111412,0.57872999,-0.022178309,-1.2236118,0.49061048,0.13338491,-0.68780333,0.51992184,0.034311771,-0.031923614,0.44956061,-0.098233521,0.20724,-0.38043648,0.048081361,0.39373183,-0.47944143,-0.86692238,0.070250385,0.36511162,-0.22399783,0.13127168,-0.031707324,-0.1441595,-0.20246525,-0.28029141,0.30736035,0.7248255,-0.10714022,-0.30396059,-0.35276669,0.22338839,0.26714039,-0.68746895,0.31321323,-0.84994966,-0.27339727,-1.379944,-0.76489645,0.004070189,-0.41442403,0.20920292,-0.27855414,0.073866576,-0.074292332,-0.24359068,-0.51859164,-0.15906188,-0.05975695,-0.80004466,-0.02943109,-0.18292525,0.15525332,0.12200324,-0.35346591,-1.2088181,0.207605,0.32529855,0.58027005,-0.005871519,0.38991755,0.19698736,0.050100513,-0.37278587,-0.15826602,0.31466237,-0.25180793,-0.12167803,0.26048806,-0.14828311,-0.59961063,-0.081502333,-0.52105659,-0.45392039,0.18467532,-0.19664738,0.029062489,-0.45175269,0.49339852,0.47962046,-0.016825624,-0.15249476,-1.3444802,0.55726898,-0.13375041,-0.1106409,-0.053760577,-0.44427258,0.008487847,-0.030105412,-0.41785753,0.69703603,-0.55673009,0.12350308,0.3689079,-1.3432152,-0.076220639,0.27870288,0.006487317,-0.49963579,-0.68904233,0.47825322,0.26527107,0.24133781,0.61589706,-0.53345734,-0.28796372,0.029823117,-0.048452057,0.24468388,0.11402206,0.17187181,-0.12685814,-0.92387414,-1.1475619,-0.55060321,0.1946117,0.56049603,0.13481963,-0.35342202,-0.24328248,0.12582429,1.0703607,-0.12542707,0.035090744,-0.32650119,-0.23426881,0.81349719,0.062170807,0.2032755,0.34754753,-0.05678273,-1.5934986,-0.12534913,0.32001418,-0.029145718,-0.090690449,-0.58609974,0.16707572,-1.2084584,0.18686986,-1.0537995,0.49380863,0.071807951,-0.57083327,0.043204028,0.10593487,0.40228558,-0.1811287,-0.211007,-2.0756671,0.25864482,-0.36260575,-0.046238415,-0.15311129,0.14943691,0.41084218,0.10284288,-0.20384111,0.41138071,-1.1530333,-0.60297215,-0.27073213,0.27831933,-0.29907641,0.23992991,0.18860504,0.40804696,0.052750692,0.37256235,0.31093618,0.59314209,-0.62928748,-0.22885561,0.48364633,-0.14264673,0.28259698,-0.022758689,-0.20509562,-0.78982031,-0.44079882,0.065964378,-0.28228348,0.36833069,0.93859226,0.30311909,-0.32682094,0.17465095,-0.24540928,0.48838407,0.35106236,-0.29949883,0.055174939,1.2140359,0.085935928,0.13114855,-0.73212743,-0.083576031,-1.5996693,0.86057681,-1.0586503,-0.32442504,-0.083239086,-1.202879,0.058060825,0.24605748,0.0101014,0.58266455,0.36192599,0.29758605,-1.3731775,0.61448503,0.058644287,0.89586401,0.014419625,-0.71417546,-0.058640268,-0.58734971,0.44102052,0.049026176,-0.55062693,0.25889635,-1.3514404,-1.4619879,-0.95884728,-0.34799066,0.31582856,-0.051727772,0.17864288,-0.63720971,0.45188171,-1.0841143,-0.18667448,0.18264608,-0.85875791,0.051257826,7.19E-06,0.43426159,-0.038886409,0.30101588,0.030677438,0.36732709,0.061973616,0.59630316,-0.052364293,-0.070990354,-0.54854691,0.28488761,0.76644349,-0.3203643,0.44274873,0.40065929,0.61707032,-0.47647259,0.5373618,0.41124004,-0.80684423,-0.36722994,0.053409658,0.18833607,0.22333938,0.58575243,-0.28116548,-0.41390261,-0.33951366,-0.003566077,0.49765795,-0.18378635,-0.038969733,-0.19609246,0.14558135,0.88700044,-0.87328357,0.10400207,0.23592365,-0.48828277,-0.042402744,-0.22231165,-1.0990973,-1.4359564,-0.16069864,0.41300958,0.13920981,-0.28493452,0.59794492,0.063799575,0.43468568,0.1836838,-0.18333386,-0.2691128,0.15604395,0.10653532,-0.070045114,-0.52776635,0.10516785,0.11063469,0.89665234,-1.3008027,-0.056628816,1.2089133,1.1671062,0.23458633,-0.81423402,-0.1408001,-0.27287054,-0.059497084,0.008871873,0.28815857,0.58213037,0.36445099,0.28104094,0.13380241,0.14008607,0.50955349,0.65416819,0.61673349,-0.46077916,0.19674796,0.28747633,0.17704508,-0.24910623,-0.16199163,-1.2133309,0.20824075,0.065280318,-0.30585033,-0.080990024,0.24072771,0.11742647,-0.61136049,0.21732903,-0.12247765,-0.14578363,-0.12817225,0.728091,0.77748197,0.21033116,0.049977504,0.45896786,-0.10230182,0.03769784,-0.84081441,0.18788645,-0.43554285,0.13278902,0.5484336,-0.74359262,-0.36151782,0.25317508,0.2739718,-0.4232356,-0.85397226,0.36725909,-0.44752529,-0.086333461,-0.92942011,0.25608453,-0.074342094,-0.38273478,-0.35358906,0.67470789,0.35568559,-1.4454902,-0.9042412,-0.23474488,0.051156498,0.23964517,0.022010708,-0.01863372,0.37408155,0.11671359,-0.10651138,0.21910293,0.2816442,0.31616005,-0.055397119,-0.046081185,0.18756004,-1.1366637,0.045622647,0.32191914,0.058072679,0.18492606,0.44940451,0.58049095,-0.32775387,-0.63374531,-0.30823755,0.082357615,-1.3824426,0.25539145,0.27703246,0.30259657,-0.4822104,-0.8948766,0.18523195,-0.45131499,0.036353588,0.028877987,-0.11630408,0.51844096,0.10909388,0.23302072,0.45954078,-0.014868866,-0.14574647,-0.31628001,-1.6975975,-0.57966417,-0.65844643,-0.052202083,-0.63548362,0.075930133,-0.093401939,-0.22796482,0.081611469,0
0.47458363,0.23618837,0.21443197,0.45374167,0.44553956,0.45147255,0.45320517,0.42840731,0.42504299,0.44503692,0.43022886,0.4367972,0.42466944,0.41452992,0.46101791,0.4178648,0.41487151,0.4643997,0.45905331,0.42835718,0.43021658,0.4459686,0.43088546,0.41440207,0.37257862,0.40551892,0.44901067,0.43080077,0.41634849,0.43470609,0.41897118,0.42916274,0.41693807,0.42073596,0.43817115,0.41955096,0.39536032,0.40945497,0.39327312,0.4069317,-0.83287019,0.19748628,0.39838636,0.4847579,1.2949085,1.7273707,1.3503283,0.76864821,0.88896692,1.6709663,1.4344871,1.2498089,0.37435722,-0.20539749,-0.22166315,-0.33174458,0.57968885,0.34472221,0.34204882,0.30387634,-0.6931541,0.00864022,-0.53719354,0.3860406,-0.66839403,-0.09097147,-0.2213266,0.62095165,0.16683477,1.4500608,-0.15384367,0.17195499,-1.1429433,-0.25210479,-0.036225747,-0.61480415,-0.99812847,0.58361381,0.31257808,-0.93564713,-0.16434869,-1.2737701,-0.55972582,0.45519796,0.81253773,0.69779593,-0.007695512,-1.6824257,0.64773428,0.1254317,-1.0533336,0.48078701,0.064714693,0.088725105,0.60273546,-0.069737136,0.39693493,-0.35631141,0.094466083,0.54710507,-0.51557797,-1.0425035,0.058798693,0.42687953,-0.34503299,0.21439111,-0.046119943,-0.14612006,-0.10254683,-0.31828427,0.46055654,0.84991097,-0.18234521,-0.49507722,-0.50928158,-0.043609262,0.53738642,-0.9900986,0.42246085,-1.0304428,-0.34751594,-1.813275,-0.97290611,-0.020930044,-0.61562276,0.26580817,-0.43872026,0.1133023,-0.10653307,-0.17743345,-0.67565674,-0.50808674,0.089038596,-1.0617,-0.18618837,-0.072138235,0.196722,0.31603491,-0.32263529,-1.5948422,0.3382476,0.46086934,0.74887049,-0.19934195,0.49465647,0.28650013,0.036065578,-0.34508294,-0.30783907,0.30276486,-0.47384441,-0.076529399,0.3917616,-0.23660563,-0.70766062,-0.043844134,-0.51236671,-0.4686372,0.26101416,-0.23811325,-0.004431639,-0.6867975,0.62684578,0.57776541,0.19290507,0.04464861,-1.71674,0.70249045,-0.025378782,-0.1852442,-0.075811252,-0.49767396,0.03181199,-0.1471823,-0.61060882,1.0045077,-0.59276986,0.12014214,0.47487634,-1.7799389,-0.010307893,0.37850782,-0.12463653,-0.44277379,-0.84983689,0.49800345,0.18262237,0.32181999,0.91208744,-0.68962747,-0.28234214,0.04040172,-0.06961076,0.19542181,0.32524642,0.1220549,0.024769142,-1.222007,-1.623042,-0.68701255,0.25320864,0.761105,0.18361849,-0.45418674,-0.21887636,0.078741178,1.21939,-0.16270456,0.055670608,-0.27979022,-0.22312267,1.0008222,0.13470763,0.21763425,1.3182255,-0.10564423,-2.2699089,-0.063817665,0.55483657,-0.002513926,-0.080392122,-0.74487007,0.041451827,-1.37797,0.15924683,-1.0758252,0.47881347,0.097306415,-0.87340569,0.036955845,0.24695909,0.51318532,-0.18004946,-0.33764488,-2.4441559,0.33719167,-0.66376144,0.021848008,-0.029865742,0.11546934,0.58647037,0.11504654,-0.24458089,0.55133569,-1.4516579,-0.76159239,-0.21600743,0.4551684,-0.33852109,0.13230225,0.21898812,0.5139215,-0.016109813,0.62289,0.55901116,0.69718707,-0.88877529,-0.32857588,0.68735045,-0.18499534,0.21787971,0.068057537,-0.31147462,-1.2262866,-0.46201414,0.091382198,-0.3438386,0.41295725,1.0400867,0.31268898,-0.45170307,0.24982813,-0.4013145,0.36741227,0.50808829,-0.40476578,0.040531348,1.5111365,0.067766957,0.17647207,-0.97908074,-0.25934947,-1.8367158,1.1186252,-1.286544,-0.16965367,-0.095486335,-1.4524393,-0.13819407,0.049504966,0.33088696,0.4281894,0.55017328,0.42343915,-1.7536888,0.86861825,0.05300907,1.0935909,-0.062687837,-1.1297697,-0.12364757,-0.80565846,0.59471518,0.14902371,-0.84176129,0.34034356,-1.6816294,-1.5888036,-1.3415877,-0.36455935,0.40333733,0.69043595,0.2271198,-0.85914254,0.69339228,-1.260087,-0.19596624,0.23687734,-1.2063934,0.01897487,0.020626321,0.42723292,-0.030200139,0.45359248,0.028437236,0.55264407,0.010484549,0.6808235,0.011592329,-0.18020374,-0.63623011,0.41378331,1.0474931,-0.63438898,0.70409751,0.45889235,0.52853185,-0.59864491,0.59885496,0.50977123,-0.9341054,-0.68818283,0.098510683,0.23786315,0.23244056,0.84703386,-0.33904317,-0.45714504,-0.43889895,-0.054070808,0.4549998,-0.20237662,0.012545824,-0.37239227,0.1513841,1.1909809,-0.92897147,0.11417501,0.2746323,-0.56401497,-0.024255225,-0.09768007,-1.3807025,-1.8861582,-0.1413954,0.53706372,0.044322006,-0.24800938,0.76827419,0.020990491,0.48736504,0.20722039,-0.23056346,-0.55252397,0.19600476,0.10102811,-0.10095949,-0.56071699,0.18859816,0.24040806,1.3220285,-1.6043966,-0.044626601,1.3542688,1.4955243,0.43862253,-1.2160314,-0.36124688,-0.47447199,-0.23176526,0.05468002,0.58053887,0.79120106,0.70113385,0.4419331,0.13095257,0.22292754,0.77808267,0.69622308,1.1270078,-0.98559797,0.42091399,0.26525092,0.14741145,-0.37917343,-0.16225773,-1.5541738,0.30283394,-0.018750977,-0.42790747,-0.19958635,0.37334061,0.15346083,-0.52501279,0.35460144,-0.19650903,0.15163788,-0.10787119,0.55945307,1.050478,0.21029133,0.064962506,0.55042368,-0.092466764,-0.019577742,-1.0226001,0.30924755,-0.61807013,0.2786057,0.84729326,-0.75695848,-0.30573377,0.40256038,0.42783388,-0.5866099,-1.0625651,0.56635952,-0.53989959,-0.048136376,-1.5023556,0.28632942,-0.21488215,-0.68333995,-0.40838739,1.0239272,0.51017034,-1.7305765,-1.0716023,-0.37920946,0.012869161,0.27362618,-0.16251603,0.047408119,0.47117776,0.23582383,-0.17693475,0.23272945,0.34925553,0.39009643,-0.044270068,-0.22889993,0.18415166,-1.4596059,-0.00420545,0.44106132,0.03178307,0.16566622,0.65323752,0.88879395,-0.33566228,-0.82879776,-0.37251896,0.053883336,-1.9018114,0.22800404,0.36314842,0.45577967,-0.6950236,-1.2406573,0.21793312,-0.57959819,0.053140491,-0.040745199,-0.085286826,0.48156071,0.16628936,0.33016038,0.41938108,0.070813574,-0.23268272,-0.40189904,-2.1690416,-0.73486155,-0.79753661,-0.021231819,-0.84645367,0.16107817,-0.12030808,-0.25525749,0.073964268,0
0.49627888,0.25801185,0.24437153,0.48255312,0.47803897,0.48611715,0.45827436,0.46171096,0.45963597,0.46660531,0.45259529,0.45387346,0.45380765,0.43884349,0.46718505,0.45837384,0.44147623,0.49707642,0.46512875,0.43719471,0.44538838,0.457605,0.45579559,0.43705148,0.45639819,0.45377174,0.44625872,0.45379373,0.44671369,0.44970587,0.44760656,0.45114309,0.43531877,0.4438718,0.45426595,0.42920527,0.42330962,0.45031312,0.43300939,0.42698228,-0.79922438,0.23251393,0.33065253,0.37751612,1.2559023,1.632291,1.250104,0.65851402,0.78441268,1.568758,1.3532883,1.1529918,0.3786175,-0.17990838,-0.18219092,-0.26001775,0.56397545,0.3420907,0.407215,0.28453565,-0.59981722,0.035165429,-0.50898963,0.33740878,-0.74559879,-0.16250104,-0.17005792,0.48796502,0.22281343,1.4035909,-0.15194246,0.20631786,-1.0466191,-0.18891847,0.001057334,0.89314377,-0.98901683,0.53279036,0.24342313,-0.79897928,-0.11562189,-1.0735315,-0.47825459,0.33636999,0.85025716,0.64008623,-0.059417702,-1.4976907,0.44281715,0.15195467,-0.89185262,0.54365849,-0.004339837,0.022581875,0.42141873,-0.16032404,0.31865194,-0.40982911,0.074181587,0.49873474,-0.57986414,-0.94794226,0.083276942,0.40420151,-0.31702158,0.20450296,0.036570754,-0.14436892,-0.15176342,-0.29755428,0.39123562,0.77789313,-0.12857646,-0.3113085,-0.42272332,0.060126618,0.27661309,-0.87538886,0.34208047,-1.1541363,-0.33107209,-1.6082776,-0.89023316,-0.025133835,-0.48812771,0.23554853,-0.40845022,0.093923479,-0.074945465,-0.11825842,-0.71583998,-0.42461994,-0.25807291,-0.95642179,-0.087615587,-0.11272944,0.18951175,0.23909426,-0.45076635,-1.5393536,0.17116198,0.44385156,0.68890345,-0.052546427,0.56709212,0.27190465,0.079803355,-0.4458563,-0.23648724,0.25749856,-0.56585938,-0.049756773,0.40300661,-0.17143011,-0.70599186,-0.027969792,-0.64751452,-0.47321218,0.23158666,-0.2150303,0.077783696,-0.66528207,0.66704297,0.61402601,0.087749541,0.007209246,-1.5517019,0.66300017,-0.049712036,-0.17759579,-0.012101617,-0.52304155,0.066966176,-0.082208358,-0.60733795,0.82867277,-0.68165189,0.14846809,0.38805744,-1.4517913,-0.056838527,0.31929901,-0.040140346,-0.44564682,-0.79755121,0.4641518,0.29134339,0.27576348,0.73888856,-0.68188196,-0.29271215,0.088408612,0.000680906,0.20754258,0.26844677,0.15296021,-0.14441827,-1.0781971,-1.376176,-0.67890781,0.25235572,0.70257103,0.32055253,-0.40725899,-0.21249801,0.12411337,1.1499127,-0.091697685,0.048958901,-0.35543007,-0.26974103,0.9970935,0.14376053,0.23163426,0.61113763,-0.053229399,-1.9243137,-0.11865668,0.42930517,-0.049305171,-0.063645445,-0.65774107,0.090080664,-1.3815606,0.17665139,-1.191998,0.2896668,0.075850002,-0.74169743,0.10607715,0.2388736,0.34253982,-0.22592574,-0.44138351,-2.4456136,0.27906308,-0.41936287,-0.006557725,-0.11474167,0.085229829,0.42376444,0.15381825,-0.23971488,0.61747658,-1.4312606,-0.76352596,-0.3712281,0.30771998,-0.42224464,0.18727821,0.15738729,0.52175212,0.030288074,0.50388038,0.42016095,0.71743798,-0.77306664,-0.22946793,0.53719449,-0.21606304,0.26838911,0.072792634,-0.24699683,-1.0360237,-0.42652318,0.098191805,-0.28690523,0.45371979,1.0645291,0.40679425,-0.38787878,0.15303165,-0.33710071,0.4371742,0.39857173,-0.26685548,0.082709439,1.5526941,0.078211203,0.13782085,-0.94779783,-0.20334451,-1.8601543,0.91558826,-1.156269,-0.28997365,-0.15903391,-1.3899248,-0.002339304,0.17943016,-0.00788644,0.38072017,0.48592532,0.22043535,-1.6173892,0.69318998,0.069684833,1.0192604,0.048454598,-0.99676681,-0.12952676,-0.75212777,0.48889881,0.16608138,-0.83387852,0.299656,-1.6269813,-1.6290861,-1.1940266,-0.28713045,0.41228902,0.092263043,0.2198339,-0.75101781,0.61814046,-1.1581807,-0.23976499,0.32392654,-1.0684611,-0.055036761,0.1112044,0.43145388,0.04852717,0.34777424,0.048720006,0.38885546,0.09388227,0.54660547,-0.019353099,-0.10520592,-0.70694071,0.38708773,1.056752,-0.34220618,0.56665379,0.43179685,0.6609081,-0.60991728,0.60319144,0.46384737,-0.93768257,-0.46037453,0.10272248,0.13549171,0.22974211,0.67209566,-0.32811424,-0.44415772,-0.47085285,0.045033395,0.58872592,-0.15264656,0.020255141,-0.21965142,0.18105103,1.0224392,-1.0630852,0.15274484,0.29066181,-0.59420896,-0.024630569,-0.3190124,-1.2629772,-1.7327304,-0.31357941,0.58641797,0.12995043,-0.33346286,0.6676569,0.15901132,0.54498553,0.23544379,-0.21921052,-0.34315443,0.2215161,0.084599927,-0.056077164,-0.62831241,0.19142534,0.19512922,1.1100603,-1.5035784,-0.071478121,1.4228885,1.4088476,0.43214467,-1.0772561,-0.2689335,-0.4235096,-0.12501949,0.010241678,0.31347978,0.67690814,0.65461498,0.3867113,0.072794139,0.20156489,0.6732415,0.74986029,0.71403027,-0.69408882,0.38956058,0.2481593,0.19352408,-0.31646243,-0.2053878,-1.4857807,0.29979566,0.051538434,-0.32502887,-0.14147089,0.21860719,0.14850304,-0.56124359,0.22298887,-0.17033081,-0.10015016,-0.091292918,0.51185465,0.83185363,0.27383459,0.074781358,0.54122084,-0.051719218,0.016774997,-0.98898637,0.22870582,-0.5880248,0.054786704,0.68380213,-0.85752892,-0.41751888,0.34199908,0.43211412,-0.53340173,-0.9818629,0.43057072,-0.63424647,-0.047932141,-1.1515425,0.31485477,-0.089198887,-0.65105605,-0.42503789,0.77368754,0.50088239,-1.724473,-1.0840182,-0.29321557,0.087187648,0.30708605,-0.018526644,-0.00613795,0.39769128,0.21159174,-0.18791212,0.35051152,0.31936622,0.47146246,-0.13499206,-0.17968874,0.097276166,-1.4131536,0.024413815,0.26401293,0.080186427,0.23682831,0.57268131,0.76378953,-0.33936772,-0.78452671,-0.35110265,0.15118179,-1.6241152,0.32802463,0.3946479,0.39347449,-0.59773445,-1.1200403,0.1608777,-0.57021606,0.14787987,0.063593566,-0.073457234,0.21505508,0.24861507,0.30867827,0.45446777,-0.000316733,-0.11497945,-0.30470854,-2.0135772,-0.61651933,-0.84501833,0.031544175,-0.91459864,0.090819612,-0.15991238,-0.30403164,0.10913984,0
0.37492394,0.13367014,0.13660553,0.34433919,0.34376439,0.36161846,0.34710971,0.33572972,0.34060279,0.34202787,0.33404952,0.33742744,0.33631223,0.3223266,0.34939328,0.33200878,0.34401658,0.36149684,0.34547639,0.33181071,0.32383505,0.32755885,0.33056247,0.32828212,0.34067318,0.32607818,0.33208054,0.32046485,0.33919907,0.32828751,0.32489169,0.33568263,0.32346788,0.31968981,0.33231559,0.30985937,0.30645123,0.32916597,0.30754125,0.31312245,-0.76012063,0.12181668,0.35308456,0.38347626,1.2826842,1.6597774,1.2656862,0.66714281,0.79507083,1.5841534,1.356514,1.1462619,0.38447362,-0.18490294,-0.24368449,-0.3997871,0.72086811,0.38329718,0.35494399,0.29610145,-0.85816824,0.090991892,-0.62342763,0.37662154,-0.76072717,-0.17129348,-0.23587207,0.53351104,0.10077536,1.3313698,-0.1501511,0.22904605,-1.1123035,-0.21607804,-0.092234865,1.0962622,-1.0214822,0.65402699,0.17127329,-0.87413865,-0.10774302,-1.1758285,-0.61403322,0.28674892,1.0330433,0.66237736,-0.01548418,-1.5241547,0.58228076,0.12094921,-1.0711414,0.46402413,0.050712056,0.08785516,0.52728307,-0.036433745,0.4462941,-0.20245804,0.070924729,0.61256087,-0.60285884,-1.0788108,0.031470861,0.45219073,-0.35739192,0.35398421,-0.013783975,-0.14075565,-0.10344037,-0.23866494,0.47375634,0.72859687,-0.16244067,-0.33543703,-0.42941046,-0.26398706,0.39192507,-0.93329167,0.32513514,-1.2053181,-0.33776867,-1.6731604,-0.8028596,-0.046889372,-0.51776946,0.40391374,-0.41424879,0.057223044,-0.047917116,-0.073985599,-0.81097782,-0.71568185,-0.1879243,-0.95715803,-0.19043535,0.047963113,0.13118891,0.23105396,-0.40343347,-1.3771852,0.2961961,0.44290072,0.72945994,-0.17649043,0.500673,0.25671953,0.025367096,-0.53154814,-0.29535311,0.25762144,-0.66172189,-0.072338805,0.43970305,-0.13405916,-0.64878821,0.0930558,-0.43435073,-0.37865621,0.1547868,-0.22851238,0.05936832,-0.74101955,0.69710582,0.57634676,0.14867701,-0.029973011,-1.5814342,0.52648634,0.063964158,-0.23736075,-0.057576679,-0.52751917,0.11040121,-0.1355418,-0.71553546,0.80124682,-0.66595066,0.16289489,0.37649471,-1.4044632,-0.10960153,0.2799046,-0.13595852,-0.33539331,-0.7947042,0.44994608,0.22654408,0.20810837,0.72211081,-0.71705675,-0.24056438,0.075536013,0.053900655,0.18771766,0.34462869,0.25162423,-0.11028561,-1.1174144,-1.5955743,-0.60613173,0.23101613,0.68331999,0.20061737,-0.41160801,-0.29281291,0.064593002,0.97869444,-0.064933017,0.052199874,-0.20522389,-0.14159742,0.91911411,0.16046403,0.27080107,0.61137784,-0.091729358,-2.0489283,-0.12076734,0.37207961,0.080363862,-0.18050197,-0.6354931,0.10445517,-1.2642149,0.2578007,-1.1921197,-0.006418854,0.24107745,-0.86074567,0.15279399,0.068096146,0.26774698,-0.19934878,-0.7334314,-2.2891498,0.28391606,-0.61867589,-0.078808196,0.037332013,0.055365413,0.43341306,0.19644731,-0.20588057,0.73124343,-1.2590421,-0.58613002,-0.27495462,0.37520486,-0.40257993,0.18244417,0.16570972,0.38144913,0.026073566,0.50047392,0.32383999,0.77244812,-0.81983811,-0.23467024,0.52099121,-0.080475017,0.16760774,0.025098221,-0.29556823,-1.2167883,-0.44955105,0.10204106,-0.39175668,0.40851769,1.0088047,0.37939808,-0.47155571,0.19969507,-0.24024254,0.63189399,0.40273106,-0.39249441,0.084676966,1.3496805,0.2110872,0.18901163,-0.83024728,-0.20672862,-1.711934,0.94075286,-1.1676819,-0.16746946,-0.15504298,-1.4106165,-0.11336517,0.049056336,0.19433983,0.31953204,0.44785318,0.26749277,-1.5974934,0.70103872,0.14439009,1.0411214,-0.072133973,-1.1298772,-0.037285481,-0.81666058,0.54191059,0.30427206,-0.81304419,0.23681068,-1.5453745,-1.4657605,-1.1978307,-0.42454267,0.27860835,0.24265569,0.230505,-0.75604492,0.73430902,-1.0653549,-0.23432313,0.27991536,-1.0787518,-0.010147909,0.008088339,0.35575581,0.1645596,0.31275854,-0.005398268,0.57538056,0.063825473,0.28872502,0.12457702,-0.17126228,-0.7215113,0.48188606,1.1022506,-0.49433222,0.50658703,0.51145172,0.56448513,-0.65410066,0.60111052,0.33882254,-0.85882765,-0.53951204,0.097170576,0.018885836,0.12289878,0.69943345,-0.39671659,-0.51727653,-0.50219321,0.011269309,0.56473297,-0.27476895,0.084127724,-0.35606337,0.18076657,1.0001191,-0.79120094,0.14513515,0.32214093,-0.56802815,-0.013948565,-0.32889283,-1.1450958,-1.7360959,-0.26534539,0.57687515,0.18249756,-0.29486126,0.70909506,0.13027358,0.55837399,0.30898589,-0.094403744,-0.39811668,0.2780796,0.10386035,-0.15602098,-0.72067928,0.23672989,0.21214624,1.0794311,-1.5652242,-0.12077455,1.4619658,1.4325818,0.4043031,-1.2878253,-0.27916631,-0.300632,-0.19692293,0.048212573,0.2304782,0.63170373,0.6603744,0.35144407,0.11526997,0.26998115,0.71417069,0.65633512,0.93379992,-0.78017288,0.40289265,0.14287546,0.15876898,-0.21607231,-0.17173108,-1.5814856,0.3351469,0.041175988,-0.34526441,-0.20142075,0.15418495,0.18554048,-0.6807735,0.20557401,-0.22807074,-0.26634532,0.0278451,0.4172357,0.87312526,0.221738,0.067959368,0.51011789,-0.024627592,0.14033866,-0.94161284,0.21809022,-0.73089099,-0.016177788,0.74886757,-0.85910994,-0.25992224,0.44182509,0.48811582,-0.48175198,-0.96847069,0.51573455,-0.56366223,0.060466595,-1.3621987,0.21325088,-0.17801896,-0.40525734,-0.50414437,0.88593173,0.48273626,-1.7254791,-1.0317202,-0.35806847,0.034700725,0.20682447,-0.12764105,0.067774363,0.32433,0.23276651,-0.1889483,0.31921238,0.29656124,0.34146804,-0.077951178,-0.27921396,0.22603418,-1.3672786,0.010981767,0.29439276,0.060754202,0.20985812,0.53164363,0.82879341,-0.31011072,-0.69553888,-0.37021238,0.18040359,-1.637977,0.41662967,0.30300105,0.39318517,-0.7071076,-1.1316404,0.21757115,-0.49954394,0.14885922,-0.077331804,-0.027978111,0.079133987,0.15309349,0.34186053,0.32246807,0.072069645,-0.18393461,-0.24215922,-1.960108,-0.58443111,-0.80589217,-0.008569634,-0.74201274,0.10059426,-0.10041544,-0.20036945,0.13062879,0
0.46219158,0.22748655,0.22941305,0.42106956,0.41032237,0.44464284,0.43195194,0.39075041,0.42374775,0.41711834,0.41519845,0.41611877,0.40863329,0.38015181,0.42252094,0.39825881,0.41503602,0.43484157,0.40443224,0.39640129,0.39695579,0.3770557,0.38798475,0.40696609,0.40526849,0.38032699,0.41681209,0.3697885,0.42228127,0.37859279,0.38686788,0.37954161,0.38244855,0.38611755,0.4012711,0.33940634,0.37064597,0.41136461,0.3303735,0.35147932,-0.96093744,0.11679158,0.51315981,0.52907729,1.3344897,1.7374904,1.4806582,0.84125066,0.98881942,1.7470393,1.5041596,1.3381195,0.28841755,-0.19763747,-0.38630572,-0.31041759,0.67761672,0.35687572,0.36864069,0.31562668,-0.75044531,0.00549998,-0.51744962,0.52027953,-0.51867771,-0.224814,-0.13694407,0.66062135,0.28454161,1.5318727,-0.15770845,0.17026746,-1.1293031,-0.18042974,0.082218118,0.82157439,-0.95901507,0.65681291,0.31993285,-0.85858196,-0.12651283,-1.0449435,-0.47956446,0.37013698,0.90032035,0.79391313,0.033393763,-1.5636833,0.72866946,0.17414786,-0.99803722,0.60507447,0.051454376,0.056779895,0.67616498,-0.084109083,0.37822178,-0.39030811,0.028621988,0.5784561,-0.65000033,-1.042998,0.16018122,0.47923955,-0.27305299,0.17222928,-0.063625187,-0.15782577,-0.10053888,-0.29723626,0.51184738,0.96660423,-0.17228565,-0.45856035,-0.47321498,-0.23990712,0.50067288,-0.93195957,0.3925041,-1.145815,-0.33735889,-1.6911238,-0.97495097,-0.052223682,-0.48539838,0.28645158,-0.5962044,0.13086641,-0.070380919,-0.16766216,-0.80442691,-0.50545686,0.083670795,-0.97547126,-0.34123853,-0.1376196,0.2069321,0.34651744,-0.52295482,-1.4833646,0.64236969,0.46992055,0.73827589,-0.18896015,0.61602318,0.42293087,0.11653847,-0.39477879,-0.1682144,0.14410616,-0.70587516,-0.0986754,0.38746971,-0.22532029,-0.7538693,-0.03989552,-0.50923198,-0.60201842,0.23618159,-0.22884023,0.072778344,-0.7395044,0.65551466,0.56558359,0.01847592,-0.00877485,-1.7735754,0.56285894,0.01239039,-0.20634609,-0.040076304,-0.57928455,0.015843069,-0.1372399,-0.56131631,0.92383856,-0.656353,0.14549494,0.42868993,-1.8751783,-0.13927557,0.27809021,-0.076471649,-0.45293322,-0.99922645,0.23511055,0.22964722,0.38588703,0.69569081,-0.82227379,-0.29893667,0.11130928,0.071235552,0.091024518,0.33478183,0.16041422,-0.13590275,-1.1821725,-1.390438,-0.71407908,0.29079059,0.44954649,0.28307644,-0.42737198,-0.33589572,0.091140106,1.1380121,-0.035005596,0.025589613,-0.38959795,-0.26891708,0.98144913,0.14753744,0.28207934,1.0231409,-0.074402452,-2.117671,-0.10656356,0.63492888,0.003967843,-0.050579131,-0.74397504,0.074172042,-1.3909708,0.15439081,-1.223323,0.42557395,0.060194373,-0.8565619,0.10181712,0.15437613,0.37505215,-0.23794347,-0.38747281,-2.4931242,-0.008172482,-0.48011819,-0.082474142,-0.19018677,0.027030692,0.46651721,-0.009884395,-0.25470513,0.49601692,-1.3555532,-0.68185526,-0.2107234,0.60100281,-0.40357894,0.001980662,0.23273726,0.58936715,-0.11204909,0.5690043,0.39897555,0.74638271,-0.88807166,-0.29094231,0.72137427,0.14803933,0.18464485,0.055109002,-0.32218289,-1.1995475,-0.49213308,0.14695281,-0.31245571,0.56756324,1.0535626,0.40838665,-0.42612356,0.3078846,-0.41253236,0.65922737,0.45359606,-0.37828547,0.071717575,1.476825,0.15117042,0.09739694,-0.9639169,-0.12756935,-2.0253549,1.012607,-1.2709986,-0.39978865,-0.22110237,-1.5118077,-0.29343411,0.14733633,-0.007792339,0.67039132,0.50626451,0.21373966,-1.7019402,0.81965286,-0.011700107,1.2237712,0.040702261,-1.127543,-0.10276958,-0.72862339,0.54414207,0.36404726,-0.83396393,0.023496091,-1.6664045,-1.7453926,-1.3331128,-0.31713113,0.49010661,0.58026719,0.22852139,-0.85935169,0.63650632,-1.2219477,-0.22219649,0.37262347,-1.2452674,0.027679788,0.005504244,0.50662351,-0.002839223,0.44594741,0.09773428,0.41646323,0.071435787,0.74703246,-0.067192681,-0.12136611,-0.7755022,0.42458713,1.129548,-0.67629874,0.60486656,0.56164134,0.57497364,-0.58179128,0.61430323,0.23204523,-0.9214642,-0.50207835,0.052052379,0.15974757,0.064043373,0.87059468,-0.34670299,-0.54040593,-0.5436728,-0.048162289,0.58024949,-0.25404719,0.088033237,-0.30783463,0.19922881,1.3453923,-1.0902041,0.14102037,0.28285894,-0.62121207,-0.054890748,0.080099575,-1.2077005,-1.7964894,-0.089340389,0.62205511,0.13572484,-0.28538787,0.85704738,0.11131299,0.46809587,0.29787117,-0.15902552,-0.6616776,0.2391423,0.19374432,-0.068431519,-0.5375427,0.20673725,0.079702556,1.1509569,-1.5967137,-0.1005231,1.3604339,1.4883679,0.43321925,-1.1432351,-0.28139278,-0.32510632,-0.22197303,0.13309172,0.48018396,0.70946777,0.61446607,0.39532155,0.1817109,0.2277154,0.80245554,0.6973905,1.0697613,-0.84505934,0.49290961,0.26005247,0.12792458,-0.23217762,-0.10216738,-1.4492674,0.34083119,0.10268506,-0.47191092,-0.12480775,0.56613952,0.20131445,-0.75414717,0.2947073,-0.19317091,0.32452822,-0.10386152,0.81759858,0.8805719,0.30645102,0.014716579,0.25062484,-0.038152076,-0.013436709,-0.94010204,0.18295348,-0.53973013,0.23312099,0.51901007,-0.92904913,-0.3860594,0.43266523,0.37609747,-0.63565958,-1.1616331,0.62538213,-0.60502946,0.003936879,-1.4367821,0.26521778,-0.30239943,-0.46585149,-0.47975627,1.0827266,0.48179251,-1.8580161,-1.1636552,-0.35692888,0.043025866,0.22257784,-0.133596,0.052812494,0.41300935,0.2045542,-0.2244215,0.25044402,0.2455056,0.39393115,-0.03050492,-0.1855706,0.23311295,-1.4656085,0.025557626,0.47713664,-0.036254726,0.15299328,0.5610463,0.99292749,-0.37432683,-0.79468513,-0.26054245,0.15412402,-1.6437322,0.10729225,0.27382669,0.45464906,-0.73308372,-1.2113317,0.19952141,-0.53826666,0.18682557,-0.010983206,-0.07788448,0.45285729,0.16495766,0.33372182,0.34078956,-0.004375046,-0.15118349,-0.34039158,-2.0539789,-0.68350196,-0.89656889,0.017947406,-0.91040629,0.2766816,-0.26355869,-0.28777859,0.037316855,0
0.52615672,0.27471942,0.25752649,0.50541729,0.50974345,0.52798742,0.50929511,0.49463838,0.49910176,0.51518327,0.48638365,0.51340455,0.49259105,0.49624684,0.5109545,0.48162815,0.49821243,0.53602695,0.5162974,0.48709491,0.49679691,0.50826436,0.50016052,0.47933203,0.52588707,0.50508988,0.51482606,0.5018701,0.51154661,0.51418054,0.5025028,0.50247544,0.49553668,0.49621528,0.51839197,0.47760344,0.4796446,0.50637174,0.4813379,0.48810619,-0.8150093,0.23237836,0.38524455,0.4633171,1.2431889,1.6470668,1.2924815,0.7050339,0.82435417,1.5996461,1.34578,1.1735377,0.31936145,-0.17041823,-0.18100639,-0.31110522,0.63119847,0.31757569,0.37577397,0.30246228,-0.6907326,-0.000619448,-0.51783228,0.3528423,-0.71016544,-0.030189008,-0.16501185,0.58187026,0.23065946,1.3533565,-0.19375826,0.19735284,-1.0253526,-0.21023507,0.022802819,0.76044732,-1.0875857,0.56150013,0.29888427,-0.83856899,-0.12529327,-1.0708964,-0.49424362,0.35250548,0.78135169,0.65410167,-0.00986154,-1.4747221,0.67016745,0.13193505,-0.89760673,0.51735932,0.041831851,0.0516202,0.62469685,-0.064729318,0.33816954,-0.33203101,0.044211794,0.54227954,-0.54327095,-1.0385853,0.085421182,0.44394776,-0.28463984,0.19651441,0.1182537,-0.17949477,-0.13694219,-0.25850877,0.4747417,0.72954857,-0.17797948,-0.41639137,-0.45535982,0.18787846,0.40384781,-0.95987362,0.35395464,-1.1593722,-0.33320901,-1.597536,-0.86999774,-0.054036845,-0.51426095,0.20757054,-0.3766844,0.095391043,-0.08294902,-0.11623573,-0.64962471,-0.39883697,0.087974496,-0.97438794,-0.13804041,-0.12057184,0.17161535,0.24314514,-0.42009395,-1.5369244,0.34729803,0.40862781,0.71677071,-0.10620355,0.52779514,0.30779174,0.08091408,-0.46696347,-0.247906,0.25732172,-0.51978642,-0.14343554,0.36027294,-0.30745503,-0.64630812,-0.003401127,-0.52541012,-0.46563798,0.19962275,-0.29085705,0.021959981,-0.66097468,0.69630414,0.63970977,0.15944169,0.044635881,-1.6575543,0.57226491,0.009749457,-0.17308135,-0.083637431,-0.50520247,0.038891964,-0.098651111,-0.65481484,0.89732057,-0.4451068,0.14060467,0.4257893,-1.525308,-0.065670736,0.29822758,-0.080743447,-0.366952,-0.85905683,0.48031431,0.19732922,0.32814178,0.74646723,-0.67696685,-0.28626066,0.032741211,-0.021066613,0.17141493,0.37396488,0.16344979,-0.055181269,-1.1304389,-1.4440258,-0.68605834,0.22691406,0.54567748,0.22260937,-0.43551749,-0.33110812,0.10595907,1.2119877,-0.13406619,0.030820567,-0.30245855,-0.27241543,0.90065914,0.13380331,0.24526414,0.86544365,-0.11904794,-2.1420431,-0.11135468,0.44602859,0.045733213,-0.095625713,-0.72030073,0.040739655,-1.336134,0.22266141,-1.1438249,0.45520002,0.087780155,-0.79289258,0.037062444,0.097780704,0.44279882,-0.18405731,-0.27983087,-2.4955425,0.28064707,-0.36486968,-0.029095151,-0.11909338,0.20298819,0.46209639,0.069104403,-0.23795234,0.55964673,-1.3218774,-0.75224674,-0.28822225,0.45622626,-0.39604431,0.055610202,0.22407432,0.46848476,0.081878215,0.49892774,0.38023499,0.67690176,-0.78945231,-0.24135534,0.58063579,-0.10419343,0.19961047,0.003115773,-0.31586993,-1.0330802,-0.43887404,0.11763453,-0.31401038,0.46112421,0.97288132,0.39003447,-0.43121749,0.18518485,-0.33609533,0.58839011,0.51019979,-0.38834807,0.068179935,1.3364943,0.15240353,0.12201897,-0.91710109,-0.18593141,-1.7385964,1.0038146,-1.2634977,-0.26224753,-0.13417588,-1.2826958,-0.14495671,0.15697482,0.050714776,0.38733095,0.46176237,0.22358191,-1.5861545,0.77181858,0.025790082,1.0433501,-0.065771982,-1.0048652,-0.089613073,-0.75826752,0.53755885,0.25254425,-0.83800602,0.29519677,-1.6306835,-1.6213983,-1.1998359,-0.3339777,0.38512281,0.28785196,0.21252446,-0.77845979,0.64316112,-1.1937232,-0.16291718,0.27904084,-1.0420334,0.043781415,0.043036282,0.47834751,0.053128831,0.30874294,0.021694211,0.40013111,0.030786868,0.63117611,-0.03386721,-0.085093185,-0.6560387,0.36851221,0.98210919,-0.52699769,0.55385929,0.48739833,0.5491206,-0.6096037,0.66539115,0.23547934,-0.88445008,-0.49389449,0.076788105,0.077146798,0.15401268,0.72149301,-0.32132891,-0.48158839,-0.52632004,-0.013713231,0.55099672,-0.17922194,0.079661064,-0.27864558,0.17644337,1.0495937,-1.0144305,0.1501189,0.27977797,-0.52090925,-0.021883646,-0.14022708,-1.1747168,-1.8059776,-0.12419665,0.56374216,0.18059719,-0.31334251,0.66289699,0.18625978,0.4623403,0.23323017,-0.17344061,-0.36611444,0.20634869,0.1038775,-0.13159278,-0.61682385,0.17844805,0.1909906,1.1470202,-1.4868442,-0.023040345,1.299099,1.477458,0.36656609,-1.1210734,-0.27841058,-0.42807272,-0.16034511,0.008094327,0.37881914,0.69688052,0.64188635,0.36302602,0.13584334,0.23742644,0.74420494,0.63671291,0.92070258,-0.76928788,0.35604513,0.22141618,0.15046881,-0.29751489,-0.19124672,-1.4532424,0.28230926,0.027512722,-0.3406361,-0.12062532,0.40805143,0.20335734,-0.68355799,0.25269806,-0.20454688,0.082131743,-0.1413441,0.73672521,0.97945297,0.25819701,0.029749017,0.57317591,-0.12280437,-0.012360924,-0.94520283,0.23228265,-0.58746207,0.091069028,0.65897077,-0.92544651,-0.37385362,0.433869,0.40923804,-0.53161049,-1.0203757,0.47941244,-0.50571263,-0.029949028,-1.3313121,0.27851006,-0.13909794,-0.34606844,-0.45127565,0.83136082,0.42458409,-1.7869272,-1.1167665,-0.33566436,0.028944504,0.23250505,-0.057158977,0.020821283,0.40360183,0.17755729,-0.16673726,0.28203422,0.26076868,0.36139748,-0.10650047,0.01829236,0.21225615,-1.3759253,0.016571235,0.37453136,0.013540579,0.18443042,0.57636005,0.85035414,-0.35582936,-0.76367903,-0.40919262,0.14380372,-1.6414942,0.33386484,0.3244426,0.36170641,-0.6997807,-1.1412423,0.19853623,-0.54020983,0.053324148,-0.010663301,-0.059055492,0.48544371,0.15349573,0.29405779,0.41289061,0.013950869,-0.18977033,-0.32038119,-2.0075128,-0.6119979,-0.892214,-0.018338932,-0.84788162,0.22434738,-0.12060495,-0.25961053,0.071643665,0
0.53256321,0.27558577,0.23662359,0.49541193,0.48607099,0.51086974,0.49372464,0.48266453,0.49551004,0.50087249,0.48208863,0.47648171,0.48439425,0.46659267,0.49294645,0.47849762,0.48819029,0.51589608,0.5014801,0.47996294,0.47795951,0.494966,0.47530061,0.46503425,0.49472761,0.4875136,0.50126725,0.48688096,0.47474945,0.48847663,0.47022432,0.48554498,0.45079038,0.48366332,0.49187708,0.43485957,0.46314234,0.48888507,0.46741676,0.47750574,-0.94324106,0.21235,0.57342649,0.55425525,1.4190105,1.7212663,1.5170139,0.89396107,1.0375056,1.7999036,1.5284576,1.3793559,0.52065849,-0.26101282,-0.20292565,-0.3761954,0.80461735,0.4425928,0.49784452,0.4070974,-0.81049532,-0.025089271,-0.56013948,0.30104494,-0.75109422,-0.16643286,-0.19927792,0.56784356,0.075372934,1.664326,-0.16441114,0.28236246,-1.2030295,-0.12274617,-0.17015842,1.1911349,-1.0522333,0.80516982,0.31301183,-0.96754956,-0.14722687,-1.2486267,-0.63140738,0.47101575,1.1062433,0.65755427,-0.014546974,-1.7742008,0.74611723,0.16693053,-1.1112316,0.41557103,0.029041175,0.035493486,0.62435055,-0.055437438,0.23316765,-0.445301,0.08154203,0.70726049,-0.58504528,-1.0674207,0.047777716,0.50278234,-0.36297071,0.23020487,0.063389324,-0.20699087,-0.043294974,-0.36956137,0.51061058,0.74876922,-0.17697597,-0.40899509,-0.53448361,-0.083159596,0.53259993,-1.1018404,0.48520565,-1.2261212,-0.3769078,-1.8999467,-1.0456553,-0.050608523,-0.60383469,0.26555806,-0.45492965,0.043649286,-0.089704521,-0.15987182,-0.73517019,-0.55688471,-0.16356182,-1.047943,-0.10026444,-0.086913027,0.14051689,0.11811619,-0.40382138,-1.7584593,-0.06625998,0.49816096,0.81817615,-0.17610788,0.59773421,0.35166526,0.0384195,-0.51897973,-0.23294571,0.26859531,-0.57543564,-0.26868778,0.51866955,-0.32226959,-0.73147833,-0.026319975,-0.63867283,-0.4904108,0.24651381,-0.33409649,0.1085487,-0.73703855,0.69180977,0.68547899,0.19839811,0.01797802,-1.7292227,0.66331744,-0.056611847,-0.18346739,-0.066494569,-0.58902085,0.063847795,-0.10396025,-0.76052296,1.0587192,-0.73814327,0.2223313,0.50710642,-1.8221589,0.023568153,0.32963598,-0.14431347,-0.46637142,-0.93003988,0.55513722,0.20107913,0.42227104,0.7611565,-0.72278458,-0.28491277,0.070672363,0.060337946,0.26007807,0.42686433,0.081055321,-0.15980878,-1.3085947,-1.762719,-0.74906087,0.31978834,0.61980218,0.24116747,-0.48453897,-0.33082461,0.074981406,1.2384553,-0.049599804,0.002655387,-0.32219642,-0.29607186,1.1499819,0.20139223,0.31856257,0.72601688,-0.23494653,-2.274756,-0.11378976,0.41427049,0.003940574,-0.13785656,-0.90597945,0.21395463,-1.6271932,0.22255403,-1.1730467,0.39688787,-0.018905476,-0.91770726,0.10674099,0.21631929,0.34790614,-0.27407664,-0.48241317,-2.797225,0.3870025,-0.52090818,0.050558008,-0.048694141,0.20387559,0.46676561,0.16534217,-0.22062097,0.61287117,-1.6307151,-0.75139707,-0.26655799,0.45523906,-0.41007414,0.22298318,0.18840164,0.53540552,0.002540449,0.49995556,0.45118886,0.83432573,-0.88990307,-0.19506979,0.68668282,-0.073619187,0.25111943,-0.028662084,-0.33865079,-1.1904932,-0.51670772,0.18103486,-0.33319831,0.37960362,1.1735585,0.421996,-0.51308554,0.28027469,-0.24674413,0.55483121,0.59642845,-0.4112252,0.056015141,1.564811,0.15281275,0.16022627,-0.94623834,-0.20433366,-2.0815289,1.0467696,-1.4834441,-0.30136845,-0.1885874,-1.871012,-0.082491323,0.098519176,0.046756737,0.73122215,0.62355769,0.18399101,-1.9909029,0.87518179,0.056220755,1.24438,-0.078824922,-1.2220776,-0.1364238,-0.88749015,0.58412075,0.20160384,-0.9443661,0.4292224,-1.8954457,-1.7593567,-1.4077665,-0.47816557,0.32532907,0.49871689,0.33741921,-0.96251523,0.84888053,-1.3504502,-0.2790893,0.31949744,-1.2862802,-0.084399074,0.069443926,0.52200985,0.074690387,0.33080336,-0.027465519,0.47352055,0.033292897,0.40907776,0.064881019,-0.16050714,-0.70874125,0.5547815,1.1311432,-0.69218636,0.54032809,0.63725638,0.50623453,-0.81790513,0.76931971,0.4715932,-1.0084118,-0.64445347,0.13132408,0.087448955,0.18223344,0.84077901,-0.38509303,-0.49570724,-0.56013542,-0.00538999,0.66517591,-0.20807071,0.029267643,-0.4522635,0.23783486,1.1995292,-1.0881809,0.18345684,0.31779829,-0.63266903,-0.095265441,-0.24768266,-1.5410182,-2.0996904,-0.45798582,0.72159618,0.062953308,-0.35559851,0.72719949,0.19309346,0.60378438,0.33855346,-0.37369657,-0.49824774,0.30840722,0.053713024,-0.12576321,-0.64292914,0.2431657,0.22214061,1.3494623,-1.7266481,-0.029787945,1.5896286,1.624776,0.45203057,-1.3121325,-0.40316665,-0.53068221,-0.28379723,0.038649581,0.28116757,0.8229236,0.89613301,0.44763505,0.042880222,0.21492356,0.89749861,0.71946669,1.010161,-0.89054984,0.24637586,0.19190106,0.14465792,-0.45292106,-0.18141104,-1.7924941,0.4104096,0.041196778,-0.30772597,-0.15355575,0.33758914,0.1697019,-0.72507221,0.23196888,-0.13743925,0.25890279,-0.24311841,0.75506842,1.135178,0.28239346,0.048963025,0.60897332,-0.11490479,-0.056135289,-1.1197782,0.31459197,-0.72543079,0.26378578,0.83789814,-1.0182689,-0.40208942,0.40000185,0.42658395,-0.57516527,-1.0398397,0.58244771,-0.49337658,-0.089947052,-1.5225559,0.19996625,-0.071574256,-0.57576478,-0.58331287,0.96428907,0.51712763,-2.058346,-1.144815,-0.45563728,0.038254637,0.28875977,-0.043412756,0.062702894,0.49277848,0.30519891,-0.23155507,0.36832052,0.35800901,0.39449161,-0.07872276,-0.23192874,0.24221934,-1.5020467,0.030297326,0.38472518,0.063803107,0.1935825,0.54060745,0.88400209,-0.39325818,-0.79275268,-0.30605805,0.01229059,-2.0183561,0.41354567,0.46570587,0.46950918,-0.81180423,-1.2938823,0.26836511,-0.61005813,0.014696285,-0.082755022,0.016602904,0.26202351,0.17768323,0.40747958,0.37583083,0.041323781,-0.20784925,-0.35201505,-2.3493347,-0.65171629,-1.0105873,0.10715207,-0.9638207,0.2006817,-0.11430986,-0.39011195,0.086267978,0
0.50091195,0.2334006,0.21065465,0.46776313,0.46418816,0.48942205,0.4710924,0.45353973,0.46738029,0.46527308,0.46470985,0.46320865,0.46353322,0.44559479,0.47076058,0.4548741,0.46944514,0.48427767,0.4673869,0.46042788,0.458754,0.45854735,0.45548147,0.45786244,0.46383095,0.45521724,0.46550953,0.45396328,0.4655152,0.46103066,0.45506537,0.4658739,0.45075464,0.44944471,0.4605248,0.44477031,0.44728243,0.46540338,0.43674141,0.44945994,-0.89234471,0.1930967,0.49762326,0.52959245,1.4737971,1.6761652,1.4432614,0.84991127,0.96718609,1.7740703,1.5429415,1.334074,0.40944606,-0.21464071,-0.25872475,-0.31616619,0.67232835,0.37055489,0.37729785,0.3195799,-0.89560461,-0.016169995,-0.548177,0.33681962,-0.86339694,0.013678398,-0.15898076,0.61025274,0.091669455,1.5853224,-0.11379921,0.2265372,-1.1240163,-0.28400764,-0.053518947,1.0055692,-1.0657878,0.62268734,0.19066077,-0.96481907,-0.13716596,-1.3061361,-0.53831977,0.33352306,0.90749586,0.55849171,-0.098131686,-1.655076,0.53149885,0.15497032,-1.0241289,0.59629029,0.07246875,0.031796634,0.5634523,-0.13260813,0.49648336,-0.42165512,0.46368557,0.58701074,-0.56534588,-1.1766974,0.003277168,0.49109089,-0.092771202,0.070692964,-0.10773809,-0.20736036,-0.019176811,-0.31931967,0.48554128,0.64352787,-0.12798724,-0.36183897,-0.47281194,-0.048862278,0.3905682,-1.0322829,0.30646667,-1.3909773,-0.41766846,-1.7263287,-0.90579075,0.027237028,-0.63177466,0.37820905,-0.38541609,0.23596542,-0.12358494,-0.17258233,-0.67845005,-0.6055789,-0.26786065,-1.0154921,-0.17655914,-0.095596939,0.12540764,0.13248014,-0.41518056,-1.5798165,0.31743333,0.50071073,0.83599699,-0.077598676,0.5048849,0.27372035,0.081148945,-0.5158416,-0.34094748,0.34224764,-0.56783909,-0.18347159,0.38251042,-0.1995883,-0.68891668,0.021475993,-0.56914634,-0.41498393,0.22591774,-0.25166652,0.00166256,-0.69776595,0.75900626,0.73494583,0.22650158,-0.045380563,-1.8110381,0.62478024,-0.035320282,-0.1998473,-0.070230216,-0.50955981,0.074644201,-0.14519949,-0.70664871,1.0485007,-0.71048319,0.19150138,0.49085543,-1.337519,-0.12989087,0.4300729,-0.10327028,-0.54052979,-0.84421647,0.66808134,0.15360188,0.13698092,0.80605799,-0.65031821,-0.3351652,0.073021218,0.036965255,0.13935959,0.10240765,0.19206148,-0.084531121,-1.2554291,-1.6552923,-0.72772563,0.31004184,0.51952916,0.18382774,-0.41873282,-0.2271699,0.18463928,1.2399625,-0.23323479,0.16333413,-0.22333559,-0.15811741,1.1211729,0.15159978,0.26036954,1.0069466,-0.076371387,-2.0990982,-0.12542737,0.42615265,0.001288414,-0.22265097,-0.72080117,0.082938112,-1.3536872,0.22063632,-1.0534371,-0.010010093,0.13000536,-0.87105966,0.099299304,0.57757407,0.4043892,-0.23296919,-0.55623019,-2.572499,0.35899478,-0.64335084,-0.037086796,-0.010686927,0.15340896,0.38021404,0.10152881,-0.16047207,0.64355719,-1.5504327,-0.86968702,-0.71468168,0.39298564,-0.4669205,0.1141989,0.19824953,0.3977083,0.058367487,0.5431478,0.4727487,0.81330919,-0.88312674,-0.34299612,0.4417181,-0.13025352,0.19618505,0.035439737,-0.30306679,-1.2173992,-0.4750438,0.18522108,-0.41488963,0.44065335,1.0816904,0.40504718,-0.50714028,0.11229572,-0.40907037,0.63860363,0.33352274,-0.39210489,0.1006461,1.8206532,0.13207425,0.1784402,-1.0916252,-0.25013706,-1.9600565,0.98629594,-1.3433956,-0.150984,-0.32762378,-1.7075502,-0.21148589,0.065537997,0.15832402,0.55563194,0.28213471,0.1988821,-1.8126904,0.81672859,0.099205963,1.1329592,-0.067338564,-1.2307608,-0.095361456,-0.73766714,0.49646023,0.1303232,-0.737158,0.36010471,-1.6975093,-1.6561007,-1.3785545,-0.34678906,0.38053,0.44213676,0.19736865,-0.81373632,0.70237643,-1.0852406,-0.30666214,0.25406462,-1.0274298,-0.073875375,0.040668547,0.37380996,-0.023501288,0.43036577,0.01757713,0.44375795,0.088533804,0.42654091,-0.011786643,-0.078540422,-0.66535395,0.41212773,0.98421955,-0.39557686,0.61505973,0.5546121,0.48221397,-0.73044562,0.69509619,0.43445137,-0.93398023,-0.55529422,0.0674854,0.080686972,0.26635545,0.70952433,-0.34863323,-0.43872827,-0.53943253,0.004831232,0.55067062,0.064254165,0.080495469,-0.32375664,0.22084753,1.0492948,-0.98998713,0.17428367,0.34078375,-0.57657045,-0.021378208,-0.27109253,-1.328347,-1.99139,-0.28660175,0.61399889,0.091845885,-0.22122176,0.74453676,0.311079,0.49457535,0.25334975,-0.30864128,-0.33215228,0.21398306,0.035819728,-0.10452906,-0.69357461,0.21687038,0.22622421,1.235025,-1.6158235,0.020405397,1.5826471,1.4761962,0.64703345,-1.354666,-0.26394147,-0.47737932,-0.1946782,0.004200293,0.33974248,0.83047599,0.73672104,0.33510259,0.16509749,0.2730723,0.69817209,0.74380946,1.0184612,-0.86584669,0.30554634,0.19835249,0.26946524,-0.42133367,-0.18359923,-1.6920462,0.31723174,0.046777297,-0.41243708,-0.20553502,0.31740895,0.16675958,-0.75257927,0.26177108,-0.3208729,0.045960203,-0.044617742,0.49145958,1.1145136,0.21642461,0.00188092,0.63311523,-0.37326524,-0.042284515,-0.99453938,0.25101021,-0.71902663,0.064367108,0.63110858,-0.95660651,-0.28758046,0.44296262,0.41425166,-0.48728806,-1.0920371,0.57892549,-0.43561628,0.07669773,-1.6807882,0.27951628,-0.19379145,-0.68862808,-0.47179273,0.89822656,0.56491774,-1.7966324,-1.1194627,-0.38073307,0.032599006,0.21877371,0.020001253,0.007678947,0.41234571,0.22761895,-0.13717382,0.40922993,0.31918618,0.48496544,0.043792635,-0.12519392,0.22145055,-1.4377797,0.001119392,0.332187,0.059442744,0.24949802,0.60136229,0.91399944,-0.36415464,-0.69392681,-0.39231163,0.11306946,-1.7652586,0.37511966,0.46654284,0.39806288,-0.6991266,-1.1558133,0.27732998,-0.60778183,0.017618567,-0.007439099,-0.064788461,0.26105535,0.35328996,0.33350989,0.43295926,0.03058807,-0.066650763,-0.37607932,-2.1996882,-0.6402477,-0.86231881,0.019231245,-0.7981016,0.27030066,-0.1337662,-0.24076036,0.18133935,0
0.53238291,0.27585623,0.24973154,0.53144878,0.52632201,0.54400909,0.52469754,0.51238298,0.52544916,0.5312022,0.52113473,0.51979363,0.52290857,0.50414515,0.5339368,0.51728135,0.52340961,0.54759324,0.53134072,0.50938058,0.51009381,0.51979035,0.51478344,0.51541364,0.52331918,0.51498282,0.5318892,0.52007824,0.52505976,0.52113378,0.5153845,0.52316862,0.50463653,0.50862175,0.51937771,0.49369425,0.4977088,0.51609612,0.50003266,0.5069645,-0.62399197,0.22097366,0.3262946,0.34551015,1.2781239,1.6562284,1.2510146,0.64995873,0.7675932,1.5778966,1.3641903,1.1460413,0.39691254,-0.16327132,-0.23162645,-0.14658414,0.70729524,0.39225492,0.411008,0.32228532,-0.27227777,0.007016195,-0.4330256,0.43206799,-0.66748863,-0.038326673,-0.16362704,0.4912931,0.15946217,1.4312788,-0.19433333,0.26478243,-0.87486994,-0.18458001,-0.020161558,0.96470034,-0.88409787,0.64443177,0.24803115,-0.8341651,-0.11688164,-0.95228207,-0.46740779,0.31479138,0.9953711,0.63749927,0.00845176,-1.4101002,0.58342063,0.15573338,-0.85305071,0.58013701,0.045684472,-0.046146952,0.50711191,0.020474002,0.34711072,-0.36539158,0.090965018,0.59207833,-0.63114744,-0.97050786,0.06974446,0.42597786,-0.42044327,0.10261684,0.060173009,-0.096706264,-0.091658354,-0.29029757,0.32079226,0.69001663,-0.1282706,-0.36258879,-0.5164097,0.16539614,0.38218692,-0.87021101,0.32034755,-1.0776594,-0.32571349,-1.5919042,-0.9282943,-0.053262688,-0.48040318,0.27111858,-0.40389326,-0.020629793,-0.068031244,-0.13611826,-0.61133587,-0.41654143,-0.047432601,-0.95543265,-0.14260501,-0.1037524,0.15106213,0.26419395,-0.3891944,-1.4754175,0.22825554,0.42759368,0.72360891,-0.11357052,0.36532605,0.26005805,0.058239821,-0.45999157,-0.22506355,0.26294279,-0.55388689,0.002630591,0.43897086,-0.1851164,-0.63066137,-0.038202148,-0.59525388,-0.50411296,0.15104493,-0.25432315,0.11038123,-0.58879673,0.6526916,0.52966762,0.082025871,-0.20733887,-1.5718917,0.50662076,-0.087517843,-0.066058621,-0.01762636,-0.53432077,0.043314964,-0.085879229,-0.54454875,0.80692071,-0.49048185,0.16057719,0.45115322,-1.310297,-0.12701741,0.24528904,-0.11815113,-0.45597357,-0.81543112,0.40510321,0.13104329,0.4576717,0.66778743,-0.62742406,-0.26368907,0.11265214,0.28426835,0.12583129,0.21785825,0.17898889,-0.14840105,-1.0960718,-1.4429593,-0.6846773,0.3068583,0.67877036,0.20569564,-0.40797088,-0.46561044,0.10592759,1.2044024,-0.11319534,0.037929494,-0.3231408,-0.25585693,0.97161674,0.13534817,0.29988766,0.56104553,-0.061871797,-1.7103826,-0.12250239,0.28137341,-0.01043356,0.25343916,-0.68743396,0.15564565,-1.3324271,0.23283333,-1.1331391,0.39616382,0.079193838,-0.78210598,0.11857218,0.1955274,0.38956177,-0.21467759,-0.37896892,-2.3997099,0.32306334,-0.38278329,0.075418487,-0.11043571,0.1943095,0.45726889,0.15703499,-0.30907005,0.64726943,-1.3976452,-0.70234555,-0.43652463,0.36064047,-0.29842943,0.13212904,0.13817833,0.40657467,0.03242363,0.48758876,0.33313099,0.68532264,-0.72541976,-0.19217947,0.60565484,-0.05511906,0.22310203,0.028573636,-0.2321696,-1.0109781,-0.40935153,0.083892323,-0.23575431,0.50517601,1.0083843,0.35711473,-0.41146663,0.20976748,-0.33552548,0.53034198,0.43305159,-0.39287901,0.064330615,1.484593,0.092582189,0.30246216,-0.865201,-0.13134778,-1.8673216,0.89112508,-1.199246,-0.3431837,-0.15579045,-1.290555,-0.1022047,0.10211058,0.19266129,0.14794269,0.40804404,0.26462188,-1.5189291,0.66874194,0.12358882,0.98741609,0.007599242,-0.94537663,-0.075780481,-0.75930959,0.52664524,0.036168456,-0.79953694,0.38290042,-1.6189767,-1.6000751,-1.1557579,-0.24243307,0.25413078,0.22159147,0.27211958,-0.81424487,0.68495744,-1.167001,-0.20572306,0.3211998,-1.0999012,-0.055060215,0.052521169,0.41192585,-0.048818849,0.32589483,-0.023028918,0.29453778,0.062082894,0.50040329,0.098369494,-0.097585775,-0.64186871,0.45453107,0.98940092,-0.42953604,0.63134885,0.52489698,0.50452834,-0.5931527,0.66734833,0.44961724,-0.87746543,-0.56958658,0.11072706,0.023873463,0.25029889,0.75877154,-0.33084044,-0.52110964,-0.4634994,0.035341799,0.45665067,-0.22066289,-0.11731931,-0.29635781,0.25237533,1.0712217,-0.95905304,0.16501783,0.31813133,-0.54819322,-0.067895718,-0.2618202,-1.2169915,-1.7390592,-0.21422389,0.6650359,0.13974172,-0.3808389,0.77187592,0.11484812,0.50410336,0.26163748,-0.23162588,-0.45259792,0.2759406,0.027061842,-0.15878701,-0.59630013,0.19685292,0.2283963,1.1557,-1.542632,-0.11294006,1.3849857,1.4278011,0.19144052,-1.0684172,-0.30437788,-0.45314264,-0.15016569,0.062770113,0.27136689,0.6815846,0.45456979,0.44669971,0.097728319,0.23960882,0.61346704,0.64189529,0.83522707,-0.75245923,0.37980404,0.1809472,0.16406241,-0.28175208,-0.21457063,-1.4184717,0.35551131,0.054572467,-0.34183991,-0.11473583,0.33706793,0.14248188,-0.70940417,0.22861783,-0.19010118,-0.14402631,-0.1542519,0.46655136,1.0112056,0.30480379,0.07125815,0.52177471,-0.1570808,-0.026298605,-0.95257998,0.24735472,-0.54953247,0.059936762,0.5803352,-0.90494663,-0.31925708,0.30795503,0.43048316,-0.53126919,-1.0394887,0.56047004,-0.50622255,0.06116049,-1.1989132,0.18467273,-0.1496698,-0.44581082,-0.54738683,0.84100723,0.41919255,-1.7132083,-0.9878878,-0.33635342,0.002041995,0.25603831,-0.076176584,-0.002350999,0.39013648,0.2697632,-0.21720904,0.20515901,0.37033483,0.31452286,0.008805916,-0.13124251,0.2096834,-1.3539631,0.004319924,0.337713,0.037819568,0.20523694,0.56136858,0.84063292,-0.32764769,-0.68592441,-0.39312476,0.14240204,-1.5635655,0.3555178,0.28757337,0.39315122,-0.56166244,-1.106549,0.28115764,-0.47763267,0.13282561,-0.018336713,-0.10306255,0.31542262,0.23812522,0.3224265,0.34455258,0.017017435,-0.14344129,-0.31515515,-1.9439046,-0.64324903,-0.88550824,-0.016265472,-0.84617293,0.20712657,-0.045863956,-0.31788355,0.11075804,0
0.53424048,0.26272094,0.25176272,0.51397765,0.50032169,0.53341693,0.51378024,0.4913426,0.51215416,0.51521814,0.51000619,0.49555856,0.50445884,0.49334168,0.51530325,0.49452683,0.49554414,0.53591377,0.51725149,0.49893898,0.5016551,0.50680757,0.50084627,0.49718952,0.51666248,0.50028747,0.50897819,0.49861473,0.50848329,0.50622916,0.497697,0.50564444,0.48473614,0.49634242,0.50816631,0.48200655,0.49007088,0.50214392,0.48255426,0.4908269,-0.76945639,0.22422698,0.27828187,0.28068256,1.2247368,1.6048648,1.1974078,0.60189044,0.73137724,1.5346569,1.3229917,1.0875283,0.34324703,-0.15481006,-0.19788632,-0.20781741,0.56183261,0.33224896,0.4549562,0.31239954,-0.49163535,0.032620795,-0.38692743,0.28193548,-0.7297138,-0.14032415,-0.15141484,0.37364689,0.29908484,1.109617,-0.16119564,0.21448731,-0.89709961,-0.073211595,0.03303501,0.75703478,-0.93883294,0.55504513,0.47124046,-0.73079383,-0.078048974,-0.92348123,-0.43276456,0.15253299,0.76833272,0.61231554,-0.023842428,-1.3704313,0.42689252,0.144943,-0.81695342,0.55663025,0.049434673,-0.1800597,0.49051517,-0.058040373,0.27708876,-0.45358732,0.018153269,0.4680661,-0.51318604,-0.90905273,0.10902947,0.37012765,-0.24806035,0.15991417,-0.003265852,-0.15605552,0.024770916,-0.30648351,0.3123523,0.73074645,-0.068449423,-0.27939093,-0.46591669,0.27681738,0.30105609,-0.81849104,0.3599923,-0.94932485,-0.36634994,-1.5475231,-0.89388746,0.009799745,-0.44239372,0.16519822,-0.30295315,0.11090588,-0.050493672,-0.19726022,-0.55908072,-0.15979153,-0.29553932,-0.92635012,-0.05105342,-0.23545328,0.17705733,0.32041508,-0.40429932,-1.4492247,0.2959843,0.43429333,0.6486702,-0.071059987,0.41650629,0.34286231,0.081794493,-0.46401358,-0.1843829,0.21607447,-0.32756054,-0.15579195,0.33049756,-0.21453513,-0.67886734,-0.080107912,-0.55394566,-0.50785184,0.22197765,-0.23856208,0.070387527,-0.68924874,0.53443009,0.54503208,-0.066399671,-0.004591052,-1.5196657,0.35997635,-0.12125447,-0.040723577,-0.04696653,-0.52410167,-0.075129539,-0.03189674,-0.57565522,0.70039034,-0.64454573,0.15781501,0.30264783,-1.3753102,-0.16702995,0.30593491,-0.035751611,-0.56146222,-0.82113099,0.50997955,0.2484591,0.67653149,0.62844247,-0.59562749,-0.22546235,0.14431256,0.09398666,0.16395037,0.45507219,0.10314985,-0.16710252,-1.0346515,-1.3051836,-0.65252882,0.28898945,0.31218192,0.16084912,-0.42517123,-0.20008263,0.13729271,1.3822746,-0.071393736,0.055939164,-0.40268803,-0.35639718,0.86417586,0.1644308,0.24233706,0.38934946,-0.031239863,-1.7024114,-0.11592402,0.33589566,-0.021222249,-0.21211696,-0.69069278,0.16576537,-1.4198818,0.24795033,-1.2365535,0.59686249,-0.13105032,-0.70903432,0.023097865,0.17019892,0.44924387,-0.18251723,-0.25154611,-2.4015427,0.22557104,-0.37820512,0.007236004,-0.10295701,0.069596976,0.48587719,0.15767354,-0.22109643,0.52969557,-1.3695607,-0.71019483,-0.30749324,0.27749211,-0.36778468,0.10143992,0.29384068,0.44629282,0.062679723,0.41883498,0.30673814,0.67673278,-0.63979423,-0.28813833,0.24207646,-0.004854437,0.25457543,-0.019715758,-0.28810099,-0.9195165,-0.4026503,0.090163983,-0.23503348,0.47583219,0.95046115,0.41488555,-0.34157863,0.16675337,-0.29935735,0.48834354,0.40093535,-0.30515549,0.10907571,1.1908878,0.067755625,0.087821171,-0.83550113,-0.083334103,-1.7199428,0.93607998,-1.2280629,-0.33953789,-0.28073254,-1.4390308,-0.091121286,0.15766355,-0.06844753,0.26542467,0.23406279,0.094602376,-1.5734258,0.60529113,0.081407428,0.82345253,-0.014490865,-0.86987555,-0.1517565,-0.75620967,0.5113191,-0.061880231,-0.77292174,0.22900327,-1.5381812,-1.6385955,-1.149943,-0.26371279,0.27013195,0.000920534,0.35201403,-0.78249359,0.57465678,-1.2581923,-0.16482086,0.3356086,-1.0353945,0.054227863,0.12388887,0.45956895,-0.32037136,0.24105363,0.029793896,0.1667012,0.10957605,0.69425613,-0.032302067,-0.032449543,-0.81599933,0.35701528,0.84364945,-0.40266153,0.50402427,0.47611165,0.54524988,-0.56377953,0.55973744,0.3036353,-0.97168171,-0.47866207,0.13421507,0.15144239,0.21999028,0.62838763,-0.30084246,-0.52546096,-0.51114321,0.033922605,0.39678121,-0.10844076,-0.031592242,-0.23230058,0.18606813,0.89698279,-1.0298337,0.14707893,0.29383007,-0.56827271,-0.086987346,-0.26774213,-1.2632033,-1.6680069,-0.23360673,0.5732035,0.1419193,-0.37329417,0.69554973,0.1881381,0.35688633,0.2120342,-0.25651056,-0.37502354,0.1816529,0.1320421,-0.011032403,-0.50820744,0.21502267,0.16411093,1.0044301,-1.5273994,-0.081874803,1.2219446,1.1927304,0.27891627,-0.96905822,-0.21716547,-0.45176196,-0.081011102,0.028681938,0.43432459,0.57776654,0.46826082,0.27270195,0.15536307,0.15147673,0.60856217,0.67074418,0.559017,-0.70372826,0.25625238,0.24323258,0.21817841,-0.31558919,-0.2136873,-1.3970125,0.28671816,0.057141125,-0.32101953,-0.095052868,0.20011002,0.13723516,-0.66201919,0.25636187,-0.16440506,-0.33360103,-0.15036285,0.43180031,0.92228001,0.28053498,0.0728686,0.49908838,0.033124052,-0.11555271,-0.93581796,0.25895786,-0.50746882,-0.061025545,0.39121509,-0.94212228,-0.40432274,0.24704736,0.37880152,-0.46689075,-1.0707008,0.55093378,-0.53224927,-0.11878539,-1.1397402,0.26950347,-0.012704641,-0.36919516,-0.43292946,0.80832708,0.46102107,-1.673479,-0.92910707,-0.31579816,0.094473176,0.19263141,-0.014129468,0.013548745,0.42983383,0.17682694,-0.20020707,0.27657062,0.32795963,0.35653502,-0.099574454,-0.026715361,0.22505006,-1.2703737,0.029918354,0.33394802,0.010827255,0.32175672,0.58422148,0.54856968,-0.33407542,-0.72546417,-0.392885,-0.012112133,-1.6306578,0.29048416,0.25134319,0.40422821,-0.54628062,-1.0335579,0.11915453,-0.56152546,-0.066875309,-0.001917072,-0.11988814,0.54735225,0.14505017,0.28337917,0.48148742,-0.018601203,-0.11206518,-0.30182698,-1.931561,-0.58148777,-0.74973023,0.1633116,-0.79406601,0.18088287,-4.24E-05,-0.29337072,0.035421953,0
0.50350446,0.23983598,0.22637793,0.47138631,0.45257586,0.4881202,0.46949202,0.43996233,0.47207201,0.47094801,0.46844319,0.46690953,0.46475804,0.44421822,0.47432697,0.46826917,0.46879077,0.49355525,0.48006195,0.46098465,0.4527185,0.46507064,0.45666099,0.45701438,0.47392917,0.45861512,0.46515548,0.46336019,0.4683786,0.47050679,0.45447659,0.4669686,0.45291895,0.45972049,0.46825555,0.43555409,0.4443121,0.46527827,0.43402433,0.45042866,-0.80917233,0.21590199,0.30047613,0.31678227,1.2629473,1.6500506,1.2288907,0.62786704,0.75905192,1.5579677,1.3488245,1.1173564,0.33263263,-0.21502057,0.1534743,-0.32819712,0.54192591,0.28891432,0.33312052,0.26384711,-0.62773919,0.008086882,-0.37193078,0.21696523,-0.69088203,0.25087151,-0.27253973,0.69232458,0.12687579,1.5290343,-0.14984076,0.16619577,-0.9599098,-0.3176018,-0.003374592,0.79002464,-0.83918756,0.53943634,0.17499182,-0.97977251,-0.12325286,-1.1970863,-0.55026609,0.64878654,0.77525866,0.55567795,-0.032410279,-1.5768054,0.59903532,0.143592,-0.77351642,0.27791315,0.002968866,0.12706521,0.9045428,-0.084614031,0.44727769,-0.46735817,0.045062147,0.49338567,-0.47826385,-0.96404439,0.13988328,0.59748197,-0.31083408,0.06788969,0.027327666,-0.10276264,0.084817454,-0.33810776,0.49270144,0.71385878,-0.1365259,-0.22135256,-0.55147409,-0.075847089,0.45414522,-0.9783774,0.36572105,-0.78195381,-0.54122138,-1.5880014,-1.0305119,-0.062828943,-0.55845082,0.36742499,-0.35516989,0.28047052,-0.17191836,-0.090357721,-0.69842643,-0.62383795,-0.18942189,-1.021421,-0.22121119,-0.16470002,0.19172098,0.22523558,-0.46840665,-1.6543545,0.20500535,0.45268607,0.82773566,-0.24154069,0.46988079,0.33240122,0.066927701,-0.2743971,-0.19652262,0.32784617,0.050435603,-0.071039692,0.30069858,-0.30821744,-0.67042482,-0.078608602,-0.57964152,-0.52206296,0.56340957,-0.27987617,-0.033054642,-0.57860368,0.63054657,0.46459907,0.058351573,-0.068266764,-1.8068283,0.62444556,-0.088242322,-0.15239517,0.26980335,-0.51556218,-0.1165261,-0.15494201,-0.70840728,1.1136177,-0.68870664,0.39912623,0.32929811,-1.4324738,-0.18370736,0.46587139,-0.10486403,-0.29529983,-0.8693884,0.61940849,0.31710166,0.36581448,0.88423789,-0.61799693,-0.27287143,0.036081828,1.2793738,0.002052814,0.20968199,0.019962624,0.15139632,-1.2066956,-1.6306758,-0.75868368,0.20489801,0.51517802,0.13339919,-0.55135959,-0.28400138,0.16172662,0.94606197,-0.53752452,0.052627817,-0.36290175,-0.21003628,1.1605487,0.19636339,0.26588246,2.1168272,-0.16963132,-2.2972195,0.061933063,0.66224599,0.11376396,0.031527437,-0.73214477,0.018557511,-1.4737017,0.21017489,-1.0857308,0.10417652,0.16131842,-0.87515271,-0.032586344,0.5242101,0.4653514,-0.18280959,-0.55778551,-2.5012796,0.19711789,-0.30692959,-0.036747597,-0.10413007,0.43154573,0.213506,0.033936661,-0.080913804,0.54435199,-1.4753622,-0.87580359,0.13334091,0.38210565,-0.43000507,0.14341567,0.11265261,0.44849771,0.005133688,0.52640188,0.46838778,1.1451392,-1.0129265,-0.39628735,0.23565421,-0.22485778,0.15160412,0.017392352,-0.12447853,-1.2069045,-0.41021222,0.15010822,-0.40927273,0.44990388,0.98337328,0.42906502,-0.4697507,-0.02945821,-0.34584543,0.28538552,0.47018448,-0.34177315,0.089230135,1.3940723,0.14546873,0.11870776,-0.95493418,-0.22603582,-1.8435023,0.75994384,-1.4503574,-0.23077992,-0.23604025,-1.3506684,-0.41505063,0.1039883,0.15689291,0.40158212,0.37964839,0.40827769,-1.6886351,0.83849108,-0.01483993,1.0761905,-0.094981328,-1.0089422,-0.07164754,-0.83352852,0.47683302,0.26354668,-0.73889166,0.12879062,-1.6874441,-1.7632993,-1.4119226,-0.38171625,0.70868331,1.0770743,0.16572437,-0.81359524,0.60986215,-1.233241,-0.3222324,0.17123875,-1.0185325,0.026652163,0.02785714,0.18692768,0.30586725,0.35400933,-0.059812635,0.64949417,0.05387494,0.41939497,0.009723444,-0.15802199,-0.83033639,0.34836096,0.90451998,-0.52537048,0.8535589,0.50358498,0.51873899,-0.71603924,0.40624318,0.30745289,-1.0339941,-0.63301569,0.095365755,0.098320246,0.18637235,0.75431812,-0.26244423,-0.38116199,-0.48822439,-0.30177847,0.57853764,-0.16458993,0.12278017,-0.27701357,0.14533056,1.0415709,-0.98310816,0.10280988,0.27397099,-0.57116377,-0.029580791,-0.33076429,-1.3651297,-1.8912133,-0.3293575,0.50759453,0.093389794,-0.24407685,0.66051364,0.24392724,0.5137015,0.22057103,-0.080668077,-0.53475761,0.17320839,0.067589782,-0.16483796,-0.69618374,0.95231473,0.091294825,1.2854408,-1.6674149,-0.17041232,1.1904032,1.5443593,0.51833326,-1.2584465,-0.29428345,-0.50873929,-0.14085808,0.24895498,0.55959857,0.71847618,0.66046274,0.29489675,0.47631356,0.23705071,0.71815753,0.69576097,1.2364092,-0.9901039,0.28373733,0.30002883,0.1383383,-0.40314442,-0.1468012,-1.2730764,0.26056781,0.039725881,1.3110456,-0.07222347,0.084838629,-0.061616689,-0.6530152,0.2610237,-0.13146049,0.064944789,-0.15400057,0.16498634,0.76421559,0.24613605,-0.030502623,0.57839519,-0.12294412,-0.013828929,-1.0208859,0.30295664,-0.55557299,0.36044717,0.97612208,-0.83666074,-0.39642575,0.39144313,0.34256908,-0.70715553,-1.0896845,0.70308226,-0.53714871,0.26131147,-1.564881,0.17027426,-0.17847647,-0.58300751,-0.21362901,1.3155799,0.46938851,-1.766135,-1.2969384,-0.29392543,0.10156208,0.29823303,-0.083354697,0.046024729,0.38690627,0.18477315,-0.19289897,0.20665093,0.19879338,0.29069552,0.091804728,-0.39536312,0.097536296,-1.4463909,-0.12971261,0.42858458,0.14968377,0.14270227,0.57274109,1.1795878,-0.4543196,-0.76193881,-0.36444205,-0.1181514,-1.6643294,0.306995,0.36530954,0.91584313,-0.80406123,-1.1763554,0.32485905,-0.48067206,0.21765676,-0.026564598,0.71952045,0.70898235,0.20533517,0.32910734,0.35435361,0.015641479,-0.056696258,-0.53049707,-1.9336528,-0.77962613,-0.88832724,-0.1230443,-0.71780419,0.16769859,-0.23006976,-0.29797924,0.13678941,0
0.50615555,0.23880853,0.23121449,0.47097087,0.46316674,0.49672428,0.47288698,0.45057768,0.47421557,0.47318619,0.47181678,0.47051543,0.46502942,0.44923061,0.48111832,0.46000737,0.46783569,0.49887949,0.48413789,0.46069121,0.46993417,0.4656809,0.45960176,0.46206573,0.48418868,0.46266776,0.47051835,0.46212471,0.47369328,0.47254422,0.46526456,0.47628739,0.45637041,0.45630372,0.47067195,0.44258064,0.45092756,0.47551441,0.4457548,0.45176008,-0.85372293,0.21196482,0.3840332,0.42086941,1.3468091,1.7139952,1.3447562,0.72284949,0.85607839,1.6529018,1.4364409,1.2104917,0.34585452,-0.1693655,-0.26264623,-0.20072168,0.56785041,0.32126251,0.38516709,0.29532093,-0.45914504,0.042225048,-0.5232082,0.46811062,-0.5923593,-0.13272396,-0.14673972,0.37150633,0.19852608,1.3809806,-0.19726732,0.22301438,-0.98311687,-0.14396188,0.060186118,0.78466868,-0.95738935,0.60523927,0.20509814,-0.75726873,-0.11237872,-1.0081149,-0.4466953,0.13522997,0.77800566,0.57759702,-0.05363407,-1.4027928,0.66297811,0.11324559,-0.79439193,0.56406838,0.001569949,-0.019358549,0.45097688,-0.10489771,0.22213353,-0.38568053,0.022739142,0.47330764,-0.57741851,-0.96524775,0.10908139,0.33294153,-0.2579793,0.20165947,-0.003210325,-0.15088463,0.009558648,-0.32580066,0.51886928,0.72724372,-0.11134566,-0.26295197,-0.36280847,0.047993511,0.34503984,-0.77180606,0.27727857,-1.1063993,-0.33749822,-1.5788589,-0.84512424,0.009705979,-0.46831837,0.21525964,-0.35104391,0.009765364,-0.075724512,-0.16368842,-0.58869982,-0.35614598,0.058881767,-0.90670347,0.019087031,-0.14589953,0.12308067,-0.049562812,-0.4312683,-1.4509686,0.15141553,0.40603706,0.65623635,-0.055526718,0.63363081,0.36115131,0.046794165,-0.52543986,-0.11235349,0.18417442,-0.54256892,-0.11716975,0.36853537,-0.18124068,-0.72270381,-0.067766368,-0.5047546,-0.48405957,0.17162818,-0.13683625,0.069422647,-0.78119028,0.56919718,0.50675035,0.064020678,-0.091817588,-1.6431918,0.37959853,-0.051281758,-0.20402512,-0.073460758,-0.50288689,0.004368487,-0.013372451,-0.63239241,0.7449947,-0.64263874,0.14518055,0.34594655,-1.417063,-0.039854325,0.29691011,0.034636125,-0.40403607,-0.76068652,0.53981829,0.22936109,0.23824804,0.68835145,-0.60206479,-0.23411444,0.041552946,-0.028203418,0.2302964,0.17779616,0.20214292,-0.031629637,-1.0399791,-1.2987846,-0.72400874,0.24843201,0.47375089,0.22427744,-0.41633651,-0.22581559,0.11695471,1.1105011,-0.10907976,0.050030112,-0.33618271,-0.32546481,0.98253638,0.16453245,0.24334468,0.32838106,-0.077870354,-1.8997357,-0.1363247,0.48709777,-0.036391124,-0.030583952,-0.61273938,0.20913932,-1.3533893,0.18346307,-1.1623276,0.25534558,0.020622436,-0.7051329,0.061724894,0.26366451,0.25420949,-0.22711664,-0.48420602,-2.4143984,0.21743838,-0.27342466,0.0465056,-0.11098763,0.16227727,0.30731815,0.079345196,-0.25433779,0.44010687,-1.3457583,-0.72697771,-0.47152451,0.42676842,-0.4067328,0.12595594,0.22393925,0.48009673,0.049582586,0.46514204,0.28909439,0.6759935,-0.62872726,-0.27996254,0.94996393,-0.084973164,0.25323117,-0.13406318,-0.28321293,-0.97489959,-0.45683965,0.048860606,-0.37299606,0.55485743,1.1213485,0.38554582,-0.39653799,0.221562,-0.26079828,0.61232543,0.52906114,-0.28731006,0.070241742,1.3626621,0.15270291,0.07657031,-1.0309027,-0.18219221,-1.783947,0.81618673,-1.2489659,-0.29657587,-0.1769893,-1.3967607,-0.05104433,0.11799558,0.05914782,0.77157211,0.26764494,0.090108052,-1.5871468,0.57601458,0.020818815,1.0288179,0.04039333,-0.95632392,-0.19243667,-0.77501017,0.46600407,0.19886474,-0.82516187,0.35629785,-1.5219791,-1.6895548,-1.125536,-0.29206324,0.38240731,0.34308076,0.27670982,-0.68707335,0.48421529,-1.1727669,-0.1998881,0.25206766,-0.95371085,0.046445653,0.11872355,0.37734568,-0.10458872,0.41780782,0.066247217,0.36717212,0.11247298,0.35345909,-0.018459776,-0.016130842,-0.5865134,0.38413033,0.9561823,-0.30935526,0.46528643,0.51475775,0.58547533,-0.60536462,0.69776189,0.34120154,-0.87174374,-0.47723469,0.1146722,0.012587905,0.21106732,0.6845665,-0.32326111,-0.49801457,-0.5187605,0.028066561,0.59450692,-0.0494643,0.091185659,-0.19946259,0.17608728,1.2128918,-1.0172002,0.15242015,0.27429527,-0.57490182,-0.043227255,-0.2720809,-1.2572334,-1.6636279,-0.29637158,0.59777331,0.095926762,-0.34502754,0.64624548,0.075828746,0.49663299,0.23567781,-0.25672534,-0.31043038,0.2012426,0.074775063,-0.0468149,-0.61292845,0.20622899,0.19739296,1.1014664,-1.4685918,-0.015140384,1.2992557,1.4680128,0.23930027,-0.98591524,-0.24507053,-0.29260001,-0.12828605,0.027773604,0.32382339,0.55502242,0.55674112,0.32458866,0.12530412,0.20439561,0.59209085,0.68823349,0.77810133,-0.59536839,0.41384345,0.29165107,0.29397413,-0.30900073,-0.16969766,-1.401206,0.29062214,0.071766116,-0.33007756,-0.12446734,0.50567734,0.20850705,-0.54528117,0.12334399,-0.18973476,0.20583066,-0.086769275,0.69150597,1.0343491,0.26026648,0.028085634,0.47503218,-0.28539774,-0.085892946,-0.94444519,0.23599254,-0.51557702,-0.021700218,0.5533793,-0.91646582,-0.33635849,0.30844298,0.43092293,-0.40921885,-1.0444608,0.50523633,-0.56725037,-0.11132335,-1.2328004,0.25864512,-0.058724329,-0.50060755,-0.32723215,0.90387779,0.51963192,-1.6314476,-1.0165693,-0.32471946,0.081753902,0.18855105,-0.05931158,0.073197827,0.401254,0.19467929,-0.2634595,0.36302888,0.36715448,0.32389164,-0.034331031,-0.14114073,0.20921503,-1.3211281,-0.01154954,0.27854675,-0.008659266,0.23604289,0.56061667,0.72949266,-0.41683814,-0.76557487,-0.3170383,0.076060846,-1.5889101,0.27368155,0.36634707,0.36043939,-0.5622772,-1.0683914,0.21070531,-0.52645373,0.020412371,-0.001630601,0.24021544,0.16328174,0.15903689,0.29570821,0.43172225,0.016909823,-0.12004772,-0.2859754,-2.0178349,-0.65359819,-0.74031883,0.002496628,-0.72901249,0.11310803,-0.10009126,-0.30697751,0.056886941,0
0.4841578,0.21740931,0.21728176,0.46736595,0.46321487,0.48184901,0.46392149,0.44710854,0.46275604,0.46804649,0.45523518,0.46251148,0.45582986,0.44692987,0.47647804,0.45201916,0.45913208,0.4801327,0.46262482,0.44689745,0.44379157,0.45878923,0.44517648,0.44482136,0.46329576,0.44851691,0.46009704,0.44952682,0.45327264,0.45790768,0.44603097,0.46292108,0.43617123,0.44138747,0.45175809,0.43381858,0.43305475,0.46339256,0.43074733,0.44135973,-0.75873893,0.19877446,0.30107218,0.32916626,1.2728497,1.6458931,1.241082,0.63491833,0.76108557,1.5676794,1.3571999,1.1264266,0.30629802,-0.16847363,-0.28129905,-0.31642559,0.49956501,0.28873113,0.37099671,0.27722225,-0.54095846,0.077833928,-0.52963108,0.30039629,-0.64569318,-0.11737143,-0.16797054,0.48590356,0.19665571,1.3019116,-0.13740756,0.18756725,-0.94203418,-0.20373769,-0.005201664,0.74167752,-0.90114182,0.54495031,0.3248511,-0.82374972,-0.11049843,-1.0941724,-0.40481967,0.19868919,0.67360556,0.62986815,-0.005133166,-1.4196924,0.51245087,0.13752235,-0.88053912,0.54187185,0.033845868,0.017490661,0.63492882,-0.10185741,0.35268626,-0.34246445,0.044896446,0.47209293,-0.55948156,-0.94969368,0.10181387,0.41018134,-0.26008248,0.21119383,0.075550839,-0.087979019,-0.075673208,-0.25712821,0.40626773,0.65781087,-0.10728933,-0.3906031,-0.41117263,-0.072040528,0.38750705,-0.84325302,0.34203845,-1.1309886,-0.32711861,-1.5466695,-0.86267126,-0.024295568,-0.52504814,0.21053542,-0.36639386,0.079704061,-0.025210157,-0.095459849,-0.85043031,-0.45042944,-0.38140422,-0.93275034,-0.13263841,-0.089422986,0.17260516,0.15353428,-0.37400246,-1.4102268,-0.10209662,0.40023157,0.70920432,-0.1172976,0.48489967,0.33993307,0.039552327,-0.68779159,-0.22536723,0.17867982,-0.50239658,-0.012508176,0.31148374,-0.16403618,-0.62622625,0.016574945,-0.44840115,-0.50332147,0.16626036,-0.30064753,0.067647457,-0.66078508,0.75808352,0.53579611,0.070757307,0.11137556,-1.409466,0.55594969,0.031118833,-0.21227878,-0.068360627,-0.49663877,0.026556561,-0.042200312,-0.60915285,0.83048868,-0.49998993,0.12533306,0.31032169,-1.3925668,-0.077286847,0.2540558,-0.038772359,-0.41364497,-0.82558185,0.47882947,0.16356686,0.43663388,0.53255957,-0.65250957,-0.23038541,0.058114816,-0.036127344,0.12830147,0.31584314,0.12437042,0.009600103,-1.0608727,-1.3493698,-0.65309018,0.26792866,0.66380358,0.15146746,-0.42373008,-0.35866752,0.072314806,1.0445697,-0.000757623,0.041538186,-0.26462522,-0.2433442,0.8953414,0.12200125,0.22604297,0.4704957,-0.091536194,-1.753557,-0.13458221,0.45187163,0.034609683,-0.066971764,-0.62903309,0.10023696,-1.2772007,0.21357766,-1.0311812,0.25588036,0.011205047,-0.79351795,0.065629877,0.24638911,0.3244819,-0.21761554,-0.56592202,-2.2779899,0.2633585,-0.37547085,0.007950857,-0.086023755,0.079402551,0.41084334,0.080959551,-0.19020525,0.51592606,-1.295464,-0.68522531,-0.34351143,0.44127977,-0.31161228,0.14439531,0.12968227,0.41823614,0.04167331,0.499165,0.36882266,0.73305911,-0.80353731,-0.24802586,0.62643737,-0.069465756,0.16265562,0.05831752,-0.27988708,-1.0798848,-0.38104373,0.084530473,-0.2711305,0.53312016,0.94026637,0.39362302,-0.42116725,0.15731692,-0.31981727,0.42750478,0.42203814,-0.38987735,0.13381004,1.401373,0.084977269,0.076802,-0.80136693,-0.14460197,-1.7255117,0.95708174,-1.1585242,-0.23852915,-0.033725426,-1.4071244,-0.1520218,0.058574378,0.009651944,0.3299064,0.42633331,-0.013124406,-1.5052912,0.6500439,-0.010028011,1.0012493,-0.10105405,-0.97553468,-0.14161304,-0.79154849,0.49886021,0.32427034,-0.84520942,0.36998799,-1.5227634,-1.4855834,-1.1307032,-0.25715032,0.3360495,0.34699708,0.18472026,-0.72058749,0.58534342,-1.1225065,-0.21177913,0.26198882,-1.0006757,0.070307456,0.13692474,0.37284386,0.009796944,0.30103979,-0.013579186,0.2736029,0.055470217,0.5376448,0.02731178,-0.09056022,-0.59874165,0.33194762,0.94148594,-0.44068408,0.48065656,0.540012,0.57746512,-0.580073,0.6207428,0.28710207,-0.86983222,-0.55896699,0.031318128,0.12917304,0.18242565,0.59918368,-0.27230942,-0.48878533,-0.52344245,-0.004878242,0.49883071,-0.14457352,0.036291879,-0.23808804,0.14029302,1.013033,-0.84653115,0.12247294,0.25701195,-0.52262723,-0.00890382,-0.041121073,-1.1908872,-1.7460598,-0.15563183,0.54301083,0.11219548,-0.33025101,0.74458033,0.086117372,0.42434514,0.2351522,-0.23844828,-0.52894831,0.19418614,0.098520882,-0.1457271,-0.92426383,0.20155115,0.12913217,1.1775899,-1.4526118,-0.08032918,1.3130714,1.4582961,0.36685127,-1.1038917,-0.28711036,-0.3633053,-0.1992656,-0.001586992,0.37293363,0.64421391,0.60050458,0.39467332,0.070873022,0.26260763,0.60648322,0.61585635,0.68121874,-0.69486129,0.38990629,0.1481636,0.18808356,-0.27064365,-0.1996617,-1.3355136,0.26160443,0.060635462,-0.35155582,-0.15235332,0.32881808,0.12091127,-0.50677168,0.26013276,-0.21040095,0.13557875,-0.11184788,0.48899269,0.98183161,0.28346235,0.00661999,0.50834167,-0.19590577,-0.17290096,-0.92241573,0.25352731,-0.61909944,0.034453616,0.62100792,-0.82059121,-0.28433672,0.32432085,0.44330186,-0.48962364,-0.99888527,0.47598323,-0.56137991,-0.058771893,-1.2298007,0.25416741,-0.13812947,-0.45601755,-0.32267505,0.82646495,0.46258065,-1.6357803,-1.0170423,-0.34048313,0.052035082,0.20980524,-0.098320872,0.036486939,0.39630213,0.15473205,-0.1911405,0.22922583,0.28373837,0.3195259,-0.083457604,-0.2318169,0.13785177,-1.301199,-0.032114763,0.31656563,0.044885956,0.16496567,0.65163285,0.7379958,-0.36391348,-0.72420514,-0.37215114,0.11688222,-1.5815563,0.33396989,0.30286735,0.42115694,-0.60170358,-1.1274385,0.25165516,-0.46689636,0.094545811,-0.068665698,-0.10726205,0.2356264,0.18577892,0.26579955,0.30975187,0.009271098,-0.19819732,-0.2758829,-1.8825076,-0.49274713,-0.78933823,-0.11162837,-0.80890834,0.13878515,-0.22315125,-0.23375311,0.092632055,0
0.50937986,0.22928926,0.22152248,0.58057791,0.52699959,0.5882833,0.56617844,0.52220106,0.54869413,0.54137909,0.55406845,0.52489567,0.53218257,0.51034582,0.56317252,0.54234588,0.55688488,0.60131478,0.53364122,0.51225746,0.52308202,0.54160959,0.51481837,0.54671431,0.53176057,0.54874492,0.52640808,0.53300601,0.5541873,0.5231241,0.53126556,0.52287495,0.52060384,0.50650543,0.5317564,0.53045696,0.51700032,0.55011582,0.51677299,0.52530468,-0.67514449,0.18786797,0.20134217,0.25961253,1.2084204,1.5905013,1.1513506,0.55674368,0.6679678,1.4997464,1.3109627,1.0485419,0.32398325,-0.15265466,-0.11522484,-0.24284574,0.4979147,0.28803185,0.33655125,0.26396215,-0.49901474,-0.018175732,-0.34111375,0.21344766,-0.72012067,0.02982337,-0.22804266,0.44426459,0.14631453,1.3238518,-0.066748902,0.1869407,-0.92234147,-0.091220431,-0.052455824,0.8245371,-0.88884348,0.56069499,0.11529027,-0.73512065,-0.030825492,-0.86974341,-0.45851007,0.46229723,0.74763215,0.45024237,-0.053757869,-1.3533857,0.58794707,0.11063316,-0.86797863,0.41106579,0.034361906,-0.054231919,0.63263744,0.0715224,0.43144765,-0.36064631,0.15294176,0.44549486,-0.64161485,-0.88473642,0.023392629,0.42596719,-0.23458171,0.097768195,0.11818138,-0.16352542,-0.11498661,-0.21552581,0.30578735,0.71016389,-0.10663678,-0.50563115,-0.45493069,-0.014973193,0.38704291,-0.85965174,0.27132806,-1.0436425,-0.30948991,-1.4215298,-0.79050153,-0.066771992,-0.4210445,0.35223666,-0.28924572,0.16940683,-0.14378999,-0.086241476,-0.58836752,-0.57675254,-0.15599003,-0.93950289,-0.12832813,-0.13330594,0.11303519,-0.23716581,-0.35132331,-1.4352263,-0.18377227,0.40348199,0.77497578,-0.10477968,0.35732785,0.23163997,0.063564315,-0.59372759,-0.18837821,0.19499244,-0.70505273,-0.081478223,0.31245327,-0.15704586,-0.61140746,-0.038096767,-0.51623142,-0.4841128,0.16616012,-0.27484798,0.061155286,-0.60216206,0.64065492,0.56578344,0.055565689,-0.092222817,-1.5264802,0.565813,-0.05218491,-0.15040073,-0.12117358,-0.50343364,0.055257261,-0.083828092,-0.59809476,0.82908905,-0.71101588,0.17180538,0.35403013,-1.4141719,-0.09885285,0.29522172,-0.14147532,-0.29973063,-0.72746456,0.46643496,0.1481784,0.26585507,0.80496138,-0.60957021,-0.26334375,0.065246321,-1.44E-05,0.24400851,0.12111029,0.19520468,-0.068089306,-1.0607841,-1.3771447,-0.59293348,0.20118104,0.60764623,0.095540673,-0.32952434,-0.4160403,0.14734371,1.025389,-0.22116697,0.036622755,-0.43510115,-0.22122012,0.85579216,0.04411307,0.23295832,0.71924651,-0.13294326,-1.9719632,-0.10129458,0.4079591,0.08005441,-0.15406662,-0.65296775,0.19151154,-1.3256713,0.18890551,-1.2048143,0.16577867,0.14236337,-0.73891127,0.054659761,0.1507569,0.28722733,-0.16976237,-0.81275183,-2.2743506,0.3344495,-0.38195282,-0.02670785,-0.11281756,0.008181974,0.38288915,0.37046713,-0.13543518,0.57931179,-1.2822809,-0.61541682,-0.25375757,0.40918973,-0.45229334,0.22054091,0.14230537,0.37177426,0.054875582,0.44571069,0.34807408,0.63984895,-0.80353409,-0.2394274,0.54796004,-0.16065241,0.19778822,-0.048446719,-0.197135,-0.9364239,-0.3830604,0.13049272,-0.34429005,0.29897508,1.0344883,0.36096027,-0.38800034,0.230722,-0.22993001,0.44681403,0.46482396,-0.38325968,0.059716094,1.3390282,0.097118422,0.095048755,-0.76621962,-0.19117531,-1.7195206,0.91886914,-1.0988398,-0.29878527,-0.15109631,-1.275009,-0.12704255,0.10937437,0.12175168,0.56539387,0.33526719,0.13078545,-1.4892422,0.69260615,0.17757295,1.0573679,-0.093966901,-0.88531923,-0.049090642,-0.71596169,0.46667108,0.088502645,-0.73592734,0.18838733,-1.5301498,-1.4783747,-1.1013935,-0.31905499,0.23656754,0.66001511,0.24759413,-0.73507917,0.570683,-1.1287953,-0.25877362,0.19262083,-0.9463768,-0.000388399,0.10081059,0.45118964,0.14531079,0.36748081,-0.037887551,0.28929633,0.13664168,0.35500318,0.019035175,-0.10418268,-0.5190599,0.33168525,0.89849108,-0.40317088,0.42934343,0.43328571,0.51738435,-0.62282974,0.60415232,0.38977438,-0.93034697,-0.44831765,0.17856584,-0.24871504,0.19687486,0.5514673,-0.29558879,-0.47236049,-0.43160811,0.11869223,0.37117362,-0.080002956,-0.019682534,-0.24610811,0.08372809,0.9688102,-0.86941248,0.18065961,0.36317745,-0.56473035,-0.03172107,-0.040349633,-1.1041386,-1.7021531,-0.27540952,0.54925895,0.24910386,-0.33343869,0.66171914,0.22954117,0.38945851,0.20874818,-0.13628687,-0.56932163,0.18829733,0.089941062,-0.17208898,-0.89352548,0.14805268,0.10555299,1.1036377,-1.3595753,-0.082598753,1.4586294,1.4235731,0.33459961,-1.0290469,-0.18948662,-0.30280182,-0.10238985,0.054734245,0.19887844,0.64309579,0.53531456,0.37437996,0.10688253,0.21451735,0.62870961,0.66178507,0.87337005,-0.59038156,0.15277821,0.13066813,0.15443452,-0.36725783,-0.20415747,-1.4326369,0.26144561,0.09473785,-0.31023452,-0.23691481,0.18754579,0.15664454,-0.51612955,0.082919732,-0.16585575,0.23530081,-0.11095287,0.39862144,0.98927611,0.19524543,-0.014841447,0.46936607,-0.068694592,0.095675454,-0.88092285,0.25198278,-0.61905026,0.15473524,0.69334698,-0.98558855,-0.35146978,0.35568354,0.27591479,-0.43744701,-0.9875958,0.46503112,-0.44298911,0.078960739,-1.1583995,0.23803228,-0.030476391,-0.25544038,-0.42950127,0.76261795,0.35269582,-1.6569911,-0.91232932,-0.31006989,0.020004354,0.12347151,0.010614658,-0.001387252,0.32136288,0.14497501,-0.16620985,0.24652363,0.31076103,0.35361022,-0.010007888,-0.24827649,0.003389329,-1.1274021,-0.095138803,0.30274931,0.032434016,0.24003738,0.4501906,0.91936302,-0.26832163,-0.68769169,-0.37890518,0.10437136,-1.5853642,0.42060006,0.4126226,0.28943503,-0.63799441,-1.1899436,0.28303772,-0.4239949,0.35503724,0.031951923,-0.10651486,0.24001226,0.10546192,0.2601794,0.27593821,-0.001155255,-0.17230642,-0.17253359,-1.808242,-0.5042398,-0.78639454,-0.078041628,-0.7083267,-0.001230434,-0.01188384,-0.21630225,0.023001606,0
0.40328199,0.1400069,0.13404326,0.39514416,0.38945445,0.41065311,0.4011445,0.38239187,0.40053681,0.39451769,0.39512438,0.3931593,0.38860941,0.37845027,0.38949877,0.39304137,0.38717735,0.41617882,0.40790969,0.38291222,0.3826527,0.39505118,0.38874453,0.3798492,0.39727205,0.37838829,0.3877711,0.38493866,0.39202267,0.38736743,0.38736671,0.38637555,0.37868381,0.38424262,0.39620888,0.35920399,0.36666346,0.37797651,0.37745187,0.3868674,-0.6085695,0.10171838,0.1419692,0.19749904,1.163263,1.5392053,1.0766532,0.49493533,0.60127091,1.4276888,1.2319915,0.97741914,0.33387905,-0.15869422,-0.20618573,-0.22972053,0.55811852,0.29165792,0.40735385,0.24473836,-0.38936365,0.06208143,-0.40304196,0.27322334,-0.57785279,-0.073957771,-0.15080386,0.43001628,0.10835034,1.3471382,-0.13220099,0.21093354,-0.87107885,-0.18175392,0.035616308,0.87878829,-0.83588922,0.51319039,0.023934692,-0.73003829,-0.077225015,-0.87362343,-0.40715277,0.24782528,0.82153273,0.51848119,-0.056729212,-1.2793692,0.55961967,0.12367405,-0.77709389,0.5618633,0.02341784,-0.024102271,0.50742275,-0.16420497,0.34026217,-0.34854752,0.091647133,0.45872018,-0.60913068,-0.86566919,0.00797347,0.34284279,-0.27052227,0.10894643,0.10063681,-0.081265554,-0.075027868,-0.30353796,0.40178475,0.6703583,-0.11838023,-0.15761921,-0.34831491,-0.1088621,0.23232232,-0.7108649,0.24993943,-0.88255298,-0.29311496,-1.4533018,-0.81935287,0.050681993,-0.41291749,0.28207964,-0.30291814,0.014687121,-0.079673707,-0.069132388,-0.49374735,-0.53313535,-0.3935647,-0.84683871,-0.084892705,-0.097160324,0.10002477,0.14075583,-0.36107206,-1.1402096,0.042685449,0.37039074,0.67139149,-0.093029052,0.43619525,0.30813304,-0.007283323,-0.64466596,-0.16669542,0.1316212,-0.7446022,0.040998682,0.31280416,-0.043365031,-0.56018806,-0.032405853,-0.51592761,-0.43941003,0.084026888,-0.20783833,0.10879465,-0.64246303,0.55127501,0.51853883,0.12036712,-0.028686557,-1.3699939,0.57117462,-0.072334222,-0.093464307,-0.06751322,-0.48355696,0.071192808,-0.065133736,-0.55176228,0.83103967,-0.5836457,0.10514818,0.27194944,-1.1356273,-0.005593926,0.28711519,-0.04914131,-0.41110605,-0.68815356,0.52624673,0.22657804,0.37575969,0.64845157,-0.50944674,-0.24258041,0.075232953,0.15323623,0.26906532,0.2043578,0.22632967,-0.02494739,-0.95007175,-1.2385592,-0.58475655,0.19527838,0.57255501,0.21930945,-0.39484125,-0.29228786,0.17723544,0.84157842,-0.25556022,0.002497166,-0.30660552,-0.21743226,0.84617454,0.089783907,0.19915831,0.4854809,-0.015560773,-1.4461591,-0.13091581,0.37528035,0.023128614,-0.16457996,-0.54936522,0.097233996,-1.2079571,0.22475374,-1.0254141,-0.06343168,0.15503731,-0.70170236,0.06287086,0.2131519,0.016301394,-0.16605532,-0.52220327,-2.1766293,0.26215881,-0.22796465,0.04774797,-0.10155483,0.052972332,0.30872899,0.10150388,-0.22665396,0.52716404,-1.2153649,-0.55311072,-0.38824391,0.41193143,-0.32413721,0.19901192,0.10472424,0.36945757,0.040726393,0.41338882,0.42381775,0.64864892,-0.70479429,-0.19621387,0.33787733,-0.071837865,0.21068487,0.092655078,-0.15694563,-0.90232778,-0.41216153,0.047408774,-0.2173423,0.42002991,0.95415789,0.40086955,-0.37416977,0.19378527,-0.25238007,0.40147725,0.43766826,-0.28208655,0.15915108,1.3647078,-0.013044819,0.1236371,-0.67933655,0.029431373,-1.5712013,0.6986106,-1.0321255,-0.26451424,-0.066878125,-1.2734027,-0.10148222,0.021828681,0.095442526,0.17760369,0.4062596,0.12808537,-1.3457462,0.46975455,0.32193613,0.97566116,0.008457676,-0.79569489,-0.11337759,-0.60608095,0.48801708,-0.05145292,-0.73372179,0.12020369,-1.3694074,-1.4438808,-1.0290481,-0.27091771,0.23482569,0.088370264,0.23307754,-0.63947785,0.52588379,-1.1307039,-0.1474354,0.33843255,-0.89586657,0.053852394,0.090473182,0.30887276,0.019619044,0.42873743,0.089553386,0.34213233,0.011760992,-0.065890372,0.001009997,-0.0686533,-0.54551077,0.33178318,0.9181056,-0.2439483,0.5006544,0.43012059,0.52233666,-0.5918721,0.5405224,0.41622221,-0.82212555,-0.42005318,0.12423156,0.027040251,0.26884896,0.59095258,-0.31075564,-0.42692766,-0.35115668,0.005203413,0.55559534,-0.01554507,0.03021422,-0.18071496,0.12948321,0.91483957,-0.83820575,0.16812281,0.23921955,-0.52816474,-0.026540168,-0.16664919,-1.0639625,-1.4680474,-0.35091671,0.50056714,0.15248887,-0.32411233,0.69782317,0.11626284,0.53469908,0.20097381,-0.19875036,-0.23227444,0.17757396,0.05472976,-0.079793409,-0.87715173,0.14774156,0.28336567,1.028764,-1.3892593,-0.12205432,1.316002,1.3257208,0.28434154,-0.89014703,-0.21054405,-0.27603495,-0.058656506,0.041847922,0.1927914,0.57214344,0.62717497,0.39786488,0.11862031,0.23706593,0.54915529,0.61167681,0.69777012,-0.4947288,0.32403556,0.15473489,0.20393565,-0.23969808,-0.17038682,-1.2391917,0.25864378,0.071736336,-0.30045977,-0.14304662,0.30942309,0.109818,-0.52637416,0.089847386,-0.22085556,-0.083942778,-0.026363745,0.37382013,0.7368632,0.25655773,0.002645511,0.41245252,-0.20273072,0.10090239,-0.89751267,0.22957651,-0.5221563,0.098492347,0.56218898,-0.63800931,-0.25590304,0.29378489,0.37523037,-0.40852991,-0.90089297,0.47662345,-0.37323061,0.047739379,-0.84183037,0.23632577,-0.12910224,-0.40950364,-0.35609919,0.7519964,0.46418762,-1.5106144,-0.78103364,-0.25055397,0.008235708,0.15228815,-0.01565193,-0.018315639,0.28051606,0.15851763,-0.21981183,0.40394187,0.3134968,0.25020036,-0.020194642,-0.57916605,0.18573955,-1.1814282,-0.059739731,0.15950689,0.048755277,0.20903468,0.43933213,0.60698432,-0.26545444,-0.65711623,-0.34085011,0.21307021,-1.5052749,0.32629696,0.2591216,0.23237161,-0.4693433,-0.92926502,0.1701795,-0.4726724,0.13200583,0.087312154,-0.16754934,-0.039376199,0.14128861,0.26068458,0.22274052,0.055105437,-0.13304779,-0.25325161,-1.7565119,-0.52664065,-0.71321052,-0.14648935,-0.60608065,0.24061215,0.037485778,-0.273671,0.15118513,0
0.61448538,0.33693817,0.32442421,0.58747894,0.56439757,0.60830778,0.59877038,0.55493844,0.5713414,0.59435064,0.5542835,0.57100224,0.58228862,0.57644629,0.60300666,0.58866566,0.58260453,0.63090438,0.57839292,0.55908823,0.56857032,0.56461746,0.56950468,0.58417392,0.59211004,0.56959414,0.58788168,0.57864904,0.57394135,0.58657765,0.57055259,0.58986843,0.55179751,0.56055605,0.57395554,0.57563829,0.55176914,0.58397168,0.57081497,0.56725901,-0.9294548,0.31000534,0.50879174,0.44897127,1.4124861,1.8270509,1.4314067,0.81705946,0.94602895,1.7408842,1.5198381,1.3146291,0.52984101,-0.22319189,-0.18641874,-0.36875677,0.83405334,0.49663588,0.43194395,0.39263898,-0.94782227,0.037773333,-0.58972204,0.48127174,-0.51897854,-0.04013034,-0.28761452,0.64419234,0.056047454,1.5468801,-0.21850902,0.28558409,-1.1933641,-0.20125112,-0.11309251,1.2876327,-0.99560934,0.78030324,0.25996473,-0.98828971,-0.13496122,-1.387372,-0.60547876,0.19493829,1.1555742,0.67804766,-0.078516781,-1.7513932,0.734851,0.1387157,-1.1704428,0.49451637,0.055001829,0.068421818,0.81732982,-0.040409207,0.56170869,-0.3831065,0.15033007,0.76923537,-0.56514096,-1.1246576,-0.003216386,0.48105139,-0.302654,0.094284005,0.072407596,-0.23314139,-0.043632716,-0.27560535,0.48188692,0.76596862,-0.22399916,-0.45486087,-0.57898253,-0.14515552,0.43577772,-1.0783665,0.38811862,-1.2131989,-0.38039988,-1.8263192,-1.0126994,-0.00013423,-0.66012102,0.45330283,-0.37471718,0.056076057,-0.034873623,-0.11884762,-0.7566039,-0.57514298,0.090271875,-1.1391929,-0.11527279,-0.034609377,0.20458549,0.067223951,-0.57693803,-1.7421153,0.69262636,0.5332092,0.81570405,-0.14731674,0.48206264,0.40894604,0.042382009,-0.42733711,-0.35103074,0.25399709,-0.47773635,0.050206944,0.56867975,-0.28672811,-0.72233891,0.031952649,-0.61812055,-0.46613413,0.23805018,-0.18672666,0.13171574,-0.73523539,0.84233856,0.83993357,0.2776193,-0.072030827,-1.7931521,0.60300374,0.023356628,-0.37822425,-0.071347445,-0.61587113,0.089353003,-0.22944412,-0.72216165,1.0045755,-0.90069056,0.11556362,0.58432233,-1.5238553,-0.14672637,0.28885353,-0.17284754,-0.51505256,-0.97776264,0.50562525,0.2251938,0.39750102,0.36351579,-0.76474947,-0.33346263,0.065833285,0.011421324,0.21223684,0.14868364,0.1488988,0.014650047,-1.316337,-1.7341466,-0.68907928,0.29465955,0.7042442,0.17510848,-0.40158644,-0.26947337,0.09817224,1.2037808,-0.025197558,0.066093236,-0.18879136,-0.24831577,1.0689211,0.26002836,0.36690378,0.7957806,-0.14282954,-2.511791,-0.11943618,0.4572449,0.036840543,-0.12931275,-0.80504304,0.13794401,-1.567325,0.25972018,-1.1930813,0.2580733,0.10437968,-0.94723618,0.15665548,0.076228172,0.45422745,-0.22859278,-0.25191593,-2.7121117,0.31084093,-0.73539221,-0.23012722,0.033540338,0.18580264,0.56057596,0.27958965,-0.21754017,0.67147684,-1.5719342,-0.79294324,-0.48598281,0.66673374,-0.34284344,0.095635898,0.21456608,0.49509656,-0.024351876,0.60174644,0.45452037,0.85778022,-0.91760623,-0.26372203,0.846843,-0.10730118,0.20898786,0.063843727,-0.34276319,-1.2967547,-0.4876442,0.12305573,-0.42710716,0.51002789,1.1911522,0.39965788,-0.53078973,0.44223732,-0.35440978,0.72057384,0.48515704,-0.51637036,0.097616747,1.4549403,0.27861679,0.19235547,-1.0198654,-0.3280707,-1.9850802,1.0954305,-1.4608665,-0.16249838,-0.14077079,-1.4801869,-0.13739362,-0.035227165,0.15655574,0.5522933,0.62503809,0.37868598,-1.8470433,0.83037323,-0.10956638,1.2396197,-0.046842676,-1.2686104,-0.16351151,-0.89706659,0.56252158,0.13492322,-0.86944461,0.36861789,-1.7882043,-1.7866534,-1.4173871,-0.41577992,0.36278501,0.42168322,0.29299647,-0.88832343,0.82309419,-1.1986794,-0.26905316,0.32591847,-1.2526768,-0.12339631,-0.025387932,0.37785012,0.24563074,0.40070739,-0.096097343,0.40315056,0.047558762,0.54607612,0.070709236,-0.15537742,-0.64995724,0.56249553,1.115963,-0.68261087,0.55940849,0.57650977,0.53411418,-0.76513433,0.87862414,0.39269352,-1.0051005,-0.68973649,0.2019594,0.070520937,0.20632111,0.90901065,-0.43866414,-0.56788683,-0.55054545,-0.061954372,0.68885255,-0.15426275,0.037263375,-0.39190891,0.25701812,1.2844132,-1.0432376,0.12950149,0.27053544,-0.62077379,-0.039432492,-0.06016387,-1.4002448,-1.9955132,-0.39422676,0.78769267,0.080851644,-0.34314331,0.86995494,0.21171491,0.52257639,0.40476438,-0.29385501,-0.53618228,0.31727964,0.059329264,-0.1540048,-0.66444111,0.20881209,0.34504136,1.3391399,-1.6614357,-0.050552417,1.5227203,1.6187887,0.50899351,-1.4612265,-0.36554894,-0.43740711,-0.26012304,0.045807641,0.33289772,0.77061623,0.72252631,0.33484653,0.17128474,0.26386672,0.76312178,0.75324959,1.0701246,-1.0168338,0.44095472,0.19038352,0.28522024,-0.36086953,-0.18282075,-1.753996,0.41058394,0.096364245,-0.46912068,-0.09587758,0.47430027,0.30353296,-0.78090549,0.27431747,-0.33190691,0.019987199,-0.13675357,0.82956851,1.0562872,0.33286017,0.15510236,0.64803642,-0.18737447,0.05117064,-1.1031415,0.31024733,-0.7243399,0.009400338,0.79563886,-0.87348694,-0.34536976,0.5120936,0.51874822,-0.61846888,-1.0805801,0.59715188,-0.52953166,-0.054011181,-1.7303731,0.22656313,-0.24019805,-0.7029078,-0.43489277,1.0942938,0.5199365,-1.9241323,-1.278531,-0.51309329,-0.094166785,0.2561602,-0.11616446,0.051418401,0.51625174,0.32935959,-0.18114905,0.31026968,0.31568679,0.39091402,0.011511363,-0.27645564,0.19347127,-1.5680525,-0.049416669,0.42984754,0.033364926,0.17549813,0.62047619,0.87879807,-0.38281894,-0.9249866,-0.53961444,0.23813088,-1.9426322,0.40902492,0.36359569,0.40069959,-0.70800346,-1.2084147,0.34223753,-0.58713782,-0.002583623,-0.06353014,-0.20355392,0.4218694,0.196024,0.38774154,0.49854112,0.052378412,-0.2429913,-0.32900852,-2.3430917,-0.64758122,-0.89804715,0.09311907,-0.87173784,0.1782054,-0.14616734,-0.34867251,0.25798714,0
0.54956079,0.26537097,0.23832804,0.64123583,0.56512398,0.6288476,0.63779533,0.56913233,0.637061,0.58148432,0.63100839,0.5643996,0.56376982,0.58596098,0.60681385,0.6238811,0.63174337,0.65788484,0.59945846,0.5635761,0.58764851,0.57586765,0.60933006,0.62142432,0.56570172,0.59034932,0.59919405,0.5873667,0.63492012,0.61349404,0.6052416,0.58217883,0.58707738,0.5778628,0.60158837,0.58785391,0.57662094,0.57064903,0.60054004,0.57286882,-0.74107093,0.21561962,0.21736854,0.23561376,1.1882045,1.605402,1.1636664,0.54391414,0.67066103,1.4817157,1.2896314,1.0464114,0.22348586,-0.20325224,-0.065658703,-0.33517122,0.57701659,0.31363913,0.41629758,0.31270546,-0.47033185,0.034684114,-0.27227661,0.24009822,-0.72376513,-0.15754163,-0.17025566,0.79509538,0.4985972,1.4402481,-0.21105838,0.20553838,-1.0731871,-0.26295191,0.097474873,0.91950494,-1.0141792,0.50495529,0.30633143,-0.9069072,-0.015748516,-0.79022706,-0.66014314,0.50856298,0.78181106,0.67047936,0.030315824,-1.5822121,0.76214123,0.062711067,-0.90411884,0.4647646,0.073848404,0.004937805,0.48544881,-0.15070699,0.39854783,-0.48760745,0.008687351,0.50719172,-0.9527995,-1.1191044,0.13911141,0.56439567,-0.2995607,0.10231486,0.17145865,-0.11307313,-0.11880458,-0.37774342,0.36016262,1.088111,-0.27750903,-0.44241554,-0.63893318,0.42270303,0.37440532,-0.95061177,0.28637835,-1.0973666,-0.37457073,-1.6945621,-0.96744496,-0.01506776,-0.28859746,0.27845481,-0.42473108,0.20138937,-0.10468859,-0.050613999,-0.73278332,-0.36612913,0.074018329,-1.0943108,-0.2392173,-0.2599597,0.083386339,0.4727481,-0.43608013,-1.642738,0.48077247,0.43185329,0.79821426,-0.16956636,0.58348846,0.31001884,0.007909864,-0.31465146,-0.31185532,0.30796862,-0.57612759,-0.19648761,0.30848342,-0.21072878,-0.7208786,-0.0708424,-0.58998537,-0.74372816,0.30893463,-0.33027729,-0.035999335,-0.43927678,0.707982,0.56688243,0.095442027,-0.048522923,-1.7584924,0.68275708,-0.080666833,-0.032003604,-0.021719687,-0.57096326,-0.12260162,-0.17386289,-0.65761924,0.9362976,-0.70270967,0.14795196,0.43541127,-1.5442188,-0.39316225,0.45925266,-0.093284473,-0.32817909,-0.88540065,0.50073773,0.42024451,0.35277453,0.87941182,-0.66487151,-0.28788435,0.054170795,0.20427434,0.22635502,-0.056210965,0.20517986,-0.15527561,-1.1464159,-1.5901227,-0.78415096,0.20168811,0.37939069,0.2520698,-0.5265466,-0.51475674,0.27328032,1.3739983,0.10427078,0.00193876,-0.58282852,-0.18685409,1.2579354,0.18434909,0.28183767,2.121099,-0.058667745,-2.3718474,-0.079475902,0.4898026,0.00846744,-0.078352056,-0.72488397,0.076282799,-1.6195971,0.2403788,-1.5031964,0.63123101,0.083598778,-0.77664292,-0.003975533,0.094212219,0.61250865,-0.25142226,-0.49723041,-2.5255492,0.43066639,-0.54907203,-0.23789133,0.003398046,0.10864513,0.53688955,0.46132132,-0.18511683,0.59010273,-1.47439,-0.75385058,-0.24830696,0.39533225,-0.54007149,0.13452931,0.18869826,0.44462198,0.12655108,0.52166545,0.32573566,0.81986469,-1.0960479,-0.31435704,0.45192137,-0.09118548,0.31983319,-0.26405013,-0.1409874,-1.0835885,-0.4303059,0.097413838,-0.48707944,0.52255917,1.1910994,0.35846931,-0.3555381,0.12007473,-0.43999249,0.59901005,0.64806527,-0.45187292,0.2077716,1.4316154,-0.029208526,0.29753518,-0.95363903,-0.28960323,-2.0244036,0.98058575,-1.1912677,-0.33083957,-0.25848287,-1.3566002,-0.19257694,0.38650468,0.21741265,0.75909209,0.51763481,0.43969175,-1.7596668,1.016639,0.43115002,1.1113826,0.076132387,-0.85477978,-0.028575718,-0.85585785,0.59040499,0.2804527,-0.87388921,0.28350297,-1.7996154,-1.7796986,-1.2703215,-0.44368914,0.63555169,0.54755062,0.21383183,-0.84249544,0.58367807,-1.3300164,-0.098162912,0.37640885,-1.0371276,-0.071511209,-0.15083613,0.57331657,0.16496825,0.3627235,0.031270519,0.29353482,0.003358765,0.7218346,0.023890272,-0.10833175,-0.76573801,0.35254794,1.0339735,-0.52039909,0.51357311,0.46788463,0.68844521,-0.67621428,0.62744063,0.43069452,-1.0404555,-0.3654165,0.13172196,0.1599243,0.21915746,0.71290451,-0.26181203,-0.56689465,-0.43666816,-0.03389034,0.50160784,-0.13623753,0.10984792,-0.22190294,0.095714778,1.206763,-1.1213239,0.16623753,0.21210319,-0.67587757,0.031486936,-0.18670346,-1.2995253,-1.8301988,-0.14570147,0.56253612,0.22582594,-0.3322942,0.79739916,0.41277391,0.61512923,0.21441686,-0.2088089,-0.43727297,0.16957694,0.047121223,-0.13175333,-0.48348948,0.20365492,0.26806152,1.3757337,-1.5830519,-0.027994568,1.7224315,1.5996407,0.33020046,-1.2894709,-0.20176101,-0.28348604,0.054662883,0.024581607,0.45471784,0.75497907,0.73699671,0.25898886,0.1849837,0.1947702,0.64911878,0.72212756,1.1516885,-0.70352912,0.29551581,0.38091856,0.11251909,-0.34315181,-0.16336699,-1.5303264,0.2463205,0.02796261,-0.50074077,-0.40560478,0.26489776,0.081168659,-0.64178771,0.51059139,-0.19985318,-0.077501908,-0.11502974,0.82112968,0.99017084,0.25643316,0.050944109,0.59949493,-0.26794481,-0.046723634,-1.0408288,0.32269871,-0.66867924,0.47274157,0.67786825,-0.9036752,-0.44603378,0.29342023,0.47286585,-0.61979878,-1.0341438,0.54842508,-0.60075402,0.19844507,-1.3416114,0.37460876,-0.030937105,-0.53271133,-0.66970068,0.97504008,0.59973854,-1.9153821,-1.4415574,-0.24155909,0.035817243,0.20135562,0.1052025,-0.13949688,0.43296102,0.15542567,-0.1501168,0.31275693,0.32003796,0.47732553,0.16808134,-0.08181645,0.002981946,-1.3543332,-0.064324424,0.46693039,0.041729972,0.21237192,0.7031889,1.3153733,-0.47232556,-0.92090464,-0.38204274,0.084763758,-1.8358754,0.33964148,0.19793788,0.29899397,-0.7944144,-1.3074826,0.24724038,-0.60321707,0.592071,0.098904625,-0.10992168,0.77352095,0.085947059,0.25645897,0.57225692,-0.012444502,-0.16188999,-0.39215881,-2.1253285,-0.72850549,-0.98629022,-0.065694526,-0.86838466,0.37959492,-0.26641995,-0.3108038,0.035818513,0
0.52340424,0.25914609,0.22770947,0.5134666,0.50283885,0.5489893,0.52397192,0.49160504,0.51382995,0.52710629,0.51057756,0.50241929,0.49487287,0.4951086,0.52454531,0.5155955,0.51209372,0.54052317,0.52823895,0.49110478,0.51186681,0.51588356,0.51250619,0.50185645,0.512604,0.50218421,0.51802951,0.52701199,0.50122905,0.51769173,0.50257516,0.50785536,0.4931742,0.49665791,0.51735073,0.49173987,0.49502057,0.5056504,0.50810081,0.50251853,-0.79806846,0.20744966,0.35058945,0.3608796,1.2741238,1.6991076,1.2686393,0.67917883,0.80724764,1.6074607,1.3826071,1.1728036,0.38776299,-0.18785535,-0.19748877,-0.39807272,0.66564691,0.34209543,0.38736176,0.2259177,-0.79282033,0.018925291,-0.4270826,0.33344468,-0.76031345,-0.028368793,-0.09310881,0.53223765,0.18027024,1.4579625,-0.15456542,0.23345523,-1.042753,-0.29510534,0.044871189,1.0151144,-0.93538374,0.68170094,0.26142511,-0.93827534,-0.20501722,-1.0622323,-0.48653328,0.24346305,0.97430646,0.62632716,-0.1060859,-1.4642767,0.5165484,0.10407153,-0.9354893,0.51826137,0.067971401,0.057965633,0.68134582,0.034195796,0.407489,-0.39904982,0.023383675,0.57132775,-0.65000445,-0.96156669,0.074611887,0.40778258,-0.30327412,0.22865887,-0.002387639,-0.1618039,0.063329428,-0.32759064,0.47436967,0.73290461,-0.19910523,-0.25904998,-0.47331473,-0.083139569,0.51173437,-0.93829072,0.35964078,-0.96469498,-0.36614114,-1.6598568,-0.92506045,0.071782649,-0.49039438,0.34459493,-0.41023135,0.11816733,-0.074836344,-0.22526066,-0.68426484,-0.51015353,-0.10061267,-0.91466498,-0.041655734,-0.051936395,0.17007321,0.26577726,-0.51245475,-1.4624304,0.5054689,0.43363041,0.72075063,-0.15890619,0.37900913,0.14565447,0.060070328,-0.28658009,-0.17972614,0.26855925,-0.59555191,-0.034116849,0.41439921,-0.25737983,-0.6692,-0.12850204,-0.53091288,-0.50092494,0.21174888,-0.15220384,0.047783569,-0.68672383,0.74408907,0.66584593,0.14406772,0.1054565,-1.7131658,0.66105473,-0.027007181,-0.14625025,-0.078598075,-0.50768244,0.061260916,-0.13171744,-0.58960229,0.96479118,-0.64872915,0.18412903,0.38438272,-1.530156,-0.13520387,0.29591075,-0.096466482,-0.54741156,-0.76189154,0.46427447,0.28337744,0.29761687,0.5632602,-0.57317448,-0.23077035,0.030072007,0.084940732,0.22771053,0.19752863,0.18129855,-0.046229295,-1.138267,-1.4574749,-0.65122598,0.29391888,0.73415893,0.21934572,-0.41408524,-0.41991946,0.096701667,1.1107563,-0.060071193,0.061130811,-0.23734267,-0.23503223,1.0101932,0.055641931,0.2704882,0.78841829,-0.081110284,-2.1128194,-0.082869053,0.47446778,0.018411132,-0.32577246,-0.62799227,0.090059601,-1.3975455,0.27274555,-1.1447365,0.31270844,-0.043618359,-0.8126846,0.057745971,0.20209858,0.24956003,-0.21366706,-0.33099145,-2.3689504,0.29545826,-0.58122987,-0.17101605,0.028356031,0.29816791,0.42552111,0.16708857,-0.21431115,0.72331721,-1.3873072,-0.60821152,-0.37125367,0.16916265,-0.38993353,0.1590274,0.2124406,0.49636066,-0.014548216,0.52570653,0.4679417,0.81400526,-0.70383322,-0.26609212,0.48962209,-0.098810539,0.2305676,-0.030245895,-0.22281429,-1.0742257,-0.39757434,0.053634152,-0.42681998,0.51586592,1.1062989,0.41466191,-0.39638484,0.25190401,-0.33308554,0.57853943,0.45950079,-0.32897305,0.13134983,1.506497,0.16113511,0.15450391,-1.0282174,-0.1519997,-1.8034563,0.90587574,-1.2374709,-0.25669965,-0.14677303,-1.266791,-0.032344222,-0.031619251,0.061033294,0.32127821,0.24327458,0.43063313,-1.6417456,0.65657651,0.17615226,1.0530715,-0.10546468,-0.98370796,-0.17180721,-0.78121239,0.50757235,0.17710699,-0.80976164,0.39833221,-1.6342274,-1.5340403,-1.3038963,-0.31277326,0.21365127,0.31603351,0.25574616,-0.80535734,0.65108925,-1.195065,-0.25455427,0.3780359,-1.100396,-0.027635477,-0.012374294,0.36681294,0.018850841,0.32980564,0.013569493,0.38522106,0.14311907,0.3750602,0.009305812,-0.15955532,-0.68723339,0.42662612,1.0092652,-0.52478242,0.57876652,0.50505126,0.57398772,-0.62400717,0.73649257,0.55483824,-0.89762241,-0.55999541,-0.014361851,0.098001018,0.23656383,0.71566921,-0.35018098,-0.46383479,-0.4409962,0.053009126,0.66192389,-0.29220662,-0.005045742,-0.36103043,0.16178375,1.0568442,-0.99007881,0.20700791,0.20104069,-0.62282503,-0.046834387,-0.12141507,-1.2635655,-1.7303407,-0.32438099,0.62188005,0.11960021,-0.31713086,0.79195297,0.16653574,0.5227139,0.28639352,-0.28525624,-0.44651785,0.22905751,0.060089916,-0.11817282,-0.49277234,0.16657963,0.18020074,1.2228004,-1.484794,-0.10753093,1.488438,1.4455211,0.48010263,-1.1045654,-0.2410813,-0.42742372,-0.19200504,0.1198412,0.33861041,0.76699674,0.82107693,0.37801412,0.20365936,0.21083191,0.67137337,0.63388461,0.81494683,-0.73877871,0.28089869,0.24754006,0.22155175,-0.32349968,-0.16834609,-1.4780772,0.34385982,0.026505157,-0.35311529,-0.20567276,0.32750905,0.083655834,-0.66277117,0.21849611,-0.23100187,0.17372638,-0.12365723,0.55373335,1.0791602,0.27877259,0.028907737,0.50869602,0.025796421,0.078089789,-1.0347228,0.29283923,-0.56243521,0.10828875,0.70539522,-0.83237875,-0.28514516,0.37382123,0.43070427,-0.52005684,-0.94534469,0.57319212,-0.57435226,-0.015269101,-1.3017125,0.27297011,-0.35122907,-0.45528305,-0.48286343,0.88763595,0.43327057,-1.6418464,-1.0606188,-0.33370268,0.022427514,0.24433804,0.007493123,0.063453168,0.46199039,0.22543275,-0.24282435,0.25105602,0.3418541,0.31401259,-0.001123436,-0.19895631,0.22418854,-1.4016211,-0.11407628,0.25249353,-0.025273781,0.1641123,0.59071881,0.90294647,-0.34812033,-0.78002375,-0.37407145,0.047574013,-1.6276991,0.2634854,0.35595012,0.40801001,-0.63670391,-1.1189134,0.2434634,-0.59489101,0.24500272,-0.002243638,0.017828599,0.13086689,0.11183497,0.34157154,0.31435588,0.054908946,-0.13189712,-0.28584686,-2.0013952,-0.69710803,-0.77728671,0.10808718,-0.78524512,0.25039816,-0.039487511,-0.31983694,-0.025577817,0
0.44178441,0.13760504,0.16651152,0.52133971,0.48677644,0.52708471,0.48684561,0.4636893,0.50681621,0.50669831,0.50999773,0.49542016,0.44377244,0.49194789,0.4663291,0.47944033,0.49752343,0.53406858,0.51588511,0.47709489,0.49281693,0.5025996,0.49332517,0.51089227,0.48356423,0.45552319,0.45441967,0.49559793,0.49172074,0.46609348,0.48537809,0.45117643,0.48033679,0.44357914,0.46852928,0.46236724,0.46909642,0.4824605,0.46370333,0.47037858,-0.76414019,0.14407285,0.19342852,0.24014783,1.2042527,1.5779561,1.1539172,0.53734607,0.66995353,1.477756,1.3028331,1.0474647,0.41029692,-0.15001702,-0.21556178,-0.18002039,0.67396545,0.35790935,0.45206976,0.30303147,-0.36221215,0.028064087,-0.46342102,0.24906853,-0.71992284,-0.012079272,-0.26561496,0.44481593,0.11560518,1.3451623,-0.14522897,0.21420924,-0.99251449,-0.2041225,-0.1224041,0.87556809,-0.9350996,0.54792458,0.17442855,-0.73362952,-0.090301663,-1.0043317,-0.43413866,0.21594797,0.90574312,0.48486212,-0.055920519,-1.4235076,0.5014323,0.14029416,-0.90407574,0.49336037,0.045081984,-0.062357895,0.43845779,-0.16945487,0.27208284,-0.42505199,0.047979493,0.55185121,-0.64411855,-0.98842454,-0.032648906,0.4223018,-0.27605775,0.14588378,0.1044674,-0.12252168,-0.22213572,-0.27285883,0.34848031,0.63658357,-0.070902303,-0.14956112,-0.3622911,0.11258578,0.25501025,-0.82086396,0.31049737,-0.95250648,-0.32781321,-1.5518601,-0.86528969,-0.05384542,-0.48252928,0.32184494,-0.31551597,-0.016253173,-0.066845529,-0.18640843,-0.59974414,-0.4355655,-0.29928857,-0.91685385,-0.13512419,-0.10865205,0.10701006,0.22162561,-0.34719473,-1.454429,0.11969158,0.41257608,0.70338887,-0.077471063,0.40328568,0.21223964,0.027361799,-0.41250095,-0.27116919,0.1979854,-0.53300077,-0.018240824,0.39079165,-0.07842131,-0.63208717,-0.011501044,-0.60904866,-0.3481676,0.1743062,-0.31348523,0.042944394,-0.6338228,0.77358264,0.58738732,0.17053118,-0.27230945,-1.5398459,0.60894305,-0.029838253,-0.10127445,-0.017338462,-0.4689723,0.011456246,-0.041540913,-0.57105237,0.82835275,-0.7041887,0.13389283,0.35318166,-1.4683846,0.10536447,0.20579007,-0.12196874,-0.40476674,-0.71320343,0.45894846,0.2197227,0.32345009,0.78491843,-0.61734062,-0.24420583,0.12586172,-0.025079802,0.20503438,0.14101627,0.19817121,-0.18095957,-1.0424387,-1.4007006,-0.5979917,0.25958279,0.703686,0.19736652,-0.45486391,-0.31681409,0.14720444,1.0654039,-0.14906679,0.035553981,-0.31232509,-0.27787265,1.0106313,0.2225899,0.25080737,0.326334,-0.0677104,-1.6066306,-0.13009326,0.29163572,0.04108946,-0.19410568,-0.65499711,0.20545834,-1.3311353,0.16714814,-1.0814532,0.33499861,0.10334486,-0.69720155,0.11989754,0.28933686,0.32615292,-0.13377091,-0.52490664,-2.3752067,0.30641297,-0.28303027,0.03033381,-0.088460766,0.16017681,0.41161293,0.38501981,-0.21526702,0.4632135,-1.3479949,-0.67063498,-0.37593442,0.29568797,-0.35942572,0.18219851,0.054441273,0.35281256,-0.015716929,0.46205634,0.36710498,0.76395047,-0.61462438,-0.26160264,0.35883796,-0.22302923,0.26225489,-0.059609644,-0.19761479,-1.0001731,-0.41547632,0.088752195,-0.2256272,0.44416761,0.99197602,0.46729007,-0.34291482,0.13198294,-0.25965351,0.55304438,0.44789913,-0.10126081,0.16215964,1.4120216,0.006991252,0.19785067,-0.82453561,-0.25699422,-1.7506158,0.87855172,-1.0896591,-0.37442151,-0.10722651,-1.2903496,0.041802868,0.17605202,0.027502149,0.61000079,0.34916142,0.23671575,-1.5657557,0.64452553,0.06147908,0.97161472,-0.034335226,-0.88230741,-0.12178989,-0.68478531,0.49131268,0.23623528,-0.81370318,0.29043406,-1.5320628,-1.5993035,-1.1008378,-0.25815302,0.26955777,0.13072142,0.25348282,-0.8363722,0.61765701,-1.1580114,-0.13777167,0.17532089,-0.99900728,0.072637603,0.09362559,0.44538981,-0.059478253,0.35938966,-0.045422375,0.43367082,0.077223741,0.44495207,-0.043885212,-0.036055803,-0.66602856,0.38978243,0.88780415,-0.42623058,0.45666361,0.39687002,0.54753131,-0.55986881,0.59234434,0.41129887,-0.9112308,-0.51478857,0.16714337,0.03681431,0.23192064,0.5286206,-0.34847468,-0.45649904,-0.47912064,0.024659988,0.56108278,-0.10828429,-0.009950012,-0.2543081,0.15317723,0.9016546,-1.0283822,0.12570225,0.2483369,-0.50484037,-0.044061814,-0.1613476,-1.1224288,-1.6789733,-0.31901431,0.61002249,0.13808693,-0.3328464,0.67485821,0.14637995,0.4709084,0.25214532,-0.29297027,-0.38096038,0.21391773,0.075475201,-0.20900868,-0.63382751,0.17439751,0.27378231,1.0870072,-1.4233357,-0.064848296,1.4015337,1.3062155,0.30688405,-0.99115032,-0.22919054,-0.47834614,-0.11626153,-0.014958142,0.23921216,0.65960592,0.65081024,0.39422572,0.089049153,0.24374948,0.5470733,0.66651547,0.64651239,-0.6808058,0.24467331,0.18412305,0.20050144,-0.32679236,-0.2293552,-1.3675125,0.32207751,0.13967028,-0.25803229,-0.10470575,0.23314404,0.01968661,-0.64043957,0.063864186,-0.22547878,0.013427008,-0.13986105,0.41083115,0.90084249,0.24279234,-0.018990606,0.51647091,-0.12152661,0.02873648,-0.87620008,0.24525203,-0.56689215,0.018546581,0.58555305,-0.94962472,-0.35706413,0.28890771,0.28005564,-0.44757333,-0.9752841,0.44647962,-0.52859724,-0.02478095,-1.161018,0.26554719,-0.11008894,-0.39312205,-0.42623681,0.77068925,0.39329913,-1.7164067,-0.94681931,-0.38445067,0.016118316,0.20200633,-0.002392006,-0.12262275,0.341212,0.2213221,-0.1429098,0.29387352,0.34150586,0.31014845,-0.00789503,-0.20011015,-0.029387653,-1.2209131,-0.074184082,0.25766373,0.063880324,0.26153877,0.43730772,0.71005046,-0.32425603,-0.79527593,-0.42097887,0.12289272,-1.5868822,0.38159385,0.24912189,0.35207868,-0.51968831,-1.2218094,0.21900797,-0.54396021,0.093155682,0.047176883,-0.031563215,0.22379541,0.20713577,0.33346871,0.2911301,-0.010663955,-0.12861644,-0.26314875,-1.9531631,-0.657471,-0.73680156,-0.004875425,-0.7460745,0.2216389,-0.12568901,-0.24040996,0.09639132,0
0.50225592,0.23053396,0.21839848,0.53257746,0.42921132,0.53958595,0.50444436,0.47123271,0.48661375,0.50249851,0.47708446,0.52422351,0.49627903,0.47136578,0.49726704,0.51165378,0.48631859,0.56801033,0.48436242,0.44368207,0.4520036,0.50818223,0.47383255,0.51614082,0.49670154,0.51380789,0.4948405,0.49422151,0.48645383,0.50252479,0.50156951,0.47019434,0.46754992,0.45438612,0.48492837,0.47884077,0.46348253,0.48786479,0.4588531,0.46561992,-0.77086055,0.19559467,0.29387671,0.29804975,1.2330893,1.6270726,1.2412007,0.61961055,0.74975163,1.5428903,1.342494,1.1144679,0.33435467,-0.19022372,-0.16634908,-0.22820857,0.63178492,0.31754664,0.45609894,0.27212915,-0.51501381,0.042241067,-0.46550447,0.33599627,-0.63767505,-0.17121924,-0.20633677,0.52521443,0.22252166,1.4833041,-0.22544138,0.21363994,-0.95846069,-0.11435167,0.045813344,0.85312492,-0.93464243,0.60135448,0.26253965,-0.75274551,-0.078348696,-0.99476653,-0.50213212,0.21729004,0.83443868,0.68637204,-0.038484927,-1.4246184,0.66494054,0.1371766,-0.87432116,0.55891478,0.046954878,0.007707529,0.45022994,-0.12907791,0.31047353,-0.43311319,-0.00664226,0.51501024,-0.63690794,-0.96966958,0.055106692,0.34554622,-0.30407366,0.2795971,0.071296275,-0.16343217,-0.032719024,-0.31198043,0.42740586,0.74457514,-0.11220785,-0.53489769,-0.4277274,0.05681546,0.39984861,-0.82868218,0.28577632,-1.0000379,-0.35434109,-1.5957289,-0.90550882,-0.031969931,-0.46437609,0.30794722,-0.30309504,-0.029717013,-0.056990493,-0.2169988,-0.77715385,-0.36510167,-0.000167102,-0.92986327,-0.069765337,-0.18388382,0.17069955,0.14800858,-0.40251204,-1.4941938,0.50794381,0.39873868,0.68481612,-0.068062305,0.51180565,0.38839412,0.038981158,-0.3660863,-0.21138918,0.18299109,-0.47831061,-0.044826373,0.35866433,-0.12820926,-0.66557872,-0.024387673,-0.54677266,-0.46894661,0.20425877,-0.219529,0.066776782,-0.69504899,0.6247049,0.63981682,0.063821062,-0.16087759,-1.6597229,0.60060549,-0.064746685,-0.16977035,-0.059351228,-0.52394789,-0.003867783,-0.076162763,-0.64251411,0.7881614,-0.47275609,0.085943609,0.420394,-1.4792092,-0.19718046,0.30794647,-0.072039492,-0.553092,-0.83329237,0.48205388,0.292804,0.22898559,0.79713005,-0.62160397,-0.36325479,0.090189748,-0.055402733,0.19380805,0.43495598,0.16812794,-0.08446455,-1.073984,-1.3499759,-0.63605487,0.2969442,0.67034692,0.13152462,-0.37400442,-0.29044411,0.1445047,1.1184938,-0.1562874,-0.00694702,-0.37602106,-0.30298799,0.942213,0.12461363,0.23248023,0.41275918,-0.033094548,-1.7764223,-0.15856355,0.45787424,-0.007646552,-0.21220884,-0.73648143,0.11741686,-1.4117801,0.25469941,-1.1985348,0.31811637,0.13832238,-0.72448123,0.075952023,0.17922425,0.31595376,-0.26591501,-0.43471426,-2.4620252,0.25982302,-0.30798629,-0.00748653,-0.10056201,0.15352449,0.38038769,0.090826124,-0.23399583,0.61101413,-1.4211272,-0.70287466,-0.50515103,0.37011242,-0.38177615,0.098635063,0.18891566,0.4590857,0.023678539,0.44814473,0.40780026,0.76532102,-0.67308038,-0.27151909,0.46227044,-0.07189174,0.23102349,-0.019567765,-0.27913284,-0.99665272,-0.47198927,0.065694049,-0.25726509,0.58362931,1.0623322,0.50248468,-0.3956902,0.26273596,-0.30916494,0.54200333,0.47735846,-0.39504543,0.17821804,1.3779429,0.051718168,0.22898552,-0.93345475,-0.11405884,-1.856425,0.92082411,-1.1760722,-0.32909903,-0.20586424,-1.3122644,-0.033521891,0.13578707,0.080783486,0.51969582,0.45976287,0.16101922,-1.604579,0.65233397,-0.060968086,1.0873725,0.013309607,-0.94802976,-0.18016513,-0.72215259,0.49413183,0.34102821,-0.82106614,0.31298417,-1.5733775,-1.6536145,-1.155623,-0.31937012,0.45223254,0.20238993,0.26274794,-0.80391955,0.61191529,-1.1816889,-0.18387531,0.27353981,-1.0608553,0.020437289,0.21814898,0.44919074,-0.16392609,0.39326337,0.058661863,0.30412233,0.052141927,0.45458412,-0.086048186,-0.031792134,-0.67723602,0.40788931,1.1042715,-0.45781758,0.57016379,0.49101615,0.58525383,-0.6312834,0.69067413,0.39611733,-0.89884025,-0.50655931,0.20874566,0.093029268,0.19936091,0.78860581,-0.37879208,-0.51503205,-0.48020938,-0.019581992,0.6983009,-0.15436256,0.041688569,-0.25194281,0.18650961,1.0112818,-1.0160795,0.13331641,0.27001256,-0.5711599,-0.053805232,-0.23160771,-1.1859572,-1.7076318,-0.30337203,0.60957807,0.14393844,-0.38247052,0.69928753,0.075677931,0.58787876,0.23213382,-0.21898001,-0.39347079,0.23062815,0.10917955,-0.12929432,-0.59993899,0.18836962,0.1771272,1.2319568,-1.4263413,-0.061993912,1.4366573,1.337096,0.39242887,-1.0516984,-0.22832544,-0.43100584,-0.10421209,0.026722191,0.32856387,0.67337227,0.65406603,0.30655703,0.13245328,0.20765483,0.62390649,0.66707295,0.82577395,-0.7065317,0.40405944,0.2901834,0.21427205,-0.30111802,-0.2488191,-1.4240856,0.28799009,0.10803866,-0.26626688,-0.1797737,0.553105,0.21913038,-0.38538662,0.13108249,-0.17943196,0.031198446,-0.20821282,0.54975933,0.99934757,0.31932956,0.012233384,0.50854301,-0.067635551,-0.038589478,-0.95154613,0.23385447,-0.56702369,0.040427193,0.65564191,-0.72827441,-0.39076424,0.2594263,0.44386879,-0.49323884,-1.0171381,0.50162631,-0.49764061,-0.046722028,-1.131068,0.24813187,-0.066853903,-0.43701476,-0.40893212,0.91161436,0.45341659,-1.7475392,-1.0804353,-0.35135263,0.032245345,0.15419748,-0.031134553,-0.03776003,0.38167983,0.20023024,-0.23813896,0.33980054,0.32683104,0.32755545,-0.058017481,-0.16982076,0.082763061,-1.269555,-0.05739313,0.26706916,0.090912387,0.21940763,0.57489181,0.7502656,-0.33165875,-0.70457739,-0.38143599,0.058732811,-1.6394209,0.30822623,0.34273517,0.29905868,-0.59835047,-1.1369299,0.19902906,-0.54474896,0.10333812,0.048085056,0.080175593,0.22287947,0.074718043,0.2943548,0.35286132,0.001607467,-0.16326462,-0.34080118,-1.9756505,-0.59469122,-0.81149006,0.064542912,-0.77776659,0.13269961,-0.17974646,-0.29235363,0.027835343,0
0.48916048,0.22151664,0.20884122,0.46418142,0.47701818,0.49222517,0.46726215,0.4523719,0.46096072,0.46675631,0.46401602,0.45869824,0.45526928,0.44261333,0.46529365,0.45139837,0.44805947,0.48299214,0.47228095,0.44123352,0.45095474,0.46862209,0.4614588,0.44733232,0.46357965,0.4595921,0.47170305,0.46807593,0.45885825,0.46569797,0.4610011,0.46173823,0.44610137,0.44839185,0.46814716,0.4308053,0.43841124,0.46558046,0.43667662,0.4406876,-0.7095229,0.21079481,0.22638875,0.25645429,1.1733515,1.5731331,1.1726803,0.54905331,0.67744869,1.4620438,1.2785704,1.0336804,0.28377867,-0.20231001,-0.23684192,-0.19310157,0.58765799,0.29176065,0.37488991,0.25598174,-0.45443389,0.055262331,-0.46263558,0.46846908,-0.56202865,-0.11173111,-0.14493373,0.51008427,0.2324627,1.2832415,-0.16972458,0.23405063,-0.92724508,-0.18807779,0.067976154,0.70771682,-0.89476967,0.55347908,0.16938089,-0.78190511,-0.073654868,-0.95062935,-0.48299491,0.20100592,0.73387253,0.57534432,-0.0028487,-1.4175731,0.64849329,0.12092699,-0.85553002,0.52608031,0.016064361,0.020336892,0.55712396,-0.1862518,0.29670894,-0.37442571,0.10306603,0.5127281,-0.66647542,-0.9200207,0.087631531,0.34748989,-0.25971004,0.23843457,0.085741661,-0.081390083,-0.039519593,-0.3184832,0.57936662,0.72581273,-0.13556519,-0.21497858,-0.37864476,-0.073270321,0.35930315,-0.80708933,0.23194157,-1.1319571,-0.36456159,-1.5300074,-0.79224575,-0.003217353,-0.46171623,0.1980091,-0.25426301,0.067922764,-0.054240972,-0.065584913,-0.48658055,-0.50669479,-0.15568724,-0.86443084,-0.093849987,-0.10876928,0.19141027,0.39004841,-0.38494885,-1.2866124,0.004281282,0.35079575,0.68594182,-0.10164672,0.56518686,0.29695368,0.054244012,-0.59061992,-0.19069558,0.21718919,-0.5631085,-0.11487135,0.29807377,-0.13867497,-0.6209414,-0.003215607,-0.5039137,-0.5393948,0.14016104,-0.20179525,0.097740263,-0.69176888,0.61229539,0.49595115,0.075993456,-0.04074949,-1.4579427,0.48015445,-0.061842386,-0.19863558,-0.050946858,-0.47711629,0.06181068,-0.04741732,-0.50797158,0.7140485,-0.61380178,0.10451511,0.34931391,-1.3882427,-0.12051976,0.28440112,-0.046753291,-0.36261803,-0.78331733,0.52273291,0.29031068,0.30102155,0.65007824,-0.58637142,-0.20646676,0.033832405,0.013262285,0.21988483,0.075785011,0.18303098,-0.094139054,-1.0130311,-1.2342725,-0.64404291,0.2573505,0.54613137,0.091364294,-0.39636526,-0.27604651,0.14358193,1.0444437,-0.05704521,-0.025172396,-0.36942983,-0.2290498,0.88067824,0.11966025,0.22285853,0.54518437,-0.011106953,-1.9559087,-0.16238308,0.51783943,0.027327958,-0.10022375,-0.57542229,0.10268875,-1.2393004,0.22589496,-1.1133752,0.1937805,0.090792581,-0.70257187,0.057198927,0.26843485,0.29901257,-0.20523708,-0.43734911,-2.270117,0.25796786,-0.42328542,-0.014915928,-0.16445085,0.28170583,0.30143535,0.1006587,-0.20768942,0.42422938,-1.2588205,-0.58811152,-0.33459824,0.36789572,-0.38488847,0.057663962,0.20965809,0.51796716,0.041137867,0.48684329,0.34891093,0.72914851,-0.75984174,-0.24764438,0.68090904,0.008584585,0.1808349,0.049323756,-0.21296571,-0.98315525,-0.4352991,0.097383372,-0.32349068,0.53957605,0.9728837,0.37008265,-0.40794328,0.24369219,-0.35537714,0.44882673,0.55571902,-0.38846314,0.11554161,1.3521544,-0.043103993,0.14390405,-0.86424088,-0.15509956,-1.7387118,0.85062897,-1.1261499,-0.29294491,-0.2380726,-1.3055134,-0.15459405,0.097816706,0.099504068,0.68777603,0.27534524,-0.076276839,-1.4967499,0.6217525,-0.035027184,1.0039713,0.041009877,-0.92644984,-0.12209103,-0.67744845,0.47659832,0.007145688,-0.8141923,0.3007963,-1.4763192,-1.4753071,-1.111969,-0.32788664,0.32494813,0.33378977,0.21748611,-0.67054743,0.55642819,-1.1803455,-0.26095641,0.21146265,-0.9218747,0.16832273,0.064107567,0.42204416,0.09838973,0.35392055,0.097682923,0.29558039,0.10120036,0.30366841,0.008511819,-0.030088648,-0.65301788,0.34343266,1.0041711,-0.4017705,0.54087877,0.45703167,0.60413301,-0.55459958,0.59858698,0.36558262,-0.88140106,-0.45624161,0.06012601,-0.003480434,0.17285746,0.66352981,-0.31621274,-0.49328399,-0.45586729,-0.00571326,0.69741678,-0.13720262,0.029889524,-0.19816186,0.19214451,1.1443976,-0.97537744,0.11478896,0.27308798,-0.53033102,-0.032861125,-0.046351384,-1.1164632,-1.5947831,-0.24331582,0.51891762,0.12837169,-0.34987605,0.70072806,0.11196865,0.39714471,0.24117441,-0.16928069,-0.36180645,0.20450135,0.086682066,-0.11399142,-0.94733167,0.16754538,0.19839016,1.0952121,-1.4600348,-0.068953618,1.2298247,1.3400526,0.25710243,-0.93234301,-0.18433744,-0.20926209,-0.11175504,0.03519519,0.31492814,0.61407232,0.57643592,0.35716653,0.10600525,0.2451044,0.53324151,0.67918068,0.80819309,-0.53963917,0.42004547,0.25375623,0.22493456,-0.26004699,-0.17757346,-1.3284215,0.24913399,0.080120519,-0.30926698,-0.13187693,0.45503265,0.20339674,-0.50305426,0.11674138,-0.18648303,0.050165899,-0.065047935,0.69777161,0.94990045,0.25176474,0.020406594,0.49325049,-0.12632853,-0.014574286,-0.93998826,0.20765869,-0.56521159,0.1056233,0.57311189,-0.73602027,-0.33588812,0.3559227,0.44051427,-0.46688682,-1.0170518,0.45099145,-0.577766,0.028267108,-1.0633007,0.25361824,-0.18832269,-0.40823337,-0.35289085,0.86885083,0.50529045,-1.5480919,-0.9339205,-0.30007309,0.058178384,0.11633389,-0.046675246,0.036176678,0.29856247,0.16781633,-0.20253398,0.27448019,0.385355,0.36824363,-0.11681605,-0.32146233,0.18640719,-1.2925218,-0.012820428,0.34064826,0.050912712,0.19499399,0.53963137,0.70483696,-0.30642837,-0.64512306,-0.34767342,0.1553894,-1.5364017,0.31795785,0.34310529,0.22805032,-0.58167619,-1.1019241,0.21854405,-0.51424992,0.087257415,-0.066847183,-0.18972324,0.25990066,0.21157622,0.25716856,0.339903,0.017757315,-0.15586869,-0.28685978,-1.8963239,-0.5913254,-0.77248991,-0.23967731,-0.70911318,0.16404942,-0.23955622,-0.24549249,0.055414155,0
0.54951698,0.2832163,0.2592414,0.50350547,0.51225662,0.51462281,0.48751819,0.48713177,0.50951743,0.5077042,0.4954499,0.50202543,0.48805279,0.48274514,0.50527179,0.48115599,0.49170023,0.53010654,0.52281946,0.47025561,0.49145538,0.49829572,0.4933199,0.49000716,0.50088829,0.49877271,0.51974857,0.49835324,0.49467057,0.50833136,0.49717045,0.4725647,0.50389737,0.49280494,0.50882673,0.46147156,0.4839538,0.49093273,0.48935714,0.49350953,-0.81578296,0.17939441,0.29395419,0.34020007,1.2000031,1.611285,1.2106957,0.61006093,0.73398221,1.5166011,1.2929479,1.0829562,0.23534146,-0.1842494,0.01680997,-0.31656745,0.49002102,0.25929019,0.36186683,0.22040936,-0.74475449,0.039118778,-0.43004039,0.26085067,-0.80107701,-0.14940295,-0.2225536,0.66006786,0.20915717,1.3494253,-0.19538747,0.17131245,-0.86979192,-0.23317942,0.025284393,0.82576632,-0.93057239,0.51662457,0.27680856,-0.85842836,-0.10485706,-1.0347998,-0.51961625,0.45908678,0.67573822,0.57242429,-0.047469325,-1.527761,0.70976013,0.10061134,-0.94692802,0.52444965,0.055093952,0.0694343,0.6081382,0.51849759,0.35489634,-0.42778027,0.060852181,0.4508186,-0.55329144,-0.97534376,0.074027151,0.47758132,-0.32735753,0.23921666,-0.080304928,-0.14804363,-0.013268732,-0.32030222,0.48497862,0.92561376,-0.17510679,-0.25408125,-0.54707938,-0.058448926,0.43198302,-0.88584948,0.20223825,-1.193732,-0.27356672,-1.7283385,-0.8652516,0.024390522,-0.44382855,0.29588646,-0.4090994,0.064195931,-0.16554666,-0.086630777,-0.62898642,-0.50258517,-0.048588082,-0.92712343,-0.08211229,-0.19127822,0.19324484,0.28594616,-0.48906845,-1.3749944,0.21447176,0.39250147,0.77042544,-0.098934017,0.45982513,0.38904122,-0.015453763,-0.496324,-0.23052099,0.28110451,-0.55076706,-0.15800399,0.21815729,-0.15485471,-0.65229243,-0.11075827,-0.56134331,-0.68521851,0.26611912,-0.24601342,-0.01780051,-0.60210848,0.57671303,0.6078741,0.056270711,0.003763205,-1.6456838,0.64158273,-0.01548906,-0.10721302,-0.10284348,-0.51120812,0.001572324,-0.023318209,-0.64715654,0.88681555,-0.74604309,0.066089541,0.53171718,-1.232537,-0.15884013,0.31932622,-0.1032521,-0.53148758,-0.98318112,0.50416619,0.36133283,0.47411445,0.95429707,-0.61324114,-0.35519752,0.021920644,0.6464873,0.24162257,0.021770626,0.1988371,-0.10148096,-1.0908931,-1.4405402,-0.65230656,0.26743978,0.47619876,0.24347544,-0.45257279,-0.3527779,0.14177643,1.2119612,-0.27572101,0.008607617,-0.3934229,-0.19114429,1.0644438,0.13532005,0.18532617,1.694996,-0.063511059,-1.9720521,-0.093673997,0.54159296,0.038289525,-0.11555158,-0.66261142,0.15824354,-1.3607388,0.23071846,-1.1492344,0.29450813,0.098659173,-0.76508725,0.000571705,0.29626477,0.44514221,-0.23898412,-0.64470935,-2.3804004,0.29516017,-0.55764091,-0.026966788,-0.13877998,0.12487465,0.48984301,0.097838134,-0.22746383,0.55875689,-1.2889123,-0.75787538,-0.081182316,0.26052821,-0.47634456,0.25384134,0.18013726,0.37638634,0.12755071,0.45785201,0.46954623,0.81479406,-1.001708,-0.32886291,0.17902896,-0.16937253,0.25686991,-0.072527677,-0.21738872,-1.0987487,-0.47475886,0.070172258,-0.50282651,0.51419592,1.0284765,0.32388222,-0.47273734,0.12038215,-0.17722486,0.4516899,0.5117811,-0.30906999,0.003627479,1.1360711,0.096418552,0.11771692,-0.87806529,-0.16175918,-1.8189787,0.91582972,-1.3154503,-0.26851064,-0.2539165,-1.5369318,-0.16405323,0.11161273,0.093142852,0.51575822,0.45375612,0.32735258,-1.6070825,0.78070015,0.35374466,0.96948725,-0.069653004,-0.95749247,-0.089226462,-0.74501842,0.46815825,0.029167935,-0.77550459,0.30545217,-1.5068132,-1.6215312,-1.3048147,-0.38029185,0.37769538,0.69262117,0.17825156,-0.82596487,0.59345627,-1.1672894,-0.17883345,0.28766418,-1.0342455,0.033540543,0.16771276,0.3909083,0.21732093,0.3132568,0.022510001,0.56661868,0.052439716,0.64700496,-0.12355616,-0.068120748,-0.54511636,0.31498265,0.91889322,-0.56874037,0.51373708,0.45730543,0.51947987,-0.6528514,0.67487258,0.46385539,-0.96387792,-0.4504571,0.16334024,0.0933083,0.21688545,0.62728554,-0.26957941,-0.44723323,-0.42287922,0.06139598,0.41000599,-0.093954131,0.10275069,-0.23951578,0.17763513,1.1034262,-0.89744133,0.088050023,0.23820366,-0.61344481,-0.086390741,-0.18731527,-1.2782341,-1.6853719,-0.2527504,0.5261783,0.075901061,-0.30685949,0.74109864,0.16877039,0.46977466,0.21214646,-0.19171759,-0.43638772,0.12941015,0.069528311,-0.083458081,-0.70977622,0.12460278,0.094386674,1.1038197,-1.4711215,-0.14987132,1.4285903,1.3318511,0.35430315,-1.1678948,-0.21306112,-0.30331439,-0.11869016,0.062876076,0.46427399,0.68726599,0.65664953,0.26241183,0.1941392,0.18394536,0.5538671,0.69081038,1.0816383,-0.73936415,0.2579065,0.24022689,0.18762888,-0.2682676,-0.13131109,-1.4475592,0.22327417,0.034182567,-0.46051973,-0.16745886,0.27643287,0.082789242,-0.50016272,0.22651413,-0.213,0.088175282,-0.070589006,0.60404056,1.1705765,0.21296445,0.011581241,0.50975329,-0.14110889,0.11232721,-0.95984834,0.31417185,-0.5705238,0.16902779,0.67929393,-0.8265487,-0.37351266,0.34809366,0.44825378,-0.52579129,-0.95434153,0.52007079,-0.50096297,0.077720225,-1.3523961,0.26554936,-0.13352922,-0.47114503,-0.40382069,0.85317528,0.49883807,-1.6868443,-1.0122856,-0.29417795,0.012713814,0.23265404,-0.00541168,0.34352082,0.42706582,0.1278463,-0.16148643,0.32658258,0.29650593,0.32062465,-0.13785361,-0.001687013,0.10156965,-1.3140377,0.09922538,0.40194106,0.028464401,0.17790146,0.54861999,0.98976421,-0.36295444,-0.61100358,-0.37061274,0.027388074,-1.9120927,0.32533038,0.26668489,0.32685804,-0.64942223,-1.1190308,0.18110333,-0.56632715,0.18076542,0.070105605,-0.13470441,0.36444783,0.16978239,0.24653034,0.5028857,-0.011932516,-0.16527714,-0.30674419,-2.012711,-0.70484883,-0.83125222,-0.18462837,-0.66663873,0.41061467,-0.098967418,-0.31417942,0.014748396,0
0.64698303,0.38176328,0.35553986,0.63019621,0.61639905,0.64577734,0.62843001,0.60786921,0.62570041,0.6228677,0.61871827,0.61792308,0.61779141,0.60479558,0.62636417,0.61388767,0.62158084,0.64947307,0.62906837,0.61529702,0.61193234,0.61560744,0.61458969,0.61602527,0.62831306,0.60770714,0.62436485,0.61234033,0.61745572,0.61713755,0.61660957,0.62338161,0.60681629,0.60764074,0.61482549,0.6055041,0.60261476,0.62794,0.5982815,0.6039722,-0.7794885,0.339477,0.44292617,0.43134761,1.3297195,1.7863777,1.3805935,0.74652982,0.88813686,1.6663234,1.4398627,1.2337461,0.52527404,-0.16892329,-0.25698659,-0.30318591,0.7974574,0.43172941,0.37647405,0.38442564,-0.64986753,-0.001079422,-0.49010938,0.42024598,-0.72435319,-0.16812977,-0.18872947,0.49602342,0.05001533,1.415073,-0.24269511,0.31721041,-1.059352,-0.13543142,-0.072529957,1.1819425,-0.90714175,0.86001849,0.17418499,-0.85080737,-0.10865803,-1.090239,-0.4367857,0.37273777,1.2175173,0.70163935,-0.050855171,-1.4330399,0.62767464,0.162422,-0.92011142,0.47019267,0.051610056,0.003734473,0.50304979,-0.03755001,0.27457038,-0.34069949,0.12414534,0.6615541,-0.71586716,-0.92347205,0.040100347,0.38862324,-0.35846817,0.088221446,0.069828928,-0.19860062,0.058334678,-0.27179819,0.36182749,0.64245945,-0.11688181,-0.096961185,-0.38719541,-0.11283687,0.29446387,-0.95166212,0.3391484,-1.0854077,-0.29779276,-1.5924969,-0.91011745,0.000438275,-0.51304245,0.32737169,-0.35232514,-0.001663014,-0.043849215,-0.17046307,-0.5843125,-0.56072795,-0.13420123,-0.93816721,-0.032907903,-0.049978405,0.070650846,0.061779365,-0.39229554,-1.5730505,-0.10075408,0.45501053,0.71033299,-0.21104828,0.52241224,0.2921901,0.002850987,-0.63233328,-0.25407568,0.30219433,-0.68324769,-0.042294204,0.51356459,-0.24191253,-0.63981038,-0.11711694,-0.62488627,-0.40441197,0.19440113,-0.097158909,0.16425021,-0.73379374,0.67309636,0.64618391,0.2730242,-0.061991908,-1.5368357,0.56420082,-0.06834694,-0.22969662,-0.081789732,-0.53062594,0.09535487,-0.10968281,-0.64272392,0.91147649,-0.39578944,0.20709416,0.36536959,-1.3656285,-0.037468359,0.19995984,-0.085154966,-0.32664376,-0.81541902,0.31602266,0.23075643,0.37689304,0.66187459,-0.59516972,-0.28589198,0.085376441,0.11557028,0.11979607,0.42714784,0.17133701,-0.10753533,-1.1233652,-1.4524711,-0.59400463,0.27854899,0.81477106,0.20058224,-0.38090253,-0.34861737,0.055583559,0.87079787,-0.2999157,0.079151362,-0.27461821,-0.22747225,0.84938234,0.17959633,0.31619567,0.59871864,-0.090126693,-1.7959068,-0.10915807,0.30620873,0.018226467,-0.10442409,-0.74761748,0.14916757,-1.3145539,0.27342933,-1.1235824,0.14562818,0.095625967,-0.81522888,0.074874483,0.18438756,0.09942019,-0.15391673,-0.65704566,-2.3604913,0.28422886,-0.42276961,0.044349059,0.085078418,0.14964892,0.40240246,0.15953912,-0.20891236,0.56775022,-1.4291108,-0.68897361,-0.41032246,0.45926011,-0.47837293,0.06592381,0.15747195,0.43316889,0.024707668,0.48603901,0.44785812,0.70246983,-0.56130213,-0.16396654,0.46182004,-0.13409548,0.20705129,-0.055722762,-0.29839319,-1.0147315,-0.34524339,0.09860763,-0.30646661,0.47655743,1.0146759,0.37482738,-0.38731369,0.29485101,-0.26609766,0.62916982,0.44733,-0.29110131,0.060981341,1.5452433,0.13654315,0.2076135,-0.95186877,-0.18580008,-1.7233176,0.87453645,-1.2129396,-0.30432016,-0.13027731,-1.0842389,0.001221001,0.078301728,-0.003440067,0.25053453,0.47945452,0.17363334,-1.5734831,0.68474865,0.034042869,1.0216924,-0.11383557,-1.0003645,-0.16432559,-0.77744889,0.50329626,-0.036502004,-0.81003696,0.25663313,-1.6767198,-1.6175865,-1.1821682,-0.25886297,0.36726654,0.18300223,0.28065118,-0.80610502,0.80263799,-1.1477983,-0.17124869,0.30380401,-1.068076,-0.092522264,0.069091231,0.39301446,0.004214328,0.31072459,-0.065984465,0.27518106,0.099912241,0.042091966,0.11748811,-0.15644482,-0.6567831,0.51584017,1.0312769,-0.51218385,0.46947467,0.51605856,0.50822747,-0.69440842,0.59337765,0.38860342,-0.84443879,-0.49417162,0.14939079,0.060524538,0.21982668,0.64421856,-0.37159047,-0.50346756,-0.50308573,0.011394016,0.49338669,-0.1723817,-0.058793388,-0.309297,0.27775723,0.97436225,-0.96237165,0.13164335,0.40363622,-0.52083933,-0.092833579,-0.16250326,-1.1557955,-1.6305028,-0.41447866,0.66195047,0.12015329,-0.38735837,0.70530021,0.073690817,0.59369725,0.35050756,-0.23053114,-0.42904997,0.26817429,0.058642663,-0.16394313,-0.72567773,0.27892262,0.25738251,1.322728,-1.4568084,0.020485658,1.3879869,1.5234165,0.50620383,-1.0902431,-0.33231053,-0.57853723,-0.23397809,0.12408771,0.1477142,0.73820442,0.69425565,0.43981242,0.10565959,0.24154584,0.69385004,0.56314951,0.85746086,-0.74496013,0.26460204,0.23666944,0.2868827,-0.28044412,-0.077140585,-1.4608517,0.41672015,0.062800199,-0.20285293,-0.11741509,0.22806855,0.23517716,-0.49429309,0.17112356,-0.18619391,-0.070469134,-0.22071983,0.42965961,0.92248219,0.32134548,0.060263596,0.51128095,-0.32165062,0.054995015,-0.96137863,0.28078634,-0.60702938,0.10867902,0.64745706,-0.84857738,-0.3197329,0.33491823,0.37572446,-0.63141531,-0.95689768,0.62731349,-0.50040019,0.029939322,-1.1444421,0.17339857,-0.12843217,-0.45775509,-0.55758148,0.79152232,0.38288805,-1.7094437,-0.96720517,-0.38038349,0.044152804,0.24392666,-0.083339185,0.081107073,0.44003373,0.34108627,-0.30129355,0.27961498,0.29579636,0.2718415,-0.040139824,-0.42114377,0.25713605,-1.3843014,0.24445269,0.32640022,0.056154091,0.18634208,0.41775078,0.83927971,-0.37245521,-0.80453014,-0.42117327,0.066859022,-1.5005575,0.31828696,0.26789099,0.39009312,-0.62531751,-1.1964483,0.19672622,-0.45690453,0.09967801,-0.067690857,0.013553753,-0.11401659,0.22231175,0.34638023,0.33082044,0.065148585,-0.21151029,-0.2355863,-1.9327389,-0.71925193,-0.95841181,0.05288747,-0.83259201,0.17343187,-0.12383538,-0.31315154,0.2040225,0
0.53797114,0.27892107,0.23846367,0.53848267,0.52564192,0.55205321,0.53004217,0.52614933,0.5417527,0.53428155,0.52665108,0.52647483,0.52771878,0.51079863,0.54390109,0.51821148,0.52992815,0.55323195,0.53562909,0.51494026,0.49366218,0.52058434,0.52829677,0.5306676,0.52742815,0.52499485,0.53231561,0.51846397,0.51521581,0.53263342,0.52095228,0.52442414,0.51223111,0.51276952,0.52361429,0.5033313,0.50636768,0.51675332,0.50345534,0.51967621,-0.79844326,0.23100859,0.25065041,0.28222102,1.2060499,1.5978873,1.1662464,0.57213026,0.6881721,1.4981215,1.2852492,1.0576375,0.28288305,-0.20211929,-0.14743355,-0.29303807,0.56348914,0.30264917,0.32376611,0.26482034,-0.80354589,0.053055331,-0.46629027,0.29686397,-0.80564451,-0.092097148,-0.11233228,0.59036779,0.36611977,1.5230131,-0.16768599,0.20495687,-1.0217755,-0.22211172,0.046493478,0.81417054,-1.038466,0.50267464,0.3373667,-0.85730261,-0.12430423,-1.1045146,-0.58163083,0.32269073,0.82786071,0.69028848,-0.010458438,-1.4732473,0.58350527,0.13454346,-0.91132355,0.46763042,0.049652539,-0.015041899,0.65444881,-0.083024964,0.41647318,-0.44527522,0.061837278,0.47781146,-0.5605759,-0.99659348,0.12192527,0.45028189,-0.2930631,0.15964766,-0.00093748,-0.11902408,-0.044026636,-0.31882998,0.52375484,0.80328894,-0.15906225,-0.23982391,-0.51984298,0.21658084,0.26396096,-0.87363446,0.33806422,-1.1230781,-0.37630495,-1.600165,-0.86417496,-0.013639787,-0.44282109,0.28406799,-0.42185146,0.18245056,-0.098154254,-0.15340966,-0.66078669,-0.46403787,-0.093818009,-0.96964628,-0.20966257,-0.17840071,0.20334849,0.29030749,-0.46651652,-1.5352427,0.30329642,0.40273657,0.72786731,-0.1280601,0.51263463,0.27839285,0.064483672,-0.51003563,-0.24131921,0.26405177,-0.41535547,-0.15187038,0.32180524,-0.19971645,-0.71891099,-0.04254882,-0.53492594,-0.52531964,0.2518889,-0.30537897,0.019707747,-0.55621547,0.62108248,0.574,0.094072074,-0.18428677,-1.6477989,0.66142154,-0.06390699,-0.12648292,-0.044219766,-0.51739711,0.016030563,-0.14217496,-0.63230246,0.83162028,-0.64490491,0.1189666,0.35627791,-1.5254673,-0.18457955,0.37654164,-0.080455437,-0.55367547,-0.84877867,0.5350799,0.27464476,0.3429068,0.58191973,-0.63027328,-0.24290231,0.06958209,0.17287192,0.21912424,0.2767114,0.17408852,-0.058855601,-1.08464,-1.4113518,-0.6964314,0.23018909,0.63087922,0.19985679,-0.40562296,-0.29220483,0.18353507,1.2612879,-0.11492929,-0.003786091,-0.38537049,-0.22407746,1.090116,0.12427079,0.22326148,0.92979419,-0.012806412,-2.1572013,-0.10579593,0.4632012,0.010039436,-0.099825032,-0.66716617,0.094152831,-1.4213181,0.17998728,-1.2170777,0.43520996,0.039283402,-0.74002993,0.008468743,0.27963591,0.48765332,-0.22976045,-0.6076771,-2.4169028,0.29338601,-0.44339305,-0.063257284,-0.23527859,0.056375667,0.44450149,0.043986086,-0.24052677,0.51490778,-1.3800477,-0.70351434,-0.3259542,0.3055433,-0.42596292,0.15420699,0.15575188,0.46815446,0.061063386,0.49325788,0.40116876,0.77904755,-0.83341587,-0.30146092,0.46597609,-0.024169981,0.25240684,-0.080809072,-0.25013539,-1.0826647,-0.39889541,0.10749891,-0.30527878,0.57913721,1.0597616,0.34085724,-0.41334534,0.084889673,-0.36033005,0.628438,0.47845358,-0.38009694,0.098867193,1.5337745,0.16570215,0.13199931,-0.93500304,-0.17168991,-1.8286109,0.97782367,-1.1843495,-0.33187827,-0.22401111,-1.365881,-0.16458943,0.1995734,0.14830028,0.42387444,0.40384734,0.20192574,-1.6488465,0.73861021,0.056354485,1.0421023,0.008145489,-0.94940901,-0.15981488,-0.72528648,0.47322035,0.36921579,-0.81600529,0.27323198,-1.6431515,-1.7404227,-1.2567528,-0.35994381,0.39531896,0.16482183,0.18088292,-0.80043501,0.5795728,-1.2341843,-0.24286355,0.28787139,-1.0170447,-0.020210125,0.037186101,0.53859997,0.028839771,0.34305072,0.044156339,0.36698395,0.02818368,0.64738297,-0.046257533,-0.047590371,-0.69954044,0.3490147,1.0525242,-0.47230089,0.43373996,0.51194513,0.63205373,-0.60395956,0.62053984,0.41756281,-0.9460392,-0.48306698,0.076788917,0.060341515,0.23008817,0.63089877,-0.36436376,-0.51838011,-0.47850522,0.036856625,0.6552493,-0.22506781,0.082035258,-0.20697182,0.14121765,1.0286849,-1.0145233,0.15548909,0.26231089,-0.61402768,0.007005707,-0.23845476,-1.2074398,-1.723026,-0.2114477,0.46638337,0.19238146,-0.33719167,0.71640944,0.28113598,0.50689179,0.19763331,-0.23290761,-0.43152755,0.1549986,0.09359201,-0.096701458,-0.66078562,0.17129415,0.19058034,0.99781781,-1.4190016,-0.090900153,1.5647577,1.3676548,0.41129234,-1.1087273,-0.212873,-0.37157416,-0.070159294,0.007928599,0.41717836,0.7274648,0.80977136,0.3345367,0.13199669,0.21772251,0.77412629,0.74195439,0.86764234,-0.70213491,0.37641215,0.25260851,0.14592755,-0.29040748,-0.20197093,-1.5295599,0.27674508,0.031741746,-0.33500767,-0.1324704,0.28854772,0.13034032,-0.69480753,0.22125939,-0.18667968,-0.10559228,-0.10421028,0.63202089,0.84744179,0.20520414,-0.008904318,0.54731184,-0.1870639,0.050365902,-1.010295,0.21358933,-0.60565776,0.082358479,0.63834125,-0.98127759,-0.32894164,0.38750547,0.47487983,-0.52983665,-1.057353,0.54377186,-0.57578921,0.013742305,-1.3777971,0.32585487,-0.14469735,-0.45745227,-0.47392267,0.89485723,0.57287097,-1.726115,-1.1996264,-0.27076498,0.05066245,0.18885893,0.039656874,0.040249169,0.3963846,0.15636736,-0.17674905,0.27942806,0.29702264,0.45758182,-0.058383521,-0.20517679,0.14226696,-1.315938,0.013129939,0.38792121,0.003186354,0.18737221,0.65061229,0.84636712,-0.33994633,-0.77577245,-0.32563451,0.097941853,-1.6364366,0.3009451,0.27082634,0.38004163,-0.60097814,-1.1544029,0.22286925,-0.58449823,0.14249735,0.034851171,-0.080447733,0.49899063,0.15110634,0.27070934,0.48964143,-0.010805828,-0.15304817,-0.43698433,-2.0384135,-0.69983548,-0.84449172,-0.049812552,-0.80436307,0.11591782,-0.072358616,-0.26959798,0.070075646,0
0.53500736,0.26349825,0.25248519,0.52048057,0.47911221,0.5589112,0.5477795,0.49778453,0.52507716,0.52819777,0.53674948,0.5291518,0.5228982,0.49702156,0.51374209,0.48974732,0.50503135,0.5613445,0.52255505,0.50677794,0.52344191,0.51052868,0.52906662,0.51026601,0.52102876,0.5102281,0.52442402,0.52377146,0.50879204,0.51439649,0.5154013,0.52222985,0.49907029,0.51291502,0.52429289,0.47769925,0.51270199,0.51306713,0.50867981,0.50357145,-0.87635589,0.21834132,0.25812137,0.30382484,1.1941743,1.584239,1.1806225,0.57494932,0.70452988,1.5007013,1.2921644,1.0642273,0.30656287,-0.19129054,-0.18168974,-0.23976916,0.60139316,0.30684143,0.35574487,0.25766116,-0.56907892,-0.014346466,-0.49290329,0.30575407,-0.8496989,-0.10057216,-0.11417114,0.42838416,0.27306092,1.3455771,-0.15546247,0.20938101,-1.0716817,-0.17817825,-0.03495134,0.92215115,-1.0887638,0.50847012,0.17614777,-0.77730668,-0.14891389,-0.99686337,-0.41975921,0.33778113,0.85160875,0.57474035,-0.08316157,-1.4245899,0.57853389,0.12079335,-0.85750306,0.50797266,0.010377787,-0.076471359,0.55883199,-0.13005689,0.29042381,-0.42761481,-0.006811604,0.51631618,-0.6060977,-0.97812271,0.10425207,0.43951914,-0.30939552,0.2395284,0.13472199,-0.082816549,-0.11587982,-0.36853012,0.43877351,0.8627966,-0.12292579,-0.2909272,-0.44588068,0.30795908,0.36373222,-0.80174416,0.32255986,-1.1330906,-0.41298985,-1.5992494,-0.87829173,-0.002407666,-0.43087631,0.22172886,-0.3691954,0.12337016,-0.078581482,-0.12371718,-0.57252848,-0.27989897,-0.003931463,-0.90535188,-0.033907264,-0.16659877,0.16342941,0.34128895,-0.42368779,-1.5293212,0.39005655,0.40597224,0.69863689,-0.052016944,0.50645727,0.28734687,0.095179304,-0.49391228,-0.15930143,0.24660267,-0.4428744,-0.22736195,0.30462313,-0.15717234,-0.67659938,-0.065081403,-0.62451988,-0.58014101,0.20835185,-0.18946332,0.002239261,-0.66271996,0.51538724,0.56456983,0.07895615,-0.014969375,-1.6925535,0.53504837,-0.091259673,-0.13717853,0.009547252,-0.52169442,-0.01147748,-0.070093162,-0.69009072,0.77993995,-0.59614938,0.13155194,0.47922239,-1.43372,-0.10881317,0.35108569,0.002175443,-0.56016248,-0.82412219,0.58512014,0.16348006,0.2925908,0.8570025,-0.64784497,-0.2556664,0.064138576,-0.049822941,0.14678201,0.41569206,0.23817509,-0.18608914,-1.0555419,-1.3683211,-0.72436357,0.27632046,0.44204909,0.21453097,-0.409145,-0.34100664,0.23615593,1.3799446,-0.16982624,0.025955742,-0.37927449,-0.26896,1.0699817,0.089381322,0.2257767,0.59310806,-0.019793518,-2.0825567,-0.14306049,0.45251513,-0.026041836,-0.089239173,-0.69150811,0.15080935,-1.420897,0.16657104,-1.3051958,0.51430023,0.15975219,-0.67504895,-0.060018718,0.22625478,0.44218594,-0.21886329,-0.29785785,-2.4596138,0.25505,-0.42256829,-0.016841166,-0.26607683,0.20811489,0.3918494,0.13692747,-0.16159174,0.52190554,-1.4597832,-0.78322101,-0.19538407,0.40888306,-0.37472957,0.14082217,0.23738432,0.49982139,0.077399835,0.45168531,0.38210216,0.75302333,-0.83619291,-0.30600637,0.50855809,-0.072699711,0.30847049,-0.063266464,-0.19980328,-0.94591016,-0.42978346,0.09446454,-0.34323144,0.42698216,1.0955104,0.34939244,-0.39573801,0.14753059,-0.3903923,0.53722984,0.5789606,-0.33614907,0.11709239,1.3643984,0.10547781,0.13372763,-0.89890563,-0.13480631,-1.8039484,0.87558252,-1.2015969,-0.39668065,-0.23098062,-1.3495392,-0.066715717,0.24913107,0.14132676,0.21104217,0.553352,0.020219326,-1.7172445,0.67287302,-0.053256061,0.97502935,0.07577686,-0.91296065,-0.3082839,-0.73433053,0.4049595,0.12975501,-0.79867733,0.3229377,-1.6417246,-1.7206006,-1.2002867,-0.32794878,0.41262126,0.1588029,0.18442908,-0.73555839,0.58286226,-1.3354778,-0.15527375,0.31066188,-0.99206376,0.07819058,0.067009322,0.54081428,0.07068865,0.41082555,0.10435905,0.35067612,0.04195559,0.61424583,-0.037655946,-0.042273439,-0.57253647,0.3420305,0.94183815,-0.31955636,0.40263581,0.4846895,0.66474795,-0.59539706,0.6819939,0.26402923,-0.98885459,-0.43861467,0.10591147,0.06902466,0.015331522,0.65454036,-0.30190226,-0.52125734,-0.47357002,0.0861696,0.56961691,-0.18079756,0.073277384,-0.2076326,0.16244102,1.0589008,-1.0837939,0.14245081,0.27037755,-0.6129337,-0.011857262,-0.086112596,-1.2495034,-1.7490723,-0.25892058,0.4973965,0.18827544,-0.34151593,0.71287298,0.22533266,0.46541795,0.14214197,-0.26699445,-0.30187434,0.22363919,0.10518281,-0.029933684,-0.61687446,0.17569137,0.13041496,1.1140921,-1.5173575,-0.057739466,1.3882264,1.4713378,0.19157326,-1.0067087,-0.15491983,-0.33297282,-0.058236636,0.042306654,0.33105311,0.60118496,0.66469109,0.28631535,0.1504328,0.20140602,0.62662697,0.76278001,0.89519697,-0.57236373,0.30864382,0.34034881,0.23720881,-0.34827146,-0.1257557,-1.4186761,0.27147585,0.056218721,-0.26149517,-0.13664782,0.33246869,0.13615307,-0.69149625,0.20183046,-0.13008109,-0.053058341,-0.027343631,0.68381399,1.0727698,0.20996547,0.010565551,0.5077976,-0.15376393,-0.04264386,-0.94513381,0.26175267,-0.57000411,0.12652843,0.55912399,-1.0086899,-0.34533191,0.27647388,0.36081904,-0.50971258,-1.0967449,0.4850657,-0.5830996,-0.001835421,-1.2941892,0.34064239,-0.10794216,-0.42015517,-0.43055123,0.81924224,0.51357377,-1.685735,-1.1236744,-0.25748035,0.007941986,0.22397554,0.080063909,0.009649577,0.42680806,0.1625054,-0.21594226,0.24364735,0.37529457,0.3637886,-0.09333948,0.006974578,0.23797128,-1.272337,0.21213968,0.32488877,0.002360679,0.20334156,0.54488742,0.8488884,-0.3300148,-0.79281056,-0.3768082,0.098782055,-1.6674773,0.32057858,0.31290427,0.33136958,-0.52393389,-1.1195022,0.20277138,-0.5710814,0.26068318,0.087263718,-0.046976991,0.40253702,0.15544905,0.28983036,0.44136423,-0.016456101,-0.037344962,-0.34912181,-2.0415416,-0.64647943,-0.80708224,0.048048064,-0.75419611,0.18667474,-0.15132858,-0.29490548,0.075904876,0
0.59939164,0.31913814,0.31816658,0.59043777,0.57954705,0.60178065,0.58253604,0.54731172,0.58574998,0.59134829,0.5840106,0.58088201,0.56987751,0.55300182,0.5988847,0.52362013,0.55950356,0.60435802,0.59463245,0.54413259,0.56121784,0.55477595,0.57450616,0.57786143,0.58023727,0.54212487,0.57978272,0.56314999,0.57989788,0.5914588,0.58067328,0.55849409,0.54255199,0.54093385,0.56566954,0.56041205,0.53469944,0.58726752,0.55164093,0.57651871,-0.80354583,0.30935001,0.28880918,0.32335699,1.2171521,1.6167806,1.1978738,0.60364282,0.72394347,1.5269661,1.3064579,1.0785285,0.25087628,-0.19403033,-0.11780133,-0.24183169,0.47935516,0.27809,0.28719538,0.24607256,-0.58757383,0.041196004,-0.45845199,0.18957432,-0.81733274,-0.20950569,-0.23934069,0.58306164,0.24333265,1.4122335,-0.17049837,0.21160728,-1.0269024,-0.23307762,0.1082574,0.73506474,-0.89694798,0.52233398,0.24116984,-0.89350134,-0.14242133,-1.0751665,-0.54737639,0.54228181,0.72148943,0.62105453,0.005771047,-1.5226164,0.56600624,0.089471668,-0.90514743,0.46779379,0.040001191,0.000903904,0.71874094,0.058195591,0.49794197,-0.38436127,0.070925102,0.42942762,-0.62005079,-1.0426157,0.066624299,0.40520865,-0.33512625,0.24006347,-0.12046378,-0.11350068,-0.085749596,-0.34327912,0.42927694,1.0325634,-0.15162414,-0.39642611,-0.40956783,-0.000326306,0.35940862,-0.84146464,0.35152695,-1.1055386,-0.31767893,-1.6218251,-0.90447301,0.055053644,-0.51594394,0.34548289,-0.44408837,0.12161151,-0.13442606,-0.093361467,-0.57234019,-0.4535616,-0.2700682,-1.0038024,-0.11391379,-0.062479809,0.1674284,0.36728171,-0.41359425,-1.514266,0.075701416,0.39628068,0.71123976,-0.07868363,0.51375026,0.30653933,0.030418143,-0.38187397,-0.22641927,0.27416095,-0.54250306,-0.13473868,0.30527893,-0.13769114,-0.70494479,-0.044371665,-0.54170007,-0.62227243,0.21555328,-0.31601265,0.033832017,-0.59763211,0.58913338,0.46233165,0.046085645,-0.076438889,-1.6141387,0.78803235,-0.086090758,-0.1286384,-0.018186599,-0.53201985,0.046261877,-0.032931633,-0.68341744,0.85916007,-0.78725827,0.085117534,0.37365246,-1.3734331,-0.07101994,0.38093093,0.018014181,-0.54134041,-0.76680362,0.6418618,0.28732875,0.21272078,0.91393191,-0.60547525,-0.1602287,0.038623698,0.073187098,0.21096466,0.33452857,0.13654251,-0.07896179,-1.1422724,-1.4345701,-0.79554635,0.22560537,0.60947019,0.19426367,-0.44202685,-0.34266037,0.18647142,1.0419745,-0.3395021,-0.001352642,-0.33116841,-0.22208074,1.0659119,0.1105253,0.22494848,1.6303337,-0.026008952,-1.9939922,-0.15567344,0.61846614,-0.005862342,-0.15338176,-0.62413841,0.087903842,-1.383075,0.2145357,-1.1191875,0.27826977,-0.036828704,-0.79853642,0.02359784,0.21959916,0.46539426,-0.20839234,-0.61839414,-2.5544636,0.27612349,-0.43229154,-0.053466648,-0.20200257,-0.086854935,0.44673961,0.16230939,-0.22265777,0.57205522,-1.3864139,-0.7761308,-0.037941426,0.4177874,-0.36267292,0.15060431,0.16234544,0.4155066,0.064976521,0.51029217,0.4317162,0.61614019,-0.92434567,-0.27711567,0.33728841,-0.19579893,0.26359254,-0.002098456,-0.19803043,-1.0858951,-0.44354036,0.092652105,-0.37888822,0.57439059,1.0301449,0.36491567,-0.39743045,0.16466068,-0.33561474,0.33654904,0.41382477,-0.40678543,0.06913574,1.4928424,0.079210401,0.13410035,-0.92331421,-0.031726949,-1.8505327,0.90297747,-1.2727252,-0.28200093,-0.16497411,-1.3937008,-0.17257799,0.17492647,0.026853912,0.55610001,0.28459853,0.11330754,-1.7689559,0.75309199,0.21976244,0.82672107,-0.036151573,-0.86316651,-0.20731914,-0.75585365,0.5205363,0.26376763,-0.81844813,0.18128325,-1.6046391,-1.7072335,-1.2138849,-0.38239354,0.52816772,1.1114078,0.18649629,-0.70300686,0.56206357,-1.1641238,-0.25375462,0.24504997,-0.98910999,0.080429643,-0.0108729,0.44632912,0.023385309,0.41789025,0.034118772,0.39098045,0.077903941,0.56714249,-0.034760185,-0.042246301,-0.68256336,0.31030235,0.91660786,-0.41137293,0.69598764,0.51725537,0.66836882,-0.64375305,0.53385621,0.49125266,-0.97193152,-0.5379824,0.083273806,0.078918993,0.30375358,0.54847413,-0.34240082,-0.52498269,-0.45561475,0.031218357,0.38085809,-0.17295021,0.010241136,-0.19062448,0.19037637,1.0633782,-1.0061189,0.11009995,0.24593148,-0.57687157,-0.014077848,-0.1578871,-1.2335461,-1.7238526,-0.22619243,0.45418662,0.13788027,-0.31428996,0.73711115,0.33312553,0.4971123,0.11722054,-0.21077737,-0.36173391,0.18150471,0.069390438,-0.10728666,-0.83226907,0.16971241,0.17930956,1.143786,-1.5406591,-0.099706776,1.4294842,1.2084849,0.46138653,-1.1270585,-0.16901338,-0.23740236,-0.093521744,0.011924652,0.49241683,0.67979497,0.77476329,0.3387278,0.11977877,0.25538141,0.63955545,0.75079119,1.1441643,-0.66908973,0.26283088,0.35891235,0.16542865,-0.32414544,-0.18586256,-1.4742423,0.24885572,0.053828955,-0.393006,-0.094625235,0.18215272,0.1271963,-0.49567872,0.2385588,-0.21213348,0.14745691,-0.070570752,0.3952173,0.93050969,0.20774415,0.020480147,0.55801433,-0.001711018,-0.090261929,-1.0274314,0.22391106,-0.65799761,0.26018339,0.75918531,-0.85994804,-0.29573381,0.3664971,0.34754267,-0.55354744,-1.0057062,0.45323041,-0.46349233,0.037974633,-1.2096176,0.29053745,-0.10331711,-0.49805835,-0.38356662,0.79021657,0.51352155,-1.6720445,-1.1933182,-0.26156265,0.060511809,0.20670357,0.050259277,0.003322458,0.37934065,0.16902712,-0.17259756,0.14961229,0.35139081,0.36164239,-0.061411303,-0.19926512,0.12436777,-1.3312224,0.037863322,0.37120643,0.047282096,0.16829418,0.57632887,1.0056144,-0.39986497,-0.67377061,-0.39822471,-0.000623032,-1.7142777,0.31722113,0.27139103,0.39663237,-0.5611465,-1.0786277,0.19717407,-0.52541631,0.27846229,0.054564189,0.093311504,0.38980013,0.14831504,0.26349702,0.27638531,0.003012138,-0.067796096,-0.36422056,-2.0012622,-0.72192639,-0.7439667,-0.086050481,-0.70272928,0.14240107,-0.15097742,-0.28208244,0.046056129,0
0.53194946,0.26107585,0.24993031,0.5143435,0.49375674,0.53389144,0.51387233,0.49734259,0.5102284,0.51035684,0.51626134,0.5192554,0.51445478,0.48732936,0.51758969,0.5001629,0.51355934,0.54220188,0.51509547,0.49410757,0.49047875,0.51023018,0.50532323,0.50683129,0.51637542,0.50488079,0.51384783,0.49949485,0.50836319,0.50986683,0.5127998,0.50283796,0.49426568,0.49369463,0.50397015,0.48796791,0.48876077,0.50343335,0.49305123,0.49776399,-0.84024411,0.22236946,0.24584395,0.30249164,1.1451402,1.5428278,1.1584904,0.55266666,0.67469794,1.4610445,1.2512013,1.0271564,0.32730573,-0.14874758,-0.22267863,-0.24199063,0.64505041,0.34164515,0.37542668,0.32823867,-0.60206926,0.000693578,-0.42091447,0.41948131,-0.6954096,-0.15007479,-0.15050116,0.47396728,0.33102882,1.2979705,-0.18107207,0.2262333,-0.99475473,-0.13740352,0.016182531,0.95106459,-0.94863605,0.58371502,0.27941781,-0.78724808,-0.084148943,-0.98756468,-0.46172172,0.30096424,0.87659931,0.64738858,-0.016945021,-1.3811964,0.56025743,0.1256575,-0.81266707,0.53731853,0.055319916,-0.065688431,0.64189482,-0.11902764,0.21803917,-0.37963259,0.043641582,0.55316383,-0.6846782,-1.0019293,0.0930105,0.34411541,-0.30060515,0.073101908,0.096898213,-0.15984097,-0.071287543,-0.33257732,0.41901067,0.85174918,-0.1607438,-0.29733065,-0.46045291,-0.12850338,0.37616014,-0.85754746,0.31964737,-0.96370852,-0.35796219,-1.5626799,-0.9281742,0.0164111,-0.4552145,0.4051528,-0.43718439,0.074074633,-0.09949813,-0.15376836,-0.64041531,-0.28334093,-0.09268415,-0.93610305,-0.061032519,-0.098975748,0.12507135,0.29849967,-0.44896719,-1.5552876,0.18049687,0.38326585,0.66239357,-0.075727738,0.53927076,0.34459069,0.048918191,-0.57898331,-0.16902512,0.18484268,-0.45975962,-0.17474522,0.38197303,-0.64589483,-0.68377179,-0.037713464,-0.57248634,-0.39227635,0.23284923,-0.2436388,0.058161803,-0.62841266,0.65267456,0.44470376,-0.026462559,-0.14401349,-1.5445887,0.5216397,-0.062302176,-0.19155592,-0.061438859,-0.51173204,-0.056002721,-0.094379582,-0.60906458,0.75106716,-0.66216534,0.16162042,0.44337192,-1.6639636,-0.089308068,0.32094312,0.000602573,-0.536982,-0.82181221,0.51052999,0.33776116,0.43428358,0.63041538,-0.61834252,-0.20645922,0.060583968,-0.029192977,0.23778088,0.3177138,0.1581815,-0.044416256,-1.0780622,-1.3230221,-0.66838962,0.23196013,0.49297404,0.14350775,-0.43674228,-0.27662599,0.16643164,1.1168926,-0.12670359,0.033969529,-0.43126988,-0.34826243,0.97093439,0.13323441,0.25138906,0.49112701,-0.030084737,-1.7035935,-0.10025731,0.4521445,-0.037019484,-0.094285391,-0.70713705,0.11421304,-1.351577,0.20658091,-1.1029729,0.40281415,0.010949902,-0.70277905,0.087441772,0.25985584,0.41177946,-0.21223284,-0.46831921,-2.4164474,0.26978016,-0.33190185,-0.010625482,-0.11981328,0.12611941,0.40359077,0.060034286,-0.25960201,0.56995738,-1.3835139,-0.66202617,-0.35005689,0.38322741,-0.41098869,0.15648969,0.25242996,0.50992852,0.042785551,0.4385598,0.36857018,0.72897208,-0.62361008,-0.27538508,0.6013853,-0.14877982,0.31555736,0.038265146,-0.28830191,-1.0325036,-0.42938471,0.091788471,-0.14232367,0.54794669,1.1134479,0.35416073,-0.35353988,0.13875452,-0.30095002,0.52685499,0.48660952,-0.28560463,0.11166067,1.2869015,0.10352759,0.10219727,-0.74319929,-0.1246689,-1.8388171,0.92463094,-1.206303,-0.35241613,-0.23467904,-1.3016719,-0.038191818,0.14296643,-0.21223775,0.6942696,0.40673101,0.037144572,-1.5990254,0.68793511,-0.038950823,0.94756007,-0.025627624,-0.87950391,-0.1905506,-0.84564322,0.4593783,0.16623977,-0.82595795,0.29200122,-1.6922286,-1.6466233,-1.118903,-0.3029224,0.43680859,0.21681458,0.23024875,-0.76092803,0.63153726,-1.2445147,-0.17870848,0.31486055,-1.0279398,0.049853176,0.008268418,0.46103537,-0.25660852,0.24971972,-0.011744216,0.2991856,0.059298433,0.56849909,-0.05712688,-0.046782695,-0.65682834,0.3929154,0.95251155,-0.50313002,0.48274148,0.4975329,0.606098,-0.59393126,0.65346384,0.39636081,-0.84533191,-0.50877041,0.11577067,0.17143852,0.22216904,0.68343282,-0.31785035,-0.51850599,-0.44957408,0.056667984,0.58506536,-0.14982447,0.069022626,-0.26296321,0.17707951,1.0647807,-1.0164216,0.13434714,0.32824045,-0.60153443,-0.054891884,-0.17245556,-1.2563242,-1.6464659,-0.21931931,0.54702246,0.091413639,-0.40960652,0.6592561,0.13040575,0.49335599,0.2287838,-0.25990623,-0.37084669,0.21598767,0.090609163,-0.018545561,-0.69071555,0.19735458,0.15647411,1.2032694,-1.4689906,-0.063809127,1.3682522,1.4051415,0.33433166,-0.96296513,-0.24238776,-0.20290962,-0.07148581,-0.002435952,0.29642379,0.57032943,0.58173025,0.27267689,0.077211559,0.22190803,0.62475288,0.65349263,0.92747676,-0.70862317,0.3565166,0.27891624,0.16117558,-0.3388705,-0.19620356,-1.3698378,0.29064852,0.066293657,-0.25932914,-0.065081358,0.36560643,0.30375576,-0.62297416,0.23667464,-0.17489626,-0.019366845,-0.23108849,0.6336174,1.031394,0.29400796,0.046523757,0.49867493,-0.28107026,-0.22314316,-0.99849689,0.20203835,-0.57026857,0.11138441,0.60844642,-0.94373375,-0.27795178,0.26027334,0.41223556,-0.40997827,-1.0180459,0.48805082,-0.61349756,-0.12771256,-1.1486003,0.2830117,-0.069051161,-0.58010906,-0.46275887,0.88173187,0.47545722,-1.641398,-0.90293914,-0.33406302,0.055647314,0.22426435,-0.028068155,0.037304003,0.44398803,0.18157004,-0.21612741,0.26637599,0.33028615,0.40153697,-0.10658268,-0.093137406,0.23172642,-1.3013288,0.069364175,0.31897485,0.099709265,0.23951387,0.55576557,0.72460115,-0.34454077,-0.77722716,-0.33333373,-0.14021826,-1.6231409,0.29093605,0.33588761,0.31613761,-0.5033837,-1.1632637,0.24625927,-0.50879008,0.041818708,-0.006497756,-0.1121584,0.43844873,0.16961509,0.33505076,0.50634402,-0.01053037,-0.15033089,-0.39394796,-1.9571649,-0.63437456,-0.78557014,0.010129709,-0.82496053,0.12528962,-0.14475253,-0.2610746,0.11426745,0
0.47434902,0.19349074,0.18628518,0.47344938,0.45228559,0.49761724,0.46741307,0.44660878,0.46979102,0.45937815,0.46614754,0.43748319,0.46018758,0.44976819,0.470249,0.41726702,0.45870051,0.47240895,0.48335487,0.44082922,0.44276449,0.47072881,0.45791388,0.46349862,0.47278506,0.45180643,0.4749203,0.40973192,0.41188812,0.47001502,0.46809793,0.47019804,0.43839741,0.45552218,0.47233129,0.441145,0.42306948,0.44232017,0.43631065,0.40425292,-0.76971567,0.17229828,0.22052658,0.29466212,1.1937065,1.5903424,1.1514472,0.57152855,0.67956978,1.5005345,1.2914366,1.0512071,0.26594195,-0.20005795,-0.11939009,-0.19318971,0.57846594,0.28283963,0.26663721,0.25147653,-0.55724341,-0.007641457,-0.4118543,0.15841214,-0.74258733,-0.1417048,-0.15935934,0.532004,0.3120254,1.408179,-0.24338672,0.21230832,-0.96911407,-0.19488633,-0.092689097,0.83844513,-0.97188878,0.53578109,0.30687633,-0.81574529,-0.13508603,-1.0904794,-0.4964456,0.3391729,0.8101905,0.63059467,-0.092259064,-1.3327688,0.69741726,0.11742009,-0.77470249,0.47299489,0.032858863,-0.14113021,0.64844173,0.073633716,0.26500455,-0.49344602,0.053929862,0.45390394,-0.57985008,-0.98121274,0.046413939,0.36924803,-0.33820984,0.11098495,-0.025089538,-0.18346862,-0.1207318,-0.37030494,0.35832593,0.9099946,-0.12024247,-0.17352116,-0.42892027,0.39348185,0.31309617,-0.7455045,0.35186359,-0.9817819,-0.38563311,-1.5621989,-0.89782995,0.096198268,-0.35124466,0.32356378,-0.40925512,0.081338421,0.15451932,-0.1405248,-0.46299773,-0.26313639,0.040428132,-0.92011875,0.087641805,-0.2019878,0.1477821,0.28024104,-0.48444784,-1.4420489,0.5400936,0.37120095,0.64307255,-0.032315314,0.44526267,0.29104921,0.006812595,-0.35522571,-0.16164964,0.33387464,-0.24727157,-0.13132055,0.31091759,-0.11088747,-0.71787894,-0.1532717,-0.63475716,-0.45592549,0.22431841,-0.24644756,0.010056192,-0.54150712,0.59430915,0.52605528,0.044467211,0.058832455,-1.5658461,0.73868465,-0.1542317,-0.13944405,-0.002743978,-0.49843758,-0.075021297,0.044427469,-0.60371417,0.81214863,-0.64276922,0.13048916,0.43380713,-1.3477249,-0.079201467,0.4550035,0.11320743,-0.46980572,-0.69379568,0.65482748,0.24997959,0.26572376,0.86858785,-0.4901436,-0.21181947,0.058206558,-0.11215989,0.33154258,0.43000114,0.074498877,-0.010148495,-1.0245724,-1.2401266,-0.62020063,0.23438168,0.67022401,0.17387702,-0.44286352,-0.38214174,0.21845545,1.174282,-0.1585079,0.058767628,-0.38235983,-0.31434488,0.99979186,0.13690558,0.23976278,0.68841028,-0.029797224,-1.8860686,-0.14597952,0.60395753,-0.054243278,-0.072114654,-0.64949602,0.19485146,-1.433761,0.18165629,-1.1747946,0.33802241,0.056776933,-0.62504977,-0.013355851,0.33926558,0.37301779,-0.15973103,-0.41096887,-2.3755355,0.2620385,-0.26593179,-0.048390653,-0.18180987,-0.010597497,0.38063365,0.14944345,-0.18498722,0.63095498,-1.3749839,-0.68140876,-0.37345397,0.26752561,-0.43605757,0.18840083,0.23746495,0.39022428,0.060106263,0.4189173,0.36884898,0.63876319,-0.72158885,-0.2640672,0.43741709,-0.23953931,0.31356534,-0.036308579,-0.19641823,-0.92756265,-0.44744915,0.045269608,-0.26872396,0.38302332,1.1749563,0.34393132,-0.3337236,0.27038682,-0.3132281,0.36486921,0.58267218,-0.32072067,-0.022269227,1.3905461,0.13882205,0.071930617,-0.77529162,-0.19334134,-1.7307531,0.83049303,-1.151745,-0.34111184,-0.3194555,-1.2192844,0.050902799,0.19930004,0.042038448,0.5844903,0.4874396,0.20701112,-1.5823295,0.63313937,0.07978458,0.99506104,-0.05040627,-0.77696037,-0.24286097,-0.68794191,0.41547823,0.08884041,-0.80988282,0.23544139,-1.5302509,-1.6269611,-1.1756371,-0.30055633,0.46791536,0.30598593,0.21568665,-0.70837533,0.52675128,-1.1904516,-0.20669352,0.25848934,-0.91201484,-0.045580313,0.050421789,0.41369647,-0.072041072,0.44338539,0.0472624,0.27397329,0.13465007,0.56314403,0.10146248,-0.010411873,-0.80366617,0.32001746,0.76075411,-0.28560692,0.4864713,0.43859574,0.69305795,-0.5454036,0.58699369,0.48369056,-0.9556371,-0.44393295,0.12137837,0.12803289,0.29641581,0.75112844,-0.36099821,-0.57955706,-0.43129548,0.002270345,0.51712716,-0.17355976,0.021176405,-0.12699579,0.143627,1.0248215,-1.0225821,0.039854437,0.25139639,-0.59987873,0.018643755,-0.22575998,-1.1973705,-1.5165538,-0.29719791,0.48401302,0.13916312,-0.33188152,0.68303132,0.089802682,0.43048409,0.16282199,-0.2360017,-0.29216605,0.1606666,0.076974809,-0.074621543,-0.53757018,0.10892802,0.13963121,1.1211529,-1.4384511,-0.10335925,1.4759284,1.2058352,0.38318485,-1.0882516,-0.15028767,-0.23732129,-0.004315198,0.023626475,0.40685767,0.67360538,0.80346906,0.28284228,0.13536237,0.1637601,0.57775468,0.81152564,0.87777352,-0.51334429,0.098837018,0.36382893,0.14210838,-0.35064462,-0.22480008,-1.3813267,0.25308466,0.06821546,-0.34376535,-0.31310835,0.30452347,0.14094073,-0.64418793,0.21373489,-0.21572804,0.082880013,-0.11418755,0.532902,0.95316446,0.24856216,0.00964791,0.43259388,-0.3330777,-0.11033347,-1.0211208,0.29993325,-0.5187937,0.10057922,0.52802312,-0.8961094,-0.34673196,0.19397555,0.22262721,-0.44328606,-0.95315814,0.50297719,-0.51499325,-0.073220357,-1.1251268,0.30044594,-0.029385641,-0.38721406,-0.36852333,0.82396573,0.36642316,-1.60067,-1.0077271,-0.24117315,0.04072234,0.15549858,0.097755075,0.003436822,0.49234965,0.1880828,-0.20133933,0.28120688,0.3516134,0.34788546,-0.088582128,0.013329014,0.73662174,-1.2668955,0.048788026,0.30858174,0.029423364,0.17829627,0.427086,0.90797275,-0.34847987,-0.73535019,-0.33575377,0.051696129,-1.6061891,0.2184311,0.4243663,0.35316607,-0.46457911,-0.93173963,0.27887473,-0.61065751,0.083508641,0.12138635,-0.060059559,0.40296525,0.13265491,0.2674565,0.47753036,-0.028004838,-0.13758448,-0.37592962,-1.9587085,-0.66031158,-0.66244602,-0.03337184,-0.67233592,0.072670847,-0.1935198,-0.31510538,0.047937274,0
0.50815952,0.22731942,0.2146401,0.49271774,0.49810255,0.50428641,0.49867308,0.48836985,0.49531171,0.49231592,0.48113656,0.49662301,0.48657823,0.47601908,0.5004698,0.48851752,0.49730423,0.51769859,0.49858826,0.4764083,0.46574742,0.49725312,0.47882023,0.47255874,0.5032838,0.47530866,0.49305072,0.48630527,0.47985727,0.48734683,0.50832468,0.48813027,0.47340316,0.47387683,0.51739204,0.48100114,0.4762809,0.47321004,0.47789556,0.4954904,-0.7691083,0.18921468,0.30571914,0.3467072,1.2533658,1.6517839,1.2435046,0.6398685,0.75914168,1.564038,1.3463674,1.1177449,0.29794225,-0.173503,-0.18330915,-0.3074373,0.58697265,0.34209296,0.3091827,0.24796297,-0.73239857,0.035378776,-0.47501597,0.29782048,-0.73128808,-0.078921169,-0.18344653,0.52952433,0.28391513,1.4568032,-0.20086719,0.22963272,-0.99391693,-0.17439651,-0.003103815,0.83451366,-0.89701939,0.54788095,0.38117203,-0.78031462,-0.14014077,-1.0812891,-0.44926506,0.28515419,0.77242833,0.74118632,0.003177188,-1.3932394,0.52159196,0.11028808,-0.88895035,0.485248,0.048138645,-0.015725076,0.58152419,-0.13468917,0.2317813,-0.43700585,0.055560179,0.4748365,-0.46967027,-0.96661413,0.076862223,0.40205196,-0.10044979,0.20792764,-0.038011052,-0.14142564,-0.033568919,-0.32905918,0.34817424,0.66518563,-0.17671111,-0.3660523,-0.44700396,0.24766278,0.32436571,-0.87421894,0.34768969,-1.0869716,-0.36439362,-1.5738876,-0.93040645,-0.019685585,-0.44205552,0.28482625,-0.41301101,0.10647798,-0.1008652,-0.19586322,-0.59266675,-0.34909642,-0.34826544,-0.95992041,-0.068852462,-0.18562303,0.21862586,0.38157678,-0.44499141,-1.4732951,0.12284186,0.3952871,0.70035571,-0.077634469,0.48685247,0.35465086,0.035354767,-0.57221866,-0.17717956,0.29302722,-0.17005067,-0.16382475,0.34026778,-0.14463896,-0.67117119,-0.072700642,-0.5665223,-0.4601627,0.20042892,-0.24717434,0.063380718,-0.56200862,0.54066962,0.54273105,0.078054838,0.030895315,-1.6267159,0.68662238,-0.088703588,-0.22906309,-0.074013337,-0.51398665,-0.031475089,-0.1045711,-0.6909377,0.81981575,-0.51247549,0.13721213,0.37386853,-1.4986912,-0.12722848,0.3411116,-0.039158016,-0.48148531,-0.79968697,0.56901193,0.21237855,0.25821877,0.79672438,-0.62247086,-0.15984395,0.086004913,-0.065131798,0.20926084,0.32647878,0.13965085,-0.15585722,-1.1201863,-1.3697796,-0.62930882,0.26913241,0.72607374,0.17381121,-0.40227699,-0.29988363,0.12993212,1.1814337,-0.038302884,0.048656907,-0.38310724,-0.28301483,1.0185772,0.082984589,0.25561374,0.64216518,0.011030398,-1.7848055,-0.1357502,0.49112266,-0.017756075,-0.17048815,-0.70422608,0.17116186,-1.4029758,0.28775543,-1.1763215,0.54027468,0.022111118,-0.70894927,0.041041002,0.27195325,0.44871205,-0.20391448,-0.67092943,-2.4179335,0.24699971,-0.33736902,-0.044259906,-0.10439712,0.011720315,0.37588325,0.13446629,-0.24088675,0.58591634,-1.3778666,-0.646869,-0.33046186,0.31692195,-0.4429152,0.10732482,0.22064191,0.42999032,0.054185342,0.44322595,0.43047425,0.74902797,-0.74492031,-0.27296841,0.52662903,-0.081791349,0.25372344,-0.10787467,-0.25408244,-1.0178567,-0.42261085,0.058473282,-0.29904953,0.53329265,1.0648102,0.36280969,-0.41151223,0.21955891,-0.34753302,0.6136865,0.48655683,-0.2733444,0.089300208,1.4926584,0.059076935,0.13638981,-0.96269983,-0.17123419,-1.7672573,0.97780699,-1.2572827,-0.26254547,-0.22668989,-1.4446594,-0.036721535,0.15207043,-0.13152729,0.34162533,0.32262269,0.11151686,-1.6217394,0.69699156,0.046553947,1.0111767,-0.06201579,-0.90731657,-0.20423213,-0.74512738,0.4889217,0.17874315,-0.79935342,0.22505158,-1.5577323,-1.6287841,-1.2267429,-0.29625675,0.27974999,0.18629268,0.18920794,-0.84419709,0.61680746,-1.1382682,-0.11144483,0.25662997,-0.98055649,0.15674452,0.065129705,0.46558818,-0.061434742,0.29874256,0.019387946,0.34214032,0.076713949,0.73960608,-0.011940792,-0.076468386,-0.67817044,0.38662469,0.92303896,-0.45918286,0.35451195,0.46432889,0.66019642,-0.57691461,0.63994622,0.48204967,-0.95556813,-0.50867105,0.076805286,0.11627996,0.23435766,0.61041808,-0.3492783,-0.52222931,-0.49603826,0.031402603,0.5771926,-0.21003371,0.03546283,-0.27944714,0.19687483,1.0351951,-1.1095418,0.12402614,0.26400337,-0.53982818,-0.044200636,-0.25151944,-1.1658944,-1.6837363,-0.14178723,0.50563884,0.12569384,-0.32097527,0.7152248,0.16715203,0.49190158,0.20852414,-0.24354139,-0.46546021,0.1711072,0.074719325,-0.12122618,-0.74549973,0.18114088,0.2006779,1.0783459,-1.4662004,-0.043340586,1.4570653,1.2904932,0.36574253,-1.0091667,-0.21575999,-0.49159908,-0.096883126,0.024304539,0.42672446,0.72789031,0.51834309,0.30501622,0.11450839,0.18967481,0.60071516,0.70730233,0.80842674,-0.71066457,0.27757826,0.2782326,0.1752398,-0.303918,-0.21384189,-1.4227687,0.26201007,0.056876376,-0.31749922,-0.13877243,0.25612962,0.16514982,-0.72592849,0.2794213,-0.20868763,-0.042382427,-0.15318413,0.64121377,0.96089196,0.21987316,0.059047997,0.54722488,-0.12727901,-0.068921588,-0.97133189,0.30209449,-0.57351488,0.080716386,0.57234865,-0.79596508,-0.35644597,0.29384819,0.49089724,-0.51015997,-0.93216133,0.4669897,-0.57299197,-0.13036247,-1.260259,0.29187492,-0.075826712,-0.33409467,-0.43385202,0.81920081,0.49818343,-1.7699077,-1.0113354,-0.32271042,0.073156811,0.22741538,0.018687474,0.05967088,0.44394737,0.17900786,-0.18239796,0.25645909,0.37210384,0.43531495,-0.072122343,-0.18178982,0.21524617,-1.3559314,0.018800657,0.39278814,0.002023134,0.18164827,0.61678523,0.76826715,-0.36138225,-0.7441777,-0.41200769,0.047354773,-1.6373863,0.25989136,0.29601529,0.34422401,-0.56267083,-1.1039187,0.22393055,-0.56205022,-0.021417558,0.018388052,-0.013474345,0.55215001,0.14055777,0.292914,0.4701142,-0.018022433,-0.19049257,-0.34144682,-1.9894408,-0.58848268,-0.82291096,-0.043426521,-0.75691235,0.042307705,-0.12907653,-0.31788737,0.036181435,0
0.57253897,0.31148392,0.30683544,0.54400933,0.54167759,0.56965971,0.54726267,0.53220922,0.55162227,0.53963381,0.53853858,0.54306823,0.54089653,0.51270163,0.54032791,0.51947296,0.5273869,0.55707276,0.55435103,0.52734876,0.5373435,0.53002429,0.54173243,0.50416142,0.54297864,0.53753185,0.53816205,0.53772634,0.53067255,0.54984051,0.5369432,0.53115821,0.5332458,0.53383625,0.54485857,0.51875591,0.52287018,0.5344978,0.51523918,0.53263438,-0.80880743,0.28560081,0.35828215,0.36856028,1.2659397,1.6673148,1.2716248,0.66749728,0.7898984,1.5830647,1.3512176,1.1483283,0.39521396,-0.16268246,-0.31762099,-0.27604598,0.64991599,0.34839857,0.32612464,0.29381099,-0.57310009,0.01065984,-0.53508162,0.42257354,-0.59671229,-0.054180585,-0.15568775,0.4188686,0.10496959,1.3789103,-0.17343254,0.24721631,-0.99503499,-0.12950468,0.033168763,0.93929577,-0.87468058,0.67009342,0.17744018,-0.78734183,-0.12423883,-1.0458398,-0.45119992,0.32900733,0.96030146,0.66537833,-0.039096925,-1.3651842,0.57561868,0.13996603,-0.89582473,0.49754283,0.010088976,0.032915443,0.49458173,-0.062135883,0.33525944,-0.32437801,0.097078465,0.55571645,-0.6045329,-0.93343133,0.049019299,0.3612079,-0.17353991,0.17094481,0.000206536,-0.17866345,-0.057258815,-0.28809479,0.3652021,0.57847333,-0.14009295,-0.29147628,-0.33376575,-0.29325277,0.41406819,-0.80999404,0.36761904,-1.0970693,-0.31974792,-1.5375921,-0.93891943,-0.014354793,-0.52116054,0.4002648,-0.34054536,-0.034244716,-0.064533032,-0.098544165,-0.57442892,-0.61068809,-0.38581169,-0.90863132,-0.17551139,-0.039408006,0.077761389,0.07561852,-0.4268555,-1.4263072,-0.042574108,0.42911568,0.67136025,-0.14238079,0.46915722,0.34251755,0.026493408,-0.57112908,-0.23014544,0.28335118,-0.72154117,0.018861577,0.42647627,-0.1842683,-0.66392416,-0.033352576,-0.55900019,-0.35325757,0.12646319,-0.18095668,0.095222041,-0.72596264,0.73198825,0.5915699,0.21976998,-0.019549217,-1.4798464,0.56561494,0.047345791,-0.20861962,-0.077868447,-0.54411876,0.032125846,-0.088611461,-0.59563971,0.85187399,-0.51546317,0.14223553,0.47122777,-1.3201319,-0.038079381,0.22916302,-0.095701709,-0.31916583,-0.73702562,0.35360754,0.049541518,0.33197457,0.76007444,-0.6050874,-0.34403181,0.078248009,-0.071677312,0.16563408,0.1887942,0.14640671,-0.057287738,-1.0985998,-1.3503467,-0.61245131,0.27334979,0.77928805,0.27022168,-0.38380671,-0.28487453,0.062153138,0.61342782,-0.085634887,0.058775976,-0.28011543,-0.28775707,0.95359135,0.15744837,0.24876724,0.35288239,-0.084377535,-1.5795636,-0.12675902,0.33290404,0.001546635,-0.093877077,-0.64176041,0.15605931,-1.2880076,0.2147218,-1.0929697,-0.12587228,0.076851167,-0.80743515,0.094236419,0.15844201,0.12526867,-0.10951894,-0.58486104,-2.3203311,0.25258934,-0.33432633,0.025743734,-0.071361393,0.22297335,0.35463598,0.1264337,-0.22149995,0.53130007,-1.3648927,-0.72404176,-0.53129905,0.41630581,-0.37698197,0.12290462,0.16618933,0.44425544,-0.006174183,0.48630023,0.39042929,0.74608427,-0.601933,-0.21374026,0.71873516,-0.13572845,0.17393011,0.007416267,-0.27236092,-1.0084413,-0.38983634,0.074248001,-0.25569043,0.53243381,1.030893,0.39482287,-0.40582159,0.22971839,-0.25064275,0.77486676,0.46335113,-0.24950238,0.073373087,1.4400908,0.12488333,0.10592323,-0.78381425,-0.14851622,-1.7174243,0.79924208,-1.1331462,-0.24328557,-0.13630298,-1.3249685,-0.022206366,0.011535704,-0.007301047,0.31258398,0.38913211,0.12233862,-1.5557965,0.55896449,0.016720187,1.0486821,-0.017521892,-0.97278225,-0.12776664,-0.71266204,0.46866351,0.21260077,-0.74723822,0.37376362,-1.5028116,-1.4842772,-1.1195184,-0.24727455,0.35554075,0.35606498,0.25165805,-0.78433526,0.70138705,-1.0496396,-0.28383514,0.24410284,-0.99992156,0.031595062,0.062284313,0.344174,0.002593309,0.40526566,0.002739603,0.27518529,0.086576954,0.065874517,0.072098672,-0.10238639,-0.56532508,0.43594214,1.0099648,-0.38467062,0.50988293,0.53165162,0.47125286,-0.60806859,0.79164737,0.49888849,-0.87691855,-0.53405982,0.094481513,-0.008222655,0.18877506,0.70662773,-0.3682262,-0.43661863,-0.49260211,0.007008832,0.60578853,-0.11168554,0.056643814,-0.33392686,0.18228337,1.0542718,-0.91441751,0.14203498,0.29805803,-0.46165055,-0.08786127,-0.20873043,-1.1463048,-1.6115949,-0.31744277,0.57308269,0.070534229,-0.35210609,0.57067126,0.036416829,0.59494036,0.2965498,-0.21084137,-0.38554591,0.24248405,0.068543777,-0.095608972,-0.75002486,0.21835402,0.20971631,1.1685586,-1.432732,-0.000216503,1.3317113,1.4461137,0.3858206,-1.0312849,-0.34715071,-0.34341827,-0.20589565,0.05904378,0.24504514,0.61196548,0.64581698,0.43326801,0.065817207,0.23011969,0.69411951,0.56621778,0.78324795,-0.74296677,0.3970933,0.1717018,0.2139758,-0.28264862,-0.20066544,-1.4332565,0.32780635,0.081061989,-0.31862518,-0.21322152,0.30696002,0.15445252,-0.65777928,0.19718738,-0.19465588,0.21090165,-0.10454969,0.66041672,1.0255955,0.28959695,0.058753833,0.46616399,-0.051633529,-0.00037432,-0.89599544,0.2390759,-0.54061007,0.044323936,0.56337225,-0.83200055,-0.28598684,0.30878001,0.43204436,-0.5080424,-0.9580512,0.50137681,-0.50634688,-0.006249182,-1.030811,0.19428188,-0.16926068,-0.39956805,-0.43388546,0.82336551,0.32859552,-1.6505531,-0.93445396,-0.35413405,0.040164184,0.15685537,-0.11545862,0.048704788,0.38340208,0.2271086,-0.25463492,0.3124752,0.28154776,0.28054649,-0.13969192,-0.29301167,0.19690056,-1.2904451,-0.000864554,0.22214866,0.051624049,0.20312007,0.47333562,0.84169018,-0.33431858,-0.71376324,-0.32830805,0.10012835,-1.5574799,0.31946132,0.33449391,0.41076556,-0.53251612,-1.1114701,0.23085657,-0.41574988,0.13867603,-0.071139991,0.034878232,-0.17751378,0.16991101,0.32147196,0.27320537,0.027163424,-0.27377623,-0.21086356,-1.8984249,-0.57395113,-0.78166616,-0.068292454,-0.73626751,0.14888111,0.052743822,-0.26206225,0.126486,0
0.51118064,0.2637817,0.2408067,0.50390542,0.49208212,0.52003497,0.50165957,0.48234463,0.49582714,0.49636173,0.48950154,0.49150771,0.49187779,0.48257753,0.50893205,0.4918201,0.49965918,0.51827741,0.49750972,0.48329356,0.4793413,0.48441231,0.4784348,0.48646569,0.49811655,0.48183012,0.4871195,0.47844729,0.48897934,0.4860155,0.48252958,0.48799539,0.47702384,0.47457972,0.49230784,0.47396547,0.46389332,0.48189837,0.46603474,0.46756148,-0.74437708,0.22320682,0.32731265,0.3369422,1.278252,1.6744792,1.2457073,0.65555012,0.76691198,1.5893302,1.3705586,1.1496394,0.30502376,-0.18104087,-0.15951565,-0.34598607,0.56290001,0.31346071,0.32525182,0.29678705,-0.80390984,0.045764837,-0.51793569,0.33240104,-0.73209888,-0.10048482,-0.17268331,0.537112,0.17969994,1.5196576,-0.056436889,0.18379666,-1.0478835,-0.31325337,0.008466989,0.83334357,-0.95257157,0.59331322,0.25089741,-0.8847611,-0.12401983,-1.1584891,-0.57908511,0.25612819,0.80350566,0.60191786,-0.028540615,-1.5417981,0.59109801,0.12103502,-0.96061975,0.44585013,0.051236194,-0.014033739,0.68015414,0.019543201,0.51324272,-0.35112217,0.086145587,0.53192329,-0.57365966,-1.0224922,0.074155033,0.42999116,-0.28184071,0.16927129,0.040517326,-0.14746533,-0.15740007,-0.28596261,0.44317394,0.86661512,-0.1428825,-0.38685542,-0.46843451,0.02708517,0.29111981,-0.9121539,0.35252869,-1.2156733,-0.35146391,-1.6799736,-0.8757109,0.034141257,-0.53912091,0.37253988,-0.41322151,0.052282341,-0.098900899,-0.13440442,-0.66866714,-0.51442987,-0.26744813,-0.95320052,-0.1553528,-0.084270313,0.17757256,0.34416974,-0.42025715,-1.4993908,0.11612275,0.44728366,0.74317539,-0.09105441,0.4662216,0.25950232,0.060831573,-0.58542764,-0.28327766,0.22272384,-0.32120347,-0.10344411,0.36799031,-0.15356308,-0.6244809,-0.039246891,-0.62454456,-0.45449573,0.203325,-0.24941662,0.037261926,-0.66666424,0.77550495,0.60568988,0.16528329,-0.042737011,-1.6362747,0.60654902,-0.020542197,-0.22054623,-0.062385757,-0.51898867,0.037904434,-0.12327179,-0.63458747,0.85215217,-0.40819687,0.11762258,0.39280355,-1.3231841,0.022945344,0.29380819,-0.099481225,-0.42346144,-0.72202957,0.60027426,0.20822887,0.33526862,0.65909702,-0.61460507,-0.24982186,0.030144367,0.12110108,0.23130006,-0.039290071,0.21136785,-0.030799635,-1.136863,-1.5012012,-0.66181284,0.25899261,0.63294089,0.19876184,-0.45581317,-0.090341225,0.12182398,1.1582489,-0.28678766,0.037591655,-0.22593208,-0.18195033,0.97621125,0.11706148,0.25593868,0.72353256,-0.084551021,-2.1252401,-0.11830907,0.40448046,-0.005385939,-0.17248657,-0.65427428,0.075257525,-1.3622575,0.21525842,-1.0641232,0.22681238,0.18693881,-0.81481963,0.082090124,0.37083015,0.35246575,-0.082615189,-0.70727634,-2.3783371,0.26741877,-0.61176187,-0.03778483,-0.072856605,0.007536709,0.44918129,0.11669102,-0.26168332,0.75718695,-1.389715,-0.74514639,-0.39364576,0.40368751,-0.37363416,0.21065046,0.14420715,0.47383744,0.067973763,0.53958285,0.42112392,0.69911522,-0.84910047,-0.27799684,0.37402797,-0.10723215,0.19076897,-0.009158101,-0.26690006,-1.1249498,-0.46982393,0.11069735,-0.35366297,0.57702106,1.0193782,0.43231454,-0.44699681,0.22723721,-0.25480506,0.56321675,0.34086823,-0.42349079,0.12459739,1.4592136,0.070318907,0.15903741,-1.0616598,-0.095998704,-1.8170372,0.98541558,-1.2940443,-0.19328587,-0.20069237,-1.5262963,-0.12019381,0.020342365,0.21823263,0.31831884,0.43718958,0.25090542,-1.5913308,0.72620291,0.11625864,1.0345575,-0.048700925,-1.0855471,-0.12940423,-0.73275936,0.49610662,0.15793437,-0.82338077,0.255642,-1.6088122,-1.5531213,-1.2306025,-0.34258738,0.40029103,0.42284489,0.2146841,-0.69098532,0.65085602,-1.1002352,-0.27473837,0.21860364,-1.0783281,-0.10177469,0.056557521,0.48249781,0.01874223,0.34912369,0.012024045,0.4758729,0.10081096,0.55197853,-0.024520269,-0.12323939,-0.54716569,0.38257307,0.96635759,-0.42988989,0.49621421,0.54000854,0.55019397,-0.63777083,0.58474523,0.53832322,-0.86631733,-0.60631251,0.11292273,0.10690878,0.30441827,0.60926449,-0.32637054,-0.4722783,-0.42389652,0.02864429,0.54354966,-0.17116711,-0.002104014,-0.28054348,0.17712915,1.0645859,-0.91834229,0.14287162,0.28070724,-0.51249522,-0.040010571,-0.26576504,-1.2726905,-1.6774491,-0.24053921,0.54812437,0.11225782,-0.28331614,0.72911346,0.12891902,0.40624616,0.25003269,-0.18002751,-0.43723047,0.19981903,0.077756636,-0.05918609,-0.77300251,0.19210009,0.2060869,1.0159723,-1.5356977,-0.12939027,1.4418694,1.4174914,0.45102921,-1.1941386,-0.30505538,-0.36202905,-0.13252836,0.007660825,0.42018816,0.62137169,0.68174261,0.35341704,0.076824419,0.25793946,0.69243282,0.74477214,1.0925164,-0.74495101,0.35635951,0.16590586,0.19769689,-0.33501583,-0.18912512,-1.547081,0.28845239,0.14142081,-0.41737202,-0.068709433,0.1907334,0.094541825,-0.48815906,0.21785486,-0.21352631,-0.006215558,-0.035487644,0.39701468,0.93599802,0.27805805,0.026157707,0.56552261,-0.11873516,-0.032019451,-0.99556452,0.28331047,-0.62129998,0.083616741,0.70985538,-0.87089372,-0.26547477,0.37775347,0.44229963,-0.47449052,-0.9018473,0.4936257,-0.50081593,-0.03420753,-1.3929645,0.29599395,-0.2066246,-0.63053173,-0.3257899,0.85295558,0.45716172,-1.673862,-1.0831101,-0.31753731,0.023090165,0.25697345,-0.035127945,0.068489619,0.41183338,0.18531048,-0.14853492,0.28667474,0.26897603,0.35257137,-0.12899846,-0.33976203,0.11731066,-1.3892994,-0.028182494,0.32828438,0.023820262,0.17449735,0.60752487,0.68435282,-0.32390267,-0.63124353,-0.43118685,0.085974075,-1.667169,0.32029778,0.42313397,0.33314186,-0.61662447,-1.16424,0.20604695,-0.62683457,0.049280897,-0.008116469,-0.001990117,0.33848026,0.41457653,0.2995497,0.47391522,0.04482713,-0.15910737,-0.32147229,-2.0574245,-0.65870202,-0.79094744,-0.023705259,-0.76706272,0.23797075,-0.40052325,-0.26782647,0.11888337,0
0.59917814,0.35209376,0.314832,0.57394779,0.55952954,0.58749568,0.57002306,0.55258507,0.57048631,0.56476671,0.56466413,0.56123435,0.56219029,0.54868394,0.57303339,0.5563935,0.56675315,0.58976805,0.56712568,0.55395204,0.55088407,0.55515254,0.55108809,0.55712652,0.56611824,0.55268365,0.56098616,0.54735529,0.56181669,0.55586636,0.55150294,0.55396748,0.54473066,0.54643738,0.56234282,0.53701568,0.53908086,0.55637556,0.53504407,0.54065263,-0.92066395,0.29393187,0.41243821,0.37729597,1.3077896,1.7441187,1.3320876,0.723149,0.85583496,1.6515129,1.4243431,1.2141221,0.38908762,-0.20947878,-0.22399443,-0.4469243,0.67215884,0.36603421,0.43887764,0.28880802,-0.81187469,0.049575567,-0.53752124,0.38616878,-0.77550715,-0.088098109,-0.23407264,0.64814043,0.20762752,1.3935004,-0.22374663,0.22750513,-1.1566852,-0.27291295,-0.077164903,1.0113448,-1.0561059,0.65085751,0.31657451,-0.97264838,-0.16630569,-1.2751324,-0.61052215,0.31585956,0.88657272,0.73936051,-0.055045534,-1.6531955,0.5569855,0.15276423,-1.0571605,0.47779965,0.053083438,0.069282793,0.82034212,0.13510253,0.38900721,-0.41958174,0.034266666,0.61000037,-0.5928219,-1.1470889,0.031519387,0.46132562,-0.34691867,0.27085906,0.056820884,-0.16192062,-0.1309595,-0.32835838,0.5340789,0.77531332,-0.18876669,-0.33402708,-0.60259449,0.20962417,0.39867893,-1.0516052,0.39017195,-1.2293136,-0.41278327,-1.837742,-0.99207872,0.060782395,-0.57086855,0.30328241,-0.40387186,0.10734199,-0.087985285,-0.14381593,-0.8028118,-0.40158921,-0.12261632,-1.0663273,-0.13230766,-0.11326213,0.21997941,0.16318344,-0.53794533,-1.651557,0.19234136,0.51149464,0.77786505,-0.14505143,0.44676077,0.23724264,0.088734142,-0.47696656,-0.28200319,0.25112498,-0.56374025,-0.16601294,0.41669184,-0.22993027,-0.74902099,-0.05663985,-0.57915831,-0.45406914,0.2618441,-0.25345716,0.009309564,-0.6822024,0.85158515,0.64176363,0.13766389,-0.13474523,-1.7480561,0.67751485,-0.014797557,-0.23004153,-0.086469948,-0.55784315,0.064133152,-0.14693415,-0.70698583,0.94656163,-0.38663918,0.19120702,0.52208495,-1.7675449,-0.04407268,0.34007376,-0.14229438,-0.40910798,-0.86684215,0.58118856,0.26652491,0.30750522,0.76542336,-0.65644705,-0.27108184,0.087501302,0.087359548,0.23947431,0.39704311,0.2231238,0.03437084,-1.2076566,-1.6143587,-0.72213691,0.36235294,0.77104753,0.16530725,-0.38197094,-0.41577873,0.11968324,1.2718437,-0.076359622,0.043390036,-0.26479006,-0.26062545,0.9886204,0.13546562,0.28051609,0.95013666,-0.064058714,-2.3898938,-0.089869961,0.38337564,-0.001604719,-0.14685853,-0.68113595,0.11397915,-1.4432232,0.24443758,-1.1412438,0.52163422,0.098680891,-0.87449515,0.028515413,0.24055147,0.44703937,-0.14624764,-0.44583958,-2.5514517,0.30989662,-0.51183271,-0.055042513,-0.075565934,0.29322082,0.52125454,0.20427379,-0.22414683,0.54497665,-1.429981,-0.6434586,-0.36822638,0.33769268,-0.47774065,0.084441982,0.15155372,0.4974421,0.021803118,0.58689815,0.52573615,0.86948168,-0.85801876,-0.31641826,0.56618321,-0.024755135,0.24435054,0.049272932,-0.26843783,-1.2413009,-0.47347614,0.10368483,-0.30276084,0.52590013,1.0795566,0.40657556,-0.49305254,0.16492938,-0.38673162,0.66259491,0.4686493,-0.48449069,0.079223797,1.5913374,0.106342,0.17122924,-0.99511886,-0.21536717,-1.8739254,1.0848904,-1.3540658,-0.20926279,-0.19678603,-1.5611441,-0.096399352,0.10777777,-0.054688767,0.68391776,0.3389231,0.28217414,-1.8307673,0.76624686,0.048877813,1.1319029,-0.17486326,-1.1189784,-0.2010332,-0.81506073,0.59427679,0.14400101,-0.88023502,0.37006077,-1.7260945,-1.7199103,-1.3710525,-0.39800775,0.30673543,0.28264672,0.25566241,-0.81697321,0.66127938,-1.3476117,-0.22426459,0.31663859,-1.1721244,0.007897632,-0.015125928,0.49954125,-0.11373135,0.31847444,-0.006831534,0.35334551,0.11314166,0.69814587,0.043521158,-0.15885526,-0.59305298,0.44074425,1.0789305,-0.6852088,0.61236054,0.53519547,0.64395946,-0.65584397,0.67811054,0.45700541,-1.0005466,-0.69218349,0.069844201,0.094065771,0.26874644,0.72246987,-0.35485238,-0.54715359,-0.5043872,0.003417771,0.64492601,-0.21919708,-0.026659839,-0.31457293,0.13821828,1.1069565,-1.0379347,0.13088158,0.25366709,-0.61992043,-0.077713139,0.022160076,-1.3972844,-1.8575602,-0.21759439,0.64825028,0.12278958,-0.31367391,0.84253955,0.15429986,0.5205664,0.30520353,-0.1776482,-0.41486034,0.23271534,0.018143289,-0.096588641,-0.6726141,0.22791436,0.14843474,1.3347601,-1.5840923,-0.060772628,1.5347815,1.4897059,0.53486377,-1.3244962,-0.283041,-0.38722175,-0.20164588,-0.003001338,0.31198606,0.81042343,0.80567014,0.39110312,0.12503453,0.22365041,0.67618901,0.73942482,0.84126985,-0.89492619,0.42143905,0.22320893,0.21614411,-0.38651195,-0.19276229,-1.6779861,0.32867002,0.092945673,-0.35153517,-0.25189865,0.38763985,0.24037969,-0.74769515,0.25226712,-0.28430441,0.16607256,-0.036076769,0.59742606,1.1278212,0.28790814,0.072540931,0.6306839,-0.1361389,-0.049062397,-1.0954045,0.27787519,-0.69385409,-0.052668035,0.70190203,-0.90846425,-0.2514756,0.39325556,0.52096152,-0.54603624,-1.0270983,0.58671802,-0.53259659,-0.034154706,-1.5260417,0.31017965,-0.18113028,-0.60336953,-0.48726541,0.99534053,0.48679233,-1.8428285,-1.2133549,-0.3543824,0.032751266,0.24498636,-0.050165553,0.10964492,0.48335516,0.24358176,-0.16156986,0.30665806,0.33818257,0.37688252,-0.10548688,-0.1820173,0.22319274,-1.5246217,-0.072999544,0.41669539,-0.054988138,0.18641698,0.64876473,0.84927362,-0.34970218,-0.8741259,-0.3929466,-0.084814757,-1.872888,0.26975739,0.45547378,0.35224548,-0.64602804,-1.316533,0.2822096,-0.62876421,0.11068049,-0.006912835,0.018280461,0.49569482,0.1210601,0.37057644,0.39556253,0.053407658,-0.24015778,-0.35294482,-2.201618,-0.80937999,-0.83236414,-0.002671212,-0.87330246,0.31678441,-0.28326052,-0.31918153,-0.032576427,0
0.58899188,0.32756972,0.28980342,0.6105848,0.54969704,0.58494174,0.59499127,0.56651151,0.65234739,0.59888089,0.58505011,0.55030882,0.55817288,0.57136852,0.57951319,0.52528805,0.56931621,0.59414327,0.61403888,0.55203527,0.59163916,0.5941031,0.54175127,0.57648236,0.60609996,0.57420039,0.61711937,0.57711864,0.58995509,0.58861065,0.55711317,0.5504303,0.5338695,0.56991166,0.60230005,0.5287745,0.57684821,0.56982839,0.56418204,0.58524609,-0.86381453,0.26733568,0.32706863,0.3487277,1.2474703,1.6752975,1.2759305,0.65333641,0.78145123,1.5792267,1.3671365,1.1393492,0.27315885,-0.19613265,-0.076996051,-0.38620949,0.45427912,0.24706239,0.36860317,0.23932993,-0.75184494,0.10324209,-0.46946913,0.30054128,-0.71261519,-0.18905434,-0.12055633,0.4829292,0.21484926,1.4874468,-0.18788321,0.22156221,-1.0212226,-0.13703026,0.1056816,0.59357399,-0.90887976,0.47309726,0.30878997,-0.79030931,-0.13622914,-0.97558868,-0.53369522,0.13656855,0.60610068,0.64541346,-0.052318931,-1.4614366,0.44379207,0.054534547,-0.85684443,0.64501595,0.043706123,-0.030271187,0.54926616,0.11112013,0.19614954,-0.41055453,0.19398597,0.43386954,-0.47667378,-1.0233051,0.13534498,0.40202814,-0.24544603,0.12266076,0.074882641,-0.14839759,0.001660243,-0.35736895,0.43664262,1.0639105,-0.10604169,-0.39786139,-0.30148837,0.043858215,0.17753161,-0.75284076,0.40532455,-0.99858105,-0.34922639,-1.6259116,-0.88764721,0.002330214,-0.47399083,0.25125331,-0.35485047,0.16401425,-0.1092838,-0.21157949,-0.59865189,-0.28330714,-0.21949908,-0.96321285,-0.1039127,-0.19941719,0.21897145,0.42362621,-0.48534155,-1.3969433,0.21272206,0.39615923,0.69162303,-0.067654759,0.61937642,0.27472723,-0.005159982,-0.50158626,-0.14153814,0.13610859,-0.21997647,-0.057099201,0.28233325,-0.17617364,-0.73215455,-0.11444571,-0.54605407,-0.47516009,0.24515195,-0.21947896,0.007087207,-0.6166628,0.59695363,0.46770048,0.018421002,-0.083880953,-1.6758654,0.60171467,-0.070166707,-0.1682837,-0.13922004,-0.54869336,0.012736333,0.13435854,-0.61935264,0.74854207,-0.80496675,0.091474369,0.24915078,-1.4020197,-0.088161126,0.34181091,-0.006058425,-0.54604226,-0.78885674,0.51785457,0.38605285,0.43886715,0.5582912,-0.63286167,-0.39672622,-0.016528156,0.49905142,0.25354522,0.23316917,0.19877949,-0.11825305,-1.0434508,-1.2753527,-0.62848228,0.36457247,0.57069951,0.23294854,-0.41026914,-0.36599809,0.16281557,1.198174,-0.26499659,0.019831533,-0.40869641,-0.29856944,0.93485123,0.15012021,0.14459363,0.61520272,-0.088382028,-1.9287636,-0.12672535,0.49258056,-0.088057756,0.07704924,-0.67931849,0.19804069,-1.3455889,0.21274255,-1.276942,0.56166446,0.034675501,-0.69702309,0.01909215,0.021329001,0.42041716,-0.21802771,-0.63720763,-2.4419208,0.21806335,-0.40869486,0.086612508,-0.14649843,0.090713881,0.49192074,0.48695663,-0.31136417,0.7739867,-1.2962408,-0.70026886,-0.030494988,0.30656168,-0.29718229,0.18883565,0.42880291,0.46076515,0.025972407,0.44534007,0.38742638,0.70952284,-0.76442993,-0.27451423,0.5885309,-0.10995103,0.31049302,-0.12212968,-0.30883786,-1.0636075,-0.4630737,0.029832035,-0.41632232,0.74655986,1.031845,0.37325078,-0.47138149,0.23674735,-0.36588603,0.6671713,0.38005644,-0.054347098,0.1975404,1.2783489,0.16328231,0.064176939,-0.83018464,-0.1164775,-1.7686447,0.93387461,-1.2163807,-0.30904225,-0.21259949,-1.5203265,-0.025979728,0.1772588,0.10094845,0.77723318,0.3247706,0.25245473,-1.6207904,0.69200408,-0.16438803,0.97977579,-0.002009857,-0.92185253,-0.14221713,-0.74051666,0.46880141,0.17228003,-0.79200071,0.22089638,-1.5106324,-1.6447514,-1.1971977,-0.35525525,0.34094736,0.11442512,0.18099183,-0.75365722,0.53383154,-1.1476549,-0.12543294,0.35444024,-1.0334723,-0.055478483,-0.10950058,0.48426482,-0.14364323,0.27876568,0.031210041,0.21337344,0.08265011,0.6727258,-0.039526343,-0.037499972,-0.56597191,0.29070395,0.93366426,-0.39514342,0.44290695,0.55835783,0.59288085,-0.59262973,0.5011642,0.45935395,-0.92993414,-0.53620929,0.094127849,0.25792697,0.2805042,0.58890063,-0.37352258,-0.52122456,-0.42137879,0.11333098,0.55106044,-0.22356135,0.11366996,-0.24768625,0.26678002,0.98265159,-0.91256058,0.1861046,0.21545522,-0.61351269,-0.094550036,-0.1787717,-1.302301,-1.5922482,-0.24200322,0.51560676,0.06778948,-0.34993359,0.70917261,0.17441373,0.54703915,0.21361792,-0.2806038,-0.35557121,0.26101211,0.034009993,-0.036348566,-0.62823528,0.14967987,0.16126752,0.98758543,-1.4944931,0.38493523,1.5133156,1.2196776,0.21910033,-1.0959566,-0.20170854,-0.38252646,-0.069086753,-0.004171168,0.34586829,0.6111784,0.64208853,0.27878201,0.11618416,0.15291505,0.52697092,0.68191439,0.60601711,-0.70396918,0.32402438,0.2841298,0.21082404,-0.30134258,-0.21332814,-1.4915792,0.1965806,0.07934384,-0.29487064,-0.018472187,0.25748935,0.50119597,-0.70238423,0.24968278,-0.17964509,0.01981266,-0.10249495,0.45441741,0.8146137,0.20684958,0.05689783,0.52792484,-0.1895678,-0.017343545,-0.98863107,0.26514751,-0.4862203,0.099039912,0.60929143,-0.88734418,-0.36902815,0.26725966,0.45177546,-0.43425149,-0.9637686,0.4600141,-0.57486159,-0.15815012,-1.1794318,0.25095785,-0.089799516,-0.5635035,-0.35054654,0.82101285,0.52070498,-1.7047095,-1.0128394,-0.30439636,0.042736921,0.21771923,-0.000497591,0.10664794,0.45970207,0.11372843,-0.20013633,0.38323677,0.30617914,0.34621724,-0.017111555,-0.21466094,0.093945205,-1.2747939,0.010331105,0.33730567,0.024916511,0.16534489,0.59990269,0.69885778,-0.4749074,-0.5296061,-0.33370996,0.050821517,-1.6395558,0.23799254,0.32159489,0.27910906,-0.55521131,-1.0137309,0.15755463,-0.59977728,0.083302096,0.022960206,-0.028116677,0.50192189,0.21041094,0.1956545,0.52161896,0.019858984,-0.17446029,-0.33512533,-2.022234,-0.66686094,-0.78675663,-0.036207009,-0.73996264,0.75709683,0.0884372,-0.31015491,0.12942994,0
0.54484946,0.28726619,0.26552156,0.52646065,0.54301548,0.53936231,0.53303993,0.51500142,0.54064894,0.54039121,0.53679168,0.53255385,0.53374755,0.51653886,0.54892898,0.53057694,0.54136688,0.56174099,0.5407474,0.56712031,0.53991508,0.52727604,0.53329408,0.54217076,0.56254256,0.52853668,0.52147955,0.51120919,0.53978729,0.53260487,0.5106411,0.5555476,0.50661975,0.53867245,0.5129413,0.50611085,0.51614183,0.55329823,0.49522167,0.50713754,-0.82482797,0.25508389,0.32564855,0.31867746,1.2458124,1.6477087,1.2624488,0.6524235,0.76938796,1.575256,1.3625449,1.1409146,0.27968311,-0.1438095,-0.24660721,-0.36097288,0.57979244,0.30338797,0.38212675,0.22588763,-0.76458329,0.067984685,-0.44927043,0.3493017,-0.64691055,-0.12145603,-0.13091719,0.49295062,0.24699289,1.3470743,-0.16334388,0.24713397,-1.0121734,-0.11434682,0.052667122,0.75516564,-0.93057835,0.54484659,0.26928073,-0.79226601,-0.11963942,-0.95778072,-0.46242082,0.16651192,0.76583606,0.66040701,-0.004005154,-1.505383,0.54505932,0.11354341,-0.91307265,0.5728454,0.041878454,-0.013328075,0.60742813,0.15061004,0.26818073,-0.37411651,0.18515462,0.51737159,-0.57829374,-1.0109595,0.058205336,0.41935405,-0.28558752,0.11708555,0.065655515,-0.097014822,-0.12331069,-0.2865845,0.46869358,0.69502962,-0.15584126,-0.40659559,-0.43121928,0.17112845,0.43506941,-0.88247454,0.28467566,-1.1006063,-0.33998585,-1.632066,-0.92222714,-0.061123852,-0.4752425,0.34351826,-0.37327468,0.079597197,-0.060334437,-0.11703466,-0.68145221,-0.36166427,-0.12269273,-0.96392947,-0.18535216,-0.13278577,0.1567761,0.36133736,-0.40331998,-1.5037917,0.35963783,0.40801674,0.71898097,-0.14118102,0.54303396,0.20197827,0.10442517,-0.37256914,-0.21293131,0.26132333,-0.48213917,-0.085397504,0.32978541,-0.18313414,-0.68292534,-0.041347202,-0.56474268,-0.50613135,0.20209467,-0.19116226,0.030589886,-0.60371864,0.6644572,0.52254391,0.080993161,-0.13078666,-1.5319518,0.47997418,-0.10494798,-0.1527961,-0.053251188,-0.5194968,-0.009706592,-0.1162558,-0.52902615,0.80066931,-0.6868552,0.10329992,0.390481,-1.6070457,-0.23817362,0.29565272,-0.12530856,-0.44774491,-0.85639656,0.46636358,0.18179142,0.15389568,0.73705041,-0.70537686,-0.32303751,0.029838724,0.051660426,0.17174013,0.24446368,0.18672304,-0.11515433,-1.0864249,-1.3852057,-0.66536033,0.36343497,0.47026318,0.14238803,-0.34226954,-0.44301629,0.14286669,1.1697843,-0.033565599,0.035018817,-0.36804906,-0.24862012,0.92872536,0.14628583,0.1906317,0.74660671,-0.023169473,-1.7969118,-0.12493057,0.417117,0.021656547,-0.015242614,-0.71763438,0.074050337,-1.349831,0.22664306,-1.1633692,0.4526206,0.1663197,-0.77352989,0.093669891,0.20299454,0.46170956,-0.17782384,-0.44971013,-2.436955,0.25847894,-0.42051378,0.011618428,-0.18672799,0.20413004,0.49936345,0.13013293,-0.20911695,0.54872847,-1.3419924,-0.62482208,-0.33876663,0.29087061,-0.30122072,0.18355879,0.39207724,0.47519296,-0.030792784,0.49679902,0.39097825,0.83474386,-0.82131279,-0.22192228,0.52830654,-0.057595655,0.21315293,-0.007540256,-0.24734777,-1.0450221,-0.44601053,0.087127417,-0.28760916,0.63639557,0.95738518,0.39515749,-0.36484969,0.06028714,-0.33226168,0.54095423,0.47383529,-0.11347806,0.19913155,1.366057,0.14909773,0.15847167,-0.87625325,-0.13100772,-1.8990294,0.98106211,-1.223177,-0.36178866,-0.13027161,-1.3781834,-0.14330138,0.12654296,0.08606343,0.28850427,0.23483399,0.17274897,-1.5916977,0.69056416,-0.14624304,0.97392821,0.063542292,-1.0075073,-0.084123477,-0.75779361,0.55188423,0.12825041,-0.85769153,0.32726744,-1.642339,-1.6686836,-1.1930249,-0.28517839,0.30231851,0.18261954,0.21829088,-0.82086861,0.52216071,-1.2694882,-0.19150829,0.25544769,-1.0647985,0.014144847,0.016381413,0.51063067,-0.040778041,0.30075508,0.043705337,0.30433702,0.09736301,0.66186994,-0.031708557,-0.10332333,-0.66433048,0.34944549,0.99854696,-0.51150185,0.50639009,0.42292348,0.54069245,-0.57815862,0.56806237,0.36111823,-0.87737596,-0.53113258,0.052115027,0.09100841,0.21576205,0.71693635,-0.33928907,-0.51510453,-0.43879145,0.084891677,0.51354772,-0.19950038,0.011965968,-0.30274087,0.31453192,1.0353466,-1.0305345,0.19384506,0.25738767,-0.58346117,-0.043710537,-0.14323045,-1.2322952,-1.7094103,-0.16797806,0.54174364,0.14117493,-0.37020475,0.74061239,0.087876409,0.43553591,0.22593367,-0.17227492,-0.43407807,0.29885656,-0.026350401,-0.11711004,-0.60237157,0.16511837,0.18455707,1.1181561,-1.5152813,0.36898354,1.2950886,1.4651191,0.32749861,-1.0111915,-0.26223662,-0.38548851,-0.11652059,0.051115651,0.39977032,0.67619407,0.58654892,0.35592741,0.12675411,0.25283843,0.58012807,0.64387578,0.76921612,-0.74836743,0.38815489,0.19502085,0.20450062,-0.29154176,-0.17700946,-1.4185786,0.24071373,0.088468611,-0.30204198,-0.047654599,0.43903586,0.45349014,-0.69036257,0.212708,-0.15904647,-0.076990195,-0.099300191,0.47338593,0.96374983,0.17177898,0.045648072,0.5366869,-0.15455291,-0.010903262,-0.93638098,0.20447312,-0.57177603,0.15114219,0.55672008,-0.77593517,-0.33706811,0.35716915,0.41287774,-0.51212871,-1.0698118,0.5041399,-0.5750972,0.026321594,-1.1576731,0.28647995,-0.16367206,-0.54163539,-0.40477052,0.85396951,0.40432662,-1.7281464,-1.0814497,-0.32060593,-0.020550769,0.24504691,-0.090746894,0.17547299,0.37796241,0.15205248,-0.14814375,0.32350275,0.31663445,0.33301586,-0.041144766,-0.13712245,0.087500274,-1.3381854,-0.045521382,0.35797179,0.047089234,0.18169792,0.63477826,0.79621214,-0.34362292,-0.55130208,-0.39072251,0.089874163,-1.64675,0.33498761,0.35655722,0.40252531,-0.59853649,-1.1196938,0.19193539,-0.48058864,0.13194461,0.082823172,-0.16481119,0.54119664,0.18751414,0.26559255,0.40705818,0.032812424,-0.20905197,-0.31411183,-1.9882892,-0.60327405,-1.0305585,0.007214636,-0.82764173,0.26000485,-0.019727856,-0.24845025,0.06949386,0
0.51299381,0.23997444,0.23467004,0.5026902,0.49310482,0.51013196,0.50903344,0.48225868,0.48512685,0.49969453,0.48239106,0.48554343,0.48921657,0.47288221,0.50282019,0.48852009,0.49652803,0.5147568,0.5064373,0.47204486,0.48252329,0.49485016,0.49054858,0.48692739,0.50026274,0.48848969,0.50253314,0.49029505,0.49954677,0.49320126,0.48890817,0.49568054,0.48237857,0.48030031,0.48688418,0.46241641,0.4636769,0.49968517,0.46431077,0.47764415,-0.85720366,0.20541348,0.30975294,0.34649289,1.2589869,1.6457269,1.2480358,0.65405589,0.76835203,1.5644813,1.3636171,1.129607,0.31593281,-0.19325531,-0.300569,-0.31940946,0.60359561,0.30215397,0.43224546,0.2505115,-0.87240005,0.022899576,-0.58119243,0.26396453,-0.62249815,-0.074189194,-0.05210416,0.47232616,0.10002229,1.2597748,-0.094936304,0.2328992,-1.0070467,-0.16470441,-0.008963676,0.74035078,-0.91794521,0.60122055,0.15267617,-0.79292846,-0.17765644,-1.0801902,-0.44302318,0.23139676,0.77574998,0.47949898,-0.062491901,-1.4874651,0.58413434,0.11782536,-0.93530351,0.52032417,0.021948548,0.001542322,0.54526931,0.18498242,0.16862312,-0.35117382,0.21991429,0.58979577,-0.67018324,-0.95066673,0.088828169,0.41319925,-0.2513316,0.10587938,0.075735644,-0.12791239,-0.081416942,-0.24785715,0.43859679,0.65667939,-0.094497651,-0.36721572,-0.32651848,-0.073679358,0.21414839,-0.84261227,0.30293983,-0.94234598,-0.32105246,-1.5901135,-0.88463306,0.019331284,-0.56534362,0.36216044,-0.35553712,-2.62E-05,-0.046848454,-0.0454714,-0.73390549,-0.47668585,-0.025836527,-0.94739676,-0.033770338,-0.062494718,0.10750324,0.25218713,-0.35037225,-1.4304001,0.21302569,0.40926021,0.69865561,-0.11391982,0.51914465,0.17237796,-0.001066111,-0.45455986,-0.28019515,0.23512901,-0.46432301,0.042448729,0.35882142,-0.15777972,-0.64020139,0.005981952,-0.47120276,-0.4019872,0.14715362,-0.2499551,0.053857241,-0.74206948,0.5724597,0.57218456,0.23562808,0.078322083,-1.5549045,0.38077819,-0.040568165,-0.097693771,-0.0589047,-0.52200061,0.061871067,-0.012086213,-0.63104588,0.74722815,-0.51836485,0.055864282,0.40510514,-1.3341596,-0.012649655,0.25874725,-0.062723324,-0.44372469,-0.67771971,0.43651557,0.17591101,0.41119272,0.82443035,-0.65412629,-0.32562682,0.03865125,0.17534779,0.2109834,0.27418092,0.10942329,-0.02188427,-1.1002719,-1.364255,-0.64647478,0.35567051,0.37650532,0.13813385,-0.374504,-0.35083988,0.11332885,0.99616575,-0.20674837,0.015756987,-0.25205114,-0.16860202,0.85984612,0.12133815,0.23759836,0.39536083,-0.10350461,-1.69787,-0.15272388,0.41567945,0.029940568,0.049253464,-0.64626622,0.053294651,-1.2611191,0.21454012,-1.0806072,0.16133177,0.15818414,-0.73997068,0.094330236,0.28238317,0.2783936,-0.097813308,-0.43542677,-2.3667781,0.28451869,-0.22623995,0.074080691,-0.02944871,0.22855629,0.36833102,0.095397703,-0.19404206,0.41650951,-1.2857084,-0.59137201,-0.29674083,0.35746396,-0.34761873,0.10670234,0.46357661,0.38230407,0.014335293,0.49026945,0.39704856,0.76624691,-0.75176185,-0.20536554,0.76342165,-0.18318199,0.1807854,-0.040090613,-0.21325378,-0.98802167,-0.41727903,0.10796703,-0.31933793,0.54352367,1.0155056,0.3593362,-0.45579216,0.14698832,-0.30118251,0.52481872,0.51695436,-0.067314148,0.17341509,1.2646056,0.11824956,0.02039665,-0.81078148,-0.1317665,-1.7132154,0.87505788,-1.151678,-0.20056751,-0.064820386,-1.4185858,-0.15775403,0.068218946,0.10480212,0.29367375,0.43432647,0.03993845,-1.5227621,0.61842787,-0.11881541,1.0065707,-0.051366638,-0.93624324,-0.19761251,-0.7331807,0.48532099,0.23814397,-0.73992747,0.36495039,-1.5596281,-1.5154164,-1.1211736,-0.28614455,0.33291429,0.34014195,0.19085877,-0.71544856,0.62765181,-1.0923455,-0.15043314,0.28730872,-1.0009272,0.028210176,0.10140079,0.37140101,0.037872467,0.36179978,-0.010025911,0.26713729,0.11073361,0.39957115,0.013735782,-0.06254214,-0.59901273,0.38593391,0.83694232,-0.35731384,0.50982606,0.4480668,0.40994403,-0.57552564,0.67981046,0.23255086,-0.75591052,-0.50741762,0.032450341,0.092097014,0.21256933,0.69656235,-0.30123577,-0.49620846,-0.46944827,0.10559665,0.46306682,-0.191416,-0.013735764,-0.27026689,0.25617123,1.1272821,-0.94915986,0.21514761,0.28262517,-0.46932477,-0.043164678,-0.044891439,-1.1833779,-1.6934217,-0.23714097,0.59700233,0.074113384,-0.31082329,0.72310263,0.10492463,0.42853186,0.23319615,-0.21967784,-0.3544412,0.26747957,0.016268484,-0.1348211,-0.62096024,0.12797551,0.13781236,1.2636687,-1.4475226,0.47238591,1.1637756,1.4823236,0.2439066,-1.0828927,-0.33489597,-0.4113802,-0.15439606,0.004250702,0.29388237,0.53061736,0.4313975,0.40919814,0.095336087,0.24823996,0.58104342,0.5951364,0.87468469,-0.74223161,0.27765283,0.19819309,0.23686814,-0.27050048,-0.21732609,-1.3319125,0.2663286,0.080454774,-0.27164018,-0.11931077,0.36557046,0.50202072,-0.47379702,0.1638435,-0.2547442,0.082389012,-0.1145476,0.661421,1.1057595,0.13449807,0.001948455,0.49293888,-0.14509213,0.052566409,-0.91526622,0.22958869,-0.62453508,0.046263069,0.46713927,-0.85463464,-0.26862276,0.36733302,0.32288536,-0.49532789,-1.0352111,0.51867998,-0.47299844,0.019276377,-1.1430568,0.2144638,-0.13631423,-0.50000852,-0.35829744,0.84641832,0.32445252,-1.717947,-0.93614924,-0.34186581,-0.000454807,0.25112146,-0.071947321,0.20579255,0.45383731,0.13356054,-0.20956162,0.352292,0.32172176,0.23909503,-0.10069093,-0.1757969,0.13052975,-1.2224501,0.02508273,0.29941356,0.007597067,0.18801981,0.47719705,0.82937956,-0.32723638,-0.506302,-0.4138096,0.16044055,-1.6352048,0.35329452,0.39998031,0.35703593,-0.54855609,-1.0349127,0.18472975,-0.4001224,0.076333538,0.019772537,-0.059080616,0.27537182,0.14110807,0.25411874,0.36551449,0.064377531,-0.023216099,-0.27757704,-1.9564095,-0.54952645,-0.79530072,-0.038305964,-0.70931613,0.40679869,0.11777894,-0.21132988,0.16289428,0
0.55685979,0.28357583,0.27634507,0.55541348,0.53778994,0.5744251,0.55277288,0.52917767,0.56077003,0.53985006,0.54776609,0.5479396,0.54459357,0.51427042,0.55915684,0.52847165,0.53405607,0.56434011,0.57077944,0.51888007,0.53361386,0.54803288,0.5344606,0.53885388,0.56287462,0.5491817,0.55593359,0.541435,0.56218517,0.54605401,0.54537916,0.54945922,0.54624295,0.52393079,0.55222201,0.5093773,0.52052701,0.53390038,0.51931399,0.52732337,-0.73888469,0.27008763,0.28066891,0.28786483,1.1923175,1.6150676,1.216689,0.58803797,0.72052073,1.5059948,1.3111215,1.0783668,0.30988711,-0.19984534,-0.22973979,-0.26151431,0.5676384,0.3091847,0.40795341,0.29517639,-0.54187852,0.057997718,-0.44527042,0.37547722,-0.58692914,-0.20617519,-0.13086782,0.50271797,0.28700423,1.2908179,-0.15300404,0.20466946,-0.9087534,-0.17352964,0.08559946,0.80579996,-0.87407696,0.59689611,0.23297028,-0.75974488,-0.069758959,-0.95938551,-0.45514065,0.33976632,0.82998621,0.6366483,-0.008262347,-1.3524965,0.60547602,0.15756834,-0.80251789,0.41417208,0.020248182,0.043893013,0.5094822,-0.10396256,0.42540684,-0.34021902,0.042005502,0.49382845,-0.65537685,-0.87333786,0.019935608,0.36081916,-0.21936521,0.14021167,0.07324446,-0.15321854,-0.009208545,-0.2695621,0.50397146,0.64691865,-0.12660867,-0.19042702,-0.42089629,-0.038094163,0.38353291,-0.79209781,0.24472448,-1.0742218,-0.34314591,-1.5319037,-0.82920069,-0.014466314,-0.44585133,0.28662169,-0.35905701,0.012188032,-0.055250444,-0.15652491,-0.74744886,-0.43256727,-0.086468697,-0.85163641,-0.10208148,-0.10843232,0.15611649,0.14096093,-0.36571801,-1.3436363,0.38914776,0.36151314,0.65582329,-0.1124777,0.52581084,0.32773978,0.040309001,-0.36003992,-0.17515743,0.19584629,-0.67811942,-0.039225489,0.34484172,-0.15129739,-0.61281133,-0.060114183,-0.53614056,-0.50290322,0.17354232,-0.19068205,0.058981564,-0.63183099,0.65610415,0.5813781,0.14793336,-0.07099355,-1.4871626,0.36362821,-0.034085132,-0.2673133,-0.077308908,-0.43911275,0.050797738,-0.076346025,-0.55968046,0.71008784,-0.58225518,0.14886948,0.45470658,-1.2847813,-0.087717041,0.31708658,-0.007729549,-0.5777483,-0.80715775,0.44417307,0.25327,0.21439347,0.70539033,-0.59524697,-0.26569474,0.091271341,-0.10966808,0.16412911,0.23798499,0.19967555,-0.098356552,-0.96263373,-1.2745014,-0.62476069,0.26247385,0.39350218,0.062823623,-0.37554199,-0.29040453,0.1481889,1.0199033,0.14062721,0.000833382,-0.31442434,-0.24126773,0.85023451,0.13845679,0.20494176,0.77566695,-0.064189076,-1.5845528,-0.1462498,0.45953989,0.042297486,-0.094280586,-0.61409742,0.055425543,-1.2351664,0.2154801,-1.1161033,0.15213993,0.093128651,-0.70438856,0.091871664,0.18932192,0.23536357,-0.043531775,-0.34417269,-2.24649,0.20793308,-0.33957607,-0.032594092,0.014061362,0.18855436,0.22768205,0.13023598,-0.19020629,0.42436022,-1.327057,-0.65524608,-0.38306615,0.43431777,-0.34760773,0.084867567,0.20338106,0.42966229,0.057127662,0.49960011,0.32123995,0.74835485,-0.73317111,-0.24190705,0.57536781,-0.079702355,0.1740253,0.057266679,-0.2377345,-0.9205389,-0.40365583,0.1121179,-0.26605713,0.56957531,0.94388014,0.38515618,-0.34452105,0.17657539,-0.30581436,0.45490003,0.51532346,-0.33165464,0.10183134,1.2438787,0.081342213,0.11607427,-0.71836901,-0.10994047,-1.8155419,0.77432293,-1.1184336,-0.29256254,-0.27516794,-1.2212903,-0.17399476,0.11354572,0.10563757,0.36613029,0.47533047,0.08343938,-1.4567347,0.57227254,-0.050701059,0.90175992,0.013870638,-0.90432894,-0.20556021,-0.70247436,0.44140697,0.17318556,-0.75994974,0.29029793,-1.5014311,-1.5172311,-1.1000805,-0.26481247,0.393675,0.30851722,0.20702268,-0.65996063,0.58368671,-1.2233882,-0.25349772,0.18195826,-0.9494794,-0.020800948,0.04897745,0.32741225,-0.04670275,0.41570103,0.047530357,0.27260011,0.065310873,0.26247862,-0.068415336,-0.042691968,-0.82772416,0.34835485,1.014109,-0.39900836,0.51337665,0.46570006,0.50780016,-0.57504904,0.63051015,0.28913653,-0.85617369,-0.40111953,0.081757709,0.081089437,0.11052983,0.72304958,-0.27395347,-0.46370074,-0.46833616,0.006527172,0.52321863,-0.18907014,0.081011347,-0.19756642,0.1514499,1.0774003,-0.93992531,0.089635089,0.32885072,-0.55829132,-0.024979096,-0.21447322,-1.1049837,-1.5714381,-0.25828737,0.55490619,0.12248723,-0.37286922,0.61228001,0.1160969,0.44959152,0.23116739,-0.14062437,-0.37475833,0.20175031,0.067153692,-0.11153772,-0.6736154,0.20147115,0.14822944,1.1043437,-1.445811,-0.11999668,1.1601493,1.4949319,0.37860149,-0.92149907,-0.2451596,-0.30343115,-0.121439,0.057974681,0.30118167,0.55083191,0.54202104,0.38805854,0.091642208,0.24601993,0.62911749,0.61096817,0.80832994,-0.58312273,0.41149056,0.24410442,0.22468396,-0.25147218,-0.20435959,-1.2689379,0.2608974,0.023516683,-0.36390641,-0.11705061,0.29479456,0.15506122,-0.50480545,0.14051253,-0.16137296,0.027914293,-0.10596509,0.61563325,0.92794144,0.24144471,-0.040443983,0.47877669,-0.2232106,-0.045643095,-0.90102279,0.16947679,-0.51078498,0.007916495,0.51751804,-0.80406743,-0.29093865,0.31780127,0.48856047,-0.45829529,-0.98653662,0.52311736,-0.54015124,0.051007241,-1.0581293,0.24767491,-0.17247733,-0.54078203,-0.45184338,0.84627444,0.56777406,-1.62131,-0.90832692,-0.31838953,0.021163933,0.13739957,-0.09281671,0.012150746,0.30837074,0.14730714,-0.23654762,0.29431951,0.30463254,0.30554372,-0.03850437,-0.19238609,0.17775963,-1.228281,0.012555614,0.23721802,0.023211461,0.16208036,0.57220471,0.77884376,-0.30581665,-0.87806273,-0.35132959,0.22809947,-1.4833744,0.34670925,0.36931354,0.41549328,-0.59013408,-1.0559765,0.17578369,-0.44572568,0.13974601,-0.00623408,-0.12597413,0.076371372,0.14575733,0.27365008,0.2972905,0.020729639,-0.17446706,-0.27672186,-1.8495492,-0.55687881,-0.80385393,0.046787132,-0.72522008,0.10189077,-0.14475328,-0.20689213,0.074132659,0
0.4495542,0.17608538,0.16211282,0.46688282,0.43212378,0.50467014,0.47359163,0.41530579,0.44818556,0.47878182,0.43698344,0.43508589,0.42602199,0.41593009,0.47185969,0.48730719,0.44326478,0.53559434,0.4409672,0.42617124,0.4304744,0.49410838,0.45664376,0.44446799,0.44933325,0.449278,0.44065058,0.44937515,0.45986056,0.45552093,0.44684231,0.44267616,0.43160182,0.42376852,0.43106848,0.42339468,0.4337742,0.42907336,0.40708408,0.41799128,-0.85356319,0.12833317,0.31498927,0.386976,1.2884345,1.6466694,1.2538476,0.67388952,0.78030246,1.5925922,1.3902988,1.1519587,0.33261871,-0.20372264,-0.24991377,-0.40567255,0.63968694,0.22883186,0.32494804,0.26468971,-0.72534621,-0.24636634,-0.71691769,0.20249973,-0.58815211,-0.008617353,-0.12753373,0.73332113,-0.043982416,1.5115166,-0.15487178,0.19750455,-1.1366034,-0.34743249,-0.13568184,0.86594856,-0.95481342,0.57001072,0.14445585,-0.90983921,-0.18025601,-1.3171957,-0.56621391,0.39565349,0.91529655,0.46617845,-0.097723022,-1.7174752,0.68234998,0.034106128,-1.131078,0.44945726,0.01315218,0.074142426,0.45987731,-0.017160844,0.19091134,-0.34848639,0.15116771,0.6321255,-0.41994947,-0.97844678,0.036220767,0.51862484,-0.24464057,0.18091983,0.072926998,-0.16591695,-0.031160206,-0.27477503,0.43958053,0.6504885,-0.10879302,-0.36580911,-0.34567076,-0.11731446,0.55698961,-0.94895929,0.35336319,-1.0748171,-0.37273097,-1.6697676,-0.85526943,-0.099274173,-0.62926048,0.36003634,-0.3659341,0.2668615,-0.10025206,-0.081059821,-0.60305548,-0.53348702,-0.058074638,-0.92507344,-0.22058403,-0.047565203,0.15061899,0.31238762,-0.4163745,-1.5179147,0.025317401,0.44120347,0.7723335,-0.13832234,0.45245656,0.20138735,0.007550821,-0.36292428,-0.30539924,0.36392409,-0.35060051,-0.056066386,0.33610934,-0.17892727,-0.605178,0.006421402,-0.44304705,-0.43124592,0.2791073,-0.29095018,0.029117314,-0.67240059,0.61592215,0.58446032,0.21571505,0.000839406,-1.7439897,0.65285039,-0.006831575,-0.051653035,-0.027349046,-0.49802932,-0.069299996,-0.10731472,-0.72038329,1.0059105,-0.63699132,0.1304701,0.28953069,-1.4669309,0.037229642,0.3100073,-0.15453809,-0.4200758,-0.77087283,0.3328644,0.2046054,0.24371992,0.59795702,-0.7219063,-0.25018904,0.069127589,0.069765888,0.15316954,0.27406675,0.021791756,-0.080105446,-1.1972216,-1.528976,-0.65169555,0.31259629,0.59563529,0.14156173,-0.46355444,-0.22998087,0.064965546,0.90856719,-0.28562817,0.08663623,-0.20828168,-0.19200006,1.2095298,0.12718469,0.24202469,1.4947939,-0.15188146,-1.9397159,-0.11578296,0.48669505,0.030035082,-0.045293715,-0.70834881,0.20502752,-1.352662,0.10530764,-0.98965436,0.22169015,0.11046148,-0.85740668,-0.044922248,0.4345035,0.53544444,-0.13311921,-0.62710506,-2.4052088,0.35049352,-0.67349994,-0.063035928,-0.0583551,0.27157938,0.4176738,0.098358691,-0.13485898,0.70786625,-1.4461061,-0.77831793,-0.17752603,0.36397663,-0.33971116,0.16456376,0.31158701,0.43336064,-0.10387372,0.48137242,0.52791357,0.68691576,-0.86755788,-0.32562524,0.60927218,-0.30284548,0.16993837,-0.028156942,-0.26017982,-1.2457864,-0.45471489,0.11882892,-0.5381164,0.32605836,0.96835858,0.40852118,-0.4695152,0.10998782,-0.34274444,0.43292719,0.43687123,-0.177797,0.14441456,1.4123679,0.11706144,0.1612744,-0.97027719,-0.18404539,-1.7722905,0.90594184,-1.3342805,-0.10424049,-0.097965926,-1.4236456,-0.2431857,-0.03738974,0.25242114,0.62667203,0.46553022,0.28336754,-1.778108,0.81751621,0.058261901,1.0417742,-0.07042592,-1.1859282,-0.15668306,-0.78237802,0.53697675,0.19770479,-0.68454844,0.36213738,-1.5471036,-1.5192626,-1.2374346,-0.35850132,0.31405064,0.69763613,0.1958349,-0.96365774,0.71987975,-1.0714225,-0.20967336,0.25192687,-1.0842494,-0.11077167,0.027504649,0.47022748,0.006239794,0.36471933,-0.10004207,0.34677988,0.10878692,0.48969764,0.030933864,-0.062450353,-0.52770776,0.38594973,0.88196933,-0.5734421,0.48500946,0.37223774,0.24750894,-0.59864962,0.66101545,0.40194157,-0.80036426,-0.61750084,0.090215154,0.10218855,0.1536973,0.74320936,-0.334631,-0.35812134,-0.48866349,0.050520517,0.50222939,-0.15911444,0.060554713,-0.34685665,0.19789466,0.97933871,-0.94223273,0.16600043,0.24585634,-0.42676067,-0.063092358,-0.15040761,-1.2440213,-1.8789607,-0.16268967,0.5961414,-0.028508902,-0.2440234,0.63838303,0.090114392,0.46121463,0.24113294,-0.27679417,-0.51091486,0.27254802,0.060679361,-0.054453973,-0.51036739,0.13798344,0.1599386,1.0902779,-1.5001841,0.26483804,1.2380688,1.1053811,0.56887454,-1.3575051,-0.32353511,-0.52130479,-0.31685376,0.043704294,0.37113219,0.70744038,0.58024788,0.34721971,0.13236,0.26558393,0.71383941,0.61136818,1.0051963,-0.91602844,0.20179805,0.20161599,0.17928883,-0.36745599,-0.072804645,-1.5143037,0.31074747,0.043153904,-0.30417523,-0.14332783,0.16069576,0.3056002,-0.62040013,0.22357978,-0.25110164,0.2015191,-0.025261693,0.24240512,1.0367423,0.26715747,-0.038552981,0.4947446,-0.11566195,-0.019096322,-0.86328232,0.28514436,-0.63002706,0.23875789,0.73819447,-0.69538254,-0.39360338,0.40116212,0.24714608,-0.50357813,-0.99744272,0.55290663,-0.41675189,-0.091393679,-1.5812141,0.20081507,-0.2210032,-0.84310669,-0.39033699,0.8643468,0.44000578,-1.6651992,-1.1176293,-0.39364776,-0.003207794,0.29953334,-0.16633189,-0.008498328,0.32211071,0.19660443,-0.10793398,0.32474875,0.37133798,0.33386719,-0.027211435,-0.22401848,0.21864353,-1.2921261,0.1953834,0.4160293,0.009203037,0.13822979,0.46637341,1.0234426,-0.41913387,-0.58146179,-0.3519879,0.067378886,-1.7691326,0.31358385,0.34881172,0.44502476,-0.69174546,-1.0781547,0.20841622,-0.51826316,0.12303134,-0.1137583,-0.08397302,0.41686308,0.13385524,0.33584422,0.37149468,0.024689101,-0.048855744,-0.3457624,-2.0930777,-0.74066269,-0.79511112,-0.071838796,-0.84354866,0.27358675,-0.039814912,-0.28163126,0.12499893,0
0.59297949,0.31888831,0.29567012,0.56975216,0.540461,0.58151913,0.55805373,0.53930652,0.56288326,0.55744046,0.5482074,0.54576933,0.55029511,0.53358042,0.56863582,0.53775752,0.55419356,0.57384896,0.56008142,0.560274,0.5385313,0.56262386,0.53957534,0.54499632,0.54940236,0.54939163,0.55912685,0.54835641,0.53933263,0.5453434,0.5507791,0.54359007,0.52876186,0.53460133,0.52808511,0.53215671,0.531537,0.5528512,0.52793586,0.54371315,-1.0417529,0.26903278,0.52162355,0.48130834,1.395449,1.7834284,1.4618945,0.83323437,0.96977901,1.75738,1.5182981,1.3272756,0.44852102,-0.19322549,-0.30531782,-0.5046097,0.70328546,0.36582959,0.47521532,0.30919701,-1.1672306,0.02361507,-0.52419609,0.27275118,-0.72053939,-0.08767689,-0.14598761,0.63405216,0.28992462,1.4707892,-0.17497027,0.30240798,-1.1920625,-0.23419638,-0.007030536,1.0129894,-1.0118873,0.68841892,0.41287389,-0.99807537,-0.18634996,-1.2923887,-0.48630106,0.23961845,0.99364877,0.65813917,-0.034248035,-1.7448347,0.56227708,0.17709082,-1.0954574,0.72844565,0.11006919,-0.025848217,0.64152664,0.031399533,0.1408693,-0.44635865,0.23535395,0.6145978,-0.40512231,-1.1914442,0.071605362,0.55834198,-0.29296994,0.16003911,0.12658623,-0.10137305,-0.067162268,-0.3574867,0.3818523,0.70173025,-0.20352596,-0.29468545,-0.58284897,0.14224446,0.46143419,-1.1138821,0.48880512,-1.2319525,-0.45721912,-1.8218387,-0.98752218,0.048434317,-0.55870342,0.30888221,-0.38221142,0.10434952,-0.094536863,-0.17344114,-0.83945113,-0.40582258,-0.28336617,-1.0529803,-0.23335028,0.037696183,0.26241729,0.24863318,-0.49646544,-1.6366073,0.073611617,0.5098573,0.83348447,-0.12149521,0.54449332,0.13206416,0.051100202,-0.64228028,-0.3583672,0.17027363,-0.060254723,-0.21527967,0.41247058,-0.28167692,-0.74763995,-0.012265321,-0.63363779,-0.44969222,0.29509538,-0.36511251,0.018174857,-0.53107858,0.80216295,0.72039306,0.10210139,-0.001903943,-1.7748451,0.65556073,-0.071926035,-0.12443382,-0.001560677,-0.5603416,-0.008562445,-0.20730415,-0.69499642,0.89864522,-0.60085726,0.087816596,0.3447327,-1.7794466,-0.045496963,0.3507601,-0.18226129,-0.60672855,-0.99247772,0.53267491,0.21092711,0.20940506,0.72071081,-0.72197729,-0.32868695,0.047247965,0.13538584,0.16377103,0.42535168,0.13366424,-0.006246097,-1.2298008,-1.5376292,-0.72307599,0.38915932,0.74002612,0.13265406,-0.40995401,-0.27146363,0.13138632,1.3322359,-0.1185548,0.054153103,-0.35526928,-0.29684329,1.0199367,0.17448545,0.29756048,0.62270391,-0.080349043,-2.3196673,-0.14229131,0.41671973,-0.03358236,0.027976334,-0.87916219,0.14451621,-1.5406562,0.26404282,-1.2209791,0.70447338,-0.087079883,-0.85871309,0.069269307,0.28745785,0.64708656,-0.24124716,-0.72980386,-2.6633334,0.33224574,-0.56608534,0.036116585,0.083777174,0.12541358,0.62976557,0.060246617,-0.25845334,0.64284235,-1.5551387,-0.73410469,-0.59629184,0.49224135,-0.47909585,0.058139727,0.44466811,0.47685552,0.063126594,0.54598248,0.52886093,0.83148688,-0.81184036,-0.30135787,0.70920849,0.04621917,0.23752032,0.020482417,-0.31710285,-1.2605162,-0.47086751,0.11005502,-0.37020534,0.66219425,1.1538014,0.44490811,-0.45657623,0.14462838,-0.4420889,0.65244752,0.35738081,-0.069984525,0.37273803,1.6197258,0.030559011,0.18957786,-0.90397036,-0.07225015,-1.920356,1.1773186,-1.4702957,-0.19478497,-0.29250383,-1.6820444,-0.1183435,0.16192505,-0.16280521,0.34567565,0.49491528,0.14665847,-1.9093962,0.88979083,-0.10630799,1.15413,-0.06691017,-1.1854846,-0.24897695,-0.78176492,0.52175117,0.27257743,-1.0073458,0.27580866,-1.83004,-1.7546445,-1.3838594,-0.28278118,0.35723233,0.1787737,0.22758256,-0.99074948,0.70873863,-1.2314131,-0.11860411,0.17017165,-1.2012302,-0.012828782,0.041677352,0.50373685,-0.2445462,0.28271532,-0.033261694,0.32015103,0.11656027,0.89166582,0.051201597,-0.15799494,-0.65951759,0.44454807,1.0519704,-0.69162047,0.58783031,0.49540317,0.67425442,-0.61329544,0.57505518,0.4647814,-1.0519364,-0.72353822,0.11593794,0.21808833,0.254035,0.7484414,-0.427564,-0.59024036,-0.54780197,0.13538356,0.47795817,-0.18706766,-0.018451363,-0.39678341,0.25989401,1.0326716,-1.096977,0.20642209,0.25713882,-0.52285749,-0.088181078,-0.16217992,-1.4048145,-1.9724149,-0.020514771,0.6783933,0.092308082,-0.32970095,0.99883628,0.16481297,0.54884058,0.28061455,-0.3205213,-0.59466171,0.31673434,-0.016647369,-0.1265804,-0.68824971,0.13878919,0.19059512,1.3089858,-1.5326642,0.47300014,1.557282,1.5075941,0.3810536,-1.4653904,-0.33098167,-0.47183105,-0.11151485,0.086239837,0.38924488,0.76857436,0.743065,0.35072243,0.099448159,0.25913727,0.77489477,0.70614552,0.81200731,-1.0235158,0.35926217,0.2135891,0.16317147,-0.40275621,-0.24783191,-1.7611105,0.34574723,0.15971191,-0.30767646,0.069200814,0.16403976,0.4922995,-0.82759988,0.37898582,-0.22753201,0.042796966,-0.21930858,0.6663878,0.98842067,0.18021168,-0.025325183,0.62614417,-0.18974146,-0.14619802,-1.0572122,0.25438264,-0.63529003,0.10399111,0.6707688,-0.9018696,-0.35095021,0.39283159,0.52357882,-0.61498028,-1.0285623,0.65056878,-0.49878466,-0.034616351,-1.6890687,0.28695247,-0.12472701,-0.68691015,-0.43304163,0.9179638,0.51405829,-1.9949892,-1.1493013,-0.41035008,-0.077595845,0.24207391,0.031062406,0.19920522,0.58223879,0.19951208,-0.11073916,0.34137228,0.31498116,0.40588507,-0.022304222,-0.01767268,0.08406198,-1.3917476,-0.056152325,0.50176615,-0.054142445,0.15015562,0.74612921,0.93846321,-0.39157179,-0.43582794,-0.44304097,-0.17271063,-1.8492938,0.25233293,0.30284065,0.46748304,-0.68439221,-1.2313393,0.16193536,-0.66189539,0.1228283,0.058310945,-0.12701529,0.67665476,0.17783126,0.35265741,0.55294454,0.057816241,-0.21895808,-0.41265106,-2.3083339,-0.73678291,-0.96483999,-0.059149072,-1.0081706,0.39863724,-0.006387487,-0.34463394,0.20295213,0
0.52077973,0.26738748,0.25711143,0.51082528,0.4984228,0.53931659,0.49029645,0.46289414,0.51065755,0.49924049,0.48781392,0.50044131,0.49584416,0.46932018,0.49922252,0.48685876,0.50250465,0.52944171,0.51684994,0.46774375,0.48096317,0.48290235,0.50203472,0.48870677,0.51154715,0.45979568,0.49774683,0.49540398,0.49624139,0.50064367,0.50429505,0.51022816,0.49142602,0.45901144,0.4953706,0.43184072,0.44037464,0.49551749,0.48878893,0.48082551,-0.68518889,0.23539487,0.21929532,0.31372645,1.0946102,1.5269446,1.1042782,0.53349364,0.63795835,1.402123,1.1854556,0.99552917,0.30911931,-0.19265051,-0.15857619,-0.24740666,0.54456592,0.30461547,0.35865182,0.24086216,-0.46957201,0.015284088,-0.42965353,0.38964739,-0.64942479,-0.074968301,-0.13495913,0.51848751,0.23903733,1.3442441,-0.19566065,0.19698107,-0.89588374,-0.16746299,0.080264941,0.81382668,-0.84159994,0.47545904,0.23239879,-0.76170528,-0.074487664,-0.91893393,-0.47075903,0.36163959,0.80413359,0.6029405,-0.02840985,-1.2950119,0.64268672,0.10637377,-0.78373551,0.48464769,0.004187003,0.039995275,0.5059734,-0.05240269,0.3443763,-0.38113984,0.082020216,0.50037426,-0.57022476,-0.88005626,0.097327858,0.35384846,-0.25998208,0.17159675,0.10041946,-0.1639857,-0.062110536,-0.29657051,0.42147914,0.81205922,-0.14243527,-0.30826387,-0.4266251,-0.009075478,0.29596311,-0.767519,0.336909,-0.96828389,-0.31725496,-1.5704645,-0.8399384,0.011006668,-0.40630302,0.21050775,-0.40672284,0.051361501,-0.084046476,-0.16592601,-0.56659698,-0.39987838,-0.015534282,-0.81460834,-0.09274251,-0.14265625,0.19964635,0.2074329,-0.39935401,-1.3041083,0.38477075,0.37823933,0.64216411,-0.10365617,0.5006578,0.2978715,0.06852106,-0.33477575,-0.15526162,0.20985001,-0.41712093,-0.01169733,0.31750619,-0.09609393,-0.57490849,-0.069858834,-0.52413756,-0.48542172,0.15941796,-0.1855267,0.024955127,-0.58347744,0.54448193,0.56095231,0.11725345,-0.050492205,-1.4714695,0.60119867,-0.050662018,-0.091107979,-0.062358052,-0.48548529,0.035557717,-0.065709218,-0.50032449,0.81574303,-0.60442585,0.10883282,0.4480314,-1.3399526,-0.089631736,0.27981597,-0.065646574,-0.54086846,-0.74272245,0.40594649,0.32908946,0.21313122,0.62339687,-0.55712628,-0.23888531,0.040044878,0.045230918,0.22855952,0.31046021,0.27352327,-0.11986588,-0.96609926,-1.210387,-0.58075166,0.18923189,0.48383662,0.24689564,-0.39040911,-0.2643615,0.15502478,0.90492725,-0.065250561,0.06319572,-0.34832203,-0.24928106,0.92509794,0.091291428,0.20837846,0.63364661,-0.057725396,-1.8192331,-0.075638391,0.43374813,-0.002397942,-0.060865641,-0.60107654,0.10270078,-1.2382202,0.20338105,-1.0657663,0.33201316,0.10484502,-0.67008388,0.046732914,0.25224498,0.27078545,-0.20749933,-0.22641084,-2.1792901,0.25575367,-0.31877977,-0.034250535,-0.14632827,0.22062579,0.335141,0.082187705,-0.16681279,0.6306712,-1.2873919,-0.69666028,-0.23759979,0.3497338,-0.38384438,0.15331069,0.16098845,0.46308017,0.039758459,0.41042003,0.37301797,0.74220359,-0.70704919,-0.23060137,0.45970702,-0.067397326,0.23333459,0.007776395,-0.21422949,-0.90493846,-0.42489272,0.072301619,-0.30803591,0.47436449,0.96193838,0.32674146,-0.3716217,0.1273319,-0.28458861,0.52312493,0.49650407,-0.40015811,0.084479384,1.3083551,0.12506744,0.13877735,-0.79573286,-0.11671972,-1.6057823,0.82499665,-1.1104312,-0.28586358,-0.14425254,-1.1691489,-0.015329063,0.13441515,0.16559891,0.33199525,0.45139691,0.23606013,-1.3813636,0.5862335,0.010406308,0.90275669,0.026373457,-0.77889156,-0.10294267,-0.69593143,0.46615097,0.17110014,-0.69785285,0.29944739,-1.438372,-1.4697113,-1.0838497,-0.28284499,0.38291886,0.14478394,0.18239449,-0.68956637,0.58406913,-1.1067778,-0.22740085,0.31400177,-0.95946336,0.067827009,0.022339411,0.36102492,-0.015746668,0.34725386,0.090576731,0.30600637,0.030115403,0.39081812,0.011671305,-0.02238901,-0.55669057,0.35638806,0.93413651,-0.37964362,0.56177139,0.42134327,0.53486103,-0.55897748,0.59756041,0.4552629,-0.83348793,-0.45026159,0.11803919,0.15881363,0.18431512,0.68927181,-0.30356601,-0.42347905,-0.43304223,-0.008681687,0.58909905,-0.1832045,0.1091366,-0.24306823,0.14748536,0.99902356,-0.92265189,0.11104567,0.26575306,-0.5290224,-0.020217316,-0.22276762,-1.1620995,-1.5744433,-0.2607697,0.56876093,0.12831782,-0.36543468,0.65312332,0.1162091,0.49824035,0.21106184,-0.22653028,-0.33981174,0.19035481,0.095469236,-0.04584457,-0.52152896,0.13359828,0.13373561,1.0282757,-1.3152593,-0.005402405,1.2945807,1.3670464,0.37066621,-0.95336843,-0.20571266,-0.31850463,-0.087341852,0.021296348,0.34583163,0.57441628,0.66971135,0.39103222,0.095100194,0.1884924,0.61775732,0.60512316,0.83236569,-0.57075429,0.30935842,0.25161693,0.19664833,-0.25319102,-0.17814854,-1.3078734,0.24410699,0.016976126,-0.28647688,-0.14117812,0.32436943,0.16464794,-0.59638643,0.21403871,-0.14472342,-0.025307253,-0.13246682,0.53912169,0.89188153,0.23670663,0.021072475,0.49237034,-0.06566485,0.005817542,-0.85788393,0.19667764,-0.50804168,0.075800456,0.57491654,-0.758596,-0.30693617,0.36554673,0.44033575,-0.49179178,-0.93420327,0.4712562,-0.51078981,0.010377008,-1.031631,0.24356273,-0.11900168,-0.56653035,-0.38582036,0.78883797,0.51714432,-1.5172428,-0.88887548,-0.28383255,0.020501964,0.23104545,-0.042491015,0.077758208,0.41820586,0.17699678,-0.20011255,0.2623311,0.2776871,0.32814944,-0.077200562,-0.068836957,0.11072117,-1.1696675,0.026658716,0.23776783,0.049017042,0.20930584,0.55654597,0.75247389,-0.3270348,-0.65836531,-0.34057131,0.10831279,-1.4634064,0.26680303,0.21307896,0.33050099,-0.55635619,-1.0384548,0.18791604,-0.48517197,0.10078275,0.054271668,-0.29182109,0.19271731,0.12344781,0.25739023,0.37890223,0.015903497,-0.10271081,-0.31572309,-1.7999411,-0.60151774,-0.73850673,0.027036343,-0.71813792,0.19216727,-0.12246621,-0.23650074,0.076860733,0
0.36850005,0.10976174,0.10422458,0.37746677,0.36184269,0.3832508,0.37837124,0.34226668,0.36093283,0.37816051,0.35988456,0.35123727,0.37268001,0.34859973,0.37642506,0.33697507,0.36028036,0.40081251,0.38144922,0.34593219,0.34941518,0.37086433,0.35265544,0.34853631,0.35943207,0.38018683,0.38447964,0.3738234,0.37922072,0.37956837,0.36975056,0.34861505,0.33794928,0.36059085,0.36711204,0.31823885,0.34344667,0.3609139,0.32867333,0.36205325,-0.73795313,0.072518393,0.14220876,0.25732484,1.0925889,1.4757614,1.0329516,0.46359104,0.5742994,1.3669631,1.1682043,0.95186859,0.28263339,-0.14797731,-0.22012192,-0.25357085,0.53236085,0.27995557,0.31106976,0.23065944,-0.46397835,-0.00587891,-0.50253642,0.27411711,-0.65204835,-0.11831568,-0.13075462,0.43542325,0.11238632,1.1972991,-0.17953977,0.17046413,-0.90506685,-0.17170547,-0.031739742,0.82497537,-0.81481087,0.44988871,0.24687532,-0.73595506,-0.11857231,-0.93327451,-0.47733542,0.3069357,0.73971826,0.59751344,-0.052861616,-1.3198431,0.50151449,0.097264774,-0.82779825,0.45148933,0.021921525,-0.001749396,0.58550632,0.038839944,0.42362815,-0.30504709,0.071050495,0.49918681,-0.52769995,-0.85759759,0.035810329,0.38943282,-0.31369811,0.10499164,0.053594362,-0.15182205,-0.17310408,-0.25274193,0.38715717,0.69334608,-0.14047801,-0.33901998,-0.37495327,0.15993172,0.26732221,-0.68296218,0.36439463,-0.95335454,-0.29279912,-1.4861113,-0.79765069,-0.034459557,-0.44762152,0.2970975,-0.37033501,0.07616207,-0.13218838,-0.06342122,-0.58369911,-0.35252008,-0.1152994,-0.82883084,-0.15699987,-0.086965129,0.16923019,-0.052821934,-0.40716064,-1.2973009,0.308245,0.34326911,0.64147574,-0.07457386,0.4948653,0.27637511,0.050995637,-0.30160037,-0.21494262,0.18275851,-0.3139759,-0.086518034,0.30470952,-0.12926301,-0.57566363,-0.065962501,-0.48657918,-0.41860974,0.18840522,-0.18302202,0.02669435,-0.56602943,0.69845164,0.6380471,0.094517872,-0.13369903,-1.3343126,0.61886144,-0.050903779,-0.12576507,-0.032708868,-0.4641645,0.022326129,-0.051223785,-0.50273031,0.72864449,-0.59016126,0.12818551,0.41327265,-1.2800894,-0.13372195,0.26679796,-0.073316962,-0.3921735,-0.72576678,0.41207623,0.25361103,0.28797537,0.35115016,-0.62118012,-0.29097193,0.062375061,0.090582728,0.21592624,0.28054571,0.17476097,-0.1371554,-0.95682931,-1.2135755,-0.57556695,0.26379731,0.58977646,0.19874184,-0.38697124,-0.28102949,0.13762408,0.95629215,-0.023645477,0.035282835,-0.26375002,-0.21998055,0.91302902,0.099667937,0.1923652,0.55280793,-0.059452638,-1.7384421,-0.10209883,0.29878813,-0.031029336,-0.087689891,-0.60303235,0.16688648,-1.2165126,0.12318013,-0.96202248,0.29024002,0.14601102,-0.66697067,0.062221918,0.22378673,0.35760075,-0.15937203,-0.29139841,-2.1317985,0.2718454,-0.3094458,-0.021793228,-0.16182375,0.059572779,0.39319766,0.15031157,-0.15915704,0.43532711,-1.2848946,-0.63579452,-0.2253544,0.28888452,-0.37933153,0.10459094,0.16165437,0.38792264,0.037158675,0.43963692,0.37269548,0.66161358,-0.65872931,-0.21180399,0.42815387,-0.1869629,0.22626749,-0.007348314,-0.18454462,-0.90180445,-0.4083004,0.071077161,-0.18540671,0.46890366,0.9265424,0.3217603,-0.37194726,0.17126192,-0.31273106,0.44374126,0.36309308,-0.32849401,0.062741995,1.3302331,0.077013314,0.1215751,-0.72119588,-0.15007302,-1.5596586,0.84049851,-1.0674917,-0.26995045,-0.13386054,-1.1612372,-0.028665975,0.15821348,0.11819944,0.29629886,0.45170957,0.097768873,-1.3581647,0.59664261,0.029566925,0.85214502,0.026833892,-0.8291558,-0.11198651,-0.61057508,0.46690887,0.18849859,-0.7432583,0.26611853,-1.3980238,-1.5066891,-0.97863489,-0.32490149,0.34545872,0.12960553,0.19023384,-0.69540465,0.53088742,-0.97734827,-0.17474663,0.38600737,-0.95072037,-0.047451593,0.008000219,0.39811635,-0.024580494,0.33416158,0.065057844,0.34099433,0.045153096,0.49037045,0.007342693,-0.06248663,-0.66172951,0.33129182,0.91506082,-0.37186649,0.47747403,0.44394824,0.48897663,-0.50430954,0.55305463,0.37037644,-0.768013,-0.47796512,0.079823993,0.10749923,0.20068851,0.62581533,-0.31209472,-0.42248908,-0.38497621,-0.011915501,0.50102794,-0.16969554,0.078221396,-0.25268179,0.12496064,0.86345601,-0.95165902,0.11247826,0.27573046,-0.45784789,-0.048750266,-0.11622127,-1.1056619,-1.5840977,-0.17290971,0.53507596,0.096554279,-0.31690323,0.62961364,0.090984307,0.44167209,0.1910089,-0.12876798,-0.32261902,0.18928564,0.1097035,-0.049830448,-0.5416227,0.14345057,0.12646723,0.96765769,-1.3177809,-0.057971567,1.2270933,1.2597909,0.31307688,-0.93775409,-0.22589181,-0.30221203,-0.1227901,-0.02619246,0.27956685,0.59089124,0.54311126,0.31691071,0.097741321,0.21057181,0.61769187,0.6107161,0.84431243,-0.64858568,0.29426831,0.19273284,0.17441405,-0.28660935,-0.19595277,-1.2745458,0.2440955,0.022751106,-0.31531128,-0.11230193,0.32013142,0.1414212,-0.62514693,0.21202284,-0.1328547,0.002219182,-0.11604059,0.27585477,0.811647,0.31060147,0.020568989,0.47407219,-0.00699275,-0.081091821,-0.82491207,0.19740427,-0.54267347,0.070163466,0.54474443,-0.73794138,-0.2477189,0.28657728,0.31963411,-0.42688796,-0.9098016,0.39173439,-0.46402305,-0.064052559,-0.96654654,0.24445716,-0.096972175,-0.59170079,-0.42373577,0.72509235,0.44940668,-1.4905852,-0.96251798,-0.27428609,0.015483377,0.21860208,-0.034612913,0.06975694,0.37084678,0.17068885,-0.095699698,0.27274337,0.25771603,0.33901167,-0.090616658,-0.097086199,0.11449188,-1.1903149,0.022173271,0.25888062,0.093040943,0.21118104,0.49693459,0.68717676,-0.27991211,-0.67662638,-0.29690671,0.097327165,-1.4662248,0.28180319,0.31847179,0.37711579,-0.48602194,-0.98430651,0.21064663,-0.47775048,0.086845174,0.034737699,0.014699914,0.28569633,0.12420486,0.25549132,0.37016159,0.018438585,-0.21176217,-0.28825602,-1.7803408,-0.60275799,-0.68567479,0.007948086,-0.69408005,0.22485112,-0.060255148,-0.22281626,0.048094153,0
0.49046487,0.24745117,0.224545,0.47281873,0.44450977,0.48756939,0.4760592,0.46277964,0.46514401,0.47373623,0.45980948,0.4514429,0.43391889,0.44262466,0.4669739,0.45147884,0.46338153,0.47751719,0.47544137,0.45502865,0.43881077,0.47231996,0.41654718,0.44414321,0.46910256,0.45887142,0.48019779,0.45219368,0.47844604,0.47646463,0.45742315,0.47548231,0.45678177,0.45064926,0.46845895,0.42585331,0.43215299,0.45933273,0.43388957,0.44801873,-0.82451528,0.1972352,0.3778041,0.41783053,1.1791725,1.6835314,1.2781979,0.68795115,0.81576276,1.5793935,1.3243881,1.1550136,0.40483683,-0.20238486,-0.23748308,-0.28165132,0.67074478,0.37185863,0.54761559,0.31237206,-0.76796973,0.000975272,-0.54060692,0.29556829,-0.75072342,-0.10541485,-0.18521732,0.5364809,0.085071504,1.4640816,-0.18161669,0.24788117,-1.0846525,-0.14248693,-0.099552155,1.1128738,-0.94092184,0.60933322,0.28410286,-0.92079997,-0.1690845,-1.1942842,-0.50911021,0.38858825,0.97644627,0.6238398,-0.039298743,-1.5643451,0.61370379,0.14756982,-0.98192984,0.58341956,0.041626398,0.087637074,0.78242207,-0.009604238,0.39811757,-0.3521837,0.059833389,0.59379727,-0.55516624,-1.0520512,0.059765808,0.43983862,-0.35628796,0.20459147,0.016909231,-0.18649369,-0.14882335,-0.29643422,0.41177684,0.77145457,-0.1571582,-0.33775777,-0.51859117,0.034100011,0.46592966,-0.95094043,0.37960035,-1.1082364,-0.37310505,-1.6214702,-0.94821054,-0.040587112,-0.60061955,0.31282201,-0.41649908,0.094209947,-0.10493369,-0.098826572,-0.61154932,-0.4171454,-0.036739439,-0.99031824,-0.16802065,-0.079173326,0.12113702,0.11972357,-0.42370442,-1.5089083,0.22487447,0.47241354,0.81685406,-0.15295482,0.47472039,0.28508854,-0.064602628,-0.50819612,-0.2491038,0.25014737,-0.48882627,-0.0328499,0.41564637,-0.14169112,-0.68824077,0.004413735,-0.55571878,-0.3932263,0.16602364,-0.25571835,0.068130434,-0.80464017,0.68067694,0.69835514,0.25605273,-0.013261739,-1.6622359,0.57019085,-0.018196501,-0.16519423,-0.079071939,-0.53391254,0.057359681,-0.13005194,-0.6028313,0.94701236,-0.65089607,0.17264326,0.5602085,-1.3465754,-0.088573925,0.31755379,-0.14989468,-0.50198984,-0.78382123,0.62378281,0.14705941,0.42104325,0.90978152,-0.65134943,-0.26635313,0.049786858,0.014342203,0.14913189,0.3864409,0.11511788,-0.13699324,-1.1662756,-1.5736356,-0.7381109,0.2544142,0.69731134,0.20807953,-0.43648082,-0.25771484,0.12855762,1.2045119,0.010660874,0.027072281,-0.26521122,-0.21716589,1.0448232,0.15979744,0.26720738,0.79893351,-0.063217387,-1.741295,-0.1202427,0.4532966,0.009001296,-0.074535519,-0.67761517,0.11166032,-1.3961719,0.21455577,-1.0639886,0.31141746,0.12986943,-0.85211152,0.092937633,0.32912064,0.3453691,-0.15051359,-0.41217837,-2.4400289,0.23597968,-0.53996593,0.005475447,-0.091068156,0.10952241,0.36653125,0.080473393,-0.22459781,0.50406235,-1.4337342,-0.66479474,-0.24258038,0.41484085,-0.37264824,0.11505611,0.20910354,0.43075731,0.010415854,0.53385484,0.46336555,0.80457246,-0.79387754,-0.22221316,0.5512231,-0.096112169,0.16292398,-0.079851374,-0.2773698,-1.1380063,-0.50842637,0.1749081,-0.30693716,0.44878635,1.1017278,0.40689272,-0.41909635,0.23723306,-0.28969461,0.51005214,0.64363235,-0.36549619,0.088919237,1.4552397,0.16866912,0.16952927,-0.92783451,-0.18520166,-1.8218502,0.93161821,-1.2461655,-0.24766865,-0.15437891,-1.5235488,-0.06085141,0.087630779,0.21171695,0.43625528,0.50582856,0.2266596,-1.6222433,0.73800892,0.049293801,1.053026,-0.10412057,-1.0567259,-0.15896611,-0.73807633,0.5133723,0.13833907,-0.87584972,0.31834236,-1.7545624,-1.7384136,-1.256453,-0.32462883,0.41834897,0.63138014,0.26644072,-0.76252127,0.66887653,-1.1245401,-0.20730537,0.32607463,-1.0777696,-0.008129284,0.0676779,0.46322602,0.045205783,0.4497613,0.004041296,0.43567207,0.052831754,0.40997857,-0.0525182,-0.14591736,-0.63918835,0.42535329,0.97553068,-0.45119962,0.5635246,0.5807997,0.52721739,-0.67899227,0.76688188,0.38564959,-0.88029182,-0.69469476,0.34053081,0.10089534,0.22705646,0.76743513,-0.34487042,-0.48296651,-0.43890482,0.014291303,0.43830425,-0.1906853,-0.10585774,-0.3243548,0.19468004,1.1223559,-0.9570297,0.18759844,0.3053281,-0.54354376,0.00498159,-0.06880217,-1.2482831,-1.7104807,-0.25802839,0.57366377,0.068979546,-0.30913898,0.75738484,0.13770601,0.48822185,0.29666436,-0.19057696,-0.42666811,0.24111064,0.12618652,-0.11756421,-0.64642358,0.19284382,0.19162647,1.3577855,-1.5638707,-0.021361528,1.4144254,1.5476992,0.41030374,-1.133822,-0.30775946,-0.42811218,-0.13588744,0.001552247,0.32188934,0.70106375,0.49845356,0.3964853,0.090494096,0.22331229,0.71856725,0.70957887,1.1577392,-0.75027996,0.33624902,0.24803784,0.23957391,-0.379412,-0.21009894,-1.5088981,0.33312735,0.030627431,-0.33358601,-0.093531631,0.36941144,0.17894185,-0.72773606,0.20726544,-0.13840069,0.13249329,-0.050653294,0.54177552,1.1707368,0.24664584,0.037610371,0.59801918,-0.1339393,0.065360062,-0.996593,0.23094295,-0.64214104,0.12178943,0.65208751,-0.84880513,-0.24972275,0.3179574,0.39403024,-0.50326997,-1.0159684,0.53772378,-0.53690571,-0.05617325,-1.2390641,0.28419331,-0.15758429,-0.60575229,-0.47251502,0.84544182,0.49905506,-1.7302744,-0.98671085,-0.34044212,0.011227261,0.24995229,-0.089915559,0.046126023,0.46188247,0.22159657,-0.19437763,0.27778503,0.39327589,0.36542463,-0.076349214,-0.25836876,0.2221871,-1.3972316,0.026877465,0.33536094,0.06417755,0.19173995,0.55739814,0.92210513,-0.31977332,-0.7084825,-0.39605409,0.030343406,-1.735644,0.35834959,0.41120124,0.40644002,-0.58677524,-1.1431391,0.18152605,-0.51168317,0.055214807,-0.009299152,-0.008678921,0.18779215,0.13914168,0.31337979,0.42921689,0.014229013,-0.18361259,-0.30427033,-2.0338511,-0.60922074,-0.86545712,0.066927522,-0.76934093,0.21963789,-0.12199197,-0.32119721,0.056203485,0
0.51063788,0.26537964,0.23955733,0.47606099,0.46224707,0.50812924,0.49723005,0.46874058,0.49271506,0.44382268,0.48038512,0.48850691,0.48000669,0.4749884,0.49250019,0.48677942,0.48708814,0.51314867,0.495698,0.44077241,0.48096979,0.48808891,0.47546232,0.47259569,0.48940879,0.46024242,0.48960897,0.47906023,0.49163017,0.47946709,0.4703998,0.48690706,0.46762371,0.47982255,0.45871565,0.46495706,0.47079045,0.48339248,0.46877441,0.48095849,-0.88827062,0.21161518,0.34563231,0.45069051,1.1350352,1.5613254,1.2148926,0.65431756,0.76645577,1.5203066,1.2481585,1.0953134,0.308577,-0.1820052,-0.16816007,-0.28370014,0.50538403,0.18934253,0.37089172,0.2684038,-0.67224526,0.022572897,-0.4152844,0.3039453,-0.71055061,-0.059613589,-0.16526006,0.58837277,0.32710266,1.4242339,-0.17779309,0.21481344,-1.0252934,-0.17130011,0.089786403,0.82286263,-0.89252245,0.56164598,0.3349885,-0.86481375,-0.11987016,-0.99938101,-0.43845057,0.43219346,0.80599684,0.70970458,0.055415746,-1.4490584,0.63182044,0.14513232,-0.88830692,0.53059012,0.045727488,-0.052016869,0.66300386,-0.079913035,0.37043786,-0.44044566,0.034034133,0.46536797,-0.59945208,-0.99645901,0.10301439,0.39398673,-0.2926316,0.19215709,0.076162323,-0.22052555,-0.069378935,-0.33835375,0.37336674,0.86244351,-0.15966167,-0.39104342,-0.40784013,0.30013692,0.36261612,-0.86340511,0.43450174,-1.0972017,-0.34527081,-1.6219038,-0.96288258,0.025208136,-0.47071013,0.27909923,-0.39357057,0.12153886,-0.11827453,-0.16719763,-0.56046855,-0.31958905,0.004491955,-1.0000545,-0.086828716,-0.21020754,0.18221873,0.16824934,-0.43584317,-1.4526358,0.3961688,0.39622241,0.72932309,-0.13662502,0.54512966,0.34432617,0.065370403,-0.44827053,-0.19880156,0.26218224,-0.40128067,-0.17896047,0.34159178,-0.18914483,-0.71246696,-0.12856716,-0.58135462,-0.59773064,0.20380697,-0.33480078,0.037516974,-0.71690869,0.68587029,0.61726874,-0.033401933,-0.052066658,-1.6785582,0.7443909,-0.071061462,-0.098093316,-0.048654266,-0.49822128,-0.001361371,-0.11058547,-0.59870011,0.90556222,-0.66008937,0.14352988,0.48992848,-1.5855223,-0.11447798,0.34859133,-0.12454662,-0.50366634,-0.82869595,0.56295758,0.23606664,0.26383716,0.67827243,-0.60614216,-0.26309532,0.072346941,0.0327143,0.23883791,0.37232256,0.16574562,-0.073037975,-1.1166799,-1.3639929,-0.64522839,0.24176122,0.6645475,0.27503359,-0.45775858,-0.36241725,0.10457979,1.2566098,-0.11950687,0.067593217,-0.46118075,-0.33478287,1.0062718,0.093847193,0.2374547,0.79870629,-0.090826623,-1.9349953,-0.13816532,0.48879397,-0.021575961,-0.087703057,-0.76585722,0.16732661,-1.3969245,0.22502673,-1.2259939,0.40523309,-0.062923804,-0.77557027,0.035415672,0.27472812,0.38004401,-0.15150158,-0.3637318,-2.4920461,0.28112903,-0.35741532,-0.053869698,-0.10494506,0.13756484,0.46948254,0.11706065,-0.253113,0.53614396,-1.4157465,-0.72029424,-0.29402804,0.35780716,-0.48733544,0.14593697,0.2237955,0.49429619,0.013199921,0.47361663,0.38914642,0.81263638,-0.76572126,-0.26162249,0.47510263,-0.082990408,0.25933942,-0.000558529,-0.23325729,-0.97518182,-0.4260115,0.10156021,-0.3088125,0.55402547,1.1518651,0.3735967,-0.48226914,0.017382488,-0.330102,0.53023326,0.54529107,-0.36085421,0.10582364,1.5210165,0.10667046,0.11998479,-0.98021418,-0.15467449,-1.8641233,0.98716593,-1.3003463,-0.39460692,-0.17733005,-1.4001383,-0.044716991,0.17464447,0.04275962,0.50814867,0.47405803,0.2454015,-1.5803173,0.7912823,0.036591005,1.1302392,0.009114999,-0.91304284,-0.14422722,-0.75879306,0.48278436,0.24191375,-0.88628256,0.30503887,-1.6806029,-1.6988759,-1.2480572,-0.27838531,0.39932463,0.24823883,0.24648137,-0.82619494,0.62971783,-1.2683692,-0.20666729,0.30662125,-1.0570771,-0.038067192,0.037918653,0.50793314,-0.005616248,0.36684835,-0.024105243,0.32251099,0.050770529,0.66543907,-0.045125891,-0.079436615,-0.57803154,0.3243219,0.99428946,-0.48688668,0.58659691,0.50814438,0.59057361,-0.61936533,0.70502806,0.51669323,-0.94512153,-0.4871878,0.067134723,0.15101109,0.2283036,0.71828729,-0.33824846,-0.51792455,-0.45194951,0.03595753,0.56874669,-0.20051512,-0.009409629,-0.29664126,0.16506813,1.0945712,-1.0382577,0.14690946,0.27282032,-0.60300863,-0.089147873,-0.15401001,-1.4368198,-1.6947039,-0.22920713,0.54490459,0.1570175,-0.36413503,0.74379277,0.20890686,0.49625531,0.23768306,-0.21957436,-0.42605597,0.20523044,0.068066984,-0.1658676,-0.62055594,0.17319433,0.12700416,1.1196724,-1.4842299,-0.021848314,1.5429486,1.4843214,0.41199353,-1.0652132,-0.29506195,-0.36175597,-0.090615578,0.086585745,0.41987675,0.69545496,0.75893575,0.36080971,0.13160577,0.1629757,0.74362469,0.65216869,0.95971018,-0.74366355,0.25328225,0.25590852,0.18007469,-0.30048615,-0.20160659,-1.4626716,0.29118797,0.033545509,-0.33265826,-0.14771788,0.33686161,0.18528788,-0.70042634,0.26686832,-0.17246854,0.000396539,-0.18036655,0.61613011,0.9940145,0.26687777,0.05343299,0.5325855,-0.11559512,-0.045371167,-1.0010675,0.26896238,-0.5183,0.19816799,0.70175016,-0.87691182,-0.36928967,0.340803,0.43126673,-0.4685598,-1.0250759,0.54470265,-0.59070748,-0.076433435,-1.1812084,0.30262291,-0.13992035,-0.39197406,-0.48518202,0.82550311,0.48406276,-1.7331363,-1.0381962,-0.28991008,0.023451803,0.26595017,-0.00937631,0.024751879,0.47558779,0.15977332,-0.20424053,0.27253088,0.32725537,0.40418428,-0.10883647,-0.011304483,0.19897197,-1.3232818,0.013532236,0.32828182,0.01921444,0.18246827,0.65103048,0.83806324,-0.36801812,-0.76164663,-0.36988345,-0.027870297,-1.6735636,0.30193958,0.29389888,0.36549395,-0.64539546,-1.1557301,0.21773051,-0.59665197,0.075322986,0.085758641,-0.22332717,0.34766778,0.14722607,0.32061622,0.4270817,-0.006829266,-0.13574068,-0.34031621,-1.9779489,-0.70690912,-0.81263202,0.033504277,-0.87371743,0.28897381,-0.13478443,-0.2949231,0.036428515,0
0.48689535,0.22713277,0.2171389,0.49406132,0.47242564,0.51455951,0.48222792,0.46343797,0.47763661,0.49314684,0.47491375,0.47974315,0.47431755,0.46276748,0.46975791,0.47239444,0.45627451,0.49852097,0.48353004,0.44805709,0.45095617,0.46840459,0.45224214,0.47553515,0.4712747,0.44147772,0.49890316,0.47424084,0.47557512,0.48367941,0.48120612,0.42868114,0.47201332,0.45819113,0.47725111,0.4493714,0.45643181,0.46605998,0.44666895,0.46775541,-0.80985153,0.18435742,0.21851367,0.30599049,1.1252518,1.5501003,1.1074938,0.53933161,0.64650035,1.45174,1.2278819,1.0101315,0.27317294,-0.21546322,-0.11866332,-0.25153345,0.54999876,0.27182963,0.38691133,0.2403928,-0.73299044,-0.034511521,-0.44255835,0.26233199,-0.72364342,0.031660579,-0.12666601,0.59874928,0.30280408,1.3406894,-0.19256356,0.17655058,-0.94898081,-0.22948541,0.027076585,0.66823995,-0.92796814,0.51500827,0.20353997,-0.89640319,-0.11672376,-1.1202036,-0.55010432,0.39914736,0.66164619,0.54100633,-0.081495531,-1.459628,0.56709439,0.10254993,-0.87811983,0.38300517,0.05199939,0.070895217,0.64721048,0.003891051,0.38136849,-0.38270712,0.074833095,0.46372432,-0.65788257,-0.97522342,0.080198251,0.45215249,-0.28197685,0.23955309,0.045804832,-0.17003679,0.019158691,-0.31100851,0.45314935,0.86952549,-0.14525577,-0.34455362,-0.51742417,0.058164448,0.47354186,-0.85560107,0.32872707,-1.001179,-0.34222585,-1.6165795,-0.84405673,0.062349387,-0.51313496,0.33694634,-0.36368123,0.064068258,-0.084368214,-0.066078514,-0.54780298,-0.40118796,0.009785205,-0.89660311,-0.0201208,-0.16868584,0.14448097,0.31362665,-0.45899504,-1.473291,0.28792971,0.36626437,0.72746539,-0.077540994,0.44924575,0.2676191,0.063590705,-0.31162947,-0.2038849,0.25385284,-0.38093311,-0.2088708,0.2890057,-0.15577309,-0.68857759,-0.10584788,-0.53682572,-0.59584373,0.20974286,-0.22001743,-0.001275011,-0.52214611,0.6836409,0.52576822,0.080493391,-0.097457141,-1.690385,0.73955745,-0.076612934,-0.0863524,-0.026338669,-0.46841615,0.004896417,-0.089259014,-0.60686082,0.79317856,-0.72276831,0.12963851,0.4230122,-1.3030579,-0.16530323,0.30152145,-0.054715157,-0.35046554,-0.76683915,0.55168825,0.20653692,0.36938894,0.64001042,-0.58527172,-0.24509953,0.079435185,0.05549331,0.29436034,0.3750301,0.20329766,-0.036487784,-1.0747622,-1.4184979,-0.65351003,0.2610034,0.47923756,0.19945028,-0.42431039,-0.22689222,0.19327991,1.2864689,0.1310616,0.021776548,-0.38212189,-0.19854124,1.1658702,0.10799968,0.20131201,1.509201,-0.06364961,-2.1997039,-0.15343496,0.44714183,0.003441747,-0.047076363,-0.63388234,0.11459248,-1.3390874,0.20404699,-1.2807512,0.2743901,0.12033224,-0.75865293,-0.10737263,0.40899247,0.35584641,-0.26804265,-0.36999834,-2.380477,0.27521083,-0.54450971,-0.011143297,-0.101293,0.21786584,0.34661436,0.073717341,-0.2500591,0.57623553,-1.3098196,-0.74085855,-0.31495452,0.36363643,-0.44814301,0.25438625,0.23927894,0.35244521,0.091986895,0.45844147,0.44095039,0.88433331,-0.88725156,-0.30085421,0.47265458,-0.28786972,0.22723681,-0.009692818,-0.16939214,-1.0173354,-0.42113113,0.081977539,-0.38169271,0.56639433,1.0871853,0.33968422,-0.41471159,0.14067292,-0.25816721,0.45327306,0.50345373,-0.34759986,0.10266989,1.3545953,0.10006445,0.10752147,-0.81383175,-0.14790255,-1.7093565,0.87431335,-1.2499685,-0.25763828,-0.22082815,-1.4293047,-0.13307479,0.1611619,0.17503077,0.38269556,0.32883072,0.34575662,-1.5598111,0.67402589,0.016506704,1.0636983,-0.051503323,-0.92605448,-0.12253387,-0.65960228,0.43759298,0.20842412,-0.69617617,0.34912416,-1.5056576,-1.5731434,-1.2328055,-0.37298548,0.32456452,0.44393891,0.19363268,-0.66806674,0.61229765,-1.1530675,-0.27871487,0.30336863,-0.95414251,0.083670817,0.0027246,0.39897591,0.12140066,0.37767369,0.053403758,0.4634437,0.078884035,0.58163768,-0.052141346,-0.039246902,-0.51476908,0.32509649,0.9268316,-0.42031622,0.57343483,0.45813173,0.61327815,-0.65270573,0.70926917,0.49850312,-0.92064899,-0.36519608,0.067380868,0.078954794,0.28005415,0.62873274,-0.34610102,-0.38728598,-0.42453504,0.00810221,0.50085068,-0.15135531,0.051953398,-0.23640418,0.16596323,1.0927,-0.9467175,0.16101843,0.22387038,-0.61988544,-0.11404677,-0.25968736,-1.2403007,-1.6541139,-0.35528591,0.57330233,0.13816619,-0.32580268,0.63765287,0.16324867,0.39301497,0.18338679,-0.16214502,-0.29328841,0.16311878,0.074175157,-0.13210541,-0.50309104,0.1601069,0.078961626,1.018662,-1.607316,0.085359231,1.3616128,1.4158634,0.4701331,-1.1778443,-0.17193925,-0.27856782,-0.071176253,0.026503414,0.27579194,0.64492345,0.65373868,0.23985447,0.16373323,0.19918531,0.68869615,0.72984004,0.88354355,-0.67767417,0.3185969,0.26076818,0.19044314,-0.32739237,-0.17823985,-1.5188018,0.25059038,0.053836185,-0.34034857,-0.096307285,0.26293766,0.22499669,-0.66349,0.24446875,-0.20016342,-0.002138428,-0.057349961,0.40149873,1.0636642,0.23300564,0.017530536,0.534338,-0.094978184,0.057212025,-0.94732076,0.29586059,-0.63584214,0.15013319,0.72503418,-0.82616329,-0.31519666,0.33737522,0.36298537,-0.46640748,-0.99414897,0.55023593,-0.54130334,0.084931009,-1.2183372,0.28623095,-0.12960254,-0.47792065,-0.39534378,0.86926723,0.50052077,-1.6813333,-1.1073586,-0.2380092,0.009291695,0.19373257,0.07363385,-0.025522845,0.38825828,0.13736619,-0.12143905,0.25577581,0.35502335,0.35836256,-0.072443321,-0.24278191,0.18119995,-1.2751037,-0.003972808,0.33195898,-0.027378283,0.20212293,0.5210771,1.0663236,-0.36553925,-0.64739877,-0.35887286,-0.034678698,-1.7075586,0.29521084,0.2571246,0.31597191,-0.64019692,-1.085402,0.21971513,-0.61103326,0.21761739,0.057873137,-0.094241768,0.26321,0.10966537,0.25364071,0.46754932,0.000746723,-0.15877989,-0.32162943,-1.9343287,-0.65020669,-0.79042256,-0.072734505,-0.65097475,0.25690261,-0.11122429,-0.25724655,0.06971471,0
0.57516778,0.3025181,0.29028487,0.56221855,0.53930378,0.587152,0.55438912,0.56266475,0.5625093,0.56397295,0.54784536,0.54064149,0.52091885,0.53821492,0.57641548,0.52819771,0.54018766,0.5948087,0.57289273,0.53398973,0.55505109,0.50848287,0.54422641,0.54721904,0.56576407,0.55519831,0.58065969,0.54529667,0.58091819,0.57018542,0.56307948,0.55953002,0.56308323,0.54802567,0.55029041,0.54513133,0.51862335,0.55044806,0.52710402,0.55742711,-0.86349595,0.28213105,0.49378121,0.46440268,1.3697417,1.7701924,1.4286586,0.80701661,0.93800765,1.7340233,1.4832003,1.2960917,0.21665758,-0.23413898,0.2343784,-0.30394301,0.71802986,0.35633001,0.4715997,0.29553065,-0.77707958,-0.025918733,-0.33707368,0.38746402,-0.64067268,0.078448117,-0.12525487,0.83079296,0.26404667,1.6176162,-0.21038076,0.24493322,-1.0616624,-0.10461783,0.0249321,1.0334541,-0.8679893,0.61972761,0.30374584,-0.97835493,-0.050546169,-0.80819929,-0.63120306,1.0429481,1.0221499,0.87513357,-0.036759946,-1.501094,0.84895003,0.14194937,-1.0225738,0.42289329,0.10710564,0.33320495,0.66396701,-0.10081708,0.24551946,-0.5082652,0.072321661,0.65763283,-0.66657072,-1.1384065,0.055782743,0.59306645,-0.28109002,0.26795533,0.080115117,-0.30600685,-0.022810876,-0.24295384,0.37242794,0.91970825,-0.21009447,-0.75164402,-0.69954324,0.37965912,0.82962871,-0.99634373,0.53915107,-1.0821073,-0.44683397,-1.7492536,-1.3803132,0.004696652,-0.44619721,0.12230064,-0.44227287,0.19143116,-0.19707313,-0.31515095,-0.89539337,-0.39176691,0.29066569,-1.171593,-0.24384215,-0.22998938,0.10674,0.20414586,-0.49050909,-1.891798,0.54572856,0.4132655,1.0498604,-0.26333576,0.51293105,0.30233335,0.013067804,0.6173321,-0.21595648,0.31045976,-0.2330837,-0.11514266,0.35295928,-0.51457161,-0.70072532,-0.20276813,-0.70766795,-0.91157067,0.30189422,-0.357436,-0.021026855,-0.43395236,0.63870507,0.67121816,-0.001891587,-7.62E-06,-1.7209096,0.76103246,-0.067905746,-0.24650547,-0.009947464,-0.61394328,-0.061589442,-0.31690592,-0.51623696,1.1956747,-0.79506207,0.15051384,0.5866068,-1.9432371,-0.079396673,0.34999225,-0.14426516,-0.7118994,-1.0306618,0.30824602,0.49944681,0.2686218,0.77892619,-0.74408191,-0.40948731,0.070312262,0.032772586,0.056750789,0.31655097,0.13845259,-0.10851884,-1.3503631,-1.639159,-0.61064523,0.26556516,0.63962895,0.20473871,-0.48883593,-0.29182464,0.11322027,1.2072647,0.34894338,-0.054303098,-0.50735259,-0.3565495,1.1618981,0.1549052,0.26463875,2.1394639,-0.22368175,-2.3359866,0.087927125,0.76631969,-0.021973832,-0.023064133,-0.92085224,0.21599865,-1.7076441,0.2758466,-1.2729844,0.39055452,-0.019684628,-0.84431386,-0.013623875,0.30702507,0.52459651,0.04742685,-0.3799367,-2.8422215,0.47246087,-0.38082892,-0.048764702,-0.21935534,0.44748649,0.35171777,0.13895568,-0.10294327,0.739573,-1.7328786,-0.80193335,0.42583919,0.40139896,-0.56535006,0.089841209,0.14123684,0.46591738,-0.099638402,0.5612843,0.23179001,0.73627847,-0.93343544,-0.39775863,0.55289114,-0.067705393,0.28918251,-0.14054409,0.087052241,-1.1995924,-0.42973399,0.13909718,-0.23712583,0.58089858,1.3544726,0.39716262,-0.40069219,0.12924229,-0.34103072,0.61990356,0.6211744,-0.40586519,0.11548649,1.4217621,0.21303517,0.11785534,-1.1427563,-0.023833796,-2.0556126,0.91600102,-1.5907896,-0.32162446,-0.25597298,-1.0356568,-0.039350666,0.19185139,0.27188641,0.50533193,0.3711043,0.60961276,-1.965423,0.86817378,0.002191435,1.21752,-0.025670651,-1.0375785,-0.11907589,-0.97063631,0.44752669,0.25770885,-0.96774542,0.44749194,-2.0612438,-1.8992708,-1.6155699,-0.38169661,0.58525366,1.1949798,0.21244501,-1.0131837,0.65305501,-1.5500212,-0.21869878,0.38336501,-1.2846535,-0.017000973,0.069202572,0.35882056,-0.19294491,0.41945142,-0.014680639,0.31754684,0.059392385,0.52632493,0.04450918,-0.19545111,-0.82713437,0.46696895,0.731179,-0.58530056,0.69516689,0.54348123,0.40735433,-0.73228872,0.80121005,0.7050606,-1.2223554,-0.65423888,0.079110198,0.21637946,0.20864047,0.87380219,-0.31201121,-0.51306933,-0.50438416,0.034923218,0.61674887,-0.26169789,0.074078843,-0.43640351,0.16434079,1.1758896,-1.2817302,0.15181792,0.28077415,-0.69854945,-0.057962216,0.020927034,-1.5720278,-2.0839872,-0.42645776,0.53493476,0.090670779,-0.31660751,0.67712498,0.25114465,0.58356255,0.21958745,-0.099034674,-0.76470029,0.25510716,0.16903701,0.049532592,-0.45155019,0.16954398,0.11531991,1.4054807,-1.5990212,-0.063538857,1.7857529,1.2506509,0.60387433,-1.1441491,-0.39446598,-0.58121085,-0.1499345,0.19492146,0.45053363,0.91398245,0.53908843,0.34588665,0.23865426,0.26110584,0.95391595,0.67179185,1.3136491,-0.90895712,0.19598009,0.48027396,0.10102152,-0.42821702,-0.11650394,-1.3772483,0.27307996,0.062347144,-0.402152,-0.12421358,0.51606876,0.2668103,-0.69724125,0.23022479,-0.24770899,0.31793433,-0.3625018,0.99725568,0.94102681,0.25023887,-0.053603716,0.59618998,-0.24587975,-0.06611634,-1.0522221,0.37944388,-0.53038836,0.2852236,0.74191159,-0.82618332,-0.48998761,0.36350083,0.55075449,-0.77604616,-1.0308121,0.71076417,-0.59996712,-0.042147018,-1.3844982,0.32766306,-0.16940384,-0.76999438,-0.45104256,1.0549706,0.51995403,-1.9751542,-1.3145858,-0.36683425,0.038721725,0.31141788,-0.065544814,-0.003981534,0.55163288,0.21461047,-0.17465594,0.15786907,0.31274515,0.42274791,-0.023901664,-0.28803045,0.2831707,-1.4726501,0.016283564,0.87471044,0.064220302,0.17334794,0.59718442,1.8422043,-0.35437983,-0.82605666,-0.34209689,-0.024297677,-1.7413644,0.28135955,0.11532336,0.4570837,-0.90830839,-1.5687456,0.1711785,-0.60628676,1.0581671,0.068084121,-0.058141753,0.37523967,0.094808228,0.31513408,0.46925142,-0.003559092,-0.31401259,-0.44534418,-2.1790545,-0.85557163,-1.1607701,0.053477008,-1.0552109,0.29666984,-0.15287663,-0.4940291,0.091568381,0
0.52894962,0.26852983,0.24281664,0.51179755,0.49984232,0.52608979,0.52592933,0.49822545,0.47337514,0.50132877,0.5004136,0.52069688,0.45910618,0.49311936,0.52289635,0.43599409,0.49233654,0.53206843,0.49679106,0.47459418,0.48582232,0.51885635,0.49561816,0.49856251,0.53490222,0.4852539,0.5301131,0.50215101,0.48402655,0.47885621,0.51055211,0.47906989,0.47950673,0.49960661,0.50965267,0.51036978,0.48631352,0.46296233,0.50060892,0.48427895,-0.79446387,0.24178195,0.35665214,0.39973605,1.1762633,1.6494496,1.264882,0.67094612,0.79195613,1.5714505,1.3257284,1.1474679,0.33252746,-0.20584951,-0.18173371,-0.28810605,0.65720618,0.33732659,0.3966693,0.30822402,-0.6533221,0.030132221,-0.4545868,0.40316069,-0.77347195,-0.050299745,-0.17203522,0.60050035,0.25284252,1.5599982,-0.17813328,0.23810513,-1.0515405,-0.1978664,0.05005401,0.96594036,-0.93815243,0.62407267,0.2730405,-0.866234,-0.13274105,-1.0649331,-0.48328078,0.35405436,0.95832908,0.70025349,-0.032452423,-1.4614067,0.64386255,0.14894471,-0.94322336,0.50962961,0.045942046,0.026764479,0.62303495,1.9063435,0.34911489,-0.36815119,0.080774575,0.55487806,-0.61942196,-1.0316942,0.10129832,0.36406398,-0.32460186,0.21469247,-0.05725164,-0.16534562,0.033359095,-0.3513734,0.38377845,0.88130468,-0.17865816,-0.32267958,-0.42225146,0.034260258,0.32956845,-0.87066436,0.3829065,-1.0736662,-0.37543932,-1.6744123,-0.94259775,0.035381895,-0.5136041,0.34314099,-0.39871755,0.081886977,-0.10797009,-0.1996792,-0.5543192,-0.49072194,-0.33616817,-0.96389538,-0.088603377,-0.10275164,0.16684622,0.27385783,-0.41620484,-1.4378147,0.16710895,0.43174779,0.73986506,-0.13091727,0.51175082,0.9103424,0.059941776,-0.44023693,-0.19499399,0.23449191,-0.67726833,-0.05959437,0.35135013,-0.20743537,-0.74843377,-0.080561399,-0.56619823,-0.48768282,0.22820055,-0.18859276,0.072940812,-0.64193463,0.70322657,0.60026217,0.047452364,-0.014826076,-1.5884553,0.78797698,-0.046923213,-0.085900873,-0.033718325,-0.53746164,0.006923549,-0.10084729,-0.59627599,0.94548631,-0.4604845,0.094435625,0.51025683,-1.4717762,-0.14945605,0.30614063,-0.095468245,-0.41281778,-0.78958333,0.52209997,0.31204683,0.25926754,0.72089553,-0.59256005,-0.27410993,0.099228606,-0.014552995,0.24988212,0.36764932,0.11506747,-0.029971756,-1.1502948,-1.4193237,-0.62866366,0.21866257,0.8178165,0.22205904,-0.43964592,-0.24713796,0.12740184,1.0757551,-0.11774054,0.061378393,-0.32989612,-0.29399893,1.1508934,0.12499192,0.24453279,0.67098153,-0.10587566,-1.8628434,-0.12875016,0.39918768,-0.020263514,-0.15167972,-0.71690595,0.095223449,-1.4109205,0.23887438,-1.1597055,0.20097026,-0.031269141,-0.80694366,0.038022496,0.38314366,0.17159051,-0.17883551,-0.42910516,-2.4953008,0.30120146,-0.40471849,-0.035503965,-0.03754586,0.22260137,0.41464069,0.079598039,-0.23507333,0.78511679,-1.4730223,-0.72318679,-0.36384714,0.41556984,-0.44597507,0.14548045,0.19380639,0.45534366,0.05734697,0.48974609,0.44679368,0.7557326,-0.74961162,-0.25895271,0.43612528,-0.10837346,0.24767564,0.013113748,-0.25937098,-1.026408,-0.43239093,0.073581778,-0.31765532,0.59844017,1.1284428,0.33780023,-0.44863912,0.24356525,-0.28906551,0.60331577,0.46279427,-0.39715129,0.092604458,1.6416689,0.072420627,0.1521161,-0.94598937,-0.11444951,-1.8306555,0.97476727,-1.3098823,-0.34562621,-0.12231095,-1.3940269,0.016555861,0.081895635,0.025907651,0.30125812,0.3359589,0.23323178,-1.6465834,0.74388266,0.022225786,1.0968184,0.027991094,-0.93394148,-0.15925325,-0.73746562,0.50214553,0.17155644,-0.83518445,0.32531121,-1.6823018,-1.6701334,-1.258423,-0.27265495,0.34701538,0.10519198,0.22390038,-0.84066421,0.64200562,-1.1801374,-0.25266096,0.25527519,-1.1108401,-0.008241903,0.028613536,0.44184059,-0.013292558,0.36897895,0.041775998,0.38752529,-0.001115304,0.47952366,-0.090097427,-0.08979401,-0.74026054,0.64150548,1.0687802,-0.42994109,0.55621356,0.50739932,0.63899338,-0.69198769,0.68342215,0.62988609,-1.0212696,-0.4970372,0.10143988,0.10363827,0.26034304,0.73778856,-0.33219597,-0.49946266,-0.49131167,-0.001532998,0.60422444,-0.16547976,0.059575956,-0.30320618,0.17821689,1.1238389,-1.0258448,0.11140893,0.30335659,-0.59021068,-0.061990488,-0.20132226,-1.2373787,-1.7538513,-0.35108754,0.57516605,0.12239912,-0.37375763,0.71828741,0.14783531,0.57600969,0.2772356,-0.24711455,-0.42875752,0.23321541,0.059000149,-0.10537319,-0.58733451,0.16865093,0.23382431,1.2739211,-1.5099245,-0.044088945,1.5910499,1.4776644,0.48318475,-1.1018015,-0.26446858,-0.4679929,-0.1227795,0.095135905,0.37112665,0.8030206,0.88144255,0.38364756,0.11215366,0.17923374,0.75835556,0.70615983,0.92073762,-0.71032667,0.28708652,0.33299553,0.25867653,-0.31435746,-0.22466835,-1.5217177,0.31426984,0.047782529,-0.30236122,-0.13761279,0.30412725,0.15694386,-0.75124085,0.19489297,-0.18531346,-0.15384442,-0.17750479,0.46154791,1.0685744,0.27616969,0.017094078,0.54375708,-0.089475356,0.02191975,-1.018513,0.26008046,-0.52599901,0.24361677,0.70090097,-0.92091757,-0.30344203,0.36854297,0.48622039,-0.55179906,-0.94745392,0.55340588,-0.49526975,-0.010796063,-1.1116925,0.26209885,-0.094547123,-0.54902625,-0.53380495,0.89161575,0.52040148,-1.7757242,-1.0133046,-0.3342073,0.017723866,0.24902365,-0.040561449,0.006868023,0.44018111,0.21722408,-0.23121667,0.2376219,0.32236323,0.39564741,-0.027566835,-0.16768312,0.18592073,-1.3720253,0.016510867,0.27734235,0.016858261,0.19869608,0.58120477,0.80755031,-0.38018695,-0.72673672,-0.37142873,-0.00603047,-1.5623696,0.29645872,0.28093404,0.34904549,-0.6254465,-1.1759903,0.21794274,-0.55437636,0.078079075,0.059439864,-0.053767193,0.047247291,0.14662217,0.31888217,0.37483573,0.000882994,-0.2018307,-0.33667207,-2.0228333,-0.67825192,-0.84542501,-0.000883222,-0.84159452,0.22480045,-0.19441532,-0.32151684,0.12402766,0
0.43695605,0.16450208,0.14642647,0.45482695,0.4418157,0.4723022,0.44446695,0.40607673,0.45346153,0.44191834,0.43932638,0.41017827,0.42801616,0.42010793,0.44808942,0.37314722,0.42532745,0.45913646,0.45266163,0.43803012,0.42720011,0.41073173,0.43035552,0.43439379,0.45604786,0.43528831,0.45336342,0.44852561,0.45981395,0.4499436,0.45038587,0.3958036,0.39008796,0.37366864,0.42390239,0.42054433,0.38020056,0.432881,0.43357629,0.43737924,-0.77616495,0.13345581,0.26870257,0.34325323,1.2324231,1.6274459,1.239913,0.64675522,0.74225664,1.5633528,1.3263304,1.1146214,0.28621078,-0.20670579,-0.32744518,-0.19597915,0.52527225,0.30596218,0.31715113,0.26047823,-0.78200835,-0.051754896,-0.38210917,0.33054766,-0.62978804,-0.044222027,-0.11998694,0.46288449,0.17832287,1.2347976,-0.15177239,0.19787504,-1.0429081,-0.15408213,-0.005972596,0.66147256,-0.91667706,0.52680719,0.21989651,-0.75936294,-0.079542249,-1.0150036,-0.48150751,0.3085767,0.67454195,0.60942388,0.009485769,-1.4155304,0.61189842,0.13686718,-0.88579369,0.60852933,0.060560636,0.014545849,0.5243082,-0.15154737,0.26412231,-0.37225047,0.033462524,0.49662614,-0.60622907,-0.96051174,0.073524088,0.42363614,-0.26999515,0.2053543,0.078460172,-0.13218379,-0.23855911,-0.27942923,0.41392303,0.69172591,-0.10249443,-0.53557372,-0.38129699,-0.036130011,0.42260769,-0.82840443,0.34808925,-1.0583545,-0.30553141,-1.5350207,-0.84753245,-0.085519932,-0.49205065,0.36786041,-0.32286847,0.052914158,-0.066919222,-0.1103011,-0.62447894,-0.34043899,-0.025533676,-0.98056561,-0.14585087,-0.10164117,0.134323,0.17124608,-0.41134813,-1.4686072,0.31166327,0.39789629,0.69720447,-0.073736168,0.52087331,0.35728359,0.085316516,-0.4004916,-0.28023377,0.26783851,-0.4285444,-0.035609767,0.30571634,-0.16208206,-0.74046761,-0.03956753,-0.57717967,-0.42512384,0.26491791,-0.25331867,0.10156296,-0.61541522,0.65529281,0.57676029,0.12939838,-0.081040442,-1.5411563,0.58827233,0.061478272,-0.054117374,-0.085702479,-0.5415768,0.038523227,-0.077180617,-0.51801109,0.83466393,-0.65543509,0.13590167,0.47038823,-1.3243572,-0.073852926,0.30547482,-0.071958557,-0.54766977,-0.76912516,0.41077316,0.1967462,0.51128227,0.67436087,-0.62261015,-0.33889562,0.097823843,0.16269724,0.18500981,0.32537854,0.2468667,-0.053928304,-1.0517046,-1.3386462,-0.56600815,0.24529053,0.55926651,0.1840108,-0.40976658,-0.29396009,0.1234859,1.0504462,-0.11696613,0.016527515,-0.38710448,-0.2259104,0.86496925,0.087112948,0.22728533,0.49721372,-0.052576348,-1.8098884,-0.13421057,0.39867103,0.07194902,-0.13936949,-0.64548719,0.13659522,-1.2546669,0.19039312,-1.0726942,0.32098192,0.086558931,-0.75662106,0.10431072,0.17016849,0.39389682,-0.008512765,-0.40152621,-2.3085618,0.30878419,-0.32374263,-0.03399758,-0.078927554,0.20518771,0.35896415,0.075622782,-0.40826201,0.55181819,-1.4001838,-0.66620302,-0.35368407,0.31328726,-0.31342679,0.15234727,0.20722884,0.39495453,0.039889075,0.5167309,0.41241899,0.68024993,-0.68344098,-0.24019201,0.60085446,-0.12546614,0.24742532,-0.043292448,-0.23425886,-0.99580479,-0.37849617,0.069211453,-0.25172257,0.47792843,0.99050122,0.33658782,-0.42148539,0.1799821,-0.32243863,0.5077489,0.49350032,-0.29067659,0.10628207,1.2985963,0.047063045,0.18675447,-0.91033095,-0.12270685,-1.7619123,0.98862386,-1.0980365,-0.31459463,-0.11654723,-1.3138735,-0.040267058,0.13107072,0.12852356,0.65707362,0.38916343,0.24121603,-1.5728519,0.67142892,0.16364761,1.1581719,-0.16070411,-0.91931653,-0.092802152,-0.72112465,0.52995986,0.25695387,-0.94814461,0.40796614,-1.5958958,-1.5444673,-1.0849111,-0.24267429,0.364658,0.26871639,0.227322,-0.78540838,0.59437299,-1.1635331,-0.14040285,0.33456424,-1.0009253,-0.009984577,0.092479356,0.41116935,0.010766294,0.3728461,0.005011592,0.29574406,0.057436764,0.47462294,-0.092291519,-0.10296904,-0.71612173,0.31250882,1.0127763,-0.48292884,0.55716997,0.448728,0.49305204,-0.5932278,0.6045776,0.30115199,-0.79192317,-0.44132823,0.085151747,0.06367778,0.18194214,0.71472812,-0.32244211,-0.47718436,-0.42175069,0.02891659,0.54981816,-0.15049383,-0.016987935,-0.31296507,0.12486978,1.0819095,-0.9888103,0.12550813,0.27122656,-0.59429091,-0.046582278,-0.066098385,-1.2339497,-1.616047,-0.19589119,0.53295529,0.15441865,-0.34366402,0.74056011,0.070242092,0.47028363,0.2223015,-0.25094417,-0.34694314,0.16711019,0.032990277,-0.17323847,-0.73161316,0.16889967,0.15999156,1.059808,-1.2811233,-0.094704971,1.3240982,1.4620582,0.3154586,-0.98620093,-0.24834655,-0.39627844,-0.11171872,0.07685364,0.27693698,0.64105564,0.48015437,0.38223782,0.077475913,0.1898995,0.65654802,0.64070839,0.84849989,-0.65428644,0.35826311,0.18156925,0.26674074,-0.27498814,-0.20474221,-1.4358418,0.21145606,0.063961901,-0.35452276,-0.09141431,0.44762781,0.10470688,-0.67048806,0.17592207,-0.20641851,0.11428164,-0.083279908,0.54364544,0.87492597,0.32380506,0.042032447,0.50602174,-0.14453645,0.035457347,-0.89285779,0.15847021,-0.50602955,0.008900508,0.5377686,-0.87835866,-0.32159323,0.3854337,0.39053598,-0.43158329,-1.0722555,0.47581607,-0.62007505,-0.047485568,-0.97493696,0.2768493,-0.12392962,-0.60112762,-0.44377404,0.86696619,0.40698767,-1.6550932,-0.90346122,-0.27810493,0.065504692,0.19780236,-0.038738459,-0.22682013,0.43433952,0.20365815,-0.086315826,0.31617862,0.34230518,0.35232386,-0.058874775,-0.31698623,0.22902581,-1.2244521,0.038950995,0.33698437,0.081012204,0.22646438,0.58530062,0.84398663,-0.27972972,-0.71505457,-0.33836538,-0.07362859,-1.550782,0.3421613,0.34062484,0.37031445,-0.53505284,-1.1996872,0.20856887,-0.50398588,0.080600724,0.006594662,-0.092416413,0.36202908,0.14531875,0.27436295,0.37497824,0.01973106,-0.31491879,-0.37994996,-1.9118696,-0.67175347,-0.77000535,-0.095925219,-0.81383693,0.21089222,-0.077566564,-0.21056235,0.080177061,0
0.54531312,0.3053588,0.27872157,0.52787709,0.52269155,0.54708827,0.535133,0.50869697,0.51433831,0.52671808,0.52165842,0.5183481,0.52124238,0.50572777,0.52717125,0.51642257,0.52761376,0.54526532,0.52544945,0.50167978,0.49571797,0.52046847,0.50557911,0.50763583,0.52407724,0.51119256,0.51556087,0.50627577,0.52071446,0.5122633,0.51029921,0.51327419,0.50313842,0.50153232,0.511132,0.49076575,0.48542824,0.50841999,0.48919386,0.49853086,-0.78725028,0.27200937,0.29527491,0.32598615,1.222533,1.6169302,1.223328,0.6177178,0.74299008,1.5341563,1.325058,1.101403,0.3128081,-0.17979278,-0.22483806,-0.274481,0.59242302,0.29438713,0.40443334,0.26122576,-0.57652676,0.02814026,-0.43746012,0.39691517,-0.66067225,-0.15807453,-0.13994151,0.55166978,0.20748276,1.4259728,-0.16653343,0.19333915,-1.0016857,-0.19757465,0.046523467,0.9917143,-0.90431523,0.55693084,0.22415309,-0.82535154,-0.12198377,-0.99457103,-0.45804599,0.28558251,0.81119084,0.62734294,-0.026524767,-1.4584038,0.8008011,0.14841653,-0.89068639,0.48150402,0.006679762,0.008956239,0.70052111,-0.075601019,0.35365409,-0.39394185,0.038451672,0.51956344,-0.66081232,-0.95323348,0.09180294,0.42262876,-0.33807608,0.24737976,0.025574487,-0.14943182,-0.11887156,-0.2954379,0.35464203,0.74054682,-0.15521002,-0.27387962,-0.45124239,0.063805476,0.40780389,-0.88119859,0.28852314,-1.142544,-0.34998623,-1.5752159,-0.88116199,-0.058920823,-0.48753053,0.29672727,-0.42871383,0.11640748,-0.073901221,-0.14776592,-0.52888393,-0.42125961,-0.028341383,-0.9301759,-0.20258424,-0.15340459,0.12688266,0.17741203,-0.39195418,-1.4468422,0.49830562,0.39852634,0.73898655,-0.13007933,0.55452186,0.37634832,0.11092545,-0.44391924,-0.18696952,0.16649285,-0.47663218,0.018155441,0.32965031,-0.149786,-0.69063395,-0.057146665,-0.5496068,-0.50552148,0.20284466,-0.22738191,0.06725432,-0.63052589,0.63061607,0.6043601,0.13614106,-0.022641284,-1.5654068,0.63542938,-0.052287992,-0.13231927,-0.040573165,-0.48336747,0.033482626,-0.10227543,-0.55931824,0.88544893,-0.48735428,0.17078669,0.53617209,-1.3763336,-0.079769574,0.32826221,-0.1185021,-0.44368085,-0.77856016,0.44701958,0.24529052,0.0916664,0.79192644,-0.6591633,-0.30127817,0.10435665,-0.034844138,0.22117032,0.37695169,0.21148498,-0.12589645,-1.0758061,-1.3907531,-0.66898608,0.21789837,0.55796862,0.20528227,-0.40004617,-0.2767036,0.14337073,1.0679036,-0.10554123,0.05298087,-0.37338206,-0.24492072,0.92660201,0.09438172,0.24321122,0.65453744,-0.072890274,-1.9284178,-0.11112641,0.44379026,-0.000844369,-0.14063802,-0.67448235,0.13237643,-1.3271509,0.19153239,-1.137918,0.26601136,0.127496,-0.76762688,0.13668907,0.19012448,0.43161395,-0.18418925,-0.43993714,-2.3780921,0.28256744,-0.35795194,-0.049216401,-0.23394358,0.21185881,0.3686386,0.12831172,-0.1925754,0.55508685,-1.356395,-0.75718427,-0.36877632,0.40138158,-0.27904144,0.12762165,0.16810688,0.46184686,0.020703673,0.50803983,0.35652933,0.75444466,-0.78681171,-0.24362823,0.6066798,-0.0366892,0.23091808,0.046251707,-0.25216499,-1.0258853,-0.41337082,0.07353057,-0.27570739,0.48066998,1.0949857,0.30652246,-0.38993391,0.23892291,-0.33194575,0.63964659,0.5788697,-0.30123222,0.07686007,1.4197531,0.24961689,0.081602082,-0.93185127,-0.073800258,-1.7972336,0.9152146,-1.1629679,-0.33450893,-0.34488887,-1.3258309,-0.11378823,0.14466718,0.053752683,0.51850092,0.50542527,0.19225968,-1.5553517,0.71672058,0.008905212,1.1287417,0.056698602,-0.94312561,-0.098326094,-0.73275876,0.46509647,0.097552657,-0.8232137,0.3755753,-1.5775148,-1.6087441,-1.2059069,-0.28175321,0.36742398,0.37753433,0.19574957,-0.79537117,0.59310234,-1.2033947,-0.31042269,0.32452419,-1.0046723,0.012750778,0.008527162,0.46765053,-0.0353605,0.41940206,0.034128744,0.35403141,0.062761538,0.47904244,0.02947358,-0.079031169,-0.83224308,0.34029296,1.0462632,-0.46413419,0.54692912,0.44832578,0.51874316,-0.62055331,0.70187181,0.3958784,-0.92856824,-0.50286204,0.078715339,0.090822861,0.19893283,0.73240376,-0.30808291,-0.45939988,-0.45465943,0.062441364,0.65333527,-0.17388013,0.023454275,-0.2887646,0.14079659,1.1313316,-0.97653174,0.10310377,0.28016368,-0.58711863,-0.046144061,0.0429869,-1.2197982,-1.7236785,-0.35325718,0.55101925,0.15547144,-0.35092771,0.69945908,0.14113729,0.5343731,0.22524312,-0.15629974,-0.31788719,0.18234532,0.2312223,-0.14153129,-0.71040583,0.18994182,0.12001335,1.1677431,-1.4355284,-0.021796796,1.3743005,1.5198478,0.41832832,-1.0437119,-0.21855223,-0.37234047,-0.08513698,0.068266347,0.31643802,0.65455902,0.56681442,0.37600866,0.078817457,0.21957298,0.61192489,0.63221222,0.9144755,-0.68891048,0.34855112,0.19987518,0.16071786,-0.2583769,-0.16032065,-1.3518885,0.25556189,0.058191318,-0.38136056,-0.053077921,0.57165539,0.19245107,-0.48795629,0.15200076,-0.15794727,0.1831021,-0.11211472,0.71983254,1.0564493,0.2129752,0.000406009,0.53995055,-0.16295722,0.079807714,-0.95220274,0.24932273,-0.54318231,0.063810572,0.63358396,-0.87353939,-0.32647428,0.36221159,0.45240876,-0.49790564,-1.0526361,0.53056425,-0.51094586,-0.005953293,-1.113449,0.26289254,-0.17489254,-0.51365894,-0.45930943,0.87366688,0.47818941,-1.6920336,-1.10347,-0.27465713,0.041540105,0.18616092,-0.025621094,0.047065154,0.41959181,0.15190959,-0.19505793,0.34251097,0.30605274,0.34243149,-0.19123739,-0.030836001,0.42997792,-1.3039558,0.063611239,0.35638726,0.043425802,0.24633616,0.5602594,0.92757237,-0.3356241,-0.74664378,-0.32451776,0.13320231,-1.6050248,0.33455986,0.32299158,0.35949475,-0.62237322,-1.1723713,0.22086339,-0.50633615,0.2123298,0.025091726,-0.1065838,0.39167902,0.12041666,0.25060245,0.38763663,-0.004234443,-0.096050486,-0.29865015,-1.9285669,-0.67424911,-0.83191103,-0.038588911,-0.80548203,0.29634216,-0.20173125,-0.21203852,0.114448,0
0.58165652,0.34639359,0.33735383,0.56792903,0.55126423,0.60058397,0.57396936,0.54804552,0.54136455,0.56202888,0.54218012,0.57783163,0.5544793,0.53399456,0.57156485,0.56494009,0.5520221,0.59918147,0.57091469,0.52172232,0.5311588,0.56234825,0.53777122,0.55561602,0.56530696,0.56057328,0.56473106,0.5539912,0.53985053,0.56156278,0.55345726,0.55161464,0.53290045,0.53696144,0.55484194,0.53097987,0.52697074,0.54245859,0.53538668,0.52893621,-0.72301483,0.31882766,0.28639197,0.39349994,1.182169,1.5930796,1.1996686,0.6100806,0.73408139,1.5168911,1.3001267,1.0783997,0.30085433,-0.17004603,-0.17757663,-0.19436073,0.49447253,0.29636312,0.32646617,0.2425043,-0.53227437,0.005428395,-0.40867504,0.30504891,-0.66683877,-0.057257578,-0.14730144,0.57415366,0.19462164,1.2857161,-0.14084432,0.18794695,-0.93785405,-0.12816733,-0.002447136,0.66209459,-0.86115468,0.52531409,0.19879177,-0.78409338,-0.10690329,-0.88583225,-0.39738467,0.18891037,0.6895147,0.51998436,-0.034570713,-1.3809389,0.59059447,0.14327717,-0.81371474,0.56608975,0.008247498,0.078920543,0.60335028,0.017862238,0.34599146,-0.39580336,0.06293273,0.40558165,-0.58516812,-0.98010772,0.090331234,0.38087532,-0.27924654,0.19536,0.058258832,-0.15147071,-0.065497003,-0.27102774,0.46152627,0.7566765,-0.13792625,-0.35005462,-0.37431073,0.065109402,0.33210865,-0.78970659,0.3069303,-1.1037475,-0.30568165,-1.5062274,-0.83259153,0.00343534,-0.45018262,0.28017542,-0.39406741,0.081571221,-0.093525685,-0.12115423,-0.56920063,-0.31984943,-0.15654516,-0.92007381,-0.074399024,-0.12947039,0.12348206,0.16637209,-0.37231129,-1.3933136,0.28209922,0.36901888,0.68227339,-0.072264455,0.47112802,0.22848934,0.096303329,-0.5008896,-0.16744378,0.23938987,-0.58769888,-0.084491819,0.31842503,-0.17569807,-0.64592928,-0.093188331,-0.53162777,-0.50841618,0.15219831,-0.23392931,0.058699504,-0.68967986,0.68834406,0.5936594,0.032091193,-0.006958188,-1.4980431,0.46893978,-0.055401046,-0.15587795,-0.048713602,-0.52187353,-0.011873467,-0.046317227,-0.5513941,0.80883849,-0.41291618,0.13220914,0.36306578,-1.3568537,-0.026931942,0.25649214,0.014029652,-0.35067105,-0.73935717,0.52050501,0.18603781,0.30734316,0.58068854,-0.57839388,-0.26243329,0.066814855,0.021281313,0.20483142,0.34589651,0.18752293,-0.11182125,-1.0529773,-1.3044624,-0.64685953,0.25489554,0.54647517,0.22780873,-0.37918687,-0.28755257,0.090553746,1.0398879,-0.19370368,0.069039516,-0.34012234,-0.28193295,0.88925081,0.085961044,0.23381451,0.51898372,-0.05493924,-1.6611109,-0.13357669,0.3808406,-0.015918572,-0.038881131,-0.64004904,0.14173208,-1.3188201,0.20099702,-1.1505907,0.2750347,0.09179242,-0.73063314,0.074867502,0.32810202,0.29841653,-0.14593649,-0.49670357,-2.3597116,0.24100763,-0.50356185,0.020138398,-0.11904342,0.18134452,0.35988629,0.11104903,-0.18821016,0.55758864,-1.3718078,-0.67160302,-0.2602042,0.32711518,-0.33696562,0.16467026,0.26945251,0.40813458,0.023422537,0.4543547,0.34954599,0.7545476,-0.67523056,-0.24362448,0.55795288,-0.067141861,0.2435545,0.030436575,-0.20351474,-0.92902768,-0.39424014,0.025397159,-0.29717079,0.48958111,1.0129637,0.31799862,-0.40538639,0.17937417,-0.2889294,0.46894437,0.47627535,-0.34041443,0.069750272,1.3269614,0.044939741,0.029549345,-0.8788507,-0.15987457,-1.6728427,0.81652206,-1.1357534,-0.33910763,-0.16139296,-1.3129858,-0.070796572,0.095874459,0.11188948,0.6560775,0.4033885,0.039231837,-1.5098541,0.59308267,0.011715286,0.99386978,-0.043707456,-0.86227012,-0.083068721,-0.67294276,0.47146183,0.21331492,-0.74384159,0.27238065,-1.5540831,-1.5558991,-1.1209196,-0.24472794,0.37604433,0.16683185,0.25190499,-0.68355644,0.5493294,-1.1688563,-0.24515012,0.29947662,-0.97016567,0.038012136,0.044953123,0.43414694,0.066085011,0.32665402,-0.023054011,0.35984004,0.11311993,0.41903144,-0.070244238,-0.027337134,-0.59946626,0.29757708,0.87999862,-0.36208737,0.5366683,0.45531073,0.58204877,-0.5870471,0.65515709,0.39782205,-0.81046146,-0.41908506,0.085950911,0.10438684,0.19966123,0.5826757,-0.32949406,-0.46022525,-0.46039024,0.011682961,0.63626486,-0.17497233,-0.023405463,-0.24884865,0.14354712,1.0275069,-1.0014459,0.14717099,0.26826659,-0.5371626,-0.071540199,-0.15568069,-1.2312059,-1.5971184,-0.30086416,0.45065647,0.12827955,-0.33083013,0.6192376,0.17218147,0.47825265,0.21616137,-0.18353531,-0.36335355,0.17869087,0.09273167,-0.10076284,-0.66639531,0.17509261,0.13655579,1.0957758,-1.4259914,-0.075375631,1.1728501,1.3114694,0.31996444,-0.98695195,-0.26062799,-0.34222224,-0.13615556,0.035031583,0.27530473,0.58860642,0.58600962,0.36999831,0.10004384,0.18781006,0.65413976,0.64874524,0.89199877,-0.60302758,0.27785152,0.22402951,0.23975694,-0.27508828,-0.2082362,-1.3435134,0.23511255,0.071431749,-0.36275256,-0.032026805,0.26828837,0.19734196,-0.65175754,0.13798536,-0.18361454,-0.153694,-0.14013115,0.51970482,1.0111015,0.26300588,0.027732477,0.45236713,-0.08914417,0.035889708,-0.90961844,0.20411265,-0.4929257,0.012498006,0.49264795,-0.925574,-0.34181982,0.29936308,0.36773103,-0.43530729,-1.0410355,0.5047484,-0.56551135,-0.081692249,-1.0631969,0.23517951,-0.12489346,-0.40709996,-0.44375461,0.73933184,0.35840607,-1.6920667,-0.97199249,-0.31098032,0.040810362,0.19856119,-0.001840431,0.02085237,0.35888273,0.19272199,-0.17159589,0.26471579,0.2986443,0.31285879,-0.14045045,-0.26727164,0.2502507,-1.2449586,0.034964245,0.25819042,0.018469196,0.21293983,0.49268794,0.79266566,-0.3307268,-0.64051878,-0.42956042,0.13395672,-1.5171797,0.32728094,0.23228049,0.33026806,-0.52287036,-1.0437527,0.21844529,-0.43505117,0.021698549,0.031599671,-0.065565549,0.27917165,0.14629827,0.28975686,0.38963282,0.030190025,-0.18433556,-0.28545794,-1.8478338,-0.67000085,-0.75659722,-0.027951004,-0.73817784,0.22527911,-0.10466373,-0.30066586,0.067868493,0
0.47960609,0.22476861,0.19531226,0.48681462,0.46741235,0.51221627,0.48847824,0.45435423,0.49052632,0.47517037,0.47471157,0.46384752,0.47271931,0.44395947,0.47656733,0.44142401,0.46738389,0.49893677,0.49767566,0.46365243,0.45772672,0.47283444,0.45907152,0.46631908,0.47232229,0.47054505,0.48057166,0.46337169,0.48838305,0.48053074,0.47223523,0.46172923,0.45329577,0.44254315,0.4600307,0.41649666,0.4455947,0.47740573,0.41822636,0.46573579,-0.76339781,0.17560607,0.20569885,0.30628449,1.1387179,1.5426521,1.1229846,0.55146599,0.65855086,1.4610503,1.2406217,1.0159322,0.24210815,-0.17095,-0.17658857,-0.32484147,0.43451768,0.25491947,0.28844544,0.20679639,-0.74643505,-0.009503248,-0.38788289,0.17480318,-0.62889129,-0.14735025,-0.059844315,0.51799059,0.17794217,1.3511754,-0.15866272,0.17238772,-0.93695754,-0.17999634,0.065940157,0.68493903,-0.75734186,0.47573251,0.28051484,-0.76209497,-0.086716376,-0.88395786,-0.365998,0.30096433,0.63483137,0.526187,0.006256113,-1.3929913,0.62417769,0.11272919,-0.85178763,0.55279899,0.055024542,-0.009252969,0.6457808,0.011342369,0.32442844,-0.36483872,0.12328474,0.44376642,-0.44146335,-0.93687016,0.10101503,0.4174189,-0.1404089,0.10300162,-0.10597596,-0.11651072,-0.16651037,-0.26010442,0.33842623,0.71666944,-0.15193218,-0.41641325,-0.41500509,0.16400367,0.34275413,-0.80873221,0.32326174,-0.94628948,-0.30800855,-1.4395946,-0.78090715,-0.036215484,-0.48609939,0.22746208,-0.3082844,0.10383441,-0.13163854,-0.061563186,-0.75051582,-0.32586172,-0.14548159,-0.89591533,-0.17846945,-0.15658782,0.1358048,0.34123403,-0.3535876,-1.3232417,0.21868971,0.33739671,0.70760977,-0.086029992,0.46648765,0.20523125,0.058291391,-0.33037415,-0.23071019,0.38045868,-0.40882745,-0.075167127,0.27369636,-0.15209818,-0.6098386,-0.069781333,-0.46968865,-0.51944578,0.17716405,-0.31079948,0.027965717,-0.50979614,0.57974434,0.46705031,0.005447568,-0.10716713,-1.4894902,0.63306177,-0.017719023,-0.07732106,-0.027781375,-0.52519047,0.026711969,-0.093021192,-0.50149214,0.79034299,-0.6239298,0.13420071,0.36068064,-1.4506983,-0.091916658,0.25520962,-0.15504655,-0.4720718,-0.76898527,0.48156461,0.13196151,0.32109269,0.60912901,-0.61034018,-0.26779616,0.028990386,0.084144816,0.18721893,0.15062873,0.14052787,-0.02848015,-1.0437069,-1.2974157,-0.61603695,0.27890289,0.60534942,0.17951599,-0.34231088,-0.27964148,0.081027493,1.0596499,-0.14671977,0.002826367,-0.34197515,-0.21806702,0.89500237,0.085909911,0.19868711,0.71707892,-0.10531551,-1.8524886,-0.15155753,0.34432107,0.018443387,-0.060766861,-0.6850639,0.09443593,-1.2217456,0.21862741,-1.0230733,0.42224824,-0.063068539,-0.74826109,0.099057004,0.15596929,0.42375511,-0.10851125,-0.35416257,-2.2499897,0.27473655,-0.33065557,-0.064904854,-0.14497682,0.11514366,0.45469406,0.19772825,-0.16958448,0.55695009,-1.3143229,-0.68125784,-0.22096772,0.38637689,-0.35563412,0.14420368,0.41434497,0.3263616,0.013085291,0.46107212,0.33986512,0.7476396,-0.80117643,-0.20188767,0.45869368,-0.082044944,0.20139347,-0.079168797,-0.19191381,-0.91952914,-0.38487554,0.079560444,-0.32543975,0.58074629,0.96622789,0.33383495,-0.38677227,0.13978593,-0.30891797,0.46644676,0.41364366,-0.16673416,0.10283865,1.3677485,0.22382659,0.09526109,-0.76322722,-0.08509554,-1.6616459,0.9203651,-1.1427311,-0.31706458,-0.16696905,-1.3424304,-0.09867236,0.16822189,-0.045509756,0.24979183,0.43772742,-0.018915057,-1.4342111,0.69883215,0.11581061,1.0030642,0.006390829,-0.86541355,-0.06603992,-0.64930874,0.48583254,0.17447245,-0.74403304,0.2310394,-1.485109,-1.474215,-1.0688657,-0.2486591,0.33219159,0.20428964,0.20153534,-0.7204228,0.52706784,-1.0944753,-0.16062693,0.21012141,-0.97176147,0.054732174,0.025700044,0.48894227,0.002673332,0.28796226,0.034840874,0.4218275,0.095265806,0.5708639,0.14870054,-0.099503942,-0.62871796,0.2642847,0.86960661,-0.41096541,0.47962201,0.43437421,0.53923404,-0.56513572,0.59278166,0.49177033,-0.95809048,-0.51604122,0.04755054,0.11915617,0.24275881,0.53310466,-0.26950672,-0.45276958,-0.41544586,0.02754866,0.46906865,-0.2379622,-0.044246279,-0.28363314,0.19939896,0.91025424,-0.84969628,0.17304441,0.24872346,-0.45993349,-0.092879124,-0.26770285,-1.2067401,-1.5741755,-0.1569887,0.43080536,0.18494743,-0.28685275,0.66753179,0.14796102,0.40927231,0.19448654,-0.16979349,-0.38638863,0.23266791,0.024396352,-0.16361889,-0.53313583,0.095498994,0.093947738,1.0483338,-1.3072765,0.36877719,1.3756076,1.3116446,0.36457378,-0.99040627,-0.25257739,-0.31409568,-0.11506033,0.06729091,0.29792139,0.65631443,0.47766596,0.36948818,0.078315586,0.22125262,0.58805704,0.60332602,0.75287902,-0.69569409,0.2164745,0.27580255,0.10809025,-0.24288622,-0.18804216,-1.3419061,0.22975589,0.078366429,-0.35173687,-0.12480722,0.21541004,0.38895488,-0.46146107,0.21490419,-0.18435238,-0.11557123,-0.099655107,0.49487954,0.83772296,0.16059625,-0.00691626,0.50320518,-0.14054897,-0.10958946,-0.89323282,0.23185302,-0.52339244,0.21338865,0.5908106,-0.80542505,-0.33259201,0.28613552,0.35932398,-0.45738417,-0.94902283,0.49243364,-0.4990637,-0.012728363,-1.0698683,0.23667753,-0.088827163,-0.32255638,-0.3914147,0.71052188,0.40413979,-1.6314985,-0.97342134,-0.26866224,0.019749405,0.20539226,0.02699923,0.001825148,0.3911604,0.10176983,-0.084304906,0.2473276,0.29209387,0.34345371,0.018575788,-0.15779403,0.10424251,-1.2154987,-0.002252879,0.38742173,0.030673895,0.15547539,0.52031565,0.76976728,-0.30378228,-0.50415623,-0.39376855,0.100278,-1.5252919,0.32520717,0.25332591,0.33768645,-0.60661083,-1.0528464,0.13706875,-0.47108182,0.10298733,0.094225943,-0.10336806,0.48634481,0.10548496,0.28987634,0.37301418,-0.017368535,-0.21980876,-0.29204416,-1.8156061,-0.61099738,-0.76768959,-0.043795511,-0.75715023,0.42410669,-0.094363682,-0.26898721,0.076537065,0
0.53530055,0.26274353,0.25905338,0.51709735,0.5012567,0.54037023,0.51964259,0.507631,0.51904362,0.49123228,0.51564699,0.52020603,0.51827949,0.5059129,0.53107285,0.51035428,0.53142536,0.53582084,0.53045344,0.50949872,0.51019084,0.5171842,0.50819278,0.52029061,0.49445146,0.51126504,0.51557851,0.50609845,0.53019118,0.51737821,0.50425154,0.51893777,0.51188385,0.50266588,0.5144186,0.49293143,0.49753696,0.51281857,0.49566799,0.49583617,-0.83026332,0.24712463,0.44624954,0.41918659,1.3732786,1.7238413,1.3781935,0.7605691,0.89380819,1.6920086,1.4639001,1.2529986,0.36734113,-0.2123069,-0.003529236,-0.34148532,0.54952854,0.30382153,0.36700299,0.28830594,-0.88651896,0.015327452,-0.48420981,0.31375831,-0.73993021,-0.025759351,-0.18215241,0.62211633,0.14457409,1.4310331,-0.19199461,0.23754963,-1.1275162,-0.23417315,-0.069800109,0.81375653,-0.90306455,0.63901609,0.21811609,-0.94954276,-0.11887568,-1.1907296,-0.60332477,0.38717967,0.85927731,0.66698515,-0.049411915,-1.6944759,0.67920893,0.1684868,-1.1157737,0.5406059,0.074880898,0.15040229,0.68448246,-0.041122269,0.3751452,-0.36259079,0.089568928,0.55719459,-0.61109966,-1.081152,0.045190692,0.51437217,-0.23088488,0.24666524,0.057824895,-0.16765432,-0.050195925,-0.33279556,0.46922579,0.77981877,-0.17271096,-0.26307935,-0.55158514,-0.01899083,0.61228818,-1.0069205,0.45311543,-1.1446377,-0.36230266,-1.7107263,-0.87084866,0.012407213,-0.5385505,0.29104009,-0.4119556,0.15898313,-0.12796304,-0.094886765,-0.67369014,-0.56023848,-0.067685708,-1.013773,-0.20400846,-0.099704549,0.15400928,0.16045675,-0.53752184,-1.6320767,0.4201358,0.46583712,0.79107916,-0.10861302,0.47155079,0.31924787,0.027724043,-0.26779449,-0.25305003,0.34673369,-0.46860594,-0.13725831,0.36333033,-0.20447706,-0.67973089,-0.098152325,-0.62539071,-0.59844637,0.25757867,-0.22567731,0.038762316,-0.64099437,0.76084983,0.74017978,0.19510031,-0.046351954,-1.8835113,0.71562314,0.086151093,-0.16271454,-0.03650631,-0.56502777,-0.016565034,-0.17538083,-0.62196839,0.90002674,-0.81925708,0.12630905,0.56277239,-1.4013239,-0.12926924,0.3512516,-0.19628124,-0.47421306,-0.89591241,0.51138294,0.34840238,0.2998552,0.64310956,-0.73497468,-0.23298348,0.082216792,-0.003146018,0.22676151,0.4285062,0.16484864,-0.096011385,-1.2050616,-1.6500448,-0.75427127,0.30196327,0.4861466,0.1787934,-0.44298577,-0.17305744,0.12895167,1.2967484,-0.039392874,0.009958199,-0.35918188,-0.15604711,1.1073712,0.092372678,0.25750026,1.2428963,-0.07448183,-2.4151323,-0.073719867,0.36941218,0.048766725,-0.1653664,-0.7574234,0.14830215,-1.4318241,0.26005548,-1.2846206,0.38051876,0.035019789,-0.85953093,0.063731745,0.25088876,0.45457068,-0.25733009,-0.40586674,-2.5283699,0.37767738,-0.53595459,-0.029101752,-0.13177052,0.30024335,0.50414288,0.16661574,-0.22264448,0.74403036,-1.519173,-0.94796026,-0.55920452,0.28127414,-0.42876515,0.14559469,0.27280295,0.36435318,0.014190983,0.54455674,0.35778609,0.91255724,-0.93759573,-0.28212634,0.52628732,-0.07732521,0.2315881,-0.10695391,-0.24834132,-1.1764766,-0.43342158,0.1360458,-0.52188975,0.45338276,1.1656405,0.36387625,-0.49385074,0.091805026,-0.28629586,0.6170243,0.5664475,-0.42449045,0.049900331,1.3685352,0.06505806,0.16586995,-1.0892304,-0.23160215,-1.908839,1.0236608,-1.4633049,-0.22074038,-0.20900071,-1.5387937,-0.091898605,0.12215021,0.27590144,0.69946468,0.6026004,0.43560299,-1.7460544,0.85106146,0.028513405,1.1295727,-0.032421838,-1.1070172,-0.06999667,-0.76455963,0.5730055,0.26343256,-0.86419451,0.45233691,-1.7525213,-1.6345673,-1.3540246,-0.40368301,0.28346002,0.51376909,0.22656178,-0.89053565,0.74591911,-1.2266191,-0.1782414,0.34285253,-1.1145219,-0.058073282,-0.002862704,0.45017743,0.23947509,0.40432721,-0.0286403,0.53674847,0.045399796,0.59581983,-0.050061468,-0.18091226,-0.6672262,0.40411934,1.0875331,-0.64123774,0.5942235,0.50144696,0.52085757,-0.74287122,0.8483839,0.5579896,-0.99668515,-0.54045928,0.097695209,0.11474639,0.25200418,0.78590882,-0.38869226,-0.46077773,-0.45604247,0.014372183,0.60172552,-0.14234707,-0.030765012,-0.35572135,0.20179261,1.127205,-1.0730162,0.17161068,0.26513055,-0.55115438,-0.11046758,-0.27157649,-1.4011713,-1.9215719,-0.2896148,0.58772272,0.1534505,-0.30703649,0.77498937,0.23878795,0.51563209,0.26310879,-0.22950706,-0.41741362,0.21095568,0.00448475,-0.18454894,-0.51273477,0.22550999,0.15903029,1.23877,-1.5558432,-0.087853655,1.567452,1.6258482,0.51971328,-1.29767,-0.32039014,-0.37969872,-0.17609572,0.16502637,0.2929247,0.75533462,0.82743412,0.31466594,0.18287978,0.19447666,0.79454517,0.68136889,0.95068836,-0.87158841,0.27487087,0.20553814,0.1885359,-0.33611575,-0.076148771,-1.7306526,0.28366736,0.072677106,-0.41332036,-0.18403986,0.30645365,0.13708644,-0.65694386,0.21726708,-0.20938784,0.014114458,-0.13368541,0.58772463,1.1102548,0.21583034,-0.004379841,0.62331563,0.05675821,0.065793782,-1.041953,0.29997313,-0.62169766,0.22354445,0.85610855,-0.860264,-0.3679553,0.44378892,0.45674032,-0.60505164,-0.96586919,0.69157076,-0.48657602,0.045807481,-1.4916836,0.22016373,-0.16714336,-0.46147776,-0.52314544,0.93035477,0.46837881,-1.8766727,-1.294291,-0.34264377,0.022542292,0.26425114,0.003688183,0.049078945,0.49479684,0.19082522,-0.18689159,0.36733127,0.37324938,0.39437523,-0.087150596,-0.26406303,0.17366819,-1.4533184,0.1167049,0.45065069,0.014058616,0.21647194,0.59237939,0.97243214,-0.42217389,-0.78885943,-0.39144284,0.13702756,-1.8561554,0.39405248,0.30900365,0.39511666,-0.78394687,-1.2198697,0.24583787,-0.53137332,0.092615202,0.084639005,-0.03605935,0.41257131,0.13875525,0.32631147,0.36283869,0.049815893,-0.10713727,-0.32689324,-2.1423776,-0.74811286,-1.017215,-0.024386929,-0.83276165,0.37121689,-0.19779247,-0.3217079,0.08646936,0
0.50029385,0.21966466,0.21304604,0.55111808,0.47991055,0.56365585,0.53488725,0.44473392,0.48617357,0.52025628,0.47374344,0.53467804,0.46383139,0.48571205,0.54428977,0.54827994,0.5076263,0.56502712,0.50267649,0.48568732,0.4615275,0.49807286,0.48697111,0.50245488,0.4861691,0.52273929,0.51993752,0.5304755,0.49571264,0.48270565,0.50604159,0.48906818,0.42995578,0.43442622,0.49347264,0.50418645,0.4424898,0.47760648,0.48286235,0.49355751,-0.66194808,0.20640612,0.17771453,0.22528741,1.1718054,1.5794901,1.1222349,0.51733023,0.62664998,1.4404994,1.2641312,1.0123287,0.3333438,-0.11040095,-0.12337174,-0.25986204,0.54708946,0.28881422,0.3704842,0.25886938,-0.42798352,0.002119589,-0.40598515,0.20002823,-0.50296199,0.015957478,-0.10253304,0.50910842,0.11542559,1.2528955,-0.11474606,0.17401208,-0.88419867,-0.12754339,-0.020326979,0.67647791,-0.76588458,0.5444833,0.40426168,-0.71439397,-0.090886332,-0.92170155,-0.46393785,0.24628267,0.69843698,0.51592767,0.021869484,-1.3480099,0.63315058,0.17575818,-0.76645488,0.52309293,0.036668688,-0.11554202,0.49776667,-0.019230694,0.38326466,-0.36196944,0.035803642,0.50637746,-0.42443869,-0.87722421,-0.012423456,0.39659137,-0.24052823,0.109222,-0.04272902,-0.096590951,-0.21298543,-0.24758905,0.26428291,0.6698488,-0.097079329,-0.36205965,-0.3872171,0.062099963,0.28933525,-0.7808072,0.41421831,-0.98821259,-0.29390544,-1.4396577,-0.78996581,-0.054584853,-0.48655793,0.27639732,-0.20651357,0.01448635,-0.002577603,-0.11490083,-0.58183944,-0.29418427,-0.02621378,-0.85384917,-0.17135647,-0.12169731,0.16253549,0.11222409,-0.33468643,-1.4031059,0.34746844,0.38308161,0.6925174,-0.049043551,0.48582423,0.23795758,0.050821237,-0.3917433,-0.23508254,0.17449173,-0.18745317,-0.046320409,0.33246922,-0.078459948,-0.59511244,-0.029157404,-0.56156027,-0.38884118,0.21926123,-0.32955748,0.093108341,-0.56263697,0.56808794,0.48883691,0.11869074,-0.16041443,-1.4547921,0.56539583,-0.089152992,-0.30732322,-0.089455038,-0.48371518,0.021271795,-0.079381943,-0.4944475,0.80805886,-0.64972359,0.11288925,0.34710392,-1.3209902,-0.033971183,0.20922095,-0.12754208,-0.47332227,-0.71915108,0.39350969,0.18916009,0.29680032,0.36202255,-0.59978586,-0.28451842,0.11359917,0.016414555,0.17013417,0.2223776,0.17602783,-0.11984925,-0.94932866,-1.2400879,-0.56126076,0.31192967,0.56576401,0.082466483,-0.35481399,-0.22701693,0.0701226,1.0344106,-0.10861179,0.045406785,-0.29770684,-0.22245224,0.85684109,0.13069546,0.2533561,0.4069804,-0.076300293,-1.419476,-0.093587324,0.36512157,0.030836292,-0.090169862,-0.64635903,0.10060776,-1.2309766,0.2117793,-1.000206,0.40871048,0.08354567,-0.6990279,0.11094204,0.22144106,0.43214566,-0.13441767,-0.42045152,-2.1442251,0.27141547,-0.36710531,-0.038415026,-0.1084807,-0.000205398,0.43399823,0.21361643,-0.24623603,0.52813131,-1.2784122,-0.66486955,-0.35508484,0.32549703,-0.24785481,0.16989839,0.19744833,0.38245904,-0.00881106,0.44632632,0.37545943,0.6874246,-0.62582183,-0.2119385,0.6129775,-0.04573812,0.19448479,-0.022508088,-0.21970795,-0.93763947,-0.37270668,0.10545633,-0.17590247,0.50317836,0.96873653,0.26891604,-0.33946282,0.17711431,-0.20345977,0.40255544,0.40891752,-0.28016993,0.131758,1.2561909,0.17918301,0.075277641,-0.79420787,-0.16886167,-1.6424154,0.91141987,-1.0309091,-0.28743783,-0.047084823,-1.3046908,-0.07794854,0.078883916,-0.031789199,0.6588456,0.29884082,0.12600696,-1.4098129,0.65714341,0.065660775,0.80302626,0.027282683,-0.8691411,-0.070626698,-0.64104116,0.46367052,0.047438473,-0.78691977,0.21128167,-1.4281349,-1.3737763,-1.0355201,-0.26639712,0.12275925,0.37401432,0.24660234,-0.69675946,0.57313967,-1.0524161,-0.15679352,0.23105973,-1.0020703,-0.045890242,0.050985627,0.43370873,-0.13807617,0.24538466,-0.021556638,0.27711764,0.10750112,0.57576889,-0.050317526,-0.042799558,-0.52036893,0.3525252,0.88730532,-0.38770565,0.52292299,0.44471404,0.46139729,-0.51004636,0.52337706,0.42257035,-0.76125592,-0.47589996,0.17238364,0.16370302,0.2560637,0.60900354,-0.26916242,-0.41045803,-0.3829903,0.023152627,0.4278419,-0.14841422,0.036496345,-0.2716825,0.092714533,0.92759174,-0.83888453,0.12850738,0.35902923,-0.4241257,-0.067329064,-0.15609211,-1.1609545,-1.5093324,-0.072593696,0.5515815,0.003490478,-0.30227792,0.64221424,-0.056256726,0.39869064,0.21932144,-0.13914625,-0.46835527,0.15497603,0.10299256,-0.11850928,-0.60682046,0.17558384,0.11006501,0.99614835,-1.2836673,-0.062791899,1.2346795,1.2390915,0.12606129,-0.95239317,-0.31682679,-0.3552295,-0.094976999,0.028465699,0.42684343,0.60104555,0.53977752,0.3338497,0.0843665,0.23495086,0.62642753,0.58983898,0.75629717,-0.73447698,0.25727674,0.17741832,0.15718351,-0.24983737,-0.2503289,-1.2895329,0.25161391,0.06722758,-0.30626234,0.003842637,0.42940772,0.19796009,-0.65470749,0.27774885,-0.23525995,0.044003658,-0.17452165,0.64593059,0.78086388,0.24464017,0.025280643,0.47563002,-0.19727689,0.007197368,-0.83729666,0.26108322,-0.50647342,0.017363638,0.54509866,-0.7281372,-0.37060565,0.27275151,0.36934423,-0.45797104,-0.91427827,0.46788055,-0.62171793,-0.058183454,-1.0001721,0.22340202,-0.11384912,-0.50786382,-0.3097603,0.74406224,0.42313802,-1.5273941,-0.71524453,-0.30399591,0.077336699,0.17414166,-0.073148489,-0.032037877,0.44212189,0.15823352,-0.10453901,0.21662602,0.25429651,0.27758735,0.04233487,-0.13053674,0.21713495,-1.2341259,0.014413236,0.37519497,0.072580591,0.21071187,0.5631336,0.57801712,-0.286174,-0.62991583,-0.32093275,-0.024609923,-1.4693005,0.29179257,0.30283937,0.38726297,-0.51310974,-1.0434957,0.19456048,-0.45168874,0.057943687,-0.022872075,-0.022880621,0.48349544,0.087520167,0.27510548,0.42650765,0.000647716,-0.17325297,-0.30774724,-1.7580065,-0.56408602,-0.73681182,-0.10040152,-0.71591443,0.18143518,-0.15327711,-0.21834606,0.11194862,0
0.68306309,0.39874437,0.36016181,0.77062422,0.67601752,0.78256691,0.72553647,0.68753088,0.70751023,0.73742986,0.7608012,0.68128335,0.72211558,0.68010867,0.74959779,0.74805033,0.73570108,0.79298198,0.722422,0.74633962,0.70605981,0.71893942,0.71891141,0.76354301,0.69821835,0.75493246,0.75205016,0.7482487,0.72928679,0.70707989,0.70351052,0.70022321,0.71518028,0.72052068,0.70569563,0.70860583,0.71300662,0.74253917,0.68166518,0.69735873,-0.80063337,0.32600072,0.31061012,0.33042657,1.2729415,1.6690738,1.2818626,0.64721107,0.78598988,1.5670561,1.3856012,1.133533,0.32452205,-0.15642077,-0.2053704,-0.21279424,0.63359749,0.3235493,0.46253216,0.29359245,-0.72215647,-0.002929206,-0.43426612,0.40134862,-0.64168757,-0.1730606,-0.25782669,0.4457444,0.35313904,1.313128,-0.19718787,0.21045518,-1.0048513,-0.1125223,0.046324894,0.69368255,-0.91223198,0.57276654,0.4695487,-0.72359586,-0.10584065,-1.0167426,-0.40174842,0.20684701,0.74839205,0.63079071,0.062598959,-1.4655694,0.53402179,0.17476071,-0.92056459,0.61522382,0.094090566,-0.083416477,0.41406953,-0.1003839,0.14683627,-0.44958147,0.005385757,0.51440227,-0.51967597,-1.0164325,0.10648183,0.4801169,-0.35795212,0.065604165,0.077637188,-0.13605769,-0.004353747,-0.28312463,0.40111417,0.91776806,-0.17282435,-0.82789934,-0.45410419,0.4424673,0.39723417,-0.88473552,0.39353105,-1.0952891,-0.3483943,-1.6001641,-0.9699356,0.017235732,-0.38062146,0.21227312,-0.46249247,0.090692468,-0.072896257,-0.16164531,-0.79771262,-0.23356429,0.049521446,-1.0528356,-0.089233376,-0.19896099,0.17441164,0.27497324,-0.448264,-1.5310259,0.45769274,0.44805765,0.70094943,-0.11090784,0.60036665,0.29449552,0.007616438,-0.40772316,-0.25933713,0.28786206,-0.21104431,-0.24458972,0.32611981,-0.075418591,-0.67402691,-0.049039327,-0.52937061,-0.59177232,0.28488216,-0.26592442,0.049989268,-0.56565219,0.61121958,0.59160137,0.044925537,0.072901003,-1.5506504,0.36583492,-0.25858456,-0.12563172,-0.11610252,-0.55454755,-0.077691741,-0.12837191,-0.58867812,0.81095779,-0.7289952,0.10298329,0.46518475,-1.415186,-0.17410523,0.34055555,-0.068387821,-0.54972506,-0.86119264,0.43457624,0.29272667,0.55703288,0.83783364,-0.68240714,-0.21961865,0.066684753,0.083724968,0.15541333,0.23468451,0.14933297,-0.026070677,-1.1353436,-1.3265214,-0.60758924,0.28278759,0.21848163,0.32266694,-0.39811584,-0.28346804,0.16469195,1.3916399,-0.077780955,0.01845802,-0.40304309,-0.29579931,0.91059011,0.14881574,0.27576575,0.57190704,-0.02446335,-1.8608233,-0.12014954,0.51671726,-0.04129884,-0.097547069,-0.74131453,0.18267182,-1.3976585,0.27484554,-1.2917544,0.73801935,0.058021381,-0.74090177,0.028243499,0.10603619,0.64939743,-0.21254952,-0.26072395,-2.4981241,0.28257504,-0.35894638,-0.009584449,-0.25477183,0.14959469,0.55608666,0.52604526,-0.231865,0.46082076,-1.4047184,-0.74413252,-0.35816973,0.33966097,-0.45742866,0.024510257,0.27976778,0.47671518,0.002550602,0.4783504,0.3746357,0.7532053,-0.78126985,-0.26587072,0.70930624,0.049140498,0.23648067,-0.088719375,-0.28256214,-0.9938277,-0.43977395,0.077488586,-0.31524432,0.50449818,1.127517,0.38060099,-0.40765709,0.11798166,-0.34091353,0.46647382,0.53802806,-0.40724018,0.18323283,1.2268634,0.085573733,0.21030763,-0.91277897,-0.16057339,-1.8901421,1.0555707,-1.2013171,-0.34537014,-0.26535529,-1.5054405,-0.17855716,0.14317951,0.073262922,0.64630681,0.26365876,0.009494692,-1.6798799,0.8674053,0.2533828,0.99694723,0.089159228,-0.93287176,-0.093303874,-0.79377145,0.51984358,0.29750946,-0.80536711,0.33106509,-1.6424665,-1.764245,-1.2544904,-0.2559509,0.32169583,0.43375897,0.25022474,-0.83844209,0.64369512,-1.2938746,-0.046644688,0.29051203,-1.1335636,0.093874916,0.068904117,0.52455699,-0.13044283,0.39394447,0.037972983,0.34121069,-0.036253612,0.88636899,0.007474143,-0.019979037,-0.75022095,0.37467748,0.91224164,-0.52101165,0.55788004,0.43482044,0.54016966,-0.5478102,0.68753141,0.21570721,-0.94869512,-0.47752512,0.22252828,0.15567666,0.25091422,0.7168287,-0.34279424,-0.55400974,-0.44411114,0.060972854,0.43716633,-0.16858068,0.050148673,-0.3106252,0.088419922,1.144953,-1.0748545,0.13479874,0.22884476,-0.59896153,-0.071349509,-0.1548177,-1.3258173,-1.7222385,-0.11375344,0.51693726,0.12642965,-0.34932199,0.82015449,0.14735606,0.42473146,0.23000054,-0.26002789,-0.38444462,0.19006096,0.020930141,-0.095836267,-0.48385048,0.19879958,0.16016348,1.157567,-1.4980394,-0.022983138,1.3067138,1.4528353,0.27740762,-1.1124467,-0.28898406,-0.45816416,-0.025646046,0.09816429,0.42342144,0.64190459,0.41727352,0.33109489,0.16088791,0.20093648,0.63633627,0.62212121,0.74884057,-0.82741284,0.37290263,0.31124121,0.16902561,-0.31480885,-0.1558708,-1.4615107,0.27623978,0.053972539,-0.32290313,-0.050916202,0.43072656,0.17738658,-0.69994104,0.34788603,-0.22239143,0.1338957,-0.18994562,0.62944251,1.0203409,0.38987005,0.050498422,0.53814745,-0.2753149,-0.13529976,-0.9893775,0.29561645,-0.51865125,-0.14553082,0.43389395,-0.83654636,-0.4574928,0.27255952,0.4375324,-0.55773169,-1.1304591,0.61524898,-0.51992035,-0.061724164,-1.3216572,0.27201146,-0.058353685,-0.47631589,-0.42532277,0.92995936,0.52931756,-1.7513021,-1.0235214,-0.34143901,0.009565976,0.19804272,-0.034644645,-0.083034642,0.54416537,0.19700877,-0.16743782,0.22673963,0.28875881,0.442884,-0.12238503,0.097881369,0.024880201,-1.392046,0.11586726,0.45690179,0.023504589,0.19763301,0.67573577,0.77881026,-0.34847197,-0.81519544,-0.33507004,-0.029993795,-1.7058887,0.25300124,0.095370144,0.29734617,-0.59635335,-1.1364673,0.20084384,-0.56391871,0.12028554,-0.028186776,-0.038970917,0.69488192,0.006436631,0.2985796,0.61262429,-0.005756768,-0.2674554,-0.3290025,-2.0616395,-0.70944262,-0.90700644,0.084383249,-0.85017443,0.275242,-0.033698708,-0.26235923,0.023260569,0
0.59921372,0.32540563,0.29219109,0.69717324,0.63840258,0.68453526,0.70383024,0.63305372,0.70981246,0.68238354,0.67466199,0.66437888,0.66331917,0.6324991,0.71081024,0.68298602,0.67669189,0.73878545,0.65005231,0.60775363,0.66987157,0.66043246,0.62570864,0.7035886,0.63420957,0.6909889,0.67711443,0.68649125,0.68314147,0.67950469,0.64810991,0.62793303,0.60916221,0.61643094,0.64403081,0.64323843,0.64607453,0.65427178,0.64472294,0.67661631,-0.7250945,0.27560261,0.30661577,0.3234309,1.2974601,1.6721452,1.2444398,0.65146708,0.76055098,1.5977384,1.4012663,1.1503452,0.35678571,-0.15572736,-0.27402174,-0.26121125,0.61328691,0.3423152,0.37751293,0.28747433,-0.58773816,0.026222782,-0.49571672,0.28643268,-0.73842007,-0.14938059,-0.20415473,0.45542634,0.20807427,1.2112737,-0.11477935,0.18909536,-1.0127432,-0.11041343,-0.081685886,0.86572063,-0.9142369,0.58872002,0.14933249,-0.74199831,-0.10838634,-0.97467619,-0.49363375,0.14000633,0.83720243,0.50097632,0.008302218,-1.4766537,0.52298611,0.14396113,-0.92761081,0.54007971,0.042660791,-0.02416826,0.66115075,0.32745185,0.38973168,-0.32928655,-0.003780335,0.5367952,-0.60449237,-0.93949556,0.032783307,0.44996023,-0.28614011,0.15641339,0.11924076,-0.14184776,-0.19131386,-0.28424543,0.4007791,0.61469984,-0.097902536,-0.35249323,-0.38643229,0.01551652,0.30998877,-0.86542732,0.29311678,-1.0300403,-0.26426917,-1.6000929,-0.84610736,-0.029107694,-0.40807354,0.38174051,-0.34734929,0.094923899,-0.000100479,-0.039131619,-0.73734695,-0.47378188,-0.2946862,-0.93845856,-0.15842018,-0.091220602,0.12896129,0.002572298,-0.37717429,-1.38354,0.051937878,0.43580452,0.68883801,-0.091628224,0.46082753,0.21515861,0.051864233,-0.51646149,-0.22038162,0.24956641,-0.36312291,-0.021365523,0.36713681,-0.20144039,-0.62485325,-0.084418908,-0.5712868,-0.49072498,0.18439308,-0.24823974,0.047067914,-0.67077529,0.7193355,0.61235923,0.12567398,-0.11099224,-1.6020656,0.35502949,-0.042245615,-0.14968078,-0.036396883,-0.53939468,0.037070729,-0.09241794,-0.59428418,0.81388056,-0.42431828,0.12709662,0.37700564,-1.3976029,-0.14386666,0.28399947,-0.18330121,-0.42507195,-0.77279985,0.43434072,0.13032386,0.680035,0.72875285,-0.66947019,-0.1605266,0.16753998,0.10023618,0.2191578,0.22606882,0.22756782,-0.095236324,-1.0643938,-1.4126452,-0.62763727,0.17987525,0.23174176,0.31416747,-0.3695271,-0.033155948,0.18838373,1.1990693,-0.11261743,0.026643172,-0.27109548,-0.20070267,0.8657006,0.12900253,0.174521,0.48955882,-0.052411184,-1.857332,-0.10554127,0.26399177,0.020650666,-0.17449796,-0.67652375,0.076233797,-1.3683341,0.19069763,-1.091265,0.37912595,0.095401734,-0.73864168,0.033527497,0.095375493,0.38791478,0.12548612,-0.62101811,-2.3911655,0.27760908,-0.5409798,0.13695307,-0.016753748,0.1654619,0.47796643,0.57956314,-0.15160348,0.47683609,-1.3283505,-0.70664054,-0.4189592,0.45062706,-0.31815451,0.15769391,0.19256957,0.37752855,0.007141465,0.51216841,0.40671387,0.71553171,-0.7244249,-0.23475631,0.61400735,-0.073704533,0.18270351,-0.035478596,-0.21262304,-0.97612417,-0.44717225,0.098518364,-0.45308191,0.47480386,0.92305338,0.38642803,-0.38470235,0.13179451,-0.2842178,0.48267347,0.52866685,-0.36057195,0.099691972,1.2965152,0.091663495,0.067906909,-0.82757795,-0.078112766,-1.8576484,0.9139564,-1.1729732,-0.35198128,-0.1254013,-1.3018858,-0.15809357,0.043932527,0.11169865,0.60255313,0.4882279,0.062208235,-1.5174776,0.63958824,0.21136646,0.93610579,0.010309067,-0.94440055,-0.090218037,-0.73956454,0.52180886,0.075319394,-0.79118794,0.24235812,-1.6086992,-1.5819744,-1.1415675,-0.28046471,0.18498129,0.25468898,0.27189901,-0.78835714,0.60881746,-1.2064047,-0.047837481,0.12510745,-1.0583911,-0.088815853,0.18185246,0.40147758,0.12522453,0.36705759,0.00437795,0.35626262,0.2637701,0.58154112,0.049760669,-0.092535108,-0.73602903,0.4031398,0.93906647,-0.45040837,0.50314033,0.40073082,0.43161035,-0.59512877,0.67113304,0.18037836,-0.86840016,-0.4415651,0.1420414,-0.035219669,0.28702354,0.55806053,-0.30238181,-0.49331245,-0.44467679,0.050956093,0.44774976,-0.33832461,0.090236224,-0.30750889,0.068037473,1.0374362,-1.0169488,0.17034334,0.28138584,-0.53734279,-0.063514732,-0.10404724,-1.2278465,-1.7335086,-0.20509614,0.56774491,0.14275315,-0.29607731,0.78980285,0.12559538,0.36410072,0.21174683,-0.25444496,-0.38096297,0.19844997,0.089231953,-0.11441468,-0.79426855,0.21418822,0.23909119,1.0336671,-1.4918163,-0.093305416,1.1889113,1.4353057,0.34092432,-1.0952458,-0.28855574,-0.35361946,-0.093767136,0.063535996,0.22485444,0.56154048,0.34654456,0.38576728,0.16230001,0.2480821,0.64837426,0.64413959,0.80467784,-0.76091492,0.33529699,0.13195558,0.19157161,-0.24650064,-0.1246512,-1.4767903,0.32407457,0.093420334,-0.37270206,-0.25881395,0.37848577,0.15130085,-0.67043388,0.2003077,-0.14389196,-0.02628123,-0.12466514,0.53386587,1.0147947,0.30937779,0.018187206,0.48599052,0.12615654,0.09062916,-0.88821238,0.26652008,-0.57590473,-0.11972284,0.48148611,-0.87614143,-0.26720202,0.31983113,0.33013761,-0.5184052,-1.0725625,0.53903461,-0.52519196,0.074908897,-1.2928131,0.25496656,-0.21018402,-0.43633172,-0.49318239,0.81212789,0.46853325,-1.7820563,-0.82543874,-0.30809408,-0.059328482,0.13580602,-0.038892586,0.020273866,0.37609357,0.20125405,-0.16056581,0.31130552,0.31511086,0.3286007,-0.19232622,-0.12868607,0.15228754,-1.2369152,0.24486059,0.31545901,0.029142007,0.30902398,0.52866226,0.8476516,-0.27962887,-0.71940398,-0.36774859,0.095193699,-1.6545523,0.37146953,0.24493018,0.39569396,-0.61195517,-1.2708744,0.23943746,-0.50525439,0.13414045,0.1037977,-0.060556211,0.38713688,-0.12636311,0.29310459,0.33534253,0.021997413,-0.24246895,-0.23382457,-1.9973147,-0.60121936,-0.81048286,-0.12378128,-0.79118896,0.27882406,-0.13403425,-0.22378859,0.028167862,0
0.56638211,0.28189451,0.25998351,0.56429428,0.52317584,0.57200265,0.5514735,0.55686575,0.55212486,0.55988991,0.54423511,0.57080197,0.55549693,0.53611505,0.56127697,0.5553391,0.55770528,0.58049405,0.56297004,0.49241841,0.53615856,0.56021947,0.53333962,0.55624759,0.56538558,0.54322898,0.56469989,0.54462945,0.56477535,0.54838449,0.5477553,0.554492,0.54771888,0.51963937,0.55121499,0.53861308,0.53268301,0.54388785,0.52183473,0.5401237,-0.90247595,0.23745783,0.33449411,0.32776448,1.2597407,1.6494184,1.2755597,0.65142608,0.79346335,1.5799145,1.3738105,1.1429794,0.31584278,-0.22768071,-0.16786303,-0.34723419,0.56352872,0.30077356,0.44701976,0.26467952,-0.72601986,0.018215694,-0.46269858,0.33897015,-0.76373136,-0.12512709,-0.12884721,0.60703009,0.37035635,1.575117,-0.24706572,0.2174564,-1.1066343,-0.25476903,0.058110759,0.75593036,-0.98082685,0.54713482,0.4790225,-0.9000771,-0.15911542,-1.164698,-0.56979418,0.38525754,0.72799134,0.77108425,-0.028352458,-1.6626983,0.70048547,0.14600749,-0.95355499,0.38099211,0.071892887,0.032930747,0.63766247,-0.073632881,0.31426239,-0.54437935,0.021149334,0.515993,-0.53726971,-1.1255248,0.088498406,0.50962561,-0.23936531,0.16175941,0.009366514,-0.2068252,-0.010626659,-0.35280907,0.48432386,1.0250728,-0.18700309,-0.53859365,-0.51276445,0.25392461,0.55684602,-0.95156401,0.37275079,-1.0270982,-0.42346284,-1.7962167,-1.0654376,0.035190552,-0.38748482,0.22424382,-0.48112094,0.12220488,-0.11401202,-0.23077235,-0.71923941,-0.24571332,0.050079361,-1.0646344,-0.12764537,-0.21370332,0.27290967,0.30442882,-0.588633,-1.6332821,0.7046479,0.45425174,0.75509,-0.079820767,0.6971426,0.26407179,0.039983638,-0.12691391,-0.24492829,0.19873546,-0.32096681,-0.19246963,0.29086572,-0.23244904,-0.78961074,-0.10545532,-0.62803268,-0.68790507,0.36324775,-0.28167155,-0.012059161,-0.56225294,0.72770303,0.61968482,0.013494886,0.059354816,-1.8529905,0.77011591,-0.074141525,-0.15003017,-0.000995629,-0.54909021,-0.092113324,-0.091257721,-0.65781724,0.96471179,-0.82722855,0.12628636,0.46641755,-1.7079922,-0.08182013,0.40439954,0.014239602,-0.6968329,-0.95427537,0.51154077,0.40488309,0.41013366,0.86491764,-0.66671121,-0.21417789,0.0442142,0.11402109,0.23037092,0.45968649,0.19076639,-0.044044927,-1.1865313,-1.4626027,-0.65117788,0.32184029,0.61319411,0.32075649,-0.41317278,-0.27699748,0.19581769,1.5391302,0.052428346,0.042242795,-0.44911933,-0.31724572,1.1205386,0.029650442,0.24352628,1.4661855,-0.074650288,-2.4539995,-0.082964107,0.54230469,-0.025613297,-0.22771084,-0.78846765,0.22431862,-1.5209351,0.26090544,-1.3802693,0.70482111,-0.011098906,-0.78487653,-0.069557354,0.028397173,0.64875042,-0.29870802,-0.18181732,-2.6621203,0.31489709,-0.59070408,-0.093121305,-0.10535914,0.32532936,0.56779212,0.15588194,-0.2385838,0.58110374,-1.6038533,-0.83970678,-0.2622993,0.33905366,-0.43339029,0.15420984,0.20722866,0.5167411,0.066347957,0.53030342,0.46225592,0.82395196,-1.0184133,-0.34706551,0.52641624,-0.011053358,0.33435258,-0.091727771,-0.26284492,-1.1742661,-0.49906078,0.086950503,-0.41394082,0.59964931,1.1997598,0.38098973,-0.44203854,0.20176481,-0.40578547,0.51685417,0.58814979,-0.25090307,0.12596749,1.5105609,0.15588164,0.087810099,-1.0172893,-0.15994579,-1.9546679,1.0838237,-1.4124204,-0.32935774,-0.25311401,-1.4712627,-0.026841082,0.232641,0.044951491,0.36818776,0.47453648,0.47417855,-1.8407335,0.88735765,0.053360984,1.0664264,0.066022597,-0.97209144,-0.16366239,-0.85050881,0.55245197,0.39332366,-0.87972838,0.40500075,-1.7448539,-1.8674415,-1.5079522,-0.37887469,0.52742976,0.19817793,0.18424642,-0.87169969,0.60912275,-1.4358844,-0.13510132,0.41794819,-1.158221,0.1382063,-0.011993164,0.5982973,-0.04822677,0.39143631,0.071501434,0.43216681,0.11631037,0.89970052,-0.017285477,-0.067292087,-0.67943728,0.34158874,1.0726961,-0.59563774,0.66175598,0.49255905,0.71069723,-0.59835547,0.71776825,0.48918679,-1.0908471,-0.57621765,0.074019693,0.24924493,0.30080652,0.80836535,-0.41013339,-0.49187028,-0.50887889,0.044947192,0.7251488,-0.33305737,0.19998796,-0.23180594,0.13907339,1.1420245,-1.1849438,0.1367715,0.2624366,-0.66592985,-0.13162377,-0.221756,-1.4575859,-1.9719546,-0.068269491,0.60851908,0.14930011,-0.31236196,0.79968083,0.21023032,0.51575965,0.20223874,-0.26144886,-0.44081554,0.17436107,0.009911306,-0.041450217,-0.3654269,0.154295,0.074794158,1.2289916,-1.6130919,-0.11220794,1.6637487,1.4167067,0.33945942,-1.2869859,-0.22606295,-0.44655779,-0.082083762,0.045368835,0.5178144,0.85352945,1.0085956,0.38754031,0.22308166,0.15576045,0.6519655,0.74570328,0.85900629,-0.82703304,0.35867873,0.40633953,0.22458142,-0.36691144,-0.16710779,-1.615963,0.24127972,0.074913085,-0.50251853,-0.15958403,0.48964062,0.11078262,-0.76102883,0.29914117,-0.27215189,-0.051691048,-0.18776828,0.53722203,1.0140581,0.30497944,0.028201867,0.61325669,-0.18636233,-0.098872691,-1.1553875,0.3420496,-0.58843786,0.21328548,0.73868024,-0.90730369,-0.44840461,0.3205674,0.54335177,-0.62350965,-1.1451224,0.60807502,-0.55238074,-0.063886873,-1.4837919,0.34347451,-0.14169011,-0.59241772,-0.49617562,1.0279856,0.61272639,-1.928947,-1.2749532,-0.31587842,0.032656491,0.29195908,0.049997851,0.02930293,0.55641049,0.13994116,-0.14879705,0.24697043,0.34872919,0.47446913,-0.044486746,0.18745756,0.11833924,-1.4498522,0.1371004,0.49919602,-0.008785863,0.14593671,0.70521194,0.87009794,-0.36310497,-0.91458631,-0.39760262,-0.001385391,-1.9961168,0.19262728,0.34560171,0.40088069,-0.66698617,-1.3588473,0.25103125,-0.70407236,0.059295833,0.1069595,-0.020045891,0.72670299,0.11918187,0.28851944,0.58927512,-0.024137501,-0.16487586,-0.42181623,-2.2309318,-0.81475872,-0.92476696,0.21385294,-0.91126889,0.37572742,-0.099759512,-0.33763546,-0.000182083,0
0.52544385,0.24804559,0.24027924,0.52732462,0.50420254,0.53211641,0.51057726,0.48882839,0.4982492,0.50972605,0.50064737,0.50633979,0.47560561,0.49706906,0.52043432,0.51053983,0.50364351,0.53438741,0.51097363,0.47246778,0.5024271,0.5024426,0.49696589,0.49308306,0.51319581,0.49159655,0.51452833,0.50422204,0.50725329,0.49845707,0.50465965,0.51611352,0.5014928,0.48835844,0.4966076,0.4516471,0.47476822,0.49215373,0.49748078,0.49895597,-0.83156914,0.22865099,0.30071306,0.33737329,1.2404183,1.6377289,1.210452,0.62498087,0.74823815,1.534152,1.3252475,1.1173295,0.297952,-0.18571101,-0.21241027,-0.3444356,0.56894624,0.29209006,0.37144354,0.27816153,-0.76856881,0.04017745,-0.47780493,0.25396577,-0.67553031,-0.1263247,-0.066645026,0.47889823,0.15764305,1.1842548,-0.13174635,0.25640392,-0.96686912,-0.17811674,0.003887617,0.68380892,-0.88541383,0.57946241,0.20958006,-0.68386883,-0.098428138,-1.007795,-0.40519118,0.22309427,0.73761576,0.57036215,0.014911113,-1.3488805,0.41777831,0.12076619,-0.89923,0.50802135,0.060028996,0.017973481,0.45379198,0.075085893,0.16306847,-0.33293337,0.18385896,0.49433574,-0.5076611,-0.91832715,0.11820242,0.43152738,-0.29664788,0.14778423,0.067445405,-0.12788084,-0.13756827,-0.27313191,0.39770746,0.64250934,-0.097809315,-0.40333968,-0.31908539,0.030142725,0.25591242,-0.76125556,0.34361643,-1.2019793,-0.32525197,-1.4818996,-0.7591207,-0.044208661,-0.43973121,0.25137746,-0.30528197,0.01636482,-0.032856531,-0.016613692,-0.69826221,-0.43333048,-0.2578854,-0.87534845,-0.16895767,-0.10729542,0.13888738,0.17038701,-0.33079526,-1.4176124,-0.010633349,0.39288604,0.67458826,-0.079636812,0.53914279,0.11391304,0.055632889,-0.67762899,-0.23706281,0.1456793,-0.51466334,-0.10327904,0.31791776,-0.20651299,-0.66167849,-0.017876621,-0.52710092,-0.48405966,0.20546874,-0.21677631,0.082983024,-0.64333743,0.63009536,0.37597844,0.081110753,0.045669314,-1.3845851,0.3900438,-0.023541491,-0.15452446,-0.067884699,-0.53014803,0.003220641,-0.051247209,-0.61236501,0.71216226,-0.6106838,0.14607175,0.23722495,-1.3747529,-0.011843473,0.22867894,-0.11370659,-0.46385744,-0.73529518,0.44281018,0.12947141,0.26487684,0.59240007,-0.65094769,-0.35644123,0.056721363,0.031690374,0.10322153,0.25974035,0.13141827,-0.16638298,-1.0297709,-1.3045917,-0.51350003,0.33442718,0.48720092,0.2682001,-0.37163442,-0.23974586,0.050120264,1.0979464,-0.16601786,0.040863849,-0.26770353,-0.25791031,0.77794486,0.1495522,0.23289661,0.31135046,-0.065949053,-1.7154765,-0.12414279,0.36854079,0.017039144,0.045993343,-0.68232346,0.1222973,-1.2985234,0.19863358,-1.0283003,0.35423625,0.028793667,-0.7290144,0.10252522,0.26243296,0.31098869,-0.11929607,-0.6574623,-2.2392392,0.23804373,-0.42752773,0.07472381,-0.11262672,0.028610766,0.40678081,0.11888479,-0.21708231,0.5668481,-1.3101894,-0.75750667,-0.41487229,0.33287486,-0.29224226,0.089196831,0.40370816,0.41798085,0.022600006,0.42571059,0.33605313,0.69771481,-0.66076213,-0.25937304,0.34056103,0.007663909,0.17786995,-0.035253964,-0.270028,-0.92405808,-0.40363953,0.12048522,-0.30640855,0.60897911,0.86457801,0.39450419,-0.42003718,0.087611794,-0.29927588,0.46214265,0.3398239,-0.075141907,0.16225821,1.3404974,0.15347323,0.11651272,-0.8559854,-0.13308206,-1.6834753,0.93631369,-1.1646086,-0.27079499,-0.18457706,-1.326117,-0.15777811,0.082207687,0.067369796,0.42220771,0.38234895,0.069309324,-1.4729888,0.6360895,-0.12420419,0.89086497,0.022881456,-0.91489255,-0.13771898,-0.66590893,0.47255456,0.34685382,-0.80746502,0.23270033,-1.4873779,-1.5177799,-1.0662534,-0.19166395,0.2908439,0.22617945,0.17716466,-0.68055874,0.62552005,-1.1365243,-0.10409581,0.2164835,-0.94445527,-0.019476281,0.028018652,0.38289535,0.0576258,0.2689752,-0.029415198,0.36220291,0.10427333,0.5798921,0.006808437,-0.10295694,-0.79521227,0.36613908,0.9497382,-0.38346481,0.45129019,0.43566346,0.53029299,-0.53560358,0.47463912,0.24732676,-0.75956368,-0.52063686,0.041944001,0.085715249,0.16728154,0.5652442,-0.28089729,-0.48611274,-0.45110348,0.098925836,0.46982899,-0.24053144,0.12251696,-0.25718069,0.24224482,0.89198244,-0.88029587,0.21545944,0.26323771,-0.4849782,-0.045779526,-0.14317223,-1.1954901,-1.6187284,-0.17720293,0.55689454,0.085005961,-0.28094551,0.73293489,0.10135885,0.50206542,0.23939587,-0.22943586,-0.40192339,0.22198267,0.053178638,-0.10905243,-0.72602516,0.17282088,0.15289348,1.1217991,-1.2929429,0.46605143,1.1836647,1.4123896,0.24217156,-1.0767577,-0.27951515,-0.38911361,-0.15702088,0.057040013,0.28984314,0.5917967,0.52601421,0.35107931,0.053626381,0.19816472,0.54264498,0.62181771,0.63962007,-0.73020983,0.35243061,0.16433808,0.22256264,-0.28852087,-0.19598898,-1.3712168,0.28222549,0.11443891,-0.24513364,-0.056468591,0.16731595,0.42637369,-0.71153414,0.23161727,-0.16537206,-0.017947435,-0.060882386,0.36574507,0.79320753,-0.26735812,-0.012602035,0.50438011,-0.12771541,-0.12424307,-0.86646098,0.18067753,-0.55012542,0.07244055,0.55439419,-0.87188292,-0.32208714,0.29797578,0.43006033,-0.43949884,-0.97735786,0.50679201,-0.55397534,-0.06719131,-1.2109115,0.27870232,-0.094113752,-0.44530639,-0.3825509,0.75458181,0.53894311,-1.6535615,-0.90249407,-0.33533806,0.015909784,0.19224139,-0.11306286,0.15470289,0.3842791,0.17469336,-0.13508198,0.31274617,0.30959421,0.35590827,-0.030724406,-0.31505877,0.1283896,-1.2040231,-0.005611513,0.30144703,0.021849433,0.18573697,0.58639818,0.67778695,-0.30378768,-0.47777927,-0.30423179,0.096856415,-1.4823856,0.3253372,0.28240815,0.38034433,-0.54646224,-1.0422976,0.19378152,-0.487111,0.068498805,-0.024507917,-0.096108057,0.28007185,0.18597755,0.31413049,0.31860483,0.057349544,-0.15638499,-0.24324059,-1.8753769,-0.58429033,-0.81290776,-0.17429307,-0.77246267,0.29856977,0.11885568,-0.25743401,0.085326768,0
0.59705794,0.32196775,0.30591846,0.60191584,0.569879,0.63135469,0.58733082,0.54825282,0.56014723,0.58390242,0.56702328,0.58207202,0.59238195,0.57056451,0.577842,0.60378575,0.59006298,0.64598238,0.57641566,0.57534707,0.56026483,0.58557546,0.55485439,0.58399242,0.57241583,0.5881753,0.572101,0.56146574,0.53125846,0.57254142,0.55155373,0.57190418,0.55838203,0.5395422,0.56298947,0.57647651,0.56241405,0.51855874,0.57266879,0.55137825,-0.88999444,0.29228714,0.43867856,0.41925016,1.3268819,1.7574127,1.3917505,0.76089698,0.89841348,1.6823517,1.4549901,1.2455311,0.40323818,-0.17138475,-0.4010835,-0.39446771,0.74413127,0.368541,0.38351592,0.25720185,-0.85718191,0.043137524,-0.5531826,0.37600732,-0.66579896,-0.10636406,-0.073955595,0.51584214,0.23437367,1.2510955,-0.12846179,0.23606302,-1.0670201,-0.21812004,0.045634549,1.0292597,-0.95596045,0.69292444,0.29658881,-0.80953705,-0.14899352,-1.0677855,-0.47872308,0.12212959,0.98999161,0.60876,0.032117475,-1.4966156,0.56935155,0.073520698,-1.0090147,0.56969237,0.031134296,0.099245705,0.58562803,0.022014193,0.45586991,-0.2784667,0.15314028,0.60218126,-0.58001691,-0.97815567,0.070513263,0.44263196,-0.24968342,0.079263836,0.12098939,-0.19091982,-0.082070924,-0.23493597,0.51014555,0.69949907,-0.12700972,-0.31544164,-0.35317913,-0.018565536,0.34443635,-0.94116771,0.3646917,-0.99678391,-0.35543734,-1.6151392,-0.92674595,-0.017881261,-0.47499031,0.26295742,-0.34941965,0.024667427,-0.048783869,-0.11437944,-0.78462714,-0.50644398,-0.20652978,-1.0176764,-0.086457163,-0.020888217,0.14615467,0.036312297,-0.3902415,-1.4766097,0.21746966,0.49952245,0.69419551,-0.201106,0.54277879,0.19538966,0.029096786,-0.55319595,-0.27170944,0.13826127,-0.54392231,-0.022340357,0.42043036,-0.11997935,-0.63187188,-0.006173855,-0.50967389,-0.41920221,0.19492532,-0.17755644,0.067007124,-0.72916651,0.72919434,0.60190153,0.18834236,0.071657866,-1.5340918,0.37343115,0.058611155,-0.13389997,-0.04934863,-0.50597262,0.055740848,-0.12678166,-0.64057714,0.83671379,-0.70826775,0.16122374,0.40215123,-1.6515118,0.026234478,0.2358,-0.16781572,-0.31922889,-0.82659644,0.35918206,0.15884185,0.24129833,0.72277379,-0.74135244,-0.39575404,0.061636589,-0.029414674,0.14220928,0.35489225,0.14620577,0.017601386,-1.1375482,-1.4763502,-0.59026474,0.32707298,0.46970427,0.27179211,-0.35387659,-0.4574641,0.094366156,1.0140307,-0.046787102,-0.015355106,-0.2825897,-0.24634512,0.90271163,0.14854187,0.27777353,0.48412371,-0.077791825,-1.9100528,-0.064623475,0.373779,0.061616562,-0.014221188,-0.66229725,0.022288419,-1.3654594,0.23919842,-1.1057055,0.33722848,0.055713475,-0.85666722,0.11635494,0.093274489,0.3685782,-0.13569146,-0.37375399,-2.4007406,0.23905981,-0.43355116,-0.03997248,-0.026413046,0.19765125,0.42868909,0.11705782,-0.25834137,0.40615731,-1.3031403,-0.50570703,-0.34443188,0.37888205,-0.35930717,0.076990575,0.43044215,0.38563094,-0.020739157,0.53304332,0.42905509,0.67683381,-0.74496192,-0.23124996,0.65040147,-0.063549876,0.14067569,0.10259061,-0.29833651,-1.1497592,-0.43163803,0.064570576,-0.25456101,0.66563725,0.93791199,0.43671727,-0.47425213,0.094505489,-0.34764895,0.66126257,0.47082457,-0.11752629,0.18135297,1.3032891,0.11698798,0.032116316,-0.87727296,-0.15093744,-1.8023282,0.93129528,-1.1975062,-0.21058644,-0.12932685,-1.4932476,-0.20312005,-0.035911188,0.055197276,0.68345207,0.30856442,0.17432186,-1.6582574,0.65027314,-0.084090352,0.99536693,-0.037809696,-1.0553426,-0.11759378,-0.83300877,0.52609932,0.19539726,-0.85436153,0.29936847,-1.5337937,-1.5933645,-1.2190138,-0.2891911,0.26997817,0.28913793,0.23599717,-0.86985564,0.7567234,-1.1367536,-0.10369117,0.13855392,-1.132275,0.056869391,0.019267784,0.3719157,0.058155827,0.33524984,-0.031435773,0.29811668,0.11646968,0.50707853,0.056710228,-0.12424041,-0.7315098,0.4761948,0.98958671,-0.54243034,0.55106407,0.49585479,0.41149911,-0.5989632,0.64374524,0.21795975,-0.82531649,-0.52826184,0.053460296,-0.012181193,0.17314366,0.76834232,-0.36532444,-0.46443117,-0.43986633,0.10112906,0.48288283,-0.24806282,0.06165994,-0.37491387,0.2283778,0.9686377,-0.8724196,0.27009046,0.20210122,-0.52924287,-0.098639786,-0.07511171,-1.2228419,-1.7643198,-0.18989494,0.6224193,0.067646995,-0.34172964,0.73719907,0.066791758,0.48140329,0.31329292,-0.21452488,-0.40231085,0.29289514,0.021430179,-0.098975286,-0.60943669,0.20764576,0.12192387,1.1908762,-1.5466603,0.41238666,1.2077943,1.5481012,0.19322449,-1.1543473,-0.48565269,-0.39865667,-0.19219692,0.080966033,0.22438461,0.6108278,0.50311875,0.43131775,0.095380031,0.26365286,0.66262227,0.52544069,0.81493735,-0.86220151,0.43002078,0.11295424,0.23362345,-0.29384971,-0.19228548,-1.407967,0.34966782,0.082819946,-0.3170341,-0.063599646,0.34767112,0.45338351,-0.65111458,0.15979686,-0.25977471,0.15197361,-0.042583719,0.57583994,1.0090191,0.24266581,0.003792272,0.45401597,-0.29100502,0.035271257,-0.98383081,0.22195458,-0.59538227,0.088565581,0.53153372,-0.83661342,-0.27067131,0.38833925,0.44671455,-0.47119737,-1.0086162,0.59383565,-0.46973842,-0.030729305,-1.3316931,0.2414882,-0.22533801,-0.50087124,-0.43254584,0.94485128,0.38702863,-1.7508783,-0.9619602,-0.4542439,0.02795133,0.20378302,-0.14560598,0.1360532,0.30828723,0.20299354,-0.2329004,0.37062383,0.30622202,0.54764366,-0.083903596,-0.18595102,0.19717121,-1.2948363,0.082271434,0.32915661,-0.001709675,0.1857647,0.59286398,0.83459806,-0.31493771,-0.5470078,-0.33809334,0.12039325,-1.701295,0.31386626,0.39437988,0.29097098,-0.63839269,-1.2164714,0.21669205,-0.44444364,0.079322278,-0.003329918,-0.098185748,0.27052063,0.14400429,0.33773863,0.27155823,0.11055173,-0.23762096,-0.27282828,-2.0167503,-0.55777633,-0.81847912,0.019969109,-0.82677048,0.2091549,0.053141505,-0.25039193,0.19528089,0
0.59539604,0.33147323,0.30197996,0.58699036,0.55292022,0.58530867,0.57309783,0.55429417,0.56652427,0.56499517,0.55696368,0.56194687,0.55931067,0.53137362,0.56141913,0.57304811,0.56191754,0.60244393,0.57293415,0.55034852,0.54166895,0.56795597,0.54916984,0.56428081,0.55090404,0.55923271,0.55840516,0.55864751,0.57251394,0.55767339,0.55399948,0.54620993,0.54516029,0.53922212,0.55773097,0.51988196,0.54103029,0.54412109,0.53182334,0.54448247,-1.001531,0.27014104,0.35020214,0.28993458,1.2172929,1.6294323,1.2703841,0.63996804,0.76818347,1.5478115,1.3327636,1.1015346,0.35142699,-0.19643193,-0.39125016,-0.57926202,0.63783771,0.27990046,0.3539317,0.20279169,-1.108855,0.033394776,-0.62212121,0.24571998,-0.80239069,-0.074662238,-0.000104532,0.52346373,0.16278613,1.4518931,-0.12018187,0.24584782,-1.1450915,-0.33722574,0.097388923,0.98247373,-1.0215652,0.66844445,0.26312703,-0.89395261,-0.17079404,-1.172995,-0.56331056,0.10882226,0.85866356,0.56014943,-0.040716235,-1.6036462,0.49778631,-0.028054245,-1.0532844,0.52719402,-0.026754893,0.032417882,0.73442441,0.29576164,-0.02201581,-0.26620489,0.33746499,0.54115331,-0.59710252,-1.0620657,0.11881732,0.43849114,-0.30091116,0.11885551,0.07311321,-0.14523296,-0.11497299,-0.31364167,0.40399483,0.6448648,-0.11976791,-0.28294289,-0.36278895,0.040952429,0.2879937,-0.91827869,0.27120525,-1.0548477,-0.3849026,-1.7167486,-0.85738993,0.090771154,-0.48760238,0.30813915,-0.26651657,0.11061954,-0.082899667,-0.070352376,-0.75180322,-0.52890128,-0.24303257,-1.0033698,-0.088581331,-0.009510741,0.22571029,0.35606608,-0.42438507,-1.4560192,0.094964415,0.46403173,0.75367206,-0.1808289,0.60182005,-0.71069384,0.044952061,-0.62436318,-0.29012409,0.29902744,-0.45106924,-0.071856193,0.38208288,-0.084150672,-0.63915741,0.003304089,-0.45494789,-0.36632419,0.22438261,-0.26213437,-0.013949685,-0.81091124,0.72851104,0.49836171,0.19481647,-0.080554783,-1.6519101,0.45349547,-0.023251686,-0.10516967,-0.003560815,-0.55606431,0.026270354,-0.09345375,-0.7534411,0.86768001,-0.70101178,-0.03334637,0.18822914,-1.4462682,-0.13200569,0.29543775,-0.10779382,-0.41560835,-0.73094374,0.58406073,0.077044427,0.045753926,0.68783236,-0.69297874,-0.45570549,-0.022515174,0.28425139,0.2154043,0.062900841,0.19661275,-0.076418482,-1.1131195,-1.5297861,-0.65553766,0.47284287,0.60189933,0.23722993,-0.32168382,-0.53343701,0.12179326,1.0718119,-0.13394669,0.020120475,-0.23642682,-0.20563698,0.9886682,0.25172395,0.20563912,0.46554208,-0.016442247,-1.7751387,-0.12439522,0.40755096,0.012234142,0.19430012,-0.64440465,-0.013565645,-1.3049856,0.19979706,-1.0462929,0.41942137,0.070286646,-0.85253012,0.11522492,0.13116464,0.34932747,-0.17570293,-0.80932462,-2.4454546,0.22547643,-0.50711489,0.13221772,0.030273393,0.083210155,0.48654455,0.19754669,-0.27466854,0.57120025,-1.3316777,-0.57488441,-0.4372434,0.34008059,-0.37645194,0.16838132,0.65297234,0.42066574,0.041327678,0.5242992,0.55943441,0.85888427,-0.77008849,-0.257402,0.40408123,-0.16811012,0.20013522,-0.069497079,-0.25098896,-1.1876602,-0.48063618,0.034382615,-0.31832162,0.75502884,0.91168046,0.59979063,-0.49969643,0.07814689,-0.41174904,0.63850975,0.38521087,0.17151144,0.31521398,1.4353263,0.21160181,-0.051495887,-0.76166612,-0.040366173,-1.7412914,0.94380242,-1.2590315,-0.1608254,-0.21864115,-1.5505528,-0.15228577,-0.02997604,-0.059589431,0.26193085,0.29079533,0.042976707,-1.6489772,0.65998209,-0.29819614,0.94407791,-0.098002516,-1.1054699,-0.21228884,-0.85853815,0.50414556,0.21986105,-0.93727428,0.22942412,-1.5444666,-1.5719781,-1.2610162,-0.38775247,0.24063048,0.098132819,0.1135518,-0.71814495,0.68263781,-1.1284214,-0.067581326,-0.36101112,-1.0623519,0.009379286,0.02160424,0.3982856,-0.074866518,0.30858439,0.01210672,0.25386375,0.12603927,0.51618922,0.11696615,-0.12019935,-0.53687644,0.40471762,0.99549896,-0.45965445,0.54900748,0.47671235,0.60323489,-0.60423642,0.6091091,0.28131181,-0.82515609,-0.63179451,0.00206171,0.061515391,0.23192532,0.70963085,-0.39285076,-0.48212135,-0.45643231,0.13158244,0.56401306,-0.19277635,0.15641238,-0.32600275,0.31864393,0.93214309,-0.97245246,0.30890095,0.17688945,-0.52705145,-0.088909447,-0.11711225,-1.2220582,-1.8580143,-0.14392391,0.5870347,0.11365755,-0.32888678,0.74252939,0.14283112,0.47718599,0.28875175,-0.31674123,-0.40347737,0.27839017,-0.20412014,-0.097596414,-0.44624776,0.03363207,0.2386086,1.1326444,-1.5811044,0.71781975,1.3394793,1.3656541,0.31970072,-1.2938569,-0.25222963,-0.36501092,-0.18615866,-0.002031282,0.26657891,0.66415071,0.69455528,0.45429087,0.13470687,0.26423079,0.58722001,0.64839387,0.69915903,-0.83584201,0.42175984,0.19543183,0.21536428,-0.33605635,-0.18996409,-1.5278474,0.25188494,0.17781118,-0.19554369,0.060059093,0.28547758,0.70278072,-0.75802588,0.24482453,-0.31224817,-0.040199332,-0.005084306,0.4351953,0.92130089,0.12905258,0.008118914,0.49824992,-1.0430642,-0.019384483,-1.0149163,0.22776805,-0.70366299,0.20751271,0.58499986,-0.82344836,-0.20691143,0.30911192,0.47670412,-0.44592348,-1.0116439,0.54008561,-0.43515861,-0.021999957,-1.384161,0.287141,-0.33501685,-0.62596637,-0.33174905,0.85471904,0.5245803,-1.707603,-0.93196517,-0.35281688,-0.18445258,0.21718617,-0.056263637,0.30097663,0.34784198,0.15131688,-0.18253915,0.41542518,0.40390071,0.30324125,0.031786174,-0.38969463,0.052502498,-1.3103302,-0.12600392,0.31594327,0.001822088,0.15371837,0.62577206,0.79667085,-0.32438964,-0.29168794,-0.42230865,0.055620901,-1.7399608,0.3227208,0.4413124,0.41295132,-0.55441326,-1.0285177,0.17440863,-0.47504103,0.02943027,0.035638422,-0.21652409,0.27655226,0.26545757,0.29217535,0.39518309,0.1594027,-0.10103801,-0.28733331,-2.0760396,-0.67706132,-0.7407335,-0.098753154,-0.76453292,0.45950252,0.10022493,-0.30242723,0.37540054,0
0.56308001,0.30866086,0.29075682,0.56836772,0.54315603,0.56786013,0.55220687,0.52391529,0.51288569,0.56319022,0.5368762,0.53620976,0.46542215,0.47691336,0.55517811,0.54285645,0.49357912,0.56950122,0.55716199,0.414343,0.56589031,0.54614985,0.53432328,0.50681174,0.5191586,0.52796674,0.57089871,0.55863726,0.53987551,0.53451002,0.56008476,0.56133425,0.53982186,0.53471494,0.54757357,0.52333987,0.50750542,0.53746879,0.52135503,0.5152055,-0.75908631,0.27889228,0.30299205,0.3798795,1.1433955,1.5471807,1.1461437,0.59185755,0.69828016,1.4631355,1.2065212,1.0472296,0.35930806,-0.20687121,-0.14490578,-0.27628899,0.59276289,0.3485952,0.37489459,0.2841638,-0.58363014,-0.00202916,-0.49639887,0.38697693,-0.71762121,-0.094273947,-0.16797461,0.53177696,0.21820937,1.4240412,-0.20808589,0.22099438,-1.0202338,-0.18516019,0.02628033,1.0207157,-0.89373243,0.55328625,0.27636406,-0.79538321,-0.11654285,-0.99157298,-0.50096613,0.34899819,0.87822193,0.68335974,-0.017499655,-1.4004136,0.65509075,0.11445218,-0.8844198,0.45157123,0.004302573,0.059974991,0.52336377,-0.14417422,0.31759202,-0.36145234,0.084966458,0.54345351,-0.61035955,-0.96453094,0.058345865,0.40696985,-0.26590073,0.19391313,0.068660609,-0.18521586,-0.095710233,-0.25804171,0.39362937,0.75427401,-0.16951086,-0.2509827,-0.38013142,0.039027855,0.31496632,-0.83071756,-0.00380829,-1.048615,-0.56353021,-1.6124758,-0.86067945,-0.10498321,-0.41610542,0.23844145,-0.39750969,0.081815541,-0.11960928,-0.084898263,-0.71843767,-0.40827605,0.063967347,-0.88417202,-0.17690025,-0.13025598,0.12547715,0.12851664,-0.45468417,-1.5332944,0.33820111,0.44229388,0.74086893,-0.085589789,0.49356169,0.30943021,0.055159986,-0.4030481,-0.20999385,0.28983727,-0.53092206,-0.13714214,0.39093485,-0.17389332,-0.63705051,-0.061631449,-0.63936681,-0.46914893,0.16936612,-0.22909865,0.063655138,-0.59700733,0.65910488,0.59526151,0.10716477,0.062529087,-1.5409709,0.61605805,0.020244651,-0.13580891,-0.052137319,-0.52970093,0.024154244,-0.1018226,-0.54487932,0.87035406,-0.64415395,0.14303945,0.47630966,-1.3639972,-0.073364966,0.23998538,-0.090974346,-0.50633419,-0.7819801,0.44695154,0.21963018,0.3216092,0.60895652,-0.61075574,-0.31608117,0.046395246,-0.03437287,0.20309117,0.27537167,0.11476499,-0.15051752,-1.0765152,-1.3667747,-0.58847123,0.25094295,0.69398141,0.30072522,-0.40615383,-0.32014969,0.092663273,0.97524148,-0.1341202,0.096284389,-0.27445155,-0.29435158,0.9540447,0.14300726,0.23376864,0.63478422,-0.074008808,-1.7964909,-0.096430898,0.41838574,0.019686431,-0.11493209,-0.90200907,0.10856987,-1.3680807,0.19839233,-1.1512096,0.23180641,0.057488866,-0.78202724,0.056363985,0.2491762,0.32582873,-0.19383278,-0.27240703,-2.3585014,0.26996601,-0.3636727,0.004120559,-0.10678208,0.16529515,0.18920463,0.1187839,-0.18603054,0.56734431,-1.3784262,-0.75312096,-0.23873943,0.44175023,-0.43411815,0.099206671,0.22421555,0.52866459,0.033796683,0.45607394,0.40405616,0.72571445,-0.73329031,-0.2543754,0.61583191,-0.052493125,0.21966031,8.25E-05,-0.23278993,-0.98749518,-0.49187836,0.12058601,-0.27720392,0.59816241,1.0059295,0.40324166,-0.3885929,0.24868619,-0.32103688,0.60875583,0.4843033,-0.3806569,0.087969355,1.4874268,0.10797248,0.13513027,-1.0271156,-0.13494942,-1.787497,0.83880854,-1.1971995,-0.31439131,-0.16223258,-1.3349268,-0.049612843,0.1034025,0.040085107,0.73785448,0.32631505,0.16433799,-1.5423644,0.66034663,0.071552247,1.0161875,0.062710911,-1.0009152,-0.13780725,-0.7284832,0.44115534,0.30253351,-0.75283962,0.35130617,-1.5727018,-1.6287293,-1.1121248,-0.27281457,0.43036911,0.33068678,0.23258759,-0.7507562,0.67502993,-1.2435678,-0.22731781,0.29090339,-1.0184937,-0.078374244,0.070251927,0.41481692,0.0156083,0.34381166,0.0286623,0.34360608,0.065239578,0.39010164,0.013883151,-0.084983498,-0.66734928,0.36214697,1.0172882,-0.37772641,0.59846264,0.52218097,0.55226189,-0.64918321,0.72962111,0.40400109,-0.89852202,-0.48890105,0.06605351,0.087976798,0.22109328,0.75874728,-0.30697116,-0.48815235,-0.45644802,-0.015173873,0.54276234,-0.22358638,0.083459444,-0.28640097,0.20343113,1.0199207,-1.0017103,0.12296893,0.30391106,-0.5358777,-0.06366884,-0.16913286,-1.2291505,-1.6877029,-0.29509756,0.58476996,0.11937021,-0.515194,0.62872547,0.14016536,0.52485335,0.27773294,-0.21107656,-0.3901639,0.24765015,0.078402616,-0.085682973,-0.56796789,0.15571442,0.14893104,1.1318986,-1.4756298,-0.077478454,1.2941145,1.4452753,0.34894699,-1.0654783,-0.32908511,-0.43655682,-0.15484598,0.002881579,0.25711614,0.69150472,0.72307837,0.36922303,0.144347,0.20563015,0.73771274,0.63693768,0.92965972,-0.7088021,0.34630391,0.27205458,0.20305014,-0.29731756,-0.21044067,-1.4376591,0.29107082,0.016323989,-0.31159332,-0.093230687,0.45331353,0.18426114,-0.65082085,0.19875604,-0.12885024,0.14249234,-0.09927588,0.50046599,0.87741661,0.31185219,-0.05234113,0.53436625,-0.34290487,-0.018611033,-0.92591703,0.20190412,-0.51047039,0.044272095,0.58974224,-0.8253119,-0.35060674,0.30955198,0.43582505,-0.49878362,-0.97944337,0.46451479,-0.53255105,-0.051899016,-1.0580493,0.2285302,-0.16135772,-0.56500602,-0.48165745,0.85236752,0.49783587,-1.6330643,-0.99456805,-0.31904906,-6.78E-05,0.25322369,-0.092501149,-0.010405239,0.41970667,0.20340419,-0.19057147,0.27107728,0.31056497,0.3454628,-0.15485986,-0.16907257,0.14661634,-1.3463869,0.008005003,0.29346409,0.039431289,0.18866539,0.59831291,0.81202424,-0.31473267,-0.73499763,-0.35559225,0.17494965,-1.543322,0.3336789,0.32228351,0.39273769,-0.5743351,-1.1406838,0.23083235,-0.50313377,0.071714953,0.033563379,-0.056262679,0.24794164,0.18520196,0.32193682,0.39152035,0.056288891,-0.238313,-0.3294951,-1.929435,-0.63318008,-0.87936252,0.049321692,-0.82356143,0.21607639,-0.11796951,-0.28241751,0.054563314,0
0.4855513,0.23033988,0.21160236,0.42977023,0.47073233,0.4695791,0.44213355,0.44961196,0.45031101,0.46083629,0.43879497,0.44753158,0.44039735,0.42092571,0.42277327,0.45136917,0.47395849,0.47939855,0.48233387,0.4337509,0.4457227,0.44354838,0.45061731,0.45501623,0.47449598,0.47084624,0.48149604,0.44575381,0.46259934,0.44094652,0.45107096,0.48040825,0.4378626,0.44260782,0.45278513,0.4141866,0.43398073,0.45622313,0.42080617,0.43394879,-0.81246173,0.19402613,0.2782889,0.39101505,1.117306,1.5660658,1.1879871,0.60872304,0.71185476,1.474694,1.251675,1.065505,0.29665339,-0.27651775,-0.185983,-0.24770451,0.55390084,0.2971234,0.29252493,0.2511667,-0.53815925,-0.065656014,-0.4644568,0.37293029,-0.70424819,-0.089107305,-0.18484394,0.62906265,0.23046775,1.3333,-0.17672344,0.2030025,-1.0440886,-0.16884603,0.093832664,0.78414154,-0.96846408,0.49048814,0.27228543,-0.71539503,-0.117764,-0.93323135,-0.52307189,0.38246709,0.77213186,0.69566709,-0.013173253,-1.3769293,0.65454227,0.12907961,-0.82814729,0.42739949,0.057798766,-0.075480998,0.55942351,-0.069859006,0.22006305,-0.35882238,0.037994113,0.47175163,-0.65796232,-0.93778336,0.11940514,0.35685611,-0.27943826,0.15778962,-0.058292754,-0.20728727,-0.022911549,-0.31026033,0.35933095,0.82098472,-0.14171544,-0.35949132,-0.40907076,0.2156387,0.24959414,-0.79811829,0.31573144,-0.95982128,-0.40102068,-1.6037234,-0.88570189,0.04760664,-0.33988518,0.19750413,-0.39992428,0.086659156,-0.13856013,-0.1794785,-0.57428306,-0.34668911,0.16848463,-0.90090942,-0.073895164,-0.16920471,0.16715299,0.14537857,-0.44741154,-1.5821178,0.32049501,0.38650587,0.69352281,-0.071480803,0.56756049,0.3353903,0.042663231,-0.42853865,-0.12960687,0.23606059,-0.46111929,-0.22623651,0.30856526,-0.21534833,-0.66050911,-0.068670258,-0.61616421,-0.53718704,0.188008,-0.16458085,0.027657345,-0.65588343,0.6455186,0.58640552,0.056931287,0.058492795,-1.4812644,0.67220515,-0.032968897,-0.13287318,-0.034454897,-0.60592395,-0.029992603,-0.070414834,-0.61515892,0.80671662,-0.63941723,0.1395932,0.42863372,-1.3719734,-0.11557961,0.36077207,-0.025744617,-0.48878077,-0.83629221,0.50810254,0.33912089,0.38013077,0.66096675,-0.56718123,-0.27153358,0.071005099,0.004756277,0.25624925,0.33958143,0.089597784,-0.030332722,-1.0638574,-1.2991158,-0.58619583,0.21779843,0.61521143,0.26918423,-0.39975348,-0.24299079,0.20293079,1.1503685,-0.2084555,-0.017434595,-0.45495209,-0.31184196,0.97794282,0.11759137,0.21706495,0.72212207,-0.059231356,-1.8594646,-0.13206159,0.60984939,-0.020657774,-0.052971642,-0.73300403,0.18963926,-1.3493367,0.19790064,-1.1981678,0.32951921,0.004900247,-0.67988932,-0.016864607,0.17542563,0.31160861,-0.18790834,-0.42083788,-2.3994772,0.27790767,-0.29969141,-0.031796336,-0.24674039,0.18796316,0.29000348,0.099107757,-0.23699372,0.6503334,-1.254035,-0.6393345,-0.19625548,0.4295578,-0.38604009,0.094844714,0.26747724,0.5016309,0.066470504,0.48161277,0.34582132,0.76855111,-0.76998204,-0.3109659,0.58414751,0.00784074,0.2342072,-0.1196105,-0.21634153,-0.92503023,-0.44439778,0.068848729,-0.30452985,0.6219421,1.1102433,0.31972581,-0.38399547,0.17831558,-0.36003047,0.5876587,0.56759745,-0.37811279,0.11306043,1.3785558,0.099005558,0.13884388,-0.90725243,-0.10418312,-1.7341758,0.86404157,-1.2221478,-0.34352913,-0.16612062,-1.4626359,-0.13526639,0.16693607,0.096283287,0.76632869,0.48178938,0.23035026,-1.6417793,0.70521498,0.049324028,1.0946611,0.034689143,-0.90886921,-0.21837789,-0.70345199,0.41048223,0.28250954,-0.75743145,0.31812102,-1.5608174,-1.6056515,-1.2078971,-0.29924798,0.48469752,0.47803283,0.22660232,-0.71029466,0.59687012,-1.2059805,-0.17881542,0.23134381,-0.98238975,-0.040449388,0.02153931,0.45888942,-0.12481888,0.34605268,0.055639539,0.28897604,0.089276403,0.48101121,-0.000628788,-0.065273263,-0.52541351,0.34086788,0.96403378,-0.39093804,0.5791173,0.48340771,0.55121982,-0.67586207,0.68664527,0.37144545,-0.90328425,-0.39480096,0.097746447,0.12986416,0.21831457,0.65878576,-0.31022772,-0.52005208,-0.4390367,0.010803595,0.64241385,-0.2262214,0.15801406,-0.19799049,0.15161066,1.0332518,-1.0007073,0.13350916,0.284641,-0.60533404,-0.014912403,-0.11476349,-1.2906864,-1.6493665,-0.25379145,0.52379036,0.090448469,-0.34001884,0.67886776,0.2084862,0.46182722,0.17517531,-0.26764393,-0.32487246,0.20902979,0.10704771,-0.008560173,-0.51247782,0.17082995,0.11593236,1.1120492,-1.4359652,0.081623904,1.4424073,1.3743895,0.27897143,-1.0560291,-0.39777362,-0.28240111,-0.065248147,-0.005004667,0.25499082,0.68774879,0.8627519,0.39998767,0.13649632,0.17947483,0.63168085,0.7075336,0.97660911,-0.64311457,0.34489802,0.22953136,0.21846467,-0.31250653,-0.23523903,-1.3453742,0.2814368,0.036457952,-0.35258994,-0.11490725,0.46687755,0.19759132,-0.59797281,0.23326647,-0.16947907,0.21378922,-0.15072253,0.72746748,0.95668548,0.27642661,-0.033310134,0.50574249,-0.097445771,-0.026378131,-0.94807738,0.24658872,-0.47199962,0.17726058,0.61421871,-0.83960164,-0.36039928,0.19531798,0.45302555,-0.43020269,-0.94206822,0.54214865,-0.54268479,-0.024124414,-1.1693667,0.27945551,-0.094554447,-0.51426566,-0.44476715,0.97032613,0.55727351,-1.5910354,-0.94878912,-0.3358171,0.029748235,0.16687697,-0.041156162,-0.10734765,0.43761718,0.15217027,-0.21707945,0.20892625,0.31744361,0.42322722,-0.065793186,-0.16193336,0.19157027,-1.3229214,0.039087437,0.30640948,0.022759367,0.23183906,0.62053668,0.98069865,-0.29252133,-0.76699525,-0.21402207,0.077233836,-1.62441,0.29563963,0.34814519,0.317981,-0.59278893,-1.0306882,0.20472808,-0.5347048,0.19284889,0.022042379,-0.10090377,0.17095625,0.11495014,0.29858798,0.44297367,-0.0100278,-0.10735838,-0.35823438,-1.9448615,-0.63115877,-0.78253371,-0.01428882,-0.75752127,0.19855943,-0.23249242,-0.25816697,0.080069527,0
0.48458639,0.25116163,0.23430091,0.49470669,0.46786892,0.51740819,0.49415028,0.46557707,0.46924388,0.4947761,0.46407843,0.49046153,0.47183216,0.46824354,0.49630958,0.46153641,0.4781374,0.49478325,0.49842453,0.45915407,0.48218772,0.47694963,0.46605977,0.46214885,0.48972619,0.48263365,0.50638932,0.45776677,0.48189455,0.48653895,0.47052565,0.45885587,0.46505564,0.456563,0.4748112,0.45469311,0.44768661,0.47958723,0.44451341,0.46627331,-0.72105354,0.23604113,0.28548056,0.39728418,1.1863075,1.6017008,1.2065296,0.62503314,0.74265593,1.5234098,1.303319,1.0987651,0.28984401,-0.17455533,-0.22204088,-0.23088513,0.59213233,0.056051433,0.3521466,0.26391238,-0.54820544,0.001836132,-0.45503211,0.35674816,-0.6797083,-0.18582839,-0.1576732,0.54071403,0.26143739,1.1404974,-0.1903944,0.20600501,-0.92709601,-0.17345867,0.012337067,0.87661225,-0.85635006,0.5323621,0.29536811,-0.65305221,-0.11712117,-0.88776338,-0.42744166,0.28065628,0.81039619,0.62420118,-0.013232699,-1.3610989,0.46718681,0.13497992,-0.85939038,0.53826559,0.058975458,0.019359263,0.52672148,-0.019345373,0.3311716,-0.32936978,0.036842145,0.50474548,-0.52732402,-0.8916381,0.091666505,0.41958791,-0.24047185,0.18801148,0.05081711,-0.14951783,-0.040671729,-0.26226246,0.4182772,0.71185589,-0.14180773,-0.33481726,-0.35401931,0.21244223,0.22930127,-0.8221634,0.36478055,-1.0192016,-0.30470672,-1.5265464,-0.82053787,-0.043428913,-0.36187392,0.23497717,-0.3260622,0.034467086,-0.060127147,-0.15102993,-0.5536741,-0.33746308,-0.19194381,-0.87568676,-0.07938657,-0.17222774,0.14183146,0.21396919,-0.37305921,-1.2867072,0.32336411,0.38715518,0.58896887,-0.10723154,0.57606882,0.30815876,0.064044125,-0.39131242,-0.18950623,0.23149446,-0.3807458,-0.12146167,0.33349994,-0.2151487,-0.62643909,-0.003411373,-0.55871296,-0.4274801,0.18320867,-0.21339437,0.032730147,-0.6002081,0.66974205,0.56387651,0.09463235,0.074068427,-1.4546773,0.23559296,-0.022099432,-0.13370225,-0.026238577,-0.46871692,-0.007853142,-0.081672534,-0.58390677,0.73051709,-0.65648782,0.15502113,0.40286803,-1.331308,-0.077394634,0.25249979,-0.13246936,-0.412211,-0.72674406,0.47383595,0.18103859,0.23154256,0.7026034,-0.63702375,-0.25985777,0.06097085,0.035839692,0.11411379,0.31961328,0.12138803,-0.1210378,-1.0219136,-1.3558348,-0.59472877,0.22818758,0.30393904,0.26853451,-0.41787457,-0.29747006,0.11789037,1.2872088,-0.12363312,-0.073183864,-0.3083438,-0.25635269,0.7815299,0.1265071,0.25913838,0.41048431,-0.045537896,-1.77952,-0.11156849,0.35836661,0.00541698,-0.03320156,-0.66396093,0.049901702,-1.2829418,0.21045822,-1.0829165,0.41660246,0.071539223,-0.71907252,0.041711695,0.15885998,0.42399409,-0.23275834,-0.28740528,-2.2867754,0.20654768,-0.34532911,-0.022622295,0.010596961,0.10883678,0.44683719,0.10485674,-0.18559672,0.47531733,-1.2811846,-0.65559959,-0.2489441,0.29655474,-0.36029577,0.11170256,0.22169957,0.47238719,0.011395144,0.42049316,0.3749361,0.68069416,-0.71220911,-0.30214441,0.41694117,-0.062393963,0.23204976,0.075251997,-0.26264364,-0.94286758,-0.41685888,0.1047556,-0.23630673,0.54968488,0.90449417,0.33361426,-0.37881666,0.17568448,-0.3195461,0.38925889,0.46616048,-0.39289594,0.18020332,1.1485485,0.10625407,0.11004084,-0.85737938,-0.17503326,-1.7611934,0.88812804,-1.1406932,-0.35104653,-0.19811039,-1.3064415,-0.1421195,0.13847648,0.16249911,0.71143991,0.45859006,0.008336872,-1.4811465,0.68613541,0.008785183,0.81934279,0.060213201,-0.92601025,-0.1047546,-0.73441416,0.4478786,0.21114103,-0.77913523,0.273893,-1.4647882,-1.5012802,-1.1296768,-0.21815556,0.38911,0.084035963,0.20398438,-0.75318831,0.61624008,-1.1597995,-0.16191104,0.23081985,-1.001309,0.092781685,0.059213623,0.48589113,0.020812226,0.33110392,0.029978706,0.40605843,0.096762642,0.70665842,-0.14253137,-0.073246762,-0.56529319,0.34571424,0.94593644,-0.41603833,0.52483028,0.48247832,0.51607388,-0.52080035,0.51887757,0.14320871,-0.80109632,-0.49669987,0.12913156,0.10081594,0.19159231,0.64182127,-0.31211993,-0.49550307,-0.41673666,0.014902145,0.462118,-0.16401733,0.094527006,-0.28526759,0.15051408,0.95522344,-0.99704534,0.1290822,0.28835589,-0.54272354,-0.082645953,-0.18016863,-1.1747658,-1.6258248,-0.12339541,0.49666262,0.15286751,-0.32343557,0.69048572,0.089356899,0.4782339,0.23016481,-0.33963391,-0.36716348,0.19795744,0.098937556,-0.080132991,-0.60816157,0.19486286,0.15579796,1.0366198,-1.3536444,0.01346284,1.1791555,1.3887912,0.30256155,-1.02053,-0.2566568,-0.42880514,-0.10962969,0.026249681,0.31314364,0.57087982,-0.11413801,0.34428775,0.13071719,0.18679498,0.69828695,0.62388694,0.87549496,-0.70924634,0.31711513,0.20826097,0.21063171,-0.28770107,-0.20737085,-1.3238604,0.29369184,0.072602339,-0.34204286,-0.10694267,0.30040461,0.14606625,-0.61823577,0.25196588,-0.16549745,-0.16300681,-0.11780132,0.40380371,0.92473763,0.3212021,0.057709277,0.47444773,-0.1216497,-0.07301034,-0.88400739,0.20274544,-0.5332635,0.06909503,0.42206132,-0.95132685,-0.31104684,0.29272404,0.36894029,-0.43548214,-0.98790693,0.49242243,-0.51593798,-0.06841474,-1.2585986,0.2468508,-0.15975183,-0.40833926,-0.44969273,0.7596429,0.49332812,-1.6524466,-0.83582938,-0.30414352,0.033034097,0.2003569,-0.04778292,0.019931894,0.38940656,0.17212924,-0.18273713,0.26542303,0.26314911,0.37747982,-0.068037152,-0.064462006,0.19383475,-1.2600279,0.032708742,0.29019976,0.032536026,0.2269183,0.57590914,0.80576193,-0.30572253,-0.74804765,-0.39079738,0.17979373,-1.6002614,0.27219862,0.30329439,0.37455344,-0.5468595,-1.0609657,0.15512988,-0.49877724,0.12139674,0.060194112,-0.07612209,0.46298933,0.11175115,0.30853215,0.38013554,0.013305252,-0.13742122,-0.25892001,-1.8476208,-0.56552529,-0.75542527,0.026023362,-0.78880757,0.21196917,-0.12963705,-0.25401175,0.055871483,0
0.57581067,0.32541293,0.29504257,0.57214677,0.55090821,0.59007716,0.56782055,0.54859793,0.55609608,0.56520659,0.55167878,0.54913288,0.54729277,0.54019403,0.56519783,0.55411559,0.55808681,0.58614957,0.55343533,0.5421688,0.53273141,0.56688839,0.54211271,0.55195045,0.55296087,0.55663955,0.57058084,0.55801421,0.54784358,0.55586696,0.54982758,0.54504853,0.54057956,0.53814578,0.55201304,0.5322327,0.53023803,0.54450452,0.52620542,0.54037941,-0.76482773,0.29632622,0.25407982,0.31663907,1.1356283,1.5402861,1.1664659,0.55482483,0.67650163,1.4590003,1.2463464,1.0270716,0.28248268,-0.21968397,-0.10663012,-0.28857133,0.59759712,0.29648352,0.36195797,0.25796562,-0.61991775,0.001223089,-0.4627001,0.33925945,-0.79282492,-0.15489683,-0.1099636,0.6111027,0.34137598,1.5111337,-0.21074224,0.22467938,-1.0025208,-0.20995106,0.1022145,0.77802521,-1.0001388,0.52957356,0.29095879,-0.7934413,-0.08444903,-1.0030237,-0.54190445,0.36599782,0.78369099,0.7101503,-0.01385365,-1.4575537,0.69757015,0.12384003,-0.87718797,0.41331306,0.069085829,-0.050645545,0.59922528,-0.1142718,0.28132084,-0.45574623,0.11824823,0.4881925,-0.70337564,-1.0534723,0.12687308,0.44457585,-0.26336855,0.22047026,-0.000414774,-0.194626,-0.11990942,-0.35214561,0.44062304,1.0094151,-0.16595767,-0.51652062,-0.42917359,0.43291759,0.35008866,-0.85471261,0.33531085,-1.1102042,-0.39406466,-1.6394849,-0.91162539,0.014689822,-0.34220162,0.21905424,-0.42631009,0.12391382,-0.074541017,-0.088851817,-0.56820393,-0.27517146,-0.006881893,-0.94576931,-0.041150331,-0.41530898,0.20025057,0.29831713,-0.53900796,-1.4645737,0.26652876,0.38825113,0.72474986,-0.069780141,0.55201733,0.24115473,0.049045898,-0.43804491,-0.19308187,0.24543789,-0.42194423,-0.19590832,0.3206619,-0.12426991,-0.69355446,-0.10951048,-0.58159345,-0.62223494,0.20228565,-0.26690078,0.023098022,-0.55922878,0.65851468,0.55241436,0.028199062,-0.014368856,-1.6756566,0.77669132,-0.1114546,-0.11775136,-0.027155466,-0.5466693,-0.03877436,-0.028078645,-0.5915432,0.8516624,-0.68289477,0.15060537,0.48454517,-1.4421685,-0.1333635,0.39719373,-0.031321555,-0.53747272,-0.82157892,0.58890128,0.34069982,0.42363384,0.84177756,-0.59939361,-0.32337087,0.041847318,-0.00834377,0.29625347,0.31996053,0.2519232,-0.080231763,-1.0678818,-1.3579528,-0.6785754,0.21819043,0.6565299,0.29496798,-0.40543664,-0.32639366,0.18170395,1.3735664,-0.089854687,0.048903279,-0.44753292,-0.28658044,1.0752894,0.10203426,0.24392588,1.152365,-0.055570889,-2.0178802,-0.1403949,0.53481174,-0.016908668,-0.028773937,-0.73021501,0.16679707,-1.4573302,0.24578625,-1.2872543,0.39182872,0.077333607,-0.68986541,0.051514745,0.2808674,0.43559557,-0.24926502,-0.44367361,-2.5181663,0.31742138,-0.42768931,-0.014666632,-0.13545254,0.20527443,0.41163605,0.050605129,-0.21597172,0.71116149,-1.4462203,-0.82839322,-0.24454448,0.35548681,-0.43026698,0.22201324,0.2226065,0.49616241,0.12332686,0.48512456,0.41167364,0.82822609,-0.84401214,-0.29124081,0.38921362,-0.050256342,0.3203311,-0.14313281,-0.20280711,-1.007809,-0.49400088,0.066528477,-0.34671685,0.64584005,1.1860092,0.33308819,-0.42216077,0.16513841,-0.3545948,0.63371098,0.56950009,-0.29605687,0.10971206,1.4913254,0.1492175,0.076691449,-0.88025653,-0.090621002,-1.8838745,0.93568188,-1.2802463,-0.36642334,-0.21662042,-1.3631622,0.044970259,0.23234554,0.070544817,0.49374187,0.41955006,0.21715049,-1.6585475,0.75687081,-0.015659511,1.0720254,0.052291378,-0.86251247,-0.15199393,-0.73261088,0.51665151,0.16734943,-0.86770546,0.31022099,-1.6758443,-1.7158563,-1.2782496,-0.33897522,0.4516266,0.25517142,0.17303853,-0.81103987,0.60201484,-1.3204206,-0.17255637,0.29185045,-1.0668817,0.03277985,0.000504151,0.49257883,0.041452628,0.38986996,0.084399141,0.28906858,0.06751354,0.68213767,-0.069368258,-0.015166931,-0.5837329,0.35847798,1.0343156,-0.35311124,0.51053101,0.47449213,0.69552749,-0.62836039,0.6588515,0.47945708,-0.98210198,-0.43967432,0.091665141,0.16756284,0.28452042,0.67718309,-0.3432048,-0.53603953,-0.45714471,0.021102574,0.6059534,-0.2166391,0.083855942,-0.18147475,0.16610004,1.0630372,-1.0457691,0.14435266,0.28736281,-0.64435267,-0.065213963,-0.28451177,-1.2932285,-1.7112302,-0.24438407,0.51162326,0.17407304,-0.37041548,0.7088213,0.25237718,0.47429582,0.21965675,-0.23267089,-0.28075749,0.17391874,0.060599484,-0.10061728,-0.61615473,0.17423823,0.11511806,1.163486,-1.6189632,0.053812586,1.6127473,1.4670712,0.30972522,-1.0645546,-0.20291378,-0.31520823,-0.023748152,0.01753471,0.36413142,0.7328977,0.97878218,0.33702379,0.061610848,0.18684433,0.61934948,0.76364142,0.90428984,-0.64494097,0.28052682,0.34149486,0.17172691,-0.31608149,-0.22387832,-1.4439317,0.24097176,0.050531171,-0.31883991,-0.098246507,0.34940693,0.22047585,-0.72425187,0.20442502,-0.20873246,-0.14272216,-0.13990222,0.53981578,0.97596872,0.24528901,0.020689135,0.55000448,-0.16519803,-0.054046225,-1.0738231,0.27465636,-0.55802262,0.1930633,0.66550648,-0.93075061,-0.40620673,0.25582421,0.45977002,-0.53471303,-1.0606372,0.52575207,-0.63660163,0.001708116,-1.2316045,0.32138422,-0.142023,-0.452259,-0.43440145,0.8753987,0.56088662,-1.74299,-1.0876224,-0.26471579,0.033318274,0.23170471,0.083317749,0.024687923,0.45157132,0.15430626,-0.18643147,0.24472655,0.42081738,0.46601492,-0.088716969,-0.062867105,0.17994399,-1.3285978,0.042530507,0.37033933,0.017239075,0.22609049,0.59377897,0.84731209,-0.37143835,-0.73369604,-0.40743732,0.088957652,-1.7230633,0.28583336,0.37192917,0.38758245,-0.64565879,-1.1390022,0.19347665,-0.5460059,0.14779267,0.12992357,-0.054318439,0.36590523,0.17844301,0.27729467,0.53249753,-0.014934855,-0.18243128,-0.37032411,-2.0467923,-0.71308428,-0.82488132,0.016950708,-0.79613173,0.2246692,-0.15444753,-0.27666783,0.048159737,0
0.52688164,0.27856541,0.24847853,0.52498764,0.5002721,0.53389978,0.48843113,0.48880625,0.49741954,0.50915706,0.49300766,0.50364774,0.50222951,0.46040052,0.48271269,0.4990918,0.50507611,0.53495598,0.51707911,0.48011073,0.48870075,0.50407469,0.49175772,0.49245083,0.48947024,0.50183344,0.50988591,0.50114048,0.50658959,0.49526975,0.50261939,0.44511938,0.48182404,0.47733551,0.50352007,0.43270266,0.46724668,0.42398039,0.48636544,0.49378064,-0.83951187,0.23599517,0.35106081,0.4023934,1.2096428,1.6211218,1.2578977,0.66451281,0.79349327,1.5479739,1.3138468,1.1319436,0.35745075,-0.2313531,-0.18177116,-0.32415649,0.58990639,0.3350676,0.35225606,0.28739655,-0.62895238,0.00661553,-0.53522497,0.39509436,-0.81270719,-0.10351384,-0.20635612,0.58593529,0.17339566,1.3748785,-0.20706743,0.21393712,-1.1225107,-0.20567708,0.018221974,0.92577213,-0.99784344,0.56104451,0.23301415,-0.90466422,-0.13036364,-1.0680913,-0.54079676,0.3317616,0.87225837,0.68955499,-0.035411887,-1.6199902,0.75273573,0.13133997,-1.0297813,0.47181267,0.007385928,0.023422394,0.63977849,-0.07049799,0.34540579,-0.39157945,0.073594145,0.55516624,-0.69642287,-1.016111,0.089513607,0.49014175,-0.34396523,0.1813392,0.059873559,-0.19764595,-0.023365706,-0.35108584,0.44461152,0.92971224,-0.16586129,-0.29377091,-0.38472006,-0.10168579,0.39866892,-0.93888634,0.39544806,-1.1221256,-0.37826958,-1.8528475,-0.93575084,-0.013332503,-0.47543287,0.31071705,-0.47717461,0.06828931,-0.10327996,-0.13202254,-0.69040304,-0.48379916,0.066194713,-1.0119078,-0.063203409,-0.13313048,0.21238345,0.24323525,-0.50713235,-1.4336612,0.4505806,0.44330683,0.73507249,-0.11587861,0.56423849,0.31371787,0.046646956,-0.4877308,-0.14220878,0.2545093,-0.51158911,-0.042291053,0.35176694,-0.17904502,-0.69691181,-0.032746874,-0.54800075,-0.57070941,0.24527784,-0.25120664,0.009732964,-0.67053676,0.64941365,0.60853332,0.096078128,-0.036366463,-1.6037666,0.71282798,-0.015237581,-0.1449817,-0.083444506,-0.55594718,0.063527502,-0.10293681,-0.66805184,0.88530511,-0.74080074,0.13545409,0.33485553,-1.5382823,-0.15703668,0.33023071,-0.070032105,-0.50666761,-0.96312946,0.51187396,0.35945877,0.28108981,0.78878134,-0.65834743,-0.30179638,0.048929662,0.026424674,0.25164318,0.33491203,0.16954847,-0.024899401,-1.1423079,-1.4759932,-0.68986613,0.24739233,0.65439177,0.27394685,-0.48426846,-0.24142209,0.10746919,1.2322432,0.20454,0.020977456,-0.37496009,-0.23823857,0.94963539,0.13425541,0.26125994,1.4058355,-0.081135601,-2.2324533,-0.10612576,0.7335403,-0.052904584,-0.041823179,-0.6843884,0.17026696,-1.4074183,0.15918462,-1.247468,0.32178435,0.086323872,-0.82769251,-0.015276268,0.06164737,0.38666028,-0.26074231,-0.68684387,-2.5106766,0.32128006,-0.57874167,-0.013541013,-0.15528785,-0.16159523,0.45050269,0.039892472,-0.2592167,0.53922617,-1.4161395,-0.78946698,-0.2308933,0.39270774,-0.36260551,0.16625012,0.18995415,0.50079876,0.005997661,0.51643866,0.4851633,0.75061673,-0.86202365,-0.29443178,0.51371896,-0.080161266,0.24546026,0.009008141,-0.28839272,-1.1303252,-0.53882253,0.086669385,-0.40604299,0.54767466,1.1317822,0.38503057,-0.45839342,0.28326023,-0.38686311,0.5618403,0.59052461,-0.456523,0.1143226,1.4561092,0.21496551,0.1330111,-1.0345227,-0.15921968,-1.9407252,1.0321399,-1.2755092,-0.27962905,-0.15176158,-1.5316113,-0.17703488,0.10737645,0.2859152,0.83906758,0.48300862,0.21463144,-1.6938212,0.80270207,0.015533399,1.1500497,0.004893918,-0.99739259,-0.10278746,-0.81097412,0.44497466,0.20921771,-0.77941871,0.27757648,-1.6515545,-1.6233433,-1.2977946,-0.42280853,0.50149965,0.78885978,0.21669026,-0.7881788,0.66893065,-1.2689034,-0.17113802,0.29417035,-1.0613407,0.077894859,0.020336356,0.46886253,0.004230663,0.38305762,0.049328364,0.42193255,0.040155243,0.56179023,0.004305903,-0.073420793,-0.69356966,0.37852901,1.1230756,-0.51333559,0.64086497,0.48730591,0.64615899,-0.61228245,0.58477235,0.38298294,-0.94524264,-0.51444042,0.07093139,0.10049673,0.19726785,0.74523473,-0.36856693,-0.44236177,-0.44063324,-0.011361504,0.5304594,-0.18284935,0.14327729,-0.30238715,0.16896304,1.1968818,-1.0248524,0.13377838,0.29863435,-0.67686504,-0.032555386,-0.13003205,-1.3425537,-1.8253267,-0.34294528,0.62044567,0.093268394,-0.30445641,0.77858615,0.16853756,0.48056588,0.2302348,-0.065572187,-0.40870142,0.21581313,0.10925236,-0.071583793,-0.66681975,0.19679187,0.19456065,1.2131172,-1.5966207,-0.040810823,1.4917537,1.473722,0.40405512,-1.2733102,-0.22436692,-0.42818898,-0.13320181,0.054669313,0.38851005,0.64179444,0.6582005,0.36290646,0.14493108,0.202848,0.779405,0.70289534,1.0970049,-0.73645592,0.33575898,0.26719013,0.26472524,-0.38361511,-0.11715664,-1.3800029,0.28317481,0.039209399,-0.34836781,-0.11277957,0.4104093,0.16977377,-0.74572814,0.21592586,-0.20595126,0.10895586,-0.023154549,0.55047703,0.89417219,0.2861445,0.043064341,0.55175245,-0.122113,0.017782982,-1.0646006,0.24286106,-0.68759406,0.20991835,0.68953037,-0.86315167,-0.32628533,0.34960222,0.46961445,-0.52568519,-1.0559179,0.55801916,-0.58014554,-0.11549979,-1.3918505,0.24430171,-0.15419605,-0.51024765,-0.4644247,0.94184607,0.5769133,-1.7304932,-1.1448092,-0.33386171,0.027278811,0.21176113,-0.014799786,0.027308444,0.42510757,0.21465947,-0.22989652,0.21921507,0.37769794,0.37340361,-0.031882569,-0.20640571,0.20325622,-1.3842103,0.15113182,0.36592257,0.051577933,0.23903666,0.59384,0.82736754,-0.36938429,-0.70787871,-0.4038561,0.027721316,-1.808364,0.30604658,0.2906386,0.38757509,-0.71867579,-1.1905138,0.22739509,-0.60849327,0.066654235,-0.030760631,-0.084049501,0.43713704,0.1476465,0.31073445,0.46651393,0.005403551,-0.17618169,-0.34106544,-2.1220226,-0.77038699,-0.88324636,-0.006025301,-0.77520841,0.21196757,-0.16598368,-0.28520638,0.084543101,0
0.56882662,0.32096687,0.29113853,0.55956697,0.53840113,0.54513031,0.52858633,0.54379869,0.50443876,0.53716874,0.55510473,0.50277221,0.54959619,0.50207251,0.56910115,0.55075097,0.55060846,0.55466467,0.55276465,0.54106522,0.5365988,0.55483329,0.5440805,0.50506365,0.55252534,0.54234475,0.5485602,0.5440585,0.55198103,0.55315262,0.54793906,0.54671884,0.54422462,0.5412612,0.56020361,0.50142598,0.50952679,0.5351733,0.54137331,0.54431504,-0.78450596,0.29685906,0.37494648,0.4592686,1.2166749,1.6501155,1.2842796,0.70030379,0.82123566,1.5994272,1.3415732,1.1748819,0.37671196,-0.19505864,-0.24230225,-0.3126232,0.63383597,0.35630715,0.42579609,0.30855036,-0.57184041,-0.003433335,-0.55882514,0.37102392,-0.73844892,-0.088049605,-0.11862336,0.58323044,0.18855928,1.2163812,-0.18246315,0.2579599,-1.027434,-0.19225553,0.020606562,0.97989285,-0.9394545,0.62726218,0.30367267,-0.75013816,-0.1163972,-0.95104957,-0.46681032,0.33885151,0.8898983,0.60971385,-0.010367438,-1.4394772,0.59110147,0.17754328,-0.90050459,0.57342148,0.039982881,0.028182326,0.57888013,-0.035741415,0.31143743,-0.27615952,0.014448512,0.52125132,-0.54311806,-0.96490061,0.12499042,0.38300633,-0.31993493,0.18383233,0.073666334,-0.14580639,-0.01551725,-0.267378,0.41679913,0.75480771,-0.1122383,-0.19202989,-0.3527813,-0.049142644,0.15668994,-0.84735996,0.35716355,-1.1035509,-0.41575336,-1.6041386,-0.83403593,-0.01150113,-0.46071389,0.30982006,-0.38435498,0.01727026,-0.050908513,-0.12548405,-0.66514391,-0.44747427,-0.45507008,-0.88067061,0.011590987,-0.12324014,0.13165589,0.12807958,-0.39078182,-1.3722937,0.23855779,0.43675363,0.61209023,-0.067311257,0.58911306,0.32785097,0.024307627,-0.65397513,-0.22388281,0.23783995,-0.49274999,-0.058500215,0.38894272,-0.17753625,-0.63647735,-0.003708418,-0.52428102,-0.41929367,0.13811646,-0.10926875,0.079532862,-0.71258479,0.75326848,0.57757592,0.14989941,-0.062631212,-1.5195007,0.25795642,-0.018426385,-0.14825407,-0.048767962,-0.52770895,0.014370665,-0.066725172,-0.62356299,0.73707366,-0.68991488,0.15501666,0.42606935,-1.4637368,-0.060645118,0.26726484,-0.068929702,-0.43815193,-0.72971451,0.45291668,0.24893729,0.41536158,0.63657212,-0.67334408,-0.30215123,0.093666114,-0.012118566,0.16477299,0.34761673,0.084094748,-0.060865827,-1.0851594,-1.3289856,-0.60236418,0.25709578,0.42571044,0.28339607,-0.43621656,-0.26939705,0.081764437,1.1666032,-0.16385192,-0.10068861,-0.25833493,-0.28895998,0.70584452,0.16702604,0.26601905,0.34071243,-0.14626434,-1.746326,-0.1297332,0.36557204,0.018364828,-0.10374005,-0.64222217,0.13194846,-1.3156167,0.19638267,-1.1418692,0.23970564,0.12629107,-0.77837235,0.12044336,0.21414246,0.2250104,-0.13687126,-0.78294784,-2.3602481,0.18557268,-0.40924895,0.014611959,-0.10492465,0.007005826,0.34816718,0.088358618,-0.23230094,0.53449261,-1.3153471,-0.71440572,-0.32363147,0.32029837,-0.38269266,0.11126208,0.22987601,0.47634184,-0.0095392,0.4810631,0.39141822,0.69322109,-0.67699969,-0.22586221,0.41540933,-0.082693174,0.16380844,0.077855036,-0.31067544,-0.95460558,-0.461072,0.12493253,-0.24915126,0.56225371,0.91118228,0.3527984,-0.44734982,0.19114746,-0.33991289,0.52559501,0.40430731,-0.41454548,0.098656654,1.1194795,0.12628277,0.11694054,-0.90321612,-0.15446614,-1.7286074,0.86499608,-1.1847633,-0.23911917,-0.13229501,-1.4280066,-0.05759833,0.092044145,0.15869007,0.3719992,0.28655955,0.000665098,-1.5308267,0.63554686,0.13849713,0.80708694,0.024408722,-0.95297658,-0.14965644,-0.76691341,0.50976592,0.22259027,-0.83771926,0.28811169,-1.5497369,-1.5685867,-1.1344583,-0.27654076,0.39826974,0.099304646,0.25179189,-0.73008019,0.68642092,-1.124613,-0.13908203,0.2854532,-1.0222369,0.013518266,0.056917787,0.39736229,0.05270768,0.28864777,-0.003749566,0.45007473,0.11529872,0.48113289,-0.049278606,-0.069771543,-0.52405596,0.41993901,0.98219687,-0.39528638,0.51520836,0.54070026,0.49053079,-0.58059794,0.48708713,0.18249272,-0.83867002,-0.45698687,0.08106479,0.048566312,0.1868307,0.68835545,-0.47795698,-0.52557051,-0.4991408,0.049169526,0.43181232,-0.22642465,0.092268124,-0.28545958,0.15387581,0.85563493,-0.97025561,0.14378367,0.34807023,-0.52544147,-0.085113481,-0.30084413,-1.2399766,-1.6267495,-0.24058461,0.62453437,0.10677871,-0.3084009,0.73458248,0.08674527,0.4971537,0.26556411,-0.22138828,-0.30908051,0.22377975,0.048900202,-0.07631918,-0.67412603,0.20513672,0.15157132,1.0526072,-1.4516346,-0.016198691,1.1707911,1.4676917,0.28852087,-1.0928313,-0.31083101,-0.42009526,-0.14281657,-0.003796095,0.2558893,0.48116738,0.44793853,0.33656603,0.11004329,0.20917058,0.74572247,0.63637489,0.79299498,-0.72394925,0.3479653,0.17843866,0.35937575,-0.31811404,-0.2006122,-1.3616011,0.32870984,0.06661623,-0.32651415,-0.11849106,0.25408202,0.1598236,-0.69837022,0.23017067,-0.17404555,-0.14539151,-0.059422892,0.28037661,0.87938654,0.26626217,0.06539163,0.46180898,-0.1496104,-0.10321364,-0.93333048,0.2011683,-0.56517601,0.037612341,0.49350417,-0.89597684,-0.27248162,0.32137823,0.39056855,-0.46407714,-0.99148291,0.46417242,-0.48856062,-0.031079086,-1.1773384,0.24353114,-0.14015628,-0.46254259,-0.47978318,0.84101421,0.48230365,-1.6612915,-0.96716917,-0.33637705,0.010465333,0.21368924,-0.08800631,0.037028838,0.41888765,0.21850617,-0.20553355,0.25809616,0.27936736,0.3966445,-0.10738731,-0.20433667,0.17283571,-1.2993606,0.021384854,0.2317225,0.063227743,0.25039634,0.55677593,0.71615398,-0.4292478,-0.69848126,-0.35127893,0.18394998,-1.579468,0.3164959,0.32657498,0.36792934,-0.55311608,-1.0693008,0.18336424,-0.52210814,0.005662307,-0.049445398,-0.031530838,0.21160716,0.16742879,0.3475019,0.30778778,0.01472728,-0.10152476,-0.27313644,-1.9338049,-0.61318523,-0.73176092,0.054484274,-0.80109692,0.26521811,-0.007913277,-0.29296073,0.11338352,0
0.5304988,0.29201546,0.25664908,0.5311836,0.49780968,0.56448108,0.51502824,0.50325179,0.51704967,0.53391355,0.51425385,0.53451574,0.50866371,0.50083935,0.50633407,0.50687063,0.50242066,0.55953348,0.53781742,0.44365937,0.51720518,0.53784871,0.5234406,0.4647792,0.52256966,0.52354395,0.53956461,0.54572654,0.51391399,0.52823889,0.54090273,0.51845431,0.50733167,0.49031526,0.52638662,0.49025708,0.49070281,0.50559151,0.50981981,0.51616442,-0.72787398,0.21917027,0.28520525,0.35774282,1.1875802,1.6076183,1.2097769,0.63241637,0.73461521,1.523753,1.2989216,1.0871878,0.33280826,-0.20373335,-0.19563079,-0.25661168,0.56324416,0.29361948,0.32903558,0.29335469,-0.43880785,-0.020403985,-0.50492382,0.37609708,-0.73732561,-0.052349076,-0.1562051,0.53899515,0.22980757,1.4775566,-0.17216381,0.21593702,-1.0682695,-0.20650807,0.005181946,0.78409481,-0.91067809,0.56998104,0.25752351,-0.79969841,-0.10163105,-1.0692619,-0.57655811,0.35588709,0.72205466,0.66628444,-0.036999449,-1.4680473,0.62165928,0.12887475,-0.90423399,0.40911496,0.064430155,-0.027333491,0.58807421,-0.061158799,0.33045188,-0.40063584,0.062584661,0.45398021,-0.65510666,-0.97718936,0.075237751,0.43406987,-0.22446817,0.11508933,0.043314796,-0.19886929,-0.13669696,-0.28053585,0.39865357,0.9021067,-0.13425845,-0.30351627,-0.39719492,0.13439956,0.33256048,-0.80879188,0.34113139,-1.0914072,-0.35625038,-1.6223919,-0.95184273,0.023677943,-0.45234931,0.2381849,-0.36262286,0.094670296,-0.05033917,-0.080231905,-0.72347385,-0.34151608,-0.15734631,-0.95612526,-0.031593367,-0.14572863,0.21750037,0.24239907,-0.43217731,-1.407809,0.40753508,0.38843796,0.69720697,-0.12217189,0.53417039,0.35764134,0.033296719,-0.44048452,-0.29168507,0.22217201,-0.42922172,-0.12658253,0.34542033,-0.19234574,-0.66773087,-0.077957958,-0.47150666,-0.55064666,0.19455077,-0.2488171,0.047035035,-0.61336285,0.67517346,0.58285272,0.12557736,-0.11869675,-1.5339667,0.71553296,-0.077844828,-0.17269991,-0.079407156,-0.50462282,-0.041371509,-0.073405199,-0.60975158,0.88179016,-0.64764655,0.13129964,0.42959133,-1.4151974,-0.12346503,0.35288423,-0.038818326,-0.56818008,-0.75961822,0.5695349,0.33672997,0.18469653,0.75289404,-0.58989519,-0.32188115,0.079844892,-0.08667025,0.26229021,0.34049499,0.18760785,-0.063609928,-1.0903643,-1.3544996,-0.624533,0.22689924,0.66707617,0.28745726,-0.39807263,-0.25169834,0.13890666,1.1240773,-0.13468665,0.03002369,-0.36215279,-0.22386965,1.0547212,0.15395732,0.2444742,0.78877306,-0.077409782,-1.8434361,-0.12377399,0.53396684,-0.008450993,-0.0746748,-0.66573536,0.18261287,-1.3701048,0.23184405,-1.2205048,0.35145649,0.064032324,-0.73427963,0.084151767,0.42774498,0.32850003,-0.21317905,-0.2725127,-2.552247,0.32936662,-0.41469964,0.010080904,-0.13993067,0.20645878,0.38560331,0.073637038,-0.23090307,0.53133386,-1.3648063,-0.71939999,-0.34026814,0.31641477,-0.47089729,0.13913889,0.11515028,0.49201217,0.049776316,0.49974203,0.46367234,0.76756209,-0.77157289,-0.27149042,0.43111849,-0.13898776,0.2338499,-0.029279919,-0.21785684,-1.0213405,-0.45781475,0.078917451,-0.36651114,0.53531224,1.0661883,0.29801854,-0.4165476,0.09940137,-0.24734244,0.47847915,0.48400253,-0.31110209,0.093340777,1.4869996,0.082206592,0.14998265,-0.92202502,-0.10583238,-1.7749684,0.92375857,-1.2745849,-0.24389961,-0.14492264,-1.422012,-0.016391784,0.11853576,0.064972386,0.5022797,0.47280049,0.23628981,-1.6066476,0.70037007,0.045789953,1.004712,0.018629901,-0.91542023,-0.14209695,-0.71675688,0.46950495,0.12207232,-0.86994058,0.3600792,-1.5489398,-1.5719609,-1.2096171,-0.34020239,0.52890283,0.20794493,0.19900921,-0.74648404,0.61931509,-1.1817546,-0.042879954,0.2703141,-1.0082035,0.11068108,0.018373715,0.44924545,0.002864469,0.34736145,-0.008024894,0.40237439,0.06764818,0.5404675,-0.018819522,-0.03802833,-0.53668499,0.37122428,0.95360005,-0.43730897,0.49775931,0.44385594,0.57226455,-0.59588659,0.61786014,0.577402,-0.89404124,-0.50839847,0.13157962,0.16800937,0.25775826,0.63181937,-0.36336309,-0.47191823,-0.39405403,0.043718845,0.56594902,-0.068288371,0.080551401,-0.2239563,0.18522961,1.0254297,-0.90474004,0.11276679,0.2919884,-0.58126128,-0.086063549,-0.20384866,-1.2793787,-1.6999923,-0.25426483,0.47888622,0.10197324,-0.31269976,0.65576172,0.10980861,0.47489366,0.22279468,-0.20158069,-0.34817091,0.17257705,0.077725053,-0.09785448,-0.58272445,0.19299883,0.15312913,1.1311603,-1.4730254,0.028271012,1.3804061,1.4107876,0.35195246,-1.1272992,-0.25820607,-0.40383893,-0.11197773,0.031737607,0.43593237,0.68193084,0.82984871,0.40993369,0.11966144,0.22122964,0.63686001,0.68844891,0.86039084,-0.70965832,0.30795759,0.29685783,0.22406965,-0.31396201,-0.19870622,-1.4240841,0.24617703,0.051382452,-0.31072804,-0.15287416,0.40778029,0.16732153,-0.70375335,0.22614631,-0.25282907,-0.05577752,-0.045947343,0.40222102,0.99560064,0.33667031,0.026096083,0.52942365,-0.11268382,-0.000362665,-1.0045905,0.28170976,-0.544586,0.20587064,0.60275602,-0.76452076,-0.34037209,0.33714476,0.40604633,-0.49291551,-0.99910581,0.49785471,-0.56700253,-0.040432997,-1.127012,0.28182051,-0.10773198,-0.51692933,-0.35536927,0.79573131,0.56046283,-1.6903929,-0.9417426,-0.29524019,0.035600279,0.22973186,0.026215218,-0.013759205,0.43750316,0.19922072,-0.16638738,0.2171883,0.35313916,0.40803915,-0.079733521,-0.131486,0.1748239,-1.3714856,0.049318209,0.29765224,0.049961813,0.2223199,0.55053598,0.7335481,-0.35010362,-0.70156693,-0.35252914,0.12427092,-1.7317562,0.28121921,0.40428174,0.33263409,-0.61354953,-1.1025946,0.2116846,-0.50062919,0.038718998,0.086043142,-0.074254043,0.31104529,0.17808431,0.2841014,0.48567396,-0.010212756,-0.17432702,-0.42860541,-2.0110312,-0.64824116,-0.78102273,-0.016517542,-0.74709064,0.18762358,-0.13139741,-0.25833738,0.073177941,0
0.48008263,0.24149834,0.22173926,0.47806755,0.45871621,0.46856108,0.47486231,0.45580798,0.458143,0.49028677,0.4650538,0.49025819,0.47431183,0.44615418,0.48990336,0.47398663,0.48534107,0.49819112,0.46241826,0.46144414,0.44817182,0.48012817,0.44583315,0.45660451,0.48169097,0.45171186,0.46994147,0.45295954,0.45445758,0.45397651,0.46997368,0.45280486,0.45307338,0.41427863,0.46579272,0.4525544,0.43534708,0.44044346,0.44337362,0.44007635,-0.68137485,0.21178867,0.21637654,0.35477784,1.0827284,1.543071,1.1247979,0.55582464,0.65606558,1.4598083,1.2405119,1.0253527,0.32126135,-0.18823513,-0.19484264,-0.25734496,0.56212467,0.30053687,0.32051879,0.26250175,-0.49809989,-0.010457175,-0.48010242,0.34678683,-0.68190444,-0.036683001,-0.23160879,0.53293002,0.15919203,1.3695743,-0.18177897,0.20162605,-0.92614931,-0.18573147,0.004371585,0.84829903,-0.84745026,0.58871013,0.21572781,-0.75611603,-0.11918737,-0.94632661,-0.46220002,0.31275073,0.81769508,0.57411402,-0.018080574,-1.3482659,0.62804002,0.12653397,-0.89785367,0.44785976,0.035294756,0.077927321,0.63264924,0.001588963,0.3300398,-0.30274415,0.046609495,0.50553483,-0.61477089,-0.88278759,0.062354777,0.41088051,-0.2832557,0.16170609,0.083053589,-0.18720151,-0.11159774,-0.26111394,0.38950849,0.80112964,-0.1392232,-0.14233394,-0.38085726,0.012636036,0.17456096,-0.76634085,0.36038172,-1.0055698,-0.28410462,-1.5011673,-0.78564662,-0.036321122,-0.44318524,0.32490832,-0.40873915,0.045325734,-0.099352069,-0.090024203,-0.64514631,-0.52834159,-0.12069993,-0.91537029,-0.068805546,-0.050015509,0.12330254,0.24039969,-0.3883689,-1.409493,0.22003448,0.34457612,0.72821903,-0.096635632,0.49019367,0.30645394,0.000202678,-0.50269771,-0.19201261,0.2346985,-0.49990427,-0.14864695,0.3412182,-0.10507828,-0.60038233,-0.014247987,-0.57256228,-0.45157281,0.17886259,-0.24840902,0.04500128,-0.61006033,0.65292293,0.52254713,0.075271845,0.006809628,-1.3975428,0.66376829,-0.037814155,-0.16923639,-0.059834927,-0.51682079,0.019115353,-0.063652433,-0.58453244,0.81121778,-0.67307347,0.12982917,0.38230705,-1.3158417,-0.062859997,0.26665297,-0.04555976,-0.30591887,-0.76138526,0.49199399,0.21323055,0.28610897,0.70158213,-0.63064861,-0.3806625,0.047543459,0.028364003,0.26709878,0.29777011,0.17098859,-0.12694162,-1.0567288,-1.3092352,-0.63236517,0.24397574,0.74990237,0.27090165,-0.40712324,-0.30244049,0.085370824,0.97732019,-0.20407802,0.038875185,-0.31764695,-0.24657409,0.88849664,0.10810071,0.21949853,0.66289496,-0.085544594,-1.7652043,-0.092292055,0.44957867,-0.010021692,-0.074527793,-0.65435863,0.097929254,-1.2385392,0.18211271,-1.0743365,0.13665476,-0.045184538,-0.74447644,0.081650354,0.30283973,0.20030424,-0.20764722,-0.48928013,-2.2349808,0.32752681,-0.33005008,-0.033676196,-0.005907282,0.03012979,0.37747076,0.1056121,-0.1921645,0.49406514,-1.3122492,-0.69732976,-0.2094723,0.36492965,-0.40744793,0.14268667,0.22063632,0.35150185,0.047686256,0.45805919,0.3887606,0.69565338,-0.70278782,-0.26345295,0.5059191,-0.095471658,0.21064614,0.003991921,-0.22344008,-0.94440216,-0.40448833,0.095874928,-0.27704352,0.53158158,1.0027376,0.32322809,-0.40674365,0.19278118,-0.23771623,0.51209533,0.41952813,-0.3726151,0.14015552,1.4268757,0.1308942,0.12150081,-0.82471162,-0.1273523,-1.6545975,0.82853174,-1.1398838,-0.29424879,-0.084296934,-1.2628129,-0.092926681,0.10664635,-0.049303427,0.3804366,0.36893457,0.073718011,-1.4890109,0.62907326,0.031463772,1.0536501,0.026456915,-0.90203112,-0.12006901,-0.71158212,0.48900723,0.19774932,-1.0007015,0.26558208,-1.5283818,-1.5143788,-1.1157348,-0.30592135,0.36871487,0.28855106,0.17899841,-0.73289263,0.62464279,-1.0809889,-0.16497651,0.28443524,-0.97026664,0.004678095,0.009148154,0.41944605,-0.01839228,0.33150533,-0.023609221,0.35406741,0.085085623,0.35604122,-0.032344952,-0.045910548,-0.56185246,0.38672614,0.98265779,-0.39495927,0.50983858,0.45022342,0.59505373,-0.58858043,0.5787487,0.36444151,-0.77044344,-0.45673972,0.090182915,0.079739556,0.22983126,0.6715309,-0.32561064,-0.45402822,-0.40061623,0.025503144,0.54094762,-0.14172208,0.12202477,-0.24247345,0.14530765,0.98422086,-0.87089288,0.14326903,0.28681588,-0.56750208,-0.043862894,-0.14540997,-1.1482511,-1.6770957,-0.29487059,0.52150279,0.12504297,-0.29246068,0.63386971,0.15009293,0.48893085,0.19890811,-0.19674641,-0.33841467,0.18798761,0.075453199,-0.15297131,-0.58541101,0.20746586,0.12874629,1.1145996,-1.5049734,0.036892705,1.3788924,1.4228976,0.37230346,-1.0724332,-0.26581106,-0.29165512,-0.13177532,0.019107919,0.24186385,0.67240524,0.71902519,0.33500028,0.13933679,0.21539783,0.65641659,0.63340414,0.82543361,-0.78502214,0.29487127,0.19861777,0.18957776,-0.26653129,-0.25915456,-1.3398747,0.26779252,0.014845299,-0.33944032,-0.074780948,0.25708476,0.17184128,-0.60145777,0.17212874,-0.23560688,0.085747093,-0.050603062,0.44020218,0.82454151,0.27092355,0.016653171,0.44920921,-0.20486979,0.025805784,-0.88857836,0.2533316,-0.57745963,0.13625737,0.64423084,-0.85589027,-0.26159146,0.28783488,0.35823059,-0.44443381,-0.89969546,0.48040688,-0.55165392,-0.042570099,-1.1056321,0.22797686,-0.14976531,-0.3964906,-0.44792345,0.84448117,0.47728488,-1.6170585,-0.9529776,-0.28722367,0.036492944,0.21768989,-0.049646623,0.025593776,0.3439596,0.18580194,-0.16306485,0.24670342,0.33770332,0.39041391,-0.10469591,-0.185498,0.097113669,-1.2199181,0.039219633,0.22365479,0.068131894,0.1862392,0.49339917,0.82904041,-0.32672137,-0.69777095,-0.31137946,0.038068786,-1.5183328,0.34562877,0.25734061,0.35736778,-0.59567231,-1.0657575,0.25591478,-0.44370204,0.058858678,0.060695551,-0.063514695,0.12472737,0.14260605,0.28211063,0.32995343,0.007617634,-0.22592431,-0.27916664,-1.8009779,-0.54038018,-0.74348831,-0.020752108,-0.75769371,0.21797237,-0.11315009,-0.28083056,0.047036134,0
0.51778913,0.2517013,0.23429069,0.51235253,0.49877769,0.52281791,0.50627583,0.49173874,0.49679393,0.49894062,0.49568391,0.49142727,0.49987537,0.48009968,0.50591409,0.50133204,0.50669295,0.52467513,0.51154244,0.49331874,0.48695415,0.50258923,0.49605489,0.5001691,0.50581878,0.49262857,0.50565052,0.49923462,0.50022757,0.49484506,0.49920684,0.49549142,0.48595637,0.48156863,0.49885988,0.46654087,0.47896203,0.49051458,0.46927607,0.48588106,-0.73980874,0.22435351,0.2666927,0.3001084,1.2076678,1.5990014,1.2076755,0.59943366,0.70712143,1.5197194,1.324922,1.0797065,0.31239137,-0.16180995,-0.18972406,-0.24939431,0.57034993,0.29564106,0.37998301,0.27372688,-0.64959049,0.016399637,-0.44334,0.25743803,-0.67504847,-0.057571121,-0.1569476,0.5105139,0.28314921,1.2953014,-0.18179312,0.18901472,-1.0111508,-0.19393241,0.035252281,0.81976438,-0.85216963,0.57302791,0.40478891,-0.77746153,-0.077785999,-0.96322978,-0.4511897,0.29898912,0.74352121,0.57252681,0.004292366,-1.4286251,0.56392521,0.12296661,-0.88233906,0.60898948,0.052046865,-0.011799157,0.60462272,-0.007925488,0.2893942,-0.38472939,0.087611139,0.53411645,-0.50844145,-1.0068467,0.072336517,0.43538016,-0.30401382,0.12593351,0.034612302,-0.13747218,-0.1590403,-0.26684442,0.26463962,0.71798772,-0.1297656,-0.60116303,-0.42236912,0.078876778,0.39808652,-0.84962231,0.39993519,-1.0828226,-0.31144795,-1.5831857,-0.89432919,0.000548413,-0.4399173,0.1989315,-0.40776524,0.037933469,-0.080335125,-0.12567103,-0.63583964,-0.31579703,-0.21339229,-0.95977855,-0.090918042,-0.14882553,0.18508853,0.087557316,-0.40998361,-1.4933898,0.22054452,0.42273432,0.70417011,-0.076336913,0.48741791,0.2555697,0.044039909,-0.36660874,-0.21957354,0.22485673,-0.27171719,-0.07088951,0.30517855,-0.18927749,-0.65722251,-0.078872666,-0.62282199,-0.62300146,0.23217103,-0.28981599,0.054088879,-0.54619372,0.58110154,0.50403291,0.006717136,-0.037948266,-1.5527765,0.63168579,-0.090869792,-0.094454795,-0.078925431,-0.51491261,-0.008749866,-0.0569328,-0.55815578,0.89790171,-0.67540777,0.18517284,0.45039353,-1.5550944,-0.044594146,0.31146652,-0.14355667,-0.49154139,-0.83243042,0.53702956,0.17456645,0.10827847,0.59262228,-0.62109798,-0.28389803,0.070396185,0.041917134,0.27491859,0.36146528,0.18865752,-0.14652798,-1.0896904,-1.3657203,-0.6980142,0.27808988,0.56578726,0.21614662,-0.3486788,-0.33248213,0.12182062,1.2011216,-0.071387567,0.053641729,-0.30001831,-0.2757659,0.97021013,0.11476606,0.22530523,0.6050576,-0.056609444,-2.0344024,-0.10364352,0.36215508,-0.040247984,-0.12401304,-0.68055469,0.11848237,-1.3642433,0.24652341,-1.1635184,0.55286378,0.011402994,-0.72136688,0.001327794,0.23861173,0.46784329,-0.182513,-0.42228949,-2.3754666,0.28562084,-0.40308854,0.008321263,-0.1685828,0.20020539,0.46386698,0.14042205,-0.17204896,0.58979517,-1.3968507,-0.64333147,-0.32294893,0.3348121,-0.34666246,0.0975613,0.23765704,0.40442109,0.059357975,0.48800975,0.41423559,0.8241446,-0.74262029,-0.22586349,0.47010225,-0.130696,0.21230331,-0.044263486,-0.21361303,-0.96584815,-0.41785726,0.1040654,-0.29878914,0.49593776,1.0449728,0.34394065,-0.39497969,0.16525142,-0.29362357,0.39590043,0.50063396,-0.29686913,0.091035023,1.3910729,0.067879669,0.13072671,-0.87397337,-0.17956074,-1.7687519,1.0037112,-1.2856625,-0.32328257,-0.12701665,-1.4277617,-0.060966611,0.12234726,0.045714565,0.334178,0.27238026,0.1817472,-1.5442572,0.68776029,0.029362706,1.0305743,0.013035323,-0.88677233,-0.10937742,-0.76291519,0.49540985,-0.038042903,-0.87156188,0.40588155,-1.6160438,-1.5392122,-1.1868958,-0.27740154,0.32170159,0.1700013,0.22701249,-0.77178371,0.60395914,-1.1846722,-0.16078126,0.20630081,-1.0814191,-0.00125185,0.018119598,0.46348023,-0.044522114,0.32712078,-0.019269131,0.27349794,0.14917512,0.62157923,-0.026020641,-0.11404232,-0.56790298,0.34658194,0.88675737,-0.43572122,0.47923157,0.46802226,0.58668894,-0.56735957,0.65681463,0.42153022,-0.90663761,-0.5089919,0.081531085,0.12786594,0.28350389,0.65772671,-0.28063482,-0.48739246,-0.42541164,0.024422385,0.51189893,-0.18945044,0.020784855,-0.27414852,0.15946616,1.0331472,-0.98784232,0.14282684,0.26081458,-0.56531948,-0.068821944,-0.045113847,-1.3131702,-1.7213473,-0.13928235,0.55217147,0.095986463,-0.34593105,0.76362437,0.20975533,0.42349684,0.24436644,-0.22623567,-0.39052615,0.20178929,0.060129039,-0.11227614,-0.57546127,0.18805182,0.11466455,1.14416,-1.5982671,0.13126439,1.3637655,1.4354634,0.39066499,-1.0486937,-0.25988477,-0.36703718,-0.10940071,0.045495555,0.34882715,0.6824674,0.74489212,0.41417137,0.12132141,0.21322472,0.58415425,0.62701321,0.7510314,-0.72156858,0.19780274,0.21738175,0.14645098,-0.28938127,-0.13860673,-1.4385201,0.26071453,0.051870674,-0.30031171,-0.12381521,0.2336141,0.24515535,-0.71758556,0.32338625,-0.20498529,-0.089711078,-0.13430367,0.61358559,1.0298138,0.27765685,0.053069811,0.50289178,-0.13416857,-0.17152332,-0.9768635,0.26645613,-0.52381533,0.058566138,0.57798326,-0.88109261,-0.33004874,0.30712941,0.34715843,-0.46437651,-1.0001006,0.55321187,-0.61739016,-0.065641724,-1.1002771,0.29098117,-0.12179178,-0.5509935,-0.46545795,0.81666911,0.43922418,-1.6764927,-0.95551485,-0.30527535,0.029076993,0.23541932,0.029323544,0.040266998,0.49838126,0.17258921,-0.14799635,0.18376562,0.32286999,0.3890754,-0.064490542,-0.004659571,0.11064111,-1.2721599,0.21654841,0.37731594,0.053011823,0.2362144,0.55861163,0.78468913,-0.33720785,-0.70645481,-0.42474419,0.14391258,-1.6140211,0.30494007,0.27941084,0.23192485,-0.59691745,-1.1377754,0.29305679,-0.53950638,0.091208786,0.12701026,-0.046716962,0.48826903,0.13754101,0.29335919,0.41108486,0.000192257,-0.17320424,-0.30351388,-1.9494547,-0.65974724,-0.77851903,0.05159137,-0.84942061,0.16844973,0.017493144,-0.27488175,0.097420134,0
0.59903073,0.32459369,0.28999877,0.69199294,0.61712825,0.67490315,0.65080392,0.60566556,0.62292492,0.61236835,0.6267826,0.62936491,0.6224643,0.58232826,0.61188185,0.62814498,0.59352821,0.7028532,0.59428906,0.55574948,0.58358526,0.62927914,0.5850389,0.6529392,0.61602533,0.64815211,0.63689572,0.61638439,0.6269964,0.62065375,0.65219694,0.57315624,0.60999519,0.55077541,0.62025952,0.60219836,0.58548534,0.59155959,0.56861758,0.58970428,-0.6983695,0.27797407,0.36064631,0.3708117,1.3465843,1.7344623,1.3286999,0.70456314,0.81720525,1.6447576,1.4559255,1.2091503,0.34077379,-0.12360375,-0.29252234,-0.29183859,0.58604944,0.33382547,0.42512286,0.29181084,-0.65464675,0.023589924,-0.47938994,0.36214861,-0.68811464,-0.054390013,-0.10095158,0.45246217,0.35068437,1.0934795,-0.19839701,0.19252607,-0.98274159,-0.13621949,-0.001102218,0.841124,-0.90626252,0.64624095,0.51186073,-0.71739709,-0.12843364,-0.96122223,-0.4513455,0.067317396,0.77398986,0.53244263,0.060625531,-1.4506303,0.49650607,0.12266383,-0.9075374,0.64422387,0.081247136,-0.031067409,0.52922362,-0.043667775,-0.002431393,-0.34292519,-0.067400694,0.50629854,-0.58430982,-0.92545617,0.066994086,0.52276844,-0.28685504,0.15020287,0.15553667,-0.13663089,-0.053847574,-0.24267229,0.35388654,0.79683793,-0.11701645,-0.52780479,-0.39499101,0.20339023,0.18821816,-0.86876136,0.40012068,-1.1327767,-0.30407846,-1.5736871,-0.88889092,-0.018013921,-0.40066469,0.20692593,-0.40677327,0.081734389,-0.084296048,-0.14528044,-0.91322649,-0.17380302,-0.46452472,-0.93127131,-0.11228198,-0.19890475,0.19165385,0.2287728,-0.37560725,-1.4563197,-0.24946481,0.42355555,0.67250538,-0.12905404,0.56896996,0.2829178,0.033399511,-0.69927013,-0.2650294,0.22161341,-0.087569386,-0.15755603,0.34928513,-0.17220557,-0.60366178,-0.047155283,-0.58154905,-0.53380686,0.2698451,-0.2175442,0.065359883,-0.63145655,0.63024384,0.59953845,0.06882631,0.18748768,-1.4221222,0.077474654,-0.04313641,-0.098333158,-0.14050649,-0.55576348,-0.022473898,-0.11583333,-0.58422631,0.65880036,-0.73290873,0.17882559,0.39564669,-1.5068042,-0.20823078,0.24625462,-0.18361576,-0.45368794,-0.7878052,0.39583224,0.27728021,0.16797477,0.59765762,-0.67480969,-0.19090039,0.12545013,0.20746018,0.20587552,0.27872548,0.11012942,-0.077207796,-1.0868294,-1.3750523,-0.54280686,0.30943847,0.097489417,0.2400575,-0.40993127,-0.32434788,0.14044797,1.3015344,-0.19424218,0.074031517,-0.32286057,-0.23779014,0.80681068,0.1590053,0.29684561,0.33288717,-0.059628189,-1.8348832,-0.09343379,0.30051148,-0.032188494,-0.25466233,-0.68636543,0.077692673,-1.3360536,0.23096842,-1.1516204,0.68797529,0.08508154,-0.7337805,0.1154215,0.16305718,0.60109711,-0.15377274,-0.69404596,-2.3822863,0.28073877,-0.62580866,-0.004581481,-0.047887117,0.1246869,0.54188764,0.23663861,-0.16773078,0.52644777,-1.2576346,-0.64716613,-0.18214849,0.36050522,-0.37190005,0.080948517,0.28526807,0.50771749,-0.040328696,0.46799818,0.37692195,0.73033512,-0.81552351,-0.22402322,0.57054251,-0.047159459,0.1957012,0.000937236,-0.29503697,-0.94466698,-0.42114562,0.060144939,-0.295724,0.52898842,0.92890263,0.40584221,-0.39296585,0.17397113,-0.33241466,0.33179635,0.49305254,-0.44898871,0.11221704,1.1107559,0.065539151,0.18706326,-1.0323076,-0.086172193,-1.8365886,1.0137271,-1.2028877,-0.30752826,-0.23559876,-1.5957372,-0.22052969,0.045310289,0.16652758,0.4082126,0.32551503,-0.094719321,-1.551945,0.71126622,0.48921153,0.80091989,-0.018102851,-0.8981576,-0.08467973,-0.8299039,0.50288767,0.075428948,-0.86888182,0.30475393,-1.5596414,-1.595019,-1.1172166,-0.25060478,0.32455391,0.021173835,0.31680739,-0.81318164,0.65750241,-1.197687,-0.070248075,0.1839627,-1.1324492,0.013057076,0.056212053,0.51384717,-0.11721234,0.26788747,-0.031564459,0.43615198,0.14066297,0.8293702,-0.069458604,-0.10857383,-0.61701065,0.41081578,0.86090499,-0.55904675,0.34268275,0.39913535,0.45437151,-0.53365344,0.55960095,0.1762706,-0.79852802,-0.52380008,0.15252882,0.084156431,0.2264276,0.58562726,-0.32006896,-0.49728358,-0.38975,0.048955113,0.54256177,-0.36190143,0.10973653,-0.33025298,0.11941858,0.98240983,-0.98554993,0.13484333,0.2619167,-0.5272609,-0.10892044,-0.055441812,-1.3325372,-1.6703413,-0.10000809,0.6425513,0.040524885,-0.36532846,0.80630153,0.20257017,0.27462763,0.24740005,-0.15732446,-0.48618749,0.2396521,0.028212525,-0.052337177,-0.8704896,0.24201331,0.27628672,1.0664351,-1.3973545,-0.078463927,1.1540568,1.4625883,0.22279167,-1.0705123,-0.3461923,-0.44160649,-0.064300887,0.023383785,0.36033869,0.49373996,0.15911591,0.30231145,0.086326018,0.2127085,0.62529266,0.56350589,0.67689168,-0.81123579,0.22324802,0.12141839,0.21955127,-0.27101082,-0.21549727,-1.4029803,0.30169556,0.073454082,-0.35555017,-0.33441049,0.17677855,0.10240126,-0.48297489,0.36273447,-0.17669961,-0.29539254,-0.15928015,0.52137744,1.0520259,0.28707534,0.11059219,0.44847795,-0.15963964,-0.12824319,-0.91545266,0.28501773,-0.52994215,-0.1166077,0.33082575,-0.8954469,-0.32433331,0.33248267,0.40915945,-0.49076599,-1.0200408,0.55796027,-0.55526567,-0.079662271,-1.1716876,0.25085756,-0.11683577,-0.60761297,-0.51571196,0.90949672,0.52421796,-1.6823531,-0.83345997,-0.34463701,-0.018225692,0.15713906,-0.032035142,0.049404033,0.44415644,0.20530167,-0.14112759,0.26361844,0.23424016,0.43022341,0.08204107,0.008984253,0.20076025,-1.2843122,-0.045951184,0.35279262,0.067667589,0.2379175,0.58875883,0.70289195,-0.35327953,-0.70693505,-0.37921056,0.1477344,-1.6680636,0.26909882,0.32896569,0.43234059,-0.60427088,-1.1107857,0.18348172,-0.50792128,0.040903136,-0.067030542,-0.10631989,0.65793765,-0.042886175,0.32805827,0.49386686,0.011382203,-0.17046112,-0.29477537,-1.9708608,-0.57341433,-0.76292741,-0.052970018,-0.85403866,0.29376704,-0.003088713,-0.26126081,0.1201959,0
0.53011811,0.26375216,0.25077564,0.51454443,0.50050235,0.53127635,0.51703036,0.50493848,0.50604528,0.50810778,0.50536323,0.50433457,0.50754774,0.48609668,0.52138495,0.50074106,0.51107103,0.5377413,0.51834571,0.50248069,0.50057065,0.51438755,0.50528377,0.49974495,0.51719165,0.5085063,0.51662266,0.50034928,0.51626348,0.50547242,0.50231975,0.51077974,0.49474072,0.49456072,0.50833291,0.4854641,0.47929919,0.49707502,0.47923201,0.4916659,-0.72749424,0.23403886,0.27542478,0.2901403,1.2116132,1.5980675,1.2244201,0.59589958,0.71954882,1.5128043,1.3218085,1.0780611,0.27528536,-0.15800941,-0.22372185,-0.24485669,0.56627595,0.31411263,0.3946422,0.27488676,-0.45432696,0.051523458,-0.48888612,0.35457107,-0.62745631,-0.067811966,-0.12730317,0.43625444,0.1630282,1.3523043,-0.16579825,0.19776978,-0.96585059,-0.15786758,0.005988678,0.77645713,-0.85827577,0.58889937,0.23580314,-0.73630708,-0.042912472,-0.96290618,-0.44303179,0.24075723,0.74174017,0.60020357,-0.00166815,-1.4176011,0.6644516,0.12578079,-0.87879306,0.59596705,0.019909583,0.081007391,0.50091511,-0.084703535,0.20956703,-0.37604219,0.056822937,0.51351625,-0.67576134,-0.98298407,0.056546487,0.39432949,-0.24881878,0.22647557,-0.023488956,-0.14852957,-0.10329391,-0.27272373,0.37469146,0.68626094,-0.13387606,-0.3658286,-0.28928173,0.05265896,0.41566971,-0.82691747,0.32480669,-1.0578973,-0.32477543,-1.5795469,-0.83963674,0.003484944,-0.44212216,0.26862833,-0.28770697,0.055877484,-0.078719348,-0.12218386,-0.77992994,-0.35425287,-0.12136218,-0.95508355,-0.036097407,-0.1292275,0.15614918,0.17826706,-0.38905886,-1.4417603,0.25926536,0.3701632,0.71757007,-0.066990539,0.53189677,0.28439951,0.063883327,-0.37472472,-0.18527381,0.22333425,-0.49915972,-0.057185814,0.32665473,-0.14840984,-0.65941787,-0.000647552,-0.55007809,-0.48762602,0.19358027,-0.20103444,0.087398387,-0.63958073,0.62473345,0.53976572,0.050294399,0.1983034,-1.5919111,0.5421167,-0.11610246,-0.097671352,-0.10842856,-0.51645797,0.010325968,-0.01504007,-0.49368393,0.85274184,-0.54154932,0.16044858,0.46553051,-1.3246294,-0.039070696,0.2927053,-0.056871187,-0.61677539,-0.70539105,0.515984,0.19515899,0.39392123,0.6982035,-0.64582735,-0.27972832,0.068524793,-0.053249065,0.21443129,0.23068127,0.11030865,-0.11942481,-1.0923538,-1.3249131,-0.64563221,0.29251519,0.55218273,0.26337466,-0.35223299,-0.30255884,0.089541793,1.1303232,-0.1282306,0.035800796,-0.308153,-0.27623188,0.91862535,0.13127697,0.25437737,0.61297286,-0.0710444,-1.5713639,-0.12705104,0.46215829,-0.03378085,-0.21222755,-0.67788506,0.13091728,-1.3478452,0.20948683,-1.1844946,0.38920283,0.1024304,-0.73416132,0.05527167,0.32496423,0.38063234,-0.1519246,-0.32459667,-2.420038,0.28952861,-0.33004075,0.04721792,-0.12719542,0.18931234,0.40617561,0.061972439,-0.19581826,0.61015213,-1.3842925,-0.68620354,-0.35853815,0.38942343,-0.29091302,0.10530274,0.17335382,0.48280686,0.042222168,0.46715543,0.38760003,0.62297213,-0.69247216,-0.23188613,0.66291088,-0.063771129,0.26064131,0.002458599,-0.24802217,-0.94393301,-0.44448295,0.064625248,-0.26840302,0.47164994,1.0356772,0.4031499,-0.39482731,0.20591283,-0.2886247,0.48398539,0.50095695,-0.29070261,0.075447738,1.4126079,0.0934572,0.11127354,-0.88757896,-0.21740782,-1.8274983,0.90614331,-1.221958,-0.32351699,-0.21992297,-1.3599011,-0.093766913,0.072291747,0.068906523,0.90200138,0.25609109,0.16939728,-1.542104,0.64674377,-0.033957049,1.0034438,0.058773652,-0.87217546,-0.098186418,-0.75055736,0.49125513,0.24794811,-0.78851891,0.35460275,-1.579707,-1.6567974,-1.0806992,-0.30995077,0.31247085,0.2751151,0.24285984,-0.7256133,0.60969043,-1.1779526,-0.16867311,0.32232958,-1.0158744,0.081566304,0.046471011,0.4188416,0.078691468,0.35574946,0.017249078,0.39451733,0.090403892,0.52134496,0.005113166,-0.055794198,-0.56323081,0.33596551,0.91005397,-0.32785183,0.43523949,0.42549455,0.53929186,-0.58315545,0.62944478,0.31888857,-0.84096754,-0.45727152,0.089290716,0.045694031,0.18299066,0.69856799,-0.32355863,-0.49796611,-0.44581145,0.001844112,0.54182619,-0.15733911,0.09276779,-0.32306883,0.18260059,1.1492732,-1.0265405,0.17285371,0.26864982,-0.5515188,-0.1115991,0.056814909,-1.2768182,-1.6559975,-0.15827814,0.58873862,0.12880576,-0.35770604,0.69434255,0.10976003,0.49345529,0.22715908,-0.16890764,-0.37936687,0.1820261,0.069950983,-0.098486505,-0.67942375,0.17448787,0.17342058,1.1376026,-1.432462,-0.023382027,1.2626122,1.4964304,0.26696488,-0.97097594,-0.26502803,-0.35368931,-0.12375426,0.038377583,0.32839847,0.64778787,0.72549075,0.42506623,0.13320947,0.22375672,0.59902859,0.66882867,0.73109138,-0.66637337,0.29972562,0.30230448,0.2493377,-0.28191468,-0.14962198,-1.4075781,0.25423348,0.051707268,-0.38280177,-0.069132209,0.46076962,0.16212538,-0.71054387,0.18692371,-0.21840458,-0.025312513,-0.13648535,0.5302965,1.0421712,0.28887266,0.039133184,0.48554796,-0.19187784,-0.010168705,-0.95776957,0.18591595,-0.52943158,-0.007454112,0.53369457,-0.89742053,-0.40516865,0.26360705,0.39950845,-0.49184453,-1.05288,0.52405274,-0.57252496,-0.065659359,-0.98787069,0.22877742,-0.098988853,-0.49243662,-0.35372424,0.8649351,0.48013937,-1.7112346,-0.79815626,-0.31881174,0.050633006,0.25624776,-0.033011936,-0.017848171,0.39207414,0.16046926,-0.19144955,0.32488641,0.33355531,0.34632504,-0.07342869,-0.12585717,0.12743847,-1.3247274,0.27904364,0.31282124,0.067474663,0.24689052,0.49692619,0.74962568,-0.32798573,-0.6802088,-0.41514286,0.10023221,-1.6028004,0.29241967,0.31696877,0.3102468,-0.56153244,-1.0501847,0.17681336,-0.444711,0.056982279,0.004974328,-0.060665492,0.33836663,0.12926757,0.26338938,0.43219599,0.002049416,-0.21577029,-0.32591429,-1.9568702,-0.66745716,-0.75106436,0.11510724,-0.75102484,0.19820222,0.00392516,-0.30707803,0.085599445,0
0.50500524,0.24818191,0.21363887,0.51034951,0.48699355,0.53072083,0.51196635,0.48892903,0.52807593,0.51126069,0.51187223,0.47983921,0.5026406,0.46301994,0.51232433,0.48230201,0.49100485,0.53314614,0.50329155,0.48239607,0.50957507,0.49995697,0.49644029,0.51165855,0.50345516,0.50463188,0.50581962,0.48821652,0.52038157,0.50802529,0.49327534,0.49126595,0.5029102,0.47702837,0.49077287,0.46155667,0.48846239,0.49250293,0.45347852,0.48188549,-0.8066563,0.17745729,0.257635,0.28569567,1.232187,1.6311736,1.226482,0.59996819,0.71894509,1.5230916,1.3331782,1.079249,0.29386163,-0.16788346,-0.22502863,-0.28766569,0.49811938,0.28537312,0.38904274,0.24550916,-0.6176728,0.056783713,-0.44210038,0.27097401,-0.66550183,-0.068289854,-0.14451873,0.56118,0.38117737,1.4051795,-0.22253101,0.1738566,-1.0394202,-0.17852144,0.075432286,0.61923206,-0.94062454,0.4900071,0.46916312,-0.79819053,-0.13106704,-1.0115888,-0.43600738,0.22841702,0.61617029,0.73976403,0.056165423,-1.5398757,0.68937385,0.14152066,-0.8872928,0.64254647,0.094794631,-0.13892289,0.49139869,-0.090734415,0.23152721,-0.56451327,0.069182605,0.48003319,-0.46071929,-1.0772507,0.126853,0.53563631,-0.24162596,0.17469133,-0.004311735,-0.1292402,-0.07475704,-0.32696232,0.32432187,0.94007623,-0.16031522,-0.53195524,-0.47908965,0.41195783,0.37301794,-0.91233432,0.47256041,-1.0651044,-0.3591105,-1.6372198,-1.0004158,0.037800383,-0.41583431,0.21520784,-0.37040088,0.21348552,-0.11968391,-0.29647425,-0.79131198,-0.12365888,-0.035611048,-1.0484853,-0.14258057,-0.28894091,0.26797259,0.086721972,-0.53001547,-1.4969219,0.30059925,0.41062599,0.72941446,-0.074901283,0.57923245,0.27574375,0.067531429,-0.50287056,-0.22063078,0.16235004,0.001952887,-0.22361043,0.25172755,-0.21520363,-0.69702327,-0.08948788,-0.64659166,-0.66037232,0.34155616,-0.36273581,-0.005012037,-0.45079693,0.48308104,0.51749039,-0.16779774,0.025288682,-1.6383845,0.67610556,-0.17356585,-0.18535256,-0.021193417,-0.50037062,-0.074975386,-0.10797666,-0.5828988,0.89842492,-0.70350444,0.17827281,0.31634218,-1.5926265,-0.1582036,0.37286013,-0.061722059,-0.61832094,-1.0118408,0.4822987,0.24467218,0.32440835,0.65348345,-0.64295065,-0.25570324,0.081830472,0.19124962,0.2416296,0.22671911,0.15659179,-0.11847486,-1.1274405,-1.3601764,-0.64541489,0.30222642,0.49981093,0.31039929,-0.41973385,-0.21399933,0.19234866,1.5410303,-0.054615285,0.087875903,-0.47996652,-0.30697352,1.0323982,0.07891269,0.21009021,1.0598955,-0.045940768,-2.0357475,-0.081364736,0.51050335,-0.049958095,-0.076350108,-0.83717036,0.071237326,-1.4440546,0.21631253,-1.2492472,0.83920157,-0.068624973,-0.69874966,0.021633705,0.2667895,0.751697,-0.28432542,-0.30762362,-2.5174017,0.31118912,-0.47111723,-0.10328382,-0.23352537,0.036832243,0.63767236,0.21997531,-0.18859221,0.57235539,-1.444752,-0.72082257,-0.19503249,0.38755178,-0.48011079,0.044859439,0.24556211,0.52618182,0.049819224,0.44002637,0.46711901,0.74537861,-0.92721879,-0.30218533,0.66693467,-0.008259716,0.29753828,-0.14163059,-0.25138935,-1.0234098,-0.45926657,0.076154463,-0.39796922,0.48396605,1.0837079,0.3907111,-0.40630171,0.18279435,-0.42005327,0.61302835,0.59227991,-0.38087639,0.167358,1.4298726,-0.052723333,0.14653964,-1.0144814,-0.16477488,-1.8819369,1.1590309,-1.3301448,-0.39177573,-0.17762491,-1.6218913,-0.011248857,0.34943151,-0.057636708,0.82062376,0.42527372,0.25654331,-1.6803567,0.89385796,0.2332252,1.0604837,0.063940331,-0.94125926,-0.14295436,-0.78597206,0.55597758,0.47032356,-0.84216386,0.24047089,-1.6861534,-1.6864456,-1.3844563,-0.30972275,0.43302223,0.29678059,0.21308486,-0.87919027,0.59504253,-1.31301,-0.079110377,0.31251481,-1.1325235,0.13090242,-0.050695661,0.67487156,-0.1548585,0.29405707,-0.002218861,0.26432246,0.055234104,1.0101824,0.089178652,-0.069679633,-0.73250067,0.31680617,0.89339566,-0.537494,0.61280394,0.44535971,0.69046289,-0.479689,0.59474009,0.40455124,-1.0276508,-0.52008748,0.19837984,0.21300618,0.30461466,0.64325827,-0.31914777,-0.50993294,-0.41176671,0.00776536,0.57715899,-0.25698698,0.07693015,-0.26021361,0.088019416,1.1213275,-1.1307374,0.23124737,0.24630527,-0.60331374,-0.07632716,-0.014924899,-1.4265779,-1.8770835,0.031847,0.5072338,0.10586105,-0.31760201,0.84440392,0.1596545,0.47011656,0.19269888,-0.24391025,-0.60368645,0.17377102,0.060668521,-0.084436208,-0.60188478,0.20102796,0.12130435,1.0394454,-1.488112,-0.086072952,1.5373909,1.3543078,0.33716023,-1.1758863,-0.24049437,-0.4652988,-0.039984331,0.044541191,0.5043838,0.8145318,0.60544324,0.35853985,0.19021443,0.18672314,0.64691353,0.71158826,0.78837252,-0.76596785,0.20977174,0.32530248,0.12279569,-0.34587127,-0.21105598,-1.5240705,0.21919057,0.05622191,-0.34375232,-0.069230765,0.36779973,0.16442417,-0.73548561,0.33365378,-0.17964274,-0.021104909,-0.28383914,0.66725969,0.94953942,0.27851894,0.089924105,0.56222391,-0.17015627,-0.094720267,-0.97421587,0.32324442,-0.49497607,0.12675044,0.61566567,-0.89928353,-0.51444066,0.33414769,0.44568276,-0.55424482,-1.157339,0.56168288,-0.56912369,-0.12950572,-1.331835,0.346582,-0.058350459,-0.57551515,-0.42125922,0.9155066,0.54728025,-1.864697,-1.0003892,-0.30541518,0.002772047,0.22240268,0.061346315,0.033008687,0.5744862,0.17005934,-0.079104207,0.17524807,0.31505558,0.44929475,-0.030919105,0.16055965,0.12007347,-1.3654404,-0.032556325,0.51864386,0.032377735,0.16405921,0.74154139,0.78349215,-0.44212812,-0.7523824,-0.45128804,-0.078060158,-1.7847568,0.19283862,0.19814759,0.476181,-0.61392415,-1.1850657,0.22976291,-0.59966147,0.10695197,0.053996529,-0.093657322,0.9022302,0.10205592,0.29595962,0.6979959,-0.081152052,-0.19685212,-0.42762291,-2.10656,-0.72359282,-0.90586495,-0.069014326,-0.89167166,0.34699041,-0.22877498,-0.29686147,0.092314437,0
0.56365961,0.29317099,0.2720136,0.55919343,0.53929114,0.57044935,0.55157119,0.53936374,0.54960763,0.55136526,0.54683304,0.54650199,0.54692984,0.52517545,0.55121183,0.53940952,0.54777837,0.57050884,0.55408454,0.53938508,0.53002793,0.55216688,0.53500664,0.54590505,0.55189717,0.55136395,0.55480748,0.53961831,0.55193508,0.5472604,0.53850341,0.54439402,0.53897059,0.5331986,0.54389989,0.51671278,0.52780312,0.53914988,0.51624709,0.53648233,-0.71355486,0.24264148,0.19353962,0.22930115,1.1090142,1.5196193,1.0851465,0.49717963,0.61335689,1.4039617,1.2103055,0.9705705,0.32779685,-0.16544528,0.1894993,-0.2046349,0.54581559,0.29129982,0.33763409,0.27512234,-0.78736961,0.035264403,-0.43734068,0.27702901,-0.51634133,-0.12975396,-0.086307019,0.6871227,0.071695,1.3679221,-0.11063837,0.188391,-0.91304064,-0.091675252,-0.0250639,0.6507014,-0.75370347,0.56775105,0.28759256,-0.75168234,-0.11442487,-1.0216907,-0.48867086,0.48174345,0.61179155,0.67685241,-0.030675456,-1.4123768,0.71519214,0.12191705,-0.92412889,0.37259793,0.11171307,0.037646033,0.60298604,0.015462175,0.43058372,-0.39651608,0.007918671,0.49590179,-0.48391202,-0.91670132,0.061280087,0.48337907,-0.29446179,0.29561874,-0.11938102,-0.25490385,0.034285411,-0.23519486,0.3670572,0.79067284,-0.080883473,-0.28045982,-0.41352913,-0.070023105,0.45483378,-0.85209066,0.35479063,-0.99428403,-0.33918446,-1.5867473,-0.80165708,-0.053275116,-0.44510236,0.22038747,-0.35901904,0.13020869,-0.081148721,-0.15328206,-0.5977422,-0.45760936,-0.10409948,-0.87882686,-0.13685948,-0.19734678,0.18148001,0.099359229,-0.48689526,-1.4031544,0.50345272,0.39868468,0.73626989,-0.11699938,0.46902221,0.29068598,0.027220313,-0.34979901,-0.19748338,0.21086773,-0.61361778,-0.12663983,0.32660705,-0.22792427,-0.6095525,-0.08605288,-0.49328047,-0.64416337,0.23491561,-0.30078682,0.030632822,-0.51821357,0.6327095,0.51518846,-0.066910334,0.000633019,-1.625339,0.38035908,-0.025044104,-0.18888897,-0.099459067,-0.48699006,-0.088054575,-0.14560029,-0.62941152,0.90477645,-0.34118214,0.18088354,0.4288494,-1.1778898,-0.044248052,0.23635547,-0.17376411,-0.54726732,-0.79142618,0.43009722,0.24478287,0.20998989,0.56899142,-0.60016644,-0.22237991,0.071606249,-0.078028299,0.17043176,0.28426906,0.059665158,-0.021717228,-1.067554,-1.3654522,-0.59358168,0.27108431,0.30035308,0.25895691,-0.3565357,-0.24206394,0.043548163,1.1825209,-0.30023608,0.028922506,-0.32243973,-0.21356776,0.94485188,0.10762838,0.22461322,1.6056632,-0.088567205,-2.1129804,-0.050358757,0.40646872,0.00505129,-0.14743868,-0.73218441,0.25472939,-1.3349441,0.30014032,-1.1044233,0.1594243,0.14198777,-0.74165851,0.00770535,0.37992638,0.36136818,-0.14173298,-0.48367417,-2.2948394,0.28792155,-0.50817484,-0.034668505,-0.19106764,0.076685913,0.42896917,0.079696104,-0.14587399,0.90474534,-1.3502455,-0.77541399,-0.41340888,0.40635073,-0.34045193,0.19071412,0.081050232,0.37485966,-0.037953265,0.38962531,0.41018829,0.80085522,-0.75135088,-0.27371252,0.55741507,-0.074771889,0.18919876,-0.13585955,-0.20532215,-1.0010716,-0.44720888,0.12327992,-0.45699525,0.42177373,1.0309341,0.33309117,-0.41841292,-0.042613789,-0.24210212,0.65148008,0.44674116,-0.35851684,0.1307791,0.88704461,0.094388731,0.082917303,-0.85947728,-0.12640725,-1.6795061,0.92149544,-1.4337884,-0.22254582,-0.2048309,-1.3468478,-0.047293089,0.070379242,0.15829486,0.73175895,0.44412017,0.41491872,-1.4858963,0.71368933,0.020080736,1.2530222,0.058858193,-0.98207784,-0.078892522,-0.63861269,0.24386023,0.30230626,-0.66664845,0.29212433,-1.507197,-1.4898138,-1.2227567,-0.33712885,0.25679773,0.39387304,0.19903131,-0.76814651,0.67267609,-1.0674613,-0.23088847,0.26927,-0.98628205,0.10878239,0.042564154,0.31987989,0.20850198,0.28584039,-0.04132165,0.38535121,0.10123485,0.60807788,-0.090484373,-0.17641675,-0.6771121,0.32782012,0.90903866,-0.55464303,0.48880816,0.44779202,0.33893609,-0.61870527,0.65006572,0.44529966,-0.99929261,-0.45216295,0.085508585,0.20135562,0.19391224,0.74132144,-0.33934262,-0.39273822,-0.39766213,0.008023892,0.50213242,-0.21189417,0.058294199,-0.30060944,0.10955374,1.0360481,-0.93779951,0.17805867,0.26433346,-0.4537068,-0.13640565,-0.40692621,-1.1739261,-1.6878407,-0.28028795,0.50942636,0.076960079,-0.25797325,0.59913015,-0.007131323,0.39961404,0.21320991,-0.1550885,-0.48971093,0.15653935,0.10311034,-0.1310102,-0.40834111,0.18677728,0.099120617,0.95923054,-1.4069167,-0.067267746,1.4545958,1.2604024,0.37344983,-1.1985881,-0.35621342,-0.43392897,-0.18978967,0.24491857,0.37475175,0.5940994,0.40197057,0.23673758,0.25671512,0.16302612,0.67349005,0.64716995,0.94575757,-0.8214516,0.25244755,0.21868646,0.1393428,-0.30694389,-0.13934389,-1.3994262,0.25443235,0.0614696,-0.30134428,-0.1153863,0.13907,0.13076395,-0.44144416,0.24437183,-0.15164952,-0.1331418,-0.11358622,0.42947146,0.88512349,0.19414443,0.075082608,0.48217022,-0.051470038,-0.029891487,-0.84859377,0.23294334,-0.48472553,0.059697028,0.734357,-0.63092744,-0.39282304,0.27594692,0.31377968,-0.54489845,-0.92169595,0.60036308,-0.47087973,-0.032593314,-1.3705273,0.25266403,-0.078454927,-0.40899873,-0.36677521,0.87840134,0.42636588,-1.6034665,-1.0306261,-0.33366421,0.066329077,0.31811559,-0.092956692,0.046581209,0.47907734,0.13987884,-0.15637031,0.14772722,0.23669139,0.27097481,-0.084416389,-0.29214332,0.17482382,-1.2333297,0.063611969,0.49735364,0.076759338,0.1901077,0.52388388,0.69204825,-0.4113459,-0.540452,-0.3554059,0.12417042,-1.6774719,0.33833843,0.20687103,0.33661151,-0.67418277,-1.1204971,0.18585265,-0.53563046,-0.08990173,0.068060249,-0.063821115,0.22852586,0.11029064,0.27157071,0.39911249,-0.00614649,-0.13359629,-0.35243922,-1.956628,-0.60259777,-0.85305619,0.16285999,-0.7032544,0.28488719,-0.12633057,-0.28610849,0.053997181,0
0.53878462,0.25431645,0.24256441,0.56989765,0.54747981,0.60012197,0.58242947,0.54106802,0.5609808,0.56079656,0.52213228,0.56346571,0.55461466,0.49927342,0.57280278,0.54173481,0.54844558,0.59266841,0.55528522,0.51067263,0.53050768,0.5515728,0.54630029,0.5399034,0.55575812,0.54537714,0.55217516,0.5589425,0.55664921,0.54184639,0.56599873,0.54947686,0.53902364,0.52911216,0.56045431,0.51067287,0.51381207,0.55468237,0.53585088,0.53164417,-0.68408519,0.22208703,0.17725873,0.21826679,1.1893514,1.5679249,1.1279356,0.522259,0.63930655,1.4446492,1.2756578,1.010264,0.33254796,-0.13766418,-0.24804869,-0.24694858,0.65050948,0.34748995,0.45232189,0.2621358,-0.48629153,0.015694633,-0.51601338,0.29328528,-0.61311769,-0.078561887,-0.25439095,0.47694665,0.18402021,1.2742823,-0.12546611,0.21995111,-0.93724144,-0.11574975,-0.027583256,0.76789856,-0.90586376,0.57016754,0.20999876,-0.7439701,-0.025481008,-1.0480282,-0.53516299,0.15773626,0.77328694,0.55236763,-0.032501008,-1.3938347,0.60110253,0.12229904,-0.89701402,0.44328749,0.016326766,0.032497946,0.48811373,-0.052324384,0.37296963,-0.35444966,0.059034415,0.57878268,-0.54654622,-0.92182505,0.040362746,0.41226807,-0.27360749,0.099833652,-0.003581204,-0.12242232,-0.09607029,-0.26469085,0.40633321,0.75963902,-0.051542521,-0.17689349,-0.36433497,-0.016480833,0.11344761,-0.793401,0.30373853,-1.0739743,-0.32812008,-1.5388063,-0.77753437,-0.071673512,-0.48275813,0.30392176,-0.29196268,0.1102239,-0.059232645,-0.12720652,-0.69706744,-0.5229646,-0.25020993,-0.89789546,-0.14921306,-0.098246731,0.17571735,0.21587326,-0.34764653,-1.4867699,-0.026089609,0.4797914,0.66480875,-0.077705875,0.48973984,0.22859895,0.020931877,-0.571908,-0.23329729,0.39512166,-0.49611795,-0.15164116,0.36255082,-0.1317732,-0.5947789,0.045431189,-0.48054978,-0.39234906,0.1743269,-0.23179759,0.096186198,-0.61989307,0.64494121,0.52528822,0.09996587,0.06733238,-1.5605161,0.44043484,-0.04642944,-0.23214811,-0.016171727,-0.4926106,0.076438539,-0.051164836,-0.6092279,0.69384074,-0.66302276,0.15461497,0.25495684,-1.2934846,-0.065637447,0.27235645,-0.082991347,-0.30367851,-0.7085163,0.44289738,0.24758886,0.088103324,0.58416355,-0.65247285,-0.18711124,0.10608104,0.081392862,0.19214019,0.25411549,0.14716655,-0.09177731,-1.060766,-1.3091289,-0.53726083,0.19122747,0.5865677,0.23755895,-0.42659438,-0.33621603,0.13733785,1.0087595,-0.26576242,0.029520854,-0.34190875,-0.22784321,0.76646447,0.16056648,0.26067352,0.30579197,-0.023929793,-1.6735299,-0.1386919,0.39552015,0.03642017,0.020412102,-0.65414482,0.22196352,-1.2136133,0.21504436,-1.1419166,0.28306377,0.17912631,-0.75705498,0.11991048,0.19112605,0.30830124,-0.16299693,-0.66428089,-2.3075912,0.28527814,-0.45345452,-0.06640628,-0.091695055,0.046159111,0.38896233,0.17841342,-0.22850969,0.4580214,-1.269559,-0.68761438,-0.42246461,0.28051203,-0.30171108,0.057516605,0.12692809,0.36726987,0.009242495,0.49861529,0.41410443,0.71049476,-0.68512976,-0.26524812,0.48737246,-0.035742428,0.14812133,-0.005433397,-0.28364629,-0.97184324,-0.45291063,0.13083389,-0.24187578,0.51690537,0.91076398,0.38887715,-0.39526129,0.12380551,-0.31592086,0.48359025,0.35876715,-0.34922424,0.17444412,1.3504764,0.16102497,0.3976748,-0.9190641,-0.19203193,-1.7189666,0.85839194,-1.0902729,-0.25214016,-0.22741556,-1.3672217,-0.24011496,0.099295244,0.19086882,0.16391695,0.32114771,-0.013379872,-1.5385212,0.6580413,0.33349463,0.9753949,0.072527811,-1.0155296,-0.1497522,-0.61082315,0.41691852,0.22444333,-0.69042909,0.2769447,-1.4882421,-1.5267503,-1.0681109,-0.27368724,0.27381319,0.42204797,0.25362277,-0.72759956,0.67299867,-1.139124,-0.13994773,0.19035685,-0.97178882,0.060065359,-0.041381858,0.41275272,0.043778226,0.35805243,-0.036459915,0.46876094,-0.027736571,0.56585836,0.13371775,0.004039779,-0.6670332,0.43233234,0.9460811,-0.40877044,0.56951189,0.40339935,0.52728742,-0.55240482,0.62471896,0.287377,-0.76043308,-0.45277292,0.3338643,-0.001297906,0.19669822,0.57533997,-0.32326654,-0.46546784,-0.44001245,0.072211519,0.55710578,-0.10444943,0.054093286,-0.195847,0.25202,0.90135002,-0.95306307,0.19946009,0.25697356,-0.4819327,-0.015529878,-0.28941134,-1.1241632,-1.6750375,-0.20170547,0.6405673,0.073348761,-0.32768112,0.66484886,0.1110442,0.43996239,0.22957274,-0.23967846,-0.37244785,0.22053981,0.17657816,-0.13668643,-0.77159935,0.21136472,0.11454785,1.1435903,-1.4508156,0.042696469,1.2506964,1.3635395,0.20652945,-1.098065,-0.33571851,-0.3421081,-0.11676604,0.026264988,0.26425925,0.59703845,0.62191182,0.33866125,0.10991079,0.26040992,0.58991206,0.657888,0.7881335,-0.64806312,0.37705213,0.12280832,0.2410025,-0.24795164,-0.22241659,-1.3924091,0.28986359,0.067895465,-0.32043248,-0.26189998,0.3158609,0.13291788,-0.65278447,0.22153763,-0.16522852,0.029604189,-0.1177677,0.42575622,0.77390039,0.46259367,0.054160815,0.50183553,-0.20820576,0.058225419,-0.88974935,0.22478335,-0.54372656,0.029432729,0.59727728,-0.84851491,-0.29636371,0.23161209,0.35750288,-0.51314223,-0.99585021,0.45494583,-0.35737067,-0.057770465,-1.1276252,0.19859445,-0.16808571,-0.41134748,-0.37077206,0.81791532,0.47629714,-1.6139196,-0.99278527,-0.32652825,0.033512481,0.20989279,-0.055846125,-0.12970614,0.33752653,0.23790701,-0.16701952,0.23291214,0.34455484,0.36351332,-0.0623076,-0.2077575,-0.054465264,-1.1621375,-0.01206347,0.32887995,0.05410815,0.27044946,0.5447703,0.60119104,-0.3070378,-0.65675545,-0.36392736,-0.007921629,-1.5260146,0.36402774,0.24099211,0.29041818,-0.54731452,-1.1002886,0.3220576,-0.45717689,0.084024847,-0.036141366,-0.12269326,0.31620258,0.11315054,0.2712833,0.33423299,0.03321502,-0.14066751,-0.34277818,-1.8807187,-0.579292,-0.7739051,-0.13321318,-0.72711074,0.11118872,-0.24708876,-0.20922863,0.09276282,0
0.60081989,0.33675611,0.31254733,0.6087786,0.57178283,0.612786,0.6138863,0.56408274,0.55122203,0.59236693,0.54582727,0.57546139,0.57265222,0.54657763,0.60457194,0.6084249,0.56818461,0.6436159,0.57127351,0.54987323,0.54774916,0.59969366,0.55699879,0.57236075,0.57450861,0.58847964,0.57978058,0.58810866,0.56766033,0.57082057,0.57191622,0.57137299,0.56060386,0.54870957,0.56335855,0.58919454,0.55406189,0.57879722,0.54195642,0.54901475,-0.9437415,0.28616631,0.59490138,0.53907651,1.4921263,1.8622475,1.5758717,0.92372,1.0682361,1.8336091,1.6113502,1.4079084,0.56161875,-0.1765634,-0.11653802,-0.30183765,0.85338765,0.46071976,0.48270342,0.28713003,-0.56208479,0.025349176,-0.46294981,0.50807351,-0.64299697,-0.060884684,-0.10277592,0.70222235,0.35032868,1.5836161,-0.22540234,0.27322656,-1.1412016,-0.27317446,0.062280547,1.0493939,-0.98204929,0.74193043,0.23140015,-0.96730214,-0.14497578,-1.2430896,-0.51555854,0.75657523,1.1321566,0.76824611,-0.013008218,-1.7136611,0.8004387,0.08703687,-1.0347534,0.54380095,0.05294608,0.18084645,0.51116586,-0.33070308,0.36266437,-0.53484356,0.060520962,0.74968755,-0.54822779,-1.2048923,0.072101288,0.48525319,-0.37502038,0.15919448,0.078721583,-0.21880829,0.081695005,-0.33927587,0.45502329,1.1035367,-0.30106437,-0.31398591,-0.53721279,0.23984309,0.89297384,-1.1233128,0.3919138,-0.82488686,-0.4321343,-1.869642,-1.1318667,0.008957624,-0.45248523,0.26924315,-0.49096251,0.080496401,-0.1215435,-0.38087493,-0.86687446,-0.26999921,0.73711944,-1.1185355,-0.10759719,-0.2566936,0.18211201,-0.080529481,-0.57729703,-1.8698673,0.88777,0.50035214,0.89154845,-0.18579766,0.59304357,0.26886347,0.091628142,0.15871021,-0.16436948,0.55876422,-0.63881344,-0.1546136,0.48665634,-0.39375269,-0.78725153,-0.23138243,-0.71162748,-0.86092234,0.44171938,-0.23531488,0.021523193,-0.60493559,0.61241663,0.90033662,-0.003788266,0.025616273,-1.9658754,0.89979446,-0.043331716,-0.20237339,-0.047520835,-0.55871868,-0.18365066,-0.20710701,-0.60452008,1.1776885,-0.76442212,0.16931576,0.62143004,-1.7155533,-0.41908583,0.40011552,-0.077438615,-0.68982852,-1.0161502,0.45497739,0.24300951,0.47884697,1.1451283,-0.71235234,-0.35048848,0.07157144,0.087246299,0.12439295,0.42534134,0.13097528,-0.03347636,-1.3910985,-1.6616385,-0.80510062,0.23323761,0.48240015,0.22721142,-0.47168744,-0.36201555,0.15050137,1.5599537,-0.1133761,0.13989395,-0.42863852,-0.38548359,1.3808873,0.14422563,0.28423098,2.1065888,-0.13431679,-2.9466472,-0.063184671,0.79369658,-0.016282242,-0.29272839,-0.96308553,0.11644171,-1.7375453,0.27935195,-1.427227,0.25439519,0.055601057,-0.84659648,-0.00023451,0.51473486,0.72931445,-0.32518089,-0.057376228,-2.9553246,0.29299989,-0.5255444,-0.26470774,-0.063612416,0.43913022,0.48028022,0.1771526,-0.071930073,0.80846006,-1.8320571,-1.0876395,-0.008029655,0.42481232,-0.44360623,0.074091047,0.22749493,0.54642743,-0.062022123,0.56059813,0.44723463,0.66488969,-0.91108561,-0.33762759,0.69269884,-0.086089522,0.2912572,-0.080675542,-0.28206185,-1.2109625,-0.46488899,0.10835926,-0.65275949,0.46143371,1.3228222,0.38760778,-0.37840006,0.13816163,-0.50131971,0.56331134,0.7947191,-0.42519951,0.069465838,1.6820545,0.078511134,0.050525561,-1.3632361,-0.16859527,-2.1376574,1.0264347,-1.6223421,-0.36140221,-0.16935125,-1.170013,-0.35328224,0.15599456,0.43793428,0.90475941,0.4086982,0.58302289,-1.9658756,1.0396564,0.044786148,1.1273162,0.00790206,-1.1385019,-0.15706739,-1.0240601,0.65215427,0.080422238,-0.87139559,0.44016594,-2.0490391,-1.9123467,-1.7098805,-0.33275786,0.47485694,1.1060972,0.2962479,-1.0914999,0.87729716,-1.552452,-0.36017492,0.37489605,-1.35302,-0.029591955,0.011651904,0.51207983,0.055382922,0.56550789,0.003449425,0.49899611,0.092330731,0.68993008,0.1030189,-0.098602794,-0.81438589,0.50433064,1.014595,-0.73869497,0.80871618,0.51124966,0.4790695,-0.80889302,0.6964184,0.4775542,-1.2222762,-0.61397624,0.18980126,0.26781568,0.2137247,1.0975312,-0.37898153,-0.53006983,-0.51528543,-0.04214032,0.4830423,-0.47182024,0.15383437,-0.39650315,0.062678993,1.4349195,-1.3006754,0.14183956,0.27608079,-0.79936981,-0.066477314,-0.069170997,-1.6800201,-2.1866965,-0.20251676,0.75611627,0.039039373,-0.32090694,0.76598626,0.24148487,0.46305054,0.33735114,-0.16926444,-0.64381665,0.24648063,0.12123702,-0.088775598,-0.19811273,0.23289603,0.13677379,1.3413038,-1.7661148,-0.013981871,1.558002,1.5031552,0.53309369,-1.2762736,-0.37140754,-0.6364845,-0.15263444,0.15202536,0.59967309,0.87756377,1.0431471,0.36152667,0.3593533,0.20193505,1.0281787,0.7021631,1.5199151,-0.99214071,0.23847595,0.52241242,0.22948617,-0.51265001,-0.17102426,-1.459572,0.39459804,0.053777985,-0.45086735,-0.42078337,0.48723778,0.17845409,-0.78848296,0.21242133,-0.2840437,0.26448509,-0.29219884,0.69289607,1.2802916,0.35716611,0.036741786,0.63116932,-0.02277872,-0.15448101,-1.1890934,0.34802955,-0.60866547,0.41922259,0.71868813,-0.80482006,-0.52983105,0.35023603,0.47710222,-0.75316018,-1.2404323,0.83395052,-0.72550994,-0.063134082,-1.7530661,0.26549518,-0.19948967,-0.72918957,-0.61091566,1.162183,0.54732698,-1.9031937,-1.4983579,-0.42287937,0.044404998,0.36905289,-0.037614409,-0.087491646,0.51332587,0.2843256,-0.27309036,0.26470938,0.25422758,0.3918474,0.17456597,-0.1137898,0.25947395,-1.6006603,-0.11831675,0.58871585,-0.000768153,0.26944506,0.64783651,1.2518439,-0.47126967,-1.0336123,-0.40077874,0.0233794,-1.9799348,0.2159683,0.22761273,0.39915365,-0.93765342,-1.5068636,0.23956007,-0.6301381,0.14301237,0.13930634,-0.13578148,0.6860165,0.096239805,0.40018052,0.50957483,0.022135589,-0.24956071,-0.49886489,-2.3435261,-0.86212367,-1.0136669,0.12303971,-1.0859852,0.28975812,-0.26532397,-0.37653399,0.10942736,0
0.62887883,0.35991588,0.34571823,0.63793218,0.62668478,0.65098554,0.62493312,0.60712254,0.62474984,0.62832367,0.59906197,0.57795405,0.617854,0.59320819,0.61472201,0.59304333,0.60324919,0.64734685,0.63599813,0.58762968,0.58955741,0.61067271,0.60362303,0.6009382,0.61061072,0.61240351,0.62443185,0.61346638,0.61531949,0.61581922,0.62454116,0.60653806,0.59387922,0.59184909,0.61509043,0.55940408,0.5826565,0.58611202,0.57136953,0.59799266,-0.7447176,0.29370311,0.21633029,0.21710497,1.1536773,1.5413473,1.1244769,0.52873719,0.65188861,1.4298618,1.2584366,1.007237,0.37242621,-0.15858062,-0.18421605,-0.27647918,0.60825419,0.32783315,0.43225569,0.29332587,-0.41269219,-0.001070446,-0.5218116,0.38054952,-0.75960767,-0.16208144,-0.28863961,0.47557959,0.17824897,1.3958651,-0.16955005,0.2122848,-0.93406606,-0.093184076,-0.006979585,0.81754756,-0.93977243,0.56154501,0.27037334,-0.67769122,-0.069590621,-1.0129523,-0.48179129,0.22089763,0.80426931,0.65244544,0.007460326,-1.3866287,0.58757883,0.11062373,-0.88930774,0.40128559,0.020267639,-0.022300869,0.4717443,-0.055251669,0.32419622,-0.38099983,-0.009308621,0.54244965,-0.64215058,-0.97978455,0.04561609,0.38076091,-0.2932868,0.19027571,0.14757207,-0.21612912,-0.055414364,-0.26917824,0.46869627,0.74918354,-0.076636836,-0.33660057,-0.32031459,0.10587278,0.2407002,-0.79262447,0.3168442,-1.0217812,-0.3455531,-1.5636309,-0.83165711,-0.033308722,-0.381134,0.30983093,-0.26080668,0.010730237,-0.037175745,-0.090409309,-0.62257808,-0.50196749,-0.11136763,-0.94161296,-0.12322113,-0.14916632,0.16310877,0.29017037,-0.38119978,-1.4991279,0.27868438,0.46928614,0.70062554,-0.078113712,0.54204261,0.34649974,0.06125804,-0.47482982,-0.24202864,0.20640828,-0.56475937,-0.13166405,0.34670979,-0.11544317,-0.63027024,0.032755286,-0.53741133,-0.43229935,0.17955217,-0.22719944,0.071417741,-0.66535568,0.65559602,0.62360907,0.082558215,-0.003241861,-1.5378522,0.51993853,-0.017235022,-0.21465242,-0.051343102,-0.49566907,0.003932335,-0.017160669,-0.65466797,0.74094969,-0.65772951,0.11776543,0.38211256,-1.3708342,-0.069378093,0.30206484,-0.056833506,-0.31905565,-0.80901933,0.48137224,0.35486692,0.27754575,0.67838353,-0.68970317,-0.18280151,0.078987971,-0.080747321,0.23115896,0.32606542,0.15112594,-0.047483381,-1.0756291,-1.3178053,-0.55148816,0.12160227,0.58102608,0.25611696,-0.3738704,-0.30763435,0.14364827,1.0398948,-0.19373429,0.057764128,-0.30637103,-0.27209887,0.92921466,0.16757926,0.21688828,0.44365704,-0.046431929,-1.8180351,-0.11586005,0.46418259,0.022430588,-0.16048676,-0.70652521,0.14448506,-1.3329599,0.20832375,-1.104506,0.24830887,0.12797095,-0.73351693,-0.004002599,0.26545528,0.33275697,-0.15132774,-0.53060007,-2.3855107,0.27933952,-0.36447853,0.04862158,-0.1801645,0.091092043,0.36697859,0.16583753,-0.17323104,0.5273788,-1.2991904,-0.69019479,-0.40473267,0.29263294,-0.3229883,0.082503647,0.1396375,0.43149838,0.065027013,0.41810441,0.38689622,0.73524302,-0.71430802,-0.27698553,0.42705256,-0.02187158,0.22532333,-0.036553279,-0.21311671,-0.99356878,-0.47031349,0.1124974,-0.24094224,0.60193688,1.0094581,0.37884933,-0.40115345,0.22792986,-0.32946926,0.62655789,0.49049908,-0.31686485,0.17053394,1.3725059,0.065300256,0.31801236,-0.82238948,-0.14877804,-1.7737718,0.87912923,-1.1732635,-0.30471337,-0.17326856,-1.3560047,-0.1499811,0.099747866,0.10066514,0.41055897,0.5181697,0.12306069,-1.554454,0.63256764,0.24503654,0.99960732,0.084119394,-0.9026103,-0.1353709,-0.71619236,0.44972238,0.22098666,-0.78916305,0.25380865,-1.5346407,-1.5315723,-1.1046664,-0.34940404,0.32375643,0.21198171,0.2330201,-0.76149869,0.63195682,-1.2142378,-0.16800055,0.12084733,-1.0012579,0.04253976,0.071246237,0.41716406,0.09146513,0.31938463,0.04489506,0.30765361,0.066751704,0.48136052,-0.002504055,-0.001297206,-0.53699625,0.41055849,1.0610784,-0.37299764,0.52607036,0.454983,0.55518597,-0.60919213,0.72020632,0.28955159,-0.90293968,-0.46774241,0.22736099,0.11683623,0.15947197,0.65309757,-0.32257816,-0.48721215,-0.48899826,0.002288245,0.62776804,-0.15620065,0.21966454,-0.22865283,0.10325712,0.97237587,-0.94562835,0.16810063,0.26019868,-0.57483953,-0.003430644,-0.087832361,-1.1410881,-1.7576176,-0.24556258,0.60885024,0.14808103,-0.3131665,0.62957042,0.17314515,0.45589742,0.21467371,-0.17589332,-0.34354144,0.18974528,0.13996688,-0.092175677,-0.67020297,0.18887988,0.082149729,1.140633,-1.3973709,0.13083005,1.3390574,1.4366384,0.30413598,-1.1141683,-0.28824469,-0.36858985,-0.084687836,-0.023860451,0.3735123,0.59787023,0.6679194,0.34307289,0.13053639,0.2342678,0.59834921,0.66715968,0.80043066,-0.67098713,0.3587358,0.25477335,0.21822245,-0.27807915,-0.17004673,-1.3835152,0.27391794,-0.009077497,-0.25663975,-0.058591578,0.31140167,0.24406952,-0.63022351,0.13496897,-0.17921023,-0.038530543,-0.080287263,0.63622004,0.86610585,0.46642545,-0.019007606,0.4748697,-0.19507241,0.028464822,-0.94155949,0.19641528,-0.56797397,0.02347827,0.56709069,-0.89482135,-0.34953398,0.24201511,0.40579888,-0.465978,-1.0154574,0.44393396,-0.56885183,-0.041665889,-1.203536,0.2621454,-0.12060162,-0.34719172,-0.34274769,0.86974984,0.50777215,-1.7266679,-0.93033612,-0.31373864,0.051353469,0.22046667,-0.022579074,0.042002462,0.35351616,0.16792344,-0.15646526,0.26330048,0.34185717,0.33604479,-0.034449145,-0.057325061,0.19606119,-1.240423,0.33564943,0.31329295,0.066203281,0.29560426,0.57105941,0.77107418,-0.29698908,-0.75141412,-0.37560678,0.12738119,-1.6065937,0.32261309,0.27188057,0.21024242,-0.54985201,-1.0950468,0.32732585,-0.50820929,0.1039176,0.038897768,-0.087754138,0.38677454,0.070219532,0.26221195,0.40192604,0.011859447,-0.092839137,-0.32823205,-1.9208299,-0.52637029,-0.805852,-0.029024996,-0.74335718,0.17561938,-0.18722467,-0.23447853,0.002047537,0
0.56633633,0.31494859,0.27491534,0.54144186,0.54142225,0.56297445,0.54298693,0.52738607,0.53817147,0.53369975,0.54752117,0.5401479,0.5297513,0.53666985,0.53966081,0.53301114,0.54711062,0.5748021,0.54568946,0.52688777,0.52754408,0.53619564,0.5341984,0.52857542,0.53504598,0.5217042,0.53865874,0.51815248,0.53201836,0.53428286,0.53008646,0.52713597,0.52168167,0.53023267,0.52162546,0.51081574,0.51023388,0.52927083,0.51005459,0.52041715,-0.79726005,0.25719517,0.24047774,0.27471182,1.1590583,1.5800725,1.1535389,0.54022396,0.66946244,1.4470081,1.2481836,1.0149591,0.36916775,-0.20211373,-0.2115851,-0.30605105,0.63775778,0.32933968,0.33402991,0.27984691,-0.62045622,0.045405723,-0.50576776,0.32912281,-0.79654205,-0.057982013,-0.18115102,0.49259153,0.19317798,1.4767575,-0.18063243,0.20877354,-1.031291,-0.21442632,0.069233313,0.98004103,-0.97627914,0.58765936,0.3368395,-0.84295619,-0.13371716,-1.0823532,-0.5131641,0.33381605,0.84921837,0.6083616,-0.075007603,-1.4599324,0.58096939,0.15080006,-0.85557908,0.46134096,0.04815821,-0.040817529,0.51577038,-0.1037885,0.39605036,-0.39678168,0.05032181,0.46542788,-0.60875624,-1.019852,0.0722664,0.35911596,-0.30489999,0.24961835,0.061378419,-0.16352996,0.047084764,-0.35104936,0.44126365,0.90132254,-0.18561259,-0.25801176,-0.3379401,0.15082669,0.31253758,-0.85001051,0.31296313,-1.0898824,-0.36148441,-1.6707474,-0.93327522,0.059263688,-0.39483246,0.30152899,-0.36545745,-0.035077095,-0.10246132,-0.21571139,-0.80954695,-0.45939863,-0.29511023,-0.8978433,-0.032210544,-0.13985442,0.19976647,-0.013447583,-0.45985904,-1.2945414,-0.072906017,0.40162915,0.63208175,-0.11494491,0.59016556,0.18353793,0.046381835,-0.68959677,-0.13960731,0.26351848,-0.32971504,-0.084344313,0.36226851,-0.16349795,-0.72370487,-0.044793174,-0.54727906,-0.40198243,0.25246739,-0.15620032,0.000863022,-0.72759491,0.61179739,0.57339609,0.15534241,-0.068871081,-1.7110419,0.67697775,-0.022225644,-0.1946848,-0.065628469,-0.49626654,0.007100228,-0.10392657,-0.64611727,0.87264502,-0.63985586,0.13463092,0.35571647,-1.4027445,-0.22407034,0.31172687,-0.004231587,-0.39323121,-0.70647913,0.59381294,0.27739716,0.38507813,0.81684971,-0.54266453,-0.2353382,0.07231845,0.065924972,0.28343269,0.40769368,0.14896832,-0.1421836,-1.0884705,-1.3741937,-0.77656531,0.21217953,0.83294559,0.25637096,-0.46266329,-0.25632271,0.11272405,1.1258131,-0.27972171,0.065998785,-0.30931857,-0.27787691,1.0208024,0.14093639,0.23960149,0.53730726,-0.081759848,-1.8651932,-0.14027195,0.57386214,-0.02898838,-0.21127799,-0.67591691,0.20556694,-1.4037255,0.28404966,-1.1159489,0.25371343,0.080757827,-0.76978493,0.048971295,0.25729299,0.24047467,-0.14626101,-0.61284912,-2.4626122,0.27974105,-0.49794301,-0.063997529,-0.15100645,-0.078658819,0.45452052,0.12951767,-0.25550297,0.63506532,-1.3635703,-0.7162745,-0.29420465,0.29833934,-0.39449179,0.20428333,0.10375182,0.58132476,0.009703638,0.45723829,0.51256335,0.76550865,-0.73926163,-0.26512691,0.4496617,-0.16329147,0.30378959,0.069172509,-0.29844022,-1.0423349,-0.4430944,0.057421632,-0.28640819,0.54813451,1.1038204,0.34768796,-0.39451924,0.24193463,-0.3376967,0.67629182,0.51161951,-0.30202907,0.064625055,1.4540455,0.14677694,0.16869262,-0.87282217,-0.22882545,-1.8474822,0.94455522,-1.2176324,-0.27653125,-0.14644301,-1.4002628,0.045097679,0.004492149,0.059933461,0.47477359,0.51835179,0.17384425,-1.644137,0.6648643,0.077945486,0.96235031,0.004557828,-1.0423743,-0.15232915,-0.75492257,0.47385067,0.15669194,-0.80731767,0.22807381,-1.5498937,-1.5996966,-1.2272255,-0.31502488,0.42277592,0.19564739,0.24545117,-0.79128134,0.62970495,-1.1786114,-0.16156133,0.25450057,-1.0603225,0.008969944,0.013463817,0.40826523,-0.006553948,0.32630888,0.082753971,0.30449635,0.019504499,0.53043652,0.00851725,-0.075278908,-0.56051135,0.41078526,1.023577,-0.41461527,0.5458222,0.50292647,0.6986534,-0.62337297,0.65141052,0.50960702,-0.8950541,-0.6126101,0.15092166,0.14402647,0.27227867,0.67515147,-0.40837198,-0.53037161,-0.4345977,-0.024943337,0.57488996,-0.23668769,0.12535064,-0.25789171,0.18941887,1.0045232,-1.0444071,0.15602554,0.31322792,-0.60662645,-0.096594676,-0.16756563,-1.2700526,-1.7120519,-0.25901464,0.53862613,0.079957291,-0.32410899,0.69255918,0.081635997,0.57317412,0.23817921,-0.26718068,-0.43760967,0.24349169,0.062281433,-0.02653414,-0.76717699,0.17295159,0.20966265,1.1645319,-1.5245358,-0.10606658,1.5108899,1.3648808,0.35021189,-1.1086153,-0.18213916,-0.45455629,-0.18379597,0.011301294,0.35566068,0.67436218,0.94848913,0.35633978,0.081440598,0.15448061,0.6749438,0.76156574,0.92177558,-0.62816781,0.37047124,0.22491893,0.22116549,-0.37752989,-0.2054389,-1.523327,0.29989043,0.039755709,-0.26229644,-0.064190947,0.16439237,0.13063261,-0.64733738,0.20081568,-0.23500441,-0.015705004,-0.11239272,0.37192458,0.9801445,0.24421528,0.027289875,0.50411391,-0.067426473,0.083837248,-1.0325549,0.26346248,-0.60688663,0.15258291,0.68997735,-0.81615603,-0.32575119,0.2910465,0.44560188,-0.51028496,-0.97557348,0.54878891,-0.56565046,-0.073712081,-1.2580571,0.2914049,-0.10682037,-0.49565911,-0.46694946,0.80509281,0.53174156,-1.6918975,-0.91932613,-0.35661796,0.053832963,0.19043371,-0.048278216,0.039750129,0.41006294,0.23047252,-0.24262461,0.34795976,0.36223477,0.36104679,0.020190492,-0.19015062,0.13084024,-1.3709662,0.03167586,0.24867623,0.033026706,0.18665999,0.58326322,0.71988559,-0.35170376,-0.75043064,-0.39269519,0.079603285,-1.6791863,0.24691471,0.46985886,0.36680409,-0.55415654,-1.0907979,0.16255772,-0.55220175,0.01163426,0.017345719,0.010452494,0.2884503,0.15429617,0.34102321,0.41210204,0.019373028,-0.11367512,-0.31015202,-2.0854771,-0.68668926,-0.75859571,-0.021939706,-0.76322049,0.25227115,-0.13840395,-0.3406927,0.094407313,0
0.53688967,0.28416976,0.26188338,0.51613456,0.52712506,0.53877163,0.5206247,0.50649744,0.51293188,0.52158189,0.51024681,0.51829517,0.51885712,0.50476986,0.53788519,0.50454593,0.50914472,0.5348196,0.52336413,0.50557196,0.49361008,0.5094502,0.5079031,0.50580525,0.51567906,0.49930084,0.51604909,0.5081107,0.50147897,0.50870198,0.50026006,0.51356137,0.49949342,0.49540007,0.50599658,0.49019468,0.49083233,0.50417185,0.49622077,0.50076538,-0.76691812,0.24018709,0.24354267,0.34370789,1.1212268,1.5449681,1.1382304,0.56156796,0.68115187,1.44177,1.2370925,1.0233761,0.32383373,-0.2042204,-0.18380551,-0.26933545,0.55867839,0.2931383,0.37999368,0.24633522,-0.80575109,0.005888662,-0.50301027,0.38133875,-0.65497941,-0.063000932,-0.17986773,0.54403019,0.21570201,1.350006,-0.1550364,0.19601104,-0.96524405,-0.16685736,0.01677566,0.78257424,-0.90541577,0.48241583,0.28229475,-0.78573895,-0.09754014,-1.0054326,-0.44936943,0.31534922,0.73482335,0.6647867,-0.041843727,-1.4688741,0.63120604,0.16552235,-0.84164941,0.39545712,0.014779598,0.009298198,0.61400259,-0.046206851,0.35414571,-0.39703321,0.038941417,0.47844514,-0.54348654,-0.92150033,0.11632057,0.34580365,-0.24662438,0.2199347,-0.016815742,-0.097013317,-0.030301064,-0.28692269,0.32753983,0.79229897,-0.15307041,-0.29942894,-0.37955564,-0.079797179,0.38246855,-0.76188171,0.33076829,-1.1589339,-0.35470793,-1.5552279,-0.89923269,-0.024963059,-0.38974369,0.2376575,-0.36946121,0.15374483,-0.11839958,-0.0953857,-0.55405468,-0.47376871,-0.035963133,-0.8921268,-0.1481235,-0.10831834,0.19343638,0.18830371,-0.42862326,-1.3239026,0.38924706,0.35433173,0.67031795,-0.13458458,0.50970954,0.23130739,0.11203717,-0.48279071,-0.16341002,0.25690857,-0.49686953,-0.12318276,0.32731009,-0.14688364,-0.66363096,-0.066554017,-0.48675525,-0.53865498,0.18369359,-0.27209249,0.040629774,-0.73131049,0.63500792,0.61912972,0.024602065,0.030346615,-1.4957746,0.53797102,-0.04825934,-0.16596027,-0.067707285,-0.52443248,0.013314711,-0.10929258,-0.65027976,0.87888032,-0.58702594,0.097575463,0.41601455,-1.3793937,-0.13310254,0.25664693,-0.065946646,-0.39814556,-0.76574856,0.51594299,0.26027542,0.32219166,0.77173805,-0.60408294,-0.28465566,0.060318034,0.009016688,0.19570135,0.29450142,0.17309994,-0.13284087,-1.0510199,-1.2870204,-0.64988762,0.2464774,0.55395699,0.24471168,-0.42711425,-0.27123389,0.1208144,0.99850667,-0.17815366,0.025678338,-0.29907021,-0.27427608,0.97596276,0.12083706,0.20822079,0.88731027,-0.054553095,-1.910049,-0.089495353,0.48760325,-0.029630691,-0.031414513,-0.64266258,0.15381658,-1.3290321,0.24151173,-1.0958128,0.2237256,0.057417247,-0.74032736,0.041607246,0.21937574,0.32789734,-0.21770769,-0.3699894,-2.3723116,0.25713986,-0.28305447,-0.043130975,-0.15191816,0.1882019,0.37676513,0.068173543,-0.22403191,0.5290904,-1.2905349,-0.68413615,-0.42268482,0.38973695,-0.28554213,0.091617242,0.25099802,0.45929122,0.023850745,0.47095779,0.38049573,0.73057729,-0.78169727,-0.26147524,0.65400559,-0.019663302,0.24378933,-0.004305087,-0.23695327,-1.0133706,-0.43599564,0.054709665,-0.35608858,0.51972115,1.0391016,0.32937559,-0.41804552,0.18542093,-0.32743886,0.61098224,0.55053413,-0.41249758,0.081254825,1.401665,0.12717947,0.15509525,-0.91032648,-0.16344404,-1.8160633,0.87834752,-1.2728088,-0.29159009,-0.15737449,-1.3080121,-0.11957233,0.11783271,0.04290349,0.89713514,0.48953325,0.11937985,-1.5247262,0.63370049,0.028782222,1.0851635,0.043024283,-0.98638809,-0.12517932,-0.71968591,0.5342713,0.22226442,-0.75403315,0.37641311,-1.5513612,-1.5477595,-1.1726035,-0.28454971,0.38619605,0.40327287,0.20634359,-0.7116828,0.5780533,-1.1153493,-0.19684964,0.30211616,-0.93160641,0.08977671,0.031113576,0.40771359,0.039336406,0.38657612,0.040904306,0.37666419,0.037236299,0.49340886,-0.012106411,-0.045969103,-0.59221834,0.34111401,1.0153587,-0.38296038,0.54957485,0.46255913,0.55644542,-0.59193808,0.66852421,0.32189173,-0.86109543,-0.45828143,0.10057161,0.038759053,0.21060242,0.67741668,-0.34700251,-0.46634921,-0.46460399,0.001904693,0.54214251,-0.21011472,0.11977932,-0.2292704,0.15006666,1.094185,-0.99053514,0.12151105,0.27637887,-0.56631321,-0.042694759,-0.11538258,-1.1967864,-1.6997517,-0.30030653,0.56381595,0.091487825,-0.33634546,0.67309988,0.16028151,0.4604829,0.22505412,-0.22782642,-0.41756272,0.19093591,0.11995408,-0.051857661,-0.58452511,0.15161294,0.15258995,1.1208394,-1.4773632,-0.014701281,1.3813852,1.4363952,0.27820507,-1.1054647,-0.22458379,-0.33099797,-0.16013153,0.057567444,0.38018754,0.62305439,0.70615137,0.33670422,0.16187407,0.19467087,0.6823796,0.68874347,0.86956412,-0.70422834,0.34886825,0.25259399,0.16466704,-0.28068259,-0.1855634,-1.389713,0.25609544,0.05267885,-0.31245336,-0.1239185,0.44269708,0.1692474,-0.66217315,0.22963652,-0.20454985,0.13312051,-0.082335778,0.66033995,1.0125322,0.28109083,-0.018968193,0.48429978,-0.10632704,-0.012954023,-0.91799432,0.24878071,-0.57648546,0.1079348,0.59399158,-0.81603456,-0.3188861,0.37630114,0.43710724,-0.49373081,-1.0344057,0.52607805,-0.55398428,0.002456281,-1.2851804,0.25391468,-0.13831596,-0.45366248,-0.40156904,0.89008158,0.48096648,-1.6415055,-0.97359478,-0.318876,0.038491715,0.20712128,-0.065933883,0.01629347,0.37450743,0.18760312,-0.20424658,0.26618382,0.3831293,0.42334288,-0.10388468,-0.18957546,0.22692998,-1.3201294,0.034518354,0.32590535,0.034814049,0.18950459,0.57356292,0.86167848,-0.33263123,-0.63195229,-0.33579573,0.11948054,-1.6100794,0.27799338,0.23216093,0.34604126,-0.5749771,-0.96978027,0.23943001,-0.50457495,0.054524273,0.049430382,-0.076837614,0.39483932,0.14096051,0.28343835,0.41789278,0.0042981,-0.18395798,-0.26987976,-1.9568121,-0.60417205,-0.81339926,-0.067592233,-0.73271906,0.25979033,-0.13074091,-0.30053675,0.061800964,0
0.59201092,0.34153324,0.306532,0.55037856,0.55477768,0.57789922,0.55973518,0.53528535,0.55648315,0.5507462,0.55180931,0.55249888,0.54746306,0.53480816,0.54772478,0.54636472,0.559847,0.5741573,0.55470151,0.54053009,0.53724396,0.54478943,0.54634809,0.54481304,0.55066729,0.53794277,0.54258657,0.53293848,0.54445148,0.55036592,0.53661501,0.5518856,0.53031468,0.54143846,0.54170167,0.52746701,0.53156739,0.5375421,0.51588327,0.53404915,-0.92280853,0.27987748,0.58565831,0.57609701,1.3795609,1.8413041,1.538904,0.90323061,1.0510632,1.7939095,1.5507729,1.3857825,0.51285952,-0.21591485,-0.24949381,-0.34742108,0.80673754,0.45226455,0.45598453,0.33107027,-0.7165069,-0.014797676,-0.68869781,0.43580672,-0.83473456,-0.042089559,-0.23316443,0.61247063,-0.064070344,1.5327971,-0.2061725,0.25707483,-1.2846068,-0.12561266,-0.24830334,1.0993912,-1.0292984,0.73635328,0.15754931,-0.9193911,-0.07998433,-1.3465283,-0.55461633,0.38622674,1.0996293,0.64662868,-0.017000651,-1.7593889,0.67495149,0.11754037,-1.1819326,0.61207169,0.046575163,0.09837687,0.64417702,-0.037892636,0.32498169,-0.34686804,0.095583066,0.67369944,-0.56511551,-1.1423607,0.017941825,0.55527169,-0.36299723,0.22927806,0.059332557,-0.23746252,-0.17716572,-0.28926384,0.41491586,0.6588735,-0.19923183,-0.50338364,-0.49403226,0.057258382,0.4783586,-1.0741841,0.45145947,-1.1952627,-0.35392857,-1.8641548,-1.0598661,-0.046307113,-0.62672615,0.33927423,-0.41607219,0.12194818,-0.056752604,-0.078010678,-0.81844211,-0.58006996,-0.11857474,-1.1005063,-0.27796894,0.010880917,0.11817755,0.22396873,-0.41269481,-1.7808338,0.1538406,0.48772222,0.84258449,-0.19334379,0.51731694,0.32306483,0.009592272,-0.47580907,-0.38576192,0.28286999,-0.49573636,-0.19255179,0.49860221,-0.37433505,-0.75155246,-0.009522023,-0.6706208,-0.37256151,0.27497306,-0.2541101,0.13062644,-0.69210434,0.69898587,0.6106922,0.31656453,0.052529819,-1.7696118,0.76896423,0.00098671,-0.2222034,-0.062309511,-0.59580189,0.048693344,-0.16547166,-0.76191556,1.1029103,-0.83888525,0.16470253,0.41611224,-1.7722661,-0.114454,0.24523088,-0.18879385,-0.47147667,-0.94977546,0.46806297,0.14022911,0.35355285,0.80881029,-0.78811115,-0.2403122,0.08799988,0.034092735,0.10737817,0.4273085,0.20963117,-0.039535206,-1.4192533,-1.8100246,-0.77414882,0.26098117,0.89597452,0.23491912,-0.44090834,-0.31824306,0.025930054,1.0300815,-0.03841446,0.10444371,-0.19913626,-0.28155583,1.0489591,0.17910761,0.32126331,0.81955117,-0.14983763,-2.0293946,-0.12475599,0.46622598,0.054589532,-0.075955965,-0.87923282,0.093711331,-1.5262963,0.27421802,-1.0876863,0.37069941,0.063620768,-0.98089945,0.12693542,0.26818597,0.37490988,-0.19310069,-0.60294712,-2.8129551,0.39153242,-0.54120559,0.054594889,0.023323923,0.22644515,0.51126504,0.09801092,-0.1853614,0.65270638,-1.5137429,-0.72950238,-0.31078684,0.41266361,-0.36586627,0.20869249,0.13882861,0.4904381,-0.046743605,0.56097668,0.46518999,0.82547492,-0.87702888,-0.244489,0.50076103,-0.074736163,0.19820577,0.038870476,-0.33180356,-1.3487189,-0.52560651,0.16239482,-0.33000693,0.33386761,1.1386968,0.39176744,-0.48499995,0.24858749,-0.28362444,0.75058669,0.47515455,-0.38022417,0.082664616,1.7456993,0.13482277,0.13193728,-0.9172495,-0.18482618,-2.0096347,1.1505811,-1.4403296,-0.20948902,-0.14771974,-1.8393929,-0.044593118,0.018677995,-0.045275167,0.49389291,0.50942463,0.30730429,-1.9771644,0.83130938,0.063467883,1.2613635,-0.130073,-1.2456777,-0.11854002,-0.93058622,0.57019734,0.21583426,-0.9066807,0.44440705,-1.8183516,-2.0145402,-1.4050223,-0.37793824,0.35503381,0.56095308,0.3399505,-0.96780813,0.89041924,-1.2788745,-0.14790863,0.27074412,-1.2310419,-0.01207535,0.068065435,0.41895288,0.016775485,0.33326542,-0.098706454,0.44594795,0.053095527,0.35460401,0.022611387,-0.1715489,-0.68496931,0.54007024,1.1572667,-0.64159584,0.62551653,0.54744589,0.58287847,-0.78934962,0.72191918,0.48126402,-1.0263884,-0.69108331,0.12346926,0.084172398,0.18001273,0.79888153,-0.35533479,-0.48430768,-0.55189419,-0.037371684,0.60990411,-0.20189653,0.21595362,-0.45734298,0.21775749,1.0387373,-1.0798078,0.11479834,0.31776327,-0.61434454,-0.098631106,-0.14736769,-1.3965329,-2.1082621,-0.24909261,0.70155871,0.045818046,-0.32847288,0.924034,0.087506637,0.60382235,0.3668201,-0.3172875,-0.49550375,0.272223,0.089718901,-0.13485558,-0.69785267,0.2352788,0.24386573,1.3396679,-1.6450678,-0.041567005,1.5800314,1.5060327,0.51843858,-1.4341741,-0.41380754,-0.51616669,-0.31447226,0.060472194,0.21218219,0.88334733,0.83583814,0.45518479,0.13526836,0.24206202,0.7833181,0.69241911,0.89690882,-0.84449255,0.42130372,0.13061005,0.2029274,-0.43218082,-0.075934075,-1.9039564,0.4212333,0.084097117,-0.31274787,-0.13019226,0.23655665,0.20825903,-0.75333422,0.2787618,-0.23018661,0.41106853,-0.1607402,0.46929371,1.0122873,0.26452276,0.020863572,0.65220594,-0.063851148,-0.070882201,-1.1002474,0.28837842,-0.79109812,0.15312938,0.83402586,-0.91930681,-0.34930277,0.48651636,0.42803973,-0.61113042,-1.0796219,0.6449306,-0.5007385,-0.022577683,-1.5521288,0.21862122,-0.15221448,-0.62757504,-0.49342746,0.94962978,0.473061,-2.006367,-1.2264556,-0.48882911,0.014736382,0.2194792,-0.085082263,0.052946478,0.40275788,0.30268648,-0.1892363,0.27377731,0.33342302,0.36746052,-0.046389818,-0.44042832,0.20852251,-1.458267,0.22023059,0.435473,0.072734989,0.18556137,0.56235927,1.3794785,-0.3704676,-0.78617734,-0.30600581,-0.13849464,-1.8630106,0.36279485,0.36362186,0.41619423,-0.75332665,-1.2262249,0.25533959,-0.53294021,0.61326957,-0.022969313,-0.057454206,0.22799051,0.1721015,0.40431288,0.38287976,0.073500365,-0.17280573,-0.31874296,-2.3897929,-0.76521784,-0.98841298,0.12699276,-0.94337612,0.18715625,-0.17911109,-0.35040569,0.14687194,0
0.57637769,0.32043502,0.28699383,0.55258363,0.55229628,0.56638801,0.55250299,0.53332061,0.56346577,0.5496031,0.55178583,0.53939581,0.53824294,0.52738988,0.54492038,0.52116323,0.55094725,0.56493604,0.54615766,0.55684966,0.53609049,0.52977127,0.5386939,0.53511971,0.54719931,0.52461982,0.52655125,0.51323169,0.53861862,0.53232825,0.52072948,0.54091227,0.52211511,0.52246761,0.52690256,0.49600714,0.51624489,0.54900312,0.5048359,0.5187307,-0.87653905,0.28624734,0.51284862,0.48065466,1.3477716,1.786041,1.3836612,0.79796529,0.94155073,1.6900733,1.4154065,1.2740912,0.42296845,-0.20062269,-0.28531188,-0.39062929,0.64511263,0.36980945,0.41071525,0.29437822,-0.73544157,0.01841994,-0.62013084,0.45662662,-0.82287449,-0.12149847,-0.21495979,0.64591604,0.096373573,1.4793148,-0.18765233,0.23597281,-1.194321,-0.21148022,-0.075196803,1.0995935,-1.0194113,0.45523947,0.23748502,-0.88458943,0.13297838,-1.2681086,-0.54947996,0.28887579,0.92342341,0.71492636,-0.014537617,-1.882884,0.61639446,0.11815774,-1.1481047,0.56358314,0.054887556,0.16221932,0.67321867,-0.039073944,0.32080692,-0.33577734,0.091446817,0.58020961,-0.51034027,-1.1021328,0.076868393,0.50883418,-0.38044968,0.26323214,0.040338464,-0.12235645,-0.14688693,-0.30374575,0.49271542,0.59811532,-0.20124978,-0.49978667,-0.3529225,-0.033421949,0.43023485,-1.1132065,0.406656,-1.2885262,-0.35095903,-1.7727188,-1.0024042,-0.01756569,-0.62940872,0.29083401,-0.43807274,0.072781749,-0.068984963,-0.10883462,-0.73797798,-0.59857804,-0.2629084,-1.0424323,-0.30533946,-0.007939339,0.17138411,0.2277288,-0.4272815,-1.5291535,0.001726627,0.52745128,0.79552734,-0.24429208,0.50278097,0.31475863,0.095391974,-0.56650895,-0.33226722,0.25500304,-0.60350394,-0.11676308,0.43292451,-0.30537117,-0.71895117,0.075121403,-0.63867718,-0.29871449,0.19915694,-0.23574334,0.038328528,-0.79081237,0.76768303,0.63123959,0.32340926,0.030975441,-1.6507553,0.58561838,0.080168322,-0.18659498,-0.046558827,-0.56493372,0.15609233,-0.20643379,-0.71490359,0.97181404,-0.7245971,0.15557131,0.33331645,-1.8096497,-0.045371927,0.2032443,-0.23281701,-0.37933487,-0.89888328,0.49628627,0.24322766,0.33855033,0.66928726,-0.8066321,-0.23796204,0.097608641,0.072158918,0.080231778,0.42261276,0.19153781,0.075378612,-1.3146172,-1.7055885,-0.65726376,0.30235434,0.78484845,0.33050939,-0.42468572,-0.29257011,0.089211643,0.92573881,-0.12252013,0.080976166,-0.18138316,-0.25672972,0.99754602,0.12553352,0.27317253,0.7328099,-0.10639015,-2.1267469,-0.075876579,0.30157098,0.031693477,-0.015903477,-0.7253536,0.091658473,-1.3635361,0.26722801,-0.98378658,0.32187155,0.078981228,-1.0068536,0.13897911,0.073142499,0.33478263,-0.1455816,-0.43939871,-2.5321059,0.32001451,-0.53037417,-0.025373999,0.000913247,0.24602363,0.60714394,0.18447775,-0.20372286,0.44806314,-1.3465549,-0.62796581,-0.29210213,0.36560643,-0.3770535,0.064802445,0.16111988,0.56319916,-0.030177485,0.60108721,0.57724983,0.78719884,-0.81839675,-0.22815238,0.53203762,-0.0227754,0.15024896,0.1369988,-0.37627774,-1.3567917,-0.5167191,0.13360673,-0.27559319,0.48643547,0.89477563,0.36270797,-0.41946819,0.30368584,-0.36812001,0.66511554,0.3700763,-0.38658202,0.10267486,1.5596002,0.096323021,0.19149902,-1.0079327,-0.20833041,-1.8589443,1.0725009,-1.3301183,-0.13268237,-0.007669702,-1.6380289,-0.13764772,-0.029693529,-0.13356765,0.42536029,0.46420363,0.30163091,-1.7970806,0.78519523,0.042198271,1.0623113,-0.0588024,-1.322426,-0.031963043,-0.95671564,0.57427675,0.26931223,-0.88634074,0.38688284,-1.6643753,-1.6680522,-1.3275313,-0.36896339,0.34847656,-0.053317308,0.29745701,-0.96575665,0.77166015,-1.1328335,-0.22731218,0.28406495,-1.2728647,0.018866505,0.083398789,0.44455412,0.00660855,0.30895269,-0.033653326,0.51282173,0.014698389,0.55666828,0.083112568,-0.23709372,-0.82199526,0.45816404,1.1051829,-0.68196756,0.61954856,0.56206858,0.53979528,-0.79023409,0.66856802,0.47301465,-0.9347015,-0.82887435,0.089722417,0.079513609,0.17477168,0.78390336,-0.40182626,-0.55049932,-0.53137815,0.009682745,0.65049827,-0.23801365,0.092828311,-0.41205388,0.20358258,0.92924058,-0.99089563,0.13015231,0.28598291,-0.52113807,-0.071468376,-0.10889599,-1.3360432,-1.8566968,-0.15676576,0.65421289,0.069587484,-0.34258774,0.84805703,0.047025293,0.5476892,0.33997309,-0.22497024,-0.46042833,0.2684395,0.052914757,-0.085310072,-0.76733446,0.24272485,0.17001157,1.2472019,-1.6292806,-0.043240599,1.4790678,1.4221084,0.47427744,-1.4043093,-0.33647963,-0.48640627,-0.36893362,-0.007228036,0.30185482,0.76500529,0.63504732,0.42385337,0.066350244,0.25754207,0.80127263,0.66823554,0.88131648,-0.90245599,0.48130143,0.052436858,0.16308485,-0.38989973,-0.14578798,-1.8050312,0.37411427,0.019674437,-0.31086433,-0.13181038,0.1659251,0.17645536,-0.72807437,0.26952949,-0.16501224,-0.004523128,-0.081960097,0.36511329,0.96810025,0.26924855,0.072435573,0.61458832,-0.10344905,-0.013223599,-1.0395519,0.18991193,-0.72907329,0.11063284,0.72539109,-0.80431008,-0.25384551,0.50294536,0.52554852,-0.57245278,-1.0255201,0.61912596,-0.48018047,-0.008267807,-1.5292765,0.22122125,-0.19958578,-0.66039109,-0.42374381,0.95102865,0.49341935,-1.8297334,-1.1743331,-0.45307505,0.015432374,0.24694233,-0.21155904,0.096545801,0.37473843,0.24542485,-0.17462967,0.30953252,0.35483688,0.38071415,-0.08019606,-0.22001004,0.20137149,-1.5371356,-0.022467013,0.34722003,0.045165911,0.17445381,0.62617868,0.88825041,-0.34301937,-0.77572048,-0.38715321,0.021698527,-1.7164418,0.34095213,0.4201659,0.47401556,-0.75086123,-1.2284982,0.24325407,-0.58507723,0.13801928,-0.088876389,-0.045684773,0.33268154,0.14251637,0.40091279,0.32473841,0.071319386,-0.27328175,-0.26653022,-2.2062783,-0.66316533,-0.8499853,0.063528687,-0.93956769,0.30783138,-0.17402668,-0.27635312,0.09989012,0
0.6109637,0.36011058,0.31250528,0.57701313,0.58132279,0.57921088,0.57168293,0.56722975,0.56743306,0.57560205,0.57296896,0.57198155,0.57305729,0.57451034,0.58772427,0.56370115,0.58166236,0.60173535,0.58279502,0.57308525,0.56701261,0.56336737,0.57131594,0.57189715,0.57802683,0.5527851,0.57514215,0.55553555,0.56233191,0.57607269,0.56958848,0.56443679,0.5589602,0.56082046,0.56290913,0.56435031,0.55015731,0.56632257,0.56068426,0.55585027,-0.92808348,0.29775214,0.5634647,0.51219833,1.4323769,1.8841056,1.48904,0.85282665,1.0025212,1.7747188,1.5327028,1.3431989,0.52647847,-0.17835969,-0.35822338,-0.45718414,0.80635452,0.41979682,0.41054407,0.37482345,-0.87978739,0.019163625,-0.61909902,0.54463565,-0.74542302,-0.030426811,-0.23065621,0.60156649,-0.10723275,1.5532495,-0.16081621,0.2780309,-1.2616659,-0.20216906,-0.1705071,1.2370396,-1.0125598,0.72717804,0.24810082,-0.94754529,-0.13954411,-1.3505915,-0.5217092,0.26170748,1.0405148,0.68729734,-0.01348216,-1.7528331,0.6990239,0.13804279,-1.1498381,0.56681561,0.068406761,0.16689628,0.63257116,-0.058493607,0.30700618,-0.26472902,0.14953072,0.6595155,-0.42915428,-0.97796524,0.046549056,0.47199818,-0.37099013,0.16856369,-0.00774662,-0.22126588,-0.063005485,-0.26413798,0.37564722,0.56716543,-0.15670577,-0.2093199,-0.3903853,-0.17246513,0.45190102,-1.0291108,0.39999261,-1.2788299,-0.35035557,-1.8110129,-0.94671619,-0.02804713,-0.64217681,0.40177429,-0.38594437,0.043557517,-0.045831412,-0.11283413,-0.78621423,-0.67530733,-0.30849957,-1.0772923,-0.18702661,0.086916253,0.077356569,0.19721065,-0.43080303,-1.5891391,-0.10193563,0.47743198,0.81743306,-0.20634082,0.49459535,0.21428055,0.050811753,-0.69643694,-0.31386888,0.37450528,-0.7286486,-0.038523667,0.53380924,-0.30934602,-0.74507356,0.002950037,-0.57566094,-0.34917387,0.21715802,-0.21938892,0.1168474,-0.82147646,0.82793796,0.64610118,0.25869501,-0.060922559,-1.6808965,0.68786609,0.058064487,-0.27100793,1.9538844,-0.59777123,0.11651544,-0.17805773,-0.74762475,1.0438827,-0.82008636,0.20887989,0.34826604,-1.6015054,-0.023822807,0.16711468,-0.16336422,-0.38708541,-0.8631168,0.45605758,0.13372812,0.46343282,0.5600456,-0.73573887,-0.26124471,0.081811883,0.05167364,0.096486032,0.34532529,0.12361974,-0.10036128,-1.3226163,-1.7111735,-0.63497955,0.32783592,0.91520667,0.34375978,-0.3642495,-0.33379456,-0.060140252,0.87723422,-0.067197278,0.06155391,-0.13919586,-0.23045351,0.99421465,0.15346138,0.31424612,0.42625332,-0.13786864,-1.8827164,-0.096426152,0.38115811,0.08529266,-0.18820535,-0.78170335,0.04866901,-1.4412179,0.35650855,-1.0290059,0.16384685,0.009857014,-0.99491668,0.1878325,0.2074251,0.22913539,-0.14419317,-0.53229725,-2.6047022,0.34960756,-0.74365377,0.027218617,0.071198747,0.30414829,0.51854151,0.17122875,-0.25104472,0.6613878,-1.4376415,-0.73442316,-0.40845001,0.47058642,-0.42013896,0.033554234,0.11654081,0.41388541,-0.065924883,0.61188877,0.52070796,0.80318666,-0.71894062,-0.2104169,0.66965604,-0.077287644,0.17479567,0.03668455,-0.35040456,-1.3176525,-0.44535166,0.11519996,-0.36706302,0.47626418,0.98847789,0.37354279,-0.49445081,0.2651765,-0.28798276,0.70610696,0.4234972,-0.34286633,0.083087921,1.6786902,0.13959903,0.19656388,-0.98962814,-0.24292621,-1.863099,1.0335948,-1.4288895,-0.15418139,-0.09505254,-1.5877841,-0.11256621,-0.12296639,-0.021134689,0.35257342,0.48045167,0.26009998,-1.867264,0.73647636,0.098688349,1.2121369,-0.12938824,-1.3391075,-0.13756344,-0.89654344,0.5354079,0.22094724,-0.9119494,0.42985129,-1.7608868,-1.6522113,-1.3620718,-0.33840743,0.30432338,0.095689237,0.29007941,-0.88301599,0.85556519,-1.1048543,-0.23220046,0.30224514,-1.2086898,-0.061514914,0.081015296,0.39423424,-0.023704547,0.28085232,-0.17490339,0.44617125,0.098275565,0.18118709,0.029893979,-0.20132715,-0.80049777,0.53023231,1.1591572,-0.53529948,0.61902291,0.56533617,0.59134221,-0.74488187,0.66607332,0.48147163,-0.87535465,-0.70798516,0.13436776,0.055534586,0.1512261,0.79246122,-0.37870771,-0.50828618,-0.50996464,0.016190704,0.67743927,-0.301705,0.021626003,-0.3960492,0.27760041,1.0857571,-0.98342204,0.14167064,0.37527892,-0.55317235,-0.11860657,-0.017181858,-1.3183051,-1.9307495,-0.29690814,0.69319266,0.04522559,-0.29842043,0.85616225,0.034424901,0.59528571,0.36637449,-0.29984814,-0.56128621,0.77654088,0.042004768,-0.17672531,-0.71217275,0.28395334,0.22956467,1.3133255,-1.5970013,-0.050339803,1.3900626,1.4858432,0.47365215,-1.4235762,-0.4450798,-0.56603605,-0.36654148,0.064750716,0.18359564,0.82601327,0.83005244,0.50515819,0.094616868,0.25852281,0.74523395,0.64326417,0.86206186,-0.9857735,0.36437145,0.13406165,0.2401327,-0.35148785,-0.1992766,-1.7652519,0.40894222,0.1026645,-0.2868185,-0.18453422,0.23572731,0.16452441,-0.58163899,0.1949569,-0.31217831,0.017584134,-0.12033375,0.47413221,1.019127,0.30986288,0.061561696,0.5970968,-0.14025241,0.012343666,-1.0514824,0.32315812,-0.72189558,0.16297877,0.82745004,-0.8260805,-0.25433514,0.52169943,0.51508766,-0.57375526,-0.9533661,0.68755245,-0.57499814,-0.039737839,-1.5111308,0.20627964,-0.24965982,-0.58718717,-0.51348507,0.94739985,0.43024552,-1.8816172,-1.175492,-0.50057495,0.033390488,0.23839417,-0.14175615,0.061011255,0.3373605,0.31907064,-0.21716741,0.31134123,0.29638582,0.34506679,-0.012080364,-0.56976968,0.27219853,-1.5947222,0.040835578,0.34132111,0.061525986,0.2155744,0.60034156,0.83983421,-0.34560695,-0.76490241,-0.49284098,-0.035280898,-1.6717433,0.38166279,0.30787474,0.43408811,-0.70086479,-1.1511412,0.25212887,-0.49528959,0.015977487,-0.13994622,0.080112204,-0.10030252,0.21340802,0.42713737,0.29553583,0.10178944,-0.24304812,-0.24768105,-2.2098975,-0.60715604,-0.93306249,0.077249587,-0.89353853,0.23202011,-0.31566596,-0.35573611,0.14331652,0
0.53517115,0.28870165,0.25183061,0.5231204,0.52265584,0.52224565,0.51547837,0.50487697,0.53150201,0.52041119,0.51442075,0.51220399,0.52136302,0.50928801,0.5235635,0.50226367,0.51297659,0.54231477,0.53081781,0.51822901,0.50397956,0.51443273,0.5040043,0.51407468,0.51772356,0.50738585,0.51947737,0.50129235,0.50276554,0.51650882,0.49732959,0.50700998,0.49264854,0.50183862,0.50241786,0.4897486,0.49053538,0.51646054,0.47855103,0.49285191,-0.75497878,0.23378906,0.37288839,0.39425987,1.3172359,1.707135,1.3168398,0.69293463,0.82432163,1.6144305,1.4012992,1.1805744,0.36942634,-0.14767224,-0.27471009,-0.34992698,0.63089061,0.35676953,0.31725317,0.28445166,-0.64134812,0.025441736,-0.46273592,0.34121567,-0.74190718,-0.11608267,-0.17488468,0.51544768,0.10870573,1.377591,-0.17717665,0.23832461,-0.98731005,-0.14892161,-0.043641571,0.95907825,-0.90978467,0.62201399,0.16156122,-0.72859609,-0.055560566,-0.98933768,-0.42022872,0.2534284,0.85722435,0.54365546,-0.003825071,-1.4279449,0.57404447,0.10300714,-0.88709939,0.48742357,0.025355242,0.06543421,0.4841395,-0.042141099,0.35869935,-0.30254465,0.089263558,0.49348,-0.68371099,-0.94268352,0.036849469,0.40928835,-0.196959,0.17461416,0.057400443,-0.20596816,-0.01602824,-0.25538635,0.37419531,0.64558274,-0.15201533,-0.25235176,-0.33034343,-0.23814729,0.28054667,-0.86176062,0.31340146,-1.0663422,-0.31752548,-1.5347507,-0.89942265,-0.039100155,-0.42063412,0.37194642,-0.37660396,0.00586237,-0.060764115,-0.11803634,-0.56928074,-0.64373147,-0.13262632,-0.94855744,-0.096947394,-0.085212626,0.079313874,0.037592918,-0.40850434,-1.2916249,0.11957872,0.37608355,0.6483947,-0.15860724,0.57921523,0.21166027,0.060113408,-0.59710217,-0.23499821,0.32102105,-0.80257326,-0.068674915,0.40787551,-0.15296474,-0.6545943,-0.056590017,-0.58958137,-0.41050348,0.19595149,-0.24637629,0.071248613,-0.73278886,0.70426184,0.54783052,0.19039707,-0.055253636,-1.5087124,0.51489788,-0.014122285,-0.095403954,-0.08780811,-0.50852245,0.075970277,-0.06765075,-0.59999424,0.86917245,-0.67671722,0.15035576,0.36095273,-1.3972032,-0.05608435,0.26056546,-0.076951005,-0.39776751,-0.7533381,0.48897526,0.10327967,0.47180063,0.71300465,-0.63950765,-0.2544331,0.076155171,0.166811,0.14858283,0.31509888,0.21361098,-0.17116801,-1.1155307,-1.3794976,-0.61934495,0.28224421,0.64871681,0.25253776,-0.40155488,-0.3217763,0.10578649,0.9432497,-0.26487213,0.044921853,-0.2876572,-0.23610401,0.93514764,0.16768369,0.26071024,0.65079093,-0.10598344,-1.4732444,-0.12242599,0.40013129,0.063896306,-0.20432663,-0.63269413,0.15792397,-1.2834491,0.28003508,-1.1376394,-0.050303608,0.19108956,-0.78005624,0.072181687,0.1134858,0.11380053,-0.18611941,-0.49227691,-2.41043,0.29405221,-0.43786982,0.004432455,-0.010074347,0.005990952,0.38826245,0.066248924,-0.24091651,0.50512791,-1.3165984,-0.69354695,-0.37396389,0.30939966,-0.3127732,0.16157579,0.13385624,0.49803138,0.021122206,0.48509279,0.45543554,0.67527437,-0.69548535,-0.21087439,0.50928944,-0.12180372,0.22379893,0.050296739,-0.26153204,-0.99412006,-0.431853,0.086872749,-0.30563802,0.42729282,0.99443811,0.35828438,-0.39493915,0.25626314,-0.26400614,0.62957394,0.51131624,-0.2507844,0.075902328,1.475455,0.1057914,0.13568459,-0.7076118,-0.21813263,-1.7446345,0.87102789,-1.1537431,-0.27648479,-0.16805413,-1.3282418,-0.080920026,0.025823653,0.070553251,0.35567066,0.32732534,0.15977961,-1.6032569,0.63856471,0.18749274,0.9356361,0.002696339,-0.88986456,-0.053152494,-0.77305228,0.52120459,0.15097097,-0.74892223,0.2049839,-1.5860502,-1.6203436,-1.144835,-0.27809209,0.40337467,0.14996681,0.24188352,-0.73760629,0.64201659,-1.1170572,-0.22240856,0.29456258,-0.97147113,-0.005150877,0.052196719,0.34766906,0.013183929,0.34698397,-0.005620215,0.28873998,0.04823003,0.12850052,0.041243091,-0.1352901,-0.58711231,0.43096942,0.94881618,-0.33113992,0.49263766,0.49545148,0.52219033,-0.64055324,0.67006838,0.36153367,-0.86988425,-0.52505285,0.098525383,-0.015279755,0.18478806,0.66431856,-0.30859399,-0.45325494,-0.41673392,0.056037702,0.44899631,-0.27000701,0.09887699,-0.26124817,0.16032554,0.97666138,-0.93619514,0.16255745,0.26923391,-0.5249275,-0.080943689,-0.2225382,-1.131438,-1.6628686,-0.28986728,0.54835773,0.15115154,-0.36540225,0.63124865,0.096835241,0.49306014,0.26897144,-0.15994526,-0.33009472,0.23975091,0.10351829,-0.13973275,-0.70602483,0.19790424,0.1717563,1.1632599,-1.5553842,-0.10000731,1.264238,1.4368097,0.36639196,-0.98327166,-0.24473464,-0.51735866,-0.18457094,0.059265207,0.24733648,0.62005377,0.71445191,0.44885069,0.10600916,0.22836587,0.6758244,0.65441471,0.79884815,-0.66665637,0.27100831,0.14283137,0.21642585,-0.27789184,-0.19880068,-1.4136716,0.31673366,0.053469419,-0.26153171,-0.16986103,0.26472181,0.11418317,-0.65887851,0.11893651,-0.20064074,-0.20922813,-0.09723419,0.39597839,0.91732633,0.22608891,0.018013669,0.48053777,-0.18322994,0.11505601,-0.94471449,0.20955771,-0.59280622,0.094266683,0.55355734,-0.76849687,-0.35482976,0.31656969,0.33616036,-0.54935968,-1.0179054,0.57152665,-0.4913407,0.048797011,-1.0450554,0.21612221,-0.1033337,-0.44602758,-0.44603267,0.69113278,0.48677,-1.7313477,-1.0524006,-0.32216334,0.052826844,0.21845552,-0.055502985,0.012453554,0.28914452,0.22629967,-0.24230102,0.32928178,0.30523619,0.23356967,-0.072088659,-0.29899913,0.21220921,-1.2829072,0.048350021,0.17719209,0.038049266,0.24398512,0.50659615,0.75481522,-0.35906485,-0.72593182,-0.38963547,0.1772071,-1.5355389,0.33884138,0.30644509,0.37484765,-0.55147094,-1.0583706,0.19375597,-0.43256471,0.061068147,-0.037097208,-0.033890218,-0.16147536,0.12319844,0.35146445,0.29389471,0.031351533,-0.20951332,-0.20283495,-1.9264944,-0.5381192,-0.79561162,-0.027415786,-0.69629818,0.14524561,-0.15453967,-0.28353095,0.054838493,0
0.52267396,0.28165901,0.24228618,0.5117116,0.52344704,0.52924573,0.52385265,0.52269304,0.52854395,0.51251793,0.50481755,0.51699191,0.51873773,0.51726043,0.52349335,0.51456928,0.50930238,0.53439784,0.5205853,0.50984907,0.49525294,0.49569526,0.51234376,0.50788784,0.49913114,0.51684332,0.52047992,0.45982766,0.51197851,0.51056933,0.50257587,0.51068318,0.4976263,0.51521581,0.50659132,0.47372115,0.45551008,0.51396108,0.48442566,0.49022305,-0.81485629,0.221267,0.29824668,0.31634209,1.2319013,1.6212704,1.2067009,0.61407697,0.73254937,1.5270089,1.3073965,1.0934948,0.35611951,-0.21847129,-0.15673876,-0.29613379,0.59138787,0.29913652,0.34688482,0.26931596,-0.5437091,-0.006648323,-0.49836075,0.32545102,-0.70589268,-0.10818558,-0.15236709,0.53008699,0.17843056,1.3564718,-0.19593437,0.1995602,-1.0242125,-0.19409269,-0.014688868,0.88198858,-0.95855272,0.49584976,0.22744662,-0.80404413,-0.12041669,-1.040925,-0.51795596,0.29264411,0.83895522,0.65629822,-0.053594891,-1.4965456,0.657857,0.11715538,-0.89246184,0.41449663,0.017978016,-0.068408743,0.63720381,-0.040921692,0.33212587,-0.41948813,0.059501845,0.49890548,-0.57285219,-1.0582173,0.062653288,0.42692131,-0.27402151,0.1123041,0.17222287,-0.16951725,-0.080819204,-0.31295875,0.32193297,0.84818876,-0.15289634,-0.30161399,-0.45080924,0.3119756,0.39907411,-0.90845257,0.36615616,-1.0164269,-0.38904148,-1.6570011,-0.9718616,0.026005208,-0.44267118,0.29417071,-0.36717999,0.1195637,-0.069654658,-0.17390174,-0.5581767,-0.23220639,0.009192333,-0.923675,-0.10717655,-0.13133371,0.17612579,-0.15288591,-0.43945992,-1.3028737,0.45641762,0.36603189,0.73896229,-0.094960138,0.48489356,0.24494508,-0.004812248,-0.33929992,-0.20782277,0.21278426,-0.33624494,-0.10421963,0.34058869,-0.17736098,-0.6793974,-0.054250136,-0.52569658,-0.71913588,0.27517688,-0.31819239,0.003655182,-0.62188917,0.59467638,0.58072102,0.054123055,-0.10290355,-1.5746511,0.70012617,-0.12225012,-0.16262771,-0.074948624,-0.4982568,-0.00304043,-0.15403131,-0.58232158,0.8869102,-0.72906929,0.13374092,0.41372931,-1.4976208,-0.079005308,0.32569122,-0.049100317,-0.41107875,-0.8304897,0.54588526,0.23590988,0.31279546,0.69678032,-0.63663208,-0.27539384,0.10833767,0.057139903,0.21736144,0.3001819,0.1772664,-0.049819883,-1.0729647,-1.4255636,-0.69449198,0.24273218,0.69632244,0.29638109,-0.43873042,-0.24520645,0.14480038,1.3053818,0.035728663,0.024260994,-0.35181549,-0.26476839,1.0114013,0.092179872,0.268289,0.61110306,-0.046778992,-1.9244388,-0.082897969,0.53466839,-0.013534596,-0.12518725,-0.6603654,0.11007155,-1.4117149,0.25227749,-1.1773471,0.49551043,0.09704452,-0.72067332,-0.072647184,0.17689466,0.44874614,-0.228669,-0.15374243,-2.4274778,0.29866907,-0.33441344,-0.037113592,-0.093601473,0.22393686,0.48661944,0.16332757,-0.25703415,0.60055244,-1.3904492,-0.76270026,-0.37583667,0.4764097,-0.46159554,0.16194665,0.25076267,0.4620631,0.054622095,0.49544403,0.39650878,0.75931162,-0.8705591,-0.29341245,0.68423057,-0.049656343,0.29275498,-0.090300024,-0.24910466,-1.0490111,-0.49082994,0.069505543,-0.32073241,0.43384054,1.1557033,0.35812631,-0.38638517,0.24288161,-0.36092094,0.53160763,0.55069768,-0.3141447,0.087958708,1.4808443,0.15996769,0.18616498,-0.93816519,-0.16125301,-1.8636512,1.0116993,-1.2757826,-0.30143014,-0.19806306,-1.4601365,0.024753407,0.17475033,0.025264353,0.55039322,0.32003504,0.19234848,-1.6515934,0.72985566,0.23585442,1.0653393,0.024297934,-0.97873676,-0.13095213,-0.79262149,0.4884356,0.18503618,-0.82921547,0.35251802,-1.62615,-1.7939094,-1.2635196,-0.34678695,0.35694721,0.28547934,0.22915402,-0.8068161,0.58221316,-1.2209879,-0.10593032,0.2839126,-1.0180241,0.12528329,0.03927457,0.49153557,-0.056028865,0.37753445,0.0001547,0.346304,0.054627918,0.65606898,0.061330654,-0.094465576,-0.66755897,0.38530257,0.94935662,-0.46743977,0.54327214,0.46797812,0.58981067,-0.58588326,0.69854271,0.43753529,-0.97312766,-0.52825677,0.13166866,0.11279893,0.24712226,0.75772375,-0.35555768,-0.4819333,-0.42130843,0.02373058,0.59143114,-0.1990097,0.10516571,-0.29163519,0.20498538,1.1280187,-1.009631,0.10128048,0.2227297,-0.59755963,-0.059574738,-0.12542494,-1.3139212,-1.7980713,-0.21641375,0.4695428,0.10748817,-0.33216766,0.6927402,0.16014647,0.46824944,0.20739621,-0.29875952,-0.36097223,0.20112514,0.052465379,-0.075387545,-0.53859574,0.16971523,0.14944777,1.0952346,-1.4491456,-0.033595793,1.4696093,1.4041179,0.26837924,-1.1080117,-0.2366472,-0.40681449,-0.11535194,0.022692794,0.31243098,0.70650899,0.75595546,0.34105927,0.16685304,0.22390971,0.59963691,0.7455188,0.86613619,-0.74859214,0.26821297,0.32117906,0.13042784,-0.31789869,-0.15048334,-1.454978,0.28704187,0.017190918,-0.27941307,-0.14416872,0.45281589,0.11718288,-0.70711869,0.2183259,-0.2478057,0.178821,-0.11967535,0.63088089,0.97313237,0.24492955,0.01915394,0.57620913,0.051580824,-0.095633999,-1.0036271,0.22917639,-0.58710676,0.20201103,0.67544669,-0.74000603,-0.31795973,0.3187722,0.36772221,-0.48160124,-0.9515605,0.57316685,-0.6571877,-0.095066667,-1.321313,0.35226342,-0.035874858,-0.50225317,-0.38376728,0.90870851,0.48628694,-1.7015969,-0.99859816,-0.28862196,0.024970066,0.23132019,0.028743263,-0.044079371,0.46537581,0.16347624,-0.16700068,0.27206174,0.28573838,0.40295762,-0.005210087,-0.030670062,0.22486228,-1.3812122,0.085643128,0.37977082,0.020134531,0.19121581,0.54759675,0.79779404,-0.3123132,-0.78122652,-0.35901549,0.09963695,-1.7861485,0.26505351,0.37079912,0.38466454,-0.59764183,-1.0814273,0.20661664,-0.57418561,0.08652249,0.061845105,-0.025169261,0.50647295,0.12994379,0.30752951,0.54076993,0.000860741,-0.25075546,-0.32095402,-2.0789855,-0.57347602,-0.85508758,0.050075386,-0.79355949,0.20703641,-0.17012042,-0.28882539,0.019003399,0
0.50742155,0.26261932,0.23659003,0.49096859,0.48477584,0.50894433,0.49542421,0.48168486,0.49337217,0.49877727,0.48803389,0.48797733,0.49472895,0.48899624,0.4973678,0.48116848,0.48230761,0.50877094,0.50376797,0.47032687,0.47379762,0.48129928,0.47570544,0.47758311,0.47728568,0.46625757,0.48372537,0.46222216,0.47390598,0.47976354,0.46436575,0.47883511,0.45907593,0.47132438,0.46958411,0.45574456,0.46420744,0.46514982,0.44939682,0.44864273,-0.77019578,0.21440354,0.29429883,0.32165882,1.2071601,1.6158388,1.1980078,0.60249043,0.72129917,1.5131619,1.3018887,1.0890362,0.3301838,-0.20459156,-0.14835206,-0.28510278,0.54271942,0.28696212,0.37294567,0.24441463,-0.60313833,0.073349655,-0.49029595,0.38000837,-0.74538618,-0.14161894,-0.12015902,0.59498364,0.25710601,1.5469174,-0.20418981,0.20476247,-0.98224229,-0.18600997,-0.036056649,0.70116961,-0.94398385,0.42090204,0.23181793,-0.83475357,-0.10753706,-1.020365,-0.45218164,0.28074801,0.70618284,0.66470933,-0.038391583,-1.5508671,0.57390738,0.14776163,-0.92904431,0.413755,0.085571371,-0.029603086,0.55671787,-0.050434977,0.24476445,-0.45534846,0.074493811,0.44811031,-0.59011877,-0.97269851,0.092449881,0.43174726,-0.35058618,0.21291611,-0.052987866,-0.10062578,-0.038914494,-0.30198643,0.46804222,0.88105994,-0.14036082,-0.39129516,-0.45116851,0.23661737,0.40228176,-0.84112298,0.35481197,-1.0594242,-0.34365553,-1.6338315,-0.96367556,-0.028584458,-0.47478458,0.24883264,-0.33667386,0.11692385,-0.094125569,-0.16993068,-0.61907709,-0.42960498,0.01318112,-0.94248343,-0.20426849,-0.13988066,0.24437103,0.083778024,-0.44129276,-1.2146633,0.41631275,0.36283708,0.7226398,-0.12075084,0.45468432,0.19627011,0.082210265,-0.36540389,-0.22865933,0.33417511,-0.33963466,-0.098395117,0.29336995,-0.2238732,-0.68529963,-0.051201869,-0.52687567,-0.57571113,0.18188441,-0.29408735,-0.012629711,-0.68670821,0.58738554,0.53811085,0.023273598,-0.001044772,-1.5804886,0.62938297,-0.096848771,-0.19877107,-0.06865754,-0.58310062,0.040338941,-0.11162755,-0.5680393,0.90082598,-0.66362005,0.13087115,0.40478146,-1.5341953,-0.14672743,0.29507723,-0.11472543,-0.54953223,-0.83158249,0.45140296,0.25068182,0.38350749,0.76323974,-0.63714975,-0.22434312,0.085224926,0.034816194,0.19264352,0.29029179,0.16980483,-0.087397382,-1.1081619,-1.3784701,-0.68593031,0.24650575,0.54653078,0.30410486,-0.40254712,-0.25141299,0.19200358,1.2660201,-0.089157283,0.01427139,-0.38342223,-0.2631776,1.0434136,0.12191959,0.16957316,0.93822461,-0.049967125,-2.1720281,-0.12634389,0.44154853,-0.01644001,-0.24379316,-0.67521328,0.082955956,-1.3955665,0.27991921,-1.1440279,0.5215885,0.072635002,-0.70244157,0.049291022,0.18526232,0.48738712,-0.20606922,-0.2381286,-2.4779749,0.32364163,-0.3447662,-0.009767667,-0.2036725,0.05212903,0.56407738,0.21422029,-0.2222036,0.64405012,-1.3055553,-0.72351521,-0.22784975,0.30138767,-0.39190084,0.15577669,0.19796585,0.42965308,0.012183501,0.47033906,0.43019533,0.70094508,-0.92759633,-0.28999645,0.50903225,0.002238257,0.23787144,-0.003479119,-0.2476359,-1.0624478,-0.44166559,0.057286546,-0.39810014,0.48383266,1.0057814,0.32234234,-0.39931151,0.17815307,-0.33796877,0.61787927,0.38950324,-0.32732111,0.10930112,1.4409877,0.10337335,0.14235899,-0.96934062,-0.10157248,-1.8494636,1.0197474,-1.2137939,-0.28864518,-0.14314468,-1.443485,-0.060109265,0.15807861,0.11668402,0.91838503,0.37818027,0.23774235,-1.594293,0.83125281,0.065105572,1.0109098,-0.019646589,-0.99364245,-0.1434949,-0.75180829,0.56552768,0.25326771,-0.79800391,0.3134076,-1.6006069,-1.6568118,-1.2721012,-0.27593169,0.34181097,0.13042703,0.197144,-0.82128406,0.58500355,-1.2615787,-0.14865765,0.28900096,-1.0183967,0.15289423,0.058365017,0.4761982,-0.057738006,0.3737573,0.068626896,0.37836307,0.077912956,0.82231516,-0.005289923,-0.059910815,-0.73276806,0.2521331,0.99687576,-0.52768362,0.57129127,0.47431681,0.55402994,-0.590662,0.58099222,0.36430758,-0.90831572,-0.48934561,0.14013681,0.19394051,0.27694213,0.69963002,-0.35071665,-0.5196563,-0.44426653,-0.048762679,0.5715698,-0.10983527,0.031907078,-0.23482466,0.1439143,1.039537,-1.0423895,0.14371088,0.27273136,-0.59815568,-0.045999072,-0.20112027,-1.2694559,-1.8464134,-0.19093913,0.4972623,0.14211906,-0.3337054,0.79625094,0.1477239,0.45198438,0.19473635,-0.30605483,-0.43757892,0.16210803,0.080114916,-0.146238,-0.54215008,0.18131688,0.17480622,1.0350081,-1.5653481,-0.047753982,1.4619585,1.4053756,0.38779688,-1.1285535,-0.21987757,-0.42197868,-0.12941578,0.027885376,0.43403757,0.75009835,0.70601577,0.35359624,0.1823186,0.22967491,0.67722195,0.71199954,0.85123771,-0.7714085,0.38056791,0.19400838,0.13281406,-0.30860969,-0.20780402,-1.461264,0.26661655,0.078397378,-0.38598269,-0.074062586,0.22725232,0.14700431,-0.62173086,0.29256284,-0.20836717,-0.089220062,-0.140983,0.45525655,0.84553403,0.24823356,0.053738497,0.57479066,-0.036657445,-0.047186796,-0.95718431,0.25935131,-0.55828846,0.17967899,0.61403114,-0.76656032,-0.36478978,0.431041,0.48711771,-0.54857087,-1.0771081,0.52154547,-0.5654757,-0.000365719,-1.3349791,0.25960165,-0.11357633,-0.48255676,-0.45338851,0.94651031,0.57498461,-1.8162605,-1.0468478,-0.32587248,0.062815465,0.21464831,0.029975485,0.020722654,0.42080238,0.19047953,-0.1600235,0.23556995,0.36944965,0.43812087,-0.16600224,0.016975105,0.17027321,-1.348594,0.016823724,0.42903879,0.036648311,0.19918348,0.65888286,0.78843629,-0.36589271,-0.68611658,-0.43289632,0.069562972,-1.7208527,0.31445417,0.35428488,0.35272285,-0.62870556,-1.0653118,0.22755904,-0.59690964,0.10656381,0.042430632,-0.038576651,0.56750017,0.13746729,0.30130494,0.47031048,-0.014094529,-0.1985399,-0.30468893,-2.0920143,-0.64566779,-0.84268129,-0.034144156,-0.79141116,0.26090103,-0.099240512,-0.27203798,-0.039559349,0
0.54070622,0.29006454,0.2456338,0.52372825,0.52383739,0.53159094,0.52651399,0.52543402,0.52672625,0.53340954,0.52505875,0.52994305,0.53096378,0.52391875,0.52558368,0.51808864,0.53219974,0.55289763,0.52290154,0.51824772,0.50629377,0.52352071,0.51970577,0.52477038,0.52353263,0.50338578,0.51821291,0.50105238,0.5147686,0.52056247,0.510584,0.51191229,0.51042533,0.520109,0.51409888,0.5116722,0.50745726,0.5221408,0.50329709,0.49983957,-0.86414647,0.23754604,0.35600293,0.37051252,1.2989509,1.6999223,1.256035,0.674523,0.79765916,1.5989437,1.3664865,1.1594316,0.34088627,-0.21660854,-0.11377279,-0.40305406,0.55282301,0.32196876,0.33146283,0.28965664,-0.75910443,0.013344768,-0.51699191,0.35019848,-0.82249117,-0.20236433,-0.17071581,0.60952049,0.19863968,1.2427549,-0.18544495,0.20707305,-1.1335466,-0.24169683,-0.03223303,0.91201758,-1.0926275,0.54049468,0.30458632,-0.94748878,-0.1572132,-1.132521,-0.59266686,0.33338159,0.91154045,0.65910637,-0.072381034,-1.5924296,0.62387472,0.13556299,-0.99051261,0.40831959,0.046666402,0.029479649,0.7293005,0.036856338,0.39514363,-0.38812894,0.058574066,0.54836261,-0.67326707,-1.0582911,0.068633519,0.4975765,-0.32984,0.22899306,0.084881388,-0.14488289,-0.060552306,-0.31606242,0.53954446,0.83492345,-0.18241696,-0.44033611,-0.5179857,0.2598215,0.32862484,-0.99755126,0.39234143,-1.2172663,-0.42938238,-1.7125394,-0.93958968,0.028631825,-0.47317863,0.23543108,-0.4661921,0.12902008,-0.112231,-0.098922715,-0.63974345,-0.50990272,-0.09841013,-1.0065845,-0.15982279,-0.099212974,0.18687591,-0.098256171,-0.41880226,-1.406503,0.13070485,0.40646729,0.73347795,-0.16591394,0.49939752,0.26052204,0.05474259,-0.47167623,-0.27746466,0.29615068,-0.52758443,-0.10714647,0.35804835,-0.23442547,-0.71933651,0.000812277,-0.51283914,-0.46790051,0.25543249,-0.26004055,-0.001020629,-0.64949971,0.66540074,0.61564624,0.15387774,-0.18777244,-1.7431995,0.69370735,-0.020373087,-0.13948481,-0.069522254,-0.52968639,0.053581908,-0.10881098,-0.70015317,0.92517501,-0.74143565,0.16835493,0.3608461,-1.6445833,-0.11798809,0.37562922,-0.052944962,-0.3468678,-0.81290877,0.50110579,0.35372734,0.19113263,0.78338379,-0.67218417,-0.25255331,0.068643101,0.024263078,0.22399992,0.30836552,0.33427483,-0.15154074,-1.1581966,-1.5466754,-0.68012184,0.24060565,0.74006736,0.24950388,-0.40734074,-0.32656893,0.14225905,1.2651649,-0.10746489,0.043434337,-0.32233635,-0.25396073,1.0504426,0.13834316,0.24619731,1.159649,-0.10506196,-2.2919996,-0.076846279,0.44424501,0.004115238,-0.141969,-0.64027601,0.11090591,-1.3871062,0.23396963,-1.1351889,0.46842298,0.052586727,-0.8079533,0.039496288,0.066599563,0.43695828,-0.2260967,-0.46622533,-2.4375181,0.36896074,-0.53923428,-0.020803235,-0.15359817,0.17327242,0.5412553,0.10319299,-0.28041705,0.74034399,-1.5873168,-0.75786108,-0.33191383,0.39497226,-0.5307377,0.16578461,0.18352534,0.47075987,0.021013027,0.55701941,0.47892401,0.71617407,-0.97454447,-0.31558263,0.5359965,-0.067583084,0.26809153,-0.001001936,-0.29586816,-1.2016668,-0.46645412,0.11197639,-0.29725879,0.41805834,1.0778213,0.37088847,-0.4665339,0.15613002,-0.34410739,0.55551749,0.49895728,-0.34996721,0.094358131,1.4125524,0.16967539,0.15800437,-0.977485,-0.16786791,-1.8648754,0.99933749,-1.1940171,-0.21353059,-0.11263542,-1.4980661,-0.001990199,0.14231339,-0.015539557,0.30327657,0.44105437,0.22890818,-1.704289,0.75558746,0.086627126,1.0911034,-0.17307624,-1.0123321,-0.16184798,-0.8566488,0.55379295,0.092761293,-0.82314324,0.3222509,-1.6261573,-1.6665874,-1.2895589,-0.40121475,0.43537402,0.17890593,0.21356007,-0.788661,0.62842864,-1.2032111,-0.154128,0.33009019,-1.09351,0.041220929,0.014991522,0.48602736,0.033020921,0.35944122,-0.008821286,0.46746051,0.073380992,0.64785588,0.040514462,-0.1075627,-0.70954263,0.37786049,1.0596359,-0.57231694,0.56984729,0.51103914,0.65366423,-0.58935183,0.5928871,0.33823025,-0.94958282,-0.62730968,0.13287628,0.097763598,0.18727645,0.6568051,-0.38093919,-0.48949587,-0.44476876,0.018728383,0.55628949,-0.27977043,-0.002167508,-0.25289014,0.15173359,1.0061771,-1.015354,0.14650816,0.29642624,-0.59744525,-0.025103711,-0.14807847,-1.2647485,-1.9403315,-0.25659081,0.52417022,0.11764996,-0.28351414,0.82090378,0.23589897,0.49878508,0.22940198,-0.21974288,-0.34646079,0.19638485,0.043021958,-0.14207855,-0.71129262,0.21830907,0.15698551,1.1420834,-1.6255318,-0.18769801,1.5449729,1.4336666,0.46704814,-1.3123976,-0.26127258,-0.34976485,-0.19510961,0.021060489,0.3499496,0.71619737,0.85600936,0.33111212,0.10071779,0.22525698,0.69391358,0.70500606,0.82021159,-0.74207443,0.38599533,0.21664622,0.1662107,-0.34890622,-0.1024483,-1.55652,0.31714079,0.072627559,-0.37579763,-0.14902735,0.20258805,0.15383735,-0.45370427,0.29087073,-0.28396723,-0.078524023,-0.0646431,0.4137415,1.0182008,0.29905221,0.025791448,0.58643764,-0.00713367,-0.12965824,-1.0833551,0.25941727,-0.67037618,0.23694736,0.79161054,-0.79032218,-0.31389585,0.44230363,0.50247169,-0.50735307,-1.0051897,0.59322613,-0.49292624,0.071270518,-1.4804137,0.28759432,-0.1186796,-0.523781,-0.47149682,0.88214302,0.52310926,-1.7459981,-1.1725245,-0.32948309,0.072832286,0.24926478,0.005576538,-0.06336005,0.41529143,0.20414031,-0.18796037,0.26915082,0.29681093,0.43351823,-0.1169027,-0.055865895,0.15557048,-1.3462698,0.18339515,0.31296319,0.000460438,0.19564168,0.61601794,0.92368686,-0.37522811,-0.77642941,-0.45978537,-0.030844435,-1.8064152,0.30083936,0.45678562,0.36924899,-0.64858288,-1.1936833,0.24251875,-0.64128453,0.16089259,-0.00987526,-0.12285444,0.46811903,0.1411663,0.34250128,0.46674764,0.036298282,-0.21162099,-0.31901968,-2.1092978,-0.72700191,-0.86247575,-0.14835054,-0.85292524,0.24356705,-0.21753742,-0.25833645,0.095749199,0
0.48485053,0.24989758,0.2223295,0.46080965,0.4919484,0.48471713,0.47657347,0.47784477,0.48650485,0.48027724,0.47189936,0.4810009,0.48023909,0.45738941,0.48521423,0.47796917,0.47394156,0.50470632,0.47325587,0.4558295,0.46733576,0.46701723,0.46795672,0.467251,0.48177505,0.46031475,0.4747442,0.46476376,0.46962374,0.47214413,0.4669922,0.45905995,0.4598172,0.46815395,0.47283667,0.44292247,0.4595083,0.47216231,0.45361963,0.45274255,-0.74603742,0.20070565,0.253573,0.37645027,1.1202409,1.5023916,1.1222212,0.55920839,0.67504728,1.422815,1.202011,1.0234179,0.31988204,-0.16541789,-0.14846289,-0.3237313,0.55307317,0.2889795,0.3467111,0.27873158,-0.73071504,-0.009936483,-0.44082305,0.34954125,-0.61674047,-0.069569461,-0.19406185,0.52845043,0.16457821,1.1155598,-0.18267266,0.21042894,-0.91183794,-0.11100289,0.034329265,0.79074031,-0.87692904,0.54599035,0.2603555,-0.75886315,-0.12251988,-0.91369659,-0.40769356,0.29891098,0.7120561,0.57015973,-0.031478833,-1.366881,0.62521088,0.11063403,-0.81502557,0.43595764,0.029579215,0.16813351,0.49599355,-0.1137975,0.27829134,-0.34959987,0.043908399,0.47331491,-0.59135401,-0.937383,0.11091682,0.32883525,-0.29095536,0.19256672,0.057107415,-0.11240231,-0.004374489,-0.24284074,0.48346049,0.67612731,-0.15556496,-0.30909899,-0.38803986,-0.070290595,0.4383139,-0.78495365,0.39037427,-1.0712293,-0.32928228,-1.5301455,-0.81460041,-0.027901201,-0.40874633,0.15228213,-0.31752044,0.078017607,-0.080676436,-0.10281302,-0.61970222,-0.30416489,-0.005894959,-0.81671256,-0.020411834,-0.1934877,0.14590628,0.23898536,-0.38369995,-1.3018671,0.27340838,0.34302571,0.56810963,-0.089163706,0.53696048,0.3306202,0.10001425,-0.41530734,-0.098151639,0.27665293,-0.44945765,-0.12788984,0.32507551,-0.16315866,-0.62744796,-0.047146447,-0.58414829,-0.49130583,0.18207878,-0.12769105,0.062332511,-0.67356491,0.61483866,0.59860939,0.085545242,0.048889469,-1.4755323,0.36621585,-0.07867793,-0.13366155,-0.12510762,-0.47747985,-0.017466072,-0.071745664,-0.56795561,0.69852394,-0.53662223,0.14549093,0.46476176,-1.4558195,-0.063213371,0.23079616,-0.004039019,-0.42980042,-0.78295362,0.48013243,0.22996469,0.60628873,0.62769711,-0.62510175,-0.26390857,0.064603157,-0.000125517,0.14815614,0.34695092,0.20144892,-0.039028287,-1.0091853,-1.23587,-0.7053234,0.25331679,0.37991676,0.20267825,-0.38922465,-0.26839671,0.060251474,1.19776,-0.092372127,0.038557135,-0.38877133,-0.33406609,0.82807434,0.10464521,0.19640929,0.48655593,-0.037671909,-1.7351885,-0.13374014,0.44113281,-0.048072547,-0.12131401,-0.60622919,0.13988014,-1.3257997,0.22876963,-1.1528542,0.34798944,0.18820387,-0.71820796,0.019724526,0.31458941,0.27097881,-0.18728717,-0.35180771,-2.309622,0.19613062,-0.34705174,-0.015547417,-0.062128462,0.15247506,0.33444947,0.11853757,-0.173492,0.37900978,-1.2664676,-0.58577138,-0.3083632,0.34382325,-0.32958195,0.10524641,0.20557994,0.52690381,-0.002894037,0.42057434,0.35681581,0.643942,-0.58781242,-0.23144506,0.60830283,-0.070831396,0.24256912,0.080379479,-0.30314708,-0.89754611,-0.43771273,0.079934001,-0.23848322,0.4126803,0.92823172,0.32876164,-0.39790574,0.19128065,-0.33100086,0.50075388,0.53237689,-0.33531967,0.060841586,1.0640582,0.14674027,0.10770462,-0.87390715,-0.18034302,-1.756194,0.79577821,-1.1931294,-0.28894499,-0.16200197,-1.2483773,-0.13834026,0.063514471,0.091780961,0.56086868,0.42353895,0.058172822,-1.4722351,0.56834686,0.092451021,0.84110945,0.026954105,-0.85142231,-0.11806928,-0.73863554,0.51960754,0.19359353,-0.76852691,0.33533067,-1.4745088,-1.5651679,-1.052089,-0.25499496,0.37587819,0.27223325,0.25056964,-0.66816175,0.59977823,-1.1866239,-0.18541621,0.31224823,-0.92194128,0.069539495,0.067808591,0.44375369,0.030819647,0.28629506,0.050256494,0.42315337,0.059419878,0.46612442,-0.04194,-0.084367417,-0.50714278,0.34621662,0.92238843,-0.43457514,0.55439866,0.45567831,0.58154869,-0.54490232,0.64621019,0.14976338,-0.86448395,-0.4690851,0.073569112,0.12319141,0.12959354,0.70179111,-0.31401128,-0.47925556,-0.43976665,0.013032667,0.51217782,-0.21581584,0.061232224,-0.27959642,0.15875913,1.0965201,-1.0373007,0.13431312,0.28817388,-0.49095255,-0.046367183,-0.002968133,-1.1838766,-1.6394007,-0.23843345,0.53308368,0.10470669,-0.32920933,0.62970823,0.10321214,0.40949783,0.22139186,-0.14409293,-0.39685264,0.16703969,0.077864885,-0.067513034,-0.57562661,0.17991707,0.16223639,0.99556589,-1.3276429,-0.050510015,1.0111026,1.3888203,0.26425254,-0.92698801,-0.21337974,-0.37026757,-0.14145619,0.046030223,0.33639634,0.47002378,0.34399423,0.27655855,0.083450757,0.16177957,0.71177375,0.63632631,0.90237355,-0.64359874,0.34926456,0.20433384,0.26838717,-0.34792161,-0.17355795,-1.3123441,0.26855615,0.061612234,-0.35992092,-0.12111785,0.37850261,0.19291763,-0.67489356,0.22271764,-0.17742264,-0.13324362,-0.055945516,0.62206876,1.0230517,0.23990607,0.029636236,0.46602538,-0.084425658,-0.13946041,-0.87866724,0.16213319,-0.54891849,0.086167209,0.5419156,-0.68204057,-0.38987637,0.32359695,0.38620341,-0.55799729,-0.95345944,0.46625227,-0.62052864,-0.12103757,-1.1039519,0.26209474,-0.075033978,-0.47884899,-0.37514189,0.8167786,0.52972013,-1.6112397,-1.0798823,-0.37439388,0.063284703,0.24297641,-0.080434233,-0.017719679,0.38591117,0.17674573,-0.25330412,0.26235756,0.1977222,0.37313029,-0.09152893,-0.24948993,0.19169451,-1.3080968,0.016955227,0.27373958,0.038041297,0.18734214,0.50840241,0.79214716,-0.33701321,-0.72217715,-0.34750047,0.18677697,-1.5084379,0.27416268,0.33312225,0.36349672,-0.51212084,-0.98339683,0.17734893,-0.52653915,-0.043441817,-0.032679915,-0.090736866,0.29175258,0.13504523,0.31753135,0.41070241,0.018181002,-0.21538401,-0.26505986,-1.8781476,-0.58765149,-0.72114468,-0.008580936,-0.70910156,0.17807823,-0.15046901,-0.273779,0.052034382,0
0.45810795,0.2153789,0.17486803,0.44853991,0.44574171,0.4676345,0.4445225,0.43434405,0.45276558,0.4524799,0.44873846,0.43830031,0.43984085,0.43279132,0.44943106,0.4368574,0.44497532,0.47698775,0.4493835,0.44457996,0.42979908,0.43629372,0.42946294,0.44846281,0.44512999,0.44104749,0.43073809,0.42434359,0.43982172,0.43576398,0.431566,0.42950743,0.42401582,0.42703161,0.43235141,0.4279196,0.4226898,0.44390863,0.41196412,0.41355687,-0.80126739,0.1542576,0.36539865,0.42412823,1.2903067,1.6405287,1.2553554,0.68861032,0.82589865,1.573761,1.3304687,1.1582266,0.31965399,-0.20100136,-0.21679045,-0.28330004,0.60738212,0.3202171,0.34003976,0.28791744,-0.75004578,-0.010463599,-0.53923273,0.42455989,-0.62359792,-0.074115172,-0.18146509,0.49480611,0.15803,1.2339627,-0.18512757,0.22258519,-1.015622,-0.15139061,-0.049855966,0.93001717,-0.9910568,0.58421814,0.28339729,-0.81510282,-0.13963725,-1.0437477,-0.39227721,0.33976591,0.86529839,0.6410591,-0.058777072,-1.4582475,0.66295511,0.12783435,-0.9389385,0.43055564,0.0473786,-0.017231569,0.46304631,-0.075718775,0.27400821,-0.36663464,0.045824274,0.57053983,-0.5427832,-0.97690511,0.073756181,0.47494444,-0.30929589,0.099525392,0.019108286,-0.096157849,-0.098369032,-0.28869024,0.42190903,0.63911557,-0.16076842,-0.35445309,-0.3797853,0.22571072,0.35922012,-0.91439098,0.334124,-1.1478752,-0.33565062,-1.5882989,-0.88402081,-0.070601992,-0.46669865,0.30627188,-0.34891242,0.09509933,-0.10879394,-0.16691279,-0.68872285,-0.38469642,0.10298696,-0.98590815,-0.14215158,-0.10834134,0.19539544,0.17813429,-0.44461948,-1.2689422,0.43741116,0.37766707,0.63269305,-0.10149733,0.53794956,0.30313319,0.062540427,-0.33309251,-0.22683506,0.25569993,-0.34521067,-0.12731995,0.38612384,-0.20769382,-0.68904966,0.043399625,-0.46759453,-0.40322727,0.20406213,-0.30038676,0.039958972,-0.67073107,0.66381639,0.60174257,0.15649061,-0.057620142,-1.5487654,0.43042707,-0.001118265,-0.16709909,-0.094654232,-0.41922903,0.024382262,-0.19287468,-0.65967053,0.79583788,-0.68321192,0.14831011,0.43857148,-1.4543219,-0.12180175,0.29275271,-0.06857691,-0.43627867,-0.77348328,0.50742382,0.066953301,0.37648457,0.86653006,-0.67831087,-0.26678237,0.044822607,0.014997633,0.11079542,0.33556658,0.16224968,-0.13983122,-1.0947912,-1.3786051,-0.68128502,0.23229143,0.51877189,0.2546252,-0.40650573,-0.30092499,0.12785958,1.1954951,-0.12484182,0.0458939,-0.34541225,-0.28517729,0.88186431,0.15800682,0.23368551,0.45434511,-0.042577047,-1.9201308,-0.10561396,0.52412599,0.01550504,-0.020394649,-0.6967752,0.10187446,-1.3090453,0.25286323,-1.1477607,0.54879689,0.11029357,-0.76094383,0.094895259,0.11351252,0.51626837,-0.091353431,-0.25455749,-2.426873,0.30148771,-0.28361255,0.019067764,-0.14664148,0.29352686,0.48710978,0.14410327,-0.18491882,0.46377277,-1.2732062,-0.6930728,-0.2804839,0.35971132,-0.37524137,0.051690586,0.26115584,0.51129401,-0.033461284,0.4889957,0.42538989,0.75926089,-0.77106273,-0.26268288,0.68009037,-0.012967296,0.22031814,-0.074496344,-0.28911161,-1.0160468,-0.47042552,0.12475521,-0.29122916,0.42126843,1.0588299,0.35279676,-0.40860677,0.24885376,-0.31887841,0.60544449,0.482099,-0.36980027,0.051010825,1.2453395,0.12341257,0.17613481,-0.82185698,-0.19639298,-1.8265301,0.99060553,-1.1617014,-0.25817686,-0.20971952,-1.2985852,-0.14168403,0.15647388,-0.001193747,0.4386003,0.44471976,0.082065105,-1.6109813,0.73785216,0.11409964,0.95479339,0.016349131,-0.96984708,-0.13941132,-0.80524564,0.56107593,0.092974514,-0.78886825,0.37832612,-1.6022295,-1.7854594,-1.2244412,-0.27626675,0.43707186,0.23926508,0.22132152,-0.82349968,0.64337021,-1.2928671,-0.16512081,0.26235384,-0.97501945,0.076099023,0.048007362,0.483551,0.021622907,0.39860436,0.041537486,0.34122533,0.043321796,0.63594639,0.029659949,-0.091303922,-0.62600631,0.35779008,0.90940821,-0.54462457,0.51180255,0.47172192,0.47438645,-0.5384903,0.67395031,0.14263536,-0.89133,-0.52844495,0.12053643,0.14088109,0.17899631,0.84141338,-0.3233372,-0.46863568,-0.43501633,-0.02664206,0.50575626,-0.17694053,0.00659474,-0.33628124,0.17968477,1.0678313,-1.0638293,0.11945885,0.33126187,-0.54633945,-0.078870311,0.011770993,-1.1594292,-1.7341201,-0.15526225,0.54433048,0.14656918,-0.27790025,0.74880314,0.10341236,0.51878226,0.25024575,-0.19730531,-0.38750237,0.21075191,0.065231733,-0.16955017,-0.54546988,0.19133244,0.24307111,1.0925152,-1.4905266,-0.093501709,1.2235996,1.402997,0.19108415,-1.1026269,-0.25844896,-0.47099364,-0.17561105,0.038926654,0.35437781,0.66782767,0.39408782,0.33527297,0.1711686,0.18731499,0.70809984,0.61808932,0.88899684,-0.7838003,0.35665578,0.25869775,0.1427049,-0.28723517,-0.148848,-1.4462342,0.28811255,0.026465511,-0.36531234,-0.094000407,0.46527255,0.2205662,-0.70766985,0.29678038,-0.18299274,0.17192842,-0.14200498,0.70887876,1.0412792,0.25054711,0.030925974,0.60406494,-0.11249887,-0.011131429,-0.89672172,0.22322252,-0.61039686,0.064267367,0.56650025,-0.59253013,-0.40753412,0.37875482,0.39518204,-0.54725516,-1.0933906,0.49027801,-0.49155992,-0.001646901,-1.3469846,0.29907706,-0.11692226,-0.45419684,-0.44668493,0.84173691,0.46362871,-1.7612622,-1.0531185,-0.31776807,0.039671041,0.22732615,-0.076223239,0.051534101,0.45274329,0.25308493,-0.21103077,0.24548782,0.33537632,0.35881391,-0.12449984,-0.019517049,0.20692782,-1.2797173,0.023765739,0.37914914,0.031880509,0.15702112,0.53304821,0.81805021,-0.36335301,-0.73607886,-0.34463751,0.11762956,-1.6959223,0.28786716,0.3266454,0.41968283,-0.55774772,-1.1612788,0.16140684,-0.54284477,0.046930104,0.022991631,-0.05088599,0.54355133,0.18772012,0.30119187,0.44354177,0.009958122,-0.19868433,-0.27250928,-1.9761318,-0.66349685,-0.84323496,0.03473809,-0.80270451,0.12002995,-0.13446118,-0.22101931,0.04762521,0
0.44389108,0.20272759,0.16959389,0.44140828,0.4390122,0.47033671,0.43668142,0.42377365,0.4582051,0.43294871,0.42772239,0.44550365,0.41792336,0.42775881,0.44873112,0.42384309,0.43449321,0.4635919,0.46025616,0.40907258,0.41522086,0.42487234,0.42902172,0.41769993,0.44191563,0.41566736,0.44709373,0.42583314,0.42650354,0.44403073,0.4255895,0.43108749,0.4280076,0.41460291,0.43061841,0.40003544,0.40168369,0.42090115,0.41340569,0.41055349,-0.83448219,0.1542681,0.3169387,0.42219371,1.2028754,1.616928,1.2321494,0.66520143,0.78583163,1.5442979,1.3205972,1.1304851,0.24048328,-0.19335511,-0.16889787,-0.31397516,0.4189859,0.24829897,0.30786997,0.24906217,-0.60194826,0.011923511,-0.56318176,0.38557053,-0.78956348,-0.068591915,-0.1614711,0.55927211,0.29452336,1.413691,-0.18886462,0.18955582,-1.1028918,-0.22050162,-0.010588188,0.69779748,-1.0068841,0.48754555,0.35855418,-0.84178537,-0.15729718,-1.1117024,-0.5140034,0.33708605,0.55835116,0.69530433,-0.033504236,-1.5176479,0.63769251,0.11834686,-0.89778811,0.38700455,0.053951614,0.087016955,0.57410181,-0.13625781,0.38713574,-0.39199284,0.03809806,0.43958512,-0.55270207,-1.094445,0.097108297,0.47700101,-0.33410072,0.19977239,0.11964359,-0.15344435,-0.11695081,-0.31235588,0.51157534,0.81683075,-0.17869982,-0.41858366,-0.47487178,0.14101279,0.31512058,-0.92416191,0.32485992,-1.1138979,-0.365266,-1.7118987,-0.96660703,-0.014207974,-0.42682824,0.17289001,-0.39520231,0.16277698,-0.11749046,-0.19191709,-0.71572077,-0.33501247,0.008618012,-0.98896092,-0.13302988,-0.092727676,0.18511632,0.27721173,-0.53589118,-1.4200337,0.51216739,0.39565524,0.6928165,-0.10624616,0.5497933,0.34994471,0.10978302,-0.33330712,-0.22064556,0.22271882,-0.23878497,-0.1533832,0.27250266,-0.23177339,-0.71664095,-0.007827874,-0.6367963,-0.53756124,0.26007009,-0.29857036,0.004193962,-0.63834459,0.62785345,0.54729402,0.021011649,-0.014845662,-1.7074685,0.59521389,-0.047526017,-0.16797909,-0.091132194,-0.49096721,-0.000800539,-0.13249353,-0.65380919,0.87861055,-0.58343464,0.13526711,0.4555563,-1.7226682,-0.089195088,0.35391626,-0.028530858,-0.43414918,-0.89088839,0.55637693,0.25487232,0.40301856,0.8435486,-0.68401432,-0.27089703,0.057553217,0.00600961,0.20240852,0.34979129,0.19417284,-0.065878138,-1.1132984,-1.3940451,-0.67144573,0.22994417,0.66095471,0.22337578,-0.42445621,-0.24714516,0.11572526,1.3639388,0.067238614,0.020118898,-0.37423217,-0.27139586,1.0283955,0.11407246,0.20299286,0.65608025,-0.057571225,-2.0878496,-0.063964516,0.54483676,-0.023431437,-0.075564146,-0.67767143,0.20707135,-1.3834177,0.22486779,-1.2247353,0.61739904,0.096414961,-0.75415087,0.00859524,0.11972508,0.48195851,-0.071596965,-0.2264038,-2.4523697,0.32659957,-0.44470143,0.005816236,-0.11684758,0.18759581,0.51489621,0.13026579,-0.2624588,0.53481966,-1.3437498,-0.67921495,-0.21153972,0.37762362,-0.34300673,0.13411811,0.25225377,0.52868563,0.080793925,0.52093911,0.43463528,0.77712613,-0.84835595,-0.29724818,0.43282992,-0.011441668,0.28242022,-0.15877046,-0.28180468,-1.1117574,-0.53412318,0.070658118,-0.39855072,0.48916405,1.1073111,0.38103163,-0.43242607,0.21155727,-0.25773674,0.6132462,0.51917386,-0.40185666,0.095307723,1.425541,0.15511778,0.15473858,-0.94332629,-0.13764459,-1.8852452,1.0692093,-1.2662696,-0.31934953,-0.11553702,-1.4365765,-0.037020072,0.17777665,-0.001030877,0.86950117,0.39111075,0.18006323,-1.7045853,0.78324801,0.055736877,1.0051934,-0.079381108,-0.96390414,-0.12228023,-0.76989144,0.51943094,0.2522001,-0.82559496,0.37123919,-1.7040796,-1.73971,-1.2860349,-0.37330133,0.49969205,0.11637732,0.16943246,-0.80622065,0.56968254,-1.1961339,-0.12702791,0.28609172,-0.93958473,0.12919441,0.013827616,0.53299052,-0.001553703,0.38455781,0.0705695,0.53631973,0.028192151,0.70550942,-0.080489308,-0.07761924,-0.54469407,0.30103612,1.0344929,-0.55711055,0.5013445,0.52350408,0.64069927,-0.59023845,0.68063414,0.29007533,-0.95191514,-0.50767034,0.055818588,0.19243652,0.1730506,0.66986072,-0.31895381,-0.4490903,-0.45034689,0.000754364,0.60589236,-0.18222885,0.141496,-0.25701511,0.12336457,1.0729868,-1.038806,0.13306394,0.28673041,-0.57922518,-0.03298793,-0.007525131,-1.254895,-1.7747933,-0.13227499,0.49428925,0.12915185,-0.2215703,0.77552223,0.18474633,0.42120802,0.18998027,-0.23799723,-0.37755194,0.14899173,0.092496961,-0.09328755,-0.56521916,0.16817114,0.25581703,1.1321384,-1.4977659,-0.10839736,1.4035889,1.3634732,0.33405966,-1.1502469,-0.23321116,-0.38337982,-0.12758863,0.009264845,0.46605718,0.74456072,0.39688793,0.39247495,0.17999113,0.19245434,0.66508085,0.6964609,0.82414138,-0.76222146,0.35675105,0.33543566,0.074864231,-0.27795529,-0.16624345,-1.4239029,0.24545577,0.033075329,-0.39606631,-0.10446473,0.31602746,0.11278013,-0.70170748,0.2777026,-0.19852526,-0.031458862,-0.11727843,0.70614129,1.0242169,0.2148343,0.014725797,0.55240858,-0.092221364,-0.020723484,-1.036821,0.27180088,-0.58470923,0.14945683,0.68566072,-0.78952718,-0.39116824,0.38738632,0.44474989,-0.54353732,-1.0369722,0.4654161,-0.54510975,-0.03246893,-1.4298774,0.34343001,-0.11491006,-0.43212521,-0.44384879,0.86590254,0.54342109,-1.7391424,-1.064791,-0.30946451,0.075467467,0.21250758,0.00026257,0.010986263,0.43459454,0.17815094,-0.19433789,0.24338457,0.37014556,0.42547217,-0.051666684,-0.07975962,0.22724959,-1.397705,0.001703816,0.37009007,0.003917405,0.1885944,0.66622406,0.9041388,-0.38553116,-0.73471451,-0.41204628,0.077735096,-1.7373601,0.28828245,0.30079749,0.33142164,-0.66030031,-1.2360446,0.184369,-0.5712893,0.10539255,0.049520336,-0.068028137,0.5419842,0.13025844,0.28067005,0.53406978,0.016481567,-0.15811661,-0.34254041,-2.0455437,-0.74030465,-0.87193704,-0.054405686,-0.81530762,0.18755254,-0.15499271,-0.22383334,0.016818069,0
0.42143399,0.17046018,0.15139422,0.42282122,0.42228109,0.45624232,0.40573373,0.40910256,0.43313223,0.43499792,0.41361022,0.4312095,0.41668636,0.40868819,0.42694867,0.41264558,0.412404,0.46833,0.44152638,0.40229386,0.40191668,0.42068094,0.40650398,0.41572475,0.42515832,0.40074939,0.41993719,0.42505193,0.417386,0.43875054,0.42506629,0.40350291,0.40964586,0.41421252,0.4297516,0.39557844,0.39545131,0.39826173,0.39205468,0.40812871,-0.66755104,0.13158527,0.20691282,0.3272765,1.1689824,1.5400654,1.1144326,0.54685259,0.66338152,1.4509869,1.252176,1.0219585,0.2606183,-0.1701808,-0.13284796,-0.29892752,0.48731169,0.28542393,0.26758048,0.22480088,-0.64099324,-0.010758111,-0.46761975,0.32018715,-0.61708474,-0.092951253,-0.18837163,0.51277018,0.099634767,1.4534202,-0.19758675,0.17753354,-0.8938539,-0.15935773,-0.093805805,0.75862193,-0.87935317,0.48457372,0.15345949,-0.78907096,-0.128332,-0.98820949,-0.46111399,0.31348568,0.71808535,0.50040072,-0.073644489,-1.33252,0.71046513,0.080058977,-0.84103501,0.30963853,0.033306893,-0.001637343,0.69404799,-0.002640158,0.38969731,-0.37245643,0.098585814,0.44449753,-0.65279156,-0.91252697,0.050485115,0.40420792,-0.26074892,0.20128731,0.10927401,-0.14431858,-0.15706787,-0.23693417,0.43624562,0.66972077,-0.11543716,-0.47840938,-0.41170779,0.028262198,0.27748162,-0.79120272,0.28660503,-1.0454286,-0.32736599,-1.4911163,-0.84256858,-0.015806194,-0.41830659,0.2916134,-0.30216697,0.11214757,-0.10076889,-0.16135192,-0.51457226,-0.48582515,0.013567075,-0.87343782,-0.072575726,-0.085984446,0.12689112,0.17951813,-0.47158837,-1.3493367,0.30862889,0.30746591,0.69433832,-0.07429184,0.34343845,0.27905807,0.066083916,-0.3726306,-0.15396851,0.26865131,-0.49793878,-0.08318533,0.29683036,-0.10810155,-0.594899,-0.02375908,-0.52424395,-0.42094392,0.18973802,-0.31044376,0.003234375,-0.67568815,0.61150616,0.5827437,0.096853934,-0.13431191,-1.4275137,0.63832974,-0.090022363,-0.15170385,-0.058213592,-0.4678545,0.06167835,-0.057427779,-0.58973783,0.87118155,-0.52433312,0.129676,0.35064906,-1.3671627,-0.018599972,0.28697851,-0.053714287,-0.4953995,-0.73067796,0.5121789,0.13961278,0.18413964,0.70094323,-0.57294697,-0.21685112,0.067726657,0.016581148,0.24709699,0.30565819,0.1876623,-0.17651686,-1.0352901,-1.3376296,-0.62760621,0.22314301,0.81163114,0.20736508,-0.36485389,-0.31711835,0.14071947,0.98390675,-0.098099783,0.037071731,-0.3021391,-0.24336456,0.94141632,0.13087694,0.18484372,0.48659897,-0.035166167,-1.7403874,-0.079858065,0.50279582,0.027220327,-0.29242441,-0.63131166,0.14302757,-1.283762,0.21119481,-1.0768305,0.17385018,0.045427948,-0.74161208,-0.00935577,0.3064844,0.31596267,-0.22554505,-0.41350126,-2.3004105,0.36534488,-0.17239952,-0.030819826,-0.15937659,0.13382691,0.39927128,0.17856038,-0.2023987,0.49256748,-1.2943517,-0.67376727,-0.20449768,0.41221705,-0.39108005,0.15309581,0.23638459,0.39360377,0.046619516,0.45410538,0.42529625,0.75959617,-0.78270578,-0.26035184,0.63140303,-0.15923978,0.22627988,0.022516001,-0.18906525,-0.94981658,-0.41947463,0.046502456,-0.2142472,0.37864909,1.0667123,0.29408649,-0.37411585,0.22035882,-0.23572838,0.63942069,0.54284763,-0.30299765,0.064899959,1.4527794,0.16473848,0.14263184,-0.73050416,-0.12835035,-1.7017076,0.84401464,-1.0752772,-0.31511608,-0.20614336,-1.3147135,-0.048595123,0.095217869,0.13079059,0.59790546,0.4600201,0.039269358,-1.509138,0.61900896,0.04558526,1.0863636,-0.10850213,-0.90529275,-0.10193606,-0.69027072,0.46298873,0.13625464,-0.74421418,0.31403476,-1.516278,-1.5196594,-1.0910177,-0.30348945,0.32979488,0.39947379,0.19145976,-0.73923141,0.52763617,-1.0880947,-0.20684832,0.27648607,-0.89541042,0.069604024,0.007080438,0.4295049,-0.008550927,0.35593763,-0.015353993,0.39226538,0.024946902,0.32950386,-0.030692885,-0.044415552,-0.530002,0.31817439,0.84366494,-0.41397732,0.44912773,0.43877271,0.56187427,-0.57915944,0.67549628,0.3718569,-0.89700824,-0.43929988,0.11014641,0.079551928,0.19166523,0.65860659,-0.28322762,-0.40953982,-0.36978033,0.038028657,0.50359166,-0.16489719,-0.054097451,-0.17768712,0.16626197,1.1305666,-0.91694617,0.085942872,0.28714177,-0.56005526,0.0356442,0.060071774,-1.0944651,-1.6283339,-0.26815575,0.39277235,0.17932166,-0.32573983,0.62885749,0.13409893,0.43550721,0.20107332,-0.23166375,-0.36033708,0.16416121,0.098576643,-0.14966027,-0.65239799,0.16904438,0.19801722,1.0372615,-1.3164241,-0.038562652,1.3810927,1.3009412,0.41769546,-0.95333064,-0.16653168,-0.40794373,-0.095321231,0.007455573,0.18218338,0.68103158,0.82979739,0.36478442,0.14921112,0.21655978,0.62725598,0.69066,0.83532584,-0.63671428,0.1926727,0.23236987,0.13647622,-0.22925699,-0.11248093,-1.3184083,0.25260791,0.031734545,-0.36397544,-0.078217022,0.37324208,0.15787768,-0.58972502,0.18340871,-0.23834722,0.29633713,-0.061478078,0.60959429,1.0081091,0.30425546,-0.001240391,0.48017147,-0.054652803,0.007786963,-0.92815506,0.22773333,-0.60485387,0.18236832,0.62545836,-0.78344905,-0.31330866,0.2872977,0.30759287,-0.42631182,-0.94521117,0.45320868,-0.57237488,-0.04681547,-1.1073141,0.2680932,-0.088811748,-0.34639639,-0.35902697,0.7987929,0.41473734,-1.6198709,-0.97422481,-0.277762,0.052836064,0.16177848,0.026332632,0.008840752,0.34529424,0.15741113,-0.17322418,0.2174658,0.37468228,0.33097392,-0.090854831,-0.075244635,0.15322505,-1.2065074,0.10789837,0.27273291,0.06349498,0.19173405,0.41526848,0.85604703,-0.296296,-0.67748159,-0.40645471,0.18244402,-1.5719558,0.32843128,0.32941875,0.26794446,-0.48275703,-1.0834501,0.24183312,-0.4498086,0.16176479,0.011704966,-0.035842784,0.23497358,0.12192,0.27092755,0.36442631,-0.038360678,-0.18233632,-0.29638284,-1.8255851,-0.69874012,-0.76827157,-0.065584846,-0.70124394,0.23900008,-0.17528093,-0.26792422,0.032640196,0
0.46806377,0.20509236,0.18239871,0.47410655,0.45995066,0.48202515,0.46251309,0.45243555,0.47758877,0.45897865,0.45865425,0.45185521,0.45751479,0.4523735,0.46276277,0.45143366,0.45535508,0.47315457,0.47000152,0.45546997,0.44795972,0.45490119,0.44953623,0.44641483,0.44292766,0.44202197,0.4491843,0.4305017,0.43997777,0.44808015,0.43879816,0.44223276,0.43466479,0.44206685,0.44037366,0.43504876,0.42942345,0.44434327,0.43117702,0.43617028,-0.75091988,0.16571063,0.24058956,0.30065617,1.1638227,1.5858071,1.1232203,0.53514528,0.66452897,1.4547651,1.2306279,1.0130877,0.31848019,-0.19971621,0.076832972,-0.30777335,0.46439245,0.24479386,0.30693167,0.23735726,-0.60917616,-0.001017245,-0.43179548,0.29859391,-0.64713609,0.018296365,-0.10921092,0.59524721,0.20433712,1.4317315,-0.17603019,0.17964068,-0.94952643,-0.20350382,0.081394307,0.75836229,-0.81267488,0.47217351,0.24057758,-0.79366523,-0.12347769,-0.97139138,-0.55254102,0.27221125,0.72453219,0.59469599,-0.047631755,-1.4805306,0.63477778,0.058490615,-0.91119123,0.30265707,0.081243157,0.046099961,0.60670358,0.017669789,0.37533325,-0.40129447,0.058876,0.4425607,-0.49919966,-0.88347071,0.058881588,0.37940237,-0.30364975,0.19180943,-0.001607135,-0.19538224,-0.004942074,-0.27939793,0.47662175,0.85155362,-0.15766098,-0.41206801,-0.52420485,0.19824895,0.44587728,-0.87512738,0.32039285,-0.96894914,-0.33152756,-1.5668831,-0.88773543,0.024591789,-0.43417144,0.13412936,-0.3562685,0.18616849,-0.090513729,-0.20356913,-0.5383293,-0.45674151,0.15738885,-0.85802782,-0.035833798,-0.10674826,0.20673198,0.18623535,-0.43937185,-1.1322432,0.52986866,0.3382338,0.61473852,-0.11283351,0.35288903,0.2348323,0.039960697,-0.35714015,-0.16824619,0.24257818,-0.28163913,-0.10498608,0.30955368,-0.27292395,-0.61447406,-0.089654222,-0.51222152,-0.62755239,0.21004482,-0.20288157,0.002595228,-0.58987218,0.54475027,0.50273174,0.052180126,-0.12293307,-1.4599224,0.69889307,-0.005667191,-0.076441526,-0.04278947,-0.43135685,-0.043499045,-0.11054444,-0.59825981,0.86377984,-0.38081387,0.11163308,0.33457914,-1.5414143,-0.074156724,0.33582503,-0.071816124,-0.39670801,-0.75060201,0.49060845,0.38783222,0.27295536,0.62397552,-0.54247385,-0.19050644,0.03847637,0.095931411,0.25418508,0.34920204,0.23794481,0.019898884,-1.0386678,-1.3279799,-0.59175187,0.20426123,0.5150587,0.18666936,-0.38775688,-0.19540425,0.18006733,1.1504406,-0.12049724,0.025044259,-0.34047019,-0.20802967,0.98524386,0.093189843,0.18217458,1.0677254,-0.067523241,-2.0386162,-0.031722635,0.42285749,-0.037583612,-0.12847897,-0.62019676,0.13826022,-1.272481,0.29434311,-1.1203609,0.34334233,0.044680126,-0.71909636,0.034037489,0.19552723,0.40227413,-0.23833176,-0.16899665,-2.2067184,0.3452566,-0.60103947,-0.081008293,-0.16911978,0.23484597,0.48989701,0.10221381,-0.23861715,0.58449352,-1.2457653,-0.71173149,-0.24440517,0.34457138,-0.34773713,0.16684064,0.31498146,0.40766701,0.043062337,0.451594,0.42804176,0.70052505,-0.83402288,-0.27405819,0.43391031,-0.04905748,0.2541419,0.050622411,-0.23720995,-0.99365938,-0.40910062,0.094424352,-0.44237322,0.38199991,1.0343236,0.32312512,-0.37472314,0.17781729,-0.29202357,0.48144576,0.55867076,-0.33581349,0.056448128,1.1811142,0.12899861,0.14123102,-0.92636001,-0.099477589,-1.6534517,0.93451124,-1.2897189,-0.22390893,-0.20020065,-1.3370819,-0.026083805,0.13147694,0.14888667,0.28894404,0.34169525,0.41180369,-1.4950594,0.76507968,0.015320713,1.0190589,-0.14298174,-0.89835727,-0.08798565,-0.71674579,0.47506255,0.29675323,-0.66174155,0.31583613,-1.4761146,-1.4457957,-1.2620959,-0.38326529,0.27188843,0.24426186,0.19508488,-0.76079357,0.604204,-1.2080126,-0.23898935,0.22057159,-0.89710784,0.092129007,0.005032631,0.50857323,0.002758056,0.32724112,-0.002009016,0.35257745,0.044008695,0.65002465,0.056779608,-0.10832477,-0.46040061,0.31372502,0.84254247,-0.54948425,0.57047248,0.47317958,0.46594125,-0.57867968,0.64475977,0.49839526,-0.86919665,-0.41362771,0.062011775,0.20203945,0.2264619,0.7046144,-0.34747165,-0.3801477,-0.33827618,-0.006985787,0.52083933,-0.18902802,0.064665206,-0.23607749,0.1896148,0.9976604,-0.87918341,0.11309744,0.26430023,-0.53809565,-0.075404376,-0.25980908,-1.2388518,-1.7351875,-0.21797046,0.50242084,0.062551335,-0.26967293,0.61049384,0.15315478,0.38767779,0.19417194,-0.2466124,-0.36358812,0.15515041,0.039491694,-0.099944457,-0.4818885,0.16262966,0.13013437,0.9737426,-1.4812595,-0.10173133,1.3863031,1.2313755,0.30666083,-1.1950374,-0.22114398,-0.25731304,-0.14485665,0.10124184,0.31648824,0.67872852,0.80804014,0.34744567,0.20350161,0.16882983,0.60162717,0.64376372,0.94329524,-0.66344559,0.26644999,0.18770973,0.17084157,-0.33101916,-0.2033419,-1.4598472,0.25128672,0.017580284,-0.28439441,-0.23392197,0.31721175,0.11983491,-0.54741746,0.20419496,-0.21383137,-0.20459524,-0.03826727,0.45271748,0.86969513,0.22114588,0.040712982,0.51572835,-0.049111173,-0.012878727,-0.92704952,0.27487826,-0.53270566,0.19962001,0.76082385,-0.56900835,-0.33647627,0.33503854,0.45066565,-0.49232846,-0.83364177,0.52746558,-0.42617369,0.006328913,-1.2727827,0.26472831,-0.079436809,-0.44249794,-0.40926129,0.83390635,0.47369051,-1.5451368,-1.0627658,-0.30881235,0.033769876,0.21724735,-0.005450808,0.0460319,0.40886146,0.13489857,-0.17555001,0.25254849,0.28461224,0.40110534,-0.067311496,0.035492502,0.18648773,-1.2784132,-0.030428417,0.36620584,0.005859031,0.15369213,0.50379044,0.69263947,-0.31003982,-0.61438447,-0.4513064,0.093409725,-1.7314216,0.24702324,0.23936021,0.32941672,-0.64960748,-1.0204482,0.23690824,-0.56716049,-0.046168342,0.075404793,-0.075543478,0.54976922,0.081132159,0.29248771,0.41841733,0.025367454,-0.1448036,-0.33315378,-1.9178283,-0.65432739,-0.7408042,-0.006001137,-0.71414161,0.28849354,0.13645467,-0.24188022,0.030074662,0
0.44755837,0.19098699,0.15877317,0.44300508,0.45573747,0.44750607,0.44345295,0.43103111,0.44731566,0.45055383,0.44886142,0.44656104,0.44396091,0.44124418,0.43595764,0.44349062,0.43262136,0.46508509,0.44736555,0.44453335,0.42863053,0.43240422,0.43390119,0.4453201,0.44651356,0.42742294,0.43440244,0.42729527,0.42053869,0.44046432,0.43780321,0.42582199,0.4241747,0.43349111,0.43743789,0.42644686,0.42755854,0.44322675,0.40785781,0.42323923,-0.66603047,0.14590946,0.32351661,0.36742839,1.2937729,1.6378577,1.2447879,0.64768171,0.77116662,1.5641081,1.3412433,1.138376,0.31424737,-0.19772625,0.29271951,-0.32446611,0.53952444,0.29841584,0.30320883,0.23903857,-0.75097394,-0.024986781,-0.38974366,0.32983696,-0.60736609,-0.10905738,-0.099927314,0.83778167,0.03845033,1.4658105,-0.13407986,0.19816136,-0.94276363,-0.16694385,0.055375319,0.72979891,-0.8230685,0.49495852,0.15992045,-0.86032224,-0.11885779,-1.1058648,-0.53107762,0.65669614,0.77194262,0.66261768,-0.048724882,-1.6294413,0.70882112,0.11529144,-0.95806128,0.25067616,0.11537089,0.092831701,0.54798782,-0.081936747,0.27058399,-0.36946279,0.006733723,0.4901678,-0.56874907,-0.93304396,0.054693975,0.63471246,-0.29456252,0.24018022,0.081987321,-0.12434861,0.12323989,-0.24109021,0.51610816,0.87024379,-0.20173198,-0.29000592,-0.52149129,-0.29362324,0.56433672,-0.92100561,0.4093664,-0.76703072,-0.33478391,-1.6395086,-0.8751567,-0.082111649,-0.46814641,0.043705702,-0.36508653,0.049561024,-0.12942676,-0.13705927,-0.73480511,-0.37538487,0.58093786,-0.87200189,-0.26675606,-0.14612512,0.15014033,0.10839832,-0.46257344,-1.2866383,0.80034715,0.33062297,0.8771435,-0.17489691,0.46222946,0.24262229,0.034608513,-0.027377993,-0.18420859,0.4566564,-0.56123704,-0.11431873,0.30381054,-0.31896693,-0.5602724,-0.057767075,-0.58186769,-0.65158755,0.31517655,-0.28364113,-0.020163445,-0.52038151,0.5183937,0.52663875,-0.041457258,0.010613281,-1.7130626,0.65363461,-0.039772443,-0.17741808,-0.062606424,-0.49038613,-0.078324541,-0.17929514,-0.64025789,1.0468023,-0.60452968,0.13960892,0.44168517,-1.2868531,-0.032639772,0.26734683,-0.063924067,-0.59263974,-0.8977887,0.47872356,0.32453102,0.15175784,0.88919187,-0.65567738,-0.286358,0.045997839,0.15132476,0.082048997,0.49860758,0.12262423,-0.18282089,-1.1141062,-1.4074174,-0.67758238,0.2353538,0.3547138,0.15290223,-0.3758395,-0.32066917,-0.012367278,1.1011136,-0.19661225,0.059796974,-0.37532589,-0.14411399,1.0014248,0.12577218,0.17565012,2.1043289,-0.084209248,-2.1023462,0.012638293,0.7755242,0.11444341,-0.13453189,-0.75247854,0.1276198,-1.3857213,0.35501894,-1.1475674,0.15302545,0.14315936,-0.8277421,-0.000805472,0.32369268,0.51971769,-0.21316962,-0.19845788,-2.3453031,0.2916024,-0.51310021,-0.060830455,-0.096568853,0.22731446,0.4159264,0.055310041,-0.20997803,0.68897772,-1.3148718,-0.82305199,0.01791878,0.25910389,-0.3678146,0.23166779,0.10794865,0.48074055,-0.12304822,0.49184403,0.42475265,0.89737952,-0.81636775,-0.28878415,0.39365542,-0.065321945,0.25127757,0.006812874,-0.096963644,-1.1797554,-0.43592203,0.085734904,-0.56164891,0.40325955,1.1158704,0.36706004,-0.38569534,0.18081573,-0.23593214,0.55485034,0.51641148,-0.35940248,0.051801398,0.90875638,0.16349027,0.14866641,-0.89954102,-0.023247391,-1.856433,0.82574385,-1.447027,-0.24972613,-0.1020878,-1.2942762,-0.15956922,0.039417952,0.33277354,0.4939363,0.40209687,0.56974655,-1.5955745,0.70992786,0.11137546,1.2859279,-0.034579109,-1.1462555,-0.021967828,-0.77420974,0.46383512,0.18632776,-0.78855085,0.4032566,-1.5335046,-1.5118549,-1.3893461,-0.37117594,0.36040246,0.89232564,0.18812762,-0.7778933,0.60052091,-1.1930673,-0.20180833,0.27885661,-1.0659239,0.036244325,0.062447391,0.29791808,0.1933914,0.49440637,0.087784998,0.54689473,0.015170388,0.34971029,0.041153364,-0.19015431,-0.70261717,0.33025593,0.95094997,-0.53676122,0.68962163,0.47197521,0.16243339,-0.70404679,0.68937469,0.51775926,-1.0188575,-0.49186543,0.093131378,0.27706844,0.27045947,0.90341783,-0.3712652,-0.37533534,-0.31171834,0.032509074,0.40887964,-0.26031637,0.12712541,-0.27637726,0.19594446,1.1193296,-0.79000908,0.13098894,0.23841795,-0.53091234,-0.020894647,-0.28619868,-1.3060335,-1.7760795,-0.31483594,0.49068171,-0.014013201,-0.28940254,0.57668495,-0.04283604,0.47996432,0.19746895,-0.10037395,-0.58937997,0.16886128,0.038128793,0.025789313,-0.33431301,0.1662727,0.19756274,0.95465815,-1.4904619,-0.12726161,1.3297229,1.3120593,0.4562532,-1.2077196,-0.34726393,-0.34028879,-0.25192633,0.270345,0.51328474,0.70796186,0.53714758,0.23758581,0.19042946,0.2805813,0.89357626,0.70550239,1.1676254,-0.85180521,0.37530476,0.27366343,0.06756188,-0.35258657,-0.11803497,-1.3955953,0.24979155,0.002951022,-0.37157646,-0.14168052,0.23591085,0.11431436,-0.6452955,0.19395342,-0.15989393,0.12027353,-0.11314909,0.2664195,0.97353834,0.21601419,-0.033805072,0.50451124,-0.11698882,-0.009767808,-0.89443415,0.27984878,-0.54150504,0.15478013,0.86451143,-0.44123727,-0.40858415,0.33854261,0.44420767,-0.56879467,-0.94519579,0.64610898,-0.53008372,0.089846872,-1.471508,0.31160933,-0.15057905,-0.64199114,-0.42150873,0.95150614,0.5400123,-1.6711173,-1.0482725,-0.36940461,0.037727971,0.29157129,-0.23070954,0.009869193,0.34043616,0.15440743,-0.11615066,0.20628367,0.21984018,0.24166772,0.026908606,-0.54806632,0.1617216,-1.3491962,-0.04620776,0.5452953,0.065850005,0.12437297,0.49191457,1.0139998,-0.36378595,-0.60633487,-0.31964913,0.43845528,-1.8505542,0.44439965,0.27300614,0.36043215,-0.72890705,-1.2538313,0.17252278,-0.57776928,0.28957534,0.068640448,-0.026268631,0.3102532,0.11929728,0.28604662,0.38172573,-0.01682565,-0.092704073,-0.33809134,-2.0102367,-0.6893878,-0.87057328,-0.019546527,-0.74933863,0.13541165,-0.13822514,-0.26247242,0.060570341,0
0.50342804,0.24858701,0.20941326,0.48401719,0.48912573,0.50375652,0.48860306,0.48748505,0.49372509,0.5022555,0.48446071,0.47621363,0.49149567,0.4918513,0.49648684,0.4791494,0.4700259,0.50931609,0.50972688,0.47125614,0.46470174,0.46994945,0.47897407,0.48588595,0.48639914,0.4894731,0.49439329,0.47290242,0.45889837,0.49689418,0.47325212,0.48598266,0.4618614,0.48134908,0.47539097,0.46957779,0.46180987,0.48597896,0.4519757,0.45548385,-0.836788,0.19557303,0.38287389,0.40672138,1.3370713,1.6719267,1.2518005,0.70209837,0.81498992,1.6028732,1.3501902,1.1897017,0.2302644,-0.2293627,0.050940409,-0.35873282,0.51412487,0.29731023,0.33369422,0.29892492,-0.82062155,-0.019957531,-0.62818658,0.41085702,-0.66039729,0.026325792,-0.19962363,0.64148033,0.32119998,1.5635254,-0.2188343,0.1850608,-1.1473689,-0.24839669,-0.008223433,0.70940101,-1.0053873,0.46852419,0.27404547,-0.93696022,-0.13859196,-1.3442836,-0.63705778,0.25122476,0.73833764,0.78776866,-0.040521488,-1.8188506,0.81961638,0.10314801,-1.101539,0.39737296,0.11157998,0.20854981,0.52882081,-0.094653256,0.18642357,-0.35058323,0.081510015,0.48374468,-0.56947541,-1.0902084,0.071469732,0.63379014,-0.30630392,0.2117652,0.089769736,-0.12248658,-0.04593996,-0.29588792,0.53088903,0.89647347,-0.18850265,-0.37758547,-0.56722426,0.16908923,0.63712859,-1.0111907,0.45493272,-1.2585683,-0.37307906,-1.8588185,-0.88863623,-0.016637284,-0.44229609,0.31001875,-0.38694283,0.22138563,-0.13208728,-0.12344354,-0.69917631,-0.4549959,-0.30997261,-1.0648435,-0.15091403,-0.11780667,0.2746847,0.057105258,-0.54186106,-1.4567951,-0.042054534,0.37503684,0.90262038,-0.14943929,0.57669723,0.24373129,0.039343789,-0.3947224,-0.28752276,0.51502991,-0.15502231,-0.23864806,0.31805116,-0.31195927,-0.71685672,0.032319907,-0.69147158,-0.57590824,0.23113833,-0.32581717,-0.000605392,-0.61867702,0.57581806,0.50118893,0.22822249,-0.082301244,-1.5965313,0.58598006,-0.025919665,-0.19704649,-0.020943049,-0.5318948,-0.044963989,-0.19964328,-0.74847341,0.99047208,-0.8202011,0.13573687,0.22707136,-1.4319521,-0.17251605,0.35547584,-0.16696866,-0.48219061,-0.87701446,0.51561415,0.46288288,0.39523059,0.74650145,-0.75890344,-0.22642881,0.017640639,0.14702921,0.26759923,0.3879987,0.15755397,-0.049765546,-1.175902,-1.5680306,-0.68065739,0.26376808,0.45468497,0.27768475,-0.48787153,-0.22645786,0.14826967,1.2816876,0.6813426,-0.002775785,-0.41648537,-0.20538959,1.1035336,0.12277963,0.20329262,2.1409001,-0.028768959,-2.1769171,0.015601389,0.52023894,0.033521131,-0.15774283,-0.83733207,0.17369062,-1.4799206,0.29268491,-1.2073054,0.58658206,0.081129968,-0.82786012,-0.025435291,0.20587961,0.51067966,-0.2787939,-0.83066344,-2.520709,0.42586878,-0.66833508,-0.031748548,-0.11310223,-0.032369003,0.63360775,0.14518705,-0.19994214,0.66271132,-1.4162743,-0.76246357,-0.099223875,0.36863393,-0.44087899,0.15329786,0.43213621,0.45768145,0.009063466,0.57254213,0.41108251,0.87043393,-1.0393695,-0.35262498,0.40630829,-0.082269713,0.26999229,0.054582193,-0.26031786,-1.3148127,-0.53413397,0.091860004,-0.52504963,0.45190963,1.1493515,0.37092251,-0.45249346,0.19798802,-0.35700041,0.64759415,0.55003911,-0.42752817,0.10987413,1.0621507,0.16758016,0.16374144,-0.83537,-0.11642371,-1.9706467,1.0394596,-1.4895406,-0.1882042,-0.14960207,-1.6775123,-0.029407285,0.15195128,0.25509521,0.63641822,0.53741616,0.38301677,-1.8708947,0.89504844,0.041397542,1.2511234,0.01827015,-1.1639568,-0.087843388,-0.8587473,0.67685997,0.1994535,-0.81167412,0.47263539,-1.765732,-1.8279459,-1.3422477,-0.4448356,0.40079951,0.32381248,0.17168157,-0.91088766,0.72189701,-1.1853799,-0.069800474,0.26006821,-1.0113617,0.02406539,0.048149984,0.5723536,0.14192063,0.29683149,-0.015696473,0.41281328,0.043921567,0.83216476,0.027040541,-0.2032436,-0.74489617,0.39268512,1.0532055,-0.63461012,0.51198602,0.46808541,0.64051306,-0.65460873,0.65458214,0.39935285,-0.94280082,-0.46337712,0.089334711,0.27938077,0.22595328,0.77369082,-0.34902367,-0.4284001,-0.45025048,-0.042178616,0.68087322,-0.22271246,0.079349294,-0.3292971,0.1545205,1.1829545,-0.94553053,0.12019259,0.27933434,-0.50480443,-0.080162898,-0.003399,-1.3592162,-1.9956373,-0.24725226,0.48920363,0.063622184,-0.33337259,0.77514857,0.29838741,0.47175589,0.1848146,-0.1890789,-0.43914768,0.1749649,0.00154528,-0.12969863,-0.71231616,0.17308776,0.23743913,1.3094435,-1.5746633,-0.028478079,1.6547107,1.4140761,0.35616603,-1.384569,-0.28018823,-0.35869694,-0.14014287,0.04479247,0.44006178,0.74689835,0.72171301,0.28366518,0.14640945,0.22467601,0.61832327,0.76267898,1.0012252,-0.86937636,0.42178074,0.19361991,0.035999775,-0.32873231,-0.16309038,-1.7602394,0.27648583,0.026233099,-0.3759068,-0.13806887,0.080108613,0.1381692,-0.60684627,0.40194181,-0.24893653,0.020319596,-0.068800256,0.46370605,0.84229082,0.2407352,-0.012735087,0.60989648,-0.024689618,-0.050464205,-1.0370207,0.29949242,-0.65504253,0.21007127,0.89484513,-0.569049,-0.44812721,0.45648071,0.59237528,-0.60759491,-1.0976027,0.51243681,-0.60844535,0.003095292,-1.6024152,0.3102676,-0.13168859,-0.77244937,-0.35510054,1.0368644,0.57751822,-1.8126522,-1.1993033,-0.34393999,0.011889555,0.22570369,-0.067411616,-0.026634706,0.46438962,0.17523621,-0.1134343,0.29732698,0.34987471,0.55758452,-0.12106425,-0.066707648,0.18704845,-1.4104861,0.004909617,0.67580092,0.002973927,0.17922884,0.6854375,1.2759801,-0.32847407,-0.73053318,-0.42001423,0.17163017,-1.8825297,0.26759881,0.33521646,0.35743585,-0.70935589,-1.2192534,0.27760884,-0.60486639,0.099062361,0.016809631,-0.02398726,0.49112362,0.092823923,0.3177602,0.41696322,-0.016742611,-0.050720654,-0.38503841,-2.1694109,-0.69227296,-0.98838198,-0.055754963,-0.84913146,0.11693131,-0.23127086,-0.3217617,0.062699214,0
0.48538738,0.23208418,0.20414039,0.48024422,0.47615331,0.48924619,0.48016679,0.47470462,0.48185021,0.46747607,0.48009127,0.48043329,0.479013,0.46858358,0.48754108,0.46847928,0.48944658,0.49821854,0.48621958,0.47017559,0.45803821,0.45745191,0.46673146,0.47077125,0.48546836,0.44890505,0.45752627,0.44332129,0.47445816,0.46306765,0.46387202,0.46564105,0.46056718,0.45158792,0.46146971,0.44033366,0.44144177,0.46526712,0.44979912,0.43739665,-0.64190549,0.19932887,0.26474386,0.31658491,1.2275623,1.6119683,1.201516,0.59048414,0.70941222,1.4928493,1.3083645,1.0614064,0.23364997,-0.18750967,-0.10413535,-0.27568096,0.45736197,0.25964543,0.34748143,0.23840511,-0.73773849,0.026167341,-0.50037408,0.32365686,-0.65919924,-0.026384693,-0.11347475,0.49401578,0.065901607,1.3618535,-0.15794508,0.21830632,-0.91710198,-0.19591556,0.02939599,0.67134845,-0.86810088,0.49076065,0.33721542,-0.81036925,-0.12026023,-1.1477926,-0.45558068,0.25141758,0.57823128,0.59073824,-0.028398082,-1.457641,0.53664553,0.13848308,-0.88462168,0.41412652,0.066308066,0.022893809,0.42528611,-0.046411544,0.24074164,-0.36761045,0.046302017,0.4370074,-0.36675364,-0.94228721,0.092655234,0.36544502,-0.1877116,0.10558077,-0.13250844,-0.15145683,0.004452035,-0.2667748,0.43354657,0.7942642,-0.1714711,-0.44219792,-0.42081547,0.14530022,0.34095642,-0.93238676,0.41246647,-0.87294275,-0.33870494,-1.5430346,-0.86864758,-0.007244021,-0.51709473,0.18657349,-0.32760987,0.19856262,-0.11361751,-0.23154554,-0.64364088,-0.41117978,-0.040586583,-0.97439724,-0.082921535,-0.14978215,0.22750708,0.11888278,-0.5310452,-1.2080404,0.41588029,0.33970678,0.6738981,-0.098032728,0.5046919,0.35021666,-0.023188747,-0.30380216,-0.21510637,0.27930158,-0.080883354,-0.10095417,0.28592211,-0.16882178,-0.56251144,-0.059376772,-0.47423851,-0.44270724,0.2828376,-0.35405749,0.010654345,-0.56978768,0.53947604,0.48159468,0.058381021,0.076659016,-1.6549127,0.49621832,-0.076366633,-0.14981546,-0.10229626,-0.49794579,-0.028607631,-0.12251732,-0.58509696,0.84121072,-0.65503919,0.13149634,0.36552373,-1.3557371,-0.027969114,0.26563549,-0.06831865,-0.51008993,-0.78116769,0.44816628,0.12190812,0.3146548,0.67061961,-0.5905208,-0.2564882,0.02281303,-0.027207665,0.1383002,0.30959943,0.19305095,-0.24670099,-1.0548749,-1.4172554,-0.64561158,0.22625662,0.71472722,0.13738433,-0.34228653,-0.27981201,0.057844132,1.2171588,-0.1560833,0.042379435,-0.27462626,-0.30375102,0.86220473,0.11390615,0.15073326,0.83793342,-0.091551311,-1.6686254,-0.072072454,0.66459537,-0.015564525,-0.20969351,-0.68949741,0.11739874,-1.3175719,0.307237,-1.0024325,0.59692562,0.054810375,-0.76573402,0.030069914,0.15805125,0.53697705,-0.15504239,-0.22366467,-2.2821429,0.27983338,-0.46825665,-0.014021181,-0.15918361,0.048079289,0.59452724,0.17260163,-0.23975633,0.71462071,-1.3329096,-0.74259531,-0.30956554,0.35762036,-0.32799271,0.11804264,0.25593951,0.50427586,0.048169978,0.45281097,0.45528722,0.70084471,-0.86492884,-0.27201399,0.51545167,-0.039588958,0.23064753,-0.19360095,-0.32918921,-1.0115693,-0.40503314,0.10217258,-0.33483607,0.36779332,1.0140321,0.36892825,-0.4017233,0.20389824,-0.34046009,0.64171678,0.4089427,-0.39116475,0.17110802,1.2234297,0.17628844,0.13297179,-0.87127239,-0.085494138,-1.7392825,1.0548413,-1.2548609,-0.20225883,-0.12428378,-1.4691913,0.022841267,0.16352695,0.10104525,0.73250169,0.44406655,0.3284404,-1.5372247,0.76041859,0.079062268,0.99453944,-0.062960416,-1.0508697,-0.11736356,-0.74130744,0.51345253,0.21795887,-0.71691304,0.30395967,-1.5058235,-1.5154605,-1.2678864,-0.29779485,0.33499271,0.43026,0.18708022,-0.74592406,0.55542058,-1.1043986,-0.1591391,0.1935017,-0.98452348,0.043463465,0.034750149,0.48625153,-0.11101177,0.27697822,-0.009114843,0.43017381,0.04104998,0.78640568,-0.050975904,-0.10263983,-0.55074877,0.28676412,0.90314937,-0.46730819,0.49712953,0.45450029,0.55727285,-0.50288683,0.54155797,0.30668062,-0.94354457,-0.60821778,0.1259127,0.22719964,0.2710374,0.63163698,-0.30139393,-0.40893194,-0.37894478,0.044858608,0.48480219,-0.18343201,0.047381405,-0.28122792,0.14296034,0.90925229,-1.0655383,0.2021843,0.27321669,-0.47112164,-0.035535924,-0.13950327,-1.1943625,-1.7730558,-0.069993548,0.51426077,0.091348365,-0.22745731,0.67100823,0.056683481,0.42962509,0.2162497,-0.23930627,-0.50243527,0.13631871,0.007039838,-0.11022041,-0.39495605,0.17265742,0.12395753,1.0076056,-1.4800333,-0.2273255,1.3796754,1.2423333,0.31507546,-1.1712489,-0.23605117,-0.498532,-0.14754581,0.097412691,0.39693066,0.592574,0.66743684,0.33344671,0.16614424,0.17715243,0.60918838,0.67803264,0.78718764,-0.73225325,0.24401765,0.30760828,0.11180305,-0.31948775,-0.13277531,-1.4052168,0.23381984,0.048657712,-0.42895955,-0.11256207,0.22796193,0.13119867,-0.66462612,0.23154862,-0.2564002,0.28774121,-0.1222874,0.32703552,0.85792732,0.24429663,0.061135881,0.50101089,-0.12326664,-0.006659454,-0.90697592,0.32141423,-0.57490396,0.10446893,0.68373102,-0.62590778,-0.42658678,0.31203941,0.38272709,-0.543679,-0.99666613,0.52814579,-0.56675398,-0.14688915,-1.3481499,0.31446436,-0.024522588,-0.46573409,-0.27970123,0.77980149,0.43730295,-1.6374633,-0.92908913,-0.35313186,0.047638893,0.28710848,-0.063303411,0.066443041,0.47154137,0.15294234,-0.14155053,0.2452133,0.23841797,0.34630477,0.15582141,-0.065900065,0.16086589,-1.3097438,0.12934999,0.41498077,0.013108911,0.12987635,0.68077546,0.61296225,-0.30292305,-0.77620494,-0.44369534,0.095587134,-1.7356427,0.20159712,0.35909185,0.33414111,-0.56863606,-1.0930252,0.20170498,-0.57423723,0.017954513,-0.016414111,-0.13159019,0.65796971,0.1029719,0.31895006,0.48116747,0.00221105,-0.1008905,-0.27250278,-1.9405992,-0.66238749,-0.85019988,0.088070288,-0.82320762,0.1252445,-0.14301138,-0.37843704,0.0503751,0
0.55900025,0.3003937,0.25565112,0.5326103,0.52931941,0.55739629,0.53280884,0.52748662,0.53534454,0.53426087,0.53376585,0.53134465,0.53210628,0.52387995,0.53325403,0.52250081,0.52893674,0.55982327,0.53802246,0.52378327,0.52141225,0.52537894,0.51838183,0.53777295,0.52739888,0.51480085,0.52382022,0.52108121,0.52266359,0.52011895,0.5212512,0.51532888,0.51478827,0.5186252,0.51483309,0.50522757,0.50693762,0.52981919,0.49436623,0.51288813,-0.91695976,0.23532082,0.56043512,0.51840889,1.4559029,1.7456042,1.4629716,0.85815132,0.99401289,1.7668967,1.5065937,1.3479284,0.47507417,-0.20952755,-0.31570232,-0.38278493,0.75466472,0.46323955,0.40292454,0.37219125,-0.79554951,0.001988094,-0.70884681,0.46596652,-0.65756321,0.005483382,-0.22713478,0.58726877,0.074700668,1.483479,-0.19368647,0.28045911,-1.2860464,-0.1829976,-0.21416441,1.0529102,-0.98947728,0.75748563,0.24693471,-0.98439902,-0.16420871,-1.426013,-0.60764551,0.31293803,1.0419275,0.53952467,-0.054507006,-1.7370267,0.75699371,0.14115262,-1.1783476,0.4578751,0.025439352,0.14354824,0.680152,-0.004885502,0.3896271,-0.29066858,0.091717057,0.65609151,-0.53202856,-1.1594443,0.02112091,0.53812051,-0.34862912,0.20030396,0.035022963,-0.20291382,-0.24505028,-0.28801891,0.4791992,0.62484187,-0.18934995,-0.58855647,-0.52476585,0.012693405,0.53537166,-1.121353,0.41305572,-1.2779621,-0.37127215,-1.943856,-1.0670861,-0.022113435,-0.6766817,0.34093088,-0.41157126,0.10839548,-0.049506724,-0.15654871,-0.85454547,-0.59482056,-0.074382946,-1.1139857,-0.28606856,0.04960075,0.11929938,0.006415784,-0.47693089,-1.6539235,0.27342767,0.49208251,0.85354865,-0.18308286,0.48073059,0.27812961,0.080299303,-0.52210212,-0.34620652,0.3456074,-0.52975833,-0.10158861,0.52524126,-0.3459245,-0.7433461,0.1046986,-0.58770806,-0.28504729,0.20340535,-0.39906886,0.055398673,-0.7352891,0.70752192,0.74696332,0.29912865,-0.086134076,-1.7068537,0.62283164,0.029991824,-0.22732425,-0.11116958,-0.5725354,0.13268881,-0.18042418,-0.72665417,1.0867037,-0.63386619,0.12222791,0.47239023,-1.7568603,-0.016972236,0.34826222,-0.2146295,-0.41284966,-0.864604,0.56083822,0.035000399,0.34845424,0.79647434,-0.74163342,-0.24912851,0.091280527,0.10111053,0.22929713,0.4348138,0.091268018,-0.10617636,-1.3604939,-1.8208382,-0.75741667,0.29492271,0.98262262,0.28898805,-0.45318013,-0.3667987,0.10242745,0.92939407,-0.084850848,0.13896687,-0.14129648,-0.27134347,1.0492924,0.20623273,0.2606934,0.62098688,-0.15688841,-2.1765344,-0.1072301,0.59714228,0.018697631,-0.15953909,-0.81776297,0.021043949,-1.4612647,0.2678909,-0.97815651,0.2645826,-0.001550302,-0.92200536,0.16179529,0.35134944,0.3674098,-0.18733424,-0.33013073,-2.6774693,0.38014853,-0.51047564,-0.012167465,-0.011083312,0.19859765,0.64083493,0.10818389,-0.19035806,0.49066398,-1.5251412,-0.68691492,-0.36569509,0.49623534,-0.3985762,0.084795356,0.14563486,0.52364844,-0.098827958,0.61227214,0.56502873,0.85965627,-0.86973393,-0.24031009,0.75581181,-0.1538682,0.17428604,-0.05380071,-0.36009198,-1.2916056,-0.58370733,0.15904664,-0.33207047,0.3495684,1.1695931,0.40227306,-0.44392139,0.41558152,-0.35692877,0.72943199,0.52690619,-0.47610152,0.071274832,1.6828175,0.1867211,0.19627512,-1.0071387,-0.23220417,-2.0335736,1.1192374,-1.3195051,-0.2006456,-0.082754739,-1.6625174,0.011665508,0.004681617,0.053418934,0.43836147,0.58046317,0.24277265,-1.9086869,0.83210301,0.13839161,1.2218118,-0.12043092,-1.2566895,-0.10403103,-0.89406359,0.53791529,0.12341725,-0.92065632,0.44713432,-1.7963253,-1.6160636,-1.3750494,-0.41827297,0.29568297,0.4363395,0.32633257,-0.94310141,0.7744602,-1.1725447,-0.22953948,0.15976587,-1.2273815,-0.075689755,0.0775043,0.4050124,-0.018329144,0.49047577,-0.073036149,0.51603037,0.035188839,0.42809081,0.14956903,-0.1717104,-0.67334634,0.51733148,1.0901924,-0.67363286,0.56992149,0.55215585,0.56139493,-0.73203999,0.7061305,0.40798256,-0.92691505,-0.75618792,0.14090222,0.1308943,0.24315102,0.88674664,-0.35274705,-0.5061723,-0.48133942,-0.050207663,0.57066524,-0.253005,0.017392367,-0.45221299,0.17182642,1.2543663,-1.1390079,0.12904954,0.35386634,-0.55068851,-0.022584107,0.040796965,-1.3329412,-2.0943265,-0.26372927,0.74323988,0.099804103,-0.3395021,0.83043569,0.18875599,0.54920006,0.37288561,-0.21243462,-0.38619995,0.26881048,0.15643093,-0.22804752,-0.70729947,0.30355608,0.28371426,1.3411118,-1.6953315,-0.10601021,1.5409858,1.5279332,0.52613962,-1.4108479,-0.43500823,-0.50549001,-0.31746703,-0.008611663,0.30076081,0.87643683,0.73926055,0.41750014,0.10692456,0.26874202,0.81388813,0.72114521,0.94426483,-0.92166317,0.32385078,0.14120863,0.17332835,-0.3709425,-0.17276421,-1.8393546,0.42215985,0.04006771,-0.33601829,-0.18585053,0.34720895,0.16602652,-0.74616474,0.32611245,-0.24118702,0.49809167,-0.1787543,0.5417915,1.1136605,0.28431037,0.20867518,0.68526798,-0.049092412,-0.004180581,-1.0567029,0.23771377,-0.71155006,0.14890468,0.81445247,-0.76261902,-0.28216013,0.48994181,0.36264327,-0.53291869,-0.99172568,0.57841796,-0.4678227,-0.002419733,-1.5668614,0.23466963,-0.16388911,-0.71237218,-0.47465396,0.98999399,0.3566764,-2.0030546,-1.184616,-0.41635323,0.011417492,0.23464832,-0.14574865,0.11281203,0.44943768,0.31768307,-0.18472861,0.35470986,0.32563761,0.3483353,0.009553365,-0.25894004,0.30186665,-1.5750709,-0.012964789,0.45541987,0.079221934,0.16455022,0.54754943,0.98864514,-0.33899757,-0.79794961,-0.433202,0.058957987,-1.8079761,0.37907976,0.57046843,0.48018086,-0.688959,-1.2527628,0.35831821,-0.59510791,0.10566612,-0.031066261,-0.002713651,0.20806164,0.15725839,0.4158619,0.36046073,0.10627051,-0.23993737,-0.35453328,-2.3405204,-0.62586951,-0.89823967,0.13036807,-0.98552901,0.21056361,NaN,-0.2941516,0.041376539,0
0.47557706,0.22726056,0.19183442,0.46592107,0.4593932,0.49204615,0.472177,0.45850796,0.4754833,0.48043287,0.47949344,0.47479221,0.45964763,0.46360022,0.47493935,0.46341056,0.46024904,0.48765525,0.47886574,0.45918304,0.45892811,0.4653129,0.45802939,0.46047235,0.47457212,0.44371885,0.45497978,0.45166218,0.45797783,0.46570686,0.44930241,0.45065594,0.44523442,0.44602612,0.45827943,0.43234241,0.43740937,0.45597902,0.43869495,0.42927283,-0.71435273,0.16467306,0.26668084,0.33498144,1.2461157,1.6430614,1.1890419,0.58967763,0.70176309,1.5065548,1.2969257,1.0790343,0.27240434,-0.20032302,-0.12330061,-0.3393304,0.53319746,0.28548217,0.28050208,0.26585332,-0.60641813,-0.019703638,-0.47332641,0.33736542,-0.69978988,-0.082245454,-0.1719925,0.54808509,0.25051552,1.290194,-0.16031624,0.18045804,-1.0048817,-0.19688031,0.00595836,0.70454353,-0.86773503,0.48979211,0.27061802,-0.77466923,-0.1312176,-1.0578501,-0.4727591,0.2798425,0.75802183,0.56108701,-0.000612797,-1.4072969,0.52837193,0.11959139,-0.91259807,0.47642392,0.090826765,0.017073473,0.47703341,-0.067993507,0.30541027,-0.31988627,0.046025015,0.46228373,-0.59215754,-0.9353742,0.065718718,0.4576633,-0.25677052,0.15120694,-0.014734054,-0.14021429,-0.095277607,-0.25420204,0.29424459,0.95642209,-0.14570284,-0.31990817,-0.4480156,0.15830728,0.25562027,-0.85899144,0.32085192,-0.88631815,-0.30848259,-1.5540054,-0.82959008,-0.002676943,-0.4867205,0.33933425,-0.35050014,0.12998658,-0.074152589,-0.20173234,-0.71061134,-0.45102495,-0.263217,-0.93457669,-0.1233954,-0.095472604,0.21221367,0.067585945,-0.41143805,-1.2403713,0.028613091,0.34991914,0.6534608,-0.075226203,0.49594876,0.26711214,-0.004088394,-0.49193621,-0.33393273,0.21801321,-0.12821537,-0.17137975,0.30160215,-0.20987044,-0.62949163,-0.029641798,-0.4879719,-0.4856815,0.20689775,-0.29171655,0.021954194,-0.6065045,0.59585106,0.43952525,0.050188936,0.079711586,-1.4686251,0.54756808,-0.035489228,-0.040661134,-0.051582981,-0.45152271,0.041166387,-0.12935692,-0.58843935,0.70160937,-0.49076164,0.1435568,0.32049629,-1.3594549,-0.14479902,0.32620895,-0.068368562,-0.48858044,-0.77343285,0.5597176,0.22583303,0.5644604,0.73771781,-0.64806521,-0.20270735,0.023850702,0.007356306,0.17529029,0.38678643,0.2325967,0.004929729,-1.0436157,-1.3321419,-0.60415673,0.180327,0.7332347,0.17905462,-0.39297944,-0.31734928,0.14698368,1.310729,-0.1673024,0.043128073,-0.28433669,-0.22912677,0.82404774,0.14620262,0.18113366,0.57448995,-0.029745327,-1.8029935,-0.11976545,0.44629157,0.013583111,-0.1860102,-0.70876396,0.01655753,-1.2465692,0.28533545,-1.0854129,0.43441498,0.21126801,-0.70996207,0.058407634,0.21897553,0.56512856,-0.20019124,-0.57713854,-2.2019837,0.33040205,-0.49223763,-0.037435863,-0.13932604,-0.005347207,0.56635511,0.11687073,-0.22048298,0.56263101,-1.2073874,-0.72502846,-0.26952034,0.31937632,-0.33524165,0.17312595,0.12132589,0.40585235,0.062135771,0.52108639,0.42732263,0.65899992,-0.78438258,-0.2446624,0.39205939,-0.042801708,0.2341634,-0.018473603,-0.25575602,-1.0208442,-0.46344212,0.11271225,-0.29572099,0.38838935,0.98762965,0.32171258,-0.43805575,0.19627571,-0.27905971,0.40393466,0.35980195,-0.35496685,0.068310969,1.3222733,0.16319579,0.15472806,-0.84292495,-0.099895485,-1.6641744,1.0529802,-1.1236446,-0.20755765,-0.26364011,-1.2958791,-0.099665798,0.18612817,0.18439814,0.34764561,0.24863584,0.021951437,-1.4962596,0.81966871,0.13275395,0.94595844,-0.002073914,-0.92788887,-0.057797484,-0.69864911,0.47683373,0.32952031,-0.78339595,0.21666339,-1.4776037,-1.5633552,-1.0908512,-0.3148016,0.30871481,0.32998103,0.17730132,-0.69097531,0.54746056,-1.076336,-0.1281742,0.2614449,-0.89432025,0.048371051,0.012094151,0.36961699,0.044468023,0.3200638,-0.009405829,0.24195853,0.040369347,0.7382465,0.092309445,-0.086211368,-0.72606289,0.30545098,0.90522778,-0.49299085,0.54927683,0.43583542,0.61757737,-0.52803832,0.48253304,0.32425827,-0.86328614,-0.43709964,0.082525842,0.24634042,0.25111982,0.64590508,-0.30024016,-0.45453709,-0.40792784,-0.00421649,0.3998934,-0.23611374,0.047358572,-0.23832133,0.1394619,0.95913148,-0.89187914,0.091992736,0.24135718,-0.50870943,0.000214187,-0.28944665,-1.1067804,-1.6153969,-0.14228782,0.45554441,0.14363134,-0.27322304,0.77890253,0.20637925,0.38939261,0.19360559,-0.19152194,-0.38728395,0.16216135,0.064639695,-0.15863577,-0.83017051,0.16152629,0.18000054,0.98143834,-1.4115435,-0.15172876,1.3089226,1.3798497,0.29988804,-1.126461,-0.24177557,-0.36435685,-0.068299949,0.043152358,0.37482023,0.6296382,0.64569354,0.28911105,0.14346726,0.25484535,0.57891345,0.71577597,0.93224978,-0.68823087,0.26145613,0.24533355,0.14966813,-0.30013448,-0.21999454,-1.3956691,0.25997582,-0.011275515,-0.28544223,-0.20832449,0.128447,0.1049829,-0.66281468,0.30291182,-0.229266,-0.15009154,-0.10970452,0.3010968,0.82834244,0.25424033,0.090112098,0.55610138,-0.094435081,-0.099160284,-0.8885231,0.21477886,-0.5581519,0.094892539,0.66678637,-0.68971729,-0.29490218,0.36487794,0.36978239,-0.4920997,-0.89782912,0.50413662,-0.5094682,-0.099180914,-1.2839581,0.31134236,-0.059508003,-0.42839789,-0.46527955,0.75665265,0.40352079,-1.5832311,-1.0823226,-0.28198475,0.031204525,0.2482142,-0.025467731,0.034992199,0.39401674,0.16962302,-0.10903908,0.19721285,0.27674976,0.41839501,0.016176246,-0.061631862,0.14482729,-1.2728438,0.021694548,0.45642868,-0.004107157,0.1673625,0.61044192,0.72514766,-0.3227807,-0.76732606,-0.4234044,-0.018099405,-1.5331051,0.24831471,0.25052711,0.33673781,-0.59573263,-1.0872607,0.25502756,-0.52679962,0.076194122,9.78E-05,-0.042768124,0.61107159,0.12453316,0.2863721,0.51428616,0.003579089,-0.20680244,-0.29255584,-1.8758271,-0.6080274,-0.72993302,-0.024948332,-0.72420412,0.21828115,-0.091998324,-0.15440631,0.076425627,0
0.41044241,0.15046206,0.12813546,0.40008539,0.39747345,0.41447172,0.4012652,0.39015982,0.40513355,0.42913699,0.39361563,0.4034,0.40017748,0.39340907,0.41271457,0.38282925,0.39970684,0.42168558,0.39961678,0.38337064,0.38534135,0.3752341,0.39867646,0.38735604,0.40765247,0.36876649,0.39860067,0.37516135,0.39682546,0.38794398,0.39417496,0.39346743,0.38299328,0.42342722,0.37921077,0.37259352,0.37453979,0.37939441,0.3703205,0.36682993,-0.62341225,0.11150567,0.014846325,0.18303284,0.94471592,1.3775008,0.90584749,0.33728403,0.44031495,1.2186871,1.0373102,0.78968,0.26156396,-0.14398164,-0.18569055,-0.20431852,0.45144576,0.24613321,0.27743244,0.20202038,-0.45353699,0.016465072,-0.45209622,0.28533354,-0.53616792,-0.11522571,-0.14095123,0.42895862,0.10559694,1.2237217,-0.12946609,0.15773918,-0.79516762,-0.11729237,0.11540753,0.65446287,-0.72749346,0.44427267,0.18369935,-0.68323201,-0.12356311,-0.84446752,-0.32979047,0.27841648,2.6006718,0.51263309,-0.039661638,-1.1541092,0.51064152,0.10606428,-0.66274834,0.26574954,-0.004294261,0.085497528,0.54043168,-0.033604544,0.20674525,-0.27986053,0.067441985,0.36724544,-0.48228908,-0.82879537,0.078815438,0.2833333,-0.22688478,0.10917234,0.046279922,-0.080043256,-0.052728727,-0.22258405,0.33894324,0.56625736,-0.13700174,-0.14280909,-0.25852436,0.042492807,0.32313204,-0.63117969,0.26951391,-0.89714122,-0.31074864,-1.2715896,-0.71091157,0.000922937,-0.37268844,0.15053475,-0.34855974,0.024972662,-0.086893365,-0.030930184,-0.43192104,-0.31361982,-0.004923761,-0.78399932,-0.060895763,-0.11721063,0.12481795,0.089435428,-0.36586568,-1.0096329,0.37694603,0.26232344,0.54497194,-0.049868628,0.38419035,0.23327959,0.087212846,-0.21246952,-0.11330683,0.21059465,-0.40876621,-0.11643129,0.25081491,-0.10399316,-0.561405,-0.046158217,-0.40449253,-0.44473374,0.16163978,-0.21113586,0.055581853,-0.58671618,0.46712878,0.49062824,0.098076642,0.002427056,-1.2161533,0.56838912,0.012555134,-0.11763924,-0.039821185,-0.36496866,-0.011694456,-0.063338622,-0.52510464,0.70798594,-0.54226208,0.10915965,0.31801111,-1.2181392,0.086760461,0.24451025,0.005372174,-0.29500589,-0.60226506,0.46248317,0.1557046,0.63256276,0.59318209,-0.45653722,-0.21817888,0.12879908,0.24855012,0.13537386,0.30680215,0.20199834,-0.12910567,-0.85828722,-1.0027155,-0.57401419,0.15179592,0.61010331,0.18795006,-0.28023082,-0.16201723,0.10737776,0.85030133,-0.001897164,0.029507048,-0.30084604,-0.25277397,0.83196211,0.076275043,0.13672435,0.2615664,-0.042142369,-1.4845889,-0.082654558,0.50102133,-0.010170858,-0.081303358,-0.53640306,0.11061259,-1.0483559,0.1994544,-0.93397313,0.14611641,0.086125329,-0.58855212,0.065134034,0.26219848,0.20935911,-0.1386366,-0.14677209,-1.9388459,0.20623758,-0.22862332,0.017197452,-0.10669886,0.14840578,0.25698814,0.13971566,-0.14008331,0.40977266,-1.0991361,-0.61334413,-0.26951241,0.38462886,-0.3233858,0.05493639,0.18264088,0.37870497,0.012231039,0.39116916,0.32363319,0.57220978,-0.61299455,-0.22591409,0.52933145,-0.040526338,0.20562224,0.028257787,-0.1627949,-0.80853796,-0.38102129,0.015874937,-0.31380239,0.44210073,0.84653306,0.27779284,-0.31894016,0.13663056,-0.24692428,0.41815984,0.42403257,-0.22336262,0.055207398,1.2404542,0.11048751,0.14557795,-0.6611135,-0.1463415,-1.4444131,0.73229301,-0.99014866,-0.22481391,-0.15808354,-1.0564135,0.003326893,0.075882874,-0.068912804,0.4379456,0.40756997,0.1198605,-1.2299411,0.50258923,0.092071168,0.85378468,-0.046874061,-0.80431044,-0.13037795,-0.60001159,0.40593439,0.18754548,-0.71917951,0.28728983,-1.2349167,-1.3655088,-0.88415718,-0.25223088,0.2645275,0.20321891,0.14838041,-0.55985624,0.48286059,-0.89124191,-0.19946712,0.2021275,-0.66185927,0.10749686,0.017874442,0.33402783,0.020344708,0.32824183,0.041353267,0.28150421,0.062649034,0.28834021,-0.042056583,-0.011609897,-0.45615399,0.25583854,0.81075138,-0.31781995,0.45385882,0.37927315,0.57570696,-0.45013809,0.49718824,0.34844744,-0.73212022,-0.41295436,0.050457731,0.075209685,0.14906293,0.62206125,-0.24808007,-0.34243664,-0.35485345,-0.001982324,0.46911225,-0.18465215,0.095575199,-0.19629115,0.10379326,0.83001548,-0.88359064,0.12039036,0.22143048,-0.46541324,-0.000383582,0.038552672,-0.96069765,-1.3997993,-0.36612779,0.42001116,0.090643384,-0.26005948,0.48240739,0.053183332,0.36100212,0.16981439,-0.13667029,-0.2959103,0.12526667,0.037433296,-0.1162561,-0.35340029,0.15469305,0.091324896,0.88308978,-1.1132184,-0.095955275,1.0827858,1.1060343,0.33402514,-0.83526319,-0.17472917,-0.23696697,-0.13184009,0.040419299,0.29302955,0.58345574,0.63635552,0.27017385,0.12999697,0.1594715,0.54606456,0.57843983,0.65367836,-0.58130985,0.36068803,0.24592771,0.16093308,-0.26533261,-0.13719957,-1.1417193,0.20638306,-0.003579352,-0.28686485,-0.17398489,0.31310976,0.077851608,-0.53407139,0.13460886,-0.19737844,0.14541249,-0.028289281,0.44078219,0.81647575,0.15950403,-0.013417846,0.40467483,0.11978434,-0.11242779,-0.74103713,0.20439069,-0.45608315,0.10576946,0.48282066,-0.5367285,-0.27507836,0.32181904,0.39912131,-0.44495484,-0.83158702,0.39274776,-0.47338864,-0.022867667,-0.93022716,0.26358765,-0.074728929,-0.31672931,-0.35536128,0.68706495,0.41955054,-1.3660038,-0.87549686,-0.23649634,0.05324151,0.18644235,-0.047027681,-0.026486803,0.29221585,0.12375669,-0.2249286,0.26750892,0.19324774,0.24676362,0.007510655,-0.07361237,0.19300805,-1.0662304,0.027273852,0.18256035,0.07262972,0.11144026,0.47216493,0.60766798,-0.26243442,-0.61428344,-0.35772604,0.14600745,-1.2503349,0.20990197,0.30279374,0.23949558,-0.44457638,-0.73156124,0.13722607,-0.38705358,-0.012440547,0.038710594,-0.048222318,0.11505094,0.086619385,0.2442784,0.19406459,0.021778204,-0.1243738,-0.25976202,-1.6144793,-0.59379119,-0.65669048,0.035008125,-0.57254767,0.17798026,-0.14940628,-0.21726693,0.031871289,0
0.47393143,0.2322982,0.18822287,0.45711035,0.45667213,0.47370279,0.44428384,0.44678134,0.48461533,0.46087581,0.46151668,0.45627263,0.4512822,0.43699491,0.46121693,0.44378036,0.43923396,0.48576891,0.46867716,0.44181126,0.43841499,0.44292003,0.43936372,0.43972877,0.44479072,0.44170338,0.45722759,0.4353894,0.45018917,0.45918182,0.44991595,0.4346419,0.44073474,0.4365676,0.44298786,0.42648858,0.43085635,0.4406966,0.42996168,0.4420684,-0.75557816,0.15751736,0.35372418,0.40117076,1.2439456,1.6611102,1.2644026,0.66225684,0.78167069,1.5521502,1.3111942,1.1339599,0.33638003,-0.21889414,0.15029436,-0.31668228,0.55488944,0.2753627,0.30343077,0.28252903,-0.75144672,-0.053790759,-0.47868609,0.3958129,-0.6033076,-0.10502933,-0.13202778,0.80712914,0.23505276,1.4355402,-0.17196292,0.22349873,-1.0371749,-0.21451198,0.13388124,0.7658959,-0.80639899,0.59466833,0.19657476,-0.83907932,-0.097518519,-1.0735062,-0.56893981,0.49280685,0.7912522,0.66525811,0.021228468,-1.4590696,0.66067386,0.10091694,-0.9412334,0.4625991,0.040293198,0.15125334,0.53060675,-0.14220886,0.32623795,-0.35240114,0.054340452,0.53210032,-0.57515657,-1.0659658,0.061399311,0.50218081,-0.3654986,0.20272648,0.078817442,-0.18188782,-0.015998155,-0.27096802,0.41463041,0.89046836,-0.1593546,-0.36486065,-0.43761072,-0.032329604,0.52957642,-0.97519952,0.36487779,-0.58100706,-0.34679112,-1.6772543,-1.0295596,-0.044818237,-0.50073647,0.20581345,-0.44265783,0.15507409,-0.080978937,-0.3025319,-0.71973109,-0.36670208,0.3488358,-0.96803808,-0.12711523,-0.22516717,0.1471933,0.023061082,-0.45685533,-1.4366022,0.73893976,0.389366,0.72309512,-0.12738396,0.50049889,0.23378313,-0.004948467,-0.083252177,-0.26233378,0.43218616,-0.57438368,-0.20607834,0.41513845,-0.29312456,-0.67428166,-0.075608321,-0.62662423,-0.6715219,0.31056097,-0.22192499,0.041615192,-0.50910079,0.63039988,0.52604145,0.034995861,0.10889161,-1.6476239,0.70063621,-0.021836493,-0.1487086,0.058501765,-0.52301127,-0.18671004,-0.13872743,-0.59175217,0.93461484,-0.66419047,0.1419147,0.39219707,-1.359526,-0.17046565,0.38545334,-0.059361685,-0.42346242,-0.86978662,0.52165824,0.29563001,0.26662549,0.95908511,-0.67381167,-0.23492368,0.026502645,0.060487282,0.039538279,0.34672123,0.1096287,-0.033089474,-1.2083031,-1.4067122,-0.65442181,0.23855251,0.61930811,0.24645105,-0.45518368,-0.31995213,0.1227148,1.1531607,-0.11519003,0.030817287,-0.37504703,-0.32170299,1.0962683,0.13971688,0.21886571,2.2451022,-0.11389005,-2.1680143,-0.084464841,0.70887828,-0.001147959,-0.088948846,-0.81500959,0.09566652,-1.4187018,0.31903487,-1.2723581,0.18373035,0.10384497,-0.75152791,0.054130431,0.4080705,0.54239881,-0.19461238,-0.20197412,-2.5127664,0.31901848,-0.43230706,-0.057159279,-0.16397654,0.34833959,0.43113285,0.11379492,-0.092175864,0.59322625,-1.4050326,-0.86761892,-0.071888745,0.32433426,-0.40319899,0.14477625,0.17369159,0.55334944,-0.025037792,0.47764406,0.42754209,0.68686754,-0.82143348,-0.28734118,0.47151303,-0.037440032,0.25169528,-0.035517588,-0.253135,-1.0432906,-0.54870141,0.13506122,-0.33286381,0.52571374,1.0376167,0.35514274,-0.26825875,0.2127879,-0.30626044,0.4400771,0.45490766,-0.37040874,0.090304323,1.2148285,0.096855126,0.19912326,-1.1396387,-0.1167584,-1.8949089,0.83177483,-1.4342582,-0.28826037,-0.089965284,-1.2930921,-0.15683849,0.081277177,0.38015282,0.49796703,0.17171997,0.51151478,-1.7015256,0.87825948,0.13591707,1.021336,0.039648771,-0.95993483,-0.036053821,-0.74625027,0.56327301,0.16228819,-0.74367583,0.33623543,-1.6710382,-1.7689065,-1.2218798,-0.39416698,0.44599402,0.95403969,0.2274318,-0.88109601,0.70109612,-1.1585964,-0.19473404,0.28868735,-0.95665175,0.017028127,0.021274529,0.30672425,-0.035228316,0.47264266,0.008896318,0.47640136,0.011312534,0.49741569,0.065359756,-0.10813158,-0.72355551,0.32774496,0.91323453,-0.61295617,0.64356446,0.47519007,0.38937739,-0.65312123,0.59278828,0.38833153,-0.91960925,-0.53048277,0.12841971,0.29313219,0.20647323,0.86507684,-0.32360819,-0.42086914,-0.43104339,-0.052368052,0.41135746,-0.24440128,0.13473266,-0.34978586,0.19595334,1.102621,-1.0390761,0.098499849,0.27124515,-0.59551173,-0.017548069,-0.20408303,-1.2660259,-1.7785358,-0.25098827,0.53168333,-0.01096116,-0.32203877,0.63946992,0.2350511,0.49250406,0.27894861,-0.1035846,-0.43601599,0.21786214,0.056979131,-0.12983638,-0.13496536,0.20044157,0.20234105,1.1193842,-1.5410792,-0.11859669,1.3362733,1.2060493,0.50923872,-1.1321719,-0.29343015,-0.60260642,-0.23090103,0.16021824,0.53663254,0.72313219,0.87698936,0.2227111,0.33257532,0.21996412,0.66060305,0.691737,1.1485376,-0.76432019,0.24482688,0.46759376,0.15970822,-0.36782458,-0.15856551,-1.287066,0.29378432,0.025325609,-0.3689014,-0.16925173,0.18740378,0.13711426,-0.68755931,0.33573163,-0.16505934,0.17358075,-0.16680989,0.33160093,0.89703119,0.24244452,0.060316034,0.57055008,-0.047809273,-0.22011851,-0.92069155,0.2396885,-0.56682634,0.35433063,0.74416029,-0.52453661,-0.41362143,0.39963391,0.43774247,-0.68264842,-0.98999935,0.68687886,-0.55704653,0.047970913,-1.3749144,0.26626277,-0.075348511,-0.52600646,-0.47924906,0.90612096,0.52868468,-1.6349796,-1.2506257,-0.34149069,0.038349815,0.30216315,-0.043180812,0.004398907,0.35379931,0.20696294,-0.20365629,0.14831831,0.24911159,0.30555081,-0.01625783,-0.3144393,0.21254402,-1.350731,0.002969416,0.44986239,0.068348631,0.15607719,0.58878356,0.952667,-0.45918524,-0.69130194,-0.40807611,0.1035243,-1.7045666,0.26242021,0.20420334,0.36053884,-0.73761523,-1.1871676,0.18590064,-0.57726884,0.10545296,0.037718579,0.002295464,0.26635522,0.16103119,0.30986202,0.45622635,-0.005543213,-0.28293598,-0.43997622,-1.9651884,-0.68921947,-0.85259521,0.053645924,-0.82402515,0.1612981,-0.16272022,-0.22217184,0.072912998,0
0.41009346,0.16419974,0.13272062,0.39708024,0.39413679,0.40050447,0.3889423,0.3812165,0.40172261,0.39545453,0.38391066,0.39010227,0.38749954,0.37497759,0.38871661,0.37346596,0.37622944,0.41282767,0.40490276,0.38740551,0.39025477,0.38844538,0.38111579,0.38353753,0.39576584,0.37799785,0.39563462,0.38091496,0.38311744,0.39994615,0.38331524,0.39115036,0.37564701,0.38471976,0.39532816,0.37554342,0.37647238,0.39943558,0.36901611,0.37119076,-0.85425258,0.12836787,0.31255913,0.38575223,1.2499056,1.6531582,1.2292432,0.64109707,0.7514677,1.5586668,1.2956055,1.1132094,0.28338829,-0.22442853,-0.12110408,-0.33970642,0.58688176,0.30361259,0.32085204,0.27101094,-0.64315629,0.01072811,-0.4660877,0.33907285,-0.71152985,-0.078099012,-0.17846781,0.55204558,0.30851871,1.4919221,-0.20390789,0.18127172,-1.0743338,-0.26286703,0.05010334,0.74743128,-1.0750045,0.50310796,0.23209301,-0.87181926,-0.13483912,-1.0894674,-0.60176009,0.3371866,0.72223067,0.66287273,-0.033784755,-1.5465093,0.63975793,0.1382551,-0.9328739,0.42094362,0.060778134,-0.035554398,0.60807645,-0.064921446,0.34854689,-0.43296587,0.070112519,0.52179897,-0.64239371,-1.0531399,0.055267759,0.49303845,-0.38233232,0.18507557,0.052691542,-0.18231788,-0.056837156,-0.32411566,0.48411801,0.86744094,-0.19766769,-0.32088947,-0.47118255,0.28386033,0.33091539,-0.87504184,0.35942876,-1.1365408,-0.41036141,-1.6825048,-0.90844375,0.05163952,-0.43703756,0.26754561,-0.41660088,0.16007373,-0.13824184,-0.10392255,-0.64551425,-0.39571139,0.12158839,-0.96064961,-0.07851129,-0.1275284,0.16419592,0.16416401,-0.43287697,-1.4040176,0.44662577,0.3829459,0.72030401,-0.11305682,0.5387063,0.29236314,0.024634901,-0.40873712,-0.21448995,0.27249032,-0.40987065,-0.15334068,0.35135439,-0.18194903,-0.73858875,-0.040232547,-0.55792779,-0.45766273,0.29427052,-0.26650095,-0.00596488,-0.68140006,0.61310852,0.56876844,0.17113493,0.000349769,-1.6646262,0.77683544,-0.086300701,-0.14772703,-0.041087896,-0.51455605,0.023179321,-0.098123007,-0.70281839,0.82552081,-0.57990271,0.089511983,0.39275181,-1.5169381,-0.14123301,0.3733086,-0.032741934,-0.41135553,-0.81049961,0.56637979,0.36053348,0.39703405,0.78339344,-0.61392939,-0.32914785,0.006109092,0.009389555,0.2472396,0.3619734,0.27524075,-0.06405706,-1.106714,-1.4455743,-0.69331223,0.25802463,0.65270054,0.27107561,-0.38158935,-0.33460373,0.22400585,1.2387935,-0.10048947,0.028408131,-0.38377085,-0.22476991,0.96903932,0.092368677,0.22389531,0.73326474,-0.064800568,-2.1195331,-0.084321074,0.60304487,-0.0152604,-0.08905948,-0.64669061,0.1646979,-1.3972715,0.27450633,-1.1435007,0.40122753,0.14556724,-0.77516055,0.018223085,0.29158661,0.44941929,-0.26647657,-0.21035288,-2.4455397,0.34888124,-0.3522768,-0.041832287,-0.18840921,0.18527174,0.45162427,0.12361416,-0.21905649,0.67608571,-1.4234047,-0.74334407,-0.40101254,0.3705827,-0.44088325,0.16441795,0.18402053,0.46126738,0.075254291,0.50885254,0.43040904,0.78767359,-0.88092482,-0.31922403,0.62398899,-0.088555127,0.30607927,-0.040378094,-0.23743388,-1.1432313,-0.46354184,0.085738629,-0.32368895,0.48841417,1.13087,0.39942575,-0.41346842,0.10298157,-0.34249163,0.5212785,0.58943242,-0.35325712,0.10343537,1.5125401,0.11172169,0.13386182,-0.98256099,-0.051866375,-1.8511682,0.9225533,-1.2525095,-0.26103768,-0.25230405,-1.4613376,-0.071405731,0.22297974,-0.03041181,0.59845471,0.49615633,0.24182212,-1.7322057,0.70164424,0.10146119,1.0675292,-0.073684178,-0.98146302,-0.14524123,-0.75962192,0.47680938,0.20306489,-0.79012632,0.38393068,-1.6378759,-1.6457192,-1.2488636,-0.38314885,0.40343267,0.35948029,0.16954486,-0.76751286,0.56609225,-1.2511786,-0.16562201,0.26994139,-0.9809041,0.046655793,0.001858594,0.55466616,-0.009174682,0.33686227,0.043349944,0.31846133,0.051380131,0.69007587,0.012099221,-0.079189405,-0.54757011,0.31234914,1.0543227,-0.4486396,0.52520698,0.47421941,0.67102206,-0.62826461,0.73880923,0.42319041,-0.94188023,-0.56186217,0.064891472,0.14175248,0.2583251,0.70849562,-0.32680112,-0.47473761,-0.396617,-0.013693048,0.63662815,-0.14171557,0.16110881,-0.23781103,0.15437011,1.0863304,-0.9516471,0.11285631,0.24556607,-0.60143602,-0.022133483,-0.08540462,-1.3375789,-1.792298,-0.2722539,0.5114072,0.1039974,-0.31707519,0.72518861,0.24717428,0.48427749,0.19481988,-0.28053114,-0.33644325,0.15194407,0.063547835,-0.06522584,-0.51921868,0.17705259,0.17953444,1.1440821,-1.6144447,-0.17816825,1.598806,1.373287,0.40235746,-1.1378726,-0.15856898,-0.37011212,-0.11288327,-0.001495739,0.30896753,0.73983204,0.86818874,0.30432877,0.1446003,0.20370054,0.6687659,0.76467192,0.86028159,-0.72727513,0.33978838,0.29948908,0.17941369,-0.35139227,-0.1800385,-1.5492086,0.27213377,0.017627198,-0.34874296,-0.12344089,0.34606355,0.13498756,-0.6829071,0.25735676,-0.27261987,0.18658742,0.016016394,0.77625644,1.0730175,0.26873574,0.034814768,0.61917555,-0.050498445,-0.032620594,-1.0712132,0.25614226,-0.66591096,0.19412144,0.64675164,-0.72902465,-0.35368329,0.35730878,0.43830207,-0.50299996,-0.97532457,0.57192743,-0.60632354,-0.05073157,-1.3372175,0.3405661,-0.10031212,-0.57684791,-0.36919302,0.88002795,0.51074165,-1.7565622,-1.1948013,-0.28595746,0.019378234,0.22420445,0.069005817,0.00380671,0.412902,0.14097135,-0.18196125,0.2723349,0.34788895,0.43011275,-0.088942274,0.073971048,0.20698585,-1.357074,-0.006836025,0.33495602,0.020704512,0.16510457,0.61809891,0.96963054,-0.33320415,-0.71144742,-0.39628363,0.069346994,-1.7611964,0.25908509,0.34218949,0.34645227,-0.59050262,-1.1560153,0.24981865,-0.62022954,0.27466276,0.041607015,-0.050237536,0.45884669,0.14213111,0.30129954,0.51247382,-0.021093603,-0.19606337,-0.36710492,-2.0738435,-0.66472107,-0.83851975,-0.069403991,-0.73738313,0.18815556,-0.094707176,-0.28004664,0.024832692,0
0.50691873,0.23251921,0.21572645,0.50704324,0.49723873,0.52607757,0.4891302,0.5122956,0.50415683,0.50467443,0.49247247,0.50208414,0.48840326,0.48310667,0.51491117,0.49952537,0.4934603,0.51680702,0.51331317,0.50365192,0.49001586,0.49740148,0.49601012,0.48657513,0.49625975,0.48929492,0.50147247,0.48704571,0.4935298,0.49749967,0.49656385,0.49455118,0.4803493,0.50079304,0.48773915,0.4807938,0.47751749,0.50074977,0.46433741,0.49362141,-0.82653058,0.19996898,0.38704592,0.40076002,1.3400049,1.7217026,1.3292192,0.72181356,0.83927238,1.6426141,1.4407139,1.2148607,0.26268223,-0.22613689,-0.14820991,-0.34009308,0.65096706,0.33502203,0.38650617,0.24902461,-0.74778479,-0.048429564,-0.51722115,0.21408638,-0.60321254,-0.048544183,-0.14805645,0.71452361,0.38890213,1.4481434,-0.19899252,0.1915649,-1.1225151,-0.22508666,-0.076734804,0.79540968,-0.93653023,0.47796911,0.38273478,-0.94896656,-0.10136734,-1.2082325,-0.55406076,0.54822046,0.81890631,0.75206405,0.008447555,-1.7184895,0.87976021,0.11545051,-1.0183723,0.46247557,0.11124624,0.065635562,0.44432563,-0.15954059,0.057977349,-0.58453465,0.085408494,0.62339771,-0.56291181,-1.1312088,0.064561911,0.62806118,-0.33884221,0.40423578,-0.035106689,-0.077087283,-0.15924843,-0.28064522,0.38318831,0.94603395,-0.23237602,-0.67429,-0.57378495,0.45558798,0.50186646,-1.0517613,0.42359081,-0.87697226,-0.43868202,-1.8379852,-1.1189283,0.01035586,-0.38802958,0.18649164,-0.40250251,0.15076751,-0.10039032,-0.28665692,-0.80494118,-0.31219974,0.44568792,-1.1392336,-0.25536293,-0.18902387,0.20529908,0.25373664,-0.54935282,-1.5933745,0.4029834,0.39716819,0.94411963,-0.13801715,0.52524805,0.32867908,0.082285509,-0.023059502,-0.20887086,0.36139935,-0.066397727,-0.099479064,0.34499037,-0.41268522,-0.69499409,-0.015258187,-0.67418844,-0.76103908,0.3776924,-0.4159835,-0.071287706,-0.5046972,0.62694031,0.58471107,-0.11616342,0.10888955,-1.7987211,0.70829797,-0.040358089,-0.22756496,-0.029087747,-0.51189774,-0.16137724,-0.20363049,-0.63630766,1.0246499,-0.78048933,0.17013186,0.44291577,-1.7194396,-0.17265847,0.35731983,-0.010874808,-0.6080749,-1.0197659,0.42441428,0.22657628,0.28987706,1.0666022,-0.67146826,-0.28615138,0.024156649,-0.048255257,0.18435773,0.2692461,0.030931599,-0.040718809,-1.239146,-1.6464909,-0.76653183,0.27607048,0.52646947,0.18304554,-0.46637622,-0.35246938,0.19606474,1.4783099,-0.22428676,0.070990793,-0.44308946,-0.26855418,1.2060395,0.19219559,0.23473665,2.4322004,-0.054301471,-2.5114567,-0.029539701,0.92683804,-0.001820092,-0.09600684,-0.87385982,0.019307122,-1.6195146,0.21864516,-1.1878871,0.74073952,-0.06332773,-0.73766148,-0.010780197,0.36743581,0.81056184,-0.29010576,-0.52170801,-2.6801939,0.38460672,-0.50707322,-0.057312835,-0.2602936,0.28072721,0.67434585,0.17726187,-0.081099525,0.6500029,-1.705183,-0.8729623,0.6774087,0.42515558,-0.43989623,0.053252347,0.23152067,0.58150136,-0.018885106,0.47626454,0.4196904,0.70638096,-1.1317774,-0.39491287,0.62266421,-0.08098726,0.32253224,-0.09575215,-0.21797736,-1.2442796,-0.49522179,0.15393999,-0.47581095,0.36378133,1.2307111,0.37957186,-0.39208353,0.10462824,-0.4173041,0.3086237,0.62515098,-0.49014425,0.11965603,1.2411267,0.065337494,0.15241373,-1.1130017,-0.18408991,-2.0593593,1.087907,-1.5084251,-0.29848313,-0.17346489,-1.4107034,-0.21228039,0.25335467,-0.066460416,0.55646765,0.35303044,0.58425343,-1.945276,0.98428196,-0.09366297,1.1812739,0.006906359,-1.0615802,-0.12698872,-0.88427061,0.61147869,0.25043792,-0.89637929,0.37812999,-1.8510125,-1.9040505,-1.5626671,-0.32931194,0.63414359,1.0519836,0.1875686,-1.0311071,0.65389425,-1.419662,-0.14312297,0.30625364,-1.1414975,-0.011068081,-0.012118122,0.58418202,-0.17777699,0.38419059,-0.0262613,0.31839105,0.058904707,0.9102965,-0.024111765,-0.17268398,-0.77027154,0.33178258,0.81576395,-0.6778447,0.75091588,0.40572941,0.58747798,-0.61111552,0.47197142,0.35018623,-1.176626,-0.65487176,0.11570029,0.18504524,0.3462663,0.83748102,-0.2782841,-0.51145589,-0.45581979,-0.058816742,0.50286263,-0.1547868,0.015589528,-0.37475893,0.16883373,1.2869228,-1.1297292,0.1447928,0.35775504,-0.64079219,-0.003067324,-0.13527234,-1.5112872,-2.1986628,-0.014053106,0.55976015,0.023385979,-0.30870456,0.79926527,0.26541749,0.48864371,0.19305944,-0.21137133,-0.61141205,0.19745094,0.061051883,-0.10571944,-0.78220618,0.16939588,0.15261005,1.3613219,-1.6354655,-0.084023125,1.486235,1.541065,0.55599707,-1.3269612,-0.31031647,-0.50116897,-0.082573533,0.030747671,0.60726148,0.89770645,0.71281695,0.29467097,0.22790185,0.28792059,0.59250462,0.71187007,1.5273818,-0.98642528,0.21699572,0.41080773,0.024404213,-0.36967739,-0.11223737,-1.384396,0.29909927,0.036306731,-0.44075394,-0.1067831,0.48581451,0.15460038,-0.62409973,0.42768019,-0.19631587,0.3329283,-0.2493023,0.59839541,0.9480511,0.22798789,0.019080639,0.63280481,0.1267598,-0.16193821,-1.0656555,0.32994923,-0.58266997,0.41543835,0.66070396,-0.70625764,-0.5512206,0.42335016,0.46505556,-0.64016879,-1.2846975,0.68332833,-0.66277421,-0.049505249,-1.7346357,0.38045049,-0.091714568,-0.85094005,-0.54029506,1.0320756,0.542606,-1.8141897,-1.1546698,-0.35953948,0.011149116,0.31154901,0.048715819,0.092012122,0.51766562,0.15238613,-0.063112393,0.14754377,0.365877,0.40765974,-0.11859321,0.032932356,0.24183646,-1.4940783,0.017374482,0.72552204,0.032715864,0.15517184,0.71767384,1.3111956,-0.4258644,-0.78723496,-0.36255038,0.15372081,-1.9327788,0.21707764,0.19133186,0.436122,-0.71646714,-1.2354829,0.15786108,-0.62713051,0.38904712,0.086605594,-0.11574927,0.91720736,0.14707093,0.30454051,0.61148107,-0.047678269,-0.17191075,-0.53488827,-2.2578936,-0.82506412,-0.94685423,-0.198552,-0.96529722,0.2385283,-0.15850794,-0.31143546,0.022583166,0
0.49164462,0.25016502,0.20897861,0.48352465,0.47215977,0.4894498,0.47475016,0.46117309,0.48630458,0.48361874,0.4663972,0.47286218,0.47090071,0.46265405,0.48536369,0.45083308,0.48215675,0.50094396,0.47669277,0.48169219,0.45713413,0.46457475,0.45608354,0.48027539,0.46722764,0.46408868,0.47324395,0.44747752,0.47622266,0.46927673,0.46128088,0.4597376,0.44879958,0.45546138,0.45256525,0.46088189,0.45271313,0.47044644,0.4441945,0.45005101,-0.8640396,0.18251249,0.40199625,0.48081565,1.3057326,1.6801389,1.3150098,0.71423829,0.833978,1.6106297,1.3389127,1.1824008,0.32486749,-0.19512786,-0.12500276,-0.33796486,0.57822579,0.3203072,0.33900902,0.27467525,-0.83722436,-8.65E-05,-0.57532156,0.36360222,-0.72966129,-0.011681639,-0.17502128,0.6423884,0.12543444,1.5739739,-0.17603371,0.20544586,-1.0728761,-0.21600863,0.044257823,0.8250792,-0.9922775,0.53596753,0.22068691,-0.85544115,-0.12624004,-1.2024105,-0.54872096,0.3136746,0.75938314,0.67684937,-0.048109349,-1.6165888,0.61038065,0.10573702,-1.051212,0.47847614,0.05151245,0.049975794,0.54617065,-0.097902544,0.2469168,-0.29092115,0.06093505,0.52814227,-0.46855962,-1.0701568,0.078431308,0.42430949,-0.25278515,0.22079317,-0.027935429,-0.14496773,-0.063737839,-0.26540995,0.49164218,0.80992204,-0.17187546,-0.25604886,-0.4671931,-0.13472466,0.30610365,-0.90854335,0.36121777,-1.1762377,-0.361909,-1.7375031,-0.849374,-0.048471369,-0.5963496,0.28018889,-0.38151342,0.13227072,-0.083958313,-0.053001672,-0.64047331,-0.62513727,-0.25428116,-0.99762762,-0.10502923,-0.070080675,0.17923747,0.23705064,-0.42766741,-1.3616185,0.15256765,0.3965975,0.72831184,-0.05082795,0.56886953,0.31541044,0.032199405,-0.53564996,-0.32006043,0.32181349,-0.51709527,-0.17304033,0.33797196,-0.16332959,-0.70736432,0.02818802,-0.46301657,-0.52746069,0.24230728,-0.21949697,0.025122231,-0.68828917,0.61482066,0.58812344,0.1336287,-0.005455957,-1.6793234,0.63255274,0.00080606,-0.17838284,-0.048279356,-0.50765389,0.044303019,-0.10935791,-0.73914498,0.82675743,-0.67030048,0.14535306,0.39322904,-1.4469908,-0.095749527,0.30687737,-0.068095848,-0.36685094,-0.8612048,0.45643181,0.2147211,0.23731859,0.69376421,-0.73618859,-0.25219947,0.041037582,0.001845016,0.18137276,0.3602156,0.13955979,0.012221977,-1.1426057,-1.461082,-0.73195314,0.23047628,0.65242678,0.30660772,-0.4044573,-0.31358767,0.096610293,1.2660059,-0.12144279,0.03416412,-0.30867818,-0.20673192,0.91837847,0.13482292,0.23438358,0.60794365,-0.091824442,-2.1949887,-0.14364085,0.42436767,0.03895231,-0.074381381,-0.68309689,0.19515461,-1.3439093,0.23036973,-1.2207888,0.37852988,0.15647927,-0.82113612,0.055098388,0.16452324,0.38362396,-0.21585208,-0.5885216,-2.4298167,0.32892254,-0.58172494,-0.035057984,-0.084508732,0.19797726,0.51721442,0.10743999,-0.26172462,0.71304303,-1.3245114,-0.79849356,-0.26413506,0.37320244,-0.38476536,0.15023232,0.20426522,0.4920339,0.053596497,0.55785996,0.44309965,0.77409297,-0.86784136,-0.26873738,0.50636399,-0.081799008,0.22855076,0.028770391,-0.29952076,-1.1641107,-0.44452533,0.12871268,-0.41270566,0.40086251,0.98345262,0.38342586,-0.42414296,0.10100145,-0.37225562,0.56673169,0.37747383,-0.41061309,0.10282128,1.4251156,0.19958659,0.17210187,-0.84916002,-0.12484259,-1.8403507,1.0402305,-1.3517255,-0.17003071,-0.12806354,-1.4630913,-0.080018684,0.13769782,0.087490827,0.47890013,0.50444126,0.14405179,-1.668516,0.76246274,0.032321323,1.091781,0.047175452,-1.1790574,-0.054311201,-0.73232526,0.51025969,0.27450052,-0.7761125,0.33286351,-1.6193867,-1.6299185,-1.3311554,-0.38031578,0.38758382,0.21380889,0.22730052,-0.77280778,0.6863392,-1.1103131,-0.14278802,0.31276065,-1.0261225,0.04339879,0.032554422,0.41213807,0.18221363,0.34069812,0.047147863,0.4577232,0.043059897,0.6674872,-0.021926705,-0.037311047,-0.56702954,0.38048744,1.1067308,-0.51033175,0.56794411,0.49861696,0.63428175,-0.62983125,0.61180389,0.33782542,-0.87125564,-0.45080146,0.074804366,0.10923721,0.15555167,0.73996776,-0.3328754,-0.44563329,-0.44599316,-0.041408457,0.57574987,-0.18430389,0.12359987,-0.24609195,0.15346628,1.0103396,-0.99482089,0.15264848,0.28284687,-0.47960335,-0.075984046,-0.29148069,-1.1984146,-1.8227521,-0.21383828,0.53471309,0.10462435,-0.27495021,0.72505844,0.14178666,0.5019207,0.26204848,-0.16739424,-0.37179819,0.21159685,0.065580256,-0.13022427,-0.71371776,0.15190127,0.18890074,1.1081936,-1.5098191,-0.11791091,1.4154162,1.4834247,0.43836448,-1.3538924,-0.25268295,-0.38430539,-0.18995176,0.04126085,0.39524737,0.69511271,0.69512749,0.31403637,0.1400684,0.22662544,0.75787359,0.72286057,0.95497203,-0.79227334,0.42769724,0.19950399,0.15718935,-0.27776822,-0.14320968,-1.6782683,0.31042218,0.01651579,-0.31654373,-0.14271134,0.24319857,0.15381475,-0.77038705,0.27834561,-0.17664789,-0.058128141,0.004178487,0.41134465,1.0150033,0.24453121,0.033512615,0.61660433,-0.095161937,0.014248985,-0.96399271,0.24073811,-0.63853776,0.13156679,0.77708769,-0.73191464,-0.3583245,0.42890978,0.48000699,-0.57471639,-1.0513872,0.49133155,-0.54575187,0.068743356,-1.3765974,0.30022001,-0.18118691,-0.50693136,-0.37143457,0.90059918,0.52758461,-1.7969615,-1.2292476,-0.33092156,0.004797681,0.27061909,-0.0779889,0.017728752,0.44574323,0.19893403,-0.17060019,0.26180035,0.59751445,0.38699183,-0.042802975,-0.2515763,0.19644026,-1.3681148,0.025640203,0.37726435,0.056750547,0.17535998,0.60475171,0.77324665,-0.32824695,-0.74181241,-0.34625277,0.010947086,-1.7230984,0.37743714,0.27847075,0.37111846,-0.68003017,-1.1644807,0.21862194,-0.57573688,0.056337804,0.011128265,-0.0520766,0.33225366,0.15185294,0.32412753,0.45631832,0.02940974,-0.14113452,-0.29489669,-2.154439,-0.74276483,-0.8888396,-0.018756213,-0.76923782,0.22920124,-0.09871199,-0.24530846,0.065155469,0
0.49570078,0.21918477,0.2161404,0.47510701,0.47821948,0.49920532,0.47690171,0.46905276,0.47954714,0.48557645,0.47808748,0.48531893,0.48481965,0.47434303,0.48349673,0.47332412,0.47456083,0.50771397,0.48938411,0.47789478,0.4632628,0.47304344,0.46439445,0.48385736,0.47527659,0.47122955,0.47582737,0.46007049,0.47132874,0.48552889,0.46756953,0.47720891,0.46342814,0.47207731,0.4689067,0.4579553,0.45633847,0.47710371,0.45358258,0.45382586,-0.83399743,0.1926505,0.34316677,0.39385965,1.2540072,1.6831794,1.3040549,0.6736787,0.79764521,1.5795674,1.3726667,1.1630514,0.35659254,-0.18118343,-0.25662598,-0.30215207,0.70600641,0.35692674,0.3398307,0.3000446,-0.62738228,0.031832974,-0.57247728,0.46915388,-0.67468172,-0.16108289,-0.14247584,0.53406107,0.27078605,1.2787734,-0.16328897,0.24113625,-1.0498914,-0.1485132,0.017161028,0.94414693,-0.99871445,0.57401818,0.2120562,-0.82006764,-0.15005744,-1.0514209,-0.51669961,0.2694217,0.91454029,0.62976992,-0.038527846,-1.497949,0.5797649,0.1365581,-0.88667202,0.43218625,0.016707387,0.043427661,0.49445468,-0.10633185,0.29456949,-0.33087552,0.041999966,0.56421775,-0.66886932,-1.0178982,0.094223574,0.41425642,-0.29594246,0.25542593,0.11724344,-0.12846884,-0.045960501,-0.29831052,0.48857889,0.78219008,-0.12618506,-0.3635335,-0.40688956,-0.084775239,0.27924991,-0.87511015,0.3417685,-1.1376703,-0.3821843,-1.6257182,-0.85880411,-0.004902493,-0.442013,0.20919961,-0.41475716,0.075151458,-0.016593717,-0.13889444,-0.63504517,-0.53162444,-0.019553617,-0.90130746,-0.069809824,-0.12019465,0.14783776,0.22016814,-0.4186931,-1.366505,0.03109926,0.40130919,0.66366941,-0.10930676,0.54697007,0.38592282,0.068150871,-0.59354669,-0.22042455,0.23059663,-0.68822986,-0.12348504,0.38093093,-0.19928731,-0.70223475,-0.003604736,-0.52550244,-0.4812789,0.21509756,-0.13267721,0.037317108,-0.80020636,0.63333666,0.55617499,0.13654535,0.22492902,-1.5505652,0.40782106,0.021330275,-0.24941012,-0.078363195,-0.52501023,-0.033507664,-0.073841982,-0.56208146,0.77925527,-0.62488616,0.14892825,0.41920656,-1.4775028,-0.046919473,0.28403282,-0.004604533,-0.39776361,-0.81432074,0.47270018,0.34382099,0.58122915,0.77455908,-0.6421051,-0.21146148,0.06893786,-0.039308734,0.17616507,0.38199279,0.20373346,-0.039344087,-1.0600005,-1.3164752,-0.69441694,0.29738948,0.54596835,0.27503061,-0.40073034,-0.28852719,0.13496941,1.0791932,-0.12491122,0.003503641,-0.27762148,-0.25793201,0.94932294,0.14006612,0.24585344,0.49923944,-0.046578653,-2.3053665,-0.110674,0.53300881,0.003737997,-0.1199933,-0.59624469,0.15116599,-1.3603678,0.18858157,-1.0811738,0.17647323,0.12026472,-0.75251007,0.059442043,0.047980249,0.29214716,-0.21654084,-0.29744357,-2.3500044,0.28757286,-0.37721878,0.016667813,-0.00651294,0.22600697,0.36155483,0.076178722,-0.26467437,0.49848822,-1.2865885,-0.56013614,-0.41378313,0.49575892,-0.34487146,0.1253102,0.18056409,0.5324229,-0.008653365,0.59886014,0.41519374,0.72502369,-0.71992767,-0.25999486,0.69062775,-0.030501958,0.23425294,0.075338885,-0.29091471,-1.1042917,-0.45592734,0.064948566,-0.30033833,0.5147742,0.98933506,0.35052952,-0.40897608,0.14707196,-0.34894422,0.61000037,0.51128525,-0.33898053,0.10464859,1.4039325,0.13515562,0.12838298,-1.0351075,-0.14463475,-1.8184764,0.93863457,-1.1868345,-0.27072003,-0.093037426,-1.3242853,-0.15010281,0.10389971,0.1005262,0.85683906,0.41409981,0.10482581,-1.6213043,0.65729034,0.028777676,1.0710217,0.019188374,-0.98061019,-0.14766221,-0.78303146,0.47433722,0.24794918,-0.8284657,0.32682484,-1.4967277,-1.6318712,-1.1570002,-0.31815752,0.41991165,0.28263989,0.25767183,-0.70065916,0.64394253,-1.1252215,-0.19442037,0.28016815,-1.0057141,0.079899557,0.016235337,0.3757686,0.001639824,0.39179301,0.046294678,0.3758325,0.063454807,0.47936386,0.047475152,-0.023577601,-0.57741719,0.37996399,1.0658741,-0.49306965,0.49825102,0.47894582,0.60607791,-0.56512463,0.61037099,0.26987398,-0.81362742,-0.62175304,0.097370878,0.006722912,0.15744798,0.70606351,-0.35880676,-0.51503414,-0.50017154,-0.04728264,0.59792125,-0.2666145,0.13752283,-0.27855197,0.17595519,1.1436672,-1.0018157,0.12855762,0.27991945,-0.55209476,-0.041383814,-0.078690417,-1.1668707,-1.7296177,-0.29358721,0.54387057,0.059881918,-0.32121205,0.67568403,0.088158071,0.46478081,0.25309858,-0.2026746,-0.32511833,0.22605354,0.094967283,-0.051237535,-0.77290213,0.18227464,0.14869301,1.1700332,-1.4775074,-0.13041538,1.2677343,1.4764383,0.33722752,-1.1078591,-0.17689386,-0.313921,-0.19358747,-0.009603408,0.33614263,0.57548076,0.59154165,0.33955851,0.066617899,0.23322132,0.6466291,0.69077319,0.89026403,-0.60219359,0.44437885,0.25391886,0.24352679,-0.30502042,-0.16961047,-1.4094656,0.29076609,0.075047873,-0.36012873,-0.099629119,0.46345431,0.15183119,-0.74552161,0.18052959,-0.19649807,0.10071283,0.058948636,0.69348121,1.0027084,0.28549066,0.031090096,0.51969308,-0.039431248,-0.16058382,-0.95096779,0.20399916,-0.61390334,0.041412726,0.5213713,-0.82963562,-0.30622607,0.3754268,0.46009034,-0.50110137,-1.0782005,0.53548169,-0.55347979,-0.068120219,-1.2194047,0.30934396,-0.11094139,-0.57454062,-0.37921673,0.89541221,0.5362677,-1.6096961,-1.0263439,-0.34052131,0.043194767,0.20034069,-0.092215344,-0.017813142,0.33764917,0.22711089,-0.22810243,0.29797593,0.36453485,0.33535561,0.042491212,-0.30729502,0.14649823,-1.3775969,0.010538221,0.31139106,0.027280487,0.20504075,0.59188008,0.80592299,-0.33184785,-0.65687007,-0.35066721,0.11004861,-1.5946648,0.27084804,0.39632004,0.39234483,-0.60193938,-1.0984758,0.169551,-0.55235124,0.068423152,-0.063884281,-0.064134069,0.21164986,0.14274761,0.30815098,0.41884726,0.031326018,-0.22949648,-0.30698627,-2.009203,-0.65379882,-0.73148966,-0.052283123,-0.74722391,0.178831,-0.15519974,-0.23677555,0.085665412,0
0.44816279,0.21659221,0.1747762,0.43503755,0.43899763,0.45572066,0.43712604,0.42673951,0.44727921,0.44002742,0.44569516,0.43209511,0.43371478,0.41625422,0.43942618,0.42323297,0.42883956,0.47287279,0.4435783,0.42004681,0.41893399,0.43272668,0.42585945,0.42971092,0.42427728,0.42984438,0.42915374,0.41125357,0.4362812,0.43912536,0.42872253,0.4287889,0.42510778,0.42714122,0.42899483,0.40707961,0.4071101,0.43565312,0.39955032,0.40724918,-0.81689548,0.15930936,0.359308,0.45504606,1.2692314,1.6544168,1.2625759,0.68123734,0.80329227,1.5691168,1.29462,1.1562374,0.32285386,-0.22535941,-0.25852817,-0.36775583,0.61963028,0.28514731,0.33706659,0.26580188,-0.74769151,-0.026033612,-0.59677291,0.38558203,-0.80224323,-0.12890592,-0.16597857,0.56220418,0.27739727,1.2712362,-0.1864801,0.21555707,-1.0372301,-0.17781329,0.06723737,0.80296707,-1.045894,0.49736935,0.21432187,-0.80824643,-0.12433318,-1.0161345,-0.48711485,0.34524024,0.86722118,0.66389883,-0.058712326,-1.4698521,0.62909633,0.11744813,-0.84603679,0.49992535,0.037845023,0.018025134,0.52541393,-0.090844452,0.20062765,-0.32539627,0.0526926,0.51369661,-0.62555122,-0.96523428,0.090213835,0.36671293,-0.28974065,0.16531472,0.21346168,-0.12264141,-0.041217878,-0.28981185,0.50463057,0.78799343,-0.17953129,-0.31215245,-0.28616732,-0.20928499,0.22839917,-0.78926367,0.37857506,-1.2471489,-0.38947186,-1.6204028,-0.82805508,0.040849328,-0.41117933,0.2077747,-0.38065553,0.08283107,-0.099811919,-0.035804622,-0.62280202,-0.33665442,-0.059960797,-0.85738343,-0.013591126,-0.098384455,0.18805003,0.26709452,-0.39383224,-1.2204685,-0.13474035,0.38726953,0.6458624,-0.10269094,0.55401498,0.27587807,0.085177988,-0.63058126,-0.18487799,0.43729264,-0.62047911,-0.19674358,0.342924,-0.16325404,-0.69490957,-0.007456247,-0.47760284,-0.44367033,0.18940431,-0.11047012,0.029728968,-0.72926295,0.66213697,0.5931285,0.19291103,0.10541466,-1.4890817,0.50689924,0.008167721,-0.14884375,-0.029738266,-0.47024405,0.077893905,-0.050455242,-0.60960913,0.75595498,-0.53475648,0.10408143,0.46198466,-1.4778764,-0.13703547,0.31033361,0.017865233,-0.40631184,-0.78891098,0.48970196,0.22728364,0.22997129,0.75035053,-0.63397604,-0.2050174,0.063513078,0.080759704,0.21204104,0.29474369,0.19128361,-0.10313833,-1.0331943,-1.3158565,-0.66650915,0.25561512,0.53467762,0.27282104,-0.42082685,-0.28420827,0.13322903,1.098541,-0.046146568,0.023902707,-0.26969311,-0.25864539,0.87784898,0.13359086,0.21835032,0.74868751,0.006720573,-1.9050447,-0.10467348,0.51036364,0.00615814,0.042308442,-0.5933004,0.17431751,-1.3351662,0.18042263,-1.1067204,0.25126272,0.15392458,-0.73156774,0.053600922,0.22524568,0.15731099,-0.2154095,-0.57454395,-2.2972875,0.24121588,-0.4206019,0.022781797,-0.088086277,0.1967068,0.30842274,0.088634305,-0.21914132,0.47669634,-1.2736778,-0.61907548,-0.26939714,0.35248724,-0.40717286,0.09600839,0.25353041,0.55043155,0.030979764,0.50367117,0.40183648,0.76249069,-0.77510834,-0.27764219,0.53797138,-0.001410959,0.2367288,-0.085892186,-0.2933788,-1.0605422,-0.48396143,0.10236794,-0.31040347,0.4902966,0.99912751,0.36271954,-0.38632485,0.10173068,-0.35271439,0.56448239,0.49486241,-0.32454139,0.09184283,1.37822,0.12803291,0.18874337,-0.92583418,-0.14708,-1.789955,0.92600226,-1.1517801,-0.29177168,-0.18252966,-1.3489951,-0.091604181,0.09738683,0.059827588,0.50543374,0.47891733,-0.008536309,-1.5890971,0.60494268,0.12012736,0.9284007,0.106953,-0.9974305,-0.16554376,-0.75397342,0.50256002,0.17677705,-0.81433493,0.34152189,-1.4676208,-1.5683441,-1.0904939,-0.31692779,0.44845992,0.083319455,0.21852425,-0.65398324,0.60962135,-1.1367161,-0.07908798,0.31281435,-0.92048788,0.022855699,0.03519905,0.38412881,0.072101533,0.29574928,0.063912563,0.35911745,0.035899624,0.36920995,0.088134237,-0.047860097,-0.62265074,0.32029563,1.0440241,-0.38945144,0.49825969,0.50234032,0.68901366,-0.53547823,0.56950849,0.23933539,-0.80237442,-0.57365555,0.083638631,0.11019856,0.11029138,0.69416904,-0.27941209,-0.49530759,-0.46660638,0.043325268,0.6962176,-0.164223,0.14988309,-0.21363661,0.14916278,1.0227594,-1.0355327,0.12163067,0.26100254,-0.49865189,-0.013449616,-0.13257957,-1.1312586,-1.7064074,-0.27857673,0.54774565,0.053465597,-0.2948733,0.79478979,0.1285907,0.49497679,0.2100051,-0.17263716,-0.34564465,0.20566203,0.08320757,-0.06793721,-0.77328855,0.15786935,0.19682619,1.1679288,-1.4821132,-0.15112188,1.3741941,1.5046051,0.32952288,-1.0321994,-0.20784716,-0.31956789,-0.1704632,-0.006736783,0.27893019,0.5871442,0.44515142,0.32455197,0.073085219,0.19359571,0.71013802,0.69837976,0.74266601,-0.58486778,0.39528769,0.25357801,0.292178,-0.32408252,-0.17293514,-1.390666,0.31618759,0.047330264,-0.33277491,-0.12084548,0.34618279,0.19849975,-0.68530321,0.26462492,-0.16714881,-0.08149115,-0.033895351,0.54895389,0.97388756,0.23418941,0.023089312,0.54927117,-0.020364303,-0.22438313,-0.96561873,0.18886979,-0.59616888,0.14221799,0.55699086,-0.76722056,-0.28450829,0.33518869,0.46570411,-0.52026939,-0.9980672,0.52406454,-0.52985746,-0.025610914,-1.2355946,0.32800445,-0.13985384,-0.55350852,-0.37252837,0.81093991,0.55128151,-1.5640103,-1.0750685,-0.30546442,0.01085708,0.24441257,-0.060236838,0.026642358,0.40380868,0.16365753,-0.24342783,0.26498634,0.38425335,0.3937951,-0.14039654,-0.32073259,0.14712636,-1.3080944,0.003485519,0.26323465,0.026105424,0.1649462,0.61666363,0.87045187,-0.29944909,-0.71892184,-0.41353056,0.2056106,-1.5504808,0.23077917,0.35944644,0.37717271,-0.50455946,-0.95285743,0.21450441,-0.60447478,0.13634148,-0.003104009,-0.053596523,-0.008567214,0.13291898,0.307583,0.34811413,0.00315633,-0.13485172,-0.27377349,-2.002723,-0.63799679,-0.7586053,-0.014508124,-0.71698797,0.1956628,-0.11904098,-0.22993092,0.06198559,0
0.50996292,0.24174877,0.21166916,0.47667354,0.49501014,0.48632076,0.4738659,0.48514488,0.49865094,0.49041253,0.47116971,0.48119247,0.48930985,0.47587258,0.48953706,0.4697929,0.48465878,0.51285213,0.50171137,0.49556848,0.49911922,0.4813773,0.49235332,0.48679519,0.49874443,0.48402351,0.49212041,0.47773057,0.49203852,0.48451549,0.47831738,0.50767136,0.49545616,0.48351634,0.49747539,0.46817631,0.47777009,0.51357901,0.46630657,0.46487162,-0.79911834,0.19445288,0.35347837,0.44613874,1.1554104,1.6249804,1.2676172,0.68064159,0.80194843,1.5631254,1.3121958,1.1392423,0.28345123,-0.15767887,-0.14395604,-0.30830985,0.45786032,0.26980501,0.30798155,0.250651,-0.64172387,0.042678215,-0.39209273,0.37631449,-0.69079936,-0.10124774,-0.18805914,0.58068287,0.27008396,1.3014495,-0.14915916,0.19904184,-1.0394599,-0.16657043,0.00861932,0.7153703,-0.85528147,0.54524726,0.31466067,-0.7851072,-0.090567067,-0.93770492,-0.45580855,0.36637312,0.69310367,0.69537669,0.039286319,-1.393775,0.64724952,0.1299578,-0.88114578,0.66210508,0.10080384,0.017237628,0.58916837,-0.10675766,0.37676528,-0.42860082,0.069177881,0.46321577,-0.51995063,-1.0137689,0.10807211,0.51446581,-0.2654008,0.1888815,0.054288998,-0.14463763,-0.15159902,-0.28821325,0.45412791,0.79640317,-0.20066285,-0.38724095,-0.47045112,0.31968313,0.32068548,-0.99814701,0.44248527,-1.2051711,-0.33003622,-1.5486434,-0.96976459,-0.04283236,-0.39721644,0.27789125,-0.38968188,0.14593326,-0.1038092,-0.19278778,-0.70682371,-0.32256773,0.096509516,-1.0114442,-0.22523987,-0.17353819,0.16116361,0.2393129,-0.43869105,-1.3982657,0.61465061,0.34375602,0.72107595,-0.13105664,0.48552498,0.31871867,0.082125045,-0.25410029,-0.24568605,0.24031015,-0.28223771,-0.16093954,0.29060844,-0.27601391,-0.69007289,-0.069247387,-0.50758129,-0.53640985,0.26857343,-0.32391635,0.010730598,-0.53171086,0.65847588,0.59756041,0.029384144,0.052493554,-1.6349645,0.57383585,-0.10011778,-0.088090591,-0.14520279,-0.50667787,-0.007865283,-0.21120858,-0.54309005,0.90748841,-0.70492631,0.11624606,0.45142195,-1.6098959,-0.17972696,0.3048867,-0.14973751,-0.39111048,-0.90139061,0.45996863,0.17258397,0.4197427,0.74185461,-0.67875266,-0.25317705,0.042045675,0.061758913,0.11917142,0.29757762,0.14094032,-0.15352416,-1.1480212,-1.4346821,-0.6460585,0.24090543,0.57396096,0.22195016,-0.34824759,-0.32809815,0.098455459,1.3720505,-0.004395537,0.03203024,-0.40335271,-0.29583165,0.90631646,0.12384947,0.20232667,0.83301604,-0.050994337,-1.9943857,-0.053718522,0.44600052,0.040962316,-0.0538553,-0.80381525,0.11307096,-1.382421,0.31418228,-1.2668833,0.6970036,0.031355873,-0.76444203,0.054852117,0.080059096,0.64512396,-0.18683521,0.003177226,-2.3929276,0.30137262,-0.45577237,-0.061308283,-0.12822962,0.23906794,0.61052907,0.0851909,-0.25413615,0.42977262,-1.3587344,-0.72110033,-0.2081975,0.36182085,-0.45407984,0.017546937,0.21051081,0.39700517,-0.01865948,0.52686554,0.39127234,0.7438798,-0.77719432,-0.24424897,0.59093136,0.082820192,0.23439717,-0.070075341,-0.30548504,-1.0065151,-0.43341222,0.060322382,-0.31554756,0.4168711,1.0610893,0.38465503,-0.41786087,0.15296896,-0.36272645,0.60250521,0.46469948,-0.41662273,0.084244378,1.3992066,0.1307577,0.094595037,-0.92507452,-0.16734418,-1.8301436,1.1057323,-1.2623534,-0.36397696,-0.095691726,-1.3407633,-0.13322121,0.16467771,-0.028090417,0.47114211,0.43387133,0.33977968,-1.6564269,0.80499595,0.033086136,1.0507305,0.016974729,-0.94460446,0.005953223,-0.76864874,0.49998447,0.20016544,-0.80256295,0.37861019,-1.6788406,-1.6885579,-1.2985278,-0.31514195,0.43183219,0.14313486,0.20455414,-0.88140041,0.57850945,-1.2211146,-0.12692617,0.29077479,-1.1283091,0.041043658,0.036701605,0.54182655,0.007458266,0.34263059,0.017251659,0.40803674,0.039943233,0.91224092,-0.043170072,-0.16803862,-0.74156511,0.34284645,0.95922387,-0.64423794,0.56374305,0.45946127,0.54556471,-0.60764515,0.62961006,0.29161167,-1.0092235,-0.44611356,0.0693997,0.21140197,0.18755211,0.78328633,-0.28401279,-0.51642215,-0.42517161,-0.067028724,0.51334989,-0.21455769,0.07263454,-0.26007488,0.14968491,1.1095986,-0.99281424,0.14854941,0.25027469,-0.56574196,-0.036652327,-0.13445707,-1.2200933,-1.7727557,-0.15520224,0.52222818,0.19122779,-0.3022235,0.820086,0.21193299,0.427035,0.21295609,-0.18178636,-0.45155191,0.13967901,0.07457751,-0.1648623,-0.43528262,0.17852201,0.14858373,1.086414,-1.4867014,-0.10368112,1.393057,1.4224451,0.41770589,-1.1121778,-0.2830995,-0.48026481,-0.12392074,0.094031006,0.47599879,0.83963007,0.76433414,0.29909638,0.25247782,0.18478179,0.65907824,0.59889507,0.89154947,-0.7834242,0.25270092,0.25985926,0.076356187,-0.27761501,-0.19268003,-1.4943945,0.26480538,0.04906546,-0.35846868,-0.11248141,0.37869424,0.196155,-0.7003758,0.29246673,-0.19695756,-0.026093341,-0.23022461,0.58769143,0.92097867,0.2020575,0.022365488,0.58937365,-0.077785119,0.000387079,-0.98848373,0.29207593,-0.52256823,0.07311289,0.67301297,-0.90065718,-0.39468238,0.39846951,0.44440892,-0.59581017,-1.0573856,0.56182373,-0.55190355,-0.003402803,-1.3864238,0.29831219,-0.16741894,-0.31553078,-0.45917097,0.89290154,0.37705749,-1.7782427,-1.1060964,-0.32712352,0.056282606,0.26416776,0.009749774,0.00774828,0.47312737,0.1603439,-0.15099071,0.25241974,0.23654851,0.38583705,-0.069138095,0.088756926,0.15445499,-1.386593,-0.02017016,0.46105492,0.014299332,0.15631805,0.63150638,0.79815376,-0.37519735,-0.79005641,-0.37910262,-0.11269434,-1.6572291,0.27498421,0.26933134,0.36278346,-0.67845303,-1.2974585,0.24325579,-0.53291094,0.025555015,0.1009435,-0.037864666,0.70738077,0.097681031,0.2913262,0.4606114,-0.007295925,-0.22339815,-0.35125795,-1.9345382,-0.69697839,-0.91562074,0.092498958,-0.92643827,0.2149215,-0.13961619,-0.2802918,0.025578119,0
0.5633117,0.2813988,0.25718752,0.54847395,0.54727405,0.5510236,0.53809273,0.5415085,0.55970085,0.55504519,0.55328882,0.54130352,0.54946303,0.53987634,0.55442488,0.52769047,0.56334418,0.57133865,0.5511874,0.54755384,0.52843297,0.54980028,0.54460144,0.55087495,0.55789596,0.53345925,0.54754055,0.51781708,0.5518651,0.55655485,0.54261172,0.55107856,0.5422889,0.55074298,0.55807972,0.54158199,0.55021584,0.56846404,0.54045391,0.53632236,-0.79445326,0.22693351,0.25645065,0.38118041,1.0709561,1.5053295,1.1087523,0.57120728,0.67595279,1.4144204,1.1951712,1.0139172,0.26874754,-0.16967982,-0.14006476,-0.30788177,0.4510169,0.25311854,0.32606077,0.27076527,-0.79257017,0.016599311,-0.43830475,0.34882906,-0.72938132,-0.08390148,-0.16963796,0.54307371,0.15642159,1.3135188,-0.17246349,0.22834992,-0.98837328,-0.13823351,0.007037643,0.78834891,-0.90283263,0.48429,0.24539448,-0.73207611,-0.093925759,-0.87132221,-0.43604252,0.37666345,0.69748437,0.64721787,-0.012163571,-1.3463501,0.64046174,0.11493326,-0.89081168,0.59992814,0.07932999,0.05844469,0.64010483,-0.005418666,0.34861469,-0.33385372,0.073371984,0.41776282,-0.56328279,-0.97401619,0.097534694,0.4196825,-0.2734614,0.19826935,-0.03161297,-0.13552025,-0.20975815,-0.26177353,0.44204867,0.7700057,-0.19633374,-0.25101149,-0.40455568,0.16482079,0.43881324,-0.79493457,0.31966561,-1.1632695,-0.33403096,-1.5211023,-0.81369537,-0.035416644,-0.41606706,0.16710834,-0.37825635,0.10915931,-0.10033112,-0.052206919,-0.5621053,-0.34359092,-0.08033739,-0.91731876,-0.14758049,-0.18613899,0.13954282,0.27912453,-0.37849534,-1.294596,0.24778801,0.37350526,0.67965174,-0.089695729,0.5091635,0.33750778,0.060973309,-0.49738061,-0.23664665,0.23748446,-0.4756268,-0.17539793,0.32638803,-0.18250141,-0.65378165,-0.038647711,-0.54811013,-0.58652222,0.2063064,-0.28371501,0.048615765,-0.57620341,0.65788519,0.5622524,0.044150762,0.01089845,-1.4746984,0.60929304,-0.041219693,-0.11725853,-0.072941139,-0.4950147,0.0137455,-0.12463214,-0.54839212,0.73733401,-0.65377176,0.11139356,0.39238733,-1.5563691,-0.090575963,0.25602627,-0.13975377,-0.48832563,-0.76714456,0.47749072,0.14895156,0.25701028,0.61760408,-0.63263673,-0.29570061,0.062284846,0.000938775,0.14462873,0.32723963,0.18195851,-0.1208747,-1.0642606,-1.3523661,-0.65654945,0.21679766,0.61232251,0.2855784,-0.39072618,-0.33022261,0.076256387,1.1485201,-0.082910463,0.015173429,-0.36368334,-0.29450557,0.89993519,0.097448163,0.24384896,0.74666345,-0.065614879,-2.1307878,-0.11399288,0.40593439,0.017561402,-0.023492966,-0.67585552,0.12417474,-1.3278639,0.23533285,-1.1586598,0.39743397,0.058032066,-0.74202788,0.043741144,0.29785869,0.40495038,-0.26216853,-0.38009766,-2.3198011,0.26343358,-0.46320346,-0.034212057,-0.17397767,0.11264004,0.39887369,0.097826064,-0.25671536,0.53242588,-1.2638628,-0.7206642,-0.25493282,0.39654651,-0.34726375,0.081050083,0.1845953,0.38350463,-0.000446331,0.49583054,0.32782313,0.71035051,-0.77033103,-0.25491062,0.43330854,-0.002536068,0.22000781,-0.10360236,-0.26049042,-0.95210892,-0.44352567,0.1034365,-0.31809902,0.46683571,0.96560574,0.34794748,-0.39004013,0.17581443,-0.29535168,0.58516973,0.46169144,-0.3733882,0.091037855,1.4543805,0.15807204,0.2102485,-0.88531405,-0.14189741,-1.7649697,0.93524325,-1.2270619,-0.32797205,-0.23301642,-1.3054218,-0.096745849,0.11368104,0.060707413,0.46032324,0.45423028,0.18889667,-1.550138,0.62024331,-0.24407953,1.0044123,0.052452289,-0.91914159,-0.030768193,-0.67669415,0.49086571,0.23674382,-0.83444989,0.36240333,-1.5191126,-1.6276579,-1.0613475,-0.25573671,0.4078325,0.18105742,0.23478024,-0.7499935,0.58454615,-1.1772755,-0.16597068,0.28435761,-1.037418,0.097767286,0.079790473,0.47525924,0.021728296,0.34362954,0.021278348,0.39147389,0.027740508,0.53087437,-0.048945412,-0.10697883,-0.5809747,0.2790606,0.97534955,-0.51014924,0.55050498,0.43420923,0.57973057,-0.58185571,0.6246869,0.36396256,-0.85127234,-0.47971481,0.073617689,0.1493502,0.17849943,0.69999975,-0.28328827,-0.51727277,-0.46249241,-0.021349188,0.58340013,-0.18361858,0.11358962,-0.24296659,0.18363775,0.96848732,-0.96755952,0.15703331,0.24901456,-0.51412332,-0.035556234,-0.19274186,-1.171564,-1.7145309,-0.18559508,0.51685387,0.15233186,-0.30610782,0.66768962,0.19691449,0.41941062,0.22559531,-0.14514506,-0.34994438,0.20561369,0.09968438,-0.1598379,-0.67496264,0.19102517,0.18659891,1.0485345,-1.4113413,-0.045958098,1.3172187,1.4174933,0.3274413,-1.0131959,-0.28258288,-0.34083855,-0.18252583,0.034963794,0.29989123,0.66707641,0.71194702,0.33575529,0.098861791,0.19804586,0.64561576,0.63527352,0.89239001,-0.7351771,0.32935366,0.17110242,0.14465457,-0.31193522,-0.18506601,-1.4017198,0.28960809,0.060183078,-0.35215974,-0.081962764,0.23686421,0.2288779,-0.66873449,0.19479701,-0.17737631,-0.15107635,-0.10963447,0.38314977,0.93817353,0.25762808,-0.024821587,0.57868302,-0.059986956,-0.1444822,-0.89714378,0.22293983,-0.54373366,0.1751097,0.68772119,-0.86399209,-0.33056331,0.36651275,0.40312949,-0.55576086,-0.94761509,0.44472301,-0.58668357,-0.059973121,-1.1579853,0.28740579,-0.12723601,-0.32596952,-0.38495064,0.80811274,0.4679811,-1.6455939,-1.1041164,-0.29418498,0.0596807,0.22572698,-0.0389589,0.051285625,0.38800806,0.19692141,-0.14306159,0.21122284,0.28612286,0.39201081,-0.091318652,-0.14949659,0.18764426,-1.3383775,-0.086199529,0.35677895,0.057902317,0.17786199,0.53774559,0.85531771,-0.32715884,-0.70269454,-0.34695727,0.11339054,-1.5387501,0.28146449,0.2917186,0.30078679,-0.59477234,-1.1855824,0.18733537,-0.55868483,0.10130981,-0.026239172,-0.087395795,0.3494727,0.15442574,0.23739247,0.38946548,0.014792889,-0.27602458,-0.28162903,-1.8854219,-0.65040797,-0.79410678,-0.047723919,-0.81361854,0.22685398,-0.17790738,-0.2767452,0.04508898,0
0.43790141,0.18884428,0.1794071,0.43233535,0.43298221,0.44758335,0.42387146,0.41916296,0.43229473,0.42456001,0.43679011,0.4309527,0.43337291,0.41249776,0.43382934,0.42005661,0.41816089,0.45282021,0.44322747,0.41226542,0.41909409,0.43347585,0.42827243,0.41896644,0.42500073,0.42103094,0.42631155,0.41935128,0.42206708,0.42463768,0.41668722,0.4307569,0.4138898,0.40397906,0.4240483,0.4007141,0.40487912,0.43367463,0.41029263,0.39809957,-0.72699714,0.17260832,0.27713507,0.32618842,1.2308675,1.6055769,1.1910069,0.60559368,0.73122847,1.5389103,1.3243859,1.1010122,0.25301051,-0.17006281,-0.057370279,-0.22291818,0.51248294,0.28509063,0.33485696,0.24413434,-0.45251366,0.044883415,-0.39504048,0.35446304,-0.79047358,-0.064204618,-0.18363398,0.62409687,0.21023734,1.4223002,-0.17561592,0.20371175,-1.0232146,-0.17848843,0.036888041,0.69135958,-0.87121129,0.46596715,0.26122293,-0.74030399,-0.080740295,-0.97431576,-0.49923673,0.31625658,0.6783219,0.58354604,0.007077375,-1.4251884,0.6207329,0.12792319,-0.88925457,0.67173135,0.079776227,-0.053699087,0.55400956,-0.072923958,0.30713257,-0.44526482,0.19253623,0.43419898,-0.58216679,-1.0254844,0.067251466,0.42424494,-0.32989851,0.16924256,0.020519199,-0.15653752,-0.19482368,-0.31277722,0.42385143,0.89390433,-0.11997848,-0.56660855,-0.4340775,0.16581982,0.43696737,-0.93196338,0.31566003,-1.1854901,-0.31382748,-1.65768,-0.95106196,-0.026596239,-0.38632295,0.30380082,-0.34565273,0.17672357,-0.11060504,-0.20496191,-0.61440206,-0.34126249,0.08061707,-0.92878467,-0.14265044,-0.19095153,0.21384016,0.12780148,-0.39167109,-1.3870279,0.38649428,0.34031138,0.70422602,-0.090614274,0.47818789,0.26342356,0.079577468,-0.50730503,-0.2321503,0.19831468,-0.41839266,-0.1857118,0.31420657,-0.22498254,-0.72007644,-0.070811585,-0.57384616,-0.50751823,0.24240522,-0.27845827,0.027049871,-0.48225176,0.66238791,0.45845324,0.054532941,-0.056216478,-1.6318843,0.630566,-0.074542075,-0.18160701,-0.0801135,-0.51221681,-0.031677485,-0.11466757,-0.55585265,0.82916951,-0.50147676,0.1030503,0.42381972,-1.403391,-0.11139357,0.31898972,-0.11856364,-0.42934403,-0.84820485,0.55403864,0.16304231,0.365742,0.76844299,-0.53635013,-0.26922542,0.099952981,-0.06722334,0.21436562,0.28440714,0.22251761,-0.14611435,-1.117764,-1.4539803,-0.65325356,0.23637003,0.60800081,0.22277822,-0.38035405,-0.23717485,0.12043519,1.3315461,-0.14553565,0.015053211,-0.40227446,-0.23234574,1.0224522,0.092728861,0.22255281,0.90000439,-0.061610729,-2.1296556,-0.094518632,0.46807027,0.026160352,0.10489504,-0.75326943,0.19987316,-1.4095577,0.3237831,-1.2051722,0.41717723,0.063094497,-0.73330921,0.0729516,0.18202576,0.49584725,-0.23153257,-0.23751546,-2.4695926,0.30344737,-0.50977415,-0.051705249,-0.19592439,0.072420508,0.52841693,0.14034854,-0.20252633,0.6467973,-1.3801343,-0.75075489,-0.35986918,0.34225613,-0.46962038,0.16123742,0.13684256,0.35508597,0.008935131,0.51931298,0.42473114,0.77819276,-0.80567956,-0.23389907,0.46719307,-0.003565224,0.26063102,-0.062633768,-0.21196529,-1.0133115,-0.47757614,0.06584274,-0.2909438,0.4190509,1.0794306,0.31248203,-0.41070452,0.1585291,-0.32266203,0.68534648,0.45812419,-0.3538298,0.12833297,1.4932209,0.067406632,0.1534902,-0.99719882,-0.10877726,-1.8309739,1.0561017,-1.2478203,-0.32847041,-0.25844195,-1.4403269,-0.069583222,0.19294262,0.15642621,0.38727373,0.43769747,0.26362833,-1.6494178,0.78501683,0.048137389,1.0755823,0.076193258,-0.93202823,0.014217377,-0.69932818,0.52606332,0.37642747,-0.77399999,0.33667824,-1.6081564,-1.7135993,-1.2278886,-0.3584998,0.36480889,0.22694978,0.24791597,-0.84093088,0.590554,-1.2128304,-0.14532019,0.18172351,-1.0326601,0.042929765,0.017448628,0.47781911,-0.060037076,0.31231782,0.02530632,0.53237087,0.066876836,0.75439745,-0.065895058,-0.12478317,-0.56749177,0.32510483,1.0290222,-0.55371481,0.52153027,0.43109015,0.59309614,-0.63334888,0.58880293,0.55475593,-0.93601835,-0.43194053,0.087509558,0.14988016,0.25869754,0.70381403,-0.29802269,-0.47153637,-0.44015342,-0.041816339,0.51477247,-0.034377158,0.14002694,-0.26303872,0.20522723,1.0507387,-1.0004004,0.12503597,0.25187057,-0.57305682,-0.043204311,-0.28529102,-1.2308078,-1.7345328,-0.15703596,0.4837144,0.14506289,-0.32930115,0.72151202,0.18967524,0.45079893,0.19653305,-0.20111252,-0.32167411,0.13987362,0.063886762,-0.16414237,-0.59334612,0.18379447,0.2715255,1.0794983,-1.4167352,-0.1694525,1.4715712,1.4399391,0.37354276,-1.0964782,-0.26964206,-0.4869467,-0.08739835,0.036697667,0.43532866,0.76707512,0.90353048,0.34274867,0.16203552,0.17457493,0.58949018,0.73738283,0.96239793,-0.74395961,0.27840275,0.25830773,0.14657669,-0.2696647,-0.1892398,-1.5192981,0.25301045,0.080909334,-0.33534187,-0.11784743,0.27003476,0.1168713,-0.43546772,0.22388721,-0.20020087,-0.015880272,-0.12278983,0.54766071,1.0808208,0.22872241,0.022440363,0.61315411,-0.1556417,-0.016340312,-0.99459046,0.22626798,-0.52971405,0.2036704,0.74454045,-0.87444246,-0.40103203,0.30554402,0.4028613,-0.60739118,-0.97363526,0.5612312,-0.47492138,-0.042653024,-1.2218571,0.29289573,-0.069398962,-0.31862557,-0.37915197,0.83495224,0.49096531,-1.6596705,-1.1117702,-0.29416892,0.058770146,0.22697464,0.001460102,0.020642001,0.42648622,0.15406497,-0.14309011,0.21905068,0.28779846,0.40878087,-0.16023436,-0.00494916,0.11165591,-1.3544323,-0.017363325,0.40159807,0.031460498,0.21530047,0.58839315,0.69144213,-0.31590372,-0.75510263,-0.33484077,0.092539519,-1.6728388,0.25127715,0.31650341,0.2966378,-0.62007803,-1.2614096,0.24834558,-0.59924233,0.029820696,0.032127269,-0.10604733,0.57653952,0.22781734,0.30330601,0.56880331,-0.030122006,-0.24466398,-0.33118948,-1.9894929,-0.67671919,-0.887896,-0.087331444,-0.82909894,0.14968652,-0.14811221,-0.30297768,0.033701669,0
0.45589116,0.20570359,0.18534699,0.43784833,0.43254486,0.45473132,0.43064365,0.39872468,0.43189761,0.43352902,0.42414665,0.4224034,0.41002682,0.4066416,0.44032499,0.41659203,0.41602197,0.4583244,0.44246966,0.40719086,0.42906225,0.42450011,0.42536482,0.41530281,0.43138725,0.43077967,0.44886023,0.42532051,0.43173403,0.43810877,0.43244484,0.43619913,0.41860378,0.42281979,0.42770514,0.40490228,0.40456071,0.42908117,0.4122299,0.42705089,-0.84777278,0.17346051,0.41025597,0.48952568,1.1819404,1.6605802,1.322956,0.74781692,0.86459529,1.6099451,1.3513572,1.2057137,0.37495661,-0.17284453,-0.12582193,-0.31862149,0.56824249,0.30368593,0.3448562,0.27731997,-0.75653899,-0.017704839,-0.50160122,0.41737521,-0.49180126,-0.11794172,-0.20398276,0.61714023,0.16566689,1.4431183,-0.1981968,0.22277763,-1.1002938,-0.21807012,-0.020828299,0.80690795,-0.91624957,0.59986901,0.2324263,-0.85804343,-0.12520939,-1.1668538,-0.53445303,0.40789759,0.7922017,0.71746558,0.017409381,-1.5620675,0.75752354,0.13630947,-0.98342454,0.4697476,0.0701821,0.17968503,0.63187546,-0.088959455,0.37560007,-0.32273218,0.073886737,0.54542041,-0.60354537,-1.0567956,0.06159931,0.45161849,-0.31967807,0.1858948,0.074266598,-0.21185055,-0.000760064,-0.27754012,0.41013855,0.79135859,-0.17906415,-0.40089425,-0.43903169,-0.065090001,0.47807387,-1.002197,0.38828862,-0.97901493,-0.35972655,-1.7631648,-1.0092664,0.010000911,-0.4814055,0.25740308,-0.46820998,0.065623574,-0.080773994,-0.1671413,-0.81025332,-0.48107541,0.4482004,-1.0220602,-0.20231771,-0.087338895,0.11637185,0.30680323,-0.44314638,-1.5951936,0.74886924,0.44114771,0.78007627,-0.17535339,0.54995275,0.32963148,0.019576319,-0.11912739,-0.21096715,0.27673468,-0.47818354,-0.087824173,0.34917414,-0.21912698,-0.68343645,-0.000274248,-0.58370095,-0.56141138,0.2564635,-0.35146892,0.058913872,-0.64971709,0.67550361,0.60805893,0.18273564,0.029489525,-1.6167486,0.72216803,0.017022267,-0.16969752,-0.055110253,-0.51794964,0.082396716,-0.15503606,-0.63661009,1.0442796,-0.67236233,0.11481991,0.44636872,-1.3812971,-0.10285337,0.2523399,-0.096530274,-0.42799085,-0.94835865,0.51784766,0.18251637,0.46107915,0.73887283,-0.72352409,-0.26891106,0.036347196,0.014914604,0.18772098,0.41033739,0.11417544,-0.06521605,-1.1722506,-1.6616644,-0.64398801,0.22461806,0.55518001,0.23130941,-0.40280971,-0.31091425,0.089133956,1.1973644,-0.085671306,0.045171939,-0.34265643,-0.23984475,0.96399719,0.15226942,0.24221042,1.0923126,-0.11457518,-2.1782722,-0.1143612,0.77453589,0.033334348,-0.055961348,-0.73201048,0.089170337,-1.4027029,0.31998658,-1.2138228,0.26612073,0.10599916,-0.87614119,0.045700025,0.31046802,0.48545641,-0.2336795,-0.032563701,-2.4704251,0.30374053,-0.55138218,-0.014691282,-0.1486095,0.1661083,0.39875931,0.071494654,-0.17583063,0.51595783,-1.4766774,-0.84479934,-0.23571546,0.61521399,-0.37722695,0.038265176,0.21381396,0.41690916,-0.005991088,0.58132857,0.39448082,0.79690576,-0.91972733,-0.2985245,0.87944651,-0.027482631,0.17517947,-0.083994783,-0.24672936,-1.1785359,-0.4537681,0.10306302,-0.36471936,0.43548462,1.2365264,0.37208387,-0.43294972,0.17482191,-0.32903999,0.53086191,0.59502536,-0.41866741,0.091880888,1.5200092,0.10649017,0.12698044,-0.99046487,-0.14432847,-1.8882245,0.98720527,-1.3846384,-0.29273352,-0.11608358,-1.387694,-0.23057792,0.098596714,0.21035472,0.91580129,0.50670749,0.37606046,-1.7050301,0.76620203,0.035519719,1.2737365,-0.00274558,-1.1449184,-0.070135683,-0.86606777,0.49429339,0.2151442,-0.8218531,0.39701137,-1.7146087,-1.6003076,-1.3487973,-0.39270106,0.42982307,0.72706223,0.22235809,-0.8372345,0.73919988,-1.2696722,-0.18082225,0.24581091,-1.1506773,0.038740035,0.049010914,0.45824975,0.10583195,0.42730361,-0.017430719,0.41923025,0.041617319,0.5193873,-0.035262175,-0.1585758,-0.99577904,0.40285221,1.0503408,-0.55014408,0.55312425,0.47089395,0.54515666,-0.68030459,0.80030763,0.36051935,-1.0082161,-0.57291692,0.081135258,0.15529753,0.1895804,0.84968269,-0.30855325,-0.4401181,-0.45697755,-0.038269863,0.5965814,-0.21824148,0.112078,-0.31295076,0.1654485,1.4142663,-0.91965622,0.12657164,0.27060992,-0.64586532,-0.013703504,-0.049648479,-1.3335868,-1.877036,-0.29738903,0.55190849,0.092342198,-0.32211921,0.72822905,0.20209299,0.42682603,0.26328379,-0.16966227,-0.45677724,0.19547707,0.080218032,-0.14994565,-0.37395871,0.21371193,0.17438811,1.1993134,-1.6218424,-0.015989654,1.3824041,1.5087506,0.52260214,-1.2249327,-0.35349631,-0.50008911,-0.19349858,0.14859985,0.34494352,0.81082469,0.80720103,0.41271156,0.24014628,0.22883144,1.0364093,0.66244406,1.11169,-0.78820515,0.34832734,0.31274331,0.092129394,-0.38510579,-0.17746407,-1.5274539,0.28878394,0.002823226,-0.34864029,-0.13027516,0.5615018,0.20390898,-0.7094968,0.26277897,-0.27421334,0.23906139,-0.10492563,0.81244189,0.99210685,0.24893063,0.002957265,0.5775317,-0.086310238,0.040947139,-1.081826,0.30077732,-0.63469499,0.14050551,0.72690731,-0.7051779,-0.36631712,0.35692117,0.40447295,-0.60541403,-1.0114751,0.701671,-0.61104602,-0.089904398,-1.4812671,0.26289198,-0.19161342,-0.46356735,-0.44307774,1.0823019,0.43497667,-1.6948462,-1.0880941,-0.37075531,0.006970005,0.26160866,-0.090233356,-0.007709367,0.46425739,0.20945357,-0.20663275,0.22438146,0.30089739,0.40586862,-0.12415294,-0.24122015,0.22779731,-1.4459187,-0.003161883,0.47528455,0.068294615,0.16738704,0.56154805,1.025347,-0.32817635,-0.76379561,-0.35927361,0.37119853,-1.8256834,0.33889312,0.28742456,0.34284469,-0.71937615,-1.2186645,0.28588283,-0.48871225,0.087037265,0.015365954,-0.070881702,0.34876633,0.13995522,0.31426111,0.44280091,0.052511245,-0.15911311,-0.33910811,-2.0922174,-0.64877766,-0.9545598,0.028981645,-0.885993,0.21012418,-0.13263136,-0.32737109,0.033122629,0
0.45741981,0.19562554,0.17001437,0.44050407,0.43050689,0.4455362,0.43296301,0.43191785,0.43533427,0.43954694,0.43398046,0.43310362,0.43218851,0.42773396,0.44875258,0.43579859,0.43883705,0.46026945,0.44787353,0.44180882,0.43212497,0.44165039,0.43744892,0.4409579,0.43725476,0.4363625,0.43292922,0.4217546,0.44144249,0.43991983,0.43816334,0.44003609,0.43136644,0.43335736,0.43485695,0.42184237,0.42313787,0.44614089,0.41550606,0.4281339,-0.78747702,0.1537905,0.45009029,0.50900853,1.3270749,1.6218095,1.3978757,0.80119431,0.9180668,1.6771746,1.436024,1.27101,0.42719221,-0.19357868,-0.17246835,-0.32488808,0.71779364,0.40314102,0.38815135,0.30361438,-0.75712615,-0.027239082,-0.40447241,0.44167006,-0.80099624,-0.073541872,-0.21880572,0.52790517,0.15176851,1.2132525,-0.21381326,0.23475745,-1.0726075,-0.17061056,-0.028274577,1.0479921,-0.97483462,0.68388498,0.33742628,-0.81192827,-0.12799162,-0.95615381,-0.49652466,0.41883612,0.92446631,0.60795969,-0.040090542,-1.4583192,0.60008836,0.092520177,-0.96006745,0.76800662,0.082797468,-0.041111559,0.50482279,-0.071243539,0.30721825,-0.38330916,0.091128454,0.60249877,-0.65957534,-0.97328508,0.007229928,0.49414122,-0.27992749,0.17776132,0.047461059,-0.17644703,-0.013536878,-0.26461431,0.33817178,0.8565014,-0.1507322,-0.3446424,-0.32332608,0.12133943,0.40669695,-0.92492419,0.38033432,-1.0407724,-0.35076749,-1.6646309,-0.94257349,0.006856604,-0.40875125,0.34283957,-0.40025449,0.022384316,-0.056604717,-0.21292481,-0.74798882,-0.41490293,-0.036357895,-0.96393836,-0.018314362,-0.12706156,0.17957535,0.085402384,-0.39868814,-1.4024813,0.26470649,0.43531275,0.74003708,-0.12714544,0.54547572,0.29688331,0.000954762,-0.50938678,-0.20204183,0.27271193,-0.39071175,-0.16266724,0.43066823,-0.18214531,-0.69639254,-0.025125694,-0.61713725,-0.46039066,0.25483972,-0.24864832,0.070373945,-0.59693509,0.54447061,0.53089672,0.12739594,0.03308998,-1.549467,0.67072535,-0.090062961,-0.12241237,-0.10726508,-0.54288,0.052913375,-0.1180734,-0.56041658,0.88400519,-0.58263987,0.12974545,0.43568888,-1.4977648,-0.081197292,0.29374808,-0.11608079,-0.52508473,-0.78980887,0.54355276,0.14833176,0.16604385,0.76145548,-0.63543195,-0.26467231,0.039678618,0.00560218,0.1762788,0.2739391,0.17989108,-0.082609944,-1.1566933,-1.5357171,-0.67037785,0.23840073,0.66160536,0.23429923,-0.41918248,-0.36709613,0.073254116,1.2152472,-0.13748953,0.099707931,-0.33652237,-0.27524599,1.1104578,0.18725155,0.25531742,1.1016989,-0.16540515,-2.0741127,-0.09300451,0.47731102,-0.027452914,-0.13124201,-0.75283039,0.13656977,-1.3944645,0.32999098,-1.2178801,0.48719966,0.04696361,-0.76925975,0.11044946,0.30071133,0.45453548,-0.18118589,-0.47794557,-2.4445002,0.36317074,-0.57421249,0.001090609,-0.14872882,0.080425471,0.47039777,0.066147462,-0.18409029,0.57532692,-1.3491614,-0.65260494,-0.37503469,0.36256322,-0.47569495,0.15329541,0.21457435,0.45262688,0.015054122,0.49178296,0.47003391,0.69159263,-0.68294394,-0.26198882,0.41087842,-0.10830454,0.22240257,-0.091722578,-0.28290337,-1.0313935,-0.44783345,0.094587512,-0.27622232,0.29524788,1.1210574,0.38970065,-0.38384923,0.17770423,-0.29967391,0.57872361,0.56409317,-0.35392699,0.075788148,1.4950037,0.13255084,0.16419315,-0.96977246,-0.17717561,-1.8493016,1.0210586,-1.2307156,-0.33607537,-0.20410816,-1.3430567,-0.050212122,0.098046459,0.17313707,0.4682526,0.29475856,0.23143306,-1.7128654,0.77967358,0.039803203,0.99329805,0.054129221,-0.91049337,-0.002022773,-0.72794485,0.54823518,0.13279235,-0.81547368,0.31697214,-1.7182753,-1.5964086,-1.2129241,-0.35647374,0.37846476,0.40896964,0.26846245,-0.85523206,0.75024211,-1.1844589,-0.049354352,0.26536602,-1.1248451,-0.025783183,0.037791502,0.47645578,0.027279904,0.35963634,-0.059567727,0.39510784,0.058017358,0.60407257,0.11909574,-0.15094557,-0.80401003,0.43400493,0.99675834,-0.55017322,0.48805353,0.48583677,0.57996422,-0.64237213,0.60195243,0.46512049,-0.90047079,-0.5531742,0.11654516,0.1689093,0.21378005,0.83627826,-0.34160745,-0.49014786,-0.43890092,-0.036974058,0.39193285,-0.20030604,0.015719842,-0.32175741,0.17766429,1.0640303,-1.014201,0.13260502,0.26693994,-0.59032881,-0.028282363,-0.25369808,-1.3093038,-1.7376837,-0.20696977,0.62637883,0.099771239,-0.36705983,0.84141046,0.10800409,0.47071347,0.27115089,-0.1805345,-0.49177116,0.25029886,0.052876551,-0.1635267,-0.56608051,0.17232819,0.24773119,1.1393611,-1.5234458,-0.065265544,1.4912285,1.4189051,-0.12735483,-1.1773108,-0.29165608,-0.60217142,-0.14849421,0.11793225,0.38062149,0.69517815,0.89145643,0.30983904,0.15616746,0.19177428,0.69867027,0.65677309,1.0869743,-0.74140906,0.1433015,0.27803344,0.23031101,-0.33578187,-0.20361054,-1.5600176,0.35648525,0.025281353,-0.32838124,-0.10996491,0.16446163,0.14498553,-0.73510826,0.33093208,-0.22844531,-0.15779413,-0.11189654,0.3970409,1.1142156,0.31581914,0.065943889,0.56135017,-0.077817909,-0.028362447,-1.0049694,0.27234679,-0.59609127,0.14053786,0.67136484,-0.84479791,-0.42676294,0.33662069,0.34257349,-0.59873313,-0.96485853,0.67322224,-0.56600523,-0.033111386,-1.2696065,0.26176053,-0.12307378,-0.42949146,-0.49361673,0.83489215,0.46564436,-1.7495617,-1.065938,-0.34250957,-0.019959945,0.23331994,-0.009855604,0.041784011,0.47914869,0.22887559,-0.1646145,0.16693264,0.32595813,0.3778033,-0.037576921,-0.083110861,0.17734802,-1.4190394,-0.044065159,0.34117222,0.045891307,0.1981543,0.51265258,0.79200238,-0.38263327,-0.74077493,-0.3942886,-0.065847032,-1.6403331,0.30298075,0.24094981,0.37616685,-0.65383297,-1.2953284,0.24783236,-0.59150702,0.059844583,-0.043073475,-0.031072468,0.40159804,0.16356263,0.33898431,0.49188012,-0.000322805,-0.14157099,-0.31872678,-1.9820849,-0.57430905,-0.89327449,0.02037777,-0.86766535,0.17488405,-0.22669977,-0.3235859,0.10292642,0
0.39189562,0.17065272,0.17056756,0.36619505,0.3514097,0.38929024,0.37021801,0.34233856,0.35949624,0.35267651,0.36100233,0.36117628,0.35630226,0.33485711,0.36458716,0.35091367,0.36339003,0.3813383,0.36065874,0.33964351,0.34602645,0.34620512,0.3422972,0.3481707,0.354682,0.33566657,0.35315302,0.3427718,0.35307598,0.34845519,0.34298477,0.34766275,0.33686861,0.33236408,0.33761588,0.31721225,0.32178766,0.33475694,0.32046425,0.32168096,-0.77587783,0.16418181,0.39353883,0.43366241,1.3218722,1.6892786,1.3078234,0.72153139,0.85831022,1.6528362,1.4072913,1.2038616,0.29364794,-0.19306014,0.053634152,-0.28844178,0.54130894,0.32162341,0.33400887,0.24377546,-0.69875783,0.018001843,-0.40516642,0.35288885,-0.64091879,-0.042297434,-0.1971266,0.7396397,0.17640834,1.3220637,-0.16014487,0.18793273,-1.0642688,-0.23550735,-0.003245387,0.78160107,-0.83136511,0.53847951,0.29350117,-0.8530302,-0.086993754,-1.0854222,-0.56242746,0.4686774,0.81100011,0.623487,0.030756755,-1.5529665,0.77033651,0.11816344,-0.97195542,0.53625095,0.090925306,0.085050002,0.7261492,0.040603876,0.3731156,-0.4865821,0.068221413,0.51578498,-0.48508993,-1.1078237,0.063468263,0.50147849,-0.35052869,0.19055486,-0.19932877,-0.13398929,-0.13367397,-0.32642809,0.50094491,0.92736024,-0.20660336,-0.45204717,-0.55504644,-0.057007402,0.64449912,-1.0748307,0.43236467,-0.85240734,-0.34479746,-1.7172641,-0.98696226,0.018989824,-0.38768256,0.23677154,-0.44713214,0.26645955,-0.1431729,-0.19290668,-0.68717712,-0.3981843,0.53226304,-1.0536582,-0.22722939,-0.18575622,0.15314578,0.30215549,-0.50596267,-1.5991325,0.74786747,0.37827086,0.86482704,-0.12959549,0.45388395,0.23386918,0.066673592,-0.19918354,-0.19510993,0.3694559,-0.37043995,-0.12538092,0.26083967,-0.31008685,-0.75766569,-0.1280777,-0.69223869,-0.81861198,0.28069779,-0.36755127,0.00677618,-0.40682948,0.68726492,0.60381693,-0.10124041,-0.088593788,-1.8752155,0.7510016,-0.025200147,-0.11515014,-0.018236164,-0.5474149,-0.12866035,-0.15138507,-0.59111822,1.055626,-0.68632108,0.12034032,0.54413891,-1.4987787,-0.19026433,0.40734273,-0.22502139,-0.48158273,-0.93902534,0.51126164,0.22409014,0.40994689,0.88562763,-0.63464701,-0.30850011,0.085571408,0.10797809,0.13960767,0.35051328,0.092727318,-0.013655975,-1.2564594,-1.6550882,-0.63173068,0.21503049,0.46568194,0.23214574,-0.47211567,-0.31578481,0.20106813,1.4449803,-0.087983467,0.013240586,-0.46415451,-0.22190435,1.0920568,0.088886395,0.24314415,2.5820277,-0.042191807,-2.4292598,-0.026323415,0.5172466,0.026865946,-0.13600475,-0.75107461,0.08915586,-1.5595984,0.28718725,-1.2312429,0.44848257,0.06531024,-0.81330186,0.023585454,0.20513308,0.64553964,-0.24750432,-0.13767081,-2.6049671,0.27619427,-0.6155048,-0.09300632,-0.27513593,0.30767,0.53945267,0.15994945,-0.072031766,0.61543238,-1.5780499,-0.83199072,0.46918595,0.46737558,-0.42473811,-0.020863801,0.18524477,0.34904498,0.03474446,0.52675343,0.34427834,0.80115145,-0.99969876,-0.34054089,0.57985026,-0.014450829,0.25328156,-0.17265126,-0.22260347,-1.1304293,-0.42701679,0.12922694,-0.44124982,0.48123866,1.2224261,0.3533465,-0.34319782,0.19953634,-0.34333891,0.53693789,0.65289104,-0.43732455,0.082281731,1.1784794,0.1281509,0.13680218,-0.95035726,-0.18529791,-1.9905177,0.95363533,-1.4732958,-0.32587808,-0.091354944,-1.3902719,-0.28588796,0.22708611,0.33057266,0.48050165,0.50953865,0.51372111,-1.7734234,1.0204469,0.079939581,1.1173192,0.044273298,-1.0442643,0.027314782,-0.82389867,0.62207013,0.17421037,-0.74286973,0.35153729,-1.8039064,-1.705382,-1.4226805,-0.38716984,0.40033206,0.6532228,0.21615341,-0.98180121,0.69248652,-1.3548909,-0.22508287,0.29980958,-1.1187021,-0.001548372,-0.030230727,0.50675386,0.14108762,0.43619111,-0.0295261,0.43352088,0.073120654,0.72057134,0.058339767,-0.16663174,-0.76522505,0.34775135,0.97777826,-0.6854558,0.67518395,0.46432975,0.5340932,-0.75803375,0.7392571,0.42047921,-1.1718346,-0.49739093,0.073788941,0.26696932,0.28030682,0.83002931,-0.3056843,-0.52151,-0.46060726,0.013456479,0.52613813,-0.17145856,0.026092086,-0.30374089,0.1435314,1.2359302,-1.0952644,0.12519006,0.26389775,-0.66159058,-0.057406016,-0.087662503,-1.4359617,-1.9439268,-0.24099213,0.50289398,0.16140571,-0.29740319,0.69883633,0.37872142,0.42624342,0.22326167,-0.069857433,-0.38609558,0.15809859,0.078407072,-0.21234551,-0.38987666,0.19717959,0.14632703,1.1971747,-1.6927526,-0.17406486,1.5158002,1.4343412,0.4980627,-1.2742578,-0.30210507,-0.33621544,-0.061586708,0.15029776,0.53763336,0.75785333,0.64951658,0.26774514,0.30176115,0.18612266,0.6937874,0.68195999,1.298719,-0.88750607,0.28543931,0.39171699,0.0987463,-0.35171688,-0.10908645,-1.5111598,0.27778301,0.071104199,-0.42713869,-0.19328937,0.32841781,0.13253747,-0.6464954,0.31859124,-0.19458874,-0.054804489,-0.1186691,0.75180411,1.0682909,0.2220031,0.014629014,0.62260765,-0.083037309,-0.13118577,-1.0502832,0.31056497,-0.54497039,0.48856702,0.86241281,-0.82376277,-0.44671872,0.31158179,0.4254604,-0.61648756,-1.0762455,0.69334507,-0.55674541,-0.030028971,-1.5718181,0.30083147,-0.099881642,-0.38373622,-0.55761707,1.0257457,0.4893322,-1.7820597,-1.2951114,-0.29550037,0.040267747,0.28770801,0.029045116,0.039464936,0.52458447,0.1547187,-0.15526477,0.13526177,0.28474227,0.43522614,-0.043529034,-0.065036982,0.21314417,-1.4766737,0.075196572,0.69193327,0.030124459,0.24083567,0.54551488,1.0983553,-0.38636449,-0.82390422,-0.41206491,0.11855512,-1.873161,0.35076916,0.26202109,0.37629294,-0.7909317,-1.2651012,0.31658882,-0.5887748,0.036026478,0.090855308,0.005965859,0.69633603,0.10877385,0.27322704,0.40629029,0.002281402,-0.21629164,-0.4194285,-2.072685,-0.79629415,-0.93190992,-0.037243027,-0.88275653,0.24516743,-0.034308493,-0.26674157,0.083421499,0
0.44086438,0.19754824,0.1724381,0.41059935,0.42257276,0.43402511,0.41836196,0.41347036,0.40883845,0.42205399,0.40954956,0.41872495,0.41537273,0.40225059,0.41549516,0.40623483,0.42476067,0.41465408,0.42484003,0.39878052,0.4133566,0.40955466,0.4054032,0.4119336,0.42807055,0.40696827,0.4176558,0.39620221,0.42009437,0.41333944,0.39915535,0.42634425,0.40392804,0.40195477,0.41060251,0.40404123,0.39274484,0.41282225,0.3865062,0.38907993,-0.84075886,0.16214457,0.39971441,0.50353938,1.1562483,1.6415665,1.2936219,0.72644722,0.84994936,1.5927833,1.3109033,1.1821476,0.34846729,-0.17397399,0.021566987,-0.33066356,0.6198867,0.33128697,0.38327295,0.29085371,-0.71134323,0.041967675,-0.49633437,0.4007099,-0.6950987,-0.13875964,-0.18617599,0.81891388,0.069054991,1.28187,-0.17416306,0.23795147,-1.0939302,-0.17430924,0.037687711,0.92483878,-0.85619473,0.59898168,0.25124452,-0.83086765,-0.073393278,-0.86721647,-0.53047967,0.51207936,0.86263984,0.72649658,0.006365085,-1.4686278,0.68483281,0.12434825,-0.91960478,0.48925006,0.054496907,0.19102594,0.57655418,-0.047389187,0.3213155,-0.3835656,0.060922585,0.56761235,-0.60686827,-1.0886277,0.029431313,0.53341895,-0.33061245,0.17205785,0.11163546,-0.18765776,-0.15746599,-0.25928229,0.40286833,0.81704223,-0.18810157,-0.51868081,-0.37285876,0.048558161,0.45373413,-0.93611443,0.38430157,-1.1098243,-0.36927,-1.7322381,-1.0399749,0.011745233,-0.45822647,0.26506037,-0.44681022,0.052131012,-0.07901071,-0.1786983,-0.60022718,-0.39855847,-0.012599677,-1.0929223,-0.16651037,-0.12050978,0.10637574,0.17621925,-0.41740561,-1.5068183,0.1398887,0.40245688,0.77818489,-0.23695034,0.55220997,0.3024686,0.031384576,-0.11246513,-0.27333528,0.2801984,-0.28015158,-0.12285079,0.3798455,-0.27704436,-0.72869706,-0.11056174,-0.54320729,-0.49598676,0.22186659,-0.30603883,0.041114677,-0.60933536,0.62328565,0.56643879,0.16006556,-0.004432481,-1.5221275,0.64273298,-0.090570942,-0.18386006,-0.005700681,-0.54873908,0.031574778,-0.13203607,-0.50439739,0.9442957,-0.67951465,0.13711773,0.42825216,-1.7519399,-0.091200754,0.14622115,-0.099743888,-0.49095052,-0.80894613,0.31661513,0.26766676,0.1866415,0.88456076,-0.68505639,-0.31647557,0.082649812,-0.007265085,0.14631711,0.32121179,0.11939231,-0.053811565,-1.2875834,-1.5076801,-0.66052902,0.22895008,0.67517155,0.21307316,-0.43452758,-0.3204205,0.054750681,1.2015485,-0.1502752,0.037867468,-0.37044847,-0.29145023,1.1127604,0.13473092,0.26700556,1.4226757,-0.1167139,-2.0891957,-0.069662116,0.55139756,-0.043989182,-0.090600573,-0.71933639,0.035818607,-1.4433813,0.23444042,-1.143096,0.34942043,0.047773514,-0.85992354,0.082622081,0.29800233,0.38281518,-0.10724441,-0.60537779,-2.4331014,0.29524025,-0.20177984,-0.05327059,-0.17828541,0.33072853,0.44345072,0.099702589,-0.17810784,0.55311447,-1.376693,-0.55549532,-0.039018959,0.37414414,-0.34094468,0.092895105,0.17968668,0.48497674,-0.011377387,0.51948643,0.41086107,0.64749712,-0.70006979,-0.28253421,0.48540083,-0.040046319,0.21499175,-0.12695907,-0.19333421,-1.1223677,-0.57178414,0.099851042,-0.21385345,0.50700164,1.1595166,0.37695742,-0.41173533,0.18369287,-0.35542935,0.77818406,0.49753833,-0.3788375,0.11361225,1.5107303,0.11452815,0.13157542,-0.94424576,-0.10043968,-1.8480334,0.9620949,-1.236691,-0.23083958,-0.18692191,-1.1541493,-0.19340697,0.13281497,0.17566401,0.52817893,0.47614264,0.25502473,-1.7019595,0.81576258,0.068653092,1.0407925,0.046530262,-0.98571873,-0.031989664,-0.89247596,0.4795669,0.22201158,-0.87443519,0.2657392,-1.6406641,-1.7599261,-1.2906295,-0.38032913,0.50317639,0.9280076,0.22534886,-0.83128452,0.6851359,-1.2397003,-0.18190932,0.22667922,-1.1788241,0.032534905,0.070497014,0.36001325,-0.003575783,0.32150972,0.050441086,0.40289837,0.0515798,0.46969607,0.001551587,-0.10890601,-0.6872685,0.42062563,0.95855743,-0.50377607,0.61042583,0.51925862,0.53111422,-0.66218835,0.69776505,0.44984549,-0.88143831,-0.57990015,0.064641401,0.16094041,0.1462594,0.82204372,-0.30627105,-0.52299649,-0.46703124,-0.022148777,0.61873215,-0.24472231,0.18869877,-0.3168411,0.15079884,1.0582585,-0.98692876,0.1556872,0.26088494,-0.56033987,-0.038232941,-0.045790002,-1.3125252,-1.7718751,-0.13750562,0.5360058,0.078477286,-0.27747786,0.64019507,0.10438525,0.54435688,0.25693664,-0.15589346,-0.54647601,0.20939803,0.1033462,0.085587665,-0.62628484,0.16368505,0.16111593,1.0709634,-1.5314046,-0.16017288,1.5267054,1.3340842,0.45250183,-1.1324239,-0.37740767,-0.33482674,-0.14660491,-0.05061892,0.35120362,0.77640122,0.81547147,0.35418245,0.084458008,0.21075606,0.85260326,0.59968472,1.1995571,-0.75519329,0.35165539,0.37934151,0.097811349,-0.39110076,-0.16521755,-1.4590592,0.31650752,0.008388042,-0.35762629,-0.1209137,0.44761029,0.15495171,-0.68895763,0.25047514,-0.23244473,0.23305473,-0.093527429,0.67241699,0.97772139,0.29470831,0.037815616,0.57611662,0.010766745,-0.043052204,-1.064322,0.23030442,-0.57713574,0.18134347,0.67930633,-0.70098758,-0.36223543,0.35480055,0.49039471,-0.61917442,-0.98076767,0.46130675,-0.4409011,0.019713568,-1.194077,0.34247193,-0.15907548,-0.46926507,-0.41934973,0.89406794,0.51275641,-1.7652323,-1.1556119,-0.33156222,0.020969942,0.27115721,-0.10204443,0.025256392,0.47099015,0.19485673,-0.19751833,0.22548342,0.25462902,0.37950122,-0.062208135,-0.28224027,0.18689214,-1.4550526,0.016712081,0.64896244,0.075145349,0.17478269,0.61296231,1.664547,-0.32482788,-0.74151659,-0.24629302,0.021895014,-1.5848362,0.26340717,0.27067634,0.41247141,-0.67561293,-1.1662608,0.17461281,-0.56704235,1.0553402,-0.022269912,-0.083241872,0.4885717,0.14080095,0.31872255,0.50757158,0.043612704,-0.19469433,-0.36044174,-2.0412421,-0.68762451,-0.84685618,0.016963627,-0.83912325,0.19021848,-0.23605222,-0.31826258,0.023944169,0
0.39820504,0.18137597,0.20076272,0.36283052,0.34906644,0.39421648,0.3702035,0.35121343,0.36496174,0.3588686,0.35652751,0.36483741,0.3612479,0.34008008,0.37718159,0.3585296,0.36940798,0.38387591,0.36176383,0.35384598,0.34893984,0.35383496,0.34946951,0.34925073,0.35987216,0.33600244,0.35075548,0.34309906,0.35785776,0.34468743,0.33686942,0.35140219,0.33741617,0.3323614,0.34294415,0.32474989,0.32574809,0.33778492,0.32496962,0.32542276,-0.69553244,0.19790238,0.33977115,0.3958334,1.2657561,1.6386757,1.2596654,0.66750574,0.79838145,1.584769,1.3578155,1.1398817,0.32794213,-0.13837054,-0.11681327,-0.27519634,0.59956014,0.33985722,0.34391475,0.301296,-0.55188859,0.058439225,-0.42842287,0.430298,-0.66611207,-0.14220992,-0.11720738,0.479684,0.095680594,1.1952022,-0.15605989,0.22759934,-0.98192114,-0.13703439,-0.08647947,0.88413405,-0.81720519,0.6677382,0.22168203,-0.6766203,-0.046900865,-0.85838282,-0.40113252,0.3534736,0.83670598,0.5643568,0.01164852,-1.3297727,0.57392496,0.14165714,-0.87379873,0.63617873,0.075044826,0.039436474,0.55996388,0.068597361,0.32849547,-0.33117396,0.086678736,0.4995929,-0.62134218,-1.0197994,0.063724115,0.417045,-0.35154018,0.17139922,-0.062692977,-0.16546629,-0.17687351,-0.26222026,0.43094373,0.66880405,-0.12255117,-0.35945877,-0.3255111,-0.064909995,0.3898465,-0.87791991,0.34057054,-1.1283519,-0.25752085,-1.5152799,-0.86973053,-0.018736452,-0.42215735,0.27960414,-0.39216396,-0.002913684,-0.064411864,-0.090030313,-0.55511886,-0.41563633,-0.11570129,-0.90592718,-0.090763442,-0.11291316,0.11521463,-0.072740644,-0.34695199,-1.3216958,0.21587151,0.38457176,0.67590046,-0.087983847,0.48024297,0.30911854,0.06483826,-0.55008197,-0.17411318,0.26688468,-0.57451254,-0.10548405,0.40492329,-0.25244942,-0.69137621,-0.03852006,-0.54797626,-0.50206566,0.14071599,-0.20924705,0.10968795,-0.57820249,0.68944222,0.49692705,0.099919304,-0.2266905,-1.4778751,0.4649033,-0.088030569,-0.079936907,-0.082058556,-0.50723463,-0.004007295,-0.12214584,-0.58255953,0.86395866,-0.70920342,0.16400884,0.55298126,-1.4862778,-0.063162252,0.2167048,-0.1630128,-0.49907464,-0.76413262,0.44636998,0.11982431,0.67990088,0.69442397,-0.65189338,-0.27322453,0.095859185,0.029948642,0.15388316,0.24413887,0.10697636,-0.017779134,-1.0997707,-1.4193486,-0.59678835,0.21008407,0.39492184,0.23269442,-0.39470685,-0.32449403,0.045319863,1.1412375,-0.09657447,0.022857249,-0.39591962,-0.26890308,0.90959543,0.10999399,0.25299349,0.61539006,-0.062505513,-1.7975665,-0.072343729,0.33955336,-0.016795337,-0.13668849,-0.64310724,0.12097044,-1.2881684,0.2899009,-1.1726921,0.28646225,0.038012743,-0.77664232,0.11616984,0.20778459,0.25295609,-0.20087941,-0.29239297,-2.3495152,0.25854933,-0.41186994,-0.040763479,-0.076793939,0.25258076,0.35010189,0.14266168,-0.21913394,0.54138732,-1.3495221,-0.68087435,-0.42053571,0.34750801,-0.28926426,0.061856873,0.20768794,0.3665953,-0.001694372,0.50369513,0.37346986,0.80230689,-0.69472092,-0.19562352,0.55959415,-0.052044407,0.19124776,-0.017753825,-0.30121192,-0.93206686,-0.40701854,0.079500914,-0.28572914,0.37290126,0.99611098,0.33766982,-0.42005163,0.18972342,-0.28640121,0.4338302,0.47565243,-0.42175749,0.072428763,1.3049568,0.11549778,0.12681462,-0.79757577,-0.1489163,-1.7035092,0.89472151,-1.1943053,-0.33695039,-0.18949768,-1.3739302,-0.13209169,0.10742138,0.12216363,0.34727347,0.45460606,0.005251437,-1.5082691,0.65787947,0.038290806,0.9646368,0.033692557,-0.86804932,-0.011318259,-0.75575233,0.51682997,0.28518468,-0.78035343,0.31344748,-1.5554781,-1.5952339,-1.1710215,-0.2692132,0.39875105,0.19674131,0.28445238,-0.82041651,0.72469163,-1.2055124,-0.16064735,0.27403685,-1.0551006,-0.009248,0.018128928,0.40072995,-0.0061225,0.30773678,0.023395613,0.38698569,0.066621736,0.37944689,-0.003837552,-0.12990032,-0.6418398,0.40855432,0.94877458,-0.45789474,0.49452063,0.49150524,0.43267891,-0.64273572,0.70675802,0.31358141,-0.88829362,-0.42070174,0.11697397,0.1170461,0.16340342,0.70929188,-0.27787465,-0.47842041,-0.46117863,0.034283709,0.50564319,-0.2107535,-8.84E-05,-0.33311042,0.17919981,1.0695809,-0.89485043,0.14528795,0.30823678,-0.52787071,-0.07111416,-0.3225714,-1.184468,-1.6014911,-0.2221992,0.52231193,0.15646163,-0.3321678,0.69243705,0.15568806,0.4865194,0.26751906,-0.20440805,-0.2727164,0.22192547,0.10738891,-0.14071441,-0.63457346,0.22376601,0.18747643,1.2194425,-1.5195714,-0.096767008,1.2537086,1.4920616,0.37516904,-0.9889589,-0.29456967,-0.36936793,-0.15888681,0.10645667,0.27343142,0.58362126,0.67227149,0.41720888,0.11046965,0.19518028,0.65857732,0.56621647,0.90159595,-0.75899321,0.31323615,0.21070212,0.16656269,-0.28183115,-0.18478207,-1.4260192,0.2986927,0.070937961,-0.32842094,-0.15559551,0.31710941,0.17966038,-0.65924233,0.18580151,-0.17080691,-0.072884411,-0.12461583,0.54958576,1.0467319,0.2718384,0.039486162,0.50867391,0.21833017,0.012576003,-0.9290787,0.15827879,-0.49667892,0.044878155,0.60997045,-0.93883425,-0.33130804,0.25130138,0.39076856,-0.48121589,-1.0072432,0.5383026,-0.56978482,-0.018980956,-1.1777929,0.25179082,-0.11419235,-0.25656363,-0.45471275,0.80631381,0.45287481,-1.6868908,-1.05545,-0.29546314,0.030762319,0.24321751,-0.029825494,0.055783667,0.40130407,0.20317638,-0.22973546,0.29942799,0.29646647,0.32332054,-0.078941844,-0.18252596,0.26521981,-1.2674053,0.054013662,0.30141956,0.044878371,0.25222844,0.46413529,0.75203907,-0.3052659,-0.76120549,-0.310359,0.16854922,-1.5334789,0.3347142,0.35450679,0.33475474,-0.58593029,-1.1919866,0.10897215,-0.41172487,0.063458353,0.00821545,-0.005262375,0.26477093,0.15382238,0.30852878,0.29168957,0.028629798,-0.30411899,-0.26187557,-1.861706,-0.58828539,-0.78691834,0.017611504,-0.82994431,0.19860156,-0.14747801,-0.31543782,0.089638531,0
0.47220615,0.19044735,0.15841505,0.49384108,0.47836283,0.50800896,0.48572803,0.47659552,0.4870308,0.48049453,0.48159838,0.47825822,0.47057861,0.45320809,0.48795491,0.47607636,0.48517925,0.50161576,0.49609691,0.48005775,0.46712074,0.48345137,0.46733913,0.47518718,0.4814668,0.46074292,0.4806053,0.47584349,0.47920215,0.47949839,0.46888986,0.47181925,0.46558654,0.46071699,0.46932971,0.45144877,0.45635802,0.46845484,0.44212365,0.45781988,-0.70257914,0.14764988,0.16016304,0.25921687,1.0932188,1.46207,1.0468172,0.48432523,0.59253156,1.3652989,1.1798469,0.95579565,0.29121327,-0.18216807,-0.098586544,-0.26700264,0.51301122,0.29987088,0.40226614,0.19907928,-0.63822007,-0.015522709,-0.35955721,0.29569221,-0.66102129,-0.092948139,-0.11957883,0.49855036,0.22274444,1.2490299,-0.18818194,0.18487959,-0.91348767,-0.12342513,0.014382165,0.77850837,-0.81990051,0.47989553,0.21009834,-0.69005495,-0.10347908,-0.8039999,-0.44018459,0.29832563,0.76846218,0.51650298,-0.052277721,-1.2761537,0.62035203,0.12512495,-0.77556384,0.54891819,0.035579685,0.020979548,0.59759969,0.023619279,0.34220764,-0.37371376,0.042542137,0.43825406,-0.68750679,-0.90316916,0.09488041,0.3743825,-0.2776196,0.17900921,-0.026782429,-0.13967855,-0.071119979,-0.28491446,0.41545615,0.86006504,-0.16147232,-0.36621079,-0.32523417,0.10638322,0.46259898,-0.796161,0.30106348,-0.98606753,-0.29381701,-1.4955451,-0.86185521,0.026356064,-0.34710985,0.29812822,-0.41138646,0.090677053,-0.094496094,-0.05278872,-0.75427884,-0.35444495,-0.098003834,-0.86208391,-0.044161707,-0.19765341,0.1281566,0.14181422,-0.38352242,-1.2514369,0.14461988,0.33158424,0.6675055,-0.070959359,0.45119244,0.25172487,0.066423349,-0.44591027,-0.16265687,0.24721086,-0.44971529,-0.14298348,0.32249117,-0.071250215,-0.65107089,-0.039173886,-0.52152759,-0.49195555,0.1729672,-0.22729403,0.053470459,-0.6135692,0.57064289,0.58689553,0.015474677,-0.10558172,-1.4410653,0.61975825,-0.090975761,-0.058926344,-0.057627432,-0.50052464,-0.035356767,-0.022638895,-0.57303494,0.78357476,-0.68102366,0.10854624,0.395531,-1.1912504,-0.090493284,0.2937693,-0.042117871,-0.43826821,-0.74817783,0.54379749,0.29195228,0.59055889,0.61417425,-0.54395264,-0.24557319,0.064569212,0.36252362,0.2738162,0.24510749,0.15275776,-0.086428359,-1.0194299,-1.2776139,-0.62593424,0.21622069,0.61346602,0.27952257,-0.39529416,-0.22483727,0.15340522,1.1007494,0.10467763,0.008957302,-0.43233961,-0.28760558,0.95023412,0.10190319,0.20315409,0.69130349,-0.039928641,-1.7709031,-0.11241125,0.47286925,-0.015850559,-0.15777645,-0.64124149,0.16969085,-1.3149638,0.24337748,-1.1096407,0.34492525,0.036090273,-0.68826634,0.038943335,0.22267213,0.33119208,-0.2344255,-0.47143745,-2.285862,0.29363903,-0.22514544,-0.059829056,-0.1271383,0.17882563,0.35069779,0.137577,-0.17252578,0.56582624,-1.2233914,-0.68279058,-0.20809415,0.33610713,-0.40496066,0.17929146,0.1948169,0.37776095,0.023711216,0.43952668,0.38549498,0.69517142,-0.78565717,-0.21956591,0.58786041,-0.060111471,0.26535454,0.03175354,-0.20469832,-0.85844541,-0.40896055,0.058846015,-0.15612654,0.33043313,1.0447042,0.33501911,-0.35181707,0.19359286,-0.28912431,0.62852097,0.51757884,-0.41746071,0.05694624,1.3875848,0.063342072,0.069494486,-0.79287726,-0.1041061,-1.7104244,0.82295656,-1.0712519,-0.3911829,-0.24038705,-1.2892011,-0.026637271,0.196438,-0.045431361,0.33227092,0.39142022,0.14842165,-1.4627355,0.60361779,0.012994151,1.0219983,0.11174493,-0.79410231,-0.001611613,-0.72251117,0.47999293,0.21145505,-0.7185806,0.29677224,-1.5183192,-1.5635096,-1.05393,-0.29017627,0.37384334,0.21718064,0.24774519,-0.66149342,0.55866212,-1.1467594,-0.15972075,0.28435832,-0.97176707,0.004041098,0.024003277,0.43949127,-0.069364905,0.32962215,0.0111106,0.41299951,0.070163645,0.40043315,-0.011978876,-0.015825205,-0.63248765,0.31542659,0.8986969,-0.3814804,0.45455775,0.42675629,0.67936927,-0.5843004,0.64323908,0.46596953,-0.86729723,-0.42560336,0.063953891,0.13047168,0.24744369,0.62651968,-0.30588609,-0.47359616,-0.38416198,0.026305512,0.55200642,-0.23552415,0.035811406,-0.20820723,0.14935717,1.054812,-0.98200345,0.1779878,0.25999931,-0.5827719,-0.008144964,-0.22062053,-1.1701314,-1.6066797,-0.2639811,0.49255735,0.16613306,-0.35599634,0.65902722,0.22862692,0.46947563,0.20775627,-0.16210963,-0.25171247,0.1902345,0.09602721,-0.12102181,-0.69815302,0.12633735,0.15506549,1.0371281,-1.430361,-0.087632291,1.411117,1.3173134,0.28210765,-0.94349307,-0.15906897,-0.25192362,-0.06761843,0.020790795,0.27467358,0.6130206,0.81663263,0.27219021,0.2470946,0.17316237,0.60513771,0.69090104,0.75653499,-0.59274232,0.25638074,0.2466868,0.16617133,-0.26946488,-0.18379873,-1.3639635,0.25799954,0.037789993,-0.33462006,-0.14351501,0.26443875,0.16532674,-0.61787325,0.15008725,-0.20319366,-0.051087067,-0.13434982,0.59696388,0.94931382,0.19155365,0.015029606,0.53358394,-0.021259315,-0.04830939,-0.94518751,0.18838704,-0.50909925,0.14716212,0.57699585,-0.80757892,-0.37530145,0.2974512,0.33093119,-0.43990493,-0.84860456,0.44874939,-0.4286406,-0.033547148,-0.96979856,0.25119549,-0.090679258,-0.39996991,-0.46595436,0.84940338,0.43844345,-1.5797267,-0.91579527,-0.2497938,0.028763253,0.17636171,0.037670698,0.02916402,0.36936098,0.14320976,-0.17210212,0.25903875,0.33146137,0.3464877,-0.17519985,-0.1334091,0.18740511,-1.2853899,0.023238596,0.28507206,0.06756565,0.23185024,0.42739391,0.84910065,-0.29569793,-0.68997133,-0.32609287,0.075342596,-1.5275686,0.28322673,0.24296662,0.32792762,-0.52526283,-1.0755923,0.19176976,-0.50360918,0.15468934,0.076203763,-0.03627925,0.25894296,0.10810103,0.24504894,0.41274121,-0.007741187,-0.17418131,-0.27492887,-1.7989249,-0.61627996,-0.71818233,0.007065043,-0.708821,0.2380601,-0.13012126,-0.31971547,0.031491209,0
0.36053079,0.13545334,0.13966687,0.32867533,0.31865704,0.35295013,0.33050257,0.30959758,0.33605832,0.32678586,0.32626697,0.32000938,0.32851332,0.29885203,0.33688706,0.31191787,0.3367134,0.34428415,0.32899886,0.3300786,0.31828785,0.31938466,0.31766671,0.31799901,0.32871869,0.31761247,0.32120854,0.30487931,0.3235274,0.31351194,0.3213658,0.32065859,0.30888727,0.30264261,0.31503561,0.29051739,0.29026631,0.31084341,0.28255025,0.30111831,-0.7170198,0.13973525,0.31426084,0.39947343,1.2685807,1.648582,1.2397561,0.66193545,0.78087419,1.5780417,1.354686,1.1370922,0.33377779,-0.18663834,-0.25012624,-0.27258873,0.54030532,0.32966059,0.28057849,0.26850146,-0.51018059,0.017158899,-0.49636653,0.35773361,-0.71513313,-0.076721556,-0.14885563,0.46833786,0.078678951,1.3032531,-0.15363409,0.19444308,-0.97589701,-0.21384156,-0.052530423,0.71843547,-0.88844174,0.55414331,0.20944716,-0.77143937,-0.15204385,-0.89591897,-0.43112922,0.28402805,0.76639092,0.51996887,-0.068523914,-1.3871802,0.54964972,0.12128849,-0.88244855,0.68866301,0.043276433,-0.039511807,0.61365312,-0.022156656,0.37131923,-0.3140527,0.074989617,0.4597913,-0.51990396,-0.95212942,0.037665647,0.42186108,-0.32400131,0.20519401,-0.018904259,-0.088625968,-0.060095333,-0.30484077,0.33830744,0.7857908,-0.12661949,-0.25874084,-0.31099105,-0.098836303,0.29396778,-0.81831074,0.3581281,-1.1183553,-0.31137565,-1.5921834,-0.80160493,0.059181638,-0.43230921,0.28045133,-0.39545637,-0.072876036,-0.075096503,-0.06381768,-0.51180959,-0.45012268,-0.30672231,-0.86462545,-0.029328622,-0.1093051,0.13400106,0.2351027,-0.37482646,-1.2254107,0.04592216,0.39118609,0.66614449,-0.11290337,0.4498482,0.29179171,0.018005542,-0.68150818,-0.18213248,0.3159855,-0.47858149,-0.11790221,0.34200123,-0.10011712,-0.63744402,-0.016307008,-0.54616135,-0.36843666,0.095810503,-0.17066145,0.043698467,-0.68375516,0.62631834,0.53669119,0.078798264,-0.091004804,-1.3998804,0.55676484,-0.025604606,-0.091882333,-0.047566324,-0.51083028,0.052726403,-0.064998433,-0.56512576,0.8019771,-0.45308906,0.13922924,0.41587719,-1.2836908,-0.050879665,0.24494046,-0.089232467,-0.45100802,-0.67717284,0.52667916,0.11613099,0.40195659,0.63217974,-0.58724844,-0.23882198,0.082156695,-0.007037566,0.27438498,0.42728221,0.14477177,-0.083284639,-1.0146201,-1.4022319,-0.66183108,0.22689611,0.74953389,0.25244188,-0.36458841,-0.24881244,0.059784479,0.99889344,-0.22644953,0.066825911,-0.25577703,-0.20436729,0.84141582,0.17229615,0.24252677,0.46413648,-0.032506622,-1.7250274,-0.12594637,0.39851967,0.013826991,-0.041215818,-0.57715726,0.10598939,-1.2382885,0.237432,-0.9596135,0.27304387,0.12361681,-0.76230437,0.1116266,0.22845677,0.19329143,-0.20317195,-0.61302119,-2.2601304,0.24813667,-0.40071929,-0.025571752,-0.1305481,-0.087931171,0.33588117,0.13828354,-0.23765315,0.57443428,-1.210047,-0.56013763,-0.32080713,0.34368503,-0.3310937,0.15491304,0.22012258,0.46529236,0.016991198,0.44359446,0.40307939,0.66523552,-0.7196638,-0.22996841,0.62659723,-0.1150231,0.19644004,0.00536409,-0.27069449,-1.0247136,-0.41186965,0.087442435,-0.25621462,0.32711077,1.0119174,0.30782923,-0.39352396,0.25371188,-0.30613562,0.51140112,0.38299164,-0.40939143,0.059598565,1.4524843,0.15564127,0.16340409,-0.83045876,-0.15043688,-1.6640463,0.85390639,-1.0774916,-0.23550203,-0.095550142,-1.4908043,-0.077101037,0.043201327,0.17740247,0.72561276,0.41986895,-0.002057374,-1.4903065,0.56457323,0.067292824,0.98663646,0.07557109,-0.98857272,-0.040478781,-0.70131683,0.4358145,0.11596581,-0.83658528,0.20767023,-1.4117109,-1.4213314,-1.0766028,-0.26536143,0.3367044,0.34900957,0.22921935,-0.67332774,0.61914349,-1.0778146,-0.12075084,0.30527598,-1.0113437,0.024983097,0.039992698,0.34783888,0.01568909,0.37450376,-0.01296781,0.2916995,0.07110028,0.2619594,-0.010999661,-0.13039315,-0.57163,0.34374377,0.90704584,-0.36699641,0.58839113,0.46056405,0.54112369,-0.60530454,0.53653932,0.50412965,-0.81106806,-0.62346864,0.1178524,0.085142627,0.25113213,0.57658505,-0.29369146,-0.47234321,-0.438829,-0.042535201,0.40518874,-0.16772364,0.00685887,-0.25998151,0.15418577,0.96438229,-0.89975595,0.11828311,0.27677667,-0.53874159,-0.048187301,-0.27849489,-1.1804127,-1.6495941,-0.26229,0.48941144,0.13505471,-0.31706128,0.74578285,0.043247581,0.45132136,0.23231448,-0.19426154,-0.3173286,0.20394798,0.063913822,-0.11092971,-0.79718941,0.16792634,0.13850529,1.0968245,-1.4560522,-0.057115197,1.32497,1.3534129,0.31800324,-1.0151812,-0.23934518,-0.35309106,-0.13281137,0.031939562,0.24383309,0.58325297,0.6819706,0.38423276,0.049738318,0.20629868,0.68128198,0.69200069,0.82437927,-0.64048487,0.20022008,0.13126805,0.2326428,-0.31079128,-0.19227582,-1.4237475,0.2772592,0.057030976,-0.3080256,-0.16042036,0.24624664,0.13496789,-0.67237836,0.20116428,-0.23692539,0.10390703,-0.033676356,0.43277591,0.81519723,0.28619915,-0.005562678,0.51799887,-0.00232774,-0.066996075,-0.93069386,0.19916493,-0.55994874,0.086838149,0.56801236,-0.84966552,-0.26369584,0.22910587,0.31154543,-0.39946112,-0.8872565,0.55397058,-0.57200873,-0.087513387,-1.2480251,0.25240922,-0.14486714,-0.40586707,-0.40728173,0.7744351,0.46032792,-1.5722795,-0.89543474,-0.26434475,0.041935012,0.18902545,-0.069001377,0.031685539,0.38468254,0.18007091,-0.16907418,0.23122765,0.24845836,0.2573126,-0.09016826,-0.38327703,0.18740822,-1.315695,0.026643932,0.22891337,0.051875673,0.25249916,0.40964511,0.72071356,-0.30617848,-0.64532006,-0.33266884,0.087807849,-1.5818554,0.3200635,0.36727962,0.36745104,-0.53126734,-0.99900764,0.25925443,-0.49103618,0.039508715,-0.042101748,-0.057659153,0.18119755,0.13083696,0.30761382,0.34622338,0.031446181,-0.067236982,-0.25977996,-1.8343812,-0.58209789,-0.66619247,-0.030484559,-0.70861828,0.35834539,-0.096307851,-0.25461936,0.064495519,0
1.0104902,0.76330066,0.72214854,0.92912126,0.93180215,0.96036267,0.92899978,0.92627609,0.93493569,0.94002247,0.92824733,0.92331409,0.92816651,0.91202271,0.94974619,0.92958498,0.91773576,0.96491587,0.95503604,0.90850985,0.92429137,0.93602264,0.93232077,0.92525113,0.94173837,0.93165553,0.96042728,0.94562435,0.93821561,0.94470763,0.93817782,0.93846357,0.92454135,0.93569219,0.94536334,0.91517466,0.91562545,0.93773186,0.91564071,0.9319346,-0.9188388,0.70119345,0.5071705,0.50672126,1.1942755,1.7076154,1.3826897,0.75987196,0.91146052,1.611922,1.357108,1.1978917,0.33183882,-0.096651264,-0.22228234,-0.35888395,0.4979454,0.27898446,0.3219856,0.23508272,-0.76955044,0.30131933,-0.49515769,0.40919757,-0.63896132,-0.18009964,-0.066423222,0.51367354,0.29793423,1.4375819,-0.071070634,0.12717718,-0.96811825,-0.20385785,-0.054048251,0.82889777,-0.9634943,0.5640434,0.42048305,-0.77257633,-0.12285361,-0.93502039,-0.43397847,0.26914567,0.74908864,0.69924396,-0.053124528,-1.4527944,0.62219143,0.089278609,-0.9901365,0.62689865,0.007605854,0.11753882,0.56558037,-0.12182789,0.58486158,-0.4169873,0.026446508,0.43882352,-0.58451182,-1.0500168,0.21738887,0.35630536,-0.39011526,0.39241368,-0.11877762,-0.19663127,-0.005323634,-0.34070116,0.76404911,0.83962375,-0.25689989,-0.35142618,-0.51163751,0.052225575,0.46299398,-1.0101223,0.41421154,-1.2713004,-0.4433639,-1.6246905,-0.9636929,-0.053784665,-0.39013827,0.099327177,-0.49381045,0.010794938,-0.13555391,-0.2277717,-0.66164768,-0.51765984,0.074383155,-0.96077132,-0.1544212,-0.25573304,0.13720216,0.23759295,-0.46061045,-1.427106,0.68675297,0.47512153,0.64659762,-0.16694428,0.59729463,0.14485671,0.037882864,-0.49512666,-0.17154622,0.41960618,-0.45966431,-0.1458524,0.31256276,-0.31195205,-0.72689557,-0.1457828,-0.63036972,-0.60625476,0.21961507,-0.31022039,0.022076026,-0.815368,0.85965616,0.84695822,-0.004389447,0.074563444,-1.6628027,0.55006278,-0.022261567,0.067539647,-0.11770287,-0.52984679,-0.12544005,-0.264321,-0.61351895,0.92044061,-0.5467853,0.10138457,0.44311032,-1.5607117,-0.19979092,0.28321397,-0.12924887,-0.49180478,-0.94991809,0.36179259,0.19762582,0.39298654,0.7263999,-0.6905219,-0.14603618,0.005502939,-0.17148787,0.16885999,0.24670297,0.31506827,-0.2493142,-1.1566774,-1.4179735,-0.69241756,0.18991686,0.5058158,0.46930736,-0.47666782,-0.41095638,0.037877358,1.2322742,0.041718021,0.13384785,-0.40272218,-0.36768401,0.89978206,0.15569818,0.17114799,0.76633513,-0.11423408,-1.9261459,-0.081089631,0.4821617,-0.039618708,-0.16577223,-0.73132592,0.02345857,-1.4783635,0.28840661,-1.2487262,0.37590805,-0.035363816,-0.81390989,-0.013514474,0.12806584,0.35017365,-0.20320992,-0.1361922,-2.5274005,0.22851458,-0.31099862,-0.096687675,-0.083447218,0.19949706,0.41135532,-0.017067872,-0.29922816,0.5085848,-1.3587713,-0.72738969,-0.13385321,0.37584805,-0.34259546,-0.022377685,0.33304453,0.53313559,-0.051455986,0.49179086,0.35635573,0.64592355,-0.83738196,-0.29209429,0.6690073,-0.004171543,0.18760064,-0.018193755,-0.37915888,-1.0710834,-0.43926141,0.055734023,-0.43903121,0.47779441,1.1219065,0.39604285,-0.46234402,0.35945883,-0.43978193,0.51457238,0.45654732,-0.40110409,0.0257027,1.3624125,0.23176929,-0.047097012,-0.90902162,-0.20705056,-1.8950844,1.005325,-1.3435247,-0.34624255,-0.302284,-1.3811136,-0.11401525,0.072617263,-0.030293941,0.48265171,0.45108241,0.33175191,-1.7058096,0.69458103,0.076167755,1.0426956,0.1258277,-1.0113672,-0.041259758,-0.84089935,0.48061794,0.43930072,-0.82210273,0.26643342,-1.6630912,-1.6765817,-1.4005538,-0.29673392,0.46644264,0.32710394,0.20445535,-0.91198009,0.53808832,-1.2147243,-0.25422192,0.56091082,-1.1513515,-0.022659335,-0.043447092,0.44698936,0.1716387,0.49144408,0.036866229,0.55905461,0.093843646,0.6328215,-0.11468527,-0.15657489,-0.70890152,0.34881943,1.0927396,-0.53081632,0.56658357,0.39495149,0.55831981,-0.66427898,0.5875988,0.29496053,-1.0734295,-0.52419329,0.027984481,0.067693233,0.079934821,0.71310449,-0.38939834,-0.56447214,-0.56982833,-0.005391317,0.51938117,-0.29762274,0.14198846,-0.34902132,0.060627975,1.1999372,-1.0418314,0.16149972,0.25432274,-0.63891399,-0.090255357,-0.027221926,-1.3094202,-1.7987949,-0.32108322,0.60163426,0.15241158,-0.40408006,0.74319214,0.08595553,0.44347024,0.27773881,-0.048355833,-0.4482466,0.2678172,0.005173728,-0.039798379,-0.63442528,0.12992048,0.10766107,1.1665418,-1.5599371,0.19371666,1.393806,1.4759636,0.52600157,-1.2433113,-0.25309265,-0.46937567,-0.22278704,0.1113058,0.54858232,0.63919044,0.784235,0.35645622,0.17312242,0.1151631,0.83331603,0.59473741,0.95294869,-0.57350284,0.3238951,0.21056977,0.089500591,-0.39111635,-0.17124152,-1.4229391,0.2258417,0.016415607,-0.37917492,-0.19147301,0.46158826,0.22747885,-0.65861255,0.15501568,-0.2112578,0.16259304,-0.14808013,0.73794591,1.0557238,0.23920743,0.047482755,0.50389284,0.20236319,-0.17788391,-1.0143502,0.15672821,-0.56065816,0.051009476,0.5547058,-0.91242045,-0.4475615,0.36503047,0.46058801,-0.5928176,-1.0425928,0.60082996,-0.58804131,-0.14834739,-1.4800587,0.17834064,-0.16008186,-0.38771892,-0.56324553,0.9104268,0.43547672,-1.888728,-1.135745,-0.40138173,0.002563743,0.31847373,-0.11347681,0.3346822,0.41109365,0.11068433,-0.32176137,0.46342868,0.18912293,0.32411775,-0.007723607,-0.022268698,0.29301289,-1.254482,0.012490068,0.3103255,-0.030273985,0.10487107,0.6371339,1.031247,-0.39738059,-0.81649804,-0.34491658,0.12273325,-1.7156054,0.21551809,0.12799095,0.5055728,-0.70585364,-1.171407,0.28745502,-0.5199005,0.12426123,0.15157804,0.22909522,0.41802675,0.1652357,0.30857593,0.31646934,-0.024980472,-0.22625695,-0.31967413,-2.0314655,-0.73559564,-0.87245023,0.1236234,-0.881607,0.39561802,-0.17619093,-0.39384344,-0.008624453,0
0.4711132,0.21306744,0.17722178,0.46767956,0.47024637,0.48481512,0.4661094,0.45410559,0.46994764,0.46744022,0.46302667,0.46296731,0.46407604,0.4530462,0.47634268,0.45524788,0.46969339,0.48407632,0.4723863,0.45907941,0.44921538,0.45118457,0.44850659,0.46033901,0.46031827,0.4593572,0.46377558,0.45825052,0.45622623,0.45765454,0.45412898,0.45564434,0.44870311,0.45891824,0.45633465,0.43916911,0.44076908,0.46540061,0.43403843,0.44125709,-0.7588439,0.16243991,0.24802059,0.28372794,1.1700723,1.5785246,1.1683265,0.56563157,0.69353414,1.4754038,1.2880851,1.035023,0.27632207,-0.16044784,-0.13769382,-0.25768146,0.52290535,0.2889483,0.32992205,0.25318363,-0.49991521,0.006386119,-0.44370505,0.34588191,-0.76522928,-0.17444868,-0.1663709,0.5620653,0.19247364,1.2908242,-0.18400571,0.19937034,-0.96579653,-0.14462112,0.06031419,0.74546957,-0.85541546,0.52068764,0.2437066,-0.6130439,-0.080750272,-0.79772395,-0.44356897,0.29288167,0.71679205,0.54693872,-0.088314921,-1.3052357,0.55949116,0.14458679,-0.75783598,0.58212543,0.053115532,-0.061958402,0.46142718,-0.062758237,0.1732471,-0.40301275,0.087687634,0.43056002,-0.57891047,-0.92779362,0.065726653,0.37158597,-0.2989262,0.12699933,-0.000434494,-0.19291961,-0.12680747,-0.31702435,0.38226479,0.78935087,-0.14366448,-0.49648345,-0.30959287,0.19920814,0.21656935,-0.85011709,0.34077168,-1.1281717,-0.346086,-1.520956,-0.83410263,0.039888501,-0.33160031,0.15711147,-0.33802411,0.05418703,-0.099526703,-0.18538104,-0.53208148,-0.31406659,-0.17997281,-0.82697624,0.083615288,-0.2590484,0.13151169,0.3389008,-0.43755227,-1.1495816,-0.10445231,0.36782229,0.59674245,-0.029245682,0.54579347,0.34095669,0.053537361,-0.72684091,-0.14169663,0.26071104,-0.33156276,-0.23423624,0.31686834,-0.17596018,-0.69704425,-0.14160432,-0.5953666,-0.53100502,0.18306589,-0.25723025,0.035829678,-0.62219125,0.59031659,0.57615674,0.017183689,0.14573899,-1.5171473,0.65064782,-0.027348381,-0.089171194,-0.067460403,-0.50574833,-0.067199841,-0.02756986,-0.56159425,0.7828756,-0.69989336,0.12185772,0.3841531,-1.4798622,-0.12424892,0.29096317,-0.019470494,-0.57304591,-0.7880969,0.57765037,0.22682627,0.2937496,0.73149383,-0.58066934,-0.29446563,0.082980409,0.11084695,0.22986491,0.40050769,0.20726541,-0.046104681,-1.0379045,-1.3294767,-0.59399307,0.20984298,0.67152488,0.23204385,-0.4282572,-0.29306364,0.11241712,1.2921003,-0.16886975,0.014973938,-0.39382628,-0.33507508,0.94858462,0.092568599,0.21896857,0.66812027,-0.063091852,-2.0273025,-0.10785286,0.4300949,-0.018850684,-0.11180767,-0.66181719,0.23007554,-1.35352,0.31159896,-1.2008761,0.47478944,0.072070085,-0.67222309,-0.023995491,0.24208719,0.24974984,-0.16889404,-0.52884537,-2.4020672,0.23593673,-0.41910145,0.014384843,-0.1795907,0.17230208,0.35863328,0.14547275,-0.26471126,0.50739473,-1.2436097,-0.66108137,-0.23317182,0.26885813,-0.34617713,0.16388176,0.18084911,0.4202041,0.10369962,0.48923874,0.33167118,0.70065582,-0.78081602,-0.27561918,0.44936636,0.001094593,0.28323311,-0.10447249,-0.27376264,-0.87107223,-0.45296529,0.04019488,-0.38034967,0.36192647,1.0637385,0.33302772,-0.397214,0.20931002,-0.26591331,0.5250805,0.49611315,-0.34560686,0.069191553,1.3568655,0.17308918,0.13675833,-0.87112635,-0.12674342,-1.7040236,0.90248215,-1.2008852,-0.37967175,-0.20493628,-1.4021699,0.072930008,0.20690435,0.03494446,0.79247272,0.32522711,0.14548959,-1.6202891,0.63338411,0.12279766,0.94680393,0.081190415,-0.85727221,-0.049994919,-0.71255785,0.49123359,0.19145244,-0.77716786,0.22331004,-1.442204,-1.6338406,-1.1746489,-0.33328962,0.42651823,-0.03208214,0.24996868,-0.72741693,0.59445626,-1.2243041,-0.091707848,0.2424697,-0.95955759,0.10732595,0.041490994,0.4396916,-0.041099228,0.26956284,0.020914022,0.47948492,0.080354087,0.49720138,-0.036066048,-0.011371508,-0.580688,0.3413173,0.93787086,-0.38947946,0.52350765,0.47518,0.68330294,-0.59884423,0.56581628,0.47097477,-0.97526169,-0.4353348,0.075964577,0.11474222,0.1756615,0.5413447,-0.34011242,-0.53894061,-0.5098663,0.055462725,0.64063489,-0.21992485,0.20034853,-0.15961543,0.14163534,0.94539374,-1.0801387,0.14605708,0.26661637,-0.56094038,-0.064687945,-0.3838414,-1.1967211,-1.5894601,-0.22314765,0.48030514,0.15897423,-0.29996324,0.61938423,0.21692428,0.43516514,0.20613445,-0.23250537,-0.24754144,0.16345434,0.10023458,-0.031738736,-0.72231638,0.1857975,0.12289818,1.0855623,-1.5597696,-0.12976938,1.4233443,1.3080603,0.27518922,-0.97837067,-0.12812242,-0.33641037,-0.091941968,0.076648839,0.31612968,0.64407587,0.8937149,0.30240077,0.09635552,0.1098597,0.66421872,0.72539854,0.78055316,-0.51327026,0.1696111,0.29797605,0.20582086,-0.36234823,-0.19838187,-1.3424677,0.26090765,0.043277219,-0.30446178,-0.13715918,0.20905524,0.12217104,-0.71703959,0.19564073,-0.22830604,-0.39157373,-0.12580304,0.51875383,0.98243976,0.31123269,-0.019631315,0.47130963,-0.15843195,-0.053687364,-0.91849619,0.21990556,-0.4644967,0.1553718,0.66246098,-0.91447639,-0.43631738,0.27162924,0.34390122,-0.43246073,-0.92076802,0.50078905,-0.52704448,-0.098731831,-1.287537,0.27103242,-0.06933365,-0.28324276,-0.3691116,0.76321137,0.4295637,-1.6599848,-1.0545464,-0.2864818,0.069555856,0.18299077,0.045377992,0.000233637,0.41302827,0.18635106,-0.23653105,0.23440075,0.27771506,0.40468115,-0.012477696,-0.10338263,0.17073217,-1.2635963,0.035957851,0.2468753,-0.03665591,0.23696062,0.48535082,0.76715505,-0.37179595,-0.73786885,-0.41634947,0.057261754,-1.5984803,0.24758783,0.24279851,0.33226213,-0.59731382,-1.1316075,0.20087428,-0.53270102,0.028254643,0.001947627,-0.038161758,0.28908521,0.13758931,0.27955925,0.35134855,-0.023162838,-0.068091586,-0.27016768,-1.9125686,-0.6804983,-0.71291208,-0.070262432,-0.74246454,0.14962281,-0.1603407,-0.23811448,0.050465617,0
0.51307642,0.25893846,0.22565648,0.50078428,0.49491751,0.51451963,0.49738222,0.48344177,0.49435073,0.49116391,0.49113023,0.48652062,0.4891023,0.47329909,0.50152427,0.48309439,0.49428254,0.51254886,0.49344578,0.48097014,0.47636375,0.48146355,0.48178843,0.47711051,0.47817686,0.47236174,0.49599105,0.47561988,0.481381,0.48038512,0.47919989,0.48241633,0.47245514,0.47313213,0.4787674,0.45799848,0.45438841,0.48143554,0.45491928,0.4632687,-0.76707375,0.21146518,0.33498144,0.36315188,1.2441093,1.6317501,1.2422786,0.63854229,0.77565819,1.5610832,1.3290231,1.1192156,0.25372687,-0.22714117,-0.05872019,-0.29595175,0.48090115,0.27078694,0.33564886,0.21915637,-0.61318892,0.00601666,-0.32317644,0.33188185,-0.65301907,-0.047426276,-0.14252889,0.64881045,0.37264258,1.4601085,-0.15616049,0.20238879,-1.0065575,-0.22914475,0.11258051,0.74297559,-0.90634626,0.45971936,0.32367694,-0.74769413,-0.12930825,-0.90634942,-0.50258142,0.51071268,0.67086351,0.6560601,-0.003376176,-1.4652725,0.68747258,0.094189107,-0.8777554,0.58621442,0.099246666,0.066586949,0.53194869,-0.10603081,0.36853236,-0.53621942,-0.007874094,0.39865005,-0.55314308,-1.0056659,0.099854685,0.44176805,-0.2393997,0.23355848,0.031562686,-0.17946213,0.018557161,-0.36815825,0.45829725,1.0029181,-0.17863342,-0.48189288,-0.43465719,0.14679644,0.57300723,-0.92036247,0.36289376,-0.89419854,-0.37061879,-1.5764189,-0.93937004,-0.005074425,-0.23855305,0.16283368,-0.39182076,0.1039833,-0.15710932,-0.20649533,-0.75109267,-0.27936706,0.25243017,-0.94393092,-0.059185944,-0.25175625,0.15829852,0.29007202,-0.50515431,-1.3925455,0.40750271,0.37583536,0.74283659,-0.12266405,0.56421143,0.20015883,0.092851639,-0.14060944,-0.14355524,0.36607587,-0.23552808,-0.26724058,0.29396641,-0.28988469,-0.71018857,-0.13891277,-0.59715533,-0.75928187,0.25127131,-0.32603723,-0.00011018,-0.58354664,0.66049802,0.54737663,-0.10201322,0.064720348,-1.8188483,0.88996035,-0.037970811,0.044858873,-0.0266295,-0.55876464,-0.11664196,-0.12254226,-0.62314373,0.95001596,-0.72549838,0.11091929,0.49473798,-1.4072999,-0.1351999,0.35211757,-0.043817483,-0.54635257,-0.87348127,0.51967639,0.24030258,0.36288932,1.057958,-0.56895179,-0.26017141,0.046313301,0.079107992,0.22723524,0.40220022,0.086311981,-0.093701258,-1.1516171,-1.4470936,-0.63590199,0.2064584,0.40205693,0.26096302,-0.47690654,-0.29742315,0.19652404,1.3385299,-0.10551049,0.013800279,-0.46622041,-0.26463196,1.1268855,0.07845366,0.21821763,1.8902642,-0.076737449,-2.1593876,-0.0773298,0.69907796,-0.018131185,-0.23114887,-0.70439321,0.16355675,-1.5404284,0.3793878,-1.293529,0.42180094,-0.071039878,-0.7257992,-0.049368829,0.38211334,0.56567585,-0.2635338,-0.080326006,-2.533066,0.24235922,-0.71254933,-0.12602779,-0.16607292,0.26111636,0.45018405,0.1078614,-0.15934989,0.65655965,-1.5118915,-0.91313684,-0.1213319,0.384507,-0.44431391,0.18014093,0.22206411,0.45109385,0.097179845,0.44918326,0.41281357,0.74944222,-0.93273407,-0.33578193,0.66139102,-0.034700654,0.30477846,-0.12651348,-0.17291668,-1.0229002,-0.45977885,0.076705486,-0.48138127,0.56433547,1.1866009,0.37282294,-0.38473681,0.15754297,-0.33993262,0.59340376,0.61186892,-0.3321552,0.093561634,1.3894855,0.10365049,0.13724661,-0.9876098,-0.19498318,-1.92626,0.91995269,-1.3552502,-0.39537123,-0.1321342,-1.3768451,-0.16930221,0.20752569,0.36234975,0.58367825,0.44432071,0.34830198,-1.7313946,0.84737867,0.085143238,0.99788666,0.10437751,-0.87887764,0.023374446,-0.83019632,0.50025308,0.27539769,-0.7620824,0.28835291,-1.700532,-1.7048674,-1.3955175,-0.35329953,0.51254058,0.69934058,0.18702462,-0.89579219,0.60917914,-1.3306872,-0.15891775,0.32287031,-1.0769968,-0.024803415,0.011051106,0.47198692,0.007954288,0.39181936,0.038957756,0.42718053,0.064545341,0.60838473,-0.016995033,-0.083519623,-0.59212965,0.3072432,0.9167279,-0.53405595,0.67877436,0.46010181,0.57202017,-0.67991793,0.65615553,0.47188404,-1.0960034,-0.38894251,0.057067282,0.17041895,0.24504413,0.8241396,-0.31686652,-0.49715587,-0.45820242,0.02901464,0.48586312,-0.25711989,0.11949608,-0.22931288,0.12403925,1.3112886,-1.0662441,0.13239563,0.25390008,-0.70308793,-0.073165461,-0.17727733,-1.3763549,-1.732193,-0.27233711,0.49038288,0.13175328,-0.29233804,0.7021603,0.25334001,0.39106989,0.18765903,-0.22428641,-0.31973219,0.14601192,0.072213516,-0.025055699,-0.2879822,0.1303834,0.10444273,1.1583412,-1.5305082,-0.16155848,1.4245324,1.2842929,0.49551421,-1.1174262,-0.20199496,-0.27750051,-0.072458625,0.15580022,0.47668535,0.79005492,0.98025668,0.35929316,0.24232154,0.15078381,0.64407438,0.69654906,1.121994,-0.71190643,0.27773547,0.39989278,0.09600313,-0.35886505,-0.14624901,-1.4512964,0.24073493,0.039811123,-0.37104127,-0.22872278,0.39541751,0.1602675,-0.47640032,0.26119143,-0.20820197,-0.017827302,-0.2484341,0.70273596,1.0692346,0.27016485,-0.010852611,0.5130806,-0.17581849,-0.046374153,-1.0493029,0.33438438,-0.47009587,0.36468911,0.64872575,-0.7896927,-0.48658675,0.30558529,0.38196591,-0.52400166,-1.0165049,0.63276035,-0.5451535,-0.034302555,-1.4606709,0.26480991,-0.12777287,-0.35350767,-0.50836903,0.96009457,0.50570947,-1.6776795,-1.0823772,-0.31295159,0.060616456,0.30445424,0.071642905,0.034654498,0.48244154,0.15544359,-0.20593983,0.25918007,0.31963974,0.38816422,-0.09877152,0.02370093,0.16278924,-1.3090565,0.000797331,0.36134541,-0.0023687,0.20602581,0.59561533,1.0577698,-0.41766703,-0.68776941,-0.40170002,0.025154635,-1.8759183,0.25605926,0.25577772,0.35040548,-0.7301057,-1.1882087,0.24296911,-0.62542653,0.16352388,0.11636612,-0.042014163,0.48152602,0.096658126,0.29129416,0.49088225,-0.047407009,-0.16626951,-0.35281181,-2.0746353,-0.76456445,-0.82920986,-0.003084485,-0.80084878,0.26775959,-0.10568023,-0.33652714,0.032868389,0
0.49076587,0.22127394,0.19012636,0.49822247,0.49199924,0.51147509,0.50176817,0.49142653,0.50130516,0.49760294,0.49647844,0.49428016,0.49722368,0.47845423,0.50643891,0.49016824,0.49894071,0.51727748,0.50258124,0.49662703,0.48019528,0.49517673,0.48805526,0.49058425,0.49595422,0.47834539,0.50214922,0.48746544,0.4919948,0.48970285,0.49074113,0.4881075,0.48031211,0.48679838,0.48864704,0.46761128,0.47275761,0.49249023,0.46635008,0.4820134,-0.67536294,0.17549422,0.28019214,0.29475656,1.209311,1.5789526,1.1937327,0.58514827,0.7217021,1.5051149,1.2937443,1.0691657,0.24637008,-0.15037762,-0.10581113,-0.24227931,0.49161363,0.29624438,0.35976815,0.24448197,-0.5169363,0.024560645,-0.370244,0.33072874,-0.63594294,-0.12604372,-0.18034825,0.50044715,0.19749944,1.3503287,-0.16072839,0.19001541,-0.9281323,-0.12607111,-0.027347244,-0.2395854,-0.78260934,0.51093441,0.19613022,-0.61419708,-0.026115134,-0.77738237,-0.42784435,0.32828724,0.72010893,0.55968684,-0.02461962,-1.2873008,0.67486221,0.13599832,-0.83057594,0.56391567,0.049800608,0.002990469,0.53056496,-0.10050782,0.35417005,-0.33771011,0.080697581,0.41801348,-0.63689375,-0.9653514,0.081428036,0.40133104,-0.24663611,0.13194454,-0.074395113,-0.15198839,-0.15349567,-0.26936793,0.385876,0.69769424,-0.13600749,-0.16411972,-0.36683959,0.020911247,0.37912729,-0.84556395,0.31574318,-1.0265489,-0.31590602,-1.4981445,-0.83772093,-0.041413311,-0.38375464,0.22953108,-0.27239996,0.075217649,-0.08248049,-0.12742414,-0.7127319,-0.44671315,-0.1776695,-0.80190408,-0.14513814,-0.19999579,0.1464345,0.26685262,-0.3395997,-1.2003386,0.37018535,0.33690476,0.67532933,-0.069311261,0.574889,0.28105977,0.057957664,-0.46751893,-0.17557542,0.16665402,-0.54351687,-0.1870355,0.30589694,-0.22863792,-0.64804435,-0.032124922,-0.53324091,-0.45238584,0.18736641,-0.28009591,0.055701293,-0.55688363,0.64287221,0.58238858,0.074035197,-0.087660514,-1.5313001,0.61964321,-0.085322708,0.016064361,-0.07603915,-0.49433795,-0.022607818,-0.1149953,-0.52888554,0.78000659,-0.63189906,0.15205421,0.46706778,-1.5054742,-0.052875429,0.29435572,-0.13735442,-0.35669199,-0.7442522,0.51683056,0.11847525,0.31550258,0.7765879,-0.58721632,-0.24666995,0.089708731,-0.048871543,0.22330302,0.31748399,0.16489948,-0.087534934,-1.0843171,-1.3766294,-0.58046204,0.17923713,0.69805425,0.27949876,-0.40481061,-0.28923228,0.12813984,0.98511744,-0.10563398,0.011780109,-0.38368291,-0.2883046,0.93629736,0.070731923,0.20443377,0.49564314,-0.11748977,-1.9112474,-0.093332693,0.39640087,-0.010395923,-0.093281254,-0.68700296,0.10363519,-1.3447772,0.31419352,-1.1318678,0.19137913,0.069267586,-0.73734814,0.044353269,0.18856913,0.30387479,-0.20743801,-0.45924604,-2.3323326,0.27886081,-0.38780659,0.004678719,-0.1521946,0.15140902,0.35235173,0.1179692,-0.23188022,0.59496099,-1.2584093,-0.73319358,-0.27506584,0.33824486,-0.39966953,0.13222992,0.16561379,0.33962956,0.039722495,0.48383951,0.36465725,0.61812037,-0.68310195,-0.23296186,0.51910943,-0.060716912,0.23417427,0.019041989,-0.24320078,-0.91593844,-0.44423366,0.072801217,-0.28157389,0.38017899,1.0115482,0.3296423,-0.3657766,0.1973096,-0.27943456,0.45689827,0.45494407,-0.3212465,0.10904218,1.4225806,0.14130224,0.11055022,-0.7755183,-0.063988291,-1.7908686,0.9104746,-1.1432395,-0.35527638,-0.16257562,-1.2817457,-0.0307853,0.15891244,-0.021071941,0.36060727,0.45756903,0.19129343,-1.554289,0.66749489,0.063214809,0.99337631,0.12601137,-0.83188617,0.073055431,-0.70095265,0.50082433,0.23440602,-0.79785991,0.25870147,-1.5271159,-1.4993844,-1.0450654,-0.30573556,0.33513236,0.16471323,0.24014685,-0.78296298,0.58856177,-1.233548,-0.093271442,0.27539694,-1.0189315,0.005139012,0.041977435,0.45745489,0.038081896,0.3540878,0.059362955,0.28267795,0.069925085,0.37866148,-0.003903776,-0.047910459,-0.50350875,0.3357029,0.98377699,-0.50928289,0.5260148,0.45668572,0.61784017,-0.63062471,0.61217737,0.43426287,-0.91281915,-0.371272,0.099623948,0.095823064,0.20084238,0.63605446,-0.27094635,-0.49054036,-0.45638141,0.10158163,0.59657329,-0.2375873,0.061985865,-0.26167625,0.15862723,1.0094997,-0.88763297,0.1524006,0.25616628,-0.51374424,-0.045914501,-0.18732738,-1.150429,-1.5781647,-0.28252205,0.47717625,0.22789198,-0.33895832,0.61961067,0.22958034,0.48449987,0.22439621,-0.14636439,-0.22068508,0.17446904,0.095269933,-0.18383405,-0.68456149,0.17574851,0.12029619,1.0287243,-1.3806486,-0.10114543,1.3743713,1.3700631,0.3646535,-0.95913213,-0.2308922,-0.33334091,-0.096533448,0.063953117,0.21629918,0.65272564,0.82149285,0.34136879,0.1267643,0.16804919,0.60041547,0.63983417,0.86853772,-0.64198411,0.29238975,0.22358015,0.18279527,-0.25847942,-0.19022125,-1.3550138,0.24714814,0.019372625,-0.31512034,-0.088776283,0.28488231,0.1334046,-0.62545609,0.12417285,-0.19837661,-0.13440534,-0.12371144,0.5429939,0.93448675,0.24341632,-0.008913456,0.52447242,-0.028720841,0.015928557,-0.91922927,0.14831915,-0.49791265,0.14741313,0.64124632,-0.77341843,-0.43661356,0.24986379,0.34664947,-0.49732697,-0.84622353,0.51666337,-0.53339124,-0.027881501,-1.0736307,0.21380462,-0.11804749,-0.23145378,-0.44272059,0.78359687,0.43738538,-1.6812509,-1.128045,-0.27537495,0.095834836,0.22152984,-0.043961871,0.013881007,0.37004945,0.15160146,-0.18170118,0.28472102,0.27576438,0.37252533,-0.053232335,-0.099072188,0.28136182,-1.2363133,0.037860487,0.25990811,0.048214279,0.23904227,0.44799119,0.75135756,-0.31121767,-0.80145735,-0.34570557,0.1027965,-1.5010979,0.34165654,0.29798219,0.33870724,-0.57495916,-1.1438515,0.19656938,-0.47907895,0.14933744,0.092176378,-0.056888584,0.28366697,0.10516217,0.27879581,0.33140129,-0.005713658,-0.18224496,-0.26538336,-1.8145653,-0.57514012,-0.74390936,0.000604358,-0.7887516,0.17402051,-0.15470691,-0.29254529,0.053464681,0
0.41075453,0.14949508,0.13620068,0.42113996,0.42009112,0.43499541,0.44054499,0.41787636,0.41939077,0.43092901,0.41364834,0.42856738,0.43034974,0.41176277,0.43754429,0.41350773,0.43406922,0.43610355,0.42785394,0.42647281,0.41876227,0.42065895,0.41780582,0.4237214,0.43636864,0.4194566,0.42206991,0.40818509,0.43113333,0.4195047,0.40758601,0.43492299,0.41863304,0.41628048,0.41631919,0.40571463,0.40022767,0.4276835,0.39780325,0.3957155,-0.71618634,0.11963402,0.4441424,0.46731579,1.1011262,1.4687372,1.1226698,0.65741432,0.75845826,1.4350909,1.2017801,1.0522656,0.27169174,-0.21029288,0.36866951,-0.2321949,0.44124633,0.25588644,0.29918295,0.22275928,-0.47210893,-0.028089477,-0.2737695,0.33365127,-0.66925603,-0.079040945,-0.22653045,0.59204471,0.28464758,1.2231511,-0.2063756,0.15774706,-0.8404516,-0.17577276,-0.10903017,0.75166637,-0.71772748,0.45740753,0.31921461,-0.72705507,-0.11531507,-0.83750236,-0.47600281,0.5527339,0.65171707,0.61670411,-0.0397656,-1.336307,0.69155127,0.10322341,-0.62981141,0.58622807,0.013499372,-0.006464079,0.81514096,0.10765283,0.31467527,-0.53928268,0.060691401,0.39090827,-0.4486542,-1.000667,0.028644346,0.60880554,-0.31149942,0.20145431,-0.014409034,-0.24297181,0.12962902,-0.2764219,0.28585261,0.70082003,-0.23719998,-0.30078053,-0.40929189,0.24416098,0.24218854,-0.96957988,0.3335138,-0.4787671,-0.36942512,-1.4163795,-0.96608013,-0.084280163,-0.19242911,0.10794528,-0.37244546,0.054090045,-0.17721586,-0.21473908,-0.72638637,-0.29663175,-0.10376814,-0.8977707,-0.19299895,-0.2746062,0.04997386,0.2204248,-0.31006107,-1.5382912,0.26078248,0.32065016,0.83030295,-0.13206777,0.44810933,0.30816662,0.05572506,-0.62972021,-0.20372744,0.25959831,0.83441406,-0.16522296,0.23120993,-0.246464,-0.62645364,-0.1047131,-0.68669426,-0.66587317,0.57427645,-0.38863859,-0.015521888,-0.52845234,0.62165451,0.54252994,-0.097495995,0.087031692,-1.6191503,0.62331998,-0.17328706,-0.20569374,0.6184203,-0.47156715,-0.12217665,-0.20294642,-0.45271832,0.91519481,-0.52296793,0.10646001,0.38967258,-1.7459604,-0.11175466,0.28755713,0.02850575,-0.52214932,-0.90390867,0.50178385,0.17295371,0.50137228,0.74363923,-0.63207221,-0.26420897,0.019644771,-0.029066974,0.075112864,0.31494334,0.20345132,0.52614272,-1.0449572,-1.529065,-0.64629239,0.21203232,0.62061453,0.23981097,-0.44589275,-0.27736834,0.069881961,1.157697,-0.23639567,0.016683351,-0.42703819,-0.38565645,1.1499783,0.096486472,0.19404078,0.48046494,-0.13713996,-2.0428557,0.3314411,0.38480383,-0.003287707,-0.087834254,-0.87797654,0.13357884,-1.5113885,0.19222833,-1.2424233,0.3482497,-0.06759768,-0.48774517,-0.003888048,0.37605771,0.41708016,-0.29099023,-0.30145806,-2.4762707,0.20221002,-0.4658933,-0.088323951,-0.1989758,-0.030894011,0.38683528,0.1627918,-0.20745462,0.42753381,-1.5036124,-0.78518796,-0.3396225,0.32917541,-0.44989359,-0.018672302,0.21178085,0.28905317,-0.076146334,0.47228834,0.2592819,1.0346348,-0.80436397,-0.32274157,0.38966995,-0.11259856,0.34642893,-0.17044035,-0.1122405,-0.96733195,-0.33693412,0.057023495,-0.37285769,0.38174796,0.98813099,0.3210035,-0.19542278,0.45282686,-0.36046508,0.54419577,0.4244445,-0.28515092,0.072683133,1.4291337,0.39399362,0.14795695,-0.96719778,-0.033496231,-1.9172188,0.87960088,-1.3618913,-0.48157501,-0.035495758,-1.4215316,-0.18398425,0.25258228,-0.17511044,0.60658818,0.48370251,0.31218657,-1.6799113,0.71790135,0.1042767,1.064225,0.041034997,-0.86981642,-0.026653036,-0.76936221,0.45341861,0.41244325,-0.83666402,0.2959502,-1.7539269,-1.7377133,-1.2607472,-0.32085583,0.39813182,0.032034636,0.2232125,-0.81535816,0.55148578,-1.3551495,-0.18136297,0.25209454,-1.029441,0.057243094,0.003374469,0.5417459,-0.024846476,0.29219103,-0.064691693,0.33048263,0.027821397,0.64182192,0.076623783,0.036067903,-0.67887187,0.28879979,0.8993904,-0.53320974,0.56099427,0.41206217,0.69554836,-0.72778177,0.58127981,0.39799252,-1.0909829,-0.61597604,0.076923259,0.16819432,0.19757704,0.66797423,-0.20339882,-0.31271416,-0.45555222,-0.043312225,0.50646651,-0.20557234,0.058107138,-0.32001454,0.1563212,1.4943492,-1.1695346,0.10340333,0.28377947,-0.60226822,-0.091091134,-0.20958096,-1.3452528,-1.8243102,-0.26129279,0.46414423,0.15020713,-0.36449903,0.62902355,0.17969127,0.41726574,0.15059009,0.28743631,-0.47895002,0.17576446,0.11528908,0.078283697,-0.64713734,0.21691255,0.13163675,1.1680851,-1.5348972,-0.003388936,1.569329,1.4222976,0.45251122,-1.1593546,-0.28503045,-0.46180987,-0.16742472,0.21677145,0.27222317,0.71306729,0.75723016,0.22643471,0.60921568,0.17374188,0.61645067,0.75337303,0.85704851,-0.81871575,0.18859762,0.30343479,0.013992876,-0.30609518,-0.20151933,-1.4384363,0.24632183,0.016703412,-0.3792651,-0.1675373,0.31152064,0.22324203,-0.64299017,0.22440547,0.021168649,-0.38573018,-0.2813673,1.0207281,0.81588596,0.2936182,-0.051479988,0.60675949,-0.059547827,-0.10654986,-1.0205073,0.23221044,-0.47733784,0.14826646,0.61997545,-0.90888929,-0.4985224,0.29615682,0.32314694,-0.65933931,-1.1209511,0.72414261,-0.61957186,0.40960163,-1.3713441,0.29617468,-0.18042235,-0.40648404,-0.51551217,0.76430672,0.42111832,-1.7644356,-1.179184,-0.20972288,0.00928129,0.17816085,-0.052590761,0.079100832,0.55395693,0.15954982,-0.12566715,0.18232477,0.29656228,0.37787011,-0.11343903,-0.11888415,0.19527593,-1.2433709,-0.006639183,0.38762665,0.11693285,0.16575444,0.49763024,1.4749945,-0.20856726,-0.80482268,-0.40669918,-0.1586944,-1.6737409,0.29523101,0.2197772,0.30154195,-0.72539055,-1.1771668,0.26569492,-0.66077816,-0.053230703,0.10100836,0.42846492,0.426191,0.10133732,0.25756681,0.47186577,-0.045661688,-0.10172966,-0.39248022,-1.4766886,-0.75860745,-0.9522351,-0.045367625,-0.9798485,0.22493295,-0.12993088,-0.3607741,0.030967766,0
0.44752872,0.16403681,0.15017293,0.42475891,0.45540673,0.47730348,0.46184391,0.44801104,0.45736745,0.457443,0.45612523,0.45243382,0.45125294,0.44286475,0.4622094,0.44962841,0.45568791,0.48105797,0.4594318,0.45244402,0.44793087,0.45981261,0.45095164,0.45114058,0.45819551,0.44792098,0.45787168,0.44450879,0.45353791,0.45272136,0.44964486,0.44945806,0.4418731,0.44552451,0.45320043,0.43237323,0.4381769,0.44862589,0.4331778,0.44351223,-0.68441939,0.13094121,0.47531885,0.42324144,1.1924382,1.5581876,1.2066228,0.68626916,0.80151904,1.5063816,1.3005449,1.0945324,0.26521224,-0.22807145,0.40020686,-0.23050378,0.52895176,0.30793837,0.25714236,0.21665986,-0.62498313,0.006827346,-0.24378684,0.32587346,-0.65687305,0.005254097,-0.25579715,0.67487609,0.29243752,1.2381754,-0.24110702,0.15865463,-0.86058295,-0.19173217,-0.081359208,0.85262251,-0.71434104,0.48391959,0.36445206,-0.75507325,-0.11627278,-0.8659991,-0.65499425,0.70418882,0.81685823,0.56942552,-0.045450229,-1.3690913,0.73355412,0.11736891,-0.52812994,0.68984741,-0.01889313,-0.008943759,0.86144853,0.77545452,0.40109155,-0.53415853,0.004569363,0.44544625,-0.51522386,-1.0215039,-0.004535914,0.62342656,-0.34048086,0.24430893,-0.022232248,-0.23057616,0.17468123,-0.26873475,0.33234584,0.75375378,-0.28345466,-0.4842568,-0.44696432,0.27788371,0.41315898,-1.0933679,0.33572716,-0.44607121,-0.40973631,-1.4290857,-1.1160538,-0.036720444,-0.14871719,0.19434297,-0.35851964,0.018668316,-0.18322048,-0.216546,-0.71172625,-0.4852519,-0.04641448,-1.0005471,-0.16511625,-0.22564842,0.012716249,0.18051127,-0.27239436,-1.6857506,0.026237249,0.334344,0.84991753,-0.20117791,0.41832942,0.25419357,-0.011823341,-0.43256927,-0.24394135,0.26938075,0.92260015,-0.18310931,0.27850091,-0.18195131,-0.56671965,-0.08988031,-0.76493806,-0.63864625,0.60435021,-0.45612627,-0.012386009,-0.53640389,0.56187069,0.51024801,-0.010335441,0.15951976,-1.7907263,0.54251581,-0.082960404,-0.2024112,0.79187089,-0.47447076,-0.093624704,-0.24347802,-0.43400267,0.95110691,-0.78140008,0.14067024,0.39769647,-1.5915594,-0.10835351,0.34551287,0.0882622,-0.50140995,-0.87979949,0.55375528,0.2330465,0.28491244,0.92779261,-0.66481835,-0.29587024,0.036324523,0.002476307,0.05744867,0.37583867,0.18410309,0.59804058,-1.074169,-1.7409903,-0.71652907,0.21616763,0.51767683,0.17823732,-0.46316627,-0.362701,0.094388932,1.112644,-0.20387149,0.001599196,-0.45704031,-0.37348732,1.3007519,0.11631986,0.20335324,1.6931922,-0.19397284,-2.1554432,0.38946515,0.45349544,0.021221653,-0.16081393,-0.88675582,0.043443367,-1.5619609,0.19464815,-1.2901299,0.40239999,0.008400671,-0.43908688,-0.010840889,0.39329293,0.5083375,-0.27221239,-0.26308602,-2.5759969,0.25059351,-0.38081312,-0.11192343,-0.2119744,-0.022575751,0.38440499,0.11456852,-0.27917546,0.34212032,-1.5768139,-0.80744702,-0.073176943,0.29037464,-0.4704867,-0.025052771,0.21307597,0.29268432,-0.07410001,0.47753337,0.33379397,1.0947976,-0.99713224,-0.3597101,0.41472131,-0.12763351,0.41164631,-0.18540138,-0.095534392,-1.0320047,-0.3207103,0.088204049,-0.44302604,0.33892211,1.0006014,0.29691935,-0.23798433,0.4499355,-0.44514734,0.46891677,0.3998782,-0.15623865,0.035102226,1.2038181,0.58678716,0.11730568,-1.0998404,0.0080823,-1.9891729,0.84720063,-1.3578501,-0.44939572,-0.093332529,-1.4523423,-0.27728713,0.23970449,0.1788737,0.37359393,0.4209801,0.44823551,-1.802587,0.77094376,0.038497359,1.0179402,0.007784162,-0.82105249,-0.024087854,-0.94026983,0.5102241,0.17875323,-0.87425113,0.29403672,-1.8904951,-1.7806654,-1.3722656,-0.48969302,0.42480731,0.54938096,0.17645569,-0.81506974,0.59339112,-1.4119351,-0.15383013,0.25266033,-1.0422765,0.02758478,-0.021066654,0.44730812,-0.021243535,0.34853837,-0.088058166,0.27288163,0.02624373,0.5797599,0.013076629,0.027674749,-0.8854782,0.34576058,0.89363104,-0.57286131,0.62840456,0.42212075,0.69198978,-0.74494016,0.54466826,0.23903227,-1.0980898,-0.78299338,0.057544868,0.14066578,0.2260322,0.74972898,-0.20591959,-0.30206239,-0.47717765,-0.054764703,0.37068039,-0.29629111,0.016793206,-0.34914023,0.11362758,1.5478586,-1.2351656,0.14493206,0.28268075,-0.80479199,-0.064862207,-0.20480621,-1.3866861,-1.9811862,-0.32268921,0.48985621,0.13748494,-0.39472777,0.80226088,0.17465359,0.44172457,0.15333356,0.56341362,-0.53297877,0.2070239,0.14866397,0.084860057,-0.6412102,0.32500204,0.15988216,1.2751745,-1.772891,-0.044556331,1.6096298,1.352075,0.48720294,-1.2839559,-0.2503472,-0.55908924,-0.16245179,0.22558472,0.27767342,0.70470995,0.80965793,0.19407344,0.68484902,0.21742013,0.61349237,0.77081525,1.0153391,-0.86980832,0.16931085,0.50170946,-0.036064506,-0.28652009,-0.17406616,-1.3114617,0.24690767,-0.0260613,-0.35133934,-0.11290322,0.28184801,0.22329462,-0.61386168,0.26775786,0.014470607,-0.19487651,-0.27869481,1.0473312,0.8828879,0.28850657,-0.080185801,0.63338315,-0.1007088,-0.18400674,-1.1327106,0.22857682,-0.56483567,0.18390715,0.54675287,-0.90694672,-0.43819726,0.27721483,0.28468168,-0.72686136,-1.2577949,0.75988007,-0.65262347,0.50723618,-1.5405979,0.29334489,-0.18771213,-0.47344518,-0.50540316,0.82845676,0.32167551,-1.7821916,-1.1764501,-0.19101682,0.035813082,0.19364068,-0.08838743,0.084649861,0.65138048,0.17576371,-0.1381121,0.12273931,0.34329495,0.32233033,-0.059803598,-0.16493547,0.21213098,-1.1520823,-0.052160654,0.4381972,0.14778306,0.13024211,0.48849005,1.6389623,-0.2314862,-0.93802398,-0.43010336,-0.081028685,-1.8084524,0.33048549,0.1863945,0.31776994,-0.78678203,-1.2313815,0.36309817,-0.66975749,0.1533525,0.14374885,0.40757903,0.38053337,0.068961591,0.26131159,0.46793923,-0.034889609,-0.080628596,-0.4904449,-1.3998811,-0.78600973,-1.0383002,-0.07652051,-1.0065762,0.2027185,-0.266233,-0.38867933,0.054708414,0
0.58451438,0.32914686,0.28268009,0.55494875,0.54427826,0.54389209,0.54326272,0.54003745,0.55651283,0.5391373,0.53765053,0.54726166,0.54636693,0.53505778,0.56054413,0.54560745,0.55762511,0.56082463,0.54896003,0.55383056,0.53124487,0.53587246,0.53627747,0.55255681,0.54077333,0.53187275,0.54593593,0.53123665,0.54125291,0.5424701,0.53445446,0.54413444,0.54291421,0.53681266,0.52994919,0.53156561,0.5309301,0.54460323,0.52472234,0.5318315,-0.792494,0.28526717,0.39380109,0.4434759,1.3688675,1.727487,1.330559,0.73318148,0.84351546,1.6619942,1.4432335,1.2160922,0.25297365,-0.19326735,-0.25248533,-0.44125938,0.65208006,0.34296253,0.35900596,0.27830586,-0.69625467,0.054117095,-0.77853644,0.24877991,-0.85748351,-0.096032135,-0.16730073,0.63010663,0.21284105,1.5014248,-0.18018755,0.16994521,-1.2540874,-0.22512484,-0.03838855,0.8238585,-1.1214123,0.50234336,0.19504379,-0.9500643,-0.090547353,-1.0157325,-0.68129826,0.34206468,0.84218955,0.6145485,0.011347251,-1.8040878,0.76583564,0.13100258,-1.1609422,0.74589455,0.056557633,-0.016400775,0.60481238,0.21842475,0.2428329,-0.25492668,-0.027384089,0.59201342,-0.84643263,-1.0876586,0.047221988,0.57044685,-0.36917517,0.35863459,0.18450043,-0.11284241,0.003092378,-0.40554082,0.54446137,0.78600615,-0.18079062,-0.26826757,-0.049731135,0.067552418,0.22685164,-0.98920172,0.35327396,-1.1229172,-0.37249678,-1.8305312,-1.0161269,-0.12960173,-0.53003764,-0.025576174,-0.45776835,0.063420787,-0.095653147,-0.12370415,-0.76754308,-0.67779374,0.15783238,-1.1179568,-0.22936137,-0.10222527,0.091670573,0.39416382,-0.3867268,-1.5504984,0.59078383,0.46706873,0.81262934,-0.2031951,0.50543153,0.41007957,0.048681684,-0.43234879,-0.27904436,0.26680389,-0.7494421,0.1101713,0.34373313,-0.28701919,-0.69318748,-0.00535021,-0.58556008,-0.53203428,0.34618542,-0.31547073,0.001480795,-0.92435312,0.68206251,0.77929664,0.16334328,0.065650739,-1.7459937,0.54662991,-0.048514321,-0.20000134,-0.092648044,-0.57153225,-0.056366328,-0.13632731,-0.75689054,1.0017905,-0.68206102,0.12303515,0.28084353,-1.585077,-0.18610324,0.35583612,-0.098425083,-0.37212136,-0.90263963,0.32455501,0.26376972,0.35639131,0.64198261,-0.79199064,-0.15109561,0.057172507,0.018607227,0.16659956,0.27964935,0.075220577,-0.35656762,-1.2870624,-1.724213,-0.80232269,0.25439951,0.51961124,0.43670467,-0.54203063,-0.41735542,0.063720003,1.1776761,-0.29300147,-0.002896336,-0.26038319,-0.20015712,1.008976,0.15615223,0.26197642,0.79630262,-0.14363326,-2.2129989,-0.053896055,0.77779138,0.049982555,-0.1413008,-0.6882329,0.19114408,-1.5295541,0.19718264,-1.0370069,0.33754835,0.081364706,-0.87924969,-0.015666697,0.28670543,0.48306629,-0.26662594,-0.29248205,-2.5251372,0.38548177,-0.63877743,-0.038429689,-0.30138969,0.047947533,0.57183397,0.18939662,-0.18209712,0.72235709,-1.3810266,-0.84679198,-0.2902877,0.50935239,-0.44871956,0.20739715,0.20176227,0.44664511,-0.053131476,0.45182645,0.37035459,0.86068088,-1.1061968,-0.32661131,0.53609675,-0.082885802,0.2345899,-0.062910818,-0.20400625,-1.3600048,-0.49199304,0.12039809,-0.42140853,0.43278539,0.96866065,0.40996128,-0.54620564,0.21162808,-0.33966854,0.62946826,0.53591251,-0.41935501,0.089896142,1.4318542,0.21647586,0.078121595,-1.1029181,-0.23706171,-2.04143,0.94560289,-1.172399,-0.2209543,-0.11123277,-1.5735825,-0.22693585,0.13310763,0.12533708,0.83077306,0.42557091,0.16276854,-1.8282137,0.85871756,0.063149542,1.1948733,-0.019893836,-1.1231918,0.086588517,-0.95605266,0.51407868,0.36146343,-0.8752836,0.31552023,-1.7104501,-1.6621057,-1.3804809,-0.45244399,0.55812192,0.37470666,0.28887966,-1.0078537,0.58964252,-1.1282411,-0.027827367,0.44995075,-1.1691793,-0.083115228,0.007206779,0.53234959,0.14564262,0.33368763,-0.10918328,0.58034229,0.038196936,0.57557124,0.10647965,-0.084340617,-0.88653004,0.40524459,1.1581708,-0.53775376,0.66750348,0.54855657,0.37458614,-0.65841824,0.57900733,0.21490337,-0.7480185,-0.56622928,0.030226158,0.15251368,0.096005321,0.82882965,-0.25604743,-0.51711762,-0.50922102,-0.019647794,0.6767751,-0.21732073,0.14081384,-0.34964663,0.17671959,1.0946426,-1.0864018,0.16645345,0.35197279,-0.63464791,0.038238447,-0.16202682,-1.3028781,-2.0107465,-0.20204805,0.83304429,0.022288367,-0.2374393,0.70114398,0.14618492,0.49488372,0.30738735,-0.19473784,-0.47757533,0.20257732,0.16420767,-0.12313087,-0.68697637,0.23170641,0.16788781,1.1363987,-1.6095469,-0.14435963,1.494246,1.4334322,0.31920195,-1.5288501,-0.25974256,-0.50992358,-0.23911411,0.054041941,0.28144944,0.76624298,0.36399662,0.26378593,0.26760265,0.25170359,1.070711,0.73260957,0.97817516,-0.93596303,0.24398515,0.18633369,0.088161767,-0.42605564,-0.14435957,-1.6934742,0.3137635,-0.015092373,-0.37566775,-0.2368293,0.32172957,0.18506905,-0.61863953,0.23608762,-0.25161231,0.21195424,-0.036360107,0.44808257,0.88266122,0.30785763,0.025315333,0.57179028,-0.14628857,0.03218779,-0.96404731,0.33566171,-0.796229,0.068580195,0.72181636,-0.96826905,-0.59382468,0.3939195,0.32538927,-0.52975214,-1.2004993,0.61941934,-0.63637555,0.066208646,-1.682,0.2428879,-0.22719821,-0.63909221,-0.43162116,0.96256435,0.46549517,-1.9094924,-1.1030083,-0.43882799,-0.027631767,0.25375766,-0.13520795,0.012582826,0.37759331,0.24457198,-0.20938326,0.29772806,0.35334361,0.39629894,-0.072076268,-0.23761237,0.28932619,-1.4429756,-0.044883929,0.28772604,0.05266713,0.31207556,0.64709508,1.1052685,-0.41373867,-0.85292184,-0.25584489,0.18387523,-1.9410605,0.41652447,0.35881451,0.41397354,-0.73660773,-1.3381715,0.41758418,-0.55027902,0.49465841,-0.039370261,0.081304289,0.48531538,0.069994673,0.35410607,0.38113308,0.019226991,-0.093421116,-0.36493784,-2.2694154,-0.7540772,-0.86892915,0.01501986,-0.92756212,0.25472894,-0.062854238,-0.30444157,0.054391876,0
0.58361268,0.33846924,0.28752276,0.51389551,0.54408199,0.5466125,0.54923326,0.48693383,0.54435575,0.51991355,0.51766604,0.51719934,0.52285254,0.50482655,0.5072844,0.43539843,0.48010471,0.58781499,0.55251402,0.46151322,0.54080051,0.52077407,0.49025232,0.4448716,0.50763041,0.56607199,0.55167246,0.51899457,0.56586039,0.52838123,0.54689974,0.52599698,0.48253322,0.48376852,0.50742078,0.47523254,0.53893125,0.6247288,0.47572842,0.5531438,-0.86321688,0.2749621,0.39878529,0.43836057,1.3677409,1.6612864,1.3157032,0.72496104,0.8420459,1.6526279,1.4028144,1.2051525,0.36188021,-0.21362217,-0.17606069,-0.37355348,0.62221038,0.31487358,0.33369941,0.28241229,-0.87201369,-0.005439382,-0.60463488,0.40940875,-0.72418255,-0.13996163,-0.1704962,0.68050313,0.12123609,1.4915283,-0.20094144,0.18980557,-1.0482372,-0.24353164,-0.009753153,0.88378602,-0.93303776,0.54775381,0.25758719,-0.82077175,-0.13653475,-1.1592983,-0.56916589,0.36518285,0.8063758,0.6286369,-0.051340211,-1.6339431,0.63529271,0.073959433,-1.0182505,0.64857352,0.041816302,0.050478265,0.45638785,0.05252023,0.29373026,-0.42436063,0.086680703,0.5730812,-0.44563463,-1.039897,0.028686993,0.48483634,-0.26335412,0.27914822,0.001682576,-0.13645947,-0.058006361,-0.32199484,0.47096434,0.8035028,-0.1784052,-0.36358306,-0.28956115,0.24112022,0.46321982,-1.0182574,0.41038579,-1.1059693,-0.40898699,-1.7113531,-0.91114217,0.007320438,-0.46149859,0.24093226,-0.30276865,0.079425886,-0.11055729,-0.22482219,-0.67295653,-0.39611,-0.13154925,-0.99838853,-0.13062111,-0.088542014,0.1844908,0.41481304,-0.45043617,-1.4630247,0.23433594,0.41374877,0.7419762,-0.13479465,0.47790408,0.32008046,0.059793741,-0.47934109,-0.22961389,0.47379804,-0.15122172,-0.20855361,0.3574633,-0.33438691,-0.6734345,0.022597529,-0.52737671,-0.52942729,0.31235784,-0.23567794,-0.019595988,-0.55667919,0.68429708,0.60232711,0.092892393,0.067291394,-1.6312776,0.71481115,-0.010872275,-0.13832073,-0.06576179,-0.45964658,0.002387721,-0.21282813,-0.65566009,0.9725756,-0.71312714,0.10543055,0.38338602,-1.4129957,-0.12219712,0.34257996,-0.10321628,-0.53913027,-0.7784335,0.47696584,0.13518959,0.24712467,0.58510423,-0.60993505,-0.22668451,0.013940305,0.062960029,0.18240613,0.3212986,0.12377425,-0.088905983,-1.1684939,-1.5854506,-0.68835205,0.2314253,0.69582218,0.2972073,-0.42862591,-0.20175424,0.1052743,1.2729733,-0.11910884,0.084038734,-0.2239731,-0.24034664,1.1349847,0.15249392,0.23399702,1.6293814,-0.19566177,-2.2547839,0.004181318,0.43468088,0.012849133,-0.074494086,-0.73252869,0.13776816,-1.4306585,0.25912926,-1.037699,0.41462615,0.035962626,-0.78315276,0.017246339,0.23416796,0.43961197,-0.14988169,-0.45681515,-2.3941059,0.26612526,-0.70246798,-0.037337095,0.000331044,0.27827781,0.58904445,-0.010274634,-0.18250826,0.76242173,-1.5027252,-0.87534094,-0.25079769,0.28538448,-0.39233258,0.22135873,0.20354298,0.44395527,0.091157436,0.43235469,0.49700558,0.81341785,-0.86226112,-0.34670079,0.50506973,-0.13126892,0.24302304,-0.11692548,-0.29245892,-1.1560456,-0.45073339,0.076204777,-0.50697815,0.44041201,1.0410091,0.34003496,-0.44330519,0.18804476,-0.32197663,0.72988641,0.48089126,-0.42982227,0.081892163,1.4079421,0.054144457,0.038708154,-1.0171915,-0.13714923,-1.7894896,1.0055234,-1.4611528,-0.1544683,-0.051881567,-1.5217481,-0.070144512,0.13214521,0.311746,0.71072906,0.3298113,0.459714,-1.7456839,0.88938892,-0.018916765,1.124362,-0.004681893,-1.0979545,-0.090207301,-0.78589499,0.52183557,0.1654558,-0.77339733,0.3147068,-1.6361766,-1.4272753,-1.4107699,-0.39395541,0.37359264,0.29575968,0.23033305,-0.89913905,0.7571857,-1.110907,-0.10690272,0.19342273,-1.092521,-0.03165587,-0.001980504,0.4012683,0.043299258,0.27276593,-0.018620238,0.50720543,0.018820699,0.81097388,0.009063743,-0.13535109,-0.60599405,0.37776858,0.92457151,-0.56479096,0.50930893,0.48934567,0.53638291,-0.59324086,0.67760044,0.4989751,-0.92512268,-0.53849375,0.0774583,0.14461783,0.28018373,0.80984086,-0.32613221,-0.46885997,-0.48333642,-0.078639515,0.60639226,-0.22936638,0.10150979,-0.31077787,0.15436599,1.0609288,-1.0407773,0.12655327,0.22782317,-0.49593687,-0.10822845,-0.42183024,-1.3823742,-1.765296,-0.10346097,0.5407747,0.04850091,-0.1955002,0.6583553,0.16074032,0.47730336,0.26702601,-0.33957782,-0.40929282,0.17251168,0.012950476,-0.1036776,-0.37174022,0.19145532,0.14480585,1.1115812,-1.5316161,-0.042701676,1.5609481,1.3546519,0.43020055,-1.3368428,-0.24994642,-0.40414679,-0.19282271,0.060603887,0.44761574,0.79157233,0.49767774,0.40116352,0.17449439,0.20143414,0.68933964,0.70450544,1.0562991,-0.86070257,0.17547712,0.27717686,0.14484866,-0.3143481,-0.14200154,-1.6847529,0.30822751,-0.013103306,-0.34820601,-0.18648273,0.26763892,0.13444175,-0.57472152,0.19899315,-0.20217691,-0.11776496,-0.12550825,0.30791348,1.1217742,0.27809224,0.073534034,0.55966014,-0.11788104,-0.074468896,-0.97752357,0.3379811,-0.5882991,0.28256276,0.99724138,-0.76567256,-0.49305466,0.38988775,0.40763587,-0.54193389,-0.8773672,0.49039128,-0.45761782,0.00505184,-1.6460845,0.30324835,-0.20544991,-0.57582831,-0.40309051,0.89614844,0.44493687,-1.744953,-1.1486429,-0.34698108,-0.047970012,0.27216336,-0.005176596,0.049154699,0.45910174,0.21016553,-0.11953282,0.21775277,0.26649615,0.33947381,-0.022132158,-0.048052505,0.17324033,-1.3326095,-0.057712086,0.44479376,0.016016982,0.16807608,0.56830317,0.85782951,-0.40665802,-0.80059713,-0.41661334,0.019907072,-1.9256063,0.27087107,0.3250035,0.39880145,-0.69401079,-1.2366844,0.24362659,-0.5764094,-0.02192378,0.015284359,0.071476996,0.5686115,0.14920464,0.3338573,0.43783802,0.01604655,-0.20036238,-0.41223893,-2.1474018,-0.66567993,-0.81446999,0.053126752,-0.80245709,0.25024578,-0.16648917,-0.31660086,0.074434802,0
0.57806993,0.325261,0.28000861,0.52528441,0.51078284,0.53513682,0.53155541,0.54404068,0.5301466,0.52460682,0.52433443,0.51750797,0.54330021,0.53385472,0.54343283,0.55867052,0.51778746,0.53857958,0.53012329,0.55973274,0.50761664,0.52346861,0.53059381,0.51298296,0.53113061,0.50293469,0.52194738,0.51013017,0.51994258,0.52072126,0.51426846,0.5385685,0.5424751,0.53001767,0.51689804,0.52699596,0.50446063,0.51558977,0.5272873,0.50447226,-0.89254934,0.26988119,0.51340342,0.52688599,1.4060826,1.7355843,1.4057896,0.81838852,0.9546721,1.731353,1.4447465,1.2994115,0.32757413,-0.23750734,-0.27784234,-0.37466693,0.76841122,0.4124518,0.41323912,0.31467766,-0.69458497,0.010792661,-0.59193367,0.53039491,-0.77763033,-0.03158021,-0.2281651,0.80392736,0.35169178,1.2865341,-0.15834433,0.22294533,-1.2253898,-0.20663361,-0.029667415,1.1166718,-1.1989173,0.56082278,0.25446481,-0.91425294,-0.044613648,-0.77790999,-0.76171541,0.43396789,1.0676652,0.69003248,0.014944051,-1.7708864,0.62684834,0.10795651,-1.0424011,0.63127065,0.024590917,-0.024742402,0.52559668,-0.11032975,0.47782782,-0.31989881,0.048827715,0.64445955,-0.8480134,-1.1051877,0.10218023,0.63152254,-0.36917087,0.28467149,0.1867705,-0.1424312,-0.12704425,-0.31351659,0.49106118,0.82798916,-0.20582661,-0.35729489,-0.42724556,0.1145049,0.36045608,-1.0525471,0.43098342,-1.1410789,-0.39496604,-1.7726705,-0.98620808,-0.006242402,-0.33626896,0.44249409,-0.48251581,0.21897477,-0.12550814,-0.050555989,-0.71149075,-0.67000681,-0.097199261,-1.2288402,-0.19455755,-0.056407921,-0.009671062,0.16584983,-0.37809393,-1.5885214,0.24225172,0.52024078,0.77551252,-0.38343307,0.55186594,0.30981699,0.049461797,-0.62182873,-0.33799309,0.31044641,-0.73439562,-0.28467247,0.37457833,-0.22551557,-0.80687553,0.027257212,-0.51030701,-0.53742027,0.23580442,-0.25643203,0.011467487,-0.8022151,0.81110561,0.50638759,0.35587582,-0.033305183,-1.7123256,0.34530002,0.032318264,-0.74873126,-0.094527423,-0.62157351,-0.004168384,-0.22145116,-0.76693887,0.89365923,-0.79271662,0.091420799,0.38568023,-1.7091132,-0.14449333,0.38324338,-0.19211355,-0.37468886,-0.79154956,0.49035794,0.36322182,0.27305034,1.1283735,-0.84156823,-0.21371776,0.088873714,0.052630138,0.23676634,0.39273417,0.24828887,-0.20708281,-1.3403827,-1.7904049,-0.81050795,0.25918177,0.43013793,0.35127679,-0.52340889,-0.35817385,0.17108169,1.3126489,-0.068523005,0.000303022,-0.44285846,-0.17470217,1.0215608,0.16297716,0.26697299,1.708992,-0.21181254,-2.2339957,-0.07492546,0.44849205,0.045572218,-0.024474982,-0.62277097,0.10105056,-1.4146143,0.25484836,-1.3522834,0.37088889,0.21197806,-0.91291863,0.062837519,-0.19250378,0.39175117,-0.19417736,-0.58816737,-2.5517821,0.33207759,-0.67783451,-0.012399487,0.010258868,0.083073162,0.51587248,0.13590948,-0.22114302,0.52002001,-1.3692672,-0.73316681,-0.24812825,0.35968608,-0.52066565,0.063170061,0.25164607,0.51917559,0.087570176,0.56048256,0.38272226,0.84032112,-1.027084,-0.32427952,0.57271034,0.010132082,0.23050976,-0.027152043,-0.29863727,-1.2428527,-0.5171749,0.10313552,-0.38989073,0.57045442,1.082853,0.4334029,-0.456034,0.17881209,-0.39575014,0.60664272,0.47662762,-0.42836255,0.15199403,1.3448383,0.08181303,0.12210919,-1.1414167,-0.15496713,-1.9866098,0.92022014,-1.0182471,-0.19678119,-0.24055961,-1.6534072,-0.31980297,0.20518617,0.32933247,0.46389282,0.38254243,0.27475315,-1.8458829,1.0091991,-0.012058076,1.0071399,-0.02051013,-1.0372435,-0.041816577,-0.96346205,0.64072895,0.37966096,-0.91329503,0.33619156,-1.7265235,-1.7336557,-1.325307,-0.59700727,0.64510781,0.46428588,0.30648428,-0.78811163,0.75236994,-1.152342,-0.12526628,0.349751,-1.125918,-0.12046753,0.084199071,0.34415981,-0.011077838,0.38832018,-0.036311015,0.35771525,0.020798555,0.49006397,0.14009634,-0.15489796,-0.82423961,0.41049668,1.0976392,-0.49320245,0.56416655,0.53506112,0.43134356,-0.7313723,0.64071465,0.16103277,-0.85637677,-0.43001822,0.079215541,0.050688908,0.006802052,0.96274656,-0.38662764,-0.62233061,-0.54710484,-0.043217763,0.54511803,-0.16996342,0.23691943,-0.23583829,0.21559304,1.1928995,-0.96960318,0.15884385,0.23893672,-0.66135645,0.029652251,-0.61597073,-1.2752608,-1.8493718,-0.41400132,0.6629321,0.21927494,-0.30780011,0.77367729,0.38921157,0.57111335,0.28379446,-0.30150673,-0.32743162,0.25355789,0.007794544,-0.1826465,-0.71009284,0.1953091,0.15865542,1.3214995,-1.6442938,-0.089060754,1.6492069,1.7244886,0.38416684,-1.4249952,-0.192349,-0.15433422,-0.11669579,0.018904464,0.26610017,0.60215646,0.55499995,0.33507153,0.16360116,0.21250255,0.73191988,0.71803868,1.046255,-0.85496527,0.45011914,0.13032347,0.16877352,-0.27152663,-0.16762051,-1.7498273,0.3799274,0.005984329,-0.33313468,-0.18426476,0.12179954,0.18139583,-0.58904201,0.20189324,-0.13140514,-0.1410988,-0.068491727,0.4902367,1.0653936,0.26686931,0.086525664,0.62795919,-0.060508393,0.083606735,-1.0442972,0.22133096,-0.82358462,0.19777665,0.72597444,-0.97267377,-0.24017045,0.45373237,0.46422723,-0.52001303,-1.0682758,0.608922,-0.52246678,0.28998035,-1.5609632,0.31486189,-0.26082417,-0.55504405,-0.47961831,0.99662977,0.45818079,-1.8905072,-1.319756,-0.34909004,-0.0491786,0.24996229,-0.062045112,0.075460352,0.51251692,0.27026463,-0.23696226,0.3121708,0.26487628,0.39266467,-0.06105677,-0.42002794,0.20223004,-1.5045824,-0.049841851,0.30626738,0.062317729,0.15764251,0.85226321,1.6534165,-0.36900121,-0.86344147,-0.35397848,0.1206542,-1.9727818,0.37592575,0.40886617,0.49525547,-0.84354794,-1.3042047,0.23345679,-0.56799096,0.98056781,0.001986384,-0.035027642,0.21920976,0.12228654,0.30590051,0.38346925,0.033684969,-0.12458521,-0.28236678,-2.2668986,-0.72280061,-0.8224262,-0.007276706,-0.77897757,0.24046868,-0.17856808,-0.26473439,0.065649495,0
0.5703727,0.33639756,0.29645193,0.53831637,0.5423798,0.55041271,0.53565568,0.52108669,0.5454396,0.53715962,0.5333904,0.5292595,0.53340411,0.51979697,0.5459435,0.52599168,0.53461707,0.55567968,0.54420364,0.52842897,0.52025056,0.53170484,0.5238179,0.52145493,0.5315659,0.51995456,0.53831589,0.52203512,0.51812255,0.52999872,0.51904881,0.52674592,0.51487589,0.52420211,0.52485621,0.50474238,0.50994134,0.52471447,0.50257128,0.50827426,-0.79927915,0.29024309,0.27167958,0.31545985,1.2573705,1.5686828,1.1484957,0.58374727,0.70168972,1.5173683,1.3088163,1.0642667,0.23148316,-0.21308412,-0.29645702,-0.3840051,0.48249066,0.26784596,0.31321517,0.23365964,-0.685399,0.10481935,-0.58693206,0.29686302,-0.82332051,-0.036215343,-0.19843891,0.60943806,0.16592437,1.3250961,-0.15543415,0.17659068,-0.99149674,-0.26817936,-0.065257549,0.66686374,-1.0453527,0.4487794,0.2390808,-0.80112982,-0.14986224,-1.0494473,-0.51730514,0.28549364,0.66582429,0.56113899,-0.011991861,-1.4616081,0.57378203,0.13301042,-0.92745596,0.71501535,0.063302152,0.021257821,0.49052745,-0.056617156,0.25301057,-0.40432191,-0.034461498,0.4577134,-0.48680174,-0.9649424,0.036941551,0.47871941,-0.3380838,0.27314842,0.091249704,-0.11173298,-0.18009785,-0.2873342,0.33373886,0.67781484,-0.18017513,-0.53609079,-0.40581301,0.41219538,0.27785596,-0.96980345,0.36197826,-1.0318062,-0.3751497,-1.5387717,-0.8665089,-0.098212451,-0.41460741,0.32083985,-0.43220851,0.070767768,-0.11192262,-0.1517989,-0.63856637,-0.51821232,-0.030161336,-0.9850049,-0.16351794,-0.10453493,0.14234787,0.21996686,-0.41478568,-1.387099,0.28724831,0.4200708,0.74545705,-0.12653229,0.46084705,0.24297825,0.056180499,-0.32147852,-0.28888884,0.25676021,-0.32916901,-0.078355834,0.31421635,-0.14598326,-0.62955391,0.048222139,-0.5234164,-0.3130517,0.26743954,-0.40467498,-0.048496202,-0.67744595,0.77321768,0.51849186,0.19031891,-0.061299615,-1.5349897,0.51166701,-0.11347795,-0.2158421,-0.084835544,-0.47632542,0.01184345,-0.2108832,-0.67137557,0.90400553,-0.78436327,0.14655477,0.36425945,-1.4691713,-0.085667543,0.26904666,-0.13158496,-0.31020182,-0.89373112,0.39039946,0.13773546,0.32907104,0.80714202,-0.69244736,-0.18785787,0.048007037,0.15455422,0.10963725,0.22807571,0.14474928,-0.11755566,-1.1089063,-1.5199637,-0.67034775,0.246052,0.69239092,0.24908096,-0.38755509,-0.32211173,0.13671602,1.282331,-0.15662658,0.024140377,-0.30639052,-0.27713642,0.93968308,0.14458171,0.22869888,0.71735823,-0.07311552,-1.8924451,-0.029716078,0.37848642,0.037298381,-0.12814337,-0.62698263,0.087891012,-1.3768563,0.2492936,-1.0746483,0.5824334,0.11045066,-0.77040404,-0.044050001,0.079351261,0.49089316,-0.073803589,-0.15117683,-2.3901803,0.27100968,-0.36087769,-0.0449761,-0.12039689,0.10300976,0.62839687,0.20622933,-0.20353296,0.62068284,-1.2731302,-0.73141742,-0.30270058,0.52590859,-0.32033676,0.049455553,0.19021255,0.28211248,0.004919805,0.4559164,0.44582745,0.81798404,-0.90420425,-0.37768382,0.67886102,0.08598949,0.20682229,-0.047777645,-0.27989554,-1.1615615,-0.42624769,0.061603524,-0.22924879,0.47164005,0.99509376,0.39700991,-0.44937015,0.13405903,-0.29105896,0.5374527,0.35344237,-0.36075699,0.091978125,1.3950994,0.092804685,0.14193332,-0.84224349,-0.15924369,-1.7516005,1.0497261,-1.1896925,-0.21314371,-0.20483908,-1.4074661,-0.11995514,0.1487048,0.065007105,0.42758316,0.42982706,0.23744121,-1.6731806,0.86449075,0.14800407,0.97830617,0.050110951,-1.076593,-0.10510968,-0.83215821,0.54599756,0.17645209,-0.83693051,0.2897234,-1.5617185,-1.5564289,-1.185173,-0.35972628,0.39517906,0.17088768,0.17729975,-0.96801847,0.61188418,-1.027665,-0.098817155,0.1968118,-0.96130735,-0.057328567,0.040364701,0.43292385,-0.11896853,0.25097394,-0.096902281,0.44354469,0.047808874,0.93728852,0.04201337,-0.17411919,-0.64729011,0.30593982,0.89986366,-0.59548652,0.57969338,0.42665774,0.46469426,-0.56576216,0.55319571,0.21472317,-0.88860798,-0.49227759,0.096331879,0.12926036,0.10197,0.64783478,-0.3025369,-0.50271934,-0.50131249,-0.009173585,0.53218669,-0.23776181,0.18544865,-0.28474033,0.15504663,1.0264794,-1.087291,0.12282018,0.25625002,-0.46023601,-0.010454991,-0.053302079,-1.1889702,-1.8610442,-0.014934927,0.50417781,0.12860107,-0.15390959,0.70902783,0.19490805,0.44795102,0.21931973,-0.27437446,-0.49579978,0.13535757,0.042317316,-0.085976973,-0.41969734,0.25283584,0.084514625,1.1129181,-1.5027285,-0.146947,1.4778668,1.3665898,0.3200545,-1.2648615,-0.22336438,-0.55074877,-0.21797299,-0.059320219,0.39249426,0.76189411,0.86354983,0.34563109,0.20276809,0.19390127,0.58999747,0.60090107,0.80677336,-0.91186881,0.27864969,0.16449675,0.069688439,-0.30831075,-0.16757968,-1.4629215,0.26770464,0.025953257,-0.38558805,-0.16648985,0.22796696,0.074818522,-0.66452193,0.27474713,-0.29108638,0.13839696,-0.16612895,0.48108014,0.92604673,0.3047561,0.010563673,0.59004968,-0.039494015,-0.18137243,-0.88325667,0.26294035,-0.5857532,-0.039976686,0.65610594,-1.0472424,-0.14505771,0.34118414,0.34411663,-0.53913528,-0.97294748,0.45947546,-0.52831113,-0.11932951,-1.7014687,0.27826905,-0.1163187,-0.20933715,-0.47146699,0.88359505,0.3604781,-1.7228483,-1.144991,-0.35946453,0.037916888,0.2442473,-0.012598738,0.01478566,0.3508366,0.18091008,-0.11653969,0.24183713,0.33333555,0.36319882,0.016189173,0.054381199,0.15417777,-1.2181135,-0.013638202,0.36390454,-0.060803272,0.14767939,0.70998371,0.81861526,-0.36854964,-0.73340672,-0.46815974,0.089039549,-1.8960217,0.3145662,0.24055026,0.37912092,-0.56690568,-1.1974082,0.27534577,-0.64696097,0.080082253,-0.073514581,-0.065957852,0.59364682,0.089124791,0.30545345,0.31656677,-0.003002364,-0.12925923,-0.30596176,-2.0532229,-0.64443791,-0.88194364,0.022010371,-0.92059487,0.13813095,-0.15104222,-0.27417514,0.003410187,0
0.59878254,0.39213648,0.33252189,0.57718629,0.55914187,0.58480835,0.56640756,0.55413324,0.57453477,0.56829882,0.56182331,0.56279767,0.56272852,0.55397463,0.57948899,0.57752275,0.5752297,0.59985107,0.55581641,0.54486167,0.54605967,0.5590806,0.54361272,0.56061292,0.54930091,0.54218459,0.55551785,0.55506611,0.55598879,0.54951447,0.54347861,0.54263949,0.53264874,0.53815734,0.543764,0.54237491,0.52448452,0.53854489,0.53205538,0.52852118,-0.84402013,0.32939851,0.25842375,0.32530439,1.2238117,1.5430341,1.1337581,0.58498645,0.68285263,1.5001127,1.2669213,1.0561899,0.23185772,-0.21479474,-0.32984427,-0.35106111,0.51433784,0.25385982,0.31202906,0.26373658,-0.66223115,0.033009179,-0.58952713,0.30520576,-0.78423876,-0.11338276,-0.17743425,0.57821459,0.1950044,1.1810251,-0.20368414,0.18890172,-1.0109906,-0.26375622,0.005164087,0.73975551,-1.0030382,0.45894706,0.17937937,-0.8267718,-0.10550532,-0.96594286,-0.52262998,0.33738843,0.69336778,0.6086598,-0.032674678,-1.4276528,0.52778006,0.088782407,-0.8716684,0.5157423,0.025098778,0.030742297,0.5209527,0.05064927,0.31332934,-0.32776636,0.003053766,0.50075501,-0.5916326,-0.96096915,0.070377842,0.42982945,-0.30571896,0.15520465,0.091193706,-0.10984775,-0.15816467,-0.26429844,0.43647885,0.62940794,-0.17990804,-0.34765801,-0.30695868,0.1012713,0.24614409,-0.86836392,0.33878303,-1.0209045,-0.30776882,-1.5120107,-0.79642224,-0.031728934,-0.39183426,0.41647953,-0.28164476,0.10793379,-0.091111638,-0.072852895,-0.52483815,-0.48331362,-0.1079379,-0.92464948,-0.093275018,-0.04927133,0.13039283,0.077764779,-0.36387932,-1.2643896,0.11684018,0.44298053,0.70176238,-0.11415773,0.41449362,0.41565776,0.04221411,-0.52225745,-0.25905317,0.30500966,-0.63231725,-0.22730353,0.28484175,-0.090395138,-0.69250345,0.10052246,-0.46036923,-0.2760632,0.20306331,-0.30665007,-0.012609139,-0.68725657,0.75412291,0.61495525,0.1681513,0.041480966,-1.475166,0.40649214,-0.00496728,-0.15057109,-0.11266455,-0.44617963,-0.007492244,-0.18019395,-0.60958982,0.80726081,-0.54265761,0.090329684,0.39214253,-1.4422379,-0.11088952,0.32280469,-0.087384894,-0.30870232,-0.75024188,0.48917484,0.075846523,0.35022271,0.66485202,-0.647995,-0.18724123,0.018226983,0.02308508,0.21118449,0.33225247,0.14517197,-0.13683918,-1.0230274,-1.4248385,-0.67626488,0.20453951,0.50163227,0.21637177,-0.39198437,-0.32619891,0.12139818,1.15556,-0.15053137,0.039526165,-0.24839807,-0.22267309,0.91718966,0.12719652,0.21308611,0.84082675,-0.028804772,-1.766036,-0.062288307,0.37334934,0.046485454,-0.098917648,-0.55521667,0.16166633,-1.3010561,0.2077564,-0.97612238,0.30705336,0.14019483,-0.69529092,-0.01935064,0.21046159,0.31240764,-0.18876299,-0.2156921,-2.2214031,0.25956735,-0.35449305,-0.023273289,-0.020008743,0.12789334,0.50575179,0.080655381,-0.15682378,0.5495581,-1.182452,-0.65550375,-0.2276313,0.35758758,-0.37349218,0.067885123,0.20000188,0.4835777,0.044472478,0.42458656,0.48741943,0.77383494,-0.74982142,-0.31697237,0.57704145,-0.01140976,0.19263019,-0.031244125,-0.23434487,-1.0841737,-0.42710188,0.074978612,-0.26782292,0.41448027,0.94891512,0.39900315,-0.43634427,0.17796311,-0.32578453,0.55899674,0.41037619,-0.35335004,0.072423778,1.2528255,0.096380964,0.15016216,-0.77007246,-0.14370611,-1.7510875,0.8922351,-1.0379206,-0.22726902,-0.18959241,-1.3281343,-0.14203638,0.15669319,0.1723897,0.59044218,0.32718822,0.027150244,-1.5931194,0.69589615,0.16595533,0.91333103,0.031978052,-0.95484364,-0.11625015,-0.75891578,0.49123368,0.37843993,-0.75166529,0.31877083,-1.4715284,-1.5283006,-1.1851199,-0.3316322,0.37144357,0.22414556,0.24947976,-0.82695758,0.60209262,-1.063463,-0.094538018,0.22403531,-0.87116539,-0.05000329,0.035623424,0.43362373,0.068257608,0.29061544,-0.036620557,0.45856431,0.024782825,0.5079428,-0.007231511,-0.083657466,-0.60146064,0.31241229,0.8661558,-0.43869323,0.44827789,0.46712646,0.49652439,-0.533746,0.56561643,0.17572486,-0.80524528,-0.45619664,0.088829942,0.061530024,0.15494058,0.76314723,-0.28269067,-0.47219393,-0.51211679,-0.008704683,0.40961653,-0.15683514,0.18147625,-0.24786834,0.132957,0.98994601,-0.95374894,0.12683108,0.22562435,-0.49197668,-0.069311664,-0.023903564,-1.1463727,-1.6798863,-0.16314375,0.51302928,0.11602426,-0.16559757,0.6818608,0.21230941,0.4424063,0.21803699,-0.16873057,-0.40201923,0.15280458,0.066690378,-0.041908596,-0.5696007,0.18820781,0.15126947,1.1319196,-1.4815389,-0.075406745,1.2716545,1.3222184,0.3470515,-1.0675743,-0.19751063,-0.32634026,-0.14421576,-0.045968436,0.29278424,0.62984622,0.46266773,0.33255932,0.15329006,0.21474443,0.60933757,0.61528373,0.86993188,-0.77842063,0.1813722,0.19723718,0.13145715,-0.27034318,-0.15013674,-1.4292805,0.2722919,0.005013514,-0.35644791,-0.1598596,0.3196176,0.15285388,-0.61097544,0.22256047,-0.1847757,0.10805435,-0.069543563,0.4594166,0.96436191,0.16831291,0.007900596,0.53136659,-0.058307864,-0.032310054,-0.86477506,0.20327653,-0.6203835,0.13512066,0.59219509,-0.92092031,-0.22909361,0.38119936,0.3201738,-0.42276627,-1.0007895,0.44479999,-0.57694,0.011942677,-1.5708473,0.31076694,-0.20150888,-0.30855978,-0.45368904,0.83813953,0.43456501,-1.6538435,-0.89608079,-0.31391329,-0.012328628,0.21649812,-0.026413202,0.041429427,0.41395846,0.13553104,-0.14515217,0.26559269,0.29660508,0.3431375,-0.057074279,-0.16811264,0.16557662,-1.1972796,-0.01945259,0.2795763,-0.02075878,0.14470407,0.58113635,0.80944633,-0.35605913,-0.71310878,-0.30498296,-0.013249757,-1.7560592,0.36498404,0.33459598,0.38948673,-0.51898247,-1.10041,0.2439504,-0.53415334,0.10560587,0.003720135,-0.063640967,0.34940252,0.13466322,0.29250279,0.29947418,0.00348239,-0.048095927,-0.26316738,-1.9530201,-0.63596696,-0.7109288,0.002720401,-0.76565641,0.14092579,-0.15331145,-0.19016692,0.034739189,0
0.69992363,0.43094444,0.37531096,0.65134263,0.66176498,0.65902752,0.65500456,0.64968324,0.66541117,0.6628499,0.65223438,0.65278089,0.65946829,0.6377368,0.66791689,0.6499306,0.66217208,0.67489684,0.66912138,0.65768248,0.64908993,0.6563831,0.65957177,0.6460135,0.66714013,0.65848762,0.67173707,0.64691818,0.65829229,0.65120798,0.65067726,0.67021507,0.65347075,0.65337831,0.66189599,0.62062091,0.6432423,0.66577685,0.63457125,0.65454197,-0.92296416,0.36486453,0.3330012,0.41714522,1.2412171,1.5694435,1.1898824,0.6123687,0.73116374,1.5222139,1.2596221,1.081742,0.25422812,-0.20767933,-0.36273211,-0.32113007,0.54408234,0.27489182,0.34047744,0.23197733,-0.61917764,-0.025236137,-0.74633938,0.37059295,-0.53728354,-0.0400417,-0.19146405,0.64243835,0.078043059,1.4348736,-0.20259568,0.14609283,-1.0997417,-0.24411187,0.084328681,0.74346864,-0.99927109,0.49225798,0.24286237,-0.82039189,0.25868341,-1.1338894,-0.63392377,0.29868358,0.72402012,0.61470354,-0.06267377,-1.699717,0.80651623,0.076630652,-1.0300379,0.82057345,-0.03923706,0.10696471,0.55947208,0.16344549,0.18870209,-0.33592573,0.033001214,0.5745278,-0.55341738,-1.0660638,0.049574368,0.41376182,-0.33385539,0.20458528,-0.017207561,-0.23581263,-0.035834379,-0.33566362,0.4262093,0.66261739,-0.1947317,-0.31128749,0.11608088,-0.12189864,0.35416427,-0.87976027,0.38337064,-0.96245736,-0.39941007,-1.7696854,-0.87258279,-0.040623941,-0.52672684,0.01834543,-0.31346047,0.061836347,-0.10149765,-0.17891365,-0.67625576,-0.56256145,0.34880891,-0.99373561,-0.10763404,-0.082453892,0.12974505,0.44969249,-0.43170613,-1.4134361,0.54751486,0.46120113,0.78088844,-0.090089425,0.55261624,0.42784539,0.005821027,-0.12243619,-0.080900818,0.28122517,-0.57885969,-0.061005205,0.31653214,-0.23077217,-0.71409136,0.11743893,-0.53245711,-0.40283531,0.33605978,-0.32312909,8.81E-05,-0.89717877,0.58800155,0.76694071,0.19010361,0.25576872,-1.5466989,0.62036026,-0.024844822,-0.11370385,-0.060989588,-0.50755692,0.035968337,-0.088034242,-0.66026777,0.97785324,-0.79424345,0.061374731,0.33586511,-1.4336338,-0.19337106,0.23742485,0.053521514,-0.57168305,-0.80216807,0.38595897,0.18667479,0.3505567,0.77975041,-0.72622675,-0.2458545,-0.000929698,-0.006090862,0.27102304,0.39322349,0.1429968,-0.12421761,-1.1745397,-1.5887791,-0.64797872,0.22566119,0.624856,0.4588657,-0.41084766,-0.36277723,0.055393852,1.0026717,-0.14151236,0.035243265,-0.2324689,-0.28701591,1.0294068,0.10768893,0.23130879,1.1943293,-0.18354629,-1.7678068,-0.047538143,0.90333462,-0.066167198,-0.043228932,-0.69380772,0.13934244,-1.4109588,0.20606138,-0.9968347,0.28205645,0.11504532,-0.77531976,-0.038316432,0.21469858,0.43057579,-0.21565507,-0.30047911,-2.4644952,0.19120006,-0.40089858,-0.035586037,-0.097531363,0.29092515,0.50082576,0.11970562,-0.20212156,0.49800009,-1.3334492,-0.83238155,-0.23844095,0.44190878,-0.39250478,0.18001911,0.19712193,0.49614954,0.041448984,0.31191427,0.46261814,0.68103707,-0.86626959,-0.36224711,0.71967977,0.096524596,0.23920628,-0.009962559,-0.23935959,-1.2393371,-0.53012192,0.058627337,-0.42044848,0.51525789,1.1447932,0.38967526,-0.46780384,0.22934616,-0.38932133,0.73469234,0.66799855,-0.39729336,0.055851016,1.3971986,0.21375123,0.095183671,-0.93445623,-0.1519119,-1.8782434,0.82781929,-1.2534785,-0.07626906,-0.15922558,-1.5171493,-0.20308691,0.11761256,-0.17916591,0.83473265,0.39773759,0.26842135,-1.7846318,0.72661614,0.050180338,1.2608244,0.007916464,-1.1561296,0.092123121,-0.8558265,0.49546865,0.37168431,-0.73682892,0.34341714,-1.5469626,-1.3969904,-1.2541246,-0.43298554,0.57703352,0.59709811,0.27731103,-0.80984646,0.63689524,-0.90011537,0.096464783,0.36066681,-0.93399686,-0.023278097,0.037998766,0.47093946,-0.037603736,0.34659582,-0.084497631,0.31166139,0.024369881,0.50039041,0.008545414,-0.055862643,-0.58167398,0.34750739,1.0138372,-0.36985669,0.61699444,0.4912501,0.59497881,-0.61610514,0.78639543,0.28686205,-0.75948441,-0.7057969,0.050944276,0.038313091,0.11655289,0.82901508,-0.30416957,-0.50062597,-0.52924466,-0.04771997,0.75298953,-0.17183053,0.29146227,-0.29668206,0.13618273,1.2757503,-1.1526345,0.10357028,0.2241329,-0.53319186,-0.010274811,0.24033847,-1.3763177,-1.8132216,-0.19665906,0.66150475,-0.036302492,-0.1373933,0.70831591,0.10133573,0.45930496,0.26238674,-0.13185063,-0.41778189,0.17357247,0.14834303,0.018135063,-0.34105462,0.17806435,0.083560824,1.1734114,-1.5932192,0.068673454,1.4009897,1.2867113,0.30451167,-1.3283216,-0.19905323,-0.3803052,-0.26460543,-0.011194146,0.30521569,0.74011827,0.5191837,0.33832431,0.23973897,0.22885813,0.69452929,0.77621716,1.0098031,-0.75307745,0.21692705,0.36545458,0.10611671,-0.40177855,-0.11601451,-1.4423196,0.3078872,-0.033439182,-0.33957893,-0.17304698,0.65125352,0.23818433,-0.63876176,0.14459318,-0.23315388,0.58939552,-0.032018699,0.70415473,1.080073,0.28488538,0.003454185,0.59257561,-0.1352194,0.17149147,-0.90702605,0.24166624,-0.68619269,0.087443419,0.6690402,-0.66140693,-0.76723754,0.40217882,0.34107557,-0.55014515,-1.1142598,0.46559507,-0.55207795,-0.063139774,-1.5729216,0.26881054,-0.23008808,-0.7784996,-0.26708889,1.068511,0.37494302,-1.7405572,-0.96775997,-0.38545629,-0.042251553,0.23613149,-0.11621881,0.042749543,0.51836944,0.2183471,-0.15440756,0.28055605,0.36308661,0.31530467,-0.060476311,-0.099364445,0.27065054,-1.3665317,-0.035199143,0.36617273,0.060060184,0.21341211,0.58340657,0.99458253,-0.37908554,-0.73786581,-0.28675938,0.11960226,-1.9329357,0.27175507,0.29256254,0.42022714,-0.60635412,-1.043617,0.34295225,-0.52640635,0.006520614,-0.029365182,-0.053883471,0.38857499,0.11458419,0.28993666,0.43727288,-0.009021388,-0.1219735,-0.44372076,-2.1474359,-0.683119,-0.79568768,-0.031356744,-0.74598289,0.13598424,-0.15706806,-0.3640677,-0.00125524,0
0.63524008,0.38765496,0.32808638,0.60166335,0.6022343,0.61860675,0.59912765,0.59685391,0.60507005,0.61136854,0.60946655,0.60075933,0.59762311,0.58384645,0.60286939,0.59098005,0.60518754,0.627168,0.61578405,0.60299319,0.59105456,0.60011566,0.58887178,0.5937897,0.59763968,0.59727192,0.60413957,0.59869897,0.59408319,0.60753918,0.59421468,0.5885523,0.58282828,0.58282733,0.60123336,0.57436264,0.58679283,0.5990333,0.56961071,0.58918333,-0.98327011,0.30779743,0.44888055,0.54334575,1.3457117,1.676284,1.3069762,0.74901968,0.86854208,1.658246,1.374714,1.221675,0.32408315,-0.20038378,-0.31618708,-0.38083896,0.56612051,0.36162144,0.33086455,0.28170621,-0.87469399,-0.015820101,-0.58660418,0.3513841,-0.7643609,0.059702083,-0.24777107,0.63521433,0.11652718,1.2155253,-0.19839367,0.16323039,-1.1234301,-0.2126075,-0.18473686,0.80515128,-1.0616938,0.5583626,0.28683794,-0.80480796,-0.12896599,-1.0849837,-0.48293293,0.35608289,0.75134575,0.61558664,0.004738022,-1.6192731,0.71597606,0.12291495,-1.0048162,1.0172751,0.046891306,-0.01612322,0.6545676,-0.000352725,0.28601822,-0.3828381,0.004392803,0.56890339,-0.47191045,-1.0643034,0.048466284,0.55361176,-0.29730228,0.28019258,0.039435819,-0.14996095,-0.10979657,-0.28896335,0.25168097,0.57607883,-0.17743401,-0.33641616,-0.2217668,0.34657788,0.28579137,-1.0926456,0.45725203,-1.1784327,-0.34314209,-1.6594415,-0.92111957,-0.18346468,-0.52816784,0.2480897,-0.3635428,0.12931302,-0.10940614,-0.23669565,-0.78689444,-0.50058842,0.17882955,-1.0500411,-0.27553642,-0.15605871,0.1067335,0.19125912,-0.39380828,-1.5258005,0.53715855,0.53400767,0.78641784,-0.1788656,0.44602281,0.31330615,0.019874923,-0.49783623,-0.27512592,0.27482307,-0.46622479,-0.077824831,0.36796126,-0.3355538,-0.77272528,0.066487677,-0.56690407,-0.42427433,0.34454075,-0.48410347,0.015016647,-0.71176112,0.78335887,0.61244893,0.087127805,0.0829411,-1.5115155,0.4972083,0.011678878,-0.19685085,-0.080648534,-0.53590548,-0.005013464,-0.16365115,-0.68568629,0.93939012,-0.65090543,0.10482933,0.35710704,-1.8201773,-0.091090217,0.19734047,-0.22903764,-0.46168247,-0.88051611,0.2579197,-0.033542424,0.49535045,0.57599193,-0.81607097,-0.2350845,-0.010741554,0.059991021,0.10513029,0.30886373,0.074540421,-0.18408129,-1.2403758,-1.7802004,-0.6659674,0.23485757,0.65626305,0.3016386,-0.43314317,-0.37214181,0.023731917,1.3763239,-0.074859835,0.074849419,-0.26312092,-0.34074032,0.8998642,0.2002995,0.24783999,0.67485487,-0.12508589,-2.0951047,-0.042074289,0.4444609,-0.017593235,-0.089610614,-0.77439249,0.12162565,-1.4463686,0.27914971,-1.0481861,0.64940256,0.045166038,-0.84730816,0.003861927,0.12241189,0.69088113,-0.17202753,-0.15984046,-2.4917555,0.34575495,-0.49179032,0.011093996,-0.087712668,-0.047969773,0.78782821,0.14648302,-0.18536246,0.64485621,-1.3702323,-0.79982471,-0.27086726,0.43203688,-0.43119213,0.031184636,0.18006113,0.36647794,-0.036153909,0.39991635,0.46684143,0.75849921,-0.79584014,-0.34261915,0.6673305,0.02723109,0.17900822,-0.063683555,-0.36468464,-1.1808451,-0.45129812,0.087461472,-0.29126087,0.36502153,0.98704672,0.38749158,-0.44118759,0.22446182,-0.34926775,0.62560892,0.55400288,-0.3999145,0.068566106,1.5455772,0.1931839,0.13418379,-0.99290287,-0.19522962,-1.8198091,1.1452019,-1.2488549,-0.18406968,-0.17993082,-1.4182446,-0.20881122,0.18153253,0.01327239,0.83217305,0.47908211,0.21527225,-1.8753099,0.94807506,0.056609545,1.1978405,0.054804824,-1.22809,0.02961871,-0.8821609,0.56124073,0.34816366,-0.85135454,0.30854028,-1.6700161,-1.4713206,-1.2863857,-0.31693888,0.40158215,0.35696745,0.33753735,-1.0342046,0.79920155,-0.94446504,-0.027927369,0.25431681,-1.1107059,0.021035772,0.063087404,0.613554,-0.039083421,0.20887344,-0.2879647,0.41437715,0.018366138,0.98351872,-0.012473647,-0.20535722,-0.84761488,0.41736215,0.93455714,-0.72513568,0.59355414,0.48439214,0.48810881,-0.57413495,0.54930186,0.20341539,-0.86238146,-0.6373173,0.10625862,0.10297768,0.060548007,0.74286294,-0.30042335,-0.56841493,-0.52964556,-0.04953495,0.43813878,-0.16999245,0.10917301,-0.38232231,0.17703481,0.97016549,-1.1218841,0.1534431,0.30595544,-0.48430109,-0.062790185,0.01141721,-1.3617017,-1.9412402,0.090238765,0.73099983,0.006590098,-0.11054538,0.84493208,0.14253321,0.43232957,0.27307698,-0.15429309,-0.61368513,0.22440538,0.090491481,-0.17303512,-0.43475083,0.23840937,0.18925895,1.1465425,-1.5543772,0.01402865,1.433046,1.4516258,0.38111308,-1.4010687,-0.3539542,-0.65263814,-0.29204011,0.053635702,0.28487653,0.84352195,0.55809194,0.30763608,0.21767786,0.13776718,0.76613837,0.58192009,0.95012408,-0.9778806,0.020320833,0.16178481,0.049006939,-0.41497761,-0.15973459,-1.6562681,0.40420628,0.002604939,-0.37220868,-0.16032591,0.37579536,0.17982624,-0.59526867,0.28768101,-0.20978616,0.45808131,-0.21822479,0.37214583,0.98024106,0.33485901,0.035759728,0.65825784,-0.045672357,-0.11630563,-0.90083551,0.34875476,-0.67387199,0.039089195,0.70623136,-0.96138358,-0.29034323,0.44709873,0.25168356,-0.58625513,-1.1385335,0.57014662,-0.58649802,-0.12567598,-1.6885383,0.27943033,-0.19773324,-0.41776755,-0.48079479,0.94769096,0.19524878,-1.8867596,-1.1736082,-0.40438849,-0.029604502,0.27138701,-0.094104104,0.077526063,0.53634161,0.26551464,-0.052016154,0.16319585,0.23782039,0.382348,-0.051551737,0.21036839,0.23409495,-1.342894,-0.041200396,0.38695037,0.089674316,0.18722528,0.63133949,0.86507368,-0.44015199,-0.7961902,-0.40774316,-0.024549022,-1.9281509,0.32175323,0.24763566,0.48352247,-0.64685661,-1.321207,0.28664714,-0.63724184,0.005143672,-0.090369582,-0.033653762,0.84951216,0.13659063,0.33348951,0.35215214,-0.005429134,-0.11223467,-0.35508612,-2.1696267,-0.627298,-0.84548324,0.073484287,-1.0116234,0.23679432,-0.16590521,-0.29641479,0.048597842,0
0.62776321,0.36173403,0.31146231,0.58703852,0.58596194,0.60405391,0.59715843,0.59102589,0.59449601,0.59105408,0.60634536,0.58918524,0.62023628,0.59079337,0.61450231,0.62992382,0.62162459,0.61077565,0.603315,0.62017465,0.59796804,0.58564413,0.60033989,0.6002422,0.59745729,0.58669424,0.59226263,0.57876539,0.59541011,0.60239327,0.57651043,0.61235023,0.59843808,0.61688495,0.59083056,0.5865773,0.57951868,0.59789139,0.59478718,0.58894783,-0.88414043,0.29816189,0.41021776,0.50779271,1.3175672,1.6224298,1.248647,0.71463567,0.81868231,1.6069604,1.3284444,1.1744242,0.3610495,-0.18999799,-0.34929943,-0.35590306,0.62593299,0.37556353,0.36562216,0.30176947,-0.71772045,-0.018858751,-0.60144985,0.42688286,-0.83102739,-0.031301856,-0.2485995,0.59300494,0.016792327,1.2116748,-0.20372134,0.17750318,-1.0749843,-0.20719305,-0.14909919,0.90515804,-1.0521098,0.54098278,0.24951702,-0.78175461,-0.11547184,-1.0372914,-0.47888842,0.36902943,0.81430531,0.62591261,-0.023417313,-1.5838016,0.65200937,0.088418312,-1.0093828,0.84967643,0.028046725,-0.015739687,0.44479758,-0.023406729,0.24592322,-0.32146361,0.023959503,0.5931021,-0.41854614,-0.94525552,0.028374624,0.53096414,-0.3220647,0.24169348,0.003509086,-0.14161585,-0.11989696,-0.20832059,0.32380432,0.49925804,-0.20012824,-0.33624634,-0.19704613,0.22011569,0.31262538,-1.0863979,0.44243881,-1.0687335,-0.3433809,-1.600023,-0.86570233,-0.20449439,-0.46431303,0.20335723,-0.34515774,0.066900611,-0.12292925,-0.096959956,-0.73789436,-0.52193707,0.055911511,-0.97409135,-0.24686864,-0.047703147,0.062733345,0.27155563,-0.40644997,-1.5330902,0.35925829,0.51153201,0.71906441,-0.16286767,0.47998017,0.31704074,0.034298241,-0.46142656,-0.26233655,0.26405784,-0.39268473,-0.054685824,0.37039161,-0.2631079,-0.67180085,0.11956011,-0.61296797,-0.33730757,0.27911332,-0.42993078,0.004229517,-0.71526963,0.78284454,0.63969207,0.16140896,0.082388684,-1.4584603,0.43276086,-0.007225007,-0.18097685,-0.031937424,-0.48610696,0.029526202,-0.16172674,-0.65757072,0.99497992,-0.70444185,0.12744047,0.38238835,-1.6175601,-0.10384314,0.13715258,-0.21009517,-0.48237664,-0.85713089,0.23797542,-0.036955804,0.47061017,0.7715168,-0.74476141,-0.26977962,-0.002039861,0.05497174,0.15158553,0.34808937,0.11579528,-0.23964828,-1.1945635,-1.7405784,-0.66087019,0.28590119,0.61718118,0.28446576,-0.39824757,-0.33006543,-0.030632496,1.2759416,-0.032713074,0.11030544,-0.13015184,-0.33205405,0.8389383,0.18556774,0.26315895,0.82910609,-0.15161352,-1.9312015,-0.04705175,0.28954309,0.026889779,-0.085975245,-0.7218166,0.14813633,-1.400834,0.27039251,-0.96336126,0.43280244,0.053777121,-0.83782178,0.038631856,0.1382625,0.49361375,-0.14840882,-0.1555675,-2.4106114,0.2494601,-0.5501461,0.040005758,-0.082918271,0.12578066,0.66546249,0.17926884,-0.14577174,0.52570403,-1.3087317,-0.76408362,-0.28109261,0.41474378,-0.38176623,0.11167614,0.20215476,0.38497931,-0.005187322,0.33408374,0.40938979,0.8275404,-0.8120777,-0.35510412,0.57593161,0.016766127,0.15941039,-0.034107357,-0.31462267,-1.1791538,-0.40562677,0.061611924,-0.33116424,0.36900485,0.91965407,0.41761622,-0.43531907,0.21665509,-0.30164003,0.62224329,0.45424753,-0.39568219,0.093641371,1.5149391,0.15458357,0.17719181,-0.81414151,-0.16372216,-1.8083206,0.99821687,-1.3106627,-0.17839491,-0.059745684,-1.3968754,-0.19952233,0.19322859,0.012994111,0.52870613,0.44707283,0.28120983,-1.7946109,0.8395012,0.064187728,1.0187525,-0.02855758,-1.235238,0.05268909,-0.89101148,0.52776629,0.28465831,-0.784832,0.2794649,-1.6259726,-1.2853138,-1.2650191,-0.31412363,0.44441354,0.11083996,0.34194067,-1.0007507,0.74179173,-0.93024832,-0.074161097,0.26849231,-1.0528067,-0.089152664,0.068079643,0.53188258,-0.000817642,0.16525796,-0.27153504,0.36224759,0.020074114,0.72526181,0.050839841,-0.15320313,-0.73662597,0.41430113,0.91830111,-0.59602302,0.5878256,0.48629633,0.40125304,-0.60802794,0.58576447,0.20617464,-0.85865939,-0.65869689,0.074856877,0.10430145,0.065309003,0.79553747,-0.33612019,-0.5162183,-0.57625782,-0.043119106,0.40851787,-0.15630224,0.050378263,-0.44417605,0.18398552,0.84910691,-1.0470335,0.14636862,0.31758276,-0.48667604,-0.095273711,-0.23564047,-1.3064482,-1.8481061,-0.059743807,0.705302,0.035089254,-0.10787699,0.73945463,0.15725709,0.47073391,0.2606307,-0.21744089,-0.55487043,0.25285304,0.06746617,-0.13825381,-0.38483992,0.19683704,0.14049752,1.1347618,-1.6636174,0.08033964,1.3838129,1.4604622,0.31092504,-1.3247653,-0.28022641,-0.56568784,-0.3078436,-0.03243709,0.17788151,0.75825018,0.70707589,0.41726547,0.19689652,0.12225975,0.77379721,0.57608616,0.90359002,-0.94924378,0.037966758,0.10753292,0.10187326,-0.41537118,-0.15612498,-1.5489517,0.42285413,0.00249869,-0.33527547,-0.11261436,0.23639712,0.21110594,-0.5393151,0.27072361,-0.1942001,0.11618845,-0.14776027,0.43728769,0.97910953,0.29094529,0.05450996,0.62178582,-0.06647858,-0.039386779,-0.85211986,0.35287049,-0.69110811,0.062752254,0.72095025,-0.97659111,-0.28307235,0.32732928,0.23584409,-0.52927643,-1.1031816,0.52909786,-0.59199542,-0.066246495,-1.6750679,0.24348114,-0.19233868,-0.38575333,-0.46430072,0.87700087,0.17865404,-1.7978204,-0.992706,-0.4382441,-0.05222892,0.24916615,-0.093236446,0.062017225,0.5616563,0.244986,-0.073597558,0.21698475,0.23236564,0.30959269,-0.040512957,0.050051957,0.23821512,-1.3051665,-0.037690643,0.34149233,0.049223959,0.16018155,0.56888092,0.87775958,-0.38439634,-0.77396911,-0.42698213,0.16534165,-1.9440159,0.37836882,0.28879696,0.49848258,-0.61952019,-1.213974,0.25785053,-0.57630819,0.10610309,-0.10362437,-0.049228467,0.59252065,0.17127584,0.3443546,0.27870899,0.021616869,-0.10789958,-0.33197027,-2.0817862,-0.62034076,-0.83381957,0.073513851,-0.97611588,0.20256421,-0.19228469,-0.28598955,0.10109644,0
0.51959813,0.25803187,0.2161888,0.59482861,0.48213714,0.54448122,0.55541778,0.51083815,0.49500328,0.52648628,0.57365656,0.50996417,0.56099033,0.54921192,0.56543207,0.54487294,0.58195436,0.55765045,0.51858985,0.61264735,0.493671,0.51818031,0.57133991,0.54722226,0.51669776,0.50328362,0.49396971,0.48824799,0.50501961,0.5133788,0.53135717,0.53965747,0.55262917,0.4978655,0.50894457,0.52804655,0.54026884,0.53277749,0.52450424,0.54295397,-0.78177148,0.20299914,0.28600854,0.43609062,1.2715505,1.5541499,1.1479394,0.5988555,0.70406628,1.5104711,1.2488179,1.0775199,0.36228696,-0.18598761,-0.31806919,-0.33922294,0.60291141,0.34079963,0.31758833,0.29523849,-0.67330676,-0.031399045,-0.61505026,0.42730737,-0.73849404,-0.028039135,-0.22016311,0.4966315,-0.033188075,1.1899686,-0.2143864,0.19828664,-1.0499115,-0.19773208,-0.12417324,0.81330943,-0.94248611,0.54549199,0.19952591,-0.72565454,-0.11246383,-0.97859192,-0.49129602,0.3328152,0.79565573,0.51559371,-0.00663987,-1.4455156,0.61017036,0.066518657,-0.94659108,0.64730138,0.014666878,0.005640458,0.54325587,-0.025472008,0.28700504,-0.19977285,0.072382644,0.5795089,-0.55795836,-0.88662672,0.011968173,0.47622454,-0.28572017,0.10667574,0.089259587,-0.14303324,-0.000788152,-0.21119344,0.29783112,0.52730846,-0.14148134,-0.30111995,-0.14576393,0.00833045,0.10041317,-0.82123494,0.37915012,-1.0635812,-0.30907729,-1.5535959,-0.75541568,-0.12840699,-0.50608158,0.27308345,-0.28954148,0.063204646,-0.097700447,-0.004738361,-0.59824598,-0.6198808,-0.12576637,-0.86532152,-0.10397564,-0.008908168,0.068741836,0.28787115,-0.33796936,-1.2657688,-0.005800724,0.41108888,0.68198013,-0.090829715,0.45172465,0.28531587,0.003030896,-0.64000046,-0.26249778,0.29701442,-0.66912007,-0.11473879,0.3615832,-0.17899007,-0.62696964,0.16318718,-0.46652588,-0.30896598,0.23024538,-0.39696962,0.02925759,-0.68472928,0.67091894,0.60427153,0.16763394,0.026582509,-1.2768672,0.53095722,-0.002003901,-0.17994322,-0.042094823,-0.45719334,0.044142038,-0.10286735,-0.6118837,0.78483355,-0.66569501,0.13687979,0.35301334,-1.4067706,-0.065837502,0.17123859,-0.088002875,-0.32013208,-0.73711246,0.33885223,-0.012805834,0.37182322,0.80850124,-0.68964487,-0.18244436,-0.000947729,0.044194113,0.21670194,0.34291309,0.13845739,-0.1505844,-1.0748252,-1.5700636,-0.5957188,0.22245526,0.79724705,0.34395063,-0.40178987,-0.36077127,-0.009714678,0.9715023,-0.17292738,0.081090331,-0.10520095,-0.26627848,0.84942025,0.17781311,0.24383606,0.5915401,-0.12124926,-1.8229347,-0.075781211,0.30453384,0.004186896,-0.056940753,-0.60463387,0.096922442,-1.2701583,0.22953151,-0.86757207,0.10742506,0.10249907,-0.76322252,0.033145651,0.29647714,0.21221152,-0.20178078,-0.59527957,-2.2172573,0.26547447,-0.22382176,0.039178252,-0.074523546,-0.023626134,0.45201328,0.07350295,-0.17687847,0.64150923,-1.2256637,-0.78635812,-0.34365845,0.36975741,-0.38889986,0.14927211,0.15077554,0.45435876,0.052644707,0.34763002,0.41593367,0.72541463,-0.78550279,-0.30352122,0.51887709,-0.10083423,0.17881225,-0.023101347,-0.23621744,-1.0463903,-0.41335425,0.097520806,-0.23727697,0.33707052,0.84408057,0.34103975,-0.42607859,0.21872517,-0.28823718,0.52057511,0.41198289,-0.39489654,0.0372812,1.5168391,0.12560205,0.15199955,-0.68538058,-0.12700008,-1.6369793,0.84806532,-1.1445532,-0.12589957,-0.16708502,-1.3575326,-0.15575884,0.14988562,0.017785341,0.64930809,0.41725558,0.066658825,-1.593572,0.70134211,0.02692928,0.94751191,0.029148225,-1.0310925,-0.015715972,-0.79295099,0.50315863,0.26096937,-0.76395202,0.24807709,-1.4699004,-1.2434371,-1.1062669,-0.33201742,0.4066028,0.26508206,0.29624689,-0.76073653,0.71108508,-0.84839046,0.022674248,0.26900262,-0.92888105,-0.057518832,0.032061201,0.39759511,-0.009178869,0.24507637,-0.18724507,0.52841645,0.008364681,0.38303268,0.070649371,-0.039601654,-0.50000584,0.37929615,0.88506651,-0.39180833,0.5234682,0.47728139,0.48760724,-0.56661618,0.52547264,0.3021048,-0.73405445,-0.56861043,0.092320442,0.049379364,0.076992393,0.81515425,-0.25049779,-0.47103447,-0.48593926,-0.052537329,0.43277764,-0.14791739,0.10366709,-0.2400198,0.12949777,0.83789456,-0.98729056,0.11734064,0.27628127,-0.40285546,-0.004996555,-0.20429951,-1.184999,-1.7233158,-0.15481886,0.62664235,0.07072483,-0.15317293,0.63404995,0.10320206,0.44940746,0.27978125,-0.14725526,-0.37446129,0.19543563,0.068596736,-0.1646935,-0.68202984,0.18372482,0.16116934,1.1461796,-1.4116968,-0.018263828,1.3206786,1.3296582,0.38422543,-1.1833062,-0.19011001,-0.46082675,-0.26187652,-0.031633873,0.11438736,0.61711198,0.61162043,0.41520482,0.11113469,0.18938348,0.76380199,0.63641012,0.89085996,-0.71478319,0.098689184,0.16079567,0.15201251,-0.3299596,-0.099476434,-1.3444421,0.34805125,-0.000580575,-0.33244994,-0.15584199,0.25885987,0.18670648,-0.53395391,0.22225857,-0.18702874,0.3063888,-0.05898416,0.28460419,0.86957651,0.29348361,0.038059242,0.55441493,-0.016698144,-0.12573832,-0.82286155,0.24316148,-0.66300696,0.063052706,0.6249727,-0.79098815,-0.26167029,0.36247882,0.23598926,-0.45687652,-0.94975132,0.47763017,-0.51791471,-0.052955389,-1.4606438,0.20402461,-0.20558386,-0.603607,-0.44114125,0.76221114,0.22571632,-1.648075,-0.95972431,-0.34267169,-0.041574024,0.22897054,-0.078970909,0.000573857,0.43488747,0.25377923,-0.13303934,0.17387077,0.35357234,0.29208657,0.1111332,-0.15629058,0.2029071,-1.2131803,0.29594934,0.25005913,0.085026011,0.19661942,0.45682114,0.80752182,-0.34682056,-0.72353816,-0.35403061,0.22943999,-1.7176573,0.33740693,0.28126302,0.41374874,-0.5249722,-1.0098996,0.25663197,-0.4526068,0.11298867,-0.077421308,-0.078670867,0.2015166,0.15078533,0.3291328,0.26291302,0.024838515,-0.11318152,-0.31636637,-1.9027423,-0.63460416,-0.75836205,0.014550596,-0.79997027,0.18292907,-0.11466248,-0.23260528,0.099950492,0
0.674263,0.40321663,0.36603224,0.65362048,0.6547209,0.67260844,0.65393746,0.63973975,0.65554315,0.65827978,0.65407306,0.64975071,0.65132761,0.64559251,0.66053224,0.63983369,0.6519686,0.67580396,0.66445863,0.64177871,0.63941383,0.64388561,0.64382327,0.64593959,0.65045118,0.64555585,0.65936315,0.63848007,0.65215743,0.66161412,0.64451444,0.65379429,0.64237964,0.64378572,0.64307022,0.63090074,0.62791848,0.653813,0.62515879,0.63990593,-0.82100427,0.34580246,0.34340894,0.39681262,1.307032,1.6452422,1.2142947,0.65688694,0.76578319,1.5712399,1.3666662,1.1272165,0.48215234,-0.17322218,-0.39266169,-0.4234809,0.70395964,0.3687557,0.39778674,0.34803006,-0.70370829,0.004986104,-0.6733942,0.36244464,-0.86489999,0.085755184,-0.23887375,0.4955318,-0.10837519,1.3535711,-0.25655782,0.23030193,-1.0410684,-0.21595988,-0.25385499,0.91295612,-1.0779874,0.49867985,0.17626116,-0.76472712,-0.137411,-1.1200355,-0.45436701,0.31074017,0.97040355,0.56344134,-0.056999899,-1.5420371,0.59495938,0.15515244,-1.035418,0.93144166,0.041022032,0.045563236,0.4566896,-0.001135536,0.20700216,-0.28526255,0.05419727,0.61445069,-0.50964504,-0.91489935,-0.007837266,0.44858846,-0.30545807,0.15110093,0.13544573,-0.24276078,-0.017702959,-0.24887305,0.2328244,0.31417263,-0.15846439,-0.27260661,-0.12006086,-0.031545192,0.22751682,-1.0557421,0.42711437,-1.0103326,-0.38758409,-1.6225477,-0.91962838,-0.14104046,-0.46482766,0.32754084,-0.3340261,0.004490599,-0.061536122,-0.21840471,-0.75622821,-0.65103984,-0.13563091,-1.0184441,-0.13966317,-0.050592497,0.010346547,0.11588675,-0.45619971,-1.5563468,0.33675292,0.5098452,0.74060309,-0.15970735,0.400197,0.22265577,-0.012351006,-0.43197122,-0.24227163,0.39664435,-0.58284825,0.002079666,0.45327523,-0.24192211,-0.66646504,0.064330734,-0.56302762,-0.30952811,0.24730119,-0.34403118,0.031857457,-0.79673016,0.82949269,0.67206401,0.19106779,-0.015227586,-1.4874034,0.49906576,0.049530961,-0.23070779,-0.079038784,-0.51608002,0.009533756,-0.15885499,-0.7004174,1.0192975,-0.75055969,0.15334925,0.36155641,-1.5605481,-0.12142335,0.15332133,-0.15886182,-0.35261917,-0.89751691,0.22044316,0.024975747,0.40817404,0.63956749,-0.72188604,-0.1544852,0.087750733,0.27895772,0.13501756,0.2685318,0.080033839,-0.22461504,-1.2096763,-1.7321593,-0.57678831,0.35229728,0.81573367,0.36472136,-0.37147164,-0.42001569,-0.046737701,1.0140119,-0.124723,0.15502939,-0.10869887,-0.30364862,0.90193808,0.19487141,0.28905758,0.60887742,-0.16384749,-1.7593824,-0.037282187,0.26928207,0.031716064,-0.083221875,-0.69778681,0.1698783,-1.3827879,0.31606108,-1.042051,0.27579668,0.070304751,-0.8388114,-0.017563984,0.14992902,0.24063265,-0.15466669,-0.18279696,-2.4206362,0.27277291,-0.58343112,0.055217057,0.083748579,0.216828,0.54742515,0.2205904,-0.14101407,0.73753726,-1.3695275,-0.80914873,-0.27195773,0.37174815,-0.37917358,0.10375163,0.2768122,0.29825336,-0.005676892,0.31592304,0.43868491,0.78087008,-0.67772603,-0.33945012,0.45239586,0.015033634,0.17618284,-0.076537415,-0.28812853,-1.144181,-0.37641639,0.097119436,-0.32091701,0.21994671,0.9984464,0.42726681,-0.48816958,0.23659223,-0.2435983,0.51615351,0.45615891,-0.35053921,0.018826973,1.5609628,0.22700912,0.2045224,-0.93031824,-0.27084127,-1.7554723,0.89046419,-1.2678437,-0.13360232,-0.060324878,-1.3484271,-0.16130672,0.13537648,-0.02361238,0.47768366,0.37783277,0.31526154,-1.8249916,0.78261065,0.10957325,1.079179,-0.056352485,-1.1857611,0.012960128,-0.94942266,0.58416706,0.31278834,-0.77801096,0.3219687,-1.6299043,-1.3642216,-1.2619988,-0.29639041,0.37474766,0.027036071,0.32545733,-1.0173415,0.86766094,-0.93026233,-0.061702184,0.21023642,-0.99997073,-0.19316649,0.066425599,0.4884975,0.011772152,0.16492717,-0.29023796,0.4139384,0.077753611,0.28854096,0.2969721,-0.17057452,-0.80035853,0.48134491,0.86935472,-0.54430085,0.62764835,0.53131962,0.36276814,-0.63272488,0.60938877,0.28381586,-0.8510288,-0.58523029,0.074027397,0.069748178,0.068823576,0.76725757,-0.28544462,-0.48256603,-0.6113627,-0.007718692,0.46288887,-0.16517499,0.03387364,-0.38702437,0.21497038,0.82100737,-1.0115107,0.1873057,0.34209186,-0.46824795,-0.059191518,-0.15107046,-1.2282568,-1.8621355,-0.2196787,0.74864411,-0.012967154,-0.091311455,0.7246744,0.090552032,0.44552758,0.30107594,-0.15832958,-0.54259324,0.24562606,0.062618174,-0.12562193,-0.30289209,0.29634881,0.17593715,1.1928942,-1.4825543,-0.13216496,1.3530955,1.3457224,0.45616332,-1.3194343,-0.31914696,-0.66206139,-0.34465003,0.017472466,0.086079329,0.79828477,0.849828,0.4409461,0.19784608,0.14568797,0.76576281,0.52416486,0.78490722,-0.98764038,0.006694287,0.1132592,0.1626575,-0.41687176,-0.12075323,-1.5638403,0.4202044,-0.00853714,-0.30290452,-0.2031711,0.28943062,0.19007747,-0.573695,0.27025986,-0.27598414,0.13963604,-0.14948331,0.33422965,0.96496505,0.30010915,0.008500061,0.53535074,-0.14971586,0.05663801,-0.88620973,0.39095157,-0.68830895,-0.089750171,0.69311213,-0.92063349,-0.31395549,0.36810017,0.16528291,-0.52627689,-1.1184855,0.6044594,-0.53985465,-0.030025356,-1.7389776,0.20397367,-0.18349743,-0.28977898,-0.54220146,0.91263235,0.20180514,-1.7865617,-1.0318397,-0.50196499,-0.016690724,0.27454042,-0.12335515,0.019979989,0.39471501,0.27141935,-0.16809154,0.19581687,0.27196917,0.26164216,0.14972538,-0.106754,0.2495432,-1.3204719,0.1959264,0.21703139,0.003254918,0.25172207,0.46127766,0.85561627,-0.43572032,-0.76435846,-0.4694128,0.12838079,-1.834163,0.38362098,0.27459574,0.46726656,-0.63344538,-1.2644165,0.32024837,-0.49643156,-0.011031687,-0.11627989,-0.037810348,0.14419916,0.13965549,0.36565351,0.14971691,0.029916516,-0.05977229,-0.30786711,-2.0653768,-0.63887334,-0.83486956,0.14510977,-0.92229682,0.16284698,-0.12581278,-0.3158834,0.15606205,0
0.48660794,0.22825813,0.19475767,0.48894981,0.47407761,0.49774247,0.48084819,0.46946841,0.4796457,0.4788304,0.47485274,0.47006345,0.47505686,0.45769626,0.49201274,0.46770972,0.47431451,0.4955869,0.47888082,0.46232685,0.45657361,0.47356147,0.46392381,0.46635625,0.47432816,0.4641943,0.47462168,0.46485522,0.4727757,0.46818724,0.47035328,0.47254801,0.45834365,0.46029857,0.46350053,0.44934911,0.45162153,0.46509081,0.4488875,0.45486104,-0.86027241,0.17826486,0.32190275,0.4291912,1.3599799,1.6353536,1.2186569,0.65677035,0.7729795,1.5964463,1.3888065,1.1541979,0.35959348,-0.18422101,-0.2933774,-0.3330501,0.59631842,0.34895316,0.33628961,0.29163101,-0.65683669,-0.012824629,-0.6401087,0.29402211,-0.84656113,0.020345166,-0.18207617,0.4910484,0.030276388,1.0046136,-0.17247988,0.20563731,-1.029707,-0.20545308,-0.12249,0.81083953,-1.0644932,0.48337048,0.20369251,-0.7185294,-0.17042409,-0.98922873,-0.46876106,0.2644009,0.79629886,0.52117902,-0.06417419,-1.5861713,0.48457605,0.14817818,-0.96440166,0.82947659,0.019346185,-0.052551582,0.42546952,0.12660578,0.15029474,-0.25206691,0.040348534,0.58239579,-0.40742493,-0.93094099,0.003700905,0.52425599,-0.35057452,0.22038236,0.10336351,-0.12985724,-0.10833825,-0.24709007,0.27980173,0.3642391,-0.15705046,-0.3411749,-0.076606035,0.18529966,0.15084064,-0.92816603,0.38142464,-0.95466518,-0.3420729,-1.601773,-0.78755867,-0.11730653,-0.48581359,0.2184566,-0.33969343,0.023141436,-0.093112558,-0.087959185,-0.6757049,-0.41374049,-0.20455575,-0.94977951,-0.1120157,-0.081924915,0.081517808,0.34039664,-0.36558333,-1.380553,0.11180151,0.44290215,0.67490357,-0.099341854,0.41857097,0.32450178,0.032937311,-0.60552752,-0.1957043,0.35178447,-0.35087553,-0.061628588,0.4034749,-0.15980908,-0.73401678,0.13015933,-0.49961296,-0.30377081,0.29405972,-0.3467699,0.019104825,-0.74010783,0.73138058,0.58129674,0.19121848,-0.04752735,-1.3513207,0.35461473,-0.041463464,-0.13945322,-0.006498177,-0.47142071,0.042789809,-0.11367893,-0.67630649,0.84009594,-0.67707658,0.1532989,0.35903022,-1.5627266,-0.060716875,0.17525995,-0.1376031,-0.44056019,-0.76912141,0.32613409,-0.028738022,0.25356027,0.75640345,-0.7287119,-0.12061496,0.076432981,0.19861783,0.17579561,0.2314643,0.085650519,-0.24891602,-1.099425,-1.6227229,-0.66871291,0.24865785,0.7011351,0.39094964,-0.39048681,-0.24837188,0.005126558,1.1683452,-0.17020801,0.11184122,-0.1236895,-0.28727749,0.76901948,0.14459492,0.27147502,0.35366607,-0.10988773,-1.7806964,-0.070473522,0.22398627,-0.018553607,-0.034333169,-0.62001413,0.20827818,-1.3190782,0.1563988,-0.94934088,0.53307849,0.15666026,-0.74494553,0.055344012,0.21962649,0.47524807,-0.13893351,-0.45783958,-2.3119283,0.26043352,-0.36368799,0.02618973,-0.031872697,0.13692857,0.56407553,0.15268379,-0.1329426,0.38090977,-1.319545,-0.72109449,-0.30516315,0.34480399,-0.30098698,0.16084774,0.22765769,0.3058095,0.042742781,0.32444313,0.40830013,0.7653541,-0.75946259,-0.32952294,0.57819444,-0.11065531,0.21450612,-0.15948433,-0.26565292,-1.1157689,-0.43623969,0.11651023,-0.20046324,0.27629596,0.86862409,0.36578244,-0.42373553,0.19101138,-0.27622151,0.56018716,0.45055187,-0.36638808,0.089611202,1.4335734,0.12406403,0.28324807,-0.80475074,-0.20457473,-1.7686123,0.92080647,-1.2236618,-0.12013443,-0.055935666,-1.3758996,-0.11210961,0.16888119,-0.023005947,0.51202619,0.37189257,0.085172594,-1.7014982,0.81539196,0.25194988,0.91495639,0.049772419,-1.0886885,-0.018782221,-0.85825843,0.54422313,0.20022924,-0.80164355,0.28881904,-1.5356457,-1.2849483,-1.1486917,-0.29534376,0.39464632,0.040393472,0.27296132,-0.90805155,0.76016074,-0.89953184,0.008010969,0.24363314,-0.9703939,-0.095385008,0.031008527,0.52078301,0.069201909,0.19566099,-0.19921678,0.34872699,0.011780962,0.70522082,0.014919184,-0.076248124,-0.6517725,0.43322122,0.80224395,-0.48429835,0.48610824,0.48959672,0.48556486,-0.52039343,0.57823801,0.18091102,-0.75856316,-0.65578675,0.082459167,0.059479401,0.069861159,0.54708683,-0.16084753,-0.42932147,-0.48866037,0.021895885,0.44189578,-0.17097066,0.11885808,-0.32258436,0.16573842,0.77486032,-1.0974568,0.17181189,0.32629031,-0.42871734,-0.041025311,-0.039045438,-1.2912976,-1.6838239,-0.126683,0.63118827,0.00942117,-0.091062456,0.71249366,0.091203764,0.43917131,0.25116399,-0.1788751,-0.39764276,0.21958929,0.090853341,-0.10118616,-0.48239315,0.25611413,0.17208061,1.0576172,-1.465054,-0.12305781,1.3034906,1.3560402,0.35280249,-1.1758827,-0.17887342,-0.46064878,-0.22129518,-0.031425413,0.13797614,0.64585686,0.39414644,0.3837066,0.12531774,0.11820342,0.68532479,0.61914551,0.82724029,-0.83857995,0.1008849,0.18237147,0.14738509,-0.378683,-0.14323343,-1.5181128,0.34869915,-0.003900062,-0.34939569,-0.1398429,0.2117364,0.13449042,-0.57375056,0.31394613,-0.21789689,0.2326903,-0.074612714,0.38940737,0.94210756,0.30949,0.10470676,0.58189422,-0.12826344,-0.11489804,-0.84609789,0.24084125,-0.68196392,-0.06390059,0.5986532,-0.97109562,-0.28709522,0.3421199,0.20854101,-0.4568207,-1.0276165,0.4678165,-0.62006503,-0.088657677,-1.6112998,0.27227008,-0.15818015,-0.5886603,-0.44178581,0.76475191,0.23646408,-1.6874741,-0.95277053,-0.36808658,0.019093869,0.28670838,-0.10306196,-0.012085004,0.38080052,0.23537265,-0.098190956,0.20701766,0.30471975,0.37704062,0.11463729,0.13072817,0.21239395,-1.2227768,0.033147655,0.3116613,0.080541596,0.21314022,0.468665,0.75684041,-0.38512957,-0.74668002,-0.40997607,0.16344452,-1.7817349,0.30543274,0.30639002,0.40128338,-0.51795912,-1.0742841,0.34693044,-0.5532366,0.031524852,-0.13584657,-0.049174309,0.52614075,0.11182047,0.34976161,0.31171653,0.039718106,-0.003533647,-0.35253531,-2.0183721,-0.53124166,-0.75501961,0.049533758,-0.84219062,0.11217745,-0.11759758,-0.26002339,0.11104742,0
0.48082459,0.21986866,0.18079907,0.48776832,0.47383338,0.49439865,0.48638654,0.4688589,0.47444636,0.47963768,0.4728505,0.47666454,0.474361,0.4625144,0.49184191,0.46619958,0.47344238,0.4984929,0.48100746,0.46715963,0.45861411,0.46986181,0.46053398,0.46456748,0.47368285,0.4610756,0.47315949,0.45652038,0.46876359,0.47132075,0.46565288,0.46926954,0.45697078,0.46048832,0.46476537,0.44911543,0.44829416,0.46472478,0.44816512,0.45492679,-0.85320103,0.16749574,0.25254214,0.37153187,1.3105483,1.591248,1.1625038,0.60602212,0.70813447,1.5394691,1.347471,1.0931621,0.28443065,-0.19370419,-0.24449128,-0.29244509,0.55614334,0.2997252,0.30256987,0.23172237,-0.57380348,0.038378026,-0.59599948,0.26445457,-0.80414557,0.017963365,-0.17189699,0.46346807,0.13770762,1.1599475,-0.2393157,0.17762518,-0.96035397,-0.18636644,-0.047171112,0.8631084,-1.048951,0.44341999,0.13943997,-0.68637294,-0.13597266,-0.88463455,-0.49059302,0.25167489,0.73970675,0.53989482,-0.076290354,-1.5063431,0.59841496,0.12755205,-0.88892782,0.81102169,-0.008203253,-0.08675804,0.46699032,0.07535851,0.18611832,-0.35895729,0.035077021,0.50691772,-0.55852997,-0.94601434,0.031259589,0.42413157,-0.24033311,0.14562203,0.10564069,-0.19430874,-0.077215731,-0.28974849,0.30028802,0.70741773,-0.1357111,-0.32541299,-0.14055589,0.10104929,0.28302518,-0.90832871,0.34331554,-0.86622286,-0.3638978,-1.5804439,-0.80393696,-0.079140358,-0.40050566,0.29248917,-0.31428441,0.016152471,-0.098422408,-0.12109083,-0.7075969,-0.46152002,0.087243408,-0.91602862,0.018493101,-0.17126819,0.044201307,0.22496948,-0.40873075,-1.3998359,0.44834685,0.41134152,0.65914136,-0.090096414,0.42754626,0.31393594,-0.004811309,-0.32085413,-0.14016744,0.20982277,-0.55056483,-0.16847163,0.31856287,-0.11920945,-0.7351765,0.075982079,-0.49205449,-0.42781392,0.29285714,-0.31362212,-0.010915064,-0.75952488,0.69307679,0.66199505,0.091255978,0.036081519,-1.4276886,0.54508543,-0.28530332,-0.11439574,-0.023220155,-0.5077033,-0.047390178,-0.063130617,-0.61212927,0.88127899,-0.69925028,0.13056846,0.35151088,-1.5498807,-0.089003734,0.25247326,0.036151879,-0.50974166,-0.80366528,0.42366725,0.066223308,0.39167407,0.72964066,-0.66168654,-0.16161285,0.051968366,0.25655168,0.27544254,0.2884717,0.17215692,-0.12609681,-1.0507506,-1.5073866,-0.61368686,0.2199516,0.62676394,0.41301438,-0.43381456,-0.34138912,0.092956014,1.2927088,-0.063799456,0.10083061,-0.2407508,-0.28864279,0.82439804,0.13169602,0.21688139,0.61017942,-0.057057559,-2.0884929,-0.037811585,0.44310498,-0.04917603,-0.096120454,-0.62234867,0.22469532,-1.3980114,0.17459649,-1.0697398,0.26936647,0.16094372,-0.6678521,-0.031338088,0.19771451,0.31253362,-0.14247304,-0.29306281,-2.3239803,0.24107853,-0.34912902,-0.006058224,0.01842095,0.06691812,0.45798039,0.097959846,-0.13959894,0.46651116,-1.3205104,-0.77106231,-0.21389544,0.38819528,-0.4104335,0.25831351,0.25827309,0.31249553,0.075999409,0.29595199,0.34963939,0.70653892,-0.80439019,-0.37453067,0.66038412,-0.15606935,0.28097412,-0.04979695,-0.21024741,-1.0255373,-0.42492691,0.060918335,-0.32141182,0.3027271,1.0383954,0.31072372,-0.40395457,0.1916561,-0.3246941,0.57428837,0.55372417,-0.31627479,0.030205153,1.4035398,0.09637364,0.23897699,-0.63888061,-0.14452353,-1.8267556,0.82112682,-1.1533315,-0.22458443,-0.10505749,-1.3567377,-0.088241339,0.21140836,0.19462463,0.43760014,0.2968778,0.17481826,-1.728053,0.74789917,0.21434297,0.93121648,0.1115396,-0.9741329,-0.025692672,-0.87136334,0.51228148,0.1749071,-0.73971266,0.23658583,-1.5320383,-1.3552363,-1.2052908,-0.33330154,0.48085147,0.22016221,0.24347278,-0.81661451,0.60150516,-1.0300206,-0.013569653,0.28325999,-0.90743685,-0.13297524,0.028085673,0.52424628,-0.049503073,0.26852369,-0.14978603,0.39486581,0.019895187,0.48309672,0.084199227,-0.037941001,-0.5643968,0.36325133,0.80053973,-0.41412422,0.4933174,0.43779752,0.54779989,-0.55100989,0.58367604,0.27083278,-0.80868441,-0.55548024,0.12647118,0.064903341,0.12706333,0.63875514,-0.19301294,-0.48380443,-0.5161314,0.004357364,0.41205686,-0.16554479,0.13140361,-0.24926695,0.15445806,0.97570157,-1.0467277,0.13828065,0.31142646,-0.50587296,-0.028252816,-0.017712794,-1.2878041,-1.6511297,-0.30194053,0.55413419,0.027588561,-0.095798254,0.6391269,0.16950569,0.40115583,0.19783248,0.021913975,-0.34511697,0.18231881,0.013628691,-0.004014328,-0.44243196,0.20147282,0.16190319,0.93118393,-1.4999125,-0.21294473,1.3840326,1.2808442,0.39426696,-1.1079617,-0.080431938,-0.29775578,-0.14168769,-0.035343338,0.1477688,0.61821419,0.74045956,0.33054793,0.18089487,0.10457966,0.62752652,0.72134566,0.89236969,-0.60254407,0.007347852,0.24169964,0.19171342,-0.36885959,-0.11019482,-1.4195147,0.30166236,-0.0139874,-0.41000381,-0.18259291,0.35355935,0.10254686,-0.51577485,0.22433431,-0.2394388,0.17546794,-0.093166128,0.60557926,0.89810288,0.26220652,0.014420347,0.52314985,-0.070945814,-0.02669159,-0.87760794,0.25921118,-0.64671659,-0.055195898,0.69438672,-0.95882338,-0.29728186,0.27832559,0.16319191,-0.44481993,-1.059673,0.4971472,-0.56282127,-0.040612794,-1.5907629,0.31782568,-0.17171377,-0.46025175,-0.40425205,0.88827825,0.29155004,-1.6880976,-1.0563103,-0.35728669,0.036559299,0.27031583,-0.034083169,-0.020933187,0.3869755,0.18611586,-0.1620838,0.16265053,0.33483005,0.31714574,0.079924479,0.066118829,0.16953826,-1.1769361,0.10030052,0.22068751,0.034389626,0.18937334,0.47386348,0.80853331,-0.36582202,-0.82521755,-0.33704287,0.083494835,-1.787124,0.28770658,0.28711292,0.37388393,-0.54315782,-1.0632854,0.25354788,-0.58465314,0.1091285,-0.009459108,-0.10087516,0.3665911,0.079768643,0.28074443,0.33951467,0.012671076,0.012967095,-0.32847458,-2.0034239,-0.67153859,-0.70261663,0.034083292,-0.73406601,0.36479685,0.032702565,-0.31410152,0.10210643,0
0.634179,0.32513085,0.22970772,0.60357535,0.60823739,0.64160305,0.60240304,0.59302914,0.60768759,0.62053502,0.59802377,0.59544456,0.5938462,0.56630361,0.60714579,0.58752215,0.57652092,0.62871253,0.63641948,0.54175758,0.60134619,0.62033653,0.60842323,0.57045895,0.61650217,0.60849297,0.62159753,0.62069154,0.60292435,0.61560416,0.61332583,0.60600317,0.5961864,0.58761024,0.62392104,0.55187583,0.57910407,0.60881054,0.57957208,0.5959298,-0.81151575,0.11851209,0.37796974,0.4455415,1.3289092,1.6197433,1.2390149,0.66625643,0.79940349,1.5872034,1.3655429,1.1539433,0.40074846,-0.19222899,-0.34801424,-0.4443419,0.61787856,0.38418776,0.3593744,0.2806156,-0.76499701,-0.042340495,-0.66097707,0.23104444,-0.87944585,0.032484993,-0.22724964,0.58426809,0.11320287,1.2000306,-0.15619704,0.21057884,-1.1328322,-0.14426294,-0.030539628,0.83666837,-1.1524776,0.55740678,0.27770707,-0.82501888,-0.089510195,-1.0749097,-0.5441125,0.30434281,0.85515159,0.58532035,0.009628272,-1.6135221,0.60379624,0.18670031,-1.0037472,0.87469518,-0.012511611,0.089510508,0.57919866,0.040762469,0.19467819,-0.32907152,0.027591726,0.59369171,-0.46604311,-0.99078071,0.02536251,0.54706728,-0.34186989,0.16938861,0.17601503,-0.25557375,-0.1891567,-0.25621483,0.264476,0.5359484,-0.14984849,-0.39286509,-0.12923652,0.23293214,0.23040171,-0.85102326,0.4191533,-0.93982249,-0.36539119,-1.7545996,-0.84004033,-0.1050245,-0.52056706,0.28846514,-0.40052426,0.16104123,-0.06173769,-0.1422179,-0.71639675,-0.4624517,-0.074329942,-0.9953208,-0.13267392,-0.005095616,0.12025109,0.2660794,-0.36913198,-1.6041547,0.10284925,0.52030313,0.75605226,-0.1237016,0.60785794,0.25655282,-0.031641275,-0.50073779,-0.26076034,0.28088152,-0.35508883,-0.20592092,0.44285774,-0.24124701,-0.69375056,0.089217186,-0.50849569,-0.34057719,0.3332274,-0.40291902,0.027783152,-0.73638964,0.68505484,0.61870986,0.16807178,0.039046373,-1.4325235,0.43305346,0.03562329,-0.15892896,-0.040307112,-0.51043051,0.009861762,-0.13151826,-0.69623911,0.92372704,-0.55876541,0.25984472,0.40392682,-1.7038751,-0.041980624,0.25215089,-0.1780971,-0.2953307,-0.89253736,0.34093785,0.05716303,0.26602837,0.72965825,-0.87664884,-0.2897355,0.14480826,0.16093634,0.14983782,0.36812723,0.091752931,-0.062730566,-1.2363174,-1.7004137,-0.5872649,0.26854292,0.65588516,0.37688676,-0.37352014,-0.24836241,0.062132031,1.2970247,-0.13245492,0.07270743,-0.272982,-0.28691864,0.91918612,0.16130304,0.29229179,0.57048571,-0.14826021,-2.0957077,-0.078022361,0.32324433,0.002539614,-0.17730665,-0.7115401,0.1085047,-1.386225,0.12226922,-1.0094038,0.50994265,0.033286352,-0.8370111,0.016689474,0.098971233,0.48099881,-0.16267067,-0.5360533,-2.4063611,0.24578303,-0.61777961,0.012208052,0.050337791,0.10989261,0.61183023,0.19639558,-0.20099695,0.51490027,-1.3394818,-0.73774147,-0.16492127,0.45591891,-0.47105411,0.042331912,0.18257064,0.37187999,0.017550264,0.40059376,0.43456852,0.78076816,-0.7577678,-0.40808618,0.42805406,-0.009870199,0.11321314,-0.12775666,-0.28562358,-1.1964831,-0.59780163,0.14557552,-0.27854487,0.34542483,0.96180105,0.41744286,-0.45026955,0.11760613,-0.3389349,0.47471049,0.46914053,-0.37896332,0.066286914,1.4498917,0.14331529,0.19384205,-0.85815448,-0.24034083,-1.8030299,1.0212382,-1.2441717,-0.10955006,-0.096926972,-1.4111047,-0.29860544,0.15616816,-0.18268448,0.59328997,0.43782511,0.070830107,-1.8716921,0.84735429,0.18759695,1.0230591,-0.030962791,-1.2550488,-0.007315241,-0.91628069,0.62236792,0.40397882,-0.80180305,0.37058869,-1.5446993,-1.2264965,-1.2856507,-0.40172306,0.40525067,0.10396525,0.31782192,-1.0054673,0.80517149,-0.88045919,0.01433818,0.29600069,-1.0235195,-0.079244435,0.032824211,0.54213232,-0.05360657,0.21698266,-0.24636903,0.34028348,0.077099845,0.72283369,0.070935696,-0.12950712,-0.59452438,0.4701919,0.84297323,-0.62753767,0.56603986,0.56169313,0.40984321,-0.55339742,0.6038667,0.20355879,-0.74514455,-0.61868608,0.094122097,0.06180355,0.024778426,0.71723521,-0.2355133,-0.46428898,-0.56559873,0.040012121,0.54595691,-0.25693864,0.18591842,-0.37637883,0.18327886,0.86056483,-0.96802688,0.18115434,0.38211218,-0.45851123,-0.054934274,-0.10314646,-1.2966108,-1.8066074,-0.090530023,0.62204111,-0.10930356,-0.08578527,0.72733885,0.20992586,0.48037997,0.21435571,-0.15999113,-0.42714319,0.24420324,0.10313206,-0.15790048,-0.46856618,0.30466071,0.16131553,1.0909204,-1.5071353,0.027089097,1.3285737,1.40247,0.30544239,-1.2907114,-0.33880037,-0.41632378,-0.21815452,-0.090578437,0.21242279,0.73114139,0.58845258,0.40079692,0.11208853,0.21150233,0.78282076,0.60411239,0.93673778,-0.95963198,0.16134237,0.13015091,0.18601476,-0.39344317,-0.1505999,-1.5252483,0.37739909,-0.036227025,-0.26539159,-0.20374882,0.2524389,0.14721705,-0.40639305,0.38207179,-0.26102668,0.040935267,-0.11168803,0.39715886,0.97700518,0.30975357,0.00900098,0.61440384,-0.076323211,-0.05662619,-0.87721175,0.37463373,-0.73170608,0.077939659,0.65144622,-0.9575091,-0.34467974,0.39759955,0.26962456,-0.44964954,-1.0078292,0.45771456,-0.56602126,-0.039588317,-1.6401179,0.27137166,-0.1452212,-0.60485846,-0.50913888,0.95487523,0.24248704,-1.7262831,-1.0274278,-0.47504926,0.085460827,0.22047068,-0.14128751,0.007805603,0.40972617,0.3211787,-0.05521854,0.20524162,0.30700135,0.42532566,0.207378,-0.039659455,0.31852749,-1.3443522,0.18428841,0.31021336,0.063808046,0.2670716,0.57314634,0.72585297,-0.34750435,-0.72367686,-0.42313358,-0.007052377,-1.9063038,0.34586543,0.38114047,0.41613823,-0.62849998,-1.2734189,0.36615419,-0.57415533,-0.08541131,-0.13667358,-0.072927237,0.53784585,0.086980157,0.3926937,0.24807194,0.056294426,-0.043152444,-0.39326334,-2.0501287,-0.72938478,-0.83679384,0.024489835,-0.82255667,0.1691376,-0.15868361,-0.20944287,0.20084485,0
0.49699408,0.21465248,0.20024967,0.50077474,0.4944579,0.51072037,0.49358338,0.48264161,0.48924917,0.49701396,0.48679113,0.4910599,0.49019644,0.47681835,0.50498646,0.48690647,0.49448133,0.51085997,0.49661031,0.48307893,0.48192173,0.4947263,0.48223585,0.48259661,0.49204949,0.48277855,0.49179107,0.48298043,0.48887163,0.48850918,0.4833765,0.48975796,0.47882324,0.4791314,0.48584974,0.47023678,0.46977383,0.48713541,0.46682924,0.47590625,-0.76305056,0.18794176,0.22136825,0.348225,1.2609596,1.5732548,1.1097317,0.56437552,0.66860735,1.5021207,1.3072374,1.0489657,0.26119331,-0.20005119,-0.27843568,-0.36677843,0.52406371,0.32872227,0.282976,0.24961402,-0.68665993,0.061384022,-0.64194477,0.28356969,-0.78169811,0.065137535,-0.26592496,0.55429846,0.063960597,1.2116342,-0.23706464,0.15096238,-0.94134593,-0.19854313,0.013995447,0.63573271,-1.0186787,0.4449729,0.17321919,-0.68743265,-0.1552957,-0.98536313,-0.49775103,0.3033036,0.64057231,0.47203964,-0.083564743,-1.4943794,0.5508045,0.12135001,-0.8913238,0.85390103,0.015923044,-0.02384571,0.31066319,0.032775901,0.19187404,-0.31597224,-0.027015351,0.51424992,-0.48689181,-0.89515913,-0.015776694,0.45922804,-0.26692909,0.15013966,0.050308391,-0.17372027,-0.013759024,-0.25604442,0.27960628,0.68117815,-0.11381359,-0.50147992,-0.088253677,-0.10426664,0.10308644,-0.90469724,0.39707774,-1.0764216,-0.34561834,-1.5467467,-0.77459323,-0.10200028,-0.437529,0.2695159,-0.27354935,0.10994146,-0.10150834,-0.15966733,-0.64024818,-0.46524599,0.030213289,-0.92151773,-0.048923053,-0.1642874,0.12035614,0.32992578,-0.407096,-1.3010924,-0.002070487,0.43404579,0.66229546,-0.054386958,0.37888643,0.31958574,-0.037219986,-0.60581589,-0.18305384,0.3123081,-0.10952845,-0.20697567,0.31275347,-0.15651736,-0.70815146,0.063009202,-0.47512019,-0.43290359,0.3214919,-0.37584692,-0.039528374,-0.73018998,0.65689671,0.64615023,0.082352817,0.19804414,-1.4033766,0.51013291,-0.12498207,-0.18260847,-0.10339483,-0.49063745,-0.084944598,-0.09018255,-0.60425746,0.77188903,-0.65020567,0.091325745,0.16167206,-1.3237882,-0.13780051,0.19429566,-0.023569003,-0.42970988,-0.84213275,0.37387246,0.026764542,0.42365441,0.74468642,-0.70002484,-0.13100451,0.09943682,0.041695558,0.17980425,0.27579191,0.13671997,-0.1444518,-1.0309423,-1.5375681,-0.54457283,0.20913252,0.64441586,0.46252394,-0.45703378,-0.31447479,0.001252435,1.3494467,-0.19907311,0.13848963,-0.18633354,-0.29000565,0.85598671,0.15528199,0.26835585,1.0650139,-0.10770307,-1.8891891,-0.06917721,0.53458607,-0.062491197,-0.19697821,-0.64642721,0.18321618,-1.3296304,0.17755376,-1.0156227,0.3716898,0.25941488,-0.69258845,-0.048493765,0.28368092,0.48586392,-0.17161082,-0.38209373,-2.2794223,0.24081129,-0.54822844,-0.052039623,-0.065662242,-0.024165183,0.59146005,0.19387212,-0.17383468,0.68417621,-1.3320396,-0.86107093,-0.22893222,0.36746243,-0.33959076,0.18450123,0.10401934,0.3400315,0.1034895,0.24747556,0.44860828,0.62521857,-0.70906353,-0.40847918,0.58509719,0.019277506,0.23375207,-0.022502495,-0.28231937,-1.0826097,-0.41803467,0.053540986,-0.42995554,0.2931006,0.93617451,0.34252304,-0.46331576,0.16249835,-0.29507127,0.62289363,0.43135244,-0.41246915,0.057591274,1.2986188,0.22724229,0.30299583,-0.81164235,-0.1577661,-1.7112027,0.9444226,-1.2417464,-0.12364392,-0.23498762,-1.3889663,-0.14526613,0.21042168,0.25550362,0.70998836,0.40813446,0.067894384,-1.6817129,0.90479791,0.36316952,0.90783381,0.081496194,-1.0507448,-0.015762433,-0.76406097,0.52662355,0.38691556,-0.67052996,0.18087125,-1.4941771,-1.2723236,-1.171813,-0.33173335,0.50037688,0.46137309,0.24932691,-0.81313956,0.67307806,-0.88634914,0.025284529,0.28119338,-0.88636154,-0.10066006,0.018255837,0.43614787,0.074216582,0.1779625,-0.18483227,0.34087506,0.050352108,0.77344179,0.016652871,-0.039335079,-0.67365897,0.32677153,0.79897273,-0.39216048,0.45660451,0.46221355,0.49941474,-0.49009389,0.47432578,0.23581079,-0.81979424,-0.56200063,0.12337673,0.20628914,0.11284187,0.55425036,-0.23209198,-0.4272967,-0.55230063,0.020646486,0.37103665,-0.12446648,0.19579396,-0.30423927,0.11461474,0.9028669,-1.0568256,0.18141729,0.28083766,-0.45713523,-0.008582411,-0.24545673,-1.26598,-1.7037424,-0.09439186,0.57658666,-0.034498259,-0.044576406,0.61251444,0.005804002,0.34144402,0.18569198,-0.15586174,-0.51698726,0.16685206,0.17727587,0.017105766,-0.57053149,0.25893426,0.24425414,0.91348189,-1.4748071,-0.13738935,1.2656733,1.2293696,0.36835837,-1.2797097,-0.16536054,-0.53080463,-0.23882785,-0.10598186,0.38897541,0.56386542,0.73077434,0.27998063,0.096981749,0.10206139,0.75436884,0.69665182,0.90778714,-0.79795808,0.045884222,0.28105909,0.12217738,-0.41592982,-0.10608356,-1.4262805,0.31019294,-0.008340582,-0.41710854,-0.26686886,0.22738422,0.065779522,-0.62382615,0.30307192,-0.25316945,0.27107668,-0.057238311,0.43448907,0.75613827,0.40317303,0.070612773,0.55293131,0.20066607,-0.01389611,-0.8245517,0.2821292,-0.61169577,-0.046707436,0.61337018,-0.984173,-0.39862418,0.37301588,0.18019542,-0.47221911,-1.1063075,0.43277806,-0.60681432,-0.14708881,-1.6386676,0.29754055,-0.17426826,-0.39853925,-0.46052945,0.76971543,0.30990475,-1.6285499,-0.97165132,-0.40184075,0.14137718,0.32600054,-0.061263092,-0.15662786,0.41056311,0.2125883,-0.090747029,0.16714612,0.30571264,0.37898773,0.07403934,-0.086222686,0.19353709,-1.2268301,0.096059345,0.33591881,0.030399991,0.2283587,0.57539159,0.73475838,-0.39573854,-0.68592733,-0.39869103,0.027983397,-1.8181889,0.24703263,0.10590623,0.43344119,-0.5867281,-1.0482441,0.32142034,-0.55808008,-0.045904562,-0.18047559,-0.05159124,0.6032241,0.037552215,0.34247664,0.43090412,-0.010147383,-0.082170919,-0.38515851,-2.0162334,-0.68173647,-0.76210606,-0.093115002,-0.74857622,-0.009531483,-0.13134758,-0.26804507,0.057265636,0
0.5950501,0.32644194,0.30402985,0.5858224,0.57618833,0.60195804,0.5803684,0.56851429,0.57621002,0.57940519,0.57749188,0.57831657,0.58218175,0.56436723,0.59784424,0.57459497,0.57765198,0.6018213,0.58077729,0.57262635,0.56198049,0.57598376,0.56824243,0.56959635,0.57800376,0.56610793,0.5775134,0.57115543,0.56850338,0.57635701,0.57018864,0.57749861,0.56228358,0.55991322,0.57116151,0.55158389,0.55431569,0.5706346,0.55215895,0.55976236,-0.8980338,0.2902098,0.39521003,0.48319772,1.4085449,1.7191334,1.3044549,0.72993815,0.85021305,1.6652725,1.4510052,1.2197392,0.36663705,-0.18586484,-0.28429049,-0.38160872,0.60372508,0.32229966,0.35795265,0.2949211,-0.84851301,-0.000763614,-0.6192227,0.34104136,-0.75586027,-0.048909519,-0.18407311,0.59942412,0.039059788,1.2015475,-0.20970982,0.21989508,-1.0313261,-0.20791428,-0.10222249,0.76829207,-0.9969911,0.51231921,0.26274577,-0.75429434,-0.1593008,-1.0472332,-0.47918281,0.28158674,0.74379313,0.58046979,-0.0384469,-1.5787283,0.59022135,0.15344723,-1.0105296,0.86315715,0.005075313,0.062032409,0.4402464,0.022890128,0.17903924,-0.34754872,0.059653752,0.58050287,-0.57139194,-0.94532168,0.023730621,0.47804877,-0.29542333,0.12103701,0.023422707,-0.16801582,-0.064721286,-0.26816857,0.35227153,0.4511568,-0.13773417,-0.31852299,-0.12001935,0.20687646,0.37938586,-0.97144747,0.39111266,-0.97149676,-0.34385839,-1.6114082,-0.84274882,-0.14673641,-0.46002787,0.24105944,-0.32853004,0.049704194,-0.11426198,-0.12101756,-0.58880204,-0.54989791,-0.15140283,-1.0060049,-0.15526083,-0.089389309,0.092544369,0.4249649,-0.4187645,-1.4984678,0.31645879,0.46203166,0.69849473,-0.11473911,0.4657532,0.33499068,0.032227248,-0.30182672,-0.22813588,0.32937658,-0.36012161,-0.15127556,0.35664314,-0.21627663,-0.74354517,0.084996454,-0.56679034,-0.37956309,0.32065526,-0.43899783,0.023452718,-0.7375918,0.77634603,0.67173386,0.20177658,0.028930789,-1.4668299,0.39884773,-0.059728734,-0.13976236,-0.11075906,-0.50629663,0.002100448,-0.14968631,-0.60123968,0.91050732,-0.726533,0.13359742,0.38018316,-1.5446513,-0.064779632,0.20196883,-0.12910919,-0.50882268,-0.85585409,0.3073473,-0.03771919,0.27747107,0.59925091,-0.73054224,-0.23646903,0.068870917,0.14555997,0.14968316,0.37278947,0.10388872,-0.22875436,-1.1442227,-1.6539345,-0.63878202,0.26479357,0.69346547,0.43966019,-0.38433164,-0.35965094,-0.002770111,1.211447,-0.16286169,0.12163274,-0.20574263,-0.28907827,0.91668159,0.18794684,0.24249355,0.53097212,-0.12117142,-1.872138,-0.052403353,0.44246426,-0.028039042,0.078539431,-0.68729329,0.24151489,-1.3710338,0.19736272,-1.010434,0.60283101,0.1729871,-0.78933388,0.042886049,0.13431901,0.46899447,-0.16584308,-0.13161722,-2.3946817,0.26918626,-0.55990773,-0.013678581,0.002571508,0.19642457,0.57320189,0.15325233,-0.14761898,0.57857072,-1.3787634,-0.79619443,-0.33400854,0.45124862,-0.41859126,0.14729412,0.20275286,0.37792581,0.022082685,0.3670252,0.39976597,0.70365518,-0.71488655,-0.34456414,0.65738475,0.019907739,0.21031147,-0.10219082,-0.32089567,-1.1244364,-0.41531363,0.095899664,-0.34775135,0.37429386,0.98064494,0.36898074,-0.5031355,0.16780449,-0.33808389,0.64676464,0.49399814,-0.38395184,0.11290993,1.514899,0.12234362,0.21475697,-0.85712302,-0.25634411,-1.7940643,0.9669953,-1.2769871,-0.1511102,-0.14455964,-1.3701925,-0.17800878,0.12782851,-0.12144719,0.64415342,0.48743603,0.24326386,-1.7841835,0.82266581,0.18014866,1.0780983,0.049715411,-1.1302036,-0.0164667,-0.8496536,0.54752982,0.35701659,-0.79253441,0.35285702,-1.5808347,-1.3544317,-1.2476555,-0.31406534,0.40281981,0.30798373,0.2906476,-0.98376995,0.76734096,-0.90927172,0.017739087,0.3153761,-0.97988605,-0.17061311,0.057924025,0.52252489,-0.043721143,0.24480166,-0.21788663,0.39475015,0.012113632,0.65905577,-0.10405655,-0.11973409,-0.83144796,0.43657795,0.93788713,-0.54060298,0.49463636,0.48112923,0.51321679,-0.56344372,0.59945679,0.29071149,-0.83348823,-0.58692753,0.17242357,0.07848949,0.10549962,0.74354702,-0.27778706,-0.46623841,-0.52897793,-0.027613254,0.55043733,-0.20207055,0.11728209,-0.34714013,0.138906,0.9004823,-1.1074035,0.14664431,0.27287409,-0.4674665,-0.02723513,-0.14922872,-1.3230538,-1.7924056,-0.15342893,0.62488717,-0.026856154,-0.0463669,0.70366007,0.040178195,0.45497212,0.24072491,-0.13225856,-0.488482,0.20720574,0.073346801,-0.15221353,-0.34348172,0.25018096,0.19844967,1.1426446,-1.4552366,-0.17805395,1.3198427,1.4085795,0.32552838,-1.2701136,-0.26744547,-0.51898217,-0.24532057,0.028116172,0.27806717,0.72174394,0.47383207,0.3541272,0.18395223,0.14348741,0.69231927,0.59359872,0.86237812,-0.93096745,0.055861443,0.20282301,0.075971402,-0.41301164,-0.16402297,-1.5808238,0.32665235,-0.048696846,-0.34302801,-0.20782961,0.19026946,0.10011665,-0.59629816,0.2725215,-0.22679821,0.40000725,-0.134884,0.57266098,0.99993491,0.27705622,0.076738387,0.56514162,-0.26037085,0.02034832,-0.88661259,0.30913082,-0.6460489,-0.032536015,0.69429207,-0.90360826,-0.35411,0.37913504,0.25982898,-0.55235046,-1.0873734,0.54674953,-0.55752802,-0.072309762,-1.6233027,0.27977219,-0.23015206,-0.45616579,-0.41359326,0.90015936,0.23474079,-1.7316687,-1.1123269,-0.42511988,-0.011655974,0.32162368,-0.09376052,0.00281753,0.40034723,0.21010602,-0.11924669,0.24182746,0.27508625,0.41358915,0.043155864,0.034142561,0.19050303,-1.2924694,0.034806155,0.27602541,0.065509103,0.19675499,0.57130623,0.72194552,-0.43856555,-0.75628042,-0.36635959,0.06602174,-1.7773076,0.30395368,0.30684644,0.40213078,-0.61584663,-1.1964054,0.28628942,-0.55344039,-0.05520606,-0.08870247,-0.017583273,0.56063247,0.08976081,0.33007133,0.33592159,0.028177965,-0.23995285,-0.36285552,-2.0758533,-0.59258693,-0.84995925,0.041779913,-0.85350031,0.12131557,0.008961603,-0.29070115,0.13471061,0
0.59272927,0.32967135,0.29275733,0.59878504,0.58435059,0.60985851,0.58951271,0.5828867,0.5869785,0.59538412,0.58090317,0.58821034,0.59017611,0.57297742,0.60070407,0.57603103,0.58703816,0.60853791,0.59149849,0.57790565,0.56849229,0.59074378,0.57584608,0.57523191,0.58449066,0.57579619,0.58401394,0.57172573,0.57968163,0.58304793,0.57176733,0.57662702,0.56927288,0.57073665,0.57563102,0.55898058,0.55836046,0.57493007,0.56199068,0.56476259,-0.65400869,0.27875188,0.36327982,0.43985671,1.3959231,1.6753269,1.2596513,0.69541544,0.81060326,1.6328444,1.4226332,1.1865523,0.37501252,-0.14878286,-0.37445825,-0.34345898,0.6282838,0.37862253,0.34427005,0.27773228,-0.46524316,-0.055129789,-0.67867768,0.37588477,-0.73107463,-0.092932478,-0.18498155,0.52337885,0.073581725,1.2086427,-0.19975717,0.21060731,-1.0599756,-0.21151052,-0.022997163,0.87821364,-1.0063573,0.52764571,0.17255443,-0.75381482,-0.12612368,-1.0304159,-0.49812037,0.27010989,0.83304054,0.57374096,0.007432248,-1.6135677,0.64211452,0.11934714,-1.0111198,0.82528496,0.043714758,0.091745131,0.4710961,0.084208548,0.2348775,-0.24122298,0.064694956,0.59615993,-0.5132764,-0.94434023,0.004549913,0.53617364,-0.2044906,0.18748212,0.18482861,-0.15341569,-0.13865815,-0.23647669,0.28446347,0.40062028,-0.12268814,-0.40548906,-0.056735456,0.065272719,0.27493563,-1.010934,0.37403584,-1.029439,-0.34494892,-1.6536556,-0.86753744,-0.18714066,-0.50563467,0.31048828,-0.33365411,-0.001679584,-0.040344171,-0.056127399,-0.62918812,-0.52494884,-0.004253373,-1.0180794,-0.27833757,-0.029405363,0.060649514,0.35182828,-0.34845442,-1.4267821,0.2278538,0.46415889,0.7335794,-0.15464118,0.5317052,0.29968429,0.031822771,-0.52408302,-0.28983814,0.29876196,-0.39216587,-0.023409933,0.41624254,-0.30473211,-0.70332354,0.1650473,-0.47993267,-0.29238689,0.24887049,-0.38786364,0.052267786,-0.73747575,0.78483987,0.75032359,0.24546427,0.00331628,-1.3553951,0.39970487,0.011677049,-0.18465194,-0.074484117,-0.50300968,0.073432095,-0.16073617,-0.64027214,0.90970063,-0.54452538,0.17131597,0.34723938,-1.5618064,-0.084345601,0.14587525,-0.1654346,-0.34067422,-0.85048038,0.19852394,-0.000369519,0.31953627,0.81122082,-0.80532157,-0.21469241,0.11436701,0.66663921,0.14821272,0.25920841,0.11394303,-0.19177517,-1.2109759,-1.6665536,-0.5880574,0.18925756,0.59825814,0.46612364,-0.39198425,-0.3223353,0.010346115,1.0404329,-0.19666509,0.11408716,-0.16270658,-0.27063802,0.85551995,0.13742954,0.26205513,0.49996674,-0.11309541,-1.8171234,-0.071584016,0.34421575,0.011531721,-0.09023501,-0.66773206,0.15202612,-1.3195335,0.20148733,-1.016099,0.33927244,0.14833245,-0.84202421,0.076228917,0.086538032,0.40523693,-0.14911489,-0.50221503,-2.3855577,0.26009071,-0.38756153,-0.042228609,0.11835955,0.13549152,0.58499491,0.253883,-0.13921285,0.48981744,-1.3265569,-0.74284804,-0.36705416,0.60251456,-0.32123029,0.099204123,0.079378799,0.32867512,-0.045212254,0.37259573,0.44974706,0.73472232,-0.76293874,-0.31648543,0.70684558,0.01381525,0.14186771,-0.1028668,-0.27070957,-1.1993635,-0.46737453,0.095067836,-0.23749502,0.44167697,0.90847898,0.38240597,-0.50394636,0.16964146,-0.29650795,0.83276331,0.49356812,-0.37385532,0.081853986,1.4666964,0.15631296,0.42204493,-0.82938617,-0.07817445,-1.8515264,0.93139458,-1.2414569,-0.12754244,-0.049301773,-1.3990391,-0.26188073,0.1409665,-0.03514801,0.59282041,0.39678624,0.19093816,-1.7606324,0.81470281,0.27489647,1.0278685,0.060266849,-1.1653858,0.007143214,-0.92266536,0.57907796,0.47155625,-0.82066655,0.29700902,-1.5819101,-1.2716032,-1.2028985,-0.33353657,0.411302,0.23438206,0.29087561,-0.98208499,0.79362953,-0.9115985,-0.054361016,0.20807569,-1.0344833,-0.11053587,0.040066563,0.48275685,0.009517819,0.27961728,-0.18703353,0.4381769,-0.006377513,0.62933952,0.050389446,-0.1660502,-0.75673795,0.45304441,1.0039871,-0.5368861,0.56478113,0.48765954,0.40309095,-0.59693426,0.64894909,0.18183818,-0.79840183,-0.6434859,0.098184749,0.015565291,0.020400137,0.69731516,-0.24036594,-0.48981264,-0.56031787,0.015500136,0.53744113,-0.26163137,0.12748428,-0.38272563,0.15949972,0.96153867,-0.99694234,0.16086552,0.41022491,-0.43648627,-0.051384486,-0.00674431,-1.2960197,-1.8121855,-0.14303434,0.65898782,-0.008946776,-0.080976337,0.70078516,0.065346032,0.45036557,0.28448239,-0.12264322,-0.49522585,0.1964373,0.082549721,-0.13355091,-0.47742322,0.29020858,0.18251492,1.1682094,-1.5180284,-0.22671211,1.2795068,1.4438167,0.34404981,-1.2984927,-0.32231915,-0.51088762,-0.29002827,0.001550927,0.22305924,0.70267671,0.41784015,0.42070255,0.13726707,0.18056075,0.78424239,0.54754204,0.89906555,-0.95837706,0.22428328,0.13556089,0.099871159,-0.37479702,-0.14902732,-1.5219287,0.36141169,-0.059736278,-0.353513,-0.24570087,0.4408831,0.18847637,-0.60172373,0.26427519,-0.26530209,0.30548471,-0.070416011,0.47823733,0.94493735,0.37833971,0.074492127,0.57717013,-0.078708068,0.024264675,-0.85936344,0.26341462,-0.71614301,-0.098764658,0.61962974,-0.88154429,-0.312442,0.43809116,0.30084133,-0.52807695,-1.1035216,0.47852147,-0.60352719,-0.005150456,-1.608099,0.22536844,-0.28122726,-0.4753429,-0.45258701,0.93414778,0.30222049,-1.7682103,-0.9881562,-0.44087183,0.010454245,0.29312664,-0.15623535,-0.1493278,0.32465464,0.25431913,-0.14494818,0.28058562,0.34965539,0.3285881,0.37150091,-0.033823073,0.3073585,-1.2639666,-0.003157865,0.2807973,0.075273991,0.22121683,0.61269301,0.88258004,-0.38583276,-0.71900123,-0.38117477,0.1880513,-1.8093727,0.362268,0.37151399,0.3833282,-0.62563878,-1.1812788,0.3171702,-0.48224252,0.08386153,-0.10677128,-0.12780012,0.4770335,0.11716297,0.35160673,0.28763014,0.070723817,-0.055617921,-0.33500627,-2.0738692,-0.57318634,-0.85795593,0.002373107,-0.86331761,0.22908506,-0.045025676,-0.23838857,0.19159594,0
0.56862152,0.30523068,0.24730897,0.54723191,0.55544919,0.59148371,0.54849672,0.53480983,0.54826653,0.56413436,0.54204428,0.53140771,0.53503859,0.50728315,0.53010499,0.53174621,0.51137322,0.56484056,0.56653994,0.49881309,0.52359951,0.55202591,0.54169202,0.51561755,0.54395449,0.53665292,0.5670802,0.55605227,0.5301531,0.54727143,0.54377186,0.53592342,0.52211881,0.52331662,0.54604536,0.49612972,0.50973177,0.51458234,0.5034622,0.52777791,-0.6980328,0.20238072,0.34951234,0.39184579,1.3105376,1.6048216,1.2303603,0.66357166,0.7819376,1.5848329,1.3760859,1.1462812,0.35761067,-0.20797525,-0.29078069,-0.35115391,0.57118618,0.3631244,0.32286453,0.27213082,-0.72064257,0.016715258,-0.52766043,0.32583973,-0.68508482,-0.04513739,-0.22761665,0.64639747,0.031056106,1.3003646,-0.12399003,0.22331797,-1.0531564,-0.24180542,-0.1188574,0.87727642,-1.0286278,0.51913959,0.17415288,-0.80502814,-0.094574198,-1.1442108,-0.49690059,0.33795977,0.76027489,0.63081455,-0.018548027,-1.530219,0.82568139,0.16313337,-0.98188603,0.56116176,0.076588862,0.005408814,0.58596551,-0.14639628,0.42087996,-0.29340729,0.052591212,0.56065905,-0.50721836,-0.95510745,-0.010170057,0.50479782,-0.20515905,0.17393376,0.051845338,-0.23823652,-0.15080234,-0.20401725,0.16630277,0.60183996,-0.16416782,-0.33984727,-0.34373966,-0.13683045,0.36272535,-0.98988909,0.30584851,-1.0605265,-0.34471509,-1.6998864,-0.85489357,-0.091321096,-0.5201211,0.14023086,-0.33256122,0.12682167,-0.061374672,-0.068175115,-0.88925511,-0.67646194,0.055832289,-0.99388748,-0.28775495,0.023629367,0.093490854,0.33083501,-0.34832641,-1.5429025,0.338873,0.42271689,0.81609762,-0.18677621,0.48105124,0.2477224,0.038605601,-0.42118299,-0.32259151,0.33583099,-0.60775316,-0.023728088,0.40019551,-0.18465191,-0.57120514,0.077952839,-0.44104034,-0.3360081,0.21824829,-0.42983133,0.042574164,-0.6650607,0.74603868,0.67448127,0.21340901,-0.048231214,-1.5640962,0.63600415,0.005128488,-0.26017818,-0.066041514,-0.50684953,0.1159651,-0.17097208,-0.70799929,0.92978007,-0.73499578,0.19402319,0.43807203,-1.3369075,-0.07848525,0.23512103,-0.15554829,-0.37235019,-0.95060027,0.37132102,0.053134531,0.20686719,0.72058636,-0.80584508,-0.16110329,0.12962382,0.18989335,0.050612509,0.17253777,0.12221298,-0.10868139,-1.1405518,-1.6229941,-0.58821535,0.26268348,0.78149509,0.21187724,-0.31303626,-0.23026052,0.050843164,0.92748904,-0.064144969,0.05671262,-0.215332,-0.20366275,0.94707751,0.094480224,0.25236487,0.58926666,-0.066271208,-2.0019443,-0.10128328,0.33217135,0.090734638,-0.16218388,-0.7697348,0.11992583,-1.2462282,0.24941942,-0.98372579,0.10516062,0.08726158,-0.88015294,0.12459768,0.21599752,0.4133687,-0.14392161,-0.28920382,-2.3225732,0.33109191,-0.70883304,-0.006031565,0.16634096,0.11162585,0.48615894,0.26480561,-0.21631235,0.55387723,-1.2591646,-0.77145827,-0.40984088,0.55609477,-0.31638563,0.091891848,0.21358871,0.29527673,0.018548787,0.53531528,0.41452885,0.75186843,-0.82809764,-0.33151734,0.79867786,-0.12560542,0.085275441,-0.14703782,-0.2682527,-1.1825331,-0.47030544,0.12822437,-0.33095494,0.43099815,1.0470592,0.39378446,-0.44012877,0.1881436,-0.24317421,0.65798789,0.50008678,-0.34552047,0.088921934,1.5206807,0.2074952,0.17985028,-0.78569907,-0.16262631,-1.7871404,0.99313861,-1.2148428,-0.20377076,-0.12963209,-1.4137608,-0.25396106,0.090176299,0.090772212,0.54093099,0.43439668,0.27233571,-1.6834378,0.82816148,0.28824118,1.2242765,0.00473853,-1.2261443,-0.10059109,-0.803123,0.46935728,0.14281103,-0.82258308,0.39738238,-1.5658092,-1.381035,-1.2395971,-0.37702692,0.28181475,0.45792258,0.22082977,-0.90426052,0.72297323,-1.0033365,-0.17390803,0.28707516,-1.0407757,-0.005582236,0.070505708,0.47344077,-0.042377885,0.32017756,-0.10766983,0.45101297,0.085037194,0.43851313,0.002450235,-0.151263,-0.70743012,0.42169917,0.93369555,-0.47501913,0.6245634,0.48855695,0.47368985,-0.64267689,0.70331573,0.37950212,-0.83250171,-0.607108,0.12614436,0.087564722,0.090480909,0.76664871,-0.3094236,-0.46424797,-0.44945401,0.055394806,0.57763541,-0.24804156,0.011327419,-0.2852008,0.18343689,1.0288428,-0.86253935,0.17454824,0.34028557,-0.4584192,-0.017672054,0.06989646,-1.1837794,-1.7945622,-0.21877193,0.50934416,0.088548735,-0.16306414,0.7024169,0.17013179,0.49916258,0.21466702,-0.15802303,-0.58096981,0.17865907,0.30250114,-0.20601507,-0.49307841,0.26215011,0.047316965,1.1282502,-1.4031403,-0.17651469,1.402036,1.3865762,0.36240703,-1.315183,-0.3643586,-0.50710851,-0.20515653,0.07465706,0.22632375,0.78561747,0.69233954,0.49111664,0.098233432,0.29651803,0.61920935,0.60401702,0.94249851,-0.94624388,0.31507006,0.15833479,0.037631392,-0.26516756,-0.18911012,-1.4121933,0.31713596,0.051728301,-0.32540733,-0.15396595,0.45692396,0.17529857,-0.6637333,0.26415491,-0.27765691,0.33899471,-0.11337206,0.59156442,0.92727959,0.27872759,-0.000820953,0.57525605,0.15188783,0.036800086,-0.90863293,0.30102545,-0.66851866,0.066078693,0.78542125,-0.83111089,-0.24709782,0.36174941,0.35381275,-0.53767276,-0.97453821,0.57535201,-0.59408724,0.029726345,-1.5424094,0.27070576,-0.25259584,-0.37149695,-0.48994496,0.95255351,0.41540802,-1.7637377,-1.0559473,-0.43119669,0.023123059,0.25211042,-0.087453187,0.065806843,0.3184666,0.25119129,-0.084025413,0.23508528,0.29686004,0.38473007,-0.015358686,-0.1823605,0.18645817,-1.3249013,0.060602218,0.39458919,0.044064447,0.22304899,0.58662796,0.88282299,-0.35054195,-0.70481139,-0.41061106,0.085347965,-1.7214664,0.42822102,0.23719622,0.33621114,-0.61172789,-1.326745,0.34368777,-0.39958698,0.11220515,-0.11879534,-0.13289028,0.33683312,0.14891039,0.37905443,0.29572439,0.011613768,-0.16199361,-0.35037807,-1.9866304,-0.67277753,-0.96734452,-0.001286872,-0.87858361,0.17694634,-0.082369365,-0.22755548,0.2295381,0
0.62123227,0.35908735,0.31085044,0.61976874,0.60473603,0.62246227,0.60499722,0.60294056,0.60769928,0.60777128,0.6044417,0.60400587,0.60402793,0.5917877,0.6133309,0.60128301,0.60530126,0.62613392,0.61514789,0.59406966,0.58851397,0.60563558,0.59605139,0.59713835,0.6000846,0.59376514,0.60490084,0.59569651,0.59952378,0.60027087,0.59914172,0.59975743,0.59128451,0.592197,0.59769887,0.57660162,0.58607048,0.594401,0.58043486,0.59380066,-0.8141529,0.29820547,0.39828593,0.48630577,1.41414,1.7307901,1.3093522,0.72141939,0.8535223,1.6673906,1.455512,1.2184032,0.33010995,-0.16354834,-0.24826171,-0.44226229,0.56873536,0.33830005,0.37055185,0.27317822,-0.6679101,0.000866879,-0.62495065,0.3065556,-0.83971107,0.050797749,-0.22637022,0.64876837,0.17231892,1.2285804,-0.1924759,0.17440479,-1.1032426,-0.20699456,-0.16423704,0.70893508,-1.1129888,0.52292019,0.48260957,-0.83869457,-0.18198015,-1.1257114,-0.58153844,0.23430671,0.65925479,0.59834379,0.091721758,-1.7634357,0.54923761,0.13453108,-1.0385587,1.1494582,0.1273887,0.034519158,0.39161271,-0.15203187,0.15284523,-0.46135205,-0.015383124,0.58326882,-0.41534281,-1.0986527,0.039351277,0.65792751,-0.33423418,0.20824556,0.033140987,-0.16298924,-0.004861437,-0.27041021,0.1380749,0.72222477,-0.17926411,-0.3394098,-0.26479912,0.42903471,0.31412759,-1.1584024,0.6254999,-1.0400614,-0.37248838,-1.7327638,-0.97051573,-0.098681636,-0.38957933,0.35866362,-0.29750878,0.24793001,-0.13542916,-0.24185073,-0.74588215,-0.40881675,-0.10006088,-1.1565231,-0.24878041,-0.19536769,0.22181541,0.50140584,-0.49857682,-1.57068,0.16269764,0.50057697,0.78710443,-0.14154218,0.5132187,0.27528992,-0.028260641,-0.50540769,-0.27752987,0.28394014,0.11484367,-0.12207885,0.36626762,-0.35567856,-0.75024301,0.064294398,-0.51243478,-0.68950236,0.45248204,-0.60840636,-0.006239684,-0.67008305,0.74032462,0.52698725,-0.082307354,0.15878941,-1.644744,0.35825765,-0.10050395,-0.036484934,-0.045217164,-0.5395211,-0.062900931,-0.20074755,-0.60621178,0.8622272,-0.81313115,0.13201974,0.22882208,-1.6507181,-0.22796115,0.27681196,-0.1600816,-0.44332221,-1.1144007,0.27465191,0.10078115,0.37417409,0.4332549,-0.88284558,-0.21351489,0.093827575,0.30340782,0.046945393,0.2526761,0.093007311,-0.27640206,-1.2471156,-1.7220659,-0.58045995,0.25293234,0.32847881,0.44691208,-0.48788351,-0.40445259,0.023486331,1.5955597,-0.21276827,0.17412125,-0.41606838,-0.24451128,0.93319494,0.1183022,0.27694899,1.4582427,-0.10267304,-2.0367863,-0.014321133,0.37699097,-0.049355827,-0.040425748,-0.8930912,0.22600886,-1.5380436,0.32061356,-1.4095354,0.85166073,-0.055882439,-0.81899953,0.017203361,-0.082047105,0.83889329,-0.16183379,-0.42310306,-2.5405121,0.28928491,-0.73116779,-0.0542631,-0.002569348,0.065957598,0.98807967,0.1602736,-0.22909302,0.69944561,-1.4613385,-0.78429127,-0.20976505,0.34025308,-0.51793796,0.25142419,0.29124555,0.35856122,0.081941172,0.36218131,0.53016621,0.85936642,-0.94874752,-0.38869196,0.47938907,0.004015714,0.23879196,-0.073488548,-0.28128067,-1.3505297,-0.47826064,0.093603708,-0.48204833,0.43347931,0.96793342,0.41233873,-0.51477695,0.11236081,-0.38134569,0.62116838,0.49841127,-0.43295485,0.102166,1.0669707,0.13026744,0.25214064,-0.85454887,-0.25357774,-1.9402503,1.1580999,-1.5140154,-0.11236785,-0.19036725,-1.5500474,-0.31702441,0.27651834,-0.019257501,0.79508817,0.47002694,0.35661453,-1.948782,1.0892458,0.31426814,1.0702678,0.02571531,-1.2509795,0.13951233,-0.98412359,0.66789782,0.59750187,-0.74948734,0.30240571,-1.7542304,-1.3752674,-1.4044015,-0.40689224,0.35743037,0.2045452,0.29164588,-1.0688961,0.77275491,-0.98275846,0.18361455,0.24831721,-1.2545379,0.013571996,0.04978472,0.61418444,0.14223851,0.0622693,-0.267068,0.27282664,0.033543289,1.1519055,0.081493966,-0.17479241,-0.71047413,0.40687481,0.86771274,-0.76132429,0.67299151,0.50096619,0.48014411,-0.51025486,0.58066088,0.19859138,-1.020715,-0.69887745,0.082150757,0.29538453,0.18735051,0.56626683,-0.23982388,-0.53442186,-0.48538834,-0.017025832,0.39656657,-0.19156569,0.13240185,-0.37999067,0.13288757,0.86509836,-1.082302,0.19854565,0.26750207,-0.43906391,-0.055421062,-0.13065888,-1.5045147,-2.047092,0.11019889,0.6149596,-0.013811722,-0.098559082,0.91028428,0.074872091,0.4052422,0.24331538,-0.23942542,-0.82453907,0.16286081,0.023499545,-0.088632002,-0.38593361,0.24938142,0.16188937,1.0207802,-1.5965016,-0.16220608,1.4970369,1.3724039,0.27604893,-1.5708613,-0.27220884,-0.58905375,-0.18024018,0.002137299,0.47070807,0.75670028,0.54605931,0.29734144,0.16830584,0.17026618,0.70833087,0.63256806,0.94143206,-1.1180162,-0.021805555,0.22002295,-0.11525634,-0.41791344,-0.17554125,-1.7732368,0.35793719,-0.038780376,-0.37479103,-0.27587593,0.14312364,0.090008594,-0.60356688,0.48062214,-0.25464052,0.02834677,-0.26335657,0.24564761,0.8587482,0.38980147,0.21386857,0.66154289,-0.14267251,-0.000920774,-0.92649138,0.36059916,-0.67190742,-0.10718179,0.59008247,-0.86022401,-0.49421397,0.49371535,0.34399521,-0.79723591,-1.2754719,0.58057535,-0.64299637,-0.044690892,-1.7804794,0.31820023,-0.13833851,-0.76466316,-0.61180776,0.91678309,0.35886872,-1.9779824,-1.1507809,-0.42056483,-0.014808385,0.40439978,-0.10580585,0.008276365,0.43883398,0.238938,0.031688899,0.074857786,0.23491865,0.51383877,0.35598725,0.005985163,0.1382838,-1.4113964,-0.01540326,0.63158798,0.099678025,0.19368239,0.78118753,0.94266021,-0.46739292,-0.85519123,-0.47145858,0.04901693,-2.1511922,0.20029065,0.091249168,0.45369348,-0.66295952,-1.4390439,0.37294117,-0.60233617,0.016758308,-0.16920361,-0.10021338,1.0541862,0.10050765,0.3781732,0.54733956,-0.01750572,-0.09970805,-0.464589,-2.224365,-0.769238,-1.0692457,-0.075253531,-0.87821776,0.15555957,0.047975302,-0.41074806,0.028815769,0
0.62643707,0.36996964,0.33630535,0.6040529,0.59365296,0.61353374,0.59778899,0.58937407,0.59920824,0.59897518,0.59249568,0.59163505,0.60136914,0.5782268,0.60922205,0.58966452,0.59295136,0.61795926,0.6047709,0.58708751,0.57510197,0.5929563,0.57986569,0.59053218,0.59537673,0.58664614,0.5986712,0.58914489,0.59688342,0.58818614,0.58373505,0.59145093,0.57450271,0.58465052,0.5869357,0.57344753,0.56919038,0.59506017,0.56714749,0.5772686,-0.91285151,0.31922513,0.39892304,0.44543201,1.3428106,1.6937351,1.287159,0.70540476,0.82446015,1.6281767,1.397993,1.1880656,0.4677121,-0.19378498,-0.35401803,-0.35497841,0.79198885,0.43601295,0.37332886,0.3541432,-0.7201404,-0.023063809,-0.64563239,0.42093998,-0.81295323,-0.13240442,-0.18330635,0.51613528,0.037712663,1.4406995,-0.30066937,0.24925993,-1.1341227,-0.2073862,-0.12451091,1.1222091,-1.0712678,0.62250274,0.24278143,-0.84973836,-0.1712063,-1.051715,-0.50871295,0.37010381,1.0500357,0.55993336,-0.050210193,-1.6248657,0.6332708,0.10582343,-1.0073712,0.90582919,0.03027541,-0.041515842,0.51955301,0.053994149,0.17696175,-0.38165018,0.13000765,0.66778386,-0.60421085,-0.98127931,0.014016055,0.47598299,-0.35749719,0.13616119,0.03247368,-0.21280375,0.018408701,-0.30701318,0.24655344,0.56430042,-0.15350857,-0.33104816,-0.034647405,0.19493532,0.23034912,-0.9666549,0.46690518,-1.0769141,-0.36438966,-1.7407025,-0.92098027,-0.035440464,-0.45876744,0.37929502,-0.35932624,0.049303092,-0.084429517,-0.12016348,-0.57751638,-0.40152106,-0.2080323,-1.012442,0.030199885,-0.077744842,0.067953758,0.1563669,-0.414552,-1.5031655,-0.036257625,0.47472468,0.75800633,-0.1338478,0.49661544,0.31063771,-0.057728991,-0.42755884,-0.20161781,0.32226917,-0.46115127,-0.13193502,0.49228376,-0.23343642,-0.74337238,0.054165438,-0.61410332,-0.46294308,0.31654152,-0.27826235,0.060161471,-0.67453033,0.71209365,0.60423559,0.1453723,0.043731701,-1.4669499,0.63536447,-0.065408029,-0.1281848,-0.11076961,-0.53307128,0.008564267,-0.093329415,-0.69016415,0.96153951,-0.83895981,0.14944671,0.3503364,-1.5430322,-0.10617432,0.1875793,-0.052275851,-0.53958142,-0.84286493,0.39996409,0.002577439,0.44015157,0.69412833,-0.67338121,-0.26024392,0.053343374,0.049671914,0.27510521,0.35846755,0.12083021,-0.20039414,-1.2156097,-1.6695712,-0.63699907,0.25570625,0.91848099,0.45332962,-0.45254076,-0.42460147,-0.036882222,1.2750604,-0.15314816,0.11657304,-0.18633394,-0.34272853,1.0047305,0.19826084,0.28568807,0.62542307,-0.20595971,-1.8322576,-0.086268529,0.44551438,-0.07770735,-0.097074665,-0.78993142,0.24189869,-1.4792392,0.29873896,-1.0677184,0.46681693,-0.040445141,-0.82423353,0.066782519,0.26924947,0.38476813,-0.21866111,-0.63299662,-2.515996,0.30790478,-0.54930162,0.039976113,0.041494429,0.13256022,0.57532811,0.15081599,-0.249575,0.62598425,-1.5313668,-0.75271457,-0.34371948,0.44452208,-0.54409665,0.10290097,0.18074693,0.40107927,0.030149547,0.32748502,0.4259541,0.77210265,-0.79168439,-0.3479985,0.55409116,-0.20249759,0.27059087,-0.19050056,-0.2978147,-1.1763195,-0.43079984,0.032650039,-0.34941801,0.35974142,1.1081276,0.39358613,-0.45544174,0.14909269,-0.26324391,0.54801029,0.45607907,-0.39142302,0.063523777,1.6513348,0.11191141,0.21293631,-0.88768649,-0.2642476,-1.8744365,0.87740839,-1.3717345,-0.20427904,-0.044423431,-1.5549289,-0.00269708,0.12548983,-0.073098153,0.62611288,0.31878212,0.065852344,-1.8722564,0.76416475,0.1192505,1.1344402,-0.01130297,-1.1147332,-0.0222653,-0.90234214,0.49557316,0.27994955,-0.79398048,0.34490061,-1.7035786,-1.553688,-1.2700317,-0.32913718,0.47602805,0.21816853,0.34448972,-0.92340606,0.93912673,-0.98832881,0.059209615,0.28398031,-1.1113675,-0.13761587,0.037597034,0.49781662,-0.01795952,0.23390147,-0.24888986,0.3507117,0.032171652,0.46791527,0.087553106,-0.13925576,-0.7839691,0.51958126,0.83417839,-0.49626961,0.51846218,0.57592803,0.59095263,-0.5847435,0.6378004,0.53296363,-0.79583931,-0.66283959,0.15805443,0.056412965,0.21415532,0.82446736,-0.26242369,-0.50881338,-0.5201869,-0.04041345,0.50571352,-0.19289955,-0.011748947,-0.36633065,0.22475718,1.0118097,-1.1663013,0.14714478,0.34025073,-0.52266461,-0.033878494,-0.17568417,-1.4335786,-1.8440664,-0.22560951,0.73404193,-0.058330759,-0.17900705,0.73925197,0.10919562,0.52187097,0.3252182,-0.22573318,-0.55693471,0.26432425,0.017568551,-0.13474438,-0.5069595,0.2803171,0.23307541,1.3120962,-1.5873381,-0.05529746,1.489257,1.4856238,0.38932246,-1.2933078,-0.22847448,-0.51699895,-0.24213897,0.022802714,0.098500311,0.74718702,0.70907646,0.42139697,0.15039247,0.18250525,0.81817508,0.69178224,0.9457913,-0.85326415,-0.078300864,0.27721855,0.23551691,-0.43299609,-0.21233533,-1.6039906,0.37761903,-0.008415647,-0.32476783,-0.12325579,0.25506076,0.17232391,-0.66770047,0.26954526,-0.23854317,0.041206587,-0.1377314,0.43642038,1.0595051,0.28856727,0.081820138,0.55336934,-0.070491411,-0.074710801,-1.0039347,0.36869901,-0.66782236,0.15265329,0.74257541,-0.84432918,-0.34156248,0.26457143,0.20014155,-0.54934341,-1.0198632,0.5908826,-0.57972676,-0.094511501,-1.6060413,0.22656815,-0.15208875,-0.7530849,-0.39475393,0.81606102,0.2964811,-1.8174975,-0.93475997,-0.4137738,-0.008394771,0.2719467,-0.059650827,0.029393563,0.45525616,0.2641345,-0.16654651,0.17844424,0.30062172,0.36069903,0.07284902,-0.26332897,0.27250803,-1.3622704,0.022430614,0.29372299,0.1021301,0.20256536,0.44318935,0.91762584,-0.43801972,-0.84112889,-0.5131219,0.023983963,-1.8752943,0.27208665,0.15737271,0.46065706,-0.57989562,-1.1475602,0.25633764,-0.51019335,-0.014115363,-0.11100744,-0.06380216,0.38317853,0.19374418,0.36592835,0.4128564,0.049799997,-0.12460476,-0.36303371,-2.1536107,-0.75135064,-0.8094579,0.12020269,-0.86497968,0.15525028,-0.078487262,-0.37301368,0.18937987,0
0.61859047,0.33024377,0.27825552,0.59179777,0.59390342,0.62895656,0.58177269,0.5732305,0.5890491,0.5977335,0.57328761,0.58389127,0.57204854,0.54580569,0.5802207,0.56397843,0.55816662,0.61169147,0.60087633,0.55218083,0.56526887,0.5897646,0.58024687,0.56059349,0.59638941,0.58947498,0.60461247,0.59322023,0.58117127,0.5899924,0.58657706,0.58279848,0.56991804,0.56594861,0.58723974,0.53796017,0.55282742,0.57615006,0.55551708,0.57054418,-1.0144541,0.2166803,0.46400517,0.49869779,1.3852751,1.7102902,1.3402457,0.76397926,0.89206707,1.6905057,1.4698482,1.2621536,0.39575928,-0.20508078,-0.3099128,-0.39829373,0.65675795,0.39391172,0.36760437,0.35086358,-0.69742244,-0.012117411,-0.61223584,0.31854361,-0.92403084,0.025107212,-0.21195279,0.66400009,0.017650425,1.339871,-0.21902847,0.24989907,-1.1744716,-0.18873443,-0.12468058,0.81376642,-1.1374793,0.61169517,0.32250088,-0.83755517,-0.10145694,-1.1959577,-0.507644,0.3301827,0.87417448,0.66110504,0.024569802,-1.6745983,0.64433426,0.1953629,-1.0734843,1.0133094,0.079139456,-0.035040334,0.45599306,-0.059782512,0.094983101,-0.34629026,0.096997082,0.61290735,-0.54207242,-1.0851785,0.007762097,0.54241705,-0.404394,0.15690616,-0.047411062,-0.25121018,-0.043371961,-0.27541906,0.045758635,0.56531715,-0.14410761,-0.34616309,-0.17713052,0.18755014,0.35312259,-1.1650832,0.44602445,-0.97252595,-0.39772534,-1.7793099,-1.0179236,-0.16618842,-0.56375188,0.33118364,-0.3841247,0.092609547,-0.094073854,-0.2074348,-0.77676249,-0.53891951,0.057038993,-1.0664711,-0.26221874,-0.055471815,0.079490118,0.29838118,-0.44410869,-1.7155911,0.58324087,0.51395661,0.75582856,-0.16128878,0.57484746,0.30305681,-0.030184254,-0.27025497,-0.28708741,0.33721328,-0.3162612,-0.049513862,0.47472793,-0.45961511,-0.76864433,0.029070087,-0.54329908,-0.49958012,0.33115846,-0.515733,0.072054684,-0.65386283,0.81422377,0.82553643,0.12720793,0.020096222,-1.65942,0.66135913,0.024153002,-0.25192463,-0.043590888,-0.5739733,-0.055326402,-0.19798616,-0.75239408,0.97725785,-0.79917753,0.18358257,0.37345707,-1.6811502,-0.074149206,0.22100928,-0.21597379,-0.36916691,-1.0580809,0.28411078,0.021352619,0.4196476,0.69217455,-0.85646594,-0.25675672,0.10675389,0.13887002,0.060934097,0.32137719,0.15196615,-0.20329553,-1.344607,-1.8546383,-0.61215234,0.30244854,0.84931654,0.48318142,-0.36679065,-0.35828891,-0.001875818,1.2066256,-0.080461547,0.1686534,-0.21378921,-0.32623184,1.0090532,0.21872509,0.33040655,0.75048721,-0.19479129,-2.1347942,-0.091311261,0.38928837,0.01157179,-0.079949498,-0.89172262,0.13127746,-1.5521346,0.2677055,-1.151454,0.58652401,-0.034999318,-0.86855567,0.086655684,0.23419526,0.61079246,-0.1213845,-0.25083289,-2.6024163,0.31131622,-0.66579622,0.038361371,0.004411206,0.23840845,0.67685366,0.22373834,-0.11694068,0.77453196,-1.5268075,-0.90290141,-0.40036929,0.475631,-0.46494985,0.10813308,0.15813395,0.30307323,-0.012811031,0.41142309,0.40425038,0.77521366,-0.77005494,-0.36608517,0.50599867,-0.010788083,0.15394856,-0.19823009,-0.29999396,-1.222846,-0.45988879,0.10659719,-0.39005947,0.40223455,1.0644505,0.39317554,-0.49451593,0.19576877,-0.30555797,0.6295051,0.50883734,-0.25211895,0.073538773,1.7113079,0.18003498,0.26133269,-0.96988726,-0.18933892,-1.8441691,1.111215,-1.4450114,-0.19884232,-0.1046661,-1.390782,-0.22799356,0.21654783,-0.1238706,0.72350311,0.52409279,0.36067349,-1.9826955,0.96826565,0.18085039,1.1627274,0.056604516,-1.2664251,-0.017903849,-0.9436453,0.59820592,0.25858974,-0.84612852,0.41365367,-1.7808189,-1.4363042,-1.3584146,-0.36527807,0.47667766,0.33878753,0.34071827,-1.1271341,0.9009524,-0.99416643,0.015474945,0.19993103,-1.1348816,-0.14984007,0.043720629,0.51080573,0.05656774,0.25182897,-0.29897374,0.54164451,0.063708581,0.75252312,0.022335023,-0.18532965,-0.73789006,0.47751927,0.93756664,-0.64454931,0.64418441,0.54714078,0.43678948,-0.65734661,0.69703215,0.36139554,-0.95068133,-0.64392471,0.1031283,0.17562467,0.052571267,0.81146771,-0.33051434,-0.56271505,-0.57891613,-0.025149683,0.52910721,-0.19901054,0.047681239,-0.38344288,0.18661341,0.86073148,-1.1808456,0.18252735,0.35412186,-0.49449745,-0.069751717,-0.14867318,-1.3672531,-1.9831756,-0.14912981,0.70911229,-0.006894112,-0.091368705,0.85845536,0.10192521,0.45966798,0.27688232,-0.21978164,-0.59829223,0.27090767,0.097304605,-0.23869474,-0.30346012,0.31159526,0.097176999,1.2860616,-1.5841062,-0.031181555,1.5524851,1.5973873,0.42469418,-1.5025355,-0.41717631,-0.65933776,-0.29529238,0.11048402,0.2723735,0.87814838,0.92294705,0.48408526,0.23789598,0.16859387,0.72604382,0.58176386,0.9506641,-1.08814,0.17382412,0.2169961,0.046539687,-0.42049941,-0.23767695,-1.7199126,0.41291609,0.055921566,-0.33023816,-0.20779032,0.29165778,0.21355939,-0.73053509,0.36216885,-0.28842175,0.21278724,-0.22355719,0.39867857,1.1407008,0.36049807,0.008754396,0.64462948,-0.058787491,-0.066798106,-1.0039632,0.41692406,-0.69456112,0.009174451,0.82675928,-0.98741037,-0.38534772,0.39561769,0.25098628,-0.69366437,-1.1156044,0.65618587,-0.55024171,-0.060797766,-1.7526827,0.23953815,-0.17220125,-0.36485639,-0.5395298,0.94938844,0.27432534,-1.9241049,-1.2205958,-0.47675592,0.017378848,0.43962574,-0.074874312,0.014398566,0.45176467,0.32224309,-0.11361562,0.15952718,0.28777531,0.34027362,0.097032323,0.085376471,0.31423515,-1.4093323,0.024356218,0.41935873,0.079264984,0.22731751,0.64867222,0.8077718,-0.45572096,-0.7958349,-0.50172853,-0.009252176,-1.9395903,0.35534397,0.29143015,0.40257615,-0.75891542,-1.4213095,0.25591817,-0.5694626,0.023985162,-0.077041365,0.063019626,0.66095716,0.1663658,0.39984214,0.32590485,-0.006944274,-0.18854283,-0.38570571,-2.2255814,-0.67996269,-1.0500857,0.18650316,-1.0137267,0.12934802,0.076913595,-0.3504222,0.13077547,0
0.59032238,0.34923503,0.30316636,0.57051134,0.55774111,0.58019662,0.56350684,0.55720848,0.5662865,0.56943768,0.56248647,0.55176115,0.56368506,0.55242741,0.57284975,0.55832541,0.56142724,0.58311319,0.5676071,0.5610618,0.54540718,0.56196964,0.54561555,0.55673093,0.55568433,0.54516542,0.56345236,0.55033016,0.55152434,0.55032146,0.54131281,0.55404967,0.5383178,0.54129326,0.54938614,0.53580606,0.53620309,0.55183768,0.52537537,0.53847456,-0.78558284,0.29718059,0.44369245,0.46699262,1.4179811,1.7008402,1.3608571,0.7674914,0.89149904,1.7011476,1.4746847,1.253116,0.36057991,-0.21750885,-0.15617114,-0.43396166,0.62677133,0.34013602,0.32531434,0.28099078,-0.46922642,-0.003143212,-0.46158034,0.34299079,-0.78339428,0.033030763,-0.17503108,0.75153953,0.31775999,1.5159985,-0.2263605,0.21401466,-1.1124198,-0.28982568,-0.02701138,0.89822918,-0.99028826,0.53665054,0.23276088,-0.90378428,-0.14432612,-1.131249,-0.51066744,0.45158899,0.83831,0.6842137,-0.023847751,-1.6507813,0.83896255,0.10235294,-1.0591278,0.62849742,0.066475078,0.04975041,0.59509701,-0.5587731,0.43685433,-0.43738684,0.042493895,0.58798516,-0.53147727,-1.0844736,0.045858722,0.56049711,-0.34984601,0.26873475,0.098617017,-0.19613832,-0.10630349,-0.34321043,0.36086231,0.85411739,-0.21248057,-0.50513482,-0.40951401,0.19306885,0.47687855,-1.1413877,0.37770009,-1.0595999,-0.3777315,-1.757692,-0.96156931,-0.050335724,-0.41934365,0.27701181,-0.38653374,0.19447736,-0.13657923,-0.18636249,-0.80580443,-0.4699468,0.10731272,-1.0422509,-0.19697452,-0.16827646,0.1540564,0.23888142,-0.5047102,-1.591197,0.56780589,0.43489164,0.81555635,-0.14949642,0.50505763,0.27519682,0.09971115,-0.51958644,-0.22552203,0.48642969,-0.30741864,-0.019153267,0.39493132,-0.34740216,-0.74549323,0.000460684,-0.58893555,-0.61602587,0.35693786,-0.36380225,-0.011802725,-0.47629583,0.69881189,0.70704848,0.075883552,0.035836682,-1.7098781,0.75381452,0.000536993,-0.11986506,-0.042454943,-0.52918935,-0.053048667,-0.19742566,-0.67945141,1.0984021,-0.67907196,0.1459472,0.4790695,-1.5725336,-0.3372609,0.30211267,-0.15126133,-0.48757693,-0.94983238,0.47996819,0.16565724,0.30730641,0.97770876,-0.61466706,-0.22359514,0.10302551,0.23015462,0.16101693,0.27289999,0.056044862,-0.058856662,-1.239235,-1.7051272,-0.67202634,0.20898917,0.76108122,0.28328538,-0.52221733,-0.28690803,0.11506505,1.4390585,-0.22249079,0.12156712,-0.33458227,-0.26020706,1.1117355,0.12202809,0.25891161,1.3740768,-0.097978175,-2.5556307,-0.083761692,0.49725389,-0.008030797,-0.15838477,-0.81736672,0.10842462,-1.5364039,0.28998637,-1.0989709,0.48529854,0.07897263,-0.84120113,0.006568674,0.29424772,0.59462029,-0.17932758,-0.16867554,-2.5647907,0.35739136,-0.60410225,-0.060189392,0.056297615,0.084177203,0.63825679,0.21190001,-0.16308346,0.79938805,-1.6484467,-0.88777888,-0.36930421,0.39631298,-0.44159961,0.050834991,0.092909455,0.40063587,0.056988925,0.52207482,0.54601359,0.84629798,-1.0259756,-0.39422065,0.54107481,-0.15836273,0.25630769,-0.20428698,-0.33124304,-1.2251866,-0.41658944,0.055986404,-0.43355849,0.50750786,1.1407285,0.33850229,-0.45985308,0.27399659,-0.39365524,0.55880928,0.56285781,-0.46320528,0.073630035,1.770215,0.21847926,0.22470793,-1.066504,-0.27246642,-1.9756583,1.1027358,-1.3768926,-0.22743054,-0.2582643,-1.5091937,-0.18821526,0.1940923,0.34101033,0.7206682,0.45338407,0.33433664,-1.8275828,0.99670279,0.36290491,1.1919638,0.004387844,-1.1556087,-0.000595942,-0.81798774,0.60947192,0.22195804,-0.83031678,0.31200662,-1.8189454,-1.5671618,-1.4974859,-0.28513634,0.56207132,0.63792288,0.21092227,-1.0183663,0.78495193,-1.2321434,-0.21921554,0.27216187,-1.2256124,-0.069930688,-0.011228057,0.43471554,0.039600305,0.33987325,-0.077817887,0.43231985,0.001933128,0.89543378,0.091578603,-0.14766824,-0.63724589,0.44394127,1.0380907,-0.64838183,0.83028007,0.52997512,0.61402649,-0.68132657,0.74012351,0.55866259,-1.0238193,-0.56590772,0.10916574,0.16065523,0.22044677,0.77983117,-0.27582666,-0.52452028,-0.50549477,0.028536828,0.53896326,-0.30668241,0.032981884,-0.35063404,0.16084589,1.1666858,-1.1664003,0.15293194,0.30391693,-0.59875774,-0.088465899,-0.175731,-1.5015142,-1.9741769,-0.19172131,0.58740258,0.12236014,-0.17482443,0.72929192,0.22863255,0.48071694,0.28633416,-0.17988569,-0.53726196,0.17526063,0.24973214,-0.11957738,-0.42448238,0.21958011,0.071743816,1.313529,-1.6499122,-0.11355016,1.5637368,1.45604,0.58379269,-1.3714374,-0.26477435,-0.47919691,-0.17074421,0.058817703,0.45563221,0.88476551,0.77212948,0.38707805,0.24755657,0.18210691,0.87007046,0.71187937,1.0576931,-0.97265524,0.22615555,0.2691181,0.10589415,-0.39697367,-0.1357443,-1.5825504,0.30810553,-0.026352782,-0.34519127,-0.31403732,0.25767881,0.048930161,-0.66386235,0.22703882,-0.26362005,0.14918534,-0.12326138,0.67471701,1.1287627,0.33520627,0.079346791,0.63374972,-0.10157506,-0.038189802,-1.0523479,0.36162001,-0.61076462,0.21459341,0.81967759,-0.85752589,-0.33675188,0.47560322,0.44405317,-0.63108367,-0.99446112,0.60356259,-0.55040061,0.013516184,-1.7626078,0.30787137,-0.23184404,-0.53891671,-0.5656867,0.9785257,0.46713942,-1.79557,-1.1888828,-0.37840363,0.007815782,0.36044717,0.054167047,0.001841698,0.41807166,0.23229824,-0.11743201,0.12069,0.33266333,0.45260295,0.13859868,0.010470979,0.22503945,-1.5317974,-0.053754125,0.46108595,0.076547146,0.23852021,0.61918879,1.0453081,-0.43039295,-0.84888512,-0.4388656,-0.12814225,-2.0253096,0.29693377,0.23242453,0.37404865,-0.72507536,-1.3017086,0.26237738,-0.58110386,0.096775249,0.05792857,-0.11673775,0.75496602,0.078385323,0.34994423,0.43550575,0.024460327,-0.14347661,-0.42749524,-2.2586155,-0.77207077,-0.93005723,0.018862549,-0.92752069,0.1317018,-0.047594182,-0.3044551,0.16138214,0
0.56217808,0.32576963,0.28490934,0.5431115,0.53889406,0.53362882,0.5298624,0.52522916,0.52629131,0.53231645,0.51929116,0.53476608,0.52364075,0.52249289,0.54860258,0.52440888,0.53353697,0.5484432,0.53262734,0.52687627,0.50826812,0.51824719,0.51307595,0.52029568,0.52023679,0.51866806,0.52209818,0.49544102,0.50998861,0.52284116,0.50729054,0.52429307,0.50519109,0.51411384,0.51066142,0.50102282,0.49465895,0.51350594,0.49515343,0.50823486,-0.89175034,0.28224695,0.47939831,0.54277575,1.47197,1.724916,1.3988211,0.82268429,0.94264066,1.7561976,1.5267149,1.3127015,0.3583647,-0.21589969,-0.25240675,-0.43900824,0.64178777,0.36299267,0.34008646,0.32594851,-0.87771678,0.012849867,-0.70567173,0.3250241,-1.0430968,-0.050176788,-0.2122954,0.60447043,0.050097078,1.3772418,-0.13619746,0.23343213,-1.246019,-0.27188683,-0.24805754,0.89302063,-1.2483176,0.52214575,0.089480609,-0.9319939,-0.1163241,-1.13328,-0.74295926,0.14177218,0.78123194,0.65053982,-0.041347545,-1.7760246,0.48502162,0.12710415,-1.2203027,0.83638978,0.074335054,0.07260181,0.49304345,-0.10118536,0.40293485,-0.153501,-0.0452611,0.57986486,-0.76066321,-1.0585206,0.021190517,0.62359589,-0.44580343,0.31581491,0.14129806,-0.12613034,-0.12240703,-0.28089425,0.3457799,0.66152596,-0.16705748,-0.51166856,-0.18598625,-0.24887794,0.18451568,-1.0354394,0.41074216,-1.1277988,-0.31413287,-1.8095709,-0.83771282,-0.043875825,-0.52734536,0.43637687,-0.36898145,0.13143909,-0.074460775,0.030752957,-0.6432749,-0.7201426,-0.52192485,-1.0776911,-0.14580058,0.024186224,0.12313446,0.32377326,-0.32886893,-1.3634808,-0.22602707,0.5218569,0.82108355,-0.12579745,0.46033558,0.22717774,0.021272495,-0.74671179,-0.39836818,0.37015471,-0.67981195,-0.20081362,0.44523615,-0.18878222,-0.67386043,0.18672839,-0.47516158,-0.347096,0.18440835,-0.35304886,0.032408204,-0.81428272,0.80294907,0.49616033,0.36283746,-0.087386504,-1.6480408,0.39670953,0.05285871,-0.16366382,-0.040706102,-0.63105208,0.16435722,-0.1424953,-0.78176892,0.9247551,-0.77180564,0.13450383,0.26746905,-1.1366216,-0.1774803,0.33734015,-0.14166927,-0.3355251,-0.81644815,0.50180405,0.15845643,0.27039674,0.79708731,-0.82507062,-0.24453047,0.053392697,0.10076298,0.1425135,0.2548511,0.16351748,-0.26025024,-1.2768784,-1.9435947,-0.68701369,0.28508797,0.52155709,0.31244308,-0.45451874,-0.41983125,0.012864143,1.0416377,-0.31279615,-0.03216999,-0.15102997,-0.099809632,0.87363654,0.20375538,0.31160957,0.70028377,-0.12923557,-2.1539826,-0.087536529,0.28047103,0.080580987,-0.2714642,-0.61138541,0.16535604,-1.4059638,0.22257499,-1.1037468,0.18631351,0.27931058,-0.92567801,0.090025872,0.14761174,0.34829873,-0.17822579,-0.80933076,-2.5213654,0.38950488,-0.82678574,0.028125994,-0.12907827,-0.12574944,0.56025296,0.25938493,-0.26653248,0.62739015,-1.3389769,-0.79401487,-0.32976478,0.34603292,-0.4334251,0.24141638,0.20422742,0.35118347,-0.005114295,0.50282556,0.43488771,0.77108467,-1.0080169,-0.30057457,0.38668185,-0.16295904,0.20308104,0.020649949,-0.26130933,-1.4316626,-0.48682827,0.063946046,-0.43818557,0.47791156,0.80958521,0.42612809,-0.53841525,0.15866579,-0.24534093,0.59037483,0.2427903,-0.42155629,0.1264438,1.2300906,0.23619643,0.31084269,-0.9012484,-0.14212836,-1.8884169,1.0528338,-1.1400805,-0.1025179,-0.098997392,-1.876503,-0.15976112,0.053663075,0.12942645,0.54219061,0.54446936,0.21887776,-1.8248736,0.84344023,0.1335724,1.0435376,-0.16546887,-1.2641927,0.10831186,-1.0206198,0.56623185,0.39191279,-0.82777584,0.21254283,-1.5453854,-1.4039145,-1.1550732,-0.50286746,0.39833915,0.43262914,0.30849943,-0.78821242,0.79888856,-1.0077995,-0.10462509,0.27020985,-1.1254754,-0.12924331,0.052945673,0.38440222,0.21964793,0.20892777,-0.20608512,0.51589608,0.05542526,0.44617334,-0.052521735,-0.16427749,-0.70316678,0.47956657,1.0171776,-0.44957697,0.5404067,0.58341938,0.49678493,-0.64096117,0.34037799,0.19357163,-0.71892571,-0.72634089,0.14262071,0.007364854,0.10308462,0.48939186,-0.22477537,-0.48551074,-0.56654996,0.044714186,0.37536889,-0.20636582,0.03525725,-0.35584182,0.21197733,0.80387998,-0.86095482,0.21083976,0.28056362,-0.61936665,-0.10170947,-0.61421478,-1.2548329,-1.9770701,-0.15732747,0.66898739,0.058550656,-0.19381219,0.80054384,0.18659338,0.52665091,0.31077284,-0.15973312,-0.42336392,0.23194867,0.041846655,-0.16246673,-0.74487805,0.26684517,0.23914787,1.2536091,-1.6736161,-0.16317809,1.5382885,1.5651543,0.35497367,-1.6011797,-0.24607384,-0.44809118,-0.26132491,-0.00035242,0.12233987,0.68291658,0.55001503,0.34104961,0.076305993,0.22845733,0.7870096,0.70061296,0.84822798,-0.98208934,0.22407047,-0.040288061,0.23227137,-0.28476992,-0.15220641,-1.7760265,0.38654435,0.065959275,-0.38679326,-0.13351503,-0.072320491,0.085738555,-0.60744536,0.3107115,-0.24131894,0.13789621,0.067952797,0.15107629,0.89041382,0.37725008,0.045920111,0.61369407,-0.12480553,-0.084323511,-0.90855563,0.24565805,-0.85066617,-0.011579394,0.77941549,-1.011395,-0.15594828,0.56373417,0.34837401,-0.39682806,-1.01327,0.53737664,-0.497713,-0.023992993,-1.7522645,0.26887217,-0.19942826,-0.51600051,-0.42097309,0.93372476,0.37681192,-1.7212996,-0.97625011,-0.43735647,0.03345985,0.24346118,-0.12160902,0.051592611,0.19667335,0.26105729,-0.098630831,0.25368673,0.37755352,0.36276823,0.16809753,-0.30716786,0.19342135,-1.3981831,-0.00868042,0.31073186,0.07498347,0.25933376,0.5506916,0.88951504,-0.3716988,-0.87038541,-0.43538797,0.090061747,-1.9688128,0.51933825,0.40134484,0.44409627,-0.66603458,-1.2019684,0.27836114,-0.56944311,0.1348283,-0.11400378,-0.031505123,0.39329585,0.11419111,0.34781802,0.26671398,0.082032204,-0.018423572,-0.22559728,-2.1235936,-0.6220904,-0.78160495,0.075861365,-0.73191535,0.22874755,-0.14691958,-0.26202643,0.11252695,0
0.50268853,0.23201083,0.17935643,0.48575914,0.48526752,0.50603884,0.47123724,0.46506327,0.47155258,0.48520538,0.46260524,0.46243072,0.46309116,0.43957859,0.4551132,0.45691198,0.4397653,0.49604833,0.48891449,0.43210295,0.44040766,0.47506952,0.45272407,0.43914109,0.46124533,0.46537551,0.47856021,0.4649705,0.45306465,0.4707621,0.45733786,0.4500016,0.43803582,0.44123501,0.46509194,0.40917245,0.42304391,0.44728911,0.41304904,0.43731809,-0.94004822,0.11460029,0.32724965,0.40578708,1.286031,1.6092691,1.2130318,0.66587925,0.77223098,1.5922456,1.3701729,1.151997,0.40552726,-0.23239863,-0.31622845,-0.33450779,0.62684351,0.36381513,0.31298891,0.32069412,-0.73861063,-0.044923171,-0.7079767,0.32990238,-0.8225854,-0.083251901,-0.18601629,0.49085814,-0.019921362,1.0806001,-0.16150741,0.24145991,-1.0697824,-0.20644349,-0.20110792,0.79748619,-1.1010903,0.53354353,0.15730284,-0.76552689,-0.35167059,-1.0638063,-0.54527748,0.26241398,0.862306,0.53769457,-0.000786522,-1.5234381,0.47100991,0.14778425,-1.0113746,0.74460071,0.025278281,0.099111252,0.46034837,0.12956339,0.2060397,-0.22499716,0.041108534,0.58962566,-0.58256763,-0.92750573,0.063123994,0.48795161,-0.36705577,0.11616029,0.11474053,-0.20353872,-0.13288623,-0.19106142,0.29430899,0.43646526,-0.083292328,-0.36436781,-0.036167145,-0.11355329,0.15958029,-0.91552001,0.36692595,-1.0077232,-0.3667323,-1.5944686,-0.7312665,-0.10066423,-0.51983196,0.50144041,-0.20437966,0.081906058,-0.066639543,-0.025734648,-0.62342572,-0.59828544,-0.55930567,-0.88085192,-0.15472208,0.1345101,0.07829529,0.28638816,-0.24215104,-1.4114387,-0.2063033,0.45737916,0.65924877,-0.1426847,0.51638961,0.30066001,-0.00129094,-0.64255023,-0.33925113,0.28501782,-0.53301895,-0.13799457,0.45758832,-0.21777058,-0.60481918,0.15405434,-0.53779399,-0.065808475,0.17329347,-0.29345912,0.05905623,-0.74996257,0.79270732,0.64039332,0.32337424,0.048287578,-1.4263772,0.3297314,0.006021373,-0.18778643,-0.060592089,-0.45392129,0.11358739,-0.13903493,-0.70618254,0.77247441,-0.45005792,0.19534788,0.34554511,-1.2723782,-0.00989902,0.19314289,-0.16634464,-0.2123401,-0.71662235,0.36472398,0.034995407,0.29275599,0.5699904,-0.8359226,-0.16413943,0.1004798,0.040613569,0.079184599,0.25476652,0.11602876,-0.13301268,-1.0775509,-1.5432172,-0.59943002,0.22658457,0.59734201,0.40072984,-0.28002879,-0.12141973,0.035230786,0.797207,-0.29080445,0.028901834,-0.14538619,-0.19600791,0.77463526,0.18820727,0.3179017,0.095908999,-0.057058889,-1.5465449,-0.096205965,0.16084984,0.068620615,-0.18975541,-0.63806456,0.17159717,-1.2048426,0.16001846,-0.76897013,0.19133982,0.078675583,-0.78061193,0.071271583,0.14425392,0.29194126,-0.099266022,-0.77173364,-2.1982219,0.2571004,-0.59460914,0.056890659,0.11034524,0.28003764,0.43981212,0.1770726,-0.22060871,0.50269634,-1.2733746,-0.57397741,-0.39104748,0.41650566,-0.35948113,0.003392875,0.16100824,0.36572134,0.01049271,0.44730377,0.44504675,0.69901186,-0.64993215,-0.35099417,0.62268734,-0.14975722,0.10591987,-0.021044198,-0.21874067,-1.1496899,-0.45602748,0.10014032,-0.22072494,0.43681133,0.76227844,0.34271538,-0.44663715,0.1643925,-0.24746153,0.51751328,0.30371773,-0.24818052,0.096277051,1.2060966,0.050705343,0.22028431,-0.74168944,-0.17121643,-1.6448197,0.8780632,-1.1235775,-0.074050516,-0.16004042,-1.4052662,-0.093418583,0.093721449,0.065657273,0.44820791,0.23178649,-0.020371526,-1.6790988,0.68105572,0.17882007,0.91440934,-0.064258426,-1.1605635,-0.10525121,-0.75947529,0.41650659,0.34032094,-0.78087014,0.38389984,-1.4674439,-1.3140562,-1.0311531,-0.37222117,0.2896347,0.16429996,0.27574834,-0.88389039,0.80994266,-0.77732384,0.013170928,0.20619765,-0.89954865,-0.14495346,0.065544292,0.292155,0.045368612,0.19693875,-0.19513243,0.43815151,0.10314593,0.41349572,0.015620641,-0.15685016,-0.57318646,0.43305051,0.80230099,-0.48550692,0.51371258,0.54805744,0.42307365,-0.5692144,0.66295487,0.16197231,-0.66788089,-0.6149798,0.13756362,0.026310444,0.029478252,0.62179083,-0.19864763,-0.41174999,-0.55014688,-0.006127379,0.57336736,-0.14052865,0.03703931,-0.35853878,0.18453173,0.74840695,-0.93454158,0.16399647,0.31658071,-0.38122874,-0.085505344,-0.35065812,-1.0687456,-1.6899841,-0.13786538,0.60376716,0.010271549,-0.17743182,0.62307876,0.2108525,0.51795727,0.26439449,-0.15606079,-0.35960162,0.2505981,0.086489983,-0.15101989,-0.54032099,0.28764033,0.22349495,1.0749202,-1.3432544,-0.091966949,1.0495553,1.3086147,0.28957307,-1.1778532,-0.33553296,-0.49320269,-0.26919597,-0.1311864,0.092769384,0.55738574,0.19100672,0.38521856,0.034258381,0.2674731,0.5672611,0.54387492,0.74030966,-0.92412102,0.22168766,0.046064734,0.18762597,-0.23667231,-0.14034057,-1.4883367,0.35833615,0.035664789,-0.35235867,-0.097489901,0.077888146,0.069173113,-0.4099558,0.26550916,-0.21434265,0.19704482,-0.049035646,0.36084098,1.036503,0.40576798,0.063515201,0.55311614,-0.013849191,-0.09979187,-0.83473015,0.19853288,-0.67389917,-0.21697208,0.57293856,-0.73942024,-0.26250413,0.34709379,0.29988748,-0.40883696,-0.90796959,0.46074015,-0.45705304,-0.088539295,-1.5406753,0.23529056,-0.19296739,-0.48883152,-0.39105231,0.72164077,0.3743526,-1.6197397,-0.91863441,-0.41498187,0.082362711,0.22794616,-0.080448836,-0.050139964,0.30820709,0.27886075,-0.091082849,0.27156526,0.27842382,0.32249987,0.040783614,-0.16595292,0.22337213,-1.2021325,0.21976924,0.25559157,0.040453233,0.23926753,0.49478486,0.65556902,-0.25035286,-0.72441846,-0.37190112,0.072120033,-1.6360863,0.37911323,0.40047395,0.40761983,-0.48618582,-1.0640348,0.20217921,-0.46694845,-0.002840102,-0.15042663,0.10270268,0.12784401,0.18638019,0.36530384,0.16278571,0.066326201,-0.16818756,-0.261664,-1.9310414,-0.58257854,-0.7769596,0.088569038,-0.77621204,0.14318103,-0.067279913,-0.18809174,0.10409318,0
0.65937662,0.42175242,0.38319454,0.6189751,0.62491792,0.64001268,0.62140638,0.61746818,0.62536091,0.62252319,0.61813527,0.62208915,0.6212672,0.60607314,0.6249392,0.61558253,0.61357147,0.63810289,0.62566322,0.60402733,0.59822613,0.6150614,0.60847652,0.60432649,0.61151415,0.60838586,0.62132049,0.6091584,0.60322309,0.61486542,0.60126674,0.6049397,0.59701133,0.60388505,0.60119891,0.58865047,0.59244949,0.60291827,0.58132941,0.59781492,-0.90481234,0.37247437,0.59389138,0.59191906,1.5173464,1.7759612,1.5232111,0.92637217,1.0514727,1.8539734,1.6138434,1.4108903,0.50299907,-0.17540345,-0.32299754,-0.42365211,0.76352239,0.40400392,0.42799354,0.3721692,-0.81173515,0.082156368,-0.61790216,0.44865429,-0.75807691,0.037345648,-0.19882976,0.59759265,-0.019724369,1.4930067,-0.21699131,0.29108727,-1.2256626,-0.24660274,-0.18553959,0.99483705,-1.0809209,0.71414411,0.22594079,-0.92782283,-0.17182809,-1.2126348,-0.57823873,0.32850051,0.97992373,0.67980981,-0.002676658,-1.663969,0.6128096,0.1370765,-1.1591264,0.6909163,0.069483198,0.17467126,0.50032008,-0.029362231,0.37965056,-0.27365807,0.095396116,0.62745976,-0.5342859,-0.99999064,0.039812423,0.52622932,-0.43800068,0.13902718,0.053769875,-0.24054709,-0.050697692,-0.28305706,0.34953618,0.64300847,-0.15660027,-0.1878081,-0.21096286,-0.030467361,0.36808446,-1.0466452,0.41634089,-1.1557531,-0.31010246,-1.7350826,-1.0251675,-0.087113976,-0.55420274,0.52951431,-0.39386141,0.070917532,-0.11017323,-0.28331017,-0.8635779,-0.65514708,-0.27365533,-1.0684291,-0.20161384,0.02511026,0.071033314,0.26038402,-0.39489812,-1.7577586,0.096903533,0.51891547,0.78781116,-0.14192602,0.49285412,0.21737133,0.00141339,-0.50285405,-0.33048552,0.32622415,-0.62574798,-0.15543997,0.49489856,-0.32307851,-0.72548681,0.031414106,-0.65418845,-0.26862001,0.27592653,-0.29377228,0.073630035,-0.69556153,0.80131996,0.6201539,0.38892174,-0.055290528,-1.7667807,0.54739749,0.05643782,-0.28128037,-0.1001959,-0.58121216,0.10404092,-0.15815997,-0.78002191,1.1084293,-0.7368803,0.20179063,0.34894484,-1.5394658,-0.10532338,0.22597076,-0.11334529,-0.44514412,-0.90202165,0.38437515,0.11412677,0.41502246,0.6893298,-0.78590107,-0.30639327,0.10304587,0.13533843,0.11212958,0.34724227,0.13299423,-0.15682706,-1.2950369,-1.7876159,-0.64179426,0.26830739,0.97258383,0.36266145,-0.35747164,-0.42100561,-0.027703047,0.88548005,-0.24339804,0.12849653,-0.22535869,-0.24225821,0.98885709,0.19847062,0.35070184,0.73156643,-0.19725332,-2.1545804,-0.077786341,0.33407122,0.067336291,-0.20074399,-0.85988426,0.14642364,-1.4595643,0.30319336,-1.0932689,0.082230955,0.13590311,-0.94031,0.14485155,0.14729677,0.28453916,-0.13403243,-0.49591506,-2.5666389,0.36478829,-0.68131292,0.002117798,0.12651859,0.10266177,0.61007404,0.23461278,-0.18279113,0.78245145,-1.533884,-0.80485231,-0.45659286,0.47298074,-0.48400867,0.12020779,0.13989083,0.46585733,-0.040328402,0.55542535,0.50829637,0.78257465,-0.77996695,-0.27138278,0.73461962,-0.16544147,0.21448207,-0.079181455,-0.35305193,-1.2517786,-0.38128144,0.089903861,-0.41446829,0.45541263,1.0520946,0.39308968,-0.48377919,0.20264274,-0.27758476,0.68888521,0.33655572,-0.39906591,0.020842351,1.6619114,0.067672923,0.18609098,-1.1775922,-0.29568109,-1.8689724,1.1064873,-1.2962558,-0.21131888,-0.078239828,-1.500448,-0.012340497,0.021407932,0.047847986,0.52586156,0.39591843,0.37298158,-1.8852222,0.88964671,0.27629802,1.2211288,-0.069949724,-1.2415894,-0.021044821,-0.88468802,0.56312728,0.27858353,-0.85790896,0.24880676,-1.8210295,-1.6165864,-1.3160641,-0.3672981,0.42061207,0.12596542,0.31272298,-0.97767794,0.93561822,-1.096874,-0.10194267,0.29386476,-1.2397025,-0.18915801,0.00954609,0.36096278,-0.055305839,0.22120424,-0.1540783,0.39675435,0.06110891,0.26633307,0.042173065,-0.18030444,-0.72645527,0.53759861,1.0691843,-0.54974365,0.6166718,0.5989027,0.57460582,-0.80479097,0.60831738,0.58148462,-0.84309286,-0.71419406,0.12658668,-0.017785579,0.16670273,0.67529756,-0.29677552,-0.4771333,-0.52813691,0.059743255,0.55009216,-0.30229348,0.036340591,-0.43895084,0.21866375,1.0342927,-1.1074195,0.17266393,0.32444292,-0.49839175,-0.05974333,-0.2228772,-1.2871251,-1.9626925,-0.2295278,0.73624492,0.014555842,-0.22455849,0.63811761,0.01746735,0.57462758,0.40465358,-0.27214766,-0.57323253,0.26083305,0.000591975,-0.15229715,-0.57515359,0.33117118,0.16651651,1.3530134,-1.6532422,-0.14727497,1.552851,1.5524163,0.56216764,-1.449517,-0.35239232,-0.6530537,-0.35373554,0.10617512,0.23975116,0.85588586,0.84616637,0.48005444,0.17191437,0.24290022,0.71301949,0.70213401,0.93222117,-0.95400286,0.19595535,0.14758551,0.23508972,-0.34963608,-0.27017817,-1.7747505,0.40998751,0.048664261,-0.34112862,-0.26110631,0.040923506,0.071962312,-0.74690086,0.18136632,-0.22740713,-0.034255758,-0.13300133,0.53230584,0.86165559,0.4042393,0.020757901,0.59679043,-0.13405152,0.060950805,-0.98891884,0.32743311,-0.74193835,0.056093469,0.79345787,-0.91179472,-0.3290534,0.45656335,0.38845778,-0.69311523,-0.97941047,0.63226008,-0.58052337,-0.037773229,-1.6906867,0.19192584,-0.21435392,-0.44499433,-0.54696894,0.98511529,0.34251374,-1.8773143,-1.2847668,-0.46238771,0.010837471,0.38829541,-0.11103921,0.027328407,0.3349961,0.31970981,-0.17802142,0.30035657,0.3596206,0.3440609,0.08457832,-0.28547674,0.21671957,-1.497376,0.011618337,0.36571467,0.075582929,0.28728688,0.56698936,0.90531987,-0.45170978,-0.77318126,-0.4551723,-0.16395621,-1.7820363,0.33321077,0.27505279,0.42282072,-0.67445487,-1.3687121,0.27337354,-0.51541424,0.015646309,-0.10040516,-0.072664633,0.044535875,0.078246072,0.41226888,0.28121376,0.075004816,-0.23953818,-0.31365395,-2.1983368,-0.69041765,-1.0172594,0.15645008,-0.98134601,0.13960616,-0.13040678,-0.40243882,0.12478764,0
0.44659847,0.20859677,0.17136495,0.45108467,0.43714765,0.45416197,0.43728685,0.43055809,0.44111761,0.43603522,0.43690485,0.43166041,0.43279919,0.42374915,0.44106939,0.42370838,0.43506017,0.45239723,0.43471867,0.42930558,0.41605979,0.42512459,0.4174192,0.4226751,0.42061794,0.41057625,0.42840439,0.41115493,0.42071557,0.41445717,0.42324057,0.41214752,0.40806562,0.40659559,0.4134351,0.3948949,0.39717907,0.41256294,0.39635187,0.40724242,-0.78106415,0.16760154,0.19394517,0.30223727,1.229934,1.5537306,1.075423,0.54849935,0.64593267,1.4733503,1.2819136,1.0272208,0.21636429,-0.20613155,-0.06376408,-0.3810218,0.42828983,0.22602251,0.24780962,0.20868836,-0.27784061,0.071776196,-0.48523167,0.3286756,-0.76372033,0.041821413,-0.13862747,0.72634363,0.15653095,1.1164854,-0.18934514,0.16962987,-0.97001964,-0.20504218,-0.12180857,0.52568644,-0.96816146,0.34252065,0.17412609,-0.74952924,-0.09980572,-0.85145503,-0.49943644,0.3448852,0.51427305,0.55131817,-0.040634558,-1.3727179,0.5586074,0.089340299,-0.89277661,0.73374689,0.076533258,0.11622767,0.38373902,-0.1167685,0.23776279,-0.34369549,-0.069718376,0.46057427,-0.54174531,-0.92322481,0.015072815,0.57418114,-0.28421915,0.21792437,0.2268804,-0.1341463,-0.066243455,-0.27061179,0.18079671,0.5353967,-0.16555026,-0.24057291,-0.23204246,0.031741336,0.25630677,-0.9104774,0.35034525,-0.83184201,-0.30785468,-1.5205909,-0.7620309,-0.14611419,-0.36777973,0.31604591,-0.38207364,0.076932371,-0.11900853,0.01056017,-0.66292489,-0.45472991,0.15358801,-0.91454053,-0.22238217,-0.15727916,0.094346747,0.29659873,-0.32823098,-1.2987812,0.2626538,0.41976044,0.78469926,-0.1187791,0.39541173,0.18414834,0.038315609,-0.24080946,-0.22396336,0.2871328,-0.27666596,-0.061042994,0.27836281,-0.27872247,-0.69744349,0.066996567,-0.52222884,-0.48888513,0.2758123,-0.37636846,-0.044174533,-0.55252504,0.7122829,0.57364279,0.14770214,0.11695015,-1.4843066,0.60987675,-0.058240019,-0.11365689,-0.098648489,-0.46478188,-0.01879199,-0.19767046,-0.52545273,0.82754785,-0.69574922,0.15807916,0.30393079,-1.2343831,-0.19464403,0.2143192,-0.045539588,-0.38321644,-0.83258164,0.29375416,0.13112994,0.32793286,0.81163603,-0.67156595,-0.16549873,0.10846579,0.30151144,0.1558598,0.30258745,0.069601119,-0.15601079,-1.0295628,-1.4570453,-0.55040455,0.1727459,0.46856943,0.33313626,-0.42963201,-0.36136711,0.038056716,1.206964,-0.33625865,0.063053146,-0.27900958,-0.2409693,0.79976201,0.093922555,0.20199949,1.5772229,-0.065761425,-1.9731179,-0.03916546,0.52265257,0.047945902,-0.14421417,-0.605407,0.169199,-1.3414236,0.16934142,-1.0414332,0.39088002,0.17075638,-0.69711345,-0.053305604,0.27007514,0.49034202,0.022210568,-0.3645803,-2.1832366,0.3228105,-0.54251677,-0.068979383,-0.055740826,0.22003138,0.60773158,0.16000915,-0.14813894,0.57061923,-1.2477819,-0.52477705,0.071616843,0.50992304,-0.36537933,0.0938759,0.095687009,0.24115433,0.040148199,0.37126252,0.48397037,0.73417842,-0.69528627,-0.38234907,0.52475274,-0.089785539,0.22302964,-0.065718614,-0.17196065,-1.0912057,-0.35915688,0.065268792,-0.31043553,0.40106165,0.97782439,0.28366107,-0.45398933,0.1337917,-0.31712675,0.4957186,0.45580703,-0.42026424,0.072208196,1.1267408,0.073266208,0.292283,-0.61185956,-0.16293764,-1.6631901,0.86200094,-1.1624275,-0.20297015,-0.17521636,-1.0641063,-0.12974545,0.17888591,0.15176365,0.50158608,0.24816614,0.24103971,-1.6287897,0.83482742,0.21138526,1.0613729,0.032626491,-0.94687492,0.018980473,-0.80782348,0.52290332,0.41996947,-0.66491061,0.24517909,-1.504687,-1.3681278,-1.1670328,-0.31543404,0.33534974,0.47379097,0.19614084,-0.8256526,0.6076045,-0.9109183,-0.058404192,0.26950338,-0.86604232,-0.074225165,-0.002105578,0.3733668,0.23631647,0.1447636,-0.12872863,0.58901,0.028386606,0.79856986,-0.068352938,-0.17201443,-0.69033462,0.29429612,0.74939096,-0.54476559,0.67715329,0.41124105,0.29396877,-0.56375569,0.66434222,0.28445894,-0.72345734,-0.50339067,0.11941709,0.12454662,0.081135944,0.57878351,-0.22655144,-0.4121584,-0.46857753,0.08983779,0.48679936,-0.29671311,0.099309012,-0.30505672,0.11916031,0.95664519,-1.0185454,0.13910276,0.25019243,-0.41633031,-0.03059732,-0.14584641,-1.147548,-1.7211311,-0.084509566,0.47905058,0.055241391,-0.056886703,0.60198039,0.10873188,0.45665631,0.18638717,-0.044517159,-0.45164943,0.11889726,0.13276735,-0.054939155,-0.39239842,0.19154075,0.12322504,1.0667105,-1.4244732,-0.16333954,1.322619,1.2590655,0.20269211,-1.2488912,-0.2121361,-0.52879161,-0.21417233,0.02212533,0.33337185,0.66943866,0.80293918,0.25850111,0.19470149,0.1293897,0.9349761,0.581671,1.0047994,-0.98228085,0.047056437,0.19711265,0.041088641,-0.37182939,-0.13787261,-1.4086603,0.24500337,-0.026425585,-0.29084218,-0.20870243,0.28369829,0.14470513,-0.58570898,0.29573342,-0.25587904,0.1225363,-0.12101718,0.19168499,0.83477724,0.34818387,0.054720543,0.56088823,-0.039801918,0.022231102,-0.79233837,0.27256691,-0.56336588,0.082697585,0.5521217,-0.89756799,-0.18167,0.34902188,0.24838403,-0.51961559,-0.97506446,0.48534131,-0.38406503,0.045933254,-1.6068339,0.23549464,-0.18752736,-0.22439411,-0.45196506,0.86036104,0.30411595,-1.6557651,-1.0505189,-0.32224694,0.021144671,0.35616964,-0.010816209,-0.007475434,0.26854447,0.16493548,-0.069949582,0.10911673,0.19839907,0.37584484,0.1421656,-0.1254525,0.18125445,-1.2046342,-0.05903947,0.39040676,0.029463924,0.1694358,0.5878877,1.0023911,-0.40394878,-0.60397089,-0.35581139,0.1809832,-1.6836627,0.37136847,0.069502011,0.38364679,-0.58502036,-1.2193937,0.22981231,-0.63479495,0.61861366,-0.14351314,-0.072882481,0.49980623,0.016252354,0.25332469,0.29333049,-0.006567325,-0.1143457,-0.31625429,-1.9030602,-0.65199536,-0.81267995,-0.090922371,-0.7566703,0.022823229,-0.12465595,-0.27086195,0.12881476,0
0.53277516,0.28180704,0.24700469,0.50339329,0.49399668,0.51253986,0.5077967,0.48940104,0.48938701,0.49846852,0.4903062,0.49099624,0.49486229,0.47472101,0.50285041,0.49636668,0.50278521,0.51142251,0.493128,0.48500776,0.48293883,0.50014955,0.48394737,0.48254699,0.48847988,0.48173171,0.5021407,0.47863775,0.4952361,0.47771627,0.48109195,0.48675051,0.47874072,0.47312063,0.48059878,0.47198477,0.46381411,0.47794622,0.45897689,0.47523367,-0.84381235,0.22666623,0.38895059,0.41964924,1.2942784,1.6766975,1.2668937,0.70154923,0.82741326,1.6172996,1.383342,1.1825714,0.34036914,-0.22636947,-0.23162109,-0.44475466,0.58282578,0.31860912,0.31759289,0.27447751,-0.86459357,0.042895064,-0.71068203,0.38537735,-0.49351266,-0.15950809,-0.16725996,0.55341756,0.13692001,1.2585118,-0.17173669,0.21053658,-1.0928254,-0.27793336,-0.068029106,0.77993768,-1.0930169,0.56563747,0.15723106,-0.9115746,-0.15620792,-1.1302146,-0.59535527,0.38496101,0.79404169,0.61350441,-0.060629454,-1.6060287,0.68565428,0.14592886,-1.0061407,0.67672265,0.022036623,0.070067368,0.50892657,-0.065487169,0.39369357,-0.27430969,-0.023146046,0.55870187,-0.70876098,-1.0443817,0.053653955,0.47230196,-0.25950789,0.15106136,0.11471242,-0.13251266,-0.049539261,-0.31317356,0.46070421,0.69901967,-0.18522106,-0.35491654,-0.31723109,-0.15471771,0.38963565,-0.99945766,0.34749982,-1.0341005,-0.36854059,-1.7492316,-0.74882317,-0.030956816,-0.46428019,0.47256631,-0.44711819,0.045368105,-0.099734508,-0.023826033,-0.74478352,-0.64660394,0.09820918,-1.011031,-0.14550957,-0.051839113,0.10731896,0.253719,-0.41432929,-1.3344817,0.25375193,0.48138347,0.76047653,-0.12493109,0.55236399,0.29639098,0.02909755,-0.091168836,-0.26577157,0.31194404,-0.54277343,-0.15412514,0.40126365,-0.12131988,-0.6889742,0.085233927,-0.52215225,-0.40036705,0.24167681,-0.30729941,0.046906732,-0.88398552,0.82517976,0.6150372,0.24801555,-0.004394308,-1.6779264,0.463826,-0.019662485,-0.17672551,-0.057403281,-0.53730273,-0.000942271,-0.14011203,-0.62626916,0.93225819,-0.68532842,0.14790162,0.42360592,-1.2582227,0.25530666,0.25503328,0.3315399,-0.3458091,-0.78775972,0.46802276,0.042647898,0.23874336,0.84906912,-0.72446859,-0.21789339,0.059030883,0.042945102,0.19561158,0.40201974,0.20525242,0.048707314,-1.1361477,-1.6754639,-0.71040654,0.24477784,0.52642089,0.30481333,-0.49438244,-0.34565204,0.097491875,1.0428972,-0.23779482,0.030309821,-0.19866133,-0.20584215,0.90448421,0.11361358,0.26640457,1.2418453,-0.11825731,-2.2067072,-0.072077602,0.61663973,0.009225791,-0.18318683,-0.563811,0.054483004,-1.4093664,0.20806649,-0.97867477,0.16505548,0.19442093,-0.8424719,0.018938836,0.17711267,0.37015441,-0.1601827,-0.49160662,-2.3832099,0.22459532,-0.50575382,-0.01740896,-0.023055643,0.12650797,0.47251242,0.090280332,-0.24153842,0.51801878,-1.3590332,-0.83006966,-0.35100898,0.57280135,-0.40969759,0.10795398,0.17436501,0.37688345,0.01322972,0.4562338,0.46678042,0.71646702,-0.86560172,-0.34256592,0.95688677,-0.11401308,0.15951778,-0.073244371,-0.25523829,-1.2379713,-0.49067855,0.1196027,-0.39728194,0.47737491,1.211936,0.37551069,-0.51464248,0.2057502,-0.39315736,0.52557516,0.59723133,-0.42895919,0.072953105,1.4165013,0.099813342,0.17896318,-0.90175831,-0.24191242,-1.7804265,0.89781612,-1.1395515,-0.14476058,-0.17432491,-1.4027199,-0.26931256,0.12582219,0.23591805,0.62216187,0.4728592,0.19461915,-1.6912507,0.72064054,0.19634017,1.184238,0.088761017,-1.1845384,-0.041770965,-0.85615242,0.51040947,0.21021107,-0.82115424,0.25927806,-1.5339415,-1.488884,-1.2218814,-0.378126,0.35854968,0.64963281,0.26037532,-0.79562986,0.62341863,-1.0790062,-0.14272639,0.37639055,-1.0569155,-0.14917564,0.039250929,0.35579744,0.11968914,0.43412906,-0.066500664,0.42764711,0.052749716,0.37344572,-0.13459434,-0.11934857,-0.64273643,0.40470472,0.93983042,-0.48639178,0.53849763,0.51032853,0.49109289,-0.6018067,0.67556351,0.11340076,-0.84347618,-0.67637062,0.074029267,0.059482865,0.19581211,0.71191663,-0.28402051,-0.47777894,-0.43814909,0.029004132,0.37331066,-0.22289352,0.12626243,-0.31980819,0.13572572,1.3594118,-1.0832977,0.15606742,0.26271796,-0.54306275,-0.024791861,-0.37432936,-1.2083489,-1.7972436,-0.20922816,0.57560009,0.13172323,-0.12141208,0.721057,0.19807091,0.46603033,0.3632803,-0.15582809,-0.40244508,0.19257344,0.049601167,-0.085218251,-0.46700197,0.24459681,0.1202791,1.2059723,-1.6522942,-0.091639981,1.3360373,1.524318,0.49406099,-1.3358932,-0.21463746,-0.31664127,-0.15848856,0.017075058,0.26156643,0.65134007,0.57192028,0.31016737,0.19968306,0.21150562,1.1016755,0.63510495,1.1619321,-0.81141829,0.39139053,0.17168196,0.20434396,-0.35371804,-0.13064358,-1.5648541,0.29817161,-0.019792929,-0.3806037,-0.19027597,0.26677099,0.14153963,-0.68000203,0.22443773,-0.25048608,0.44463181,-0.035205275,0.80097795,1.0906149,0.25914171,0.022370026,0.60016018,-0.32851923,0.004812326,-0.93879741,0.19740359,-0.66642201,0.068171531,0.52844381,-0.89127207,-0.23395914,0.41601461,0.36841357,-0.50585711,-1.0718074,0.55714178,-0.61025006,-0.054166526,-1.6266735,0.30884081,-0.18840341,-0.55501002,-0.43489629,1.0069375,0.41231412,-1.6312828,-1.1190369,-0.37832892,0.01933736,0.270125,-0.15200363,0.004566689,0.32907957,0.201271,-0.18513578,0.24547313,0.32429019,0.29870749,-0.002908304,-0.22725505,0.24704529,-1.3805673,-0.031474009,0.31474733,0.023759782,0.23411907,0.59719646,1.0812031,-0.34179458,-0.77150846,-0.35968944,0.28267241,-1.9166745,0.35748941,0.32709646,0.41092843,-0.66589546,-1.1714691,0.2178029,-0.56645674,0.1431563,-0.040496901,-0.064105101,0.26409435,0.109013,0.31053942,0.45724043,0.072412372,-0.10431087,-0.2735205,-2.078486,-0.64922065,-0.80554128,0.070788041,-0.77985829,0.20548368,-0.12149034,-0.26862085,0.069530457,0
0.61331916,0.36284506,0.34231907,0.57968658,0.5667991,0.58393741,0.57217604,0.55905867,0.56512451,0.56329924,0.55444884,0.56335795,0.55248797,0.54532552,0.5797416,0.5583753,0.57892954,0.58578205,0.56326252,0.56525743,0.55455375,0.55474937,0.5496881,0.55853909,0.55376375,0.54158986,0.5468002,0.53701961,0.56391239,0.55022484,0.54842889,0.55857289,0.54819626,0.54152,0.55304068,0.53960586,0.53833461,0.55375683,0.53319103,0.52720141,-0.96376479,0.33217391,0.49362868,0.47408694,1.3916878,1.7642238,1.3788787,0.79774737,0.92647064,1.7119719,1.4782383,1.2698274,0.302746,-0.20621064,-0.17588852,-0.45613307,0.567801,0.28648484,0.36261499,0.27056688,-0.62442106,0.10127514,-0.55933809,0.36083713,-0.62239563,0.016986825,-0.17379507,0.7541303,0.095309645,1.6520596,-0.22712925,0.19802827,-1.1707951,-0.28801292,-0.070342124,0.84052628,-0.95409465,0.55801368,0.21450283,-0.96146905,-0.15506598,-1.248311,-0.5660609,0.36458272,0.77614307,0.72940421,-0.02255776,-1.7113153,1.0355282,0.1177498,-1.0933886,0.5227654,-0.00405623,0.088355243,0.63903278,-0.088747017,0.55080456,-0.48363954,0.008608038,0.55264878,-0.654001,-1.1486858,0.067868263,0.47320956,-0.28415075,0.26160204,-0.12378113,-0.27091071,-0.012706369,-0.39554822,0.51145631,0.73519886,-0.23923634,-0.33577192,-0.52728081,0.065880567,0.53907073,-1.0644979,0.40298015,-1.0233409,-0.39100936,-1.8216317,-1.0632331,-0.07957767,-0.56481045,0.33817661,-0.51186997,0.10430969,-0.10341033,-0.30663973,-0.80029523,-0.61738539,0.46604598,-1.0710133,-0.26956031,-0.15839364,0.093166962,0.18209322,-0.51729745,-1.8504722,1.0132633,0.46492094,0.84667963,-0.16007999,0.49197793,0.43262672,0.1149397,-0.11659423,-0.20401537,0.24660861,-0.71961379,0.13520862,0.34130561,-0.29890758,-0.80047882,-0.30326721,-0.67950338,-0.49810725,0.34100989,-0.46041468,0.027103759,-0.7793076,0.76156718,0.85942054,0.18518716,0.091004044,-1.8681713,0.87730587,0.1240626,-0.13363539,-0.12260605,-0.58791476,0.097908817,-0.20777029,-0.68501675,1.1481992,-0.94658649,0.12135299,0.46751598,-1.4645268,-0.20853123,0.32322335,-0.082170136,-0.61079848,-1.0259935,0.43225348,0.14975491,0.3925744,0.88627815,-0.7332052,-0.31909749,0.035015915,0.022896357,0.27711159,0.3190423,0.16357198,-0.094094694,-1.3185716,-1.8006999,-0.72422719,0.2472923,0.94297975,0.28958952,-0.46457711,-0.36640167,0.11087362,1.0223384,-0.1945287,0.080172218,-0.38547218,-0.29644138,1.0223414,0.11763257,0.25113752,0.90929806,-0.15755016,-2.2455475,-0.04221002,0.64672351,-0.016928418,-0.1338795,-0.85197008,0.072777942,-1.5712527,0.2445419,-1.2407063,0.10225865,0.19040197,-0.89529395,0.02861305,0.35091183,0.49577868,-0.26694304,-0.075053625,-2.7065375,0.35362867,-0.39958411,-0.082256481,-0.11543775,0.016189232,0.53450167,0.25129703,-0.15503255,0.81947547,-1.6349154,-0.99708647,-0.3182548,0.54506326,-0.44188568,0.15039144,0.16712856,0.4746227,-0.033151943,0.49400932,0.45559445,0.8166222,-0.96704566,-0.34948096,0.80317593,-0.004324,0.27168977,-0.1355627,-0.30538464,-1.3001561,-0.48594919,0.11337532,-0.32502574,0.62274611,1.3169861,0.3781026,-0.44598135,0.35903761,-0.4530986,0.71450377,0.68060565,-0.47100544,0.082156293,1.6039147,0.3224448,0.20327622,-0.99642324,-0.24385126,-1.9903034,1.060869,-1.3710589,-0.30280262,-0.16742612,-1.4161402,-0.085086748,0.19732018,0.056711182,0.69560587,0.47864777,0.5475477,-1.9174715,0.89479852,0.080170348,1.409669,0.10506202,-1.1271837,-0.034826621,-0.93524396,0.4876619,0.27897474,-0.80360419,0.27772921,-1.8443987,-1.9359986,-1.4291773,-0.37560067,0.54647416,0.90209663,0.2355662,-0.95777595,0.72636181,-1.2442923,-0.32329443,0.33830848,-1.1084828,-0.12108012,0.012258556,0.59020615,-0.030317387,0.44354692,-0.055885375,0.39117318,0.017455833,0.43550318,0.035891883,-0.13754089,-0.76857322,0.39291024,1.1371952,-0.50703013,0.70439643,0.53425467,0.53080225,-0.829467,0.73846304,0.44167349,-1.0388874,-0.66715384,0.066713184,0.10768469,0.12764335,0.86058861,-0.36209163,-0.46002388,-0.4970811,-0.084855303,0.67115903,-0.22816643,0.14906564,-0.38071603,0.13420448,1.2710978,-1.1639774,0.11597852,0.53255272,-0.62792754,-0.03545592,-0.033013269,-1.4120588,-1.9619216,-0.26888043,0.60307443,0.14996576,-0.1324033,0.80214953,0.10427004,0.52923065,0.40470588,-0.18289062,-0.58657193,0.17875363,0.3485235,-0.10956708,-0.51824617,0.2561948,0.17082046,1.2322453,-1.6260933,-0.11554186,1.593472,1.5562322,0.47529683,-1.4195961,-0.25537685,-0.5784505,-0.1801925,0.13583714,0.44314075,0.88576561,1.0403718,0.35443783,0.2594637,0.16526864,0.91196048,0.71618372,1.160161,-0.92795503,0.28608817,0.32470968,0.075892493,-0.39266175,-0.13844924,-1.6203742,0.30229867,-0.029434048,-0.39519703,-0.18251812,0.69340384,0.21149889,-0.70371914,0.19257045,-0.27154812,0.72680748,-0.19756387,0.73009717,1.0530301,0.24608803,-0.041625336,0.65938699,0.12770313,0.22321652,-1.0635893,0.31250477,-0.68302321,0.08993049,0.84659195,-0.8553353,-0.43199569,0.45236838,0.40906817,-0.72863615,-1.0916699,0.63700491,-0.60213393,-0.073531888,-1.695031,0.23895788,-0.20004503,-0.48785841,-0.5180099,1.1065701,0.43911517,-1.9713811,-1.345643,-0.40907961,0.00831664,0.34989876,-0.065169483,0.068182528,0.44959378,0.16597342,-0.2108175,0.28199333,0.31892306,0.35536847,-0.053040959,-0.012550995,0.32271034,-1.5395191,-0.049808025,0.52876359,0.059062622,0.18598425,0.66410077,1.0165176,-0.43218094,-0.76988161,-0.15732966,-0.026155412,-1.969923,0.3122271,0.29871467,0.41228342,-0.70123714,-1.3925984,0.31585127,-0.57114643,0.09074001,0.003393874,-0.092398971,0.66136163,0.10453473,0.30248165,0.48922044,0.010609783,-0.25596467,-0.39139694,-2.3068457,-0.7794773,-1.0361561,0.025173917,-0.94473302,0.12283179,-0.092028663,-0.37251014,0.036056802,0
0.63470662,0.36137903,0.35005513,0.59134626,0.57719892,0.5921728,0.58045959,0.56820828,0.57419467,0.57903796,0.57766485,0.56453931,0.58035725,0.56112009,0.58749378,0.57157767,0.57951677,0.59845662,0.57841754,0.57235539,0.57001245,0.57525504,0.56241441,0.56779456,0.57371432,0.56054157,0.57677948,0.57285517,0.57025337,0.56933647,0.56594467,0.5803889,0.55542594,0.55553061,0.56869298,0.56763643,0.55565554,0.56598234,0.54683137,0.56367868,-0.829566,0.3335861,0.44774133,0.44603765,1.3258878,1.7214692,1.3416873,0.74971974,0.88913625,1.6800323,1.4338624,1.2461448,0.38008583,-0.21491647,-0.22193076,-0.34920239,0.6044932,0.32606792,0.38109997,0.28104383,-0.76938653,0.017442986,-0.53817058,0.40701303,-0.77456748,0.0032399,-0.19021156,0.61053967,0.14294854,1.4124101,-0.19585748,0.22343929,-1.0678453,-0.24168231,-0.08099395,0.93118823,-0.98098546,0.56784451,0.23719294,-0.8133226,-0.16300887,-1.0584075,-0.52134383,0.35865417,0.83513916,0.68327254,0.008205258,-1.5217597,0.56591696,0.1106699,-0.99668473,0.80674595,0.067685589,0.053396136,0.5156948,-0.10172464,0.36392713,-0.33083278,0.006262425,0.54475129,-0.4414795,-0.99654132,0.063909158,0.49466494,-0.2900489,0.16892865,-0.019897193,-0.15265143,-0.068207175,-0.25587171,0.40271515,0.76527572,-0.15859541,-0.39579496,-0.30844891,-0.01423502,0.35691279,-1.043591,0.42022538,-1.0073262,-0.35067302,-1.6224955,-0.87680042,-0.051366203,-0.43427771,0.35746083,-0.41431528,0.066656917,-0.15248069,-0.15744239,-0.75959468,-0.5487802,-0.092734635,-0.99608773,-0.17381889,0.015144646,0.10645185,0.33542863,-0.40218812,-1.4020101,0.2457087,0.4487935,0.75263774,-0.19915274,0.50457388,0.28885686,0.034587592,-0.38899666,-0.25861543,0.25880843,-0.54282486,-0.12226525,0.38566467,-0.22902168,-0.65489882,0.058977947,-0.53598052,-0.36608738,0.21050829,-0.30372816,0.018342264,-0.63758039,0.81675506,0.56109637,0.1692335,-0.029657271,-1.5775197,0.5270853,0.14437,-0.18397304,-0.080699846,-0.51614845,0.059388131,-0.1939778,-0.68371117,0.99166459,-0.68602711,0.15028602,0.42634448,-1.6286904,-0.12367672,0.24902055,-0.18290713,-0.42346728,-0.88842583,0.31116122,0.19395067,0.3908329,0.72783178,-0.7101441,-0.23130587,0.056089833,-0.024327217,0.10696733,0.30497226,0.17306013,-0.069242492,-1.2032648,-1.6045103,-0.56687319,0.25779384,0.65789771,0.30156451,-0.37362748,-0.33089468,0.052038357,1.1117755,-0.12917973,0.065688729,-0.22235438,-0.27005443,0.92195451,0.088972487,0.26436999,0.79380882,-0.11606625,-2.1936483,-0.019623198,0.35824305,0.02994046,-0.13740534,-0.66730481,0.16276467,-1.3606737,0.30453992,-1.0450077,0.38370156,0.021627096,-0.87857032,0.058551781,0.13760449,0.37654036,-0.19544388,-0.34394312,-2.3743687,0.33194602,-0.61571765,0.003660724,0.067155153,0.28484291,0.58755565,0.1405879,-0.16588682,0.66214949,-1.3966004,-0.72975302,-0.27575213,0.4499841,-0.40907741,0.073850989,0.25964829,0.38984892,0.019056503,0.49192402,0.49083161,0.85249031,-0.76265621,-0.32642844,0.61417472,-0.093187243,0.15718304,0.010181034,-0.28647104,-1.1796682,-0.40872806,0.11587204,-0.36457634,0.48210579,0.98778498,0.35503519,-0.44539452,0.19886552,-0.30222484,0.61847377,0.39714611,-0.33033544,0.10336464,1.4117043,0.09239158,0.10528676,-1.0150476,-0.17126709,-1.7829198,0.9980467,-1.3063424,-0.1935572,-0.063973904,-1.3263693,-0.11436009,0.080621317,-0.027287692,0.46391445,0.55158448,0.24501441,-1.7522736,0.80624425,0.01502566,1.064043,-0.065595597,-1.1262496,-0.001526773,-0.89471895,0.56791973,0.19583102,-0.81456155,0.37772164,-1.6028655,-1.3926611,-1.2902325,-0.31582239,0.30048263,0.19345918,0.23632497,-0.99610037,0.62407434,-1.0312498,-0.094446912,0.26307425,-1.1467568,-0.096490011,-0.002944412,0.40675601,-0.081096552,0.26506913,-0.14209551,0.452948,0.051118933,0.60360324,-0.030356381,-0.26516294,-0.84205896,0.33671895,0.9514122,-0.60840642,0.51607341,0.52106327,0.4264915,-0.62660497,0.59276378,0.36235482,-0.91214442,-0.5919739,0.075995333,0.086028978,0.11545078,0.72050369,-0.32272124,-0.49134985,-0.51952004,0.022904925,0.47047651,-0.22649002,0.011363875,-0.35053474,0.16544877,0.9989599,-0.98399276,0.13644445,0.31634343,-0.52733099,-0.080367446,-0.3108249,-1.2382388,-1.8057455,-0.09771622,0.59291303,0.090322047,-0.1939311,0.75627619,0.14289665,0.51491922,0.30398881,-0.25682256,-0.48331481,0.19826214,0.056240417,-0.1250788,-0.48867205,0.23953454,0.13325134,1.2349596,-1.5337731,-0.015221538,1.400373,1.45234,0.38825873,-1.307726,-0.33889273,-0.47119358,-0.2051691,0.092459992,0.29924929,0.71885741,0.66385657,0.40979964,0.16882804,0.19669351,0.66972435,0.50038582,0.87692964,-0.90061516,0.25162065,0.119376,0.11887571,-0.31420135,-0.1838433,-1.5477228,0.30878538,0.035685599,-0.3344551,-0.16109759,0.2308239,0.14245871,-0.62367702,0.28360942,-0.23059493,0.099094376,-0.16700965,0.4804579,1.0529798,0.29517344,0.017477943,0.53935909,-0.14210123,-0.13790378,-0.96132082,0.30682138,-0.64374316,0.10287794,0.71470505,-0.86152756,-0.20972715,0.46553478,0.41202667,-0.58513051,-0.92294055,0.55812556,-0.53632045,0.033531517,-1.6496811,0.24492015,-0.22548863,-0.37547076,-0.45607921,0.9250446,0.38925213,-1.7443135,-1.0714027,-0.39774024,-0.00054362,0.25861996,-0.06854485,0.022811666,0.35433048,0.18212068,-0.14516477,0.21735762,0.2448139,0.40497276,-0.10445559,-0.18328829,0.1996842,-1.3394358,0.019238446,0.32497436,0.040557712,0.19683973,0.56652665,0.89964944,-0.36443102,-0.85965985,-0.36877319,-0.040046126,-1.8045968,0.33723781,0.26133606,0.38056844,-0.67338312,-1.2794183,0.24503304,-0.59646106,0.11093546,-0.049936771,-0.037569646,0.35700586,0.13997719,0.35311991,0.28872457,0.043854568,-0.23302357,-0.29836351,-2.0157292,-0.65245861,-0.88753676,0.094941884,-0.91302526,0.22549085,-0.17748512,-0.2471654,0.097376958,0
0.56877422,0.29593936,0.2734805,0.53270298,0.51793045,0.5409466,0.51997578,0.5121845,0.52341187,0.51654398,0.51483214,0.51539493,0.52340376,0.49711213,0.53973997,0.5188688,0.53998721,0.53902745,0.52194655,0.51380765,0.50423419,0.51841497,0.5043329,0.51349676,0.52062833,0.50503308,0.51911676,0.50620472,0.51588273,0.50507295,0.49930453,0.51431346,0.49978346,0.50468069,0.504704,0.49812317,0.49900463,0.51780069,0.4845219,0.49543643,-0.97471911,0.2692225,0.45107037,0.45347637,1.4042704,1.7406673,1.3591925,0.76933646,0.90456188,1.709662,1.4834145,1.2638309,0.27023003,-0.25021335,-0.3542352,-0.4128325,0.56466359,0.30575994,0.38614538,0.25797385,-0.7167545,0.10778768,-0.57792497,0.30583349,-0.94742417,0.033701047,-0.21981157,0.72626984,0.35954207,1.361828,-0.17907856,0.18195026,-1.1897217,-0.29294169,-0.068865716,0.88488495,-1.2005806,0.48744541,0.18380004,-0.93000925,-0.12449656,-1.0442575,-0.64561903,0.42152229,0.7205193,0.64932561,-0.059174132,-1.6295862,0.58437651,0.11036775,-1.0289538,0.74303812,0.010173775,0.051416121,0.51515359,-0.12223933,0.40791062,-0.26957321,-0.019040579,0.5272488,-0.88730907,-1.1021805,0.032137729,0.57028902,-0.39788601,0.17225932,0.24306056,-0.13349624,-0.10530167,-0.3558459,0.43130749,0.66501713,-0.22433981,-0.53491712,-0.33798617,0.087768525,0.38240153,-1.0775542,0.31481698,-0.95175791,-0.35760173,-1.7288498,-0.86991268,-0.079060704,-0.44720709,0.37360698,-0.37857831,0.088212699,-0.1441558,-0.003090009,-0.87431836,-0.71380448,0.008832336,-1.1026338,-0.10987437,-0.042821452,0.075952381,0.45477682,-0.41005975,-1.5242296,0.44509807,0.51424688,0.82901978,-0.18404692,0.54793292,0.36418465,0.077489883,-0.31570414,-0.31939554,0.33640322,-0.51101494,-0.17214808,0.31496191,-0.18849359,-0.77680314,0.048852272,-0.47702062,-0.58237177,0.30300778,-0.39605999,-0.040683575,-0.76868284,0.89382935,0.61731505,0.14718845,0.02214314,-1.7850944,0.50391388,0.048177272,-0.17178489,-0.045730174,-0.52566552,0.033731591,-0.14044724,-0.68253237,0.99103349,-0.70891178,0.12514114,0.4558883,-1.5450991,-0.21361978,0.34702256,-0.096596837,-0.38096869,-0.93764889,0.43569323,0.085504889,0.3530567,0.88558596,-0.7892791,-0.20922223,0.041691449,0.064665005,0.2116209,0.22950467,0.17022994,-0.18335977,-1.2220794,-1.7680128,-0.82646728,0.2650812,0.67383051,0.48399603,-0.48404086,-0.43181559,0.16070028,1.1145203,-0.12904792,-0.009090728,-0.32886967,-0.17781618,1.0041233,0.15097165,0.26733264,1.2066369,-0.15868986,-2.3665161,-0.084849723,0.6577239,0.058725748,-0.062043671,-0.53019357,0.077263892,-1.4271821,0.19232038,-1.166881,0.20893434,0.076649204,-0.84717196,-0.030162476,0.18284567,0.48302495,-0.19881114,-0.13979539,-2.4647827,0.28852606,-0.60695022,-0.1095863,-0.002608463,0.26662421,0.5706383,0.12722531,-0.20459072,0.52959883,-1.3068036,-0.92460245,-0.2654779,0.35671309,-0.52505493,0.12234865,0.15947491,0.29370713,0.10920921,0.57174081,0.41617218,0.92472446,-0.99599659,-0.3567695,0.59803522,-0.069243662,0.25462046,-0.14455318,-0.17032707,-1.2482901,-0.41205242,0.10754997,-0.48909748,0.48880842,1.097574,0.40788931,-0.51197118,0.13857523,-0.41019434,0.87641752,0.5080058,-0.42737281,0.1143341,1.800573,0.10404357,0.1609994,-0.81146938,-0.17274207,-1.8994904,1.0196602,-1.0651983,-0.25283754,-0.22835808,-1.3409287,-0.27402413,0.20258287,0.087014899,0.78326303,0.50145298,0.23943062,-1.8694555,0.95119143,0.060851619,1.1037875,0.015615212,-1.0717835,0.076127931,-0.93079144,0.59909952,0.42655382,-0.94442928,0.33956736,-1.7138299,-1.6095488,-1.2889633,-0.43120909,0.42656609,0.61017889,0.23644593,-0.89112699,0.67214149,-1.106616,-0.1514689,0.33349743,-1.0450426,-0.16074923,0.000644453,0.42179495,0.11351347,0.37924722,-0.094402984,0.8229894,0.039833963,0.49038094,0.066750988,-0.10881838,-0.95042533,0.38740784,1.1044381,-0.56924605,0.71042222,0.52276838,0.54888201,-0.68599921,0.70918101,0.22747746,-0.77406681,-0.50817895,0.039424069,-0.002970055,0.096964493,0.71610266,-0.23700905,-0.53181112,-0.57662714,-0.013269248,0.58327568,-0.26872244,0.12100922,-0.28346178,0.13317604,1.149531,-0.98263514,0.14031762,0.24779806,-0.65633219,-0.007223124,-0.47189575,-1.2540668,-1.9181434,-0.2068793,0.62744111,0.16993114,-0.11981884,0.7571094,0.20235254,0.46513247,0.24906045,-0.058902636,-0.4178552,0.19513772,0.037902027,-0.17687388,-0.45739275,0.23782653,0.17892198,1.3440467,-1.6790907,-0.16157703,1.4920262,1.8098459,0.46971631,-1.4760034,-0.21893016,-0.38621947,-0.17893699,-0.000923116,0.29864934,0.85394496,0.8074882,0.50787342,0.12916051,0.18870771,0.84192407,0.64978176,1.0854684,-0.91277844,0.32404131,0.15893878,0.15223029,-0.32447302,-0.16546163,-1.6847769,0.30759078,-0.002318397,-0.41823715,-0.13585088,0.20501347,0.097569391,-0.70892173,0.25378615,-0.27818093,0.29816976,-0.070654146,0.40717068,1.1755737,0.29559457,-0.007184787,0.64975351,-0.29816931,0.005592801,-1.0288762,0.32081634,-0.77768642,0.028281242,0.6939705,-1.0464543,-0.16754271,0.5195443,0.35002047,-0.54211396,-1.0687789,0.58277875,-0.54897267,0.2520065,-1.5776261,0.3587687,-0.26008233,-0.43075198,-0.51318932,0.98863614,0.31801379,-1.8842669,-1.3560175,-0.3546595,0.023061812,0.2441023,-0.031705774,0.007837475,0.37897417,0.1708678,-0.14563587,0.26950681,0.37600052,0.34535336,0.013530433,0.003931373,0.21491331,-1.4202843,-0.030558346,0.28230789,0.024917729,0.20034409,0.68396592,1.1475582,-0.40501699,-0.82298684,-0.38673156,-0.001082938,-1.9569446,0.49806142,0.29689023,0.43159831,-0.80106217,-1.4041462,0.18243167,-0.64768296,0.28061342,0.028242409,-0.12423633,0.45013383,0.084424675,0.29714161,0.28606558,0.063389331,-0.10527514,-0.20896064,-2.1682639,-0.71424901,-0.87220031,-0.052700214,-0.86178148,0.18640417,-0.091102809,-0.24415898,0.067503065,0
0.56420499,0.30626595,0.26988232,0.54675269,0.5347721,0.54522181,0.55059302,0.53401625,0.54256642,0.53069854,0.53905857,0.53864694,0.5405075,0.51799107,0.56024075,0.53531969,0.54995447,0.55279595,0.54888165,0.54450798,0.51812983,0.54127443,0.52313304,0.53597987,0.53197604,0.51887989,0.52926624,0.51521778,0.53713351,0.52693534,0.52269036,0.53156126,0.51262325,0.52679408,0.51918447,0.51375395,0.51524138,0.5242902,0.50067818,0.51234496,-0.77155834,0.26572663,0.30766255,0.37027925,1.32078,1.6252759,1.2127007,0.64400494,0.76381087,1.5875069,1.3748379,1.136094,0.27216822,-0.21805546,-0.30433297,-0.39964005,0.51503485,0.32368353,0.32744515,0.23139802,-0.72558844,0.089217529,-0.61807626,0.31564111,-0.84286916,-0.07225737,-0.16755022,0.58031994,0.088216513,1.4314939,-0.19932015,0.16798805,-1.0214869,-0.27333039,-0.14025661,0.75192744,-1.0222999,0.50488573,0.1808338,-0.78224057,-0.15199897,-0.99458927,-0.47546935,0.31396723,0.72836345,0.56052214,-0.034109298,-1.5183799,0.48244026,0.089611292,-1.0344785,0.75817108,0.022364266,0.055905066,0.42591256,0.012974843,0.2730583,-0.34252554,0.010969397,0.5158875,-0.56643313,-0.95759726,0.039091289,0.51745176,-0.17485465,0.27234012,0.048641525,-0.12611005,-0.10757777,-0.27294075,0.27658382,0.60226429,-0.16057128,-0.36849692,-0.11615407,0.16848981,0.28661123,-0.92960989,0.40445918,-0.97845972,-0.3139883,-1.5822703,-0.85348892,-0.10686803,-0.44585013,0.33482736,-0.41172013,0.05574955,-0.12838125,-0.11103469,-0.52719438,-0.52761316,-0.12229987,-0.96847272,-0.13402256,-0.084034309,0.1312003,0.23092905,-0.34302393,-1.3680017,0.25339729,0.42182711,0.76385474,-0.093453676,0.49297136,0.18454565,0.044909246,-0.3819629,-0.22472054,0.24536711,-0.52411789,-0.094786331,0.3428646,-0.14591987,-0.63576436,0.06059809,-0.52456808,-0.32407895,0.25953907,-0.33064598,-0.036096636,-0.70155001,0.78516483,0.53141123,0.20980296,-0.049103893,-1.5630115,0.59172374,-0.012238249,-0.16617876,-0.037244506,-0.47520912,-0.024882803,-0.13510127,-0.65954012,0.89369583,-0.40065593,0.11295985,0.36110097,-1.4212096,-0.14424992,0.23229827,-0.12976229,-0.35406661,-0.7794801,0.43231395,0.11033675,0.24829635,0.44009984,-0.65229732,-0.14566815,0.051697403,0.26091412,0.18748775,0.13710365,0.1862323,-0.11094578,-1.1218405,-1.5312483,-0.66432458,0.22315381,0.82939744,0.41162837,-0.36824685,-0.27569589,0.027461544,1.0934384,-0.25471753,0.094378144,-0.21443444,-0.29065555,1.0249168,0.11086386,0.20824322,0.57907963,-0.09284465,-1.9854729,-0.062637791,0.25354922,0.031287346,-0.21198225,-0.6429944,0.13515404,-1.3713405,0.22256899,-0.95825922,0.30730751,0.068260938,-0.79803669,0.031568952,0.30235705,0.33954495,-0.13179582,-0.14379573,-2.4326284,0.34322673,-0.34582394,-0.052300435,0.037338316,0.18406242,0.53910512,0.22105528,-0.14662653,0.72815323,-1.3724219,-0.85499948,-0.35990268,0.24033722,-0.441852,0.19536602,0.17389485,0.30446431,0.006239057,0.4039014,0.49191847,0.73521262,-0.78191322,-0.35207772,0.50586748,-0.22922948,0.22047448,0.043190904,-0.24013989,-1.1449891,-0.36673087,0.06373585,-0.28522927,0.42151004,0.99557459,0.39267978,-0.41530776,0.1899094,-0.26678103,0.66223115,0.32776493,-0.41208047,0.063511029,1.6110983,0.062587366,0.16322647,-0.9154622,-0.12833253,-1.779644,0.95731163,-1.2407447,-0.25204837,-0.041152745,-1.3359201,-0.065581545,0.11197895,0.046172991,0.42134559,0.40866518,0.2131758,-1.7161115,0.78761232,0.077895954,0.98969007,0.045881271,-1.0777833,-0.051630631,-0.77018434,0.53868324,0.4178192,-0.73293841,0.29815763,-1.5981439,-1.5082068,-1.2260755,-0.26712564,0.36276704,0.07020542,0.18638654,-0.91269726,0.68526959,-1.1182108,-0.049406469,0.32465988,-1.0039512,-0.092373431,0.006235503,0.44104353,-0.015245471,0.26440853,-0.0944262,0.39891928,0.056086853,0.61413777,-0.092132501,-0.13703144,-0.65575731,0.33643025,0.89886069,-0.43334675,0.54521942,0.45752469,0.52110469,-0.59297192,0.6158278,0.40413475,-0.84173155,-0.5628581,0.15590878,0.063655622,0.22099739,0.54707766,-0.22815932,-0.42917141,-0.52323246,0.007248314,0.42563009,-0.21099833,0.11545217,-0.29615575,0.10757878,0.83467954,-1.0600226,0.15215996,0.23896345,-0.42051992,-0.09344998,-0.26961526,-1.2498343,-1.8075734,-0.13927822,0.56479216,0.10470112,-0.17040229,0.66040128,0.14543192,0.47195488,0.2303575,-0.13555147,-0.43085888,0.18541145,0.035727926,-0.06008815,-0.35949409,0.23294033,0.13608392,1.1106806,-1.469321,-0.11585217,1.4681579,1.3381205,0.46907485,-1.261579,-0.23242116,-0.52977216,-0.21823405,-0.009938341,0.27613178,0.73159003,0.74312055,0.3851639,0.16599618,0.20056647,0.59115106,0.64491737,0.77499902,-0.88241696,0.17656127,0.16864255,0.12809893,-0.37341556,-0.15776491,-1.5172855,0.26202387,-0.005412906,-0.2651296,-0.13750291,0.10040194,0.08851406,-0.60659885,0.26598799,-0.44435164,-0.039220735,-0.10589233,0.392445,1.0759642,0.26281965,-0.002117157,0.51605374,-0.1588306,-0.14393803,-0.88233215,0.27987328,-0.65276223,0.03722544,0.67669219,-0.93623263,-0.21436349,0.33700317,0.29095286,-0.49838689,-1.0079511,0.4993422,-0.66769242,-0.029584456,-1.5811591,0.25798586,-0.25752008,-0.36283782,-0.44573119,0.82126969,0.30191341,-1.7464094,-0.98700154,-0.35674259,-0.035511672,0.27732298,-0.028987601,-0.0031283,0.26933032,0.18767707,-0.087858275,0.27461448,0.34183565,0.32989895,-0.065832794,-0.084586851,0.15133911,-1.2485021,0.001397257,0.27987531,0.009538095,0.25972319,0.52171963,0.74809748,-0.38493171,-0.72622341,-0.39604813,0.065305024,-1.8319535,0.36425111,0.27549481,0.37368384,-0.54916793,-1.1686395,0.25838295,-0.57377088,0.068312347,-0.1069352,-0.002573319,0.41346723,0.10567241,0.29577708,0.2589035,0.032614745,-0.094705671,-0.27733573,-2.0252392,-0.66611528,-0.83036178,-0.025597163,-0.84846699,0.19577409,-0.13780391,-0.25362661,0.12338395,0
0.51933044,0.26706749,0.25433934,0.50587881,0.48394418,0.50394362,0.50341696,0.48148113,0.48887429,0.48130012,0.48862195,0.49130589,0.48753989,0.47479963,0.50355864,0.48707581,0.50839174,0.51317716,0.48282981,0.48432118,0.48093939,0.48381394,0.4753322,0.48341954,0.48058492,0.46693397,0.47360325,0.46584374,0.48228803,0.46703035,0.46327904,0.47922036,0.46484572,0.46687782,0.46894449,0.46186036,0.46087569,0.47431993,0.45167899,0.45226479,-0.78722209,0.25451806,0.27665246,0.30792633,1.2512032,1.5875175,1.1630688,0.58711672,0.70960474,1.5255384,1.3006885,1.0791644,0.29124731,-0.20289424,-0.25830069,-0.36862573,0.52277601,0.28965694,0.31218043,0.23827805,-0.53827077,0.04311559,-0.55372477,0.41630587,-0.73228538,-0.014196105,-0.12531886,0.56205392,0.15970582,1.2384341,-0.20505017,0.1935095,-0.97367096,-0.23214573,-0.10727996,0.75273788,-0.95660865,0.46520895,0.11630602,-0.71986532,-0.14642662,-0.90125901,-0.45749211,0.2719804,0.70834589,0.57565284,-0.036904044,-1.4349477,0.55658877,0.095631756,-0.91071677,0.66893995,0.010846846,-0.002859337,0.47044733,-0.002892435,0.38046548,-0.28483319,-0.006386085,0.47780707,-0.57131839,-0.97160387,0.069933698,0.46843016,-0.23392713,0.12835732,0.052297585,-0.093280174,-0.15966807,-0.2683244,0.46284083,0.62172806,-0.14643271,-0.31800282,-0.18446591,-0.068365782,0.31613427,-0.8634569,0.32597107,-1.1083661,-0.30452284,-1.4853854,-0.77649224,-0.11884081,-0.39691716,0.43897238,-0.3007513,0.003475562,-0.12691768,-0.10930534,-0.65048993,-0.56516826,-0.048485562,-0.90298253,-0.1752107,-0.020842567,0.074939772,0.25714749,-0.37006015,-1.2546118,0.21506053,0.41129082,0.68054503,-0.10420047,0.49402183,0.30189636,0.096395671,-0.49495924,-0.22495292,0.23902901,-0.68849754,0.028463006,0.36446604,-0.15369283,-0.64713705,0.050313272,-0.48952487,-0.30548805,0.19625273,-0.27899188,0.011396173,-0.65566242,0.66982466,0.66143388,0.20436993,0.004139453,-1.4785734,0.51122153,0.068355709,-0.18134655,-0.052573062,-0.46923909,0.039917305,-0.15034926,-0.59046614,0.9039703,-0.43581191,0.14346117,0.35521019,-1.2568337,-0.18057741,0.24752551,-0.11637448,-0.3879514,-0.7361967,0.39124066,0.15429017,0.28777412,0.69671309,-0.66457504,-0.22202295,0.076036423,0.034612775,0.13488406,0.39348537,0.17272949,-0.099534303,-1.0430174,-1.3993783,-0.51726311,0.20439926,0.5174917,0.48287171,-0.41927242,-0.27721786,0.098756135,0.92115647,-0.2026446,0.038356259,-0.21258444,-0.24456601,0.87982976,0.13417083,0.21893668,0.61190712,-0.065886877,-1.9490902,-0.062684752,0.30109128,0.004131313,-0.063736364,-0.59616101,0.15814547,-1.2787669,0.1866702,-1.0194205,0.039868414,0.19764842,-0.76741254,0.091144234,0.25870761,0.22782654,-0.14167836,-0.26004496,-2.2585711,0.27908951,-0.42243809,-0.047541991,-0.083866954,0.18285497,0.42712721,0.12345836,-0.17474452,0.66446674,-1.2983679,-0.84541708,-0.40149671,0.42464006,-0.3856748,0.12405183,0.18242061,0.4050245,-0.014194354,0.45588717,0.45224231,0.78168118,-0.68186951,-0.29394925,0.6620084,-0.085560769,0.22639215,0.046960436,-0.26665047,-1.0308101,-0.39769396,0.11617865,-0.34880498,0.56436408,0.99236619,0.33268952,-0.47193411,0.19511338,-0.28213823,0.55471355,0.48678562,-0.3604537,0.077480078,1.4175168,0.11756609,0.13462105,-0.81169868,-0.11356641,-1.634405,0.86736131,-1.1461159,-0.24693459,-0.17021014,-1.2770219,-0.10066656,0.085498586,0.227174,0.68187749,0.44874588,0.037685454,-1.5914522,0.71130234,0.059894107,0.98169392,0.07571996,-0.98774278,-0.025064886,-0.74443084,0.52032101,0.38362265,-0.75498688,0.32136959,-1.5302671,-1.5249164,-1.1517798,-0.25261945,0.2925536,0.23008305,0.2045719,-0.81446648,0.66735792,-1.0404809,0.016440198,0.29050261,-0.88451868,-0.14968039,-0.024549233,0.412617,0.01289578,0.364301,-0.024625495,0.3562271,0.031217724,0.30604669,-0.033293884,-0.11910011,-0.81117022,0.36125559,0.95738089,-0.33660853,0.51525652,0.48223999,0.46626621,-0.5943079,0.55985218,0.26332361,-0.80558765,-0.52828485,0.10851813,-0.025188774,0.17072362,0.6371755,-0.2612766,-0.44475767,-0.50750977,-0.038655505,0.51128262,-0.14861804,0.13659173,-0.31434855,0.1786561,1.0300592,-0.97871488,0.13768435,0.27229032,-0.44123423,-0.060258098,-0.242044,-1.1278969,-1.6400996,-0.22624794,0.54071391,0.14496058,-0.14888419,0.63109714,0.14827262,0.52583647,0.23187172,-0.14595491,-0.36214885,0.15427247,0.11375025,-0.068523429,-0.59403664,0.26044372,0.044715445,1.0260558,-1.3429307,-0.079841748,1.2082973,1.4121062,0.33202332,-1.1548524,-0.22331333,-0.41298968,-0.16662136,0.020623995,0.2489852,0.6224463,0.61686027,0.39302456,0.11836838,0.18025011,0.61523199,0.56860483,0.8242017,-0.80855531,0.29406244,0.15128106,0.1225897,-0.29648939,-0.15903285,-1.432816,0.25935346,0.01850789,-0.38195455,-0.25808257,0.3658402,0.14261129,-0.64419651,0.17102554,-0.21748441,0.041290283,-0.11163627,0.52665108,0.97385716,0.30984116,0.003314992,0.5327788,-0.22674762,0.008484136,-0.8641597,0.20270087,-0.58495843,-0.096475691,0.5924648,-0.93176109,-0.19373772,0.37389275,0.35783088,-0.51318282,-0.98118961,0.4626593,-0.5751695,0.05725468,-1.5568922,0.21221708,-0.21444193,-0.33875996,-0.44036841,0.77206349,0.39568236,-1.7159778,-1.0879245,-0.30651206,0.012162759,0.2276182,-0.071627736,0.0012814,0.27352822,0.16573754,-0.16734971,0.28652576,0.32124016,0.35607433,-0.007697538,-0.11475941,0.14775628,-1.2049236,0.004316199,0.19557559,0.010374356,0.20861286,0.56302434,0.80850917,-0.34605169,-0.79406744,-0.34281084,-0.038054425,-1.6566597,0.37219182,0.2696718,0.34597117,-0.54107457,-1.0721333,0.24425648,-0.52221674,0.13220377,0.051852852,-0.042289454,0.16330618,0.1452814,0.28758937,0.23844236,0.04624299,-0.13530062,-0.25497296,-1.9325771,-0.65248573,-0.80634195,-0.003279783,-0.72335118,0.14108403,-0.088109516,-0.22352506,0.094986215,0
0.54135299,0.25757352,0.17995504,0.52962756,0.53300565,0.56319547,0.52189726,0.49565059,0.52304894,0.53825063,0.5143671,0.50326991,0.50047016,0.47872686,0.498106,0.5006839,0.47591645,0.53365582,0.55103552,0.46559644,0.48701063,0.52014536,0.50718331,0.47686976,0.51372737,0.52257478,0.55438685,0.52428073,0.50554311,0.53767389,0.51336604,0.5041585,0.48941666,0.49382016,0.52491581,0.45101437,0.47767812,0.49554712,0.46433425,0.4987545,-0.85750151,0.070314258,0.33282489,0.35957268,1.2431722,1.5691042,1.2132834,0.63723701,0.75822365,1.5602937,1.3352635,1.1224409,0.36187458,-0.30615866,-0.19188339,-0.30536029,0.55456859,0.30721432,0.28450122,0.34206611,-0.63117677,-0.036589123,-0.58782351,0.4125205,-0.93736404,0.005233429,-0.25642422,0.58858043,0.19029126,1.3229115,-0.1734197,0.29685587,-1.0871619,-0.17569511,0.009024188,0.83956087,-1.2189589,0.52947628,0.19838403,-0.71215785,-0.077855796,-0.95435542,-0.63537794,0.41591769,0.82509047,0.66317755,-0.047307923,-1.4654819,0.66105473,0.19840252,-0.8712073,0.57653809,0.076693788,0.020323038,0.53397685,-0.011524543,0.2653715,-0.40740478,0.11154104,0.48672444,-0.76903558,-1.0067173,0.017381534,0.50969493,-0.30561486,0.14205803,0.13098748,-0.19336177,-0.18485151,-0.2414953,0.33482367,0.73194945,-0.095308363,-0.27731884,-0.25575447,0.12662196,0.26150686,-0.89668065,0.30396959,-1.0162019,-0.45488384,-1.7212212,-0.88393003,-0.056556515,-0.32972959,0.3500385,-0.38190234,0.13322385,-0.008017749,-0.066493139,-0.57430673,-0.4268347,0.030571967,-0.93262172,-0.087406971,-0.006437302,0.15298176,0.50960612,-0.39737087,-1.4652474,0.098275363,0.40909308,0.73641151,-0.13729845,0.59354204,0.2586281,0.006799385,-0.38869837,-0.31539601,0.23445319,-0.59847176,-0.27665469,0.44103301,-0.15775731,-0.66862738,0.046295881,-0.56740159,-0.45573795,0.22475587,-0.32452959,0.05065044,-0.68748462,0.73732764,0.63311368,0.16194949,-0.055956163,-1.5478976,0.6029982,-0.029268399,-0.21492247,0.002870474,-0.50617635,-0.027849987,-0.12871909,-0.68722045,0.71109325,-0.65742815,0.13533431,0.5070399,-1.33601,-0.11985799,0.33378953,-0.033991314,-0.32847774,-0.91973054,0.50159472,0.24863651,0.32309851,0.85039979,-0.71326488,-0.27318776,0.076249361,-0.010361418,0.095489472,0.25065315,0.15709858,-0.13758233,-1.025593,-1.4270815,-0.7132529,0.23621914,0.66903377,0.40072685,-0.29702765,-0.28423816,0.15511282,1.0863124,-0.14510156,-0.016912753,-0.32454735,-0.16269876,1.0213243,0.22488356,0.24407871,0.87736547,0.015365832,-2.0825818,-0.12542829,0.45871291,0.046030421,-0.033648249,-0.65919101,0.20882934,-1.3688054,0.28973794,-1.1325389,0.21020877,0.033781208,-0.67316616,0.10776305,0.12725958,0.31933695,-0.19475242,-0.39578006,-2.3321266,0.30550671,-0.54391956,-0.004737854,-0.082584068,0.33287525,0.37902191,0.077418864,-0.28393394,0.52332336,-1.3743355,-0.75347608,-0.3883948,0.38049063,-0.49520761,0.048666492,0.14882773,0.39298517,0.045261938,0.56943762,0.33751762,0.83761513,-0.82302541,-0.44064289,0.49316087,-0.07547681,0.19433111,-0.15438667,-0.17117551,-1.0821124,-0.53522456,0.11555124,-0.39250833,0.58480644,1.0203016,0.40311563,-0.44129941,0.1129627,-0.236295,0.64444989,0.52623194,-0.32727572,0.098302245,1.3769557,0.031389996,0.1928786,-0.85552174,-0.039493736,-1.7729682,0.86845517,-1.1601126,-0.19679496,-0.27398834,-1.2863886,-0.17639914,0.21088803,0.035352543,0.62927961,0.53924102,0.1781961,-1.7759855,0.72760212,0.035073861,0.95781916,0.013932321,-1.0393348,-0.17132267,-0.84486234,0.40958324,0.17264865,-0.85220003,0.35429198,-1.591887,-1.4509311,-1.2363724,-0.44849992,0.50724006,0.13303372,0.18763593,-0.84024584,0.70830566,-1.0968254,-0.044443026,0.15657309,-0.93271154,-0.1208342,0.083344951,0.40204185,0.06817393,0.34157622,-0.029174,0.35398591,0.059334204,0.36420467,-0.054390341,-0.038649503,-0.63188404,0.40645361,0.93163836,-0.50464761,0.49887925,0.52439582,0.53352118,-0.56155199,0.66185719,0.41215873,-0.85063672,-0.51829678,0.20690876,0.11925144,0.066441894,0.69653875,-0.28714728,-0.50603652,-0.54247636,0.054738916,0.63330597,-0.17501007,0.13918915,-0.21450126,0.22077902,0.93689954,-0.89876699,0.11612042,0.34199309,-0.47503841,-0.071985871,-0.31828332,-1.1157998,-1.6809943,-0.31307584,0.50904262,0.05001694,-0.22469863,0.68822515,0.24955934,0.51288939,0.15698519,-0.26382402,-0.25163725,0.18605626,0.088900574,-0.12825827,-0.50783902,0.20342514,0.29476851,1.1805385,-1.3789409,-0.094563901,1.4120661,1.5050886,0.28175095,-1.1823581,-0.2665115,-0.31319499,-0.11366398,-0.042223834,0.19891429,0.65925002,0.69503927,0.3889682,0.051207706,0.33152372,0.57960445,0.65393806,0.93075472,-0.77237272,0.32220483,0.24938144,0.16680902,-0.24142238,-0.18681815,-1.4591253,0.27962559,0.13841484,-0.33422241,-0.076833487,0.35213125,0.22288309,-0.67856538,0.23337759,-0.31718999,-0.13441879,-0.03175725,0.63246483,0.91204941,0.41585779,-0.047834095,0.58706778,0.34230664,-0.074080966,-0.96812254,0.24543412,-0.62035179,0.14660797,0.71664613,-0.80769444,-0.30400044,0.26983434,0.44941437,-0.47359142,-1.0382352,0.48585242,-0.61539358,0.081076905,-1.5065423,0.27212638,-0.13221934,-0.38704985,-0.42756706,0.83385241,0.52908385,-1.6483941,-1.0921353,-0.38015816,0.053710289,0.19481483,0.0250559,-0.10660119,0.33862549,0.28593928,-0.13476765,0.30050543,0.28665295,0.32404351,0.029392347,-0.048367333,0.25741357,-1.3250729,0.059220098,0.28912413,0.053375229,0.19665641,0.592107,0.83578056,-0.24705088,-0.74626666,-0.39033517,0.046152361,-1.7888033,0.4210254,0.31232882,0.3475607,-0.61320329,-1.191714,0.23543176,-0.49801964,0.077399194,-0.012286872,-0.083034441,0.18976539,0.23753235,0.3221786,0.37738949,-0.009378009,-0.19208045,-0.34354913,-2.0051379,-0.59982377,-0.90352798,-0.011422887,-0.71233779,0.11322401,0.004287332,-0.13984652,0.10560168,0
0.60245252,0.35365278,0.29376203,0.57210362,0.56818134,0.57373106,0.56849283,0.55647296,0.57359302,0.56435287,0.5702796,0.5588032,0.56284982,0.54921097,0.57308048,0.55514181,0.56803471,0.58656645,0.57434726,0.5590179,0.55905974,0.55752873,0.55527747,0.553671,0.56780595,0.54582524,0.55867004,0.54540128,0.55749607,0.55559117,0.54987442,0.55436623,0.5454244,0.55328101,0.55849564,0.54470849,0.54215062,0.56172162,0.52915442,0.54413342,-0.85411519,0.28051355,0.3034398,0.33438635,1.2589231,1.6021122,1.1837656,0.61456192,0.73217255,1.5439903,1.3289524,1.0939615,0.31075335,-0.19457719,-0.35966715,-0.40498841,0.51652759,0.28761098,0.33514151,0.25964856,-0.68533474,0.03936014,-0.63263643,0.36811611,-0.77806693,-0.001288727,-0.18772946,0.61228138,0.12241405,1.3373712,-0.17119886,0.19849576,-1.0464265,-0.26745048,-0.044427633,0.71392643,-1.0048252,0.45476586,0.20625034,-0.76642692,-0.13362181,-0.99222946,-0.44553158,0.23059151,0.71182954,0.59487075,-0.01661516,-1.4736346,0.78828633,0.13037041,-0.94423008,0.71729171,0.013590783,0.016211241,0.62299848,-0.090295553,0.26630223,-0.29950503,-0.017170558,0.48821613,-0.59766793,-0.97503603,0.072794035,0.44541064,-0.28036875,0.20219938,0.036012955,-0.12407956,-0.10540159,-0.28785983,0.35602742,0.6045956,-0.17234005,-0.34592664,-0.19284114,-0.31105143,0.35402906,-0.88844502,0.32542828,-1.1035597,-0.3755365,-1.5930456,-0.83586615,-0.092667006,-0.37390584,0.27579841,-0.36779621,0.027485803,-0.091007546,-0.083398066,-0.62773341,-0.55770677,0.16575995,-0.89777207,-0.23428467,-0.087482743,0.088837042,0.37724823,-0.40764636,-1.3180883,0.61106396,0.45384619,0.71998543,-0.15050665,0.49117208,0.36735582,0.1539018,-0.38707575,-0.15539992,0.28244707,-0.68293059,0.026360899,0.32761359,-0.25722757,-0.67304099,0.014927156,-0.49443048,-0.4260779,0.22388966,-0.3164354,-0.013740126,-0.73814082,0.80528355,0.74377739,0.15881214,0.026299171,-1.4608452,0.45607868,0.044043124,-0.18607497,-0.07550057,-0.51449752,0.008868031,-0.18501818,-0.55629599,0.94516307,-0.529719,0.11048298,0.36439428,-1.4349734,-0.11139393,0.22321999,-0.055838607,-0.49034905,-0.87494367,0.29678404,0.17084259,0.51465952,0.63277471,-0.73407531,-0.25631809,0.071377069,0.14760859,0.043629333,0.25103664,0.11752826,-0.17556518,-1.0953501,-1.4500983,-0.63291681,0.25225133,0.33233893,0.40663025,-0.41651273,-0.47119153,-0.002550781,1.0034525,-0.20368172,0.12183241,-0.24060193,-0.30726719,0.80405521,0.12346682,0.23762552,0.57772934,-0.049513362,-1.6924477,-0.044458192,0.46768689,0.023393873,-0.14472191,-0.61041212,0.095657371,-1.3316698,0.22374052,-0.95382428,0.20384857,0.14239314,-0.81823468,-0.038225219,0.22454101,0.33473918,-0.11891577,-0.08681269,-2.3275514,0.23106529,-0.54467177,-0.024287552,-0.054219693,0.055002995,0.5127874,0.097725399,-0.26321322,0.43063164,-1.2545967,-0.79951042,-0.4113982,0.52464521,-0.28801703,0.089115426,0.20296685,0.40601259,-0.072453931,0.45098069,0.39890414,0.70686203,-0.75288641,-0.35550281,0.83258963,0.096850142,0.16944058,-0.033302289,-0.32606608,-1.1665335,-0.4617404,0.063870452,-0.35754636,0.52375013,0.9844166,0.38731542,-0.41163072,0.25118855,-0.32457584,0.63293254,0.50518942,-0.34898293,0.089530393,1.26842,0.21701804,0.12623799,-0.85291982,-0.15352204,-1.8520736,0.86573291,-1.23235,-0.27378055,-0.16881813,-1.2890507,-0.24391672,0.1098372,0.16524905,0.61624634,0.3188647,0.082399368,-1.6808051,0.66782796,0.29194349,1.1741154,0.1680882,-1.1789272,-0.032440931,-0.80252045,0.45993304,0.24100599,-0.77096772,0.40331057,-1.5284499,-1.514926,-1.2113135,-0.26650134,0.41338617,0.50122744,0.21292669,-0.86986244,0.63018227,-1.0257888,-0.081147954,0.29613459,-0.96408814,-0.087728262,0.067331553,0.4494985,0.11726949,0.29550231,-0.082714319,0.38857272,0.059648514,0.50982553,0.054461576,-0.14466016,-0.65885836,0.32102779,0.96331966,-0.45998248,0.59576225,0.44538951,0.4665783,-0.53306699,0.68505847,0.14552361,-0.81549674,-0.55570751,0.036034778,0.055518806,0.057291299,0.75960082,-0.26647696,-0.48418304,-0.59697187,-0.010482904,0.60825694,-0.2088875,0.21683033,-0.46243548,0.13842463,1.0901097,-1.0294646,0.13804244,0.29166147,-0.43892717,-0.039445695,0.10026678,-1.1470171,-1.7946055,-0.086255901,0.51257569,0.072796628,-0.11118811,0.73662615,0.098208502,0.49588552,0.21857233,-0.15107962,-0.51065552,0.1580234,0.30797267,0.031919274,-0.35949746,0.2913453,0.10761169,1.0535569,-1.5739801,-0.19417176,1.2029507,1.3944968,0.34657598,-1.2650011,-0.28725371,-0.43243423,-0.26874289,0.058431797,0.40019709,0.63292652,0.71215773,0.33353949,0.19424848,0.17227675,0.57960272,0.56674135,0.88578355,-0.85698956,0.29102576,0.17450577,0.089337394,-0.34347871,-0.062314846,-1.421361,0.28464261,0.01587959,-0.39214578,-0.17409454,0.67937243,0.19033076,-0.65727949,0.21769439,-0.25942335,0.37034822,-0.071368098,0.59203994,0.9963119,0.32012755,-0.037796132,0.53726137,0.31668484,-0.03847906,-0.8190853,0.26171178,-0.56378311,-0.13912275,0.53622538,-0.98692244,-0.15209286,0.4056429,0.35955483,-0.59795135,-1.1277623,0.50105941,-0.6082601,-0.030981474,-1.5980489,0.28354606,-0.29087088,-0.32279655,-0.38069794,0.96020675,0.35213158,-1.7075858,-0.96031785,-0.40522701,0.002124842,0.25117993,-0.19112144,0.039811715,0.35636932,0.17852598,-0.12531148,0.26761502,0.25487161,0.37032658,-0.012016028,-0.20064694,0.45881471,-1.3080901,0.1252064,0.30538017,0.007867374,0.18494746,0.66420764,0.84993893,-0.39324376,-0.77143836,-0.33550495,0.084641159,-1.6938932,0.35079238,0.21732467,0.37965956,-0.5737679,-1.0928596,0.26472357,-0.53503817,0.041104466,-0.089959458,-0.07768929,0.43357307,0.12536344,0.31658077,0.25071579,0.016409378,-0.095422812,-0.28256211,-2.0189235,-0.74131238,-0.83115232,-0.001256805,-0.87588418,0.14066897,-0.089213572,-0.23418818,0.007197149,0
0.56368595,0.34366691,0.28969327,0.5568729,0.54485363,0.56368428,0.54453075,0.53425026,0.55119061,0.55011326,0.54253334,0.54439718,0.5431174,0.52900308,0.54732454,0.53425586,0.54016888,0.56919217,0.54215264,0.52661771,0.52334875,0.53775495,0.51973939,0.53275496,0.5335539,0.5291459,0.53453577,0.53152877,0.52905786,0.53471512,0.52797472,0.51581228,0.51529956,0.52180868,0.53325182,0.50636834,0.5092544,0.52531701,0.50257015,0.50523311,-0.81468666,0.27642125,0.23637003,0.3012026,1.2240065,1.5654337,1.1179215,0.57204604,0.67938006,1.4955797,1.2950411,1.0527658,0.29390925,-0.24702016,-0.16113815,-0.36892244,0.53276628,0.28450704,0.30529773,0.258495,-0.60104978,0.012355099,-0.54407996,0.26523539,-0.87042612,-0.12311128,-0.11648709,0.84595847,0.12240934,1.1687843,-0.11804448,0.20375997,-0.96184373,-0.25789598,-0.14513309,0.75706547,-1.0255624,0.42189676,0.14793307,-0.73950887,-0.086899027,-0.84938914,-0.51143688,0.32920074,0.70723641,0.61364639,-0.02249198,-1.354286,0.40185612,0.13051574,-0.81341016,0.65390003,0.049046133,0.045726772,0.3514936,-0.10254852,0.25127244,-0.28968161,-0.009061711,0.55293703,-0.48868585,-0.86372912,-0.001469187,0.48247293,-0.2771832,0.27734402,0.085480608,-0.14010578,-0.11453889,-0.25147456,0.28276524,0.52941227,-0.14413214,-0.40120682,-0.216914,0.083728224,0.22266871,-0.85797685,0.3258633,-1.010241,-0.34560353,-1.5078847,-0.81775308,-0.066532418,-0.35876873,0.32511383,-0.31273881,0.15708016,-0.11977419,-0.042839319,-0.71311033,-0.46810126,-0.18355608,-0.92458832,-0.11678069,-0.062688462,0.090771914,0.11264381,-0.37519726,-1.2627094,-0.043892801,0.38839316,0.6274901,-0.13802353,0.43530053,0.26599014,0.066904627,-0.2154634,-0.18878271,0.37103444,-0.53085172,-0.088161334,0.30279869,-0.14225799,-0.63502127,0.05117438,-0.53821909,-0.32660341,0.21170187,-0.24645558,-0.039219853,-0.63941038,0.75998622,0.68948394,0.18724364,0.12876353,-1.4542495,0.37163663,-0.028020106,-0.18118158,-0.026176874,-0.4542301,0.026622318,-0.1360233,-0.60137236,0.82855034,-0.70841777,0.13066113,0.30338508,-1.289988,-0.10163371,0.17302305,-0.12002555,-0.4528802,-0.74148202,0.32405367,0.22361772,0.19656383,0.86322552,-0.61639798,-0.2090624,0.079876006,0.14612256,0.1315406,0.24262391,0.080152526,-0.17702055,-1.0260936,-1.3958958,-0.62656808,0.24523631,0.55643028,0.39564306,-0.42148277,-0.28332523,0.054770157,1.0464784,-0.30033022,0.015741842,-0.24221909,-0.23795344,0.84435999,0.11170466,0.22953065,0.60523534,-0.035698764,-1.7418909,-0.056765225,0.39592645,0.042794913,-0.12073101,-0.5376963,0.10755774,-1.3060921,0.172602,-0.95268703,0.2770274,0.12359303,-0.69510013,0.041397877,0.31038067,0.29148048,-0.13126367,-0.46211118,-2.1529794,0.25654683,-0.31065816,-0.02032245,-0.032828227,0.009022817,0.47484159,0.099215671,-0.20971404,0.55043316,-1.2032524,-0.64148271,-0.33100587,0.33836165,-0.33537346,0.10412159,0.16540867,0.38577214,0.026720067,0.42000502,0.39883047,0.69631219,-0.80851734,-0.3513099,0.41977304,-0.088585511,0.17238037,-0.1818573,-0.25377369,-1.0348265,-0.4091689,0.07249222,-0.21416833,0.4706921,0.80241704,0.35145018,-0.39064202,0.12948164,-0.30305961,0.57310146,0.41918433,-0.39072466,0.040132035,1.2523586,0.14421228,0.1823146,-0.77168453,-0.12263203,-1.5762697,0.85368007,-1.0727448,-0.21621919,-0.031733736,-1.2563363,-0.20191739,0.1769715,0.009599909,0.49052623,0.25408745,0.11114167,-1.5971978,0.66844356,0.31768668,0.94304019,0.00883504,-0.9918164,-0.052429162,-0.79126883,0.47349271,0.44300801,-0.70206332,0.18667594,-1.4498873,-1.3945868,-1.1613848,-0.30595216,0.55104756,0.70023447,0.15659505,-0.79877335,0.55463493,-1.0071753,-0.075043678,0.23407154,-0.86026967,-0.14071429,0.059300281,0.39173281,0.12906289,0.17749092,-0.022797853,0.32611665,0.058357961,0.49826151,0.005601674,-0.1143162,-0.54237986,0.35518795,0.86904448,-0.40769255,0.47535911,0.47600707,0.40044519,-0.49551022,0.41410667,0.19868159,-0.75856304,-0.5083155,0.066838749,0.030300751,0.09029761,0.51010323,-0.18245903,-0.47920704,-0.45771435,0.02001222,0.36877501,-0.23234653,0.25604826,-0.2584762,0.12814863,0.81427789,-1.015228,0.15718086,0.25259241,-0.45371988,-0.038093917,-0.18789645,-1.1210057,-1.5791714,-0.16234325,0.47552395,0.075944573,-0.1263265,0.61127406,-0.015121073,0.55387461,0.2084536,-0.21105382,-0.50049132,0.16159946,0.064052135,0.09471038,-0.63591421,0.22078076,0.09066958,1.0304617,-1.4862903,-0.15501176,1.2791378,1.1947861,0.30336696,-1.1093916,-0.19517484,-0.41153562,-0.18846022,-0.059095956,0.28656369,0.54117388,0.59171951,0.35258508,0.12187119,0.13114201,0.61282808,0.54326069,0.8229363,-0.73711878,0.17137489,0.12706402,0.16552415,-0.35603341,-0.15004256,-1.3542222,0.25918013,0.046844222,-0.35472158,-0.18511534,0.16388534,0.039931312,-0.60848606,0.23045419,-0.27565801,0.3426986,-0.021329328,0.38113219,0.89976907,0.33026475,0.036464471,0.48384631,-0.062837608,-0.03428613,-0.82748163,0.20527352,-0.59358865,0.004277498,0.58430088,-0.92772985,-0.09771578,0.34650522,0.34045839,-0.4145478,-0.979047,0.40602669,-0.46755463,0.037066273,-1.3759608,0.26582867,-0.18503714,-0.42194548,-0.39686015,0.74726826,0.39686596,-1.5317394,-0.83858848,-0.3274948,0.036028117,0.20738998,-0.054373443,-0.013119735,0.26941562,0.18729818,-0.12154727,0.18134794,0.24734159,0.32811928,0.062087759,-0.23571691,0.1764673,-1.2029523,0.0050052,0.31636858,0.023720041,0.11811526,0.5747664,1.4641576,-0.33596843,-0.68045396,-0.036973327,0.12357404,-1.7092891,0.30643895,0.28335303,0.36050296,-0.48953116,-1.1052971,0.19526625,-0.5625484,0.67574584,-0.050807551,-0.039455086,0.39049065,0.10879123,0.29337612,0.2779201,0.038337395,-0.15254913,-0.24774432,-1.9010017,-0.63304162,-0.76712024,-0.063607998,-0.76458347,0.24146546,-0.11065167,-0.2221932,0.072558209,0
0.64213288,0.40319675,0.34590617,0.63233352,0.63837016,0.64452076,0.63561589,0.61984491,0.62457097,0.63612258,0.62560976,0.63171244,0.63133979,0.60668254,0.62839711,0.61497289,0.62353879,0.64922214,0.63210136,0.61453849,0.60784924,0.61690736,0.61906332,0.61028516,0.62257445,0.61755353,0.62364042,0.60761058,0.61552852,0.62328553,0.61559737,0.6101414,0.60457611,0.61409634,0.62179542,0.5968163,0.60214007,0.61649907,0.59484655,0.59463161,-1.0588684,0.32650688,0.37364835,0.42233875,1.3450805,1.6694703,1.2530612,0.68326157,0.80205846,1.5997553,1.3963659,1.1590953,0.31889123,-0.16933388,-0.47575605,-0.42098588,0.56512731,0.33678001,0.38731015,0.28470701,-0.53413385,0.12155722,-0.74701476,0.37540951,-0.89111435,-0.05326274,-0.23336813,0.63908601,0.089943945,1.2592785,-0.13776216,0.19967484,-1.1870369,-0.28077942,-0.10750967,0.7009114,-1.1240115,0.50935727,0.29895368,-0.80781519,-0.16012247,-1.1368399,-0.56924152,0.2084361,0.71776843,0.6319077,0.039107319,-1.6760349,0.52021754,0.14990479,-1.0888817,1.0193551,0.068659842,0.049622428,0.41669437,-0.00911016,0.20403627,-0.35941681,0.049769484,0.55952185,-0.42044067,-1.0901169,0.028391108,0.57856983,-0.29024419,0.32720929,0.108742,-0.11977953,-0.19086802,-0.32479557,0.26495093,0.49909317,-0.18257985,-0.42864496,-0.13756084,0.20016812,0.16687548,-1.100672,0.48438528,-1.2754712,-0.36261523,-1.7057693,-0.96003562,-0.13780536,-0.47897473,0.33092526,-0.34552288,0.13092676,-0.1132513,-0.15692079,-0.78009379,-0.52514273,-0.037630469,-1.1005292,-0.31129187,-0.12115019,0.093445815,0.27608192,-0.45441404,-1.5101017,0.46702057,0.53787899,0.76189446,-0.17874464,0.50751698,0.34120226,0.060841046,-0.35795629,-0.36303008,0.28675634,-0.2547577,-0.083936557,0.34495243,-0.3405149,-0.80011219,0.079014607,-0.4628953,-0.38990983,0.35309744,-0.46708935,-0.020934273,-0.82534087,0.85204691,0.65674341,0.17496416,0.087190554,-1.6525542,0.42040586,0.014942221,-0.14434209,-0.099211797,-0.49866426,0.041270718,-0.20395258,-0.68832308,1.0263515,-0.80211633,0.13716826,0.30010095,-1.758786,-0.13780364,0.22174871,-0.21314251,-0.37666047,-1.0095177,0.21175462,0.040734977,0.52221966,0.72364259,-0.85542864,-0.18966106,0.11899228,0.28844491,0.064491421,0.34012264,0.10031272,-0.22480416,-1.2706892,-1.7658162,-0.66978347,0.32086843,0.67626697,0.45865816,-0.38297758,-0.31603906,0.028739467,1.3128725,-0.066866532,0.13216224,-0.22450972,-0.29977265,0.85113645,0.14779048,0.29345667,0.67531598,-0.14474934,-1.9843357,-0.055075526,0.2950505,0.009069317,-0.044537302,-0.71919715,0.12062997,-1.4582859,0.22139028,-1.0744122,0.70318353,0.09546987,-0.85577804,0.002412217,0.033709109,0.704615,-0.11080522,0.061107218,-2.4766815,0.2446236,-0.56769538,-0.034557283,0.00497137,0.14591195,0.83598906,0.18021271,-0.20775913,0.4310126,-1.3367374,-0.8067683,-0.1855915,0.39553183,-0.45550886,-0.029613063,0.17199381,0.29312319,-0.018660478,0.37793154,0.46982035,0.83616883,-0.79283231,-0.40315098,0.60136735,0.20591819,0.14994918,-0.074853346,-0.30628502,-1.3094932,-0.47231722,0.10493338,-0.38222557,0.37738109,0.91545928,0.40926504,-0.52713585,0.15853035,-0.38153145,0.62724018,0.38715947,-0.38563702,0.13874948,1.5146786,0.1433472,0.23003504,-0.92818576,-0.25712121,-1.8722562,1.1578923,-1.30348,-0.12220994,0.017322272,-1.4877154,-0.28482622,0.17442071,-0.11124043,0.63481712,0.39994231,0.26468867,-1.9258769,0.97970498,0.20658115,1.0991275,0.059802629,-1.248822,0.058193222,-0.92198288,0.61836368,0.36932743,-0.87458789,0.38311121,-1.6442546,-1.4904364,-1.3052082,-0.38635245,0.40783119,0.13388488,0.29299945,-1.1414855,0.72745544,-0.96477771,0.071444824,0.2132498,-1.1022521,-0.05878374,0.049931604,0.53822005,-0.05727173,0.15654859,-0.20865634,0.52146077,0.066555232,1.0472009,0.028032929,-0.22888863,-0.81245112,0.39858443,0.93380386,-0.75313795,0.61240005,0.48481017,0.38613969,-0.56843114,0.56172502,0.056538671,-0.87833852,-0.62944353,0.098994799,0.17807597,0.03444311,0.74058437,-0.25748578,-0.5580622,-0.60461062,0.002502278,0.52216691,-0.26596728,0.21082854,-0.41434687,0.1781489,0.91295862,-1.1860323,0.13921021,0.31755567,-0.45855194,-0.042967327,-0.066981062,-1.3028346,-1.9753435,-0.004694238,0.66361421,0.035491794,-0.032486618,0.90357196,0.10147698,0.45705199,0.28491208,-0.26355934,-0.58714491,0.21443981,0.070945516,-0.1666283,-0.31242362,0.31107402,0.17834373,1.1164579,-1.5486784,-0.074815124,1.347667,1.4268051,0.3255941,-1.488493,-0.3456085,-0.62727481,-0.32743472,-0.017197993,0.36763477,0.88581306,0.74205112,0.36250436,0.28692782,0.13751179,0.72464496,0.54104507,0.83976948,-1.1366773,0.17858094,0.11908928,0.046818189,-0.33360901,-0.17574903,-1.6518005,0.35934886,0.021198459,-0.39300168,-0.1408534,0.22371225,0.1760181,-0.66355133,0.38140172,-0.25924155,0.25981665,-0.19493061,0.34175143,0.91106862,0.34608749,0.09597449,0.68793106,0.00643988,-0.014833921,-0.90065873,0.34114891,-0.70983225,-0.13647711,0.688407,-1.0696912,-0.30074936,0.51020151,0.24530393,-0.61893517,-1.1970875,0.50189573,-0.54269755,-0.031150803,-1.7616627,0.28609419,-0.26054943,-0.4070558,-0.51697838,1.0292375,0.20384747,-1.8997388,-1.1062034,-0.47120053,0.025210608,-0.11646524,-0.10423823,0.092572279,0.46497336,0.2288399,-0.062831707,0.17618874,0.23417953,0.27031004,0.009608895,0.15910694,0.233594,-1.386354,-0.029554158,0.36067194,0.022048932,0.18731505,0.75323039,0.75875372,-0.48548234,-0.94399738,-0.43751961,-0.095614344,-1.980046,0.3214002,0.22486134,0.52799046,-0.69205004,-1.3625765,0.27912879,-0.72296494,-0.00938499,-0.1161105,0.065695338,0.84810078,0.11376823,0.36895019,0.27022243,0.018045075,-0.13161616,-0.39771298,-2.2251294,-0.76922941,-0.94089371,0.15400897,-0.99296826,0.056762516,-0.14068519,-0.25978869,0.10348317,0
0.76048172,0.45764181,0.36245954,0.70729393,0.704144,0.72361362,0.69526273,0.68424851,0.71118087,0.71609521,0.69771886,0.67776346,0.686773,0.65828633,0.68791497,0.68911052,0.67194414,0.72076869,0.72418737,0.67886382,0.68111289,0.70480031,0.69282144,0.67405498,0.72968596,0.70719922,0.71657056,0.70536709,0.71240509,0.70262486,0.69611168,0.70638853,0.68730891,0.68579304,0.71274972,0.635122,0.67906582,0.70032406,0.65578389,0.6916424,-0.98442221,0.25344351,0.29167062,0.33305043,1.1444762,1.4643195,1.0657222,0.51939726,0.66263276,1.3904104,1.1910412,0.98808718,0.35490856,-0.23193282,-0.41518277,-0.34338278,0.56935591,0.35844454,0.44417179,0.28137928,-1.0103253,0.063578308,-0.73108774,0.28825158,-0.93864232,0.023177519,-0.17171195,0.66343874,-0.006278426,1.2818277,-0.15787569,0.18323182,-1.0836803,-0.2023747,-0.053131353,0.73627239,-1.2460716,0.419076,0.22710548,-0.78859711,-0.066413462,-1.0300218,-0.55790651,0.23559244,0.74974376,0.59722185,-0.018623102,-1.6084301,0.5382067,0.16988987,-1.0696927,0.8701871,0.036005989,0.14270069,0.54641181,-0.018147662,0.37213978,-0.2548337,0.047536187,0.51108581,-0.46756476,-1.0362252,0.081400797,0.52343851,-0.42400542,0.30079845,0.13923103,-0.16886126,-0.22138014,-0.33080754,0.40578067,0.56953567,-0.20621873,-0.29598349,-0.095063686,0.10959779,0.20360622,-0.91127354,0.40656763,-1.1536375,-0.44827595,-1.7860522,-0.80501539,-0.13882706,-0.50529265,0.21011934,-0.31443736,0.066294305,-0.073012918,-0.040397912,-0.62202835,-0.61323088,-0.30811739,-0.99310774,-0.22714549,-0.14791098,0.12769382,0.32198024,-0.39620736,-1.5219259,0.15133801,0.56536329,0.71630073,-0.088103727,0.4847675,0.20659378,0.040340304,-0.64408064,-0.31025365,0.40431446,-0.4095068,-0.20616293,0.36362183,-0.24952711,-0.74130368,0.070469789,-0.45236814,-0.41460025,0.28607121,-0.41863149,-0.043967232,-0.76096338,0.80262184,0.66285336,0.25373277,0.095341653,-1.4243784,0.43674001,0.080584303,-0.089252532,-0.013756141,-0.50391769,0.037228502,-0.086705141,-0.71958214,0.85738403,-0.68995178,0.14738566,0.29770231,-1.739819,-0.10529896,0.17849627,-0.21075377,-0.49035972,-0.94180751,0.31465071,-0.054707438,0.2327683,0.61249411,-0.88612068,-0.16504359,0.10659185,0.078961976,0.093076721,0.34861141,0.13865481,-0.15557671,-1.2109426,-1.6196061,-0.64604545,0.28713807,0.69590855,0.4558664,-0.48184216,-0.32013351,-0.035227612,1.0919701,-0.13056047,0.058911629,-0.21894634,-0.38833156,0.89549518,0.12169287,0.30876946,0.62026346,-0.15493488,-2.1583178,-0.08902178,0.33548442,0.028241403,-0.25000995,-0.68764752,0.086942732,-1.3671499,0.14976583,-0.9878298,0.43033898,0.11524406,-0.82508487,-0.014124855,0.22677428,0.35284036,-0.18860652,-0.62896764,-2.4125071,0.15223958,-0.62993348,-0.060280055,-0.022459671,-0.024629965,0.5552367,0.032150567,-0.22920138,0.52801186,-1.2291129,-0.80066502,-0.30276382,0.40650019,-0.42767677,-0.011392921,0.26368129,0.33318463,0.00505867,0.30802006,0.42232314,0.73527253,-0.75842106,-0.46536064,0.38289857,0.067240931,0.093500808,-0.18712336,-0.28699344,-1.1609089,-0.63468426,0.075701997,-0.41691503,0.45371771,0.86017573,0.41504657,-0.46833113,0.17851344,-0.33398968,0.58815974,0.46611142,-0.3942726,0.099122852,1.5872155,0.16119504,0.16449051,-0.81679404,-0.16824742,-1.7583797,1.0093066,-1.2535288,-0.12974006,-0.27371842,-1.3728899,-0.28788784,0.17383803,0.001519412,0.55179822,0.3971563,0.082266659,-1.859238,0.77779531,0.082276478,1.0365033,0.11430529,-1.2447805,-0.01538419,-0.81095815,0.53942573,0.35547882,-0.79572588,0.26425034,-1.4677625,-1.3915019,-1.1670976,-0.38615972,0.4062115,0.20589742,0.35358024,-0.94867051,0.75873017,-0.93498552,-0.098050691,0.30888051,-0.99970496,-0.13107371,0.090477474,0.47341424,0.029962298,0.21471854,-0.23242065,0.42535299,0.11598051,0.68289679,-0.10262601,-0.12552698,-0.60854471,0.38726962,0.96293259,-0.58016598,0.60169798,0.52468419,0.47132558,-0.5565787,0.59032989,0.11495757,-0.72470236,-0.5701158,0.073753275,0.076811299,-0.061301559,0.70498979,-0.24354728,-0.53947681,-0.59739244,0.006089814,0.56618935,-0.23007058,0.24284661,-0.29361561,0.18402575,0.78102732,-1.1504415,0.17792732,0.31079757,-0.41389331,-0.012152235,-0.14418285,-1.237934,-1.869684,-0.036033079,0.6483829,-0.004016832,-0.020149618,0.70457965,0.11591349,0.41648361,0.27443433,-0.11117905,-0.52372438,0.27418569,0.19194038,-0.1197089,-0.57706463,0.30323619,0.12703361,1.0284945,-1.4799743,0.0217399,1.1885887,1.4178033,0.24162132,-1.3382958,-0.3291249,-0.44958836,-0.30282983,-0.099361211,0.23286122,0.71135241,0.78580981,0.41972131,0.19650479,0.13357086,0.81468374,0.5708735,0.85781002,-0.8776921,0.20073657,0.090402424,0.11267558,-0.4350712,-0.14076102,-1.5024238,0.39155078,0.013668081,-0.36588472,-0.12736776,0.1301842,0.12160091,-0.60384768,0.28711301,-0.25521332,0.094974667,-0.061891474,0.23368979,0.93083358,0.25799996,0.016950414,0.60453105,0.19419706,-0.17499219,-0.78825378,0.30399483,-0.69096071,-0.13461331,0.70852017,-1.0552021,-0.24660729,0.47479373,0.2448255,-0.52764487,-1.1128191,0.388273,-0.52689677,-0.048370115,-1.6744553,0.26125878,-0.18172191,-0.37463951,-0.43809462,0.96894675,0.36051512,-1.8015089,-1.1148463,-0.44369459,0.048291698,0.24514428,-0.11121291,0.046279624,0.35147208,0.28504843,-0.057496592,0.24657814,0.29592386,0.38975683,-0.027119659,-0.036362588,0.23131126,-1.3146225,0.056743469,0.22061896,0.014297819,0.27447549,0.66135257,0.67454767,-0.44971582,-0.77089012,-0.42467228,0.054646738,-1.8590001,0.33602548,0.29658899,0.4263978,-0.6575793,-1.2396709,0.24591537,-0.67166281,-0.035270184,-0.10786017,-0.10799929,0.4291527,0.11864773,0.37030149,0.21426347,0.031071888,-0.14489299,-0.34089002,-2.1328499,-0.74332398,-0.81181276,-0.02762262,-0.82397175,0.33648288,-0.01034148,-0.2482772,0.080425978,0
0.50653291,0.24481577,0.23004717,0.5942235,0.58376014,0.60117078,0.5880959,0.57289493,0.59044093,0.59909254,0.58522975,0.58135247,0.58336985,0.56154257,0.61113703,0.5853529,0.58218879,0.61454213,0.59468138,0.57039845,0.57017922,0.59972727,0.58691335,0.58170521,0.59088445,0.58748353,0.60338044,0.5969106,0.5929085,0.60424554,0.59596741,0.59423137,0.58452618,0.58892632,0.5996654,0.57926631,0.57085007,0.59073901,0.57981658,0.59191161,-0.69768834,0.21600789,0.21983838,0.38171875,1.2288204,1.5403104,1.1274081,0.55484158,0.66163844,1.4740053,1.2380558,1.0331943,0.27722624,-0.14270188,-0.19396603,-0.18328586,0.55432433,0.31299102,0.28373417,0.25849602,-0.43550387,-0.037877783,-0.55575573,0.39209551,-0.73033702,-0.078452043,-0.18871613,0.54821187,0.053793937,1.2495285,-0.21156217,0.18340285,-0.97751588,-0.21511042,-0.07213968,0.71568429,-0.93994546,0.52654028,0.22875868,-0.70666319,-0.12565847,-0.97376591,-0.47437155,0.34180611,0.72146875,0.6040827,0.009340319,-1.444535,0.67208248,0.09612979,-0.90386307,0.70249504,0.037427843,0.032266125,0.47240436,-0.064737163,0.42224526,-0.3018868,0.055687681,0.50868785,-0.52861065,-0.93074888,0.043518107,0.49483079,-0.094844788,0.1656913,0.121779,-0.14984563,-0.097635023,-0.24598727,0.3074609,0.56012321,-0.17193185,-0.32512096,-0.20303082,0.14696813,0.081895471,-0.91075402,0.37982228,-1.1330812,-0.36765322,-1.5819273,-0.82787859,-0.14140536,-0.45808372,0.30534726,-0.28261787,0.14635456,-0.094191201,-0.033412784,-0.65560985,-0.46849272,0.10483952,-0.97297919,-0.15284687,-0.07307519,0.083131813,0.3551909,-0.41185105,-1.4062357,0.38051057,0.35841501,0.69553697,-0.10983964,0.50609195,0.32960227,0.041094046,-0.36110631,-0.24940906,0.23922084,-0.42338702,-0.054539554,0.34603542,-0.1553099,-0.63266289,0.073584609,-0.42235529,-0.37887982,0.28143844,-0.32011035,-0.010590403,-0.69307083,0.65743887,0.5789187,0.20481414,0.084494554,-1.4642055,0.49431586,-0.043529779,-0.095651597,-0.073956795,-0.46069124,0.058152713,-0.13059258,-0.58607119,0.80624843,-0.69419032,0.13409325,0.41537496,-1.400789,-0.18689555,0.22197871,-0.096794508,-0.32199049,-0.83412158,0.41040462,0.050444975,0.47245967,0.81521863,-0.66885763,-0.19506405,0.033773277,0.04958991,0.14164841,0.32073233,0.13295272,-0.15025716,-1.0783882,-1.5629462,-0.61607349,0.20006673,0.63752699,0.28974617,-0.39160457,-0.35434806,0.06788446,1.1827025,-0.080579534,0.090124235,-0.20017971,-0.26547265,0.83748651,0.11982048,0.21212047,0.68781602,-0.080988333,-1.7960457,-0.096100524,0.3335205,0.005842316,0.039681695,-0.66656226,0.22891498,-1.221573,0.2849223,-1.0744722,0.42761257,0.16041787,-0.74635404,0.079148114,0.1935191,0.42051497,-0.10567522,-0.19474077,-2.2706184,0.23086262,-0.44364035,-0.058341283,-0.12426962,0.18777405,0.51233405,0.054376699,-0.19782043,0.43434262,-1.3257804,-0.73608929,-0.26107252,0.40165883,-0.44421184,0.092560939,0.17282781,0.40705717,-0.000457481,0.37599152,0.42652735,0.7636708,-0.79340029,-0.31784695,0.44765636,-0.003774606,0.18166918,-0.066307344,-0.23946702,-1.0480852,-0.42810324,0.056939382,-0.33985856,0.38458109,0.90964931,0.29902804,-0.42079088,0.14224266,-0.33163345,0.60606122,0.48730949,-0.32647273,0.078016981,1.3677776,0.080156207,0.10068604,-0.65716165,-0.14515519,-1.7078946,0.88204235,-1.196731,-0.16925995,-0.067027718,-1.3242884,-0.17327021,0.17382371,0.07592158,0.50180215,0.39547232,0.15904866,-1.6496619,0.79268098,0.046247136,1.0069765,0.027133727,-0.99363202,-0.042457778,-0.77693468,0.46701467,0.16999544,-0.75792688,0.32840919,-1.5027065,-1.3246465,-1.1834419,-0.34350547,0.34102419,0.17019486,0.23010743,-0.8425684,0.74494541,-0.94983768,-0.10371616,0.24025881,-0.91888815,-0.013674743,0.011756605,0.51899433,0.066065371,0.2602686,-0.13448635,0.46690875,0.006611232,0.6719299,-0.023262069,-0.055221625,-0.61737812,0.33776045,0.92224383,-0.43652695,0.56122005,0.44251817,0.44522971,-0.58863413,0.59098208,0.23043866,-0.81693852,-0.49988654,0.068137102,0.11904398,0.13451011,0.80673134,-0.24891078,-0.47051138,-0.47531861,-0.039601624,0.53556287,-0.15507129,0.18240455,-0.25432807,0.1337336,0.88650864,-1.0374483,0.1352509,0.26970047,-0.44626194,-0.014085924,-0.060245067,-1.2109202,-1.7088984,-0.16591424,0.58242422,0.09075579,-0.16699661,0.66305596,0.14236699,0.435076,0.23492709,-0.10073236,-0.38268992,0.20830061,0.086273313,-0.19260529,-0.48378402,0.236975,0.16124773,1.008554,-1.4572583,-0.046738125,1.2752169,1.3982151,0.3051151,-1.1224092,-0.21378911,-0.43645483,-0.14777073,-0.01755299,0.28186476,0.70690304,0.58441716,0.37332237,0.16939183,0.19877878,0.70420325,0.59449506,0.88426948,-0.79689622,0.24007894,0.24753928,0.12990418,-0.28299701,-0.16238303,-1.4325805,0.28750286,0.011751458,-0.33090967,-0.1337164,0.34665224,0.16544209,-0.60217482,0.21530072,-0.22678156,0.12871665,-0.085727617,0.40938142,0.92177862,0.3155995,0.049250491,0.58021563,-0.18114012,0.057122082,-0.85884869,0.30951393,-0.59608704,0.13969889,0.71260607,-0.85256821,-0.34548238,0.38126409,0.29417393,-0.47070816,-1.0471905,0.43212372,-0.56200057,0.073707193,-1.4568828,0.25878417,-0.21985944,-0.50505579,-0.37632936,0.83046454,0.38735747,-1.7039148,-0.9994294,-0.34153053,0.015014207,0.2293763,-0.036603224,-0.028337719,0.47182235,0.21955189,-0.14089972,0.24202913,0.26381752,0.37958106,-0.067491099,0.024376921,0.253308,-1.190281,0.01280904,0.24202192,0.014978332,0.23896505,0.52866536,0.8456037,-0.38729233,-0.7875824,-0.39304662,0.052106656,-1.7151991,0.36129922,0.29540834,0.29555544,-0.55494303,-1.1466835,0.40588582,-0.42230493,0.007575005,-0.036580496,-0.12125367,0.49286675,0.14724164,0.26581579,0.36526239,0.019023076,-0.035503156,-0.34109595,-1.9564173,-0.67792344,-0.79031974,-0.03168454,-0.78132927,0.13435651,-0.13467018,-0.21781568,0.077854171,0
0.44469172,0.1997118,0.17733553,0.47398394,0.46724403,0.49303362,0.46960273,0.46511853,0.46679085,0.4777652,0.45819885,0.46858349,0.468723,0.45127633,0.47906494,0.46090049,0.46026415,0.49639869,0.48116738,0.44503382,0.45375293,0.48226029,0.46306145,0.45418498,0.47583595,0.46290925,0.47896054,0.4726871,0.47342509,0.47565487,0.46957171,0.46802855,0.45267892,0.46158302,0.47903973,0.44443199,0.44797581,0.46750402,0.44864386,0.46479237,-0.78577322,0.16062751,0.24826062,0.3988004,1.2664962,1.5940995,1.1619833,0.59508729,0.70521277,1.5299004,1.3054912,1.0887052,0.32566455,-0.14421281,-0.26289275,-0.33462578,0.55773687,0.34316456,0.30181178,0.26794928,-0.55015534,-0.008758889,-0.60910773,0.33894056,-0.6870923,-0.005656481,-0.21954446,0.54550469,-0.012238413,1.2333777,-0.21717168,0.18668792,-1.0156463,-0.21873651,-0.084593356,0.79205191,-0.95787466,0.51514,0.21083848,-0.75510609,-0.10391046,-0.96600521,-0.45194954,0.30389243,0.753874,0.55413187,-0.003822701,-1.4825591,0.68312627,0.090700865,-0.97874969,0.78370714,0.037627991,-0.008458309,0.50304985,0.13001333,0.40778369,-0.25652373,0.039947987,0.56470478,-0.51958477,-0.9570322,-0.006955303,0.52028549,-0.22318241,0.19449145,-0.025010971,-0.14065026,-0.14180695,-0.21227953,0.27490067,0.47787568,-0.16920774,-0.21364148,-0.1176137,0.11265779,0.34488624,-0.82753456,0.36926961,-1.0861455,-0.33442995,-1.6129253,-0.83476537,-0.14425704,-0.53731066,0.33045533,-0.24922435,0.093784302,-0.068189919,-0.049072914,-0.58635533,-0.47899091,-0.14952739,-1.0006008,-0.17114139,-0.000228986,0.088516824,0.39739025,-0.34853536,-1.4133959,0.037388027,0.37464628,0.72167468,-0.16484173,0.45322353,0.39192778,0.015375309,-0.60400063,-0.26686165,0.39230445,-0.45768481,-0.080521926,0.39915082,-0.18991041,-0.68599164,0.12739979,-0.45725816,-0.36884025,0.25312841,-0.35802048,0.039438765,-0.61080569,0.65702355,0.62400937,0.14801276,0.10268565,-1.3600185,0.55665004,-0.023930691,-0.11148553,-0.06672214,-0.49809369,0.0778905,-0.15152194,-0.58485413,0.83819401,-0.67111176,0.12789366,0.34403232,-1.4638301,-0.082694963,0.18333627,-0.11830278,-0.51623219,-0.77547455,0.40099072,-0.017407447,0.3957603,0.61518407,-0.71497071,-0.2405766,0.060204845,0.10872798,0.19022372,0.33261892,0.13099451,-0.1346287,-1.1253237,-1.5557481,-0.62007046,0.25147405,0.76783854,0.41639638,-0.43660018,-0.36231652,-0.014357612,1.0756401,-0.071546465,0.087655634,-0.18204634,-0.26947257,0.89753515,0.08506386,0.22402947,0.56936347,-0.12473688,-1.8373098,-0.087757684,0.30559441,-0.031414598,-0.016820967,-0.6924175,0.12939274,-1.265964,0.26335284,-0.97969985,0.36373097,0.033510063,-0.7804029,0.097060144,0.30473876,0.40572035,-0.24340151,-0.53298765,-2.3233709,0.31443557,-0.47212747,-0.059336059,-0.061959669,0.09630204,0.52947068,0.042818565,-0.21629937,0.58396286,-1.3253529,-0.73636419,-0.30675381,0.52437818,-0.39345577,0.11037409,0.23457891,0.41453165,-0.035463329,0.35161006,0.41199213,0.70359856,-0.77309108,-0.28707424,0.53115255,-0.095577069,0.17287081,-0.13630036,-0.25055945,-1.0856785,-0.45872897,0.065101996,-0.35217711,0.3635307,0.97160578,0.30573958,-0.43607712,0.16947444,-0.28256267,0.56151175,0.45707142,-0.25521421,0.087300658,1.5689336,0.10396704,0.12707311,-0.70295405,-0.12541342,-1.7001296,0.91338724,-1.2396748,-0.15107007,-0.13405642,-1.3692039,-0.14132574,0.14749303,-0.02381058,0.50032324,0.39056629,0.21774666,-1.68857,0.80286628,-0.009024527,1.0637413,0.032272991,-1.0423206,-0.043402191,-0.74150413,0.49709171,0.19005382,-0.76401788,0.36336333,-1.5691326,-1.2882218,-1.1634076,-0.3137556,0.33522248,0.15831742,0.23656623,-0.84433252,0.79112017,-0.89093548,-0.033791691,0.26731649,-1.0059199,-0.048377715,0.023553476,0.48005825,-0.007269703,0.22028853,-0.16207066,0.40118089,0.023563908,0.56883436,0.059242986,-0.13847297,-0.50645471,0.32839352,0.88776255,-0.44298396,0.53066397,0.4858942,0.47017556,-0.56969571,0.68276179,0.37298176,-0.77523237,-0.61674279,0.0778208,0.12813529,0.14267844,0.82238775,-0.21148628,-0.48783419,-0.4816004,-0.051465187,0.55453235,-0.16151458,0.12230662,-0.34874859,0.13554876,0.90925729,-1.0019445,0.090278313,0.28007147,-0.43498331,-0.055067234,-0.10610385,-1.263698,-1.738869,-0.088503078,0.61003286,0.030793168,-0.14345962,0.64394367,0.16254349,0.43508562,0.25987631,-0.063620061,-0.45518538,0.18662569,0.065432377,-0.19547489,-0.58820367,0.24881117,0.2310909,1.0680345,-1.4486814,-0.035824098,1.3019387,1.4439833,0.30265132,-1.1092279,-0.26623589,-0.41306436,-0.17850783,-0.022999205,0.16130123,0.69920641,0.58651501,0.4243933,0.10335479,0.20461386,0.69017375,0.6070835,0.81766999,-0.85843813,0.15104657,0.18326241,0.069460578,-0.31529421,-0.15669301,-1.4561697,0.29692549,0.032603182,-0.28056774,-0.060905762,0.3092742,0.22869891,-0.59036767,0.24607012,-0.23590131,0.049228568,-0.11245447,0.33587977,0.96568257,0.35398108,0.090649411,0.59220445,0.076667048,0.029471811,-0.86105382,0.26962185,-0.58960968,0.088176697,0.74272919,-0.83680207,-0.3291643,0.40466443,0.30554551,-0.43792889,-1.0132651,0.44376302,-0.57710385,-0.027312117,-1.4621294,0.23075381,-0.19877301,-0.55247551,-0.34644663,0.82733274,0.38967511,-1.7704582,-0.94118541,-0.35869259,0.000961798,0.24652128,-0.050106902,0.004994625,0.45612568,0.19140841,-0.079912588,0.18249685,0.31533107,0.35484684,-0.16363165,-0.085460588,0.21157306,-1.2394224,0.005808467,0.26686895,0.049178317,0.23983648,0.48909557,0.8083877,-0.36503282,-0.7592274,-0.39747328,0.13971774,-1.7226431,0.34107348,0.30067581,0.31618279,-0.53027433,-1.1019903,0.27083936,-0.41278279,0.053209797,-0.07323017,-0.058172293,0.41878271,0.15302673,0.31257346,0.35791349,0.03118089,-0.1611515,-0.36340562,-1.9911759,-0.66029,-0.74027574,-0.034035519,-0.74451184,0.14474188,-0.19282347,-0.2374332,0.10250098,0
0.57883185,0.30820137,0.32879806,0.61210871,0.61309123,0.62511992,0.60518992,0.59828359,0.61506689,0.61934972,0.60937202,0.61878657,0.62004882,0.60334641,0.6339103,0.60868967,0.62140977,0.64717472,0.61690319,0.60590422,0.60136533,0.61790776,0.61482942,0.61553741,0.65570557,0.61553705,0.63437414,0.61226392,0.62228513,0.62811494,0.62129647,0.63410634,0.61712313,0.61336124,0.62831062,0.61331415,0.61109585,0.63576317,0.61365843,0.61375803,-0.99802905,0.31423628,0.51881218,0.57719374,1.442535,1.8358516,1.441516,0.83283401,0.95592934,1.7493315,1.4726467,1.3121179,0.49628878,-0.14398776,-0.31276906,-0.39151764,0.78158295,0.44679803,0.4344967,0.3799383,-0.51757127,-0.047599547,-0.63319969,0.39731491,-0.77391571,-0.1671478,-0.25593004,0.72621316,0.11644368,1.4272379,-0.23053065,0.26454547,-1.161779,-0.13614759,-0.12379293,1.1791594,-1.0598686,0.60784703,0.2015366,-0.85088533,-0.084641732,-0.80162841,-0.62380087,0.55411679,1.0520463,0.63295913,-0.037321843,-1.8170546,0.70759696,0.12378117,-1.0647376,1.0646865,-0.039245121,-0.039753847,0.47136024,0.023257755,0.2770167,-0.46112061,0.077411249,0.77517056,-0.7769717,-1.0691497,0.052409936,0.629484,-0.38266325,0.34329814,0.05362751,-0.27920943,-0.097312279,-0.28425267,0.28613815,0.5317862,-0.1826321,-0.41244736,-0.22879605,0.14008418,0.49073189,-1.1519158,0.42893165,-1.1062737,-0.38931191,-1.9164841,-1.1071646,-0.15775129,-0.36353207,0.37504888,-0.4373385,0.052509855,-0.11690508,-0.15627076,-0.91041732,-0.58453023,0.2071166,-1.1863396,-0.22047071,-0.11670577,-0.03422007,0.27326262,-0.42996582,-1.9114186,0.21587332,0.51878405,0.83780384,-0.27026761,0.70734847,0.292472,0.013438307,-0.47845951,-0.13472399,0.314946,-0.64880568,-0.10091972,0.48857597,-0.37153473,-0.82377517,0.059358824,-0.66913164,-0.61855865,0.33412039,-0.48477742,0.046588525,-0.79633296,0.750377,0.72114646,0.10139797,0.088176496,-1.6572938,0.49289349,-0.19228458,-0.17868032,-0.075353101,-0.6821149,-0.07089819,-0.15376252,-0.7510215,1.0187713,-0.8147254,0.17411573,0.55180901,-1.8751608,-0.073990464,0.26470804,-0.15193546,-0.54045784,-1.0914308,0.35821542,0.077465571,0.62351179,0.95170414,-0.79232401,-0.22136378,0.092213541,0.018872362,0.21336186,0.42953539,0.12363796,-0.12457196,-1.4389306,-1.9875699,-0.68411994,0.34388843,0.77699429,0.53092706,-0.53586495,-0.36071432,-0.005620293,1.1626267,-0.11998007,0.10569808,-0.32453525,-0.37880462,1.2571161,0.17914265,0.29842243,1.3726871,-0.28778505,-2.135355,-0.086547107,0.43130618,-0.023672257,-0.032472629,-0.97219694,0.09165737,-1.6781596,0.22674149,-1.2390835,0.22302608,0.032064136,-0.91423404,0.026760418,0.18481407,0.4721773,-0.24767424,-0.29449567,-3.0209925,0.32811978,-0.57955241,-0.005478378,0.025329374,0.46222073,0.54712439,0.10651548,-0.16335919,0.80710924,-1.7321839,-0.84340817,-0.23458408,0.54510885,-0.44621962,0.13116977,0.13893491,0.48614016,-0.020016812,0.35476726,0.39388087,0.74233299,-0.88103604,-0.28501636,0.59748864,-0.11365671,0.20524743,-0.03168989,-0.31749249,-1.2682238,-0.5229364,0.079122096,-0.3716594,0.46684349,1.0930086,0.38795662,-0.48674622,0.2440809,-0.32486936,0.67591417,0.61341226,-0.40463051,0.069097675,1.6406742,0.11984949,0.238354,-1.0323623,-0.18134733,-2.1089759,0.96896267,-1.3820217,-0.29466954,-0.015773885,-1.6296598,-0.34331632,0.12919666,0.13972466,0.64698291,0.50843549,0.36317945,-1.9645143,0.95857292,0.066868395,1.1538851,0.047379076,-1.180756,0.098681882,-1.12916,0.79966885,0.24264657,-0.89074874,0.49274984,-1.9925267,-1.6813298,-1.341803,-0.46672076,0.83819103,0.37015566,0.37494963,-0.99677771,0.91409558,-1.230038,-0.14259505,0.36325845,-1.2642727,-0.14410678,0.1132685,0.52250373,0.017013375,0.29799858,-0.21306029,0.4006688,0.013338708,0.41240993,0.066503324,-0.14164516,-0.74827194,0.47408518,1.1189659,-0.5438115,0.65285051,0.49697474,0.42742679,-0.81323612,0.8296414,0.34727252,-0.9642849,-0.6764341,0.13034928,0.12170713,0.050641447,0.89836919,-0.2377582,-0.62047637,-0.61618197,-0.019795891,0.66695696,-0.15137078,0.31509361,-0.40836251,0.24850997,1.1224089,-1.2421265,0.16559102,0.36094093,-0.63827169,-0.030967491,-0.096440695,-1.5671432,-2.0954354,-0.35122463,0.833646,-0.007301167,-0.22785476,0.79230452,0.1944613,0.61761349,0.30880886,-0.13953359,-0.48886946,0.31090841,0.069885388,-0.19295877,-0.52765143,0.27925783,0.23499951,1.2899485,-1.7593638,-0.000140999,1.7016624,1.6996976,0.46334061,-1.2904462,-0.35072237,-0.49103525,-0.28218052,0.014072786,0.16070084,0.73949462,0.75429159,0.35626453,0.18662283,0.1604078,0.80443579,0.64789307,1.15136,-1.0755044,0.29870236,0.20606482,0.15708408,-0.46459895,-0.19284867,-1.6922128,0.41377628,0.024255347,-0.29301646,-0.11925272,0.35064611,0.20120215,-0.58182782,0.28127521,-0.16989076,0.10570601,-0.24528721,0.51175779,1.4106385,0.33763313,0.054945745,0.64548665,-0.10871504,-0.027430521,-1.0277721,0.3350763,-0.79472339,0.14099473,0.77377069,-0.99245107,-0.48452961,0.47416082,0.35069764,-0.53758347,-1.1905587,0.61408556,-0.4197576,0.077002451,-1.8055632,0.21086152,-0.29424107,-0.84931475,-0.44820508,1.0050031,0.38520887,-2.0245671,-1.1859374,-0.49359837,0.034603536,0.30095702,-0.075281993,0.055398107,0.5705632,0.24145795,-0.18744212,0.30664781,0.33178827,0.29950312,-0.22517389,-0.46921521,0.18197478,-1.5669153,0.000563189,0.2940293,0.15555467,0.28613979,0.63795161,1.4797966,-0.42077979,-0.80561399,-0.53392839,0.054558557,-2.0972714,0.38641453,0.37508357,0.48535323,-0.78430516,-1.3268008,0.27335116,-0.45969087,0.6235196,-0.074122384,0.059652753,0.2637122,0.19673061,0.37890634,0.32163984,0.058727514,-0.17922835,-0.46419588,-2.3740742,-0.55673128,-0.94852608,0.041287027,-0.9637208,0.23728304,-0.15262125,-0.34801042,0.085658647,0
0.52764678,0.26695067,0.25464088,0.58977258,0.57642341,0.61540484,0.59922737,0.56988597,0.58217764,0.59693885,0.5784716,0.58217573,0.59054577,0.56036997,0.61115229,0.58866876,0.58409923,0.6156615,0.60495776,0.56859398,0.58458686,0.60378921,0.58561581,0.57956266,0.61567223,0.59392273,0.59853709,0.59021777,0.59880888,0.59904516,0.59011507,0.61011589,0.5859704,0.57760012,0.60312939,0.57729435,0.58019006,0.60844862,0.58690149,0.5929209,-1.0216956,0.21370828,0.42367482,0.53777307,1.3730299,1.7063,1.3243351,0.75066543,0.88467395,1.6627665,1.4124198,1.2351034,0.32074857,-0.21960066,-0.13018674,-0.37436911,0.60919648,0.38563922,0.4298611,0.27840179,-0.91508842,0.007991045,-0.61921775,0.37080345,-0.78330195,0.054775473,-0.18710315,0.73946655,-0.036142528,1.5106895,-0.18481553,0.16329314,-1.1924887,-0.2571733,-0.13567983,0.85462058,-1.0719932,0.54450172,0.24538018,-0.81583577,-0.12848817,-1.2320418,-0.63887554,0.29460961,0.78863758,0.55118269,-0.033584375,-1.8271391,0.61976367,0.13877949,-1.10062,0.94699883,0.002432868,0.085278034,0.53145891,-0.058222704,0.3297807,-0.36968884,0.055361301,0.5804199,-0.40872589,-1.1059049,0.003071662,0.65385807,-0.34455466,0.21076226,0.023859264,-0.21201678,-0.1418253,-0.30942389,0.22667652,0.60312021,-0.18110138,-0.5258522,-0.27967989,-0.10671157,0.46112531,-1.0393138,0.42233014,-1.1522073,-0.41401625,-1.8695072,-1.0015928,-0.079447776,-0.60308528,0.28873134,-0.36650187,0.18969035,-0.14612685,-0.18648474,-0.72438115,-0.57197583,-0.072448835,-1.1684507,-0.18758526,-0.098113045,0.09697827,0.22503869,-0.44879138,-1.8186166,0.34482881,0.51657408,0.83765292,-0.09635707,0.52128124,0.35151786,-0.000311404,-0.44074535,-0.35952002,0.20996469,-0.33380455,-0.21619955,0.36369982,-0.34116501,-0.82898182,0.10160907,-0.5277223,-0.58953255,0.34279492,-0.49895602,-0.030702284,-0.84415603,0.73158807,0.70537466,0.22699161,0.068924725,-1.6811793,0.54232836,0.061128117,-0.16246429,-0.028891025,-0.53938508,0.018554987,-0.10709752,-0.78593481,1.0575503,-0.74925256,0.09906701,0.34410337,-1.6983608,-0.098951429,0.28711551,-0.18475054,-0.41352907,-1.0387589,0.30759043,0.1311034,0.56881249,0.66618967,-0.74632627,-0.11245908,0.047873631,0.040659286,0.15605891,0.32230854,0.11457867,-0.098710388,-1.3637049,-2.0028141,-0.63013196,0.32087114,0.76134962,0.42867601,-0.45639753,-0.27388552,0.056899883,1.3926921,0.30722779,0.095435649,-0.2040382,-0.28130275,0.97472328,0.16973157,0.27460843,1.0379887,-0.20776254,-2.1866028,-0.063050151,0.23197681,-0.01663417,-0.042374704,-0.76118648,0.17884658,-1.5914408,0.21634081,-1.0045619,0.44577155,0.068639606,-0.91965586,-0.004699945,0.39824632,0.55488843,-0.15941687,-0.17740296,-2.744328,0.39344594,-0.83202815,-0.079916865,-0.037403949,0.19310655,0.76090038,0.15057796,-0.19550623,0.64695507,-1.631277,-0.9025929,-0.28776515,0.58355677,-0.37820286,0.19024731,0.19559328,0.29491904,0.048857149,0.38265648,0.45577881,0.83702958,-0.9539445,-0.358367,0.68413192,0.005569957,0.21736965,-0.17405824,-0.28928071,-1.3613158,-0.50321329,0.11650833,-0.35754678,0.3131541,1.059086,0.37769863,-0.48615563,0.15403602,-0.3311061,0.70515954,0.46196574,-0.46470863,0.092720248,1.5855411,0.1411387,0.26233312,-0.96241516,-0.23729087,-2.008604,1.1129868,-1.4091737,-0.033021674,-0.13755883,-1.5631673,-0.16839479,0.20757358,-0.012279958,0.59333402,0.51099712,0.3687892,-2.1174779,1.1338508,0.10091625,1.2458522,0.01562866,-1.2417346,0.056551591,-0.99727815,0.56904972,0.33795995,-0.85577887,0.38494226,-1.748433,-1.4411228,-1.3126311,-0.49962077,0.43965948,0.26548705,0.3203457,-1.0380063,0.78476614,-1.099923,-0.007103071,0.3618294,-1.2141521,-0.10358644,0.056144938,0.62296021,0.15722008,0.26614413,-0.27837428,0.52535224,0.079284407,0.86878061,0.077199049,-0.16419204,-0.58251101,0.43753016,0.93873161,-0.76355827,0.52136087,0.52024448,0.42004812,-0.62497658,0.74376285,0.27559602,-0.94324267,-0.68597627,0.079420179,0.13826239,0.090145096,0.79584444,-0.28196558,-0.48570332,-0.55191326,-0.011249699,0.55292022,-0.14682351,0.17812717,-0.40157411,0.17060126,1.0155796,-1.298943,0.1290393,0.27789679,-0.50746453,-0.049216859,-0.21908584,-1.494406,-2.1269534,-0.029556349,0.71083891,-0.008629732,-0.085927099,0.79042631,0.19866686,0.4628765,0.23195307,-0.22274274,-0.60621417,0.23378731,0.076410286,-0.19856779,-0.49184173,0.23561679,0.18124568,1.1859748,-1.6540009,0.03972815,1.6296705,1.5599685,0.49493682,-1.5751568,-0.29629514,-0.58361936,-0.33288157,-0.056498352,0.21559443,0.89545625,0.66582763,0.34683442,0.23425549,0.15598312,0.71272564,0.7051419,0.93142229,-1.0421722,0.23378921,0.18979976,0.14485936,-0.45373341,-0.153253,-1.9881577,0.37829679,0.029684648,-0.40117484,-0.12831354,0.27256563,0.16853057,-0.59845382,0.34672585,-0.24168845,0.18487996,-0.097738445,0.47792614,1.0324461,0.28406125,0.07945507,0.67755491,0.020879716,-0.11531158,-0.97544229,0.41556957,-0.72613919,0.098085403,0.85348904,-1.049853,-0.42709607,0.59436733,0.29274359,-0.64626497,-1.1228033,0.55301392,-0.51900041,0.016244352,-1.6585746,0.28349292,-0.21349187,-0.60527456,-0.42279562,1.0602298,0.29402995,-1.8932065,-1.2664802,-0.42395741,-0.005170966,0.25480157,-0.054653399,0.015400942,0.58556998,0.20961633,-0.053372577,0.16186953,0.38425967,0.35472965,-0.19373909,0.13712789,0.25338992,-1.4290965,-0.025252279,0.36009279,0.093750961,0.27765927,0.60990399,0.94109207,-0.46579155,-0.80142754,-0.48201919,0.015131474,-2.1504374,0.40577009,0.26979849,0.46990526,-0.7436564,-1.5785562,0.32649162,-0.68940365,0.080321632,-0.1321875,-0.057262935,0.6726985,0.11491044,0.33190832,0.42930263,0.039649244,-0.05561702,-0.44238341,-2.3400166,-0.68791109,-0.99650544,-0.020702399,-0.96521592,0.22163691,-0.19252691,-0.32373133,0.034264103,0
0.44654304,0.17829156,0.17830819,0.47499818,0.45999128,0.48973691,0.47443813,0.44830662,0.45973146,0.46735433,0.45368975,0.45973969,0.45761704,0.43252429,0.47168103,0.45171231,0.4513492,0.49161881,0.47576386,0.4317742,0.44271439,0.46412766,0.45046005,0.44757718,0.47229683,0.45171013,0.46410716,0.45242327,0.46599245,0.46374923,0.45652944,0.45927992,0.44660199,0.44202414,0.46061838,0.43666479,0.44032574,0.46078351,0.43605477,0.4453038,-0.69875073,0.14281796,0.2301352,0.34785926,1.2086613,1.5401986,1.13381,0.57092696,0.69678414,1.4936869,1.2677146,1.0658233,0.23717669,-0.1977281,-0.12898199,-0.19715735,0.46701425,0.28505367,0.26850542,0.20783041,-0.59256339,0.038797714,-0.42133451,0.33096111,-0.721753,-0.10236797,-0.16281031,0.57807463,0.21684703,1.3446293,-0.1752667,0.15878007,-0.96294492,-0.22076476,-0.027122885,0.73249149,-0.92412359,0.44895536,0.23900664,-0.81005305,-0.09590105,-0.91552317,-0.4455114,0.41790056,0.68644512,0.65868813,-0.017035073,-1.4105967,0.65956897,0.10435364,-0.84378111,0.50256371,0.072461471,-0.003460805,0.59331626,-0.10318319,0.43671739,-0.37774652,0.05810301,0.45114645,-0.56907523,-1.0030702,0.061095688,0.48135966,-0.26542491,0.10113533,0.041349031,-0.15115264,-0.14851977,-0.24544683,0.61741799,0.69923466,-0.16314229,-0.35347724,-0.41512576,0.17483935,0.38337529,-0.88161206,0.32704306,-1.0682405,-0.34274042,-1.464839,-0.77311039,-0.070981145,-0.41689691,0.27444232,-0.33604288,0.13232449,-0.1250418,-0.075337298,-0.62144381,-0.43607172,0.18720645,-0.87051249,-0.12801732,-0.083649941,0.078475341,0.32529518,-0.3831411,-1.4989083,0.54996759,0.33572513,0.72986591,-0.13346843,0.52875227,0.32031995,0.10544901,-0.21003333,-0.47746512,0.20843671,-0.62772882,-0.10805394,0.26875561,-0.13042626,-0.56755888,0.027366668,-0.57133335,-0.3947629,0.23644085,-0.31322518,0.005125359,-0.51849496,0.68920577,0.55967069,0.10333444,-0.018053249,-1.5837443,0.67431551,-0.034903862,-0.14969797,-0.052395925,-0.45459822,-0.007684231,-0.12778628,-0.52283239,0.84881675,-0.62539703,0.097522937,0.50522393,-1.4606283,-0.11971103,0.26382262,-0.057628233,-0.28475976,-0.76057649,0.47095108,0.19465488,0.34027073,0.55522704,-0.64769816,-0.14574297,0.053809337,0.040066101,0.18923241,0.30682421,0.16283253,-0.061405037,-1.0204134,-1.3428034,-0.64877981,0.20933308,0.7468254,0.26577672,-0.37787396,-0.32105187,0.11767818,1.0769789,-0.018391648,0.041825093,-0.28332129,-0.22772658,0.97536641,0.10834285,0.17351069,0.96135175,-0.041906625,-2.0561335,-0.093495913,0.45211706,0.020897757,-0.058942258,-0.68380761,0.13945512,-1.2423154,0.2075873,-1.0570186,0.32491434,0.063613668,-0.73204947,0.075716048,0.17840905,0.365495,-0.20259546,-0.27294087,-2.2168827,0.31498832,-0.50495535,-0.062475741,-0.1878496,0.22577982,0.3961063,0.037319504,-0.15503195,0.65154004,-1.2771845,-0.68177068,-0.23908344,0.48253405,-0.41710299,0.12225723,0.27426735,0.43278539,0.030428637,0.49592131,0.38483885,0.74982435,-0.82509142,-0.29093248,0.46688685,-0.18256691,0.2303018,-0.037293889,-0.24997231,-1.0247209,-0.37775812,0.080333784,-0.321549,0.46396881,1.0175507,0.32960004,-0.34437487,0.1132077,-0.34771207,0.50328791,0.51159918,-0.32840943,0.11997917,1.4326682,0.091990143,0.16077513,-0.74474943,-0.078427196,-1.7007821,0.86042356,-1.1750093,-0.31253225,-0.18218565,-1.1781985,-0.11270496,0.22262955,0.072978869,0.41126025,0.38531679,0.25345159,-1.5662433,0.74381918,-0.030778002,1.0169184,0.029069213,-0.91683924,-0.076900475,-0.71619815,0.42360294,0.25623924,-0.79814386,0.31695014,-1.54679,-1.440016,-1.1822932,-0.30389377,0.34131622,0.19661936,0.14490192,-0.78041053,0.5915361,-1.0472486,-0.20138749,0.24014099,-0.97254956,-0.058404058,-0.037288174,0.51031065,0.092467338,0.36904603,-0.002946794,0.40040201,0.042945996,0.42322528,0.057018042,-0.09862268,-0.77962148,0.31736687,0.97029769,-0.45751479,0.53676593,0.42525434,0.61300737,-0.58085805,0.57413381,0.42632169,-0.81840497,-0.4754802,0.056925062,0.11486845,0.14682989,0.79584324,-0.2517536,-0.43594837,-0.40438008,-0.017747644,0.65113938,-0.19249962,0.03203382,-0.25820443,0.1220819,0.95152235,-0.8600651,0.13404217,0.24513349,-0.44962597,-0.045772202,-0.18973598,-1.1165693,-1.6079767,-0.1749118,0.53575855,0.15424453,-0.22511071,0.64271778,0.25136045,0.47171941,0.15113129,-0.16642642,-0.36955148,0.15122569,0.098328739,-0.13616033,-0.52045757,0.14497072,0.099626884,1.0761597,-1.3443809,-0.070657589,1.4184567,1.3885294,0.40741548,-1.0409073,-0.1601146,-0.31484574,-0.10667088,0.075035855,0.24400717,0.68620229,0.66191071,0.37722099,0.10710265,0.22055586,0.60900772,0.65724337,0.88608617,-0.6165151,0.21007761,0.25377363,0.075324215,-0.25719085,-0.17177974,-1.4366214,0.2036528,0.046214074,-0.34554288,-0.10353909,0.46190077,0.19815831,-0.6951955,0.22637358,-0.19110379,0.084660918,-0.10565235,0.54468036,0.97195423,0.22467375,-0.009291336,0.5140968,-0.20268282,-0.026236398,-0.89215833,0.23906589,-0.55030191,0.23423767,0.70981389,-0.88516963,-0.2883122,0.37332013,0.36479825,-0.45656654,-0.94555712,0.50359815,-0.52421629,0.093725942,-1.335164,0.28448755,-0.15943319,-0.34395221,-0.38751841,0.74719906,0.43237954,-1.6714513,-1.0774391,-0.2778002,0.030463824,0.17897582,0.008136064,-0.025793884,0.4729808,0.14661317,-0.10965067,0.26964432,0.23446062,0.35191917,-0.15494935,-0.145688,0.79775101,-1.2340397,0.024271138,0.33854139,-0.015879836,0.18121536,0.51088798,0.93044317,-0.27585453,-0.77919084,-0.31347996,0.10064244,-1.5966711,0.33737069,0.28054827,0.27315202,-0.55852121,-1.1697336,0.18102077,-0.52038032,0.14940548,0.006162748,-0.083586365,0.33821455,0.16564609,0.24664168,0.30598843,0.031474181,-0.16012926,-0.30076313,-1.8419535,-0.65123773,-0.80421054,-0.053983271,-0.77250046,0.17312565,-0.20312665,-0.17844112,0.023279186,0
0.51318735,0.22824998,0.2143845,0.4957079,0.48897064,0.51521534,0.50085878,0.47929242,0.48860499,0.49077535,0.48082072,0.49746951,0.48800081,0.46858013,0.49765736,0.48148561,0.48326129,0.51505458,0.49225017,0.47869384,0.4851158,0.4896006,0.48038477,0.48237222,0.48862749,0.48930418,0.49257204,0.48324394,0.49395669,0.49255764,0.48823857,0.48610276,0.4688035,0.4770903,0.48923188,0.467134,0.45765683,0.47930217,0.46573922,0.4770261,-0.66858375,0.19274235,0.21259785,0.27780509,1.1709236,1.5630045,1.1713436,0.51603341,0.62528318,1.4236995,1.2798896,0.99337667,0.38747901,-0.02773796,-0.22636104,-0.24699289,0.64163661,0.36775294,0.34378797,0.28435761,-0.32320213,0.021971578,-0.37097239,0.18823081,-0.45525193,-0.086538121,-0.11190744,0.38278449,0.062594235,1.0800047,-0.17642546,0.20908257,-0.87490308,-0.08169011,-0.044051629,0.8974219,-0.70482463,0.67651391,0.24428993,-0.58115506,0.016029119,-0.83027303,-0.40950322,0.38463002,0.87109184,0.49664849,0.052846722,-1.2651445,0.55615938,0.11832041,-0.81515557,0.56461757,-0.00300283,-0.010280084,0.49384397,0.034041971,0.20361334,-0.22101334,0.10759044,0.53069818,-0.5623821,-0.87974638,0.019240186,0.41308478,-0.27240017,0.13137347,-0.05459325,-0.20090641,-0.063236669,-0.18235299,0.23004083,0.48166451,-0.10937981,-0.52270281,-0.40410128,0.018558651,0.4184368,-0.701442,0.35886359,-0.86661547,-0.21580917,-1.4592489,-0.79961342,-0.052034084,-0.51940876,0.31491122,-0.3686994,-0.071050599,-0.038604386,-0.16670723,-0.61182308,-0.35486063,0.15758577,-0.85257769,0.011977881,-0.079630628,0.014525205,-0.045316905,-0.37372947,-1.2912554,0.30153772,0.41420594,0.63337553,-0.082536198,0.45462829,0.30732512,-0.035354748,-0.38586861,-0.28434098,0.2383308,-0.62001556,-0.10857342,0.41972423,-0.20949109,-0.6229986,0.040240582,-0.48881465,-0.25851685,0.13080749,-0.27507633,0.19464265,-0.55937892,0.51037216,0.42931259,0.11949842,0.18003422,-1.2615337,0.41416079,-0.084450036,-0.028810918,-0.048545588,-0.48489684,-0.010512522,-0.072516382,-0.46886396,0.7458216,-0.65734345,0.17143428,0.42994124,-1.3161894,-0.05518055,0.16290438,-0.13861459,-0.41871989,-0.73526806,0.31779709,-0.008309543,0.24752495,0.6228199,-0.61784327,-0.24238931,0.069071352,0.16892058,0.097054437,0.07440713,0.086594686,-0.173031,-1.0304265,-1.3573841,-0.50781703,0.23839782,0.49432024,0.16022202,-0.29416364,-0.34954396,-0.038792461,0.95621026,-0.031009115,0.062177923,-0.15345868,-0.25866747,0.73470318,0.12371035,0.27570963,0.30256617,-0.19307838,-1.5140002,-0.17888734,0.31413856,-0.045343313,-0.15767366,-0.73459524,0.046676897,-1.1670418,0.27792919,-0.99918914,0.18419673,0.11962575,-0.74326396,0.17645688,0.27091655,0.34979257,-0.14936459,-0.42075792,-2.1968262,0.16569939,-0.2861774,0.025222421,-0.035730474,0.23288766,0.31167841,0.23957007,-0.23409012,0.51088148,-1.3433785,-0.74121875,-0.43171304,0.31468099,-0.26625788,0.13872483,0.13070801,0.35743624,0.024668587,0.2596148,0.35956255,0.59716332,-0.55803764,-0.14197436,0.48589683,0.14437708,0.18796961,-0.037195046,-0.27485168,-0.89499056,-0.42219257,0.13358137,-0.12357035,0.28737879,0.88711351,0.34865203,-0.31847787,0.24653426,-0.22670987,0.52697957,0.46858266,-0.10343418,0.092239767,1.196021,0.064685948,0.22743878,-0.54708445,-0.22857958,-1.639945,0.70743483,-1.1153376,-0.11604774,-0.13921219,-1.2206694,-0.105732,0.10507219,-0.19607054,0.56328833,0.27123135,0.21979883,-1.4270289,0.68466038,0.12177632,0.950544,0.021051707,-0.78550088,-0.098567665,-0.79172808,0.46647838,0.17241357,-0.8047201,0.31401923,-1.436179,-1.1203611,-0.92188835,-0.32004672,0.31219974,0.25191137,0.35473073,-0.75002825,0.70974547,-0.9791618,-0.25794807,0.34525603,-0.90856397,-0.11524072,0.019485416,0.39952728,-0.071148016,0.19937676,-0.11600456,0.27483004,0.082755387,0.34999028,0.15092796,-0.088343404,-0.54262388,0.46502402,0.82464069,-0.4064965,0.4424758,0.4003382,0.42143831,-0.59847981,0.54523808,0.33072576,-0.8334735,-0.46487984,0.086382613,0.056404144,0.13513957,0.60551524,-0.24585533,-0.47996435,-0.40894479,0.051101904,0.47352028,-0.21541017,-0.016321719,-0.41816178,0.150553,0.80925965,-0.87526405,0.20985912,0.29740399,-0.43833262,-0.078280747,-0.041854233,-1.1878054,-1.4963136,-0.13051009,0.63662827,0.076255865,-0.34513044,0.49073577,-0.032285467,0.53560495,0.31441227,-0.15961897,-0.3453013,0.25668609,0.095866017,-0.22304296,-0.55266684,0.24431893,0.18953142,1.0107092,-1.298786,-0.18177807,1.1279246,1.2950513,0.36881605,-0.84765655,-0.25380892,-0.44691598,-0.18473856,0.05703612,0.11986104,0.58796364,0.60332018,0.394393,0.08204674,0.17351174,0.56587183,0.53087264,0.80946386,-0.66232187,0.1914376,0.21694817,0.13322715,-0.35318732,-0.18067384,-1.2933186,0.35107583,0.022303389,-0.34859607,-0.28494361,0.41643864,0.15344422,-0.61521536,0.14586344,-0.13715293,0.25261945,-0.15545614,0.48549587,0.87308323,0.27287564,0.036488116,0.46937174,0.01343289,-0.14022796,-0.78839082,0.12235222,-0.62398303,-0.075793341,0.50056833,-0.52553648,-0.45965636,0.28936207,0.21353427,-0.42509496,-0.9244926,0.46596351,-0.55638301,-0.11602399,-1.0420688,0.11779274,-0.12885354,-0.55399454,-0.49311772,0.73897827,0.22521636,-1.6259121,-0.9292686,-0.36923736,0.029775795,0.22542737,-0.10440989,0.017925622,0.34450296,0.24334885,-0.22321562,0.28924322,0.25469548,0.23130137,0.1112075,-0.032174826,0.31780797,-1.2192762,0.12536074,0.34816366,0.032941442,0.12760623,0.35229182,0.6789391,-0.39377564,-0.76147836,-0.34047991,0.04364194,-1.3344046,0.24266972,0.32113799,0.34916878,-0.49432212,-0.96207225,0.1274648,-0.16426107,0.089400813,-0.074567705,0.011805609,0.22082782,0.10130319,0.30083263,0.26242608,0.033920117,-0.23530957,-0.37323448,-1.7356503,-0.53153515,-0.69939715,0.12545522,-0.77941024,-0.027838632,-0.1613867,-0.28831723,0.17099926,0
0.56672215,0.29642108,0.27201435,0.56384784,0.55182177,0.57537544,0.59390533,0.54689026,0.56012738,0.55577517,0.54670143,0.54985225,0.55406475,0.5286572,0.5563432,0.53947586,0.54958057,0.5716061,0.55559206,0.54521799,0.5367651,0.54373276,0.5468694,0.54416341,0.55286652,0.54093778,0.55555248,0.53681177,0.56784761,0.54394245,0.5435589,0.56139189,0.53606057,0.53783691,0.54831362,0.52123868,0.52623034,0.53875208,0.52345967,0.54230201,-0.88466489,0.2503022,0.38216317,0.46783376,1.339211,1.7559109,1.3738567,0.72240674,0.82271028,1.6384398,1.4669307,1.1895369,0.48119217,-0.094947599,-0.35803896,-0.34459054,0.74647343,0.44546303,0.38610175,0.34309915,-0.62994593,0.077027023,-0.62867874,0.27876809,-0.38018396,-0.027889825,-0.3215822,0.4891094,-0.009465218,1.2557093,-0.19642046,0.275702,-1.100239,-0.20654872,-0.089639142,0.9455924,-1.0502609,0.74747342,0.20472011,-0.82581431,-0.14719988,-1.2102234,-0.60607827,0.31501365,1.0280324,0.52977645,0.02854586,-1.6132126,0.64796126,0.13521266,-1.0752542,0.51980394,-0.014451679,0.21706073,0.54434538,-0.053348191,-0.011954993,-0.13401398,0.090930171,0.68607956,-0.57876241,-1.0630722,-0.050138168,0.43608692,-0.36087149,0.24621108,0.005392436,-0.20178154,-0.056840777,-0.19646935,0.40903062,0.4112756,-0.12604952,-0.4439621,-0.41849455,-0.26923084,0.54035449,-0.92823541,0.3725971,-1.3781507,-0.31268975,-1.7046411,-0.9184373,-0.038918611,-0.7118488,0.1625548,-0.45140812,0.019244574,-0.023176536,-0.051639222,-0.62112659,-0.63453579,-0.046472132,-1.0011411,-0.021488912,0.015573248,0.054306753,0.079430625,-0.43302703,-1.4238133,0.036428273,0.52068722,0.69177353,-0.14717743,0.46928284,0.29134005,-0.055908695,-0.49235386,-0.36525759,0.27369967,-0.7033357,-0.2316111,0.52594858,-0.16202068,-0.67694843,0.096587367,-0.52444625,-0.36875445,0.18523471,-0.23434795,0.15891336,-0.77706593,0.59621328,0.67430854,0.32158834,0.16283029,-1.3953421,0.33971354,0.036443729,-0.22808047,-0.076200947,-0.55514634,0.14856681,-0.1156035,-0.63494307,0.92823088,-0.69596964,0.13612041,0.42274618,-1.6030648,-0.080263793,0.18897606,-0.13339828,-0.31263286,-0.80040747,0.39727032,0.008736685,0.43717912,0.70338947,-0.7460196,-0.29723278,0.12157264,0.25078037,0.099790253,0.3544533,0.21453103,0.01935713,-1.2086629,-1.6560878,-0.60753292,0.24688405,0.54452348,0.19037403,-0.32886016,-0.26630357,-0.090332866,0.9509418,-0.18044093,0.074052423,-0.008137465,-0.18770349,0.84952724,0.19189072,0.32274312,0.54270017,-0.21102935,-1.9821953,-0.18494958,0.36712071,0.009274242,-0.027389448,-0.69857442,0.021732926,-1.1688534,0.20703226,-0.9935832,0.11982006,0.02433119,-0.90861571,0.20141958,0.12088291,0.37070456,-0.13932052,-0.44927579,-2.3608742,0.19161123,-0.30950361,0.023148462,0.11952795,0.25229946,0.36725739,0.20563531,-0.26647633,0.25897536,-1.3946089,-0.66364759,-0.45617962,0.54063869,-0.36108968,0.030843154,0.13028216,0.39837983,0.080772899,0.42474973,0.43992183,0.69412524,-0.87830734,-0.16796105,0.81228137,0.18297863,0.12589152,0.059634607,-0.30963376,-1.2030232,-0.4927825,0.17734471,-0.29487082,0.23899031,0.88321632,0.39793941,-0.48012108,0.21051535,-0.3521724,0.54428309,0.51280028,-0.44540876,0.0972137,1.3347907,0.12025385,0.21885833,-0.886536,-0.2045446,-1.7014368,0.84920043,-1.231089,0.097459108,-0.046055779,-1.5613673,-0.30358881,0.026676401,-0.00734283,0.24927047,0.49306577,0.20909588,-1.6604723,0.72020936,0.19620213,1.1341971,-0.14309713,-1.0955522,-0.087864101,-0.90473485,0.59034163,0.18051994,-0.86000186,0.41746324,-1.50441,-1.1736236,-1.1412476,-0.4760974,0.29673636,0.46837366,0.36312887,-0.80909181,0.87959796,-0.91489148,-0.23060173,0.30559021,-1.0582333,-0.080602929,0.04134953,0.33995718,-0.16610187,0.33939734,-0.1221159,0.4045178,0.046097063,0.26231286,0.1721099,-0.11115105,-0.58495122,0.54528022,1.0029323,-0.53961021,0.53968787,0.43998572,0.44270992,-0.60976893,0.72432673,0.23890069,-0.77957517,-0.72797275,-0.0001579,0.00681822,0.099506512,0.77542508,-0.36213589,-0.48529252,-0.49078703,-0.003289368,0.44856423,-0.15047023,0.064963475,-0.35461,0.20158726,1.0266616,-0.90309238,0.14716998,0.35788131,-0.44513279,-0.023296431,0.13354209,-1.2550042,-1.9066068,-0.15489873,0.79824108,-0.014204979,-0.25950265,0.62488133,-0.033330277,0.44095507,0.40983516,-0.065052316,-0.38430786,0.31865945,0.022444885,-0.24555296,-0.69448727,0.19703358,0.24102692,1.2319295,-1.6237133,-0.16656983,1.1784935,1.4673034,0.45830566,-1.2280122,-0.34728912,-0.42466745,-0.25964066,-0.030960642,0.17380171,0.63452834,0.51864535,0.42704728,0.061185785,0.22735938,0.73562682,0.56481254,0.84605891,-1.1466441,0.3754802,0.1316824,0.21010971,-0.38513458,-0.15785676,-1.5666194,0.45418352,0.060779057,-0.40017787,-0.21608326,0.33949283,0.14656109,-0.67651439,0.24536657,-0.22782387,0.46103725,-0.055670325,0.67938179,1.0948272,0.10133027,0.10786726,0.59706318,-0.029355634,-0.11982843,-0.91623449,0.19685498,-0.83572882,-0.093615115,0.5323025,-0.46349445,-0.47589225,0.50822473,0.39131537,-0.5195564,-0.99004644,0.56005269,-0.48711553,0.001288841,-1.2575459,0.18651751,-0.17387229,-0.82384229,-0.40199763,0.88894868,0.32652137,-1.7132984,-1.0705184,-0.43650532,-0.014808762,0.23599632,-0.15979746,0.089742459,0.3541939,0.25799412,-0.26759091,0.37099966,0.30484363,0.26660609,0.65437901,-0.25751898,0.20722653,-1.5273912,-0.014223119,0.40683445,0.009274924,0.09987656,0.51502419,0.89560634,-0.35617709,-0.79998279,-0.33971336,0.24032316,-1.7156485,0.29979086,0.43171427,0.40625718,-0.66688871,-1.0251439,0.15544495,-0.29525065,0.024418294,-0.16402775,-0.019067507,0.21372509,0.11094554,0.42910141,0.33148235,0.099991456,-0.16364968,-0.33792078,-2.0344503,-0.60890776,-0.80459726,0.11072806,-0.79767394,0.077809215,-0.11951287,-0.30961424,0.25080249,0
0.4901897,0.21089073,0.20483048,0.49489114,0.4744845,0.5079006,0.48074001,0.47121805,0.47661096,0.48401669,0.47230381,0.48007882,0.47604162,0.45588434,0.48562104,0.43819627,0.4665153,0.49915093,0.48626941,0.45233148,0.45457977,0.4816491,0.46629786,0.47128916,0.46968764,0.47168154,0.49195826,0.4733634,0.48019284,0.4723601,0.47025228,0.46692884,0.46144992,0.46213466,0.47156155,0.44727391,0.45077598,0.46866083,0.44730845,0.46585748,-0.70594031,0.18797877,0.22734767,0.33950642,1.2033169,1.6144748,1.1818237,0.56742918,0.66075808,1.4807634,1.3218514,1.0423971,0.3919566,-0.071665317,-0.20610712,-0.16887683,0.55737674,0.3323108,0.34640703,0.29882649,-0.30334508,0.021704953,-0.41553929,0.24197173,-0.48745751,-0.14301951,-0.13058326,0.41324747,0.071192443,1.0134188,-0.16958459,0.22364278,-0.92614508,-0.12520614,-0.038119551,0.70714259,-0.79084253,0.59882486,0.21625455,-0.60072589,-0.003043905,-0.8328687,-0.43196803,0.29449922,0.71925777,0.49834585,0.026005128,-1.3865719,0.58163857,0.15242235,-0.84007657,0.54788339,0.032634139,0.045829132,0.57076663,0.092572272,0.25727391,-0.22592427,0.1105585,0.51388848,-0.48738575,-0.91197968,0.063975722,0.49577001,-0.3353622,0.1545074,-0.011210753,-0.17287721,-0.11014035,-0.17271389,0.30302185,0.66198319,-0.069127172,-0.21674347,-0.42930126,0.15902889,0.41190535,-0.84657294,0.3613655,-1.0621067,-0.23153962,-1.4757801,-0.79578406,-0.078057945,-0.52561098,0.22437307,-0.33022088,-0.009083226,-0.04671273,-0.01906129,-0.69768018,-0.30432782,0.00147967,-0.88265818,-0.11768662,-0.07667689,0.041084662,0.022504255,-0.44158605,-1.3048419,0.2421138,0.41582167,0.66540897,-0.10028218,0.44311762,0.24429703,-0.026337869,-0.3749513,-0.28894672,0.20347443,-0.4538005,-0.048073865,0.39952552,-0.17607322,-0.5998528,0.059406199,-0.52620459,-0.47111946,0.15807533,-0.32420048,0.12760568,-0.55786389,0.55016482,0.63572359,0.0498547,0.081422843,-1.3244759,0.36290619,-0.076425985,-0.045125425,-0.032437883,-0.4946942,0.010836506,-0.096302539,-0.4160257,0.73959923,-0.36175978,0.14204097,0.46194687,-1.4306141,-0.069625929,0.22225344,-0.16744438,-0.39313251,-0.7883299,0.37316871,0.039595187,0.30171162,0.81742787,-0.68164575,-0.30788234,0.06234305,0.2345067,0.11867001,0.16040845,0.13447154,-0.2066219,-1.0256379,-1.3880254,-0.5601958,0.21905689,0.37690312,0.16101044,-0.31159607,-0.33533883,0.001168072,1.1182802,-0.085459143,0.066530876,-0.096953452,-0.20795543,0.76996225,0.085443124,0.26213917,0.77261907,-0.1402586,-1.9581746,-0.16658494,0.33465159,-0.030782845,-0.21867938,-0.67530352,0.12480313,-1.1280326,0.23871739,-1.0112368,0.3887651,0.005363122,-0.72349572,0.17322721,0.11542374,0.49733791,-0.097368851,-0.3887274,-2.158226,0.20401648,-0.32118294,-0.059515741,-0.049820609,0.15246509,0.41291106,0.15467417,-0.2103329,0.33051562,-1.3142352,-0.71780556,-0.3927598,0.36512762,-0.36688781,0.13675646,0.12547331,0.3642301,0.021481959,0.27903721,0.3276006,0.58903778,-0.74147546,-0.15533209,0.52367711,0.14115196,0.17828807,-0.11970195,-0.25712299,-0.90463758,-0.4104926,0.12683405,-0.24564251,0.17677385,0.8848815,0.33004764,-0.38713795,0.12483025,-0.25316739,0.48659429,0.514714,-0.30775037,0.15604882,1.1104482,0.18219611,0.24582252,-0.74767983,-0.085100695,-1.6310931,0.78182793,-1.182611,-0.096271843,-0.13893141,-1.2829746,-0.14368978,0.16002037,0.020420909,0.29595649,0.37974265,0.2462405,-1.4396908,0.73043895,0.13073401,0.95928562,0.013307342,-0.83693516,-0.060896546,-0.76106143,0.47167075,0.077124104,-0.77176845,0.31268048,-1.5069315,-1.1694585,-1.0273119,-0.3220056,0.31295562,0.30881926,0.30445817,-0.74273759,0.63884491,-0.95359612,-0.11121663,0.29075715,-0.92101425,-0.074395709,0.036992174,0.43266395,0.024213009,0.30593246,-0.11220317,0.38735288,0.06389039,0.54746318,-0.067807816,-0.092140242,-0.65985751,0.38187417,0.8850854,-0.38653731,0.49409997,0.40507254,0.42060614,-0.53783882,0.56436372,0.3123368,-0.78070545,-0.53642344,0.084070154,0.035943113,0.13600236,0.55904001,-0.29934451,-0.4446857,-0.36652061,0.057033971,0.35939458,-0.19629638,-0.052510135,-0.28348088,0.17330465,0.86636329,-0.8736071,0.18831709,0.28483966,-0.47265276,-0.062881596,-0.073581457,-1.2329251,-1.554464,-0.13290814,0.57772797,0.012401596,-0.26643035,0.57740045,0.034538105,0.43281329,0.25386328,-0.075339891,-0.33969051,0.22055978,0.030992158,-0.23724143,-0.5923472,0.13637659,0.19526723,1.0081058,-1.3685094,-0.2262215,1.1342455,1.321227,0.31408113,-0.93219906,-0.23136,-0.42706093,-0.14043649,0.090518557,0.1421133,0.57428551,0.55590308,0.42079258,0.073238939,0.17779931,0.6712212,0.56325132,0.77878696,-0.65151662,0.11540572,0.23341376,0.10296164,-0.3423456,-0.19389576,-1.2881565,0.31408134,-0.24507967,-0.38283411,-0.26610395,0.39076948,0.098289646,-0.58660132,0.18197757,-0.15986195,0.14255719,-0.12446997,0.54240435,0.88638997,0.092904061,0.078931339,0.5216164,0.028716326,-0.012326275,-0.79336953,0.15934166,-0.61823231,-0.057957381,0.47778666,-0.54849076,-0.34138831,0.35927343,0.21234651,-0.48495683,-1.0119884,0.50356847,-0.53097486,-0.031356543,-1.0398167,0.18421853,-0.12406307,-0.61444426,-0.42991167,0.71163285,0.2708444,-1.5928286,-0.91228616,-0.29969373,0.012288718,0.31645647,-0.038567271,0.037584916,0.36551687,0.21247941,-0.16459087,0.2777487,0.2588965,0.27485567,0.4552142,-0.016363472,0.18527924,-1.2218392,0.007461647,0.37407655,0.052108757,0.16825125,0.41152853,0.76457471,-0.35881716,-0.71095359,-0.33008566,0.2006043,-1.4259093,0.29841921,0.2443137,0.36964995,-0.57182115,-1.0248272,0.13436842,-0.29165184,0.11152451,-0.010351866,-0.040335953,0.38256973,0.078733474,0.29414564,0.34311554,0.028209904,-0.1833421,-0.33119696,-1.7909991,-0.45550734,-0.76168931,0.060161091,-0.78614008,0.14830866,0.014934465,-0.23942247,0.092682183,0
0.60330892,0.32095182,0.29125047,0.59509671,0.61260325,0.61446548,0.58775294,0.57708621,0.58886898,0.58884287,0.57816613,0.59428573,0.60310471,0.56106293,0.59178984,0.57903606,0.5724473,0.60871214,0.59906304,0.56401557,0.56638181,0.62465298,0.58020353,0.5788002,0.58450758,0.57689244,0.60396284,0.58250356,0.58549076,0.584216,0.58887434,0.57775688,0.57273448,0.56894648,0.59088504,0.54866397,0.56120622,0.57602787,0.56003201,0.57839698,-0.94496381,0.26680171,0.34102768,0.41775596,1.2809157,1.7041981,1.314229,0.67000723,0.76381981,1.5778921,1.4231141,1.13805,0.55268705,-0.12781218,-0.40418506,-0.46137649,0.83838069,0.50163019,0.38921335,0.38875085,-0.83954412,0.006171496,-0.72781098,0.20553809,-0.64799631,-0.15569805,-0.25813931,0.47122645,-0.024093628,1.3786812,-0.19124341,0.30011106,-1.2658378,-0.15550347,-0.021849245,1.0353999,-1.0117679,0.83639455,0.10118407,-0.95764226,-0.1736289,-1.4138935,-0.61103439,0.27643406,1.0653373,0.48637336,-0.044550672,-1.8225861,0.61365116,0.15015978,-1.1756696,0.58406746,0.037755478,0.059711859,0.67157507,0.47129884,0.25044039,-0.2074073,0.34803215,0.69961143,-0.51043987,-1.1317346,-0.001891121,0.50043392,-0.15946788,0.36618575,0.047139082,-0.19970727,-0.19865879,-0.26552561,0.31682485,0.78808594,-0.15687606,-0.22419326,-0.34450528,0.14066014,0.42380932,-0.96488565,0.47365752,-1.3708436,-0.36134115,-1.8625264,-0.95257485,-0.05108466,-0.80468792,0.27940878,-0.4203997,0.012700982,-0.000847615,-0.10903194,-0.63279682,-0.58141601,-0.32446104,-1.069445,-0.059121117,0.091721863,0.13641518,0.14711052,-0.44204754,-1.6066463,0.091391742,0.54585642,0.81954288,-0.11732151,0.5137949,0.28475896,-0.10308017,-0.71364039,-0.37457445,0.3481029,-0.60016418,-0.20141605,0.55771506,-0.23821045,-0.74634272,0.16641432,-0.62051231,-0.32463193,0.18642604,-0.29846081,0.16080467,-0.77424955,0.55694157,0.69539189,0.24137861,0.11426264,-1.5982692,0.57758975,-0.11206934,-0.21583727,-0.06081108,-0.54313087,0.1073904,-0.14313859,-0.70584512,0.92604911,-0.64181501,0.16037475,0.47559398,-1.3754735,-0.10018414,0.24525043,-0.11199778,-0.50132132,-0.77145594,0.6015299,-0.035833061,0.29528242,0.91685057,-0.78774166,-0.33826134,0.10229048,0.71731466,0.13559014,0.37383634,0.084045649,-0.18908493,-1.2709928,-1.7179114,-0.7691322,0.25128421,0.94518614,0.20022732,-0.34852359,-0.30951521,0.004574552,1.0874102,-0.14144447,0.10717423,-0.095018536,-0.16638309,1.015027,0.1805782,0.36952832,0.60250151,-0.15408987,-1.7832525,-0.21258774,0.4751226,-0.002678835,-0.27477947,-0.80367845,-0.006612957,-1.2686656,0.18624832,-1.0201943,0.18374629,0.156919,-0.89010143,0.2828671,0.34027761,0.40876681,-0.14876276,-0.72460091,-2.5700929,0.19314414,-0.45094776,0.017818972,0.072996095,0.046738617,0.46978518,0.11473181,-0.24591497,0.55647689,-1.5755122,-0.72958475,-0.55992419,0.40153843,-0.38356018,0.16671129,0.020705208,0.55980682,-0.001563432,0.42946273,0.56859255,0.60895962,-0.9069432,-0.1794195,0.62402439,0.070637003,0.20572492,-0.022909753,-0.33040953,-1.3726153,-0.54476124,0.19592783,-0.35922244,0.12374881,1.0488335,0.32699108,-0.52165699,0.24552725,-0.33001518,0.51044011,0.49685791,-0.46922597,0.067260563,1.5600259,0.13674805,0.29606462,-0.75413805,-0.33365434,-1.9165771,1.0142869,-1.3339629,0.051549554,-0.13757834,-1.7485783,-0.067561641,0.066971973,0.030470431,0.54566944,0.52872556,0.30012062,-1.7594635,0.84754342,0.29984143,1.1502907,-0.015746802,-1.247257,-0.21175325,-0.83628106,0.52312398,0.11435394,-0.91424173,0.30107197,-1.6709183,-1.2618361,-1.2792674,-0.47967631,0.57215029,0.42015326,0.31305102,-0.86468416,0.87505507,-0.91397804,-0.22927611,0.26669812,-1.1187079,-0.026096044,0.069423452,0.39304471,0.085476339,0.36169755,-0.072773628,0.4062807,0.015114654,0.47054219,-0.082253888,-0.10395548,-0.54961234,0.55748212,1.0256629,-0.40783736,0.6090436,0.41283181,0.61086655,-0.70652044,0.68223482,0.51877511,-0.89624476,-0.80770659,0.098377302,0.052378789,0.16429174,0.73730773,-0.41126278,-0.49050325,-0.48376501,-0.007938718,0.48242146,-0.2873975,0.005460329,-0.42270249,0.17417267,1.0192487,-1.0610664,0.14858577,0.41157877,-0.55072504,-0.05756231,0.099226952,-1.3855555,-1.9747839,-0.17195845,0.75317478,-0.092489317,-0.27575505,0.70194256,0.001130223,0.63145149,0.40538359,-0.20466068,-0.46737409,0.35854727,0.063900776,-0.2175286,-0.9681114,0.12285437,0.25280762,1.2285358,-1.6519849,-0.047095023,1.4225059,1.4581941,0.5150001,-1.3562849,-0.34461877,-0.52841729,-0.24389517,-0.069507256,0.27349925,0.78486657,0.71286213,0.50997519,-0.021723464,0.2655288,0.80320847,0.7740711,1.1053729,-0.92878842,0.22864401,0.23891157,0.19021165,-0.40715918,-0.24149011,-1.7480906,0.47513849,0.050073683,-0.3779791,-0.41655385,0.28048989,0.14953485,-0.77093065,0.2190952,-0.25561929,0.33605528,-0.005893596,0.42186487,0.99839282,0.27839458,0.16918492,0.63158178,1.9167325,0.047938161,-0.97405666,0.18152784,-0.81533784,0.052897312,0.7747829,-0.63835269,-0.62017035,0.41588032,0.3920221,-0.55206186,-1.1087708,0.51091647,-0.58508849,-0.068037689,-1.5464574,0.26755494,-0.15714256,-0.9162544,-0.42994836,0.81515467,0.50251776,-1.9443504,-0.98130691,-0.42133194,-0.010051058,0.34130567,-0.10315548,0.011841918,0.43696207,0.3628293,-0.18714546,0.36114621,0.4232395,0.31109524,1.253842,-0.14719492,0.13457946,-1.6073714,-0.035566658,0.42181623,0.02460622,0.16017744,0.57210463,0.82459295,-0.36448431,-0.81970549,-0.43527135,0.15249686,-1.7853045,0.34667489,0.4424668,0.4574362,-0.59464186,-1.0966072,0.25811654,-0.34110823,0.000746593,-0.096852474,-0.054991096,0.30286577,0.14079158,0.40778065,0.41152638,0.065660976,-0.068013586,-0.39965147,-2.2772195,-0.57000661,-0.90678787,0.13634181,-0.80722076,0.045850247,-0.055275254,-0.33302641,0.29627657,0
0.52583009,0.24265781,0.18709145,0.5200606,0.51310742,0.52227473,0.51202428,0.5062601,0.52620035,0.52286142,0.51209509,0.50133777,0.50701547,0.49063486,0.50620139,0.49783283,0.50322455,0.52780843,0.51619154,0.50408089,0.49206901,0.5126214,0.50142479,0.48803818,0.51043409,0.48687261,0.50818729,0.5019998,0.49760199,0.51461715,0.50020504,0.50155103,0.48718172,0.5056417,0.51527357,0.48080134,0.49007338,0.50343102,0.47833031,0.49711323,-0.87864375,0.16501084,0.34685016,0.40676263,1.2839775,1.6898124,1.3050901,0.65838218,0.76542014,1.5658228,1.361383,1.1308763,0.48318085,-0.13162301,-0.37315744,-0.2500641,0.75687039,0.43192783,0.38685679,0.34746027,-0.4410519,0.091417633,-0.55854189,0.25359628,-0.68694389,-0.042822383,-0.16678123,0.49621612,0.24880016,1.1586927,-0.1342954,0.2771008,-1.2527901,-0.18815094,-0.000972822,0.96596199,-1.1222305,0.75213623,0.20445049,-0.93525445,-0.092385404,-1.2633895,-0.56872755,0.46238431,0.94024706,0.64855158,0.023009583,-1.7197553,0.67506534,0.1625499,-1.087597,0.50983101,0.028150497,0.055404317,0.60973191,-0.003814638,0.26143241,-0.21482091,0.24548995,0.67548203,-0.74220943,-1.0796871,0.062069241,0.51006687,-0.43775427,0.21245152,0.002398279,-0.16211577,-0.091660589,-0.2372973,0.36138716,0.88666284,-0.18070924,-0.27698058,-0.6184333,0.25654194,0.47686055,-1.1369317,0.40980026,-1.0827595,-0.36111113,-1.9003986,-0.98317778,-0.027649723,-0.6602506,0.31912303,-0.38949561,0.051339909,-0.042448867,-0.099618942,-0.76786077,-0.44558182,-0.089047328,-1.1454148,-0.1317105,-0.008162707,0.084843352,0.062085316,-0.43421155,-1.5454911,0.23106623,0.50414294,0.85822046,-0.24816689,0.50786042,0.33596087,0.016699664,-0.33823842,-0.41366768,0.29595047,-0.72103721,-0.2200194,0.48359185,-0.28137746,-0.78910244,0.040248565,-0.5010184,-0.57654661,0.18659073,-0.38022491,0.099313632,-0.78764838,0.6033417,0.57080644,0.10872864,0.047785919,-1.6292344,0.56927341,-0.081250697,-0.14598303,-0.036930062,-0.54636037,0.094333231,-0.10972937,-0.58487141,1.0055392,-0.60363424,0.20280239,0.52061087,-1.526808,-0.14663683,0.22715054,-0.20051251,-0.58807838,-0.82735646,0.47383064,-0.15659621,0.30817389,0.86913085,-0.78828728,-0.36560708,0.11497799,0.10837398,0.14396238,0.30183876,0.07910721,-0.28358206,-1.2756699,-1.8274442,-0.82065278,0.26701456,0.67201954,0.18014556,-0.3577691,-0.40429109,-0.013603747,1.4947288,-0.098016612,0.1097828,-0.11907744,-0.17901829,0.97939342,0.18641505,0.31562766,1.2641675,-0.14553173,-2.3144758,-0.19760072,0.4746348,0.008659836,0.003499448,-0.74784261,-0.15675759,-1.2614026,0.25919318,-1.2295105,0.29612425,0.024472132,-0.86802608,0.1530176,0.20278694,0.52320939,-0.21966678,-0.39236712,-2.4924903,0.17667729,-0.72991306,0.001343951,-0.059798516,-0.004652843,0.51858813,0.092146128,-0.26215196,0.47413892,-1.6163008,-0.83648574,-0.36367476,0.42356429,-0.38086277,0.14472772,0.13087462,0.54510087,0.010933449,0.5134111,0.52177244,0.67893106,-0.9617871,-0.19786525,0.6159445,0.070450418,0.21398582,-0.094089195,-0.27438742,-1.2326819,-0.48340672,0.164433,-0.51939178,0.10525823,0.998469,0.37363759,-0.48104495,0.2634556,-0.47346467,0.48805878,0.48168969,-0.34048644,0.12259279,1.7358636,0.16907439,0.33361018,-0.91466171,-0.21078885,-1.8516576,1.0213246,-1.3053384,-0.030540019,-0.22271779,-1.6698967,-0.31805104,0.18059804,0.058584616,0.40417546,0.457371,0.25203791,-1.8350645,0.92963839,0.29073536,1.1298429,-0.075923406,-1.1741096,-0.15520366,-1.0587771,0.56378055,0.11717725,-1.009285,0.27682072,-1.7847047,-1.2418743,-1.4242057,-0.43601257,0.6498524,0.57763958,0.37547329,-0.84617215,0.81604874,-1.0827219,-0.23896815,0.32002351,-1.19324,-0.051097579,0.061264567,0.38637283,0.078617193,0.28593779,-0.097796962,0.44737455,0.071821332,0.61161911,-0.07726787,-0.17715961,-0.75404567,0.50542438,1.1032397,-0.55040497,0.549622,0.50488573,0.54727674,-0.62714571,0.46372825,0.36582366,-0.89915776,-0.70274585,0.19655481,-0.013147697,0.17345172,0.75223744,-0.35949457,-0.4878282,-0.50012916,0.002557077,0.41567189,-0.18308519,-0.10886821,-0.35225689,0.25830692,1.0903604,-0.97480273,0.16046074,0.37844327,-0.6263389,-0.016236216,-0.22092085,-1.3354177,-2.0947895,-0.20640992,0.73098516,-0.021637827,-0.23406275,0.70381927,0.055436701,0.51584804,0.40447941,0.006809697,-0.5677579,0.32249022,0.078622945,-0.38302168,-0.58221072,0.18036059,0.3035205,1.2569624,-1.8278383,-0.035304889,1.4299328,1.696474,0.53909487,-1.2677195,-0.30140394,-0.59274018,-0.24735051,-0.009463809,0.38694772,0.80493635,0.69955015,0.69687754,0.066335768,0.21372916,0.79976594,0.67986923,1.0616515,-1.0246629,0.28922379,0.25762585,0.11839151,-0.45120507,-0.13866886,-1.5182098,0.44427669,0.065726116,-0.32400158,-0.1400855,0.18779173,0.2182259,-0.76190686,0.31120265,-0.1711196,0.20668302,-0.061580926,0.45040911,0.97281885,0.29369542,0.11458949,0.6773054,-0.44428268,-0.037328966,-1.0349258,0.2450297,-0.80880255,0.03480801,0.55754769,-0.64347804,-0.33847633,0.4483453,0.45065719,-0.64457995,-1.1619471,0.60482121,-0.77213353,0.042028345,-1.4002891,0.31218281,-0.14844692,-0.8701306,-0.49596286,0.90364522,0.41709787,-1.8776572,-1.1769782,-0.43628234,0.056689389,0.30091926,-0.095365636,0.04371234,0.43374771,0.3492673,-0.25955489,0.25326321,0.27304491,0.33974943,-0.078064688,0.019286454,0.26616979,-1.6742312,0.031040518,0.47391686,0.066926286,0.16561547,0.62999249,0.88255006,-0.36234516,-0.88712108,-0.45327729,0.14610162,-1.8519276,0.35574895,0.54106629,0.45236796,-0.81454343,-1.276293,0.36086017,-0.45377499,0.12147678,-0.068587847,-0.03611321,0.55509567,0.18801722,0.38359493,0.46447784,0.10382099,-0.15410666,-0.34434688,-2.2521329,-0.66492158,-0.9304496,0.059417251,-0.92625767,0.044818759,-0.19186942,-0.2828891,0.23996224,0
0.50230014,0.20688739,0.17747825,0.49199647,0.47427922,0.49882933,0.47949758,0.46956122,0.47884411,0.40509868,0.46975321,0.47479799,0.47673488,0.45318085,0.48560494,0.46702105,0.46555096,0.49658036,0.48553401,0.46788985,0.45475537,0.48142272,0.47960258,0.47101223,0.4845899,0.47202197,0.49276927,0.48470297,0.4746643,0.46739399,0.46368545,0.47238445,0.46731353,0.484124,0.48690665,0.44556332,0.46087256,0.47168845,0.45325115,0.47866753,-0.74578547,0.1557496,0.23562783,0.33111015,1.2367921,1.6299272,1.2166953,0.57598007,0.67147928,1.5025203,1.3313191,1.0546734,0.36914641,-0.10196505,-0.25812784,-0.36126089,0.55052114,0.38540268,0.35169747,0.26015738,-0.49810836,-0.004263897,-0.51224661,0.30630398,-0.15028942,-0.06214074,-0.23221864,0.47056562,0.14319688,1.1940924,-0.1870573,0.24479565,-1.03337,-0.19003968,-0.008331444,0.60400265,-0.83795071,0.61766899,0.1227462,-0.69589698,-0.037963934,-0.9632135,-0.46435273,0.3186684,0.71104902,0.49943215,0.058895979,-1.4712853,0.91388345,0.13184299,-0.94656014,0.50386757,-0.021108061,0.067997441,0.66605997,0.29488391,0.24743377,-0.25621998,0.070313238,0.58231056,-0.75265193,-0.99751401,0.028558496,0.47559959,-0.30678776,0.12093812,0.028899696,-0.13929075,-0.12957305,-0.22557989,0.30510336,0.60272908,-0.16860679,-0.4574604,-0.52563232,0.009957999,0.69402766,-0.94353575,0.32218391,-1.0713018,-0.30720115,-1.5654488,-0.88762456,-0.11645276,-0.56159562,0.33468425,-0.37474826,0.225759,-0.075637847,-0.14024208,-0.68198711,-0.42442721,0.34382951,-1.0247438,-0.2124722,-0.043222174,0.072430514,0.10543624,-0.44172174,-1.4129134,0.52025121,0.42034543,0.78500789,-0.18962078,0.37231833,0.21030733,-0.00571499,-0.2318531,-0.2994557,0.13915667,-0.47999194,-0.1364231,0.36792311,-0.27673054,-0.67896837,0.082523964,-0.46865061,-0.54268062,0.1862891,-0.38419697,0.079178356,-0.67796081,0.45256996,0.60306519,0.012672048,0.28398931,-1.356708,0.48013228,-0.061838582,-0.12603296,-0.13835749,-0.50650316,-0.075843751,-0.12911662,-0.4262588,0.98124784,-0.50257581,0.10477553,0.43551365,-1.5838659,-0.15863752,0.27952743,-0.18853489,-0.40157643,-0.85280305,0.34196717,-0.039081931,0.51523268,0.33563718,-0.70353007,-0.27888048,0.11996561,0.31411326,0.19504566,0.38154882,0.10201605,0.017690115,-1.1303563,-1.3929137,-0.60925806,0.2238076,0.278777,0.12604348,-0.25504351,-0.39420876,0.053695105,1.1036891,-0.013500959,0.031500135,-0.11941978,-0.25233096,0.87225282,0.075884908,0.25635377,0.64618611,-0.15833223,-1.9644721,-0.16317096,0.62648261,-0.052376993,-0.28273994,-0.72151893,-0.083407804,-1.1531461,0.20297554,-1.1004121,0.38222247,0.033171341,-0.73935229,0.14511132,0.27301943,0.60620356,-0.21200046,0.007406399,-2.2793958,0.26593909,-0.32178044,-0.012582615,0.020543694,0.45112586,0.4123494,0.13684432,-0.19378048,0.25050753,-1.3508925,-0.74563092,-0.3590098,0.84254491,-0.36984041,0.027509093,0.17041366,0.39635894,0.000647992,0.38563484,0.34675673,0.7396602,-0.72454202,-0.18871352,1.1101017,0.30312216,0.14342028,-0.072346695,-0.25430554,-1.0274806,-0.47393584,0.17075866,-0.32549876,0.22976422,1.1310966,0.26862192,-0.48308599,0.20485203,-0.34492418,0.49084726,0.7648778,-0.3154645,0.042570822,1.225173,0.049888887,0.32141489,-0.86857796,-0.2363753,-1.764034,0.89814007,-1.3113785,-0.15595956,-0.19191396,-1.3373673,-0.26811439,0.11552329,-0.27214307,0.47397992,0.63836539,0.085205674,-1.5628848,0.83925933,0.50825793,1.2864485,0.07383468,-0.95122278,-0.1664871,-0.8126722,0.53708529,0.098850831,-0.82946974,0.49642438,-1.608866,-1.3273474,-1.183153,-0.33057603,0.35501748,0.72751284,0.30630937,-0.87468302,0.67310691,-0.9519062,-0.1907711,0.28429735,-0.94748151,0.11107535,0.025209781,0.48793495,-0.058066405,0.53777218,-0.087609343,0.37139261,0.04798495,0.54319155,0.071882442,-0.11193572,-0.71964139,0.37601304,0.88627023,-0.52952993,0.60935628,0.43899387,0.35570455,-0.57600892,0.78895456,0.20810913,-0.78155541,-0.49688745,0.079702035,0.1094185,0.11839253,0.8600657,-0.41562751,-0.48311862,-0.44008577,0.008232042,0.6003378,-0.24346524,-0.068693921,-0.33094031,0.17099261,1.5120891,-0.93955779,0.13046302,0.35900253,-0.53735656,0.044627078,0.50091565,-1.2833488,-1.6682264,-0.10801642,0.55767477,-0.017985657,-0.22167221,0.61886799,0.15017763,0.4542045,0.30144143,-0.10579288,-0.41989455,0.15649298,0.072710872,-0.30285889,-0.52457041,0.089295521,0.2022429,1.1304789,-1.362781,-0.18763287,1.2249291,1.5335603,0.35836133,-1.0515109,-0.30085889,-0.30923575,-0.12354751,0.10983194,0.2700814,0.74700576,0.49270818,0.42386481,0.20438103,0.24810079,0.70001948,0.5565424,1.1243242,-0.80380285,0.31322166,0.32294533,0.014947996,-0.29640734,-0.16139565,-1.3693435,0.32183576,0.09132646,-0.41344291,-0.25513738,0.6738379,0.26985487,-0.45826125,0.2268486,-0.15285125,0.74746323,-0.23039657,1.0878879,1.0753212,0.36375025,0.024795232,0.58944005,-0.15600932,-0.071884736,-0.84269625,0.18474737,-0.63857323,-0.063096523,0.54098952,-0.40965194,-0.55873007,0.4262535,0.31196117,-0.51522118,-1.0846505,0.606269,-0.51363462,-0.020056173,-1.2617892,0.24699785,-0.12185849,-0.67236423,-0.3956539,1.1231712,0.27536452,-1.692799,-1.0454214,-0.36858869,0.05833865,0.27736306,-0.046313364,0.13950919,0.47583073,0.18774448,-0.19901171,0.16925207,0.28035492,0.39681578,-0.067369737,-0.00209108,0.22598328,-1.3264409,0.05620335,0.60277873,-0.007062057,0.15746868,0.44640625,0.96020013,-0.40593061,-0.70355248,-0.24084197,0.13996808,-1.4974791,0.30452251,0.21218662,0.38267678,-0.68996125,-1.0549047,0.28235433,-0.21335915,0.015973955,-0.054420196,-0.036122683,0.47629285,0.11234847,0.29799408,0.5067203,0.029078003,-0.26772776,-0.4075467,-1.9324306,-0.56298995,-0.80540913,0.041471984,-0.81105429,0.093737289,-0.16289516,-0.23160914,0.11478133,0
0.44387865,0.19345789,0.20036495,0.52936876,0.51780993,0.5368458,0.53689218,0.51605129,0.53917634,0.53448474,0.53444839,0.5331971,0.53246415,0.51377118,0.54141247,0.52894926,0.5409745,0.56186205,0.54859507,0.5374943,0.54145586,0.53206086,0.53117204,0.54121578,0.55573201,0.53310031,0.53905076,0.52878928,0.5450958,0.53698486,0.53827435,0.54445702,0.53679472,0.54091156,0.54645193,0.51144493,0.52693617,0.54531193,0.52240509,0.52149671,-0.84409177,0.19068515,0.31933385,0.46094722,1.2734724,1.6288868,1.211393,0.65610015,0.74882048,1.5638998,1.2434193,1.1218889,0.33328047,-0.12894741,-0.23398975,-0.344111,0.5743686,0.31090984,0.34607145,0.28845647,-0.68147624,-0.029005779,-0.58085442,0.36925018,-0.75269151,-0.058544308,-0.21400483,0.62083429,0.18500632,1.2720042,-0.22207668,0.16160789,-1.065909,-0.22698823,-0.094081722,0.66641408,-1.0610096,0.59104991,0.20840488,-0.83334458,-0.14411807,-1.0802903,-0.53199065,0.40561831,0.66199684,0.5796991,-0.048360787,-1.7655665,0.62312412,0.080565542,-1.0149486,0.64144075,-0.019017532,0.085779026,0.57414132,-0.021255948,0.37138304,-0.2725012,0.076054558,0.52053875,-0.69672513,-0.96965092,0.007814795,0.58556968,0.029597193,0.20209503,0.19258365,-0.18851271,-0.086133711,-0.2372653,0.32839832,0.60347378,-0.18233916,-0.32055205,-0.34231964,0.1038842,0.28798252,-0.9695738,0.40202773,-0.99678296,-0.30747944,-1.7502114,-0.76180053,-0.14712557,-0.51495457,0.30879793,-0.3927272,0.1201169,-0.12046997,-0.049146116,-0.70667243,-0.61898321,0.15566581,-1.1213398,-0.10029611,-0.02909103,0.007854596,0.2874583,-0.44772956,-1.6937126,0.54244679,0.464104,0.86952066,-0.19301797,0.59850293,0.34332693,0.01528519,-0.27463421,-0.34000698,0.24627832,-0.40817904,-0.070079289,0.34542227,-0.17100099,-0.7500118,0.17262632,-0.49939916,-0.48894134,0.35984001,-0.42300835,-0.018947823,-0.73389328,0.65804929,0.60008115,0.013823891,0.012563111,-1.5185981,0.38384867,-0.054349195,-0.17137559,-0.05005591,-0.49512926,0.056095488,-0.11853606,-0.65054417,0.98137784,-0.71359259,0.096099481,0.42775032,-1.4881632,-0.11760587,0.21858671,-0.066473871,-0.33586854,-0.8794114,0.4484849,-0.030395135,0.57097352,0.90057099,-0.76089734,-0.2340326,0.037436642,0.019447468,0.21641196,0.31172279,0.15922052,-0.20296353,-1.2279838,-1.8040366,-0.72249222,0.23980814,0.70142329,0.38633248,-0.40279716,-0.35438219,0.072103046,1.3557816,-0.1127625,0.059260894,-0.29762685,-0.18243384,0.9462508,0.18122905,0.20478849,1.0847766,-0.16681263,-1.9967811,-0.063092545,0.51853061,0.022367798,-0.04823982,-0.64262807,0.13731584,-1.3386468,0.21444544,-1.3256781,0.20744316,0.1431801,-0.88557255,0.06211976,0.29616642,0.46405536,-0.19751255,-0.23584679,-2.4616463,0.29908672,-0.60950977,-0.058418833,-0.065363683,0.17150852,0.48649085,0.17453696,-0.18171312,0.48709601,-1.4032118,-0.7754156,-0.25052255,0.42963216,-0.42581534,0.19866802,0.14201525,0.3874062,0.085541233,0.39016312,0.36085391,0.80641735,-0.87557578,-0.29888108,0.54012376,-0.12565482,0.24054191,-0.031892069,-0.21554451,-1.1737826,-0.39376512,0.083245039,-0.3637895,0.36054581,1.0799816,0.37162244,-0.4604528,0.14519148,-0.33601102,0.51858503,0.53900248,-0.36539111,0.074250221,1.7210729,0.10862274,0.15926543,-0.69576532,-0.21552083,-1.84465,0.91661924,-1.3061616,-0.19311522,-0.10760675,-1.5730669,-0.31835082,0.19835287,0.056709163,0.80281234,0.50196815,0.36693168,-1.8207299,0.96488494,0.008404112,1.1306225,0.059260949,-1.1114277,0.061645284,-0.95290828,0.4934873,0.14005384,-0.82549977,0.30793351,-1.7848707,-1.239785,-1.2731735,-0.34770662,0.50216901,0.38431829,0.30586365,-0.85217655,0.79444051,-1.0112916,-0.1404998,0.26264709,-1.0469419,-0.099220045,0.040019117,0.61939168,0.08157035,0.36015782,-0.17374164,0.51460934,-0.007021068,0.48958915,-0.071999148,-0.062986895,-0.65473104,0.34488907,0.98246521,-0.49590635,0.51441705,0.42874303,0.45465493,-0.73137671,0.70861304,0.27806011,-0.74053854,-0.51355857,0.091207661,0.071382366,0.16709512,0.77708,-0.21253356,-0.52077937,-0.51854646,-0.093947455,0.50254804,-0.18529895,0.070443317,-0.29985204,0.16202213,1.1014798,-0.96962792,0.17438725,0.24947958,-0.5455972,-0.012226954,-0.19231835,-1.3111399,-1.8433813,-0.28134757,0.6865325,0.069481708,-0.15798226,0.58586836,0.19934508,0.47729284,0.26260144,-0.044825688,-0.48952466,0.22612679,0.065735243,-0.19703867,-0.53674549,0.23440704,0.13958183,1.2014242,-1.6469051,0.14167051,1.5861008,1.7712629,0.41397172,-1.3194418,-0.25094384,-0.32963556,-0.18624836,-0.039174229,0.19056216,0.79551423,0.62712812,0.5857833,0.098488681,0.23419084,0.70285183,0.6846534,1.0127362,-0.87247181,0.20365295,0.17699812,0.04430981,-0.40501022,-0.17489745,-1.6877016,0.32070574,0.009849688,-0.37503579,-0.088946782,0.26862654,0.15360588,-0.42122838,0.20195216,-0.20237957,0.35736614,-0.082271099,0.49202865,1.0315058,0.27746427,0.036329962,0.59322548,-0.11306295,0.073705629,-0.90408522,0.40421295,-0.8511976,0.060495928,0.93095386,-0.98553956,-0.34621906,0.40119082,0.25659448,-0.47296983,-1.2035573,0.55041212,-0.57676572,0.15304673,-1.5762823,0.29118896,-0.21148874,-0.63074327,-0.3591961,0.9248355,0.35996008,-1.9583911,-1.2522959,-0.3706879,-0.035063792,0.20055258,-0.037471861,0.029902037,0.52180588,0.22380096,-0.13567479,0.17822844,0.3790378,0.41923362,-0.13462323,-0.000595003,0.19124183,-1.4063776,-0.03454756,0.3697876,0.07445319,0.17589042,0.57940048,0.99872863,-0.33166561,-0.79064345,-0.43324506,0.31920698,-1.9033934,0.52530742,0.27144203,0.40762565,-0.71879888,-1.2162913,0.28471908,-0.39514536,0.17949392,0.024499547,-0.055290341,0.59915483,0.14897609,0.29427975,0.30915719,0.078876674,-0.058970816,-0.33122316,-2.1157794,-0.58361179,-0.86216146,-0.033460461,-0.82693732,0.26167557,-0.18742862,-0.2618047,0.056967229,1
0.40074354,0.15232477,0.098623693,0.39837658,0.39352173,0.40624291,0.38018396,0.3761197,0.38673568,0.38678396,0.38027984,0.36568418,0.36382693,0.34435987,0.3694326,0.34682593,0.35268784,0.37936682,0.38323188,0.33582699,0.35849619,0.37040514,0.36448783,0.34689462,0.37128872,0.36080909,0.39262909,0.36770043,0.3629213,0.37317899,0.36226219,0.36014771,0.3501437,0.34772694,0.3712149,0.32218498,0.33346975,0.34723771,0.33603889,0.35376543,-0.86312753,0.065402597,0.093342721,0.2783438,1.1439345,1.5195074,0.99672997,0.45270303,0.5490303,1.3887643,1.1985381,0.93062395,0.26294848,-0.20272475,-0.36219281,-0.39635116,0.45838702,0.28294438,0.28374869,0.17357884,-0.5552758,-0.013275517,-0.56873083,0.24837202,-0.726605,-0.002642006,-0.17490818,0.49895853,0.11084415,1.1700618,-0.1743753,0.15276322,-0.97099221,-0.21760829,0.029951904,0.41465932,-1.0003132,0.3437168,0.097258903,-0.71724004,-0.15421112,-0.95299202,-0.52326798,0.27664381,0.5788514,0.50090182,-0.078137875,-1.4497985,0.6662156,0.092311427,-0.87333566,0.5412935,-0.045666724,0.031325929,0.51482904,-0.02910557,0.23595779,-0.26569524,0.096657842,0.4738315,-0.58971393,-0.87793285,0.023463752,0.42019242,-0.14245203,0.14530407,0.1306669,-0.23589164,0.04909946,-0.26448214,0.38089153,0.49839762,-0.097235292,-0.24480246,-0.07943505,0.033169657,0.2646783,-0.82228553,0.25339857,-0.65937084,-0.38060156,-1.5090626,-0.70543969,-0.081935845,-0.43438497,0.34163016,-0.35672313,0.051479988,-0.09451291,-0.098767973,-0.5603559,-0.53146511,0.54156703,-0.83493578,-0.15031025,-0.007706091,0.051971972,0.41869017,-0.34000587,-1.2610097,0.84261119,0.38048777,0.65207928,-0.12460545,0.47534588,0.259258,0.033104826,-0.17948574,-0.16121072,0.29726726,-0.58541203,0.0198071,0.25173342,-0.13076219,-0.68104833,0.065498635,-0.36215201,-0.28216481,0.28643715,-0.33009592,0.015966937,-0.75897181,0.69312966,0.6100691,0.23869866,0.12538664,-1.3504101,0.51708329,0.007622436,-0.12771994,-0.065160148,-0.43645611,0.06820707,-0.061849665,-0.58499467,0.77596933,-0.6256122,0.067551836,0.36384416,-1.189835,-0.174907,0.18816446,0.047250479,-0.36936104,-0.69127142,0.37594891,0.014157504,0.18000737,0.73260099,-0.66849041,-0.1961256,0.045459904,0.25094599,0.16804481,0.24871764,0.13775995,-0.16468599,-1.039965,-1.4703897,-0.61824501,0.18133424,0.5821954,0.42160556,-0.30792531,-0.19325086,0.10953475,0.82302082,-0.064237997,0.069517702,-0.19843026,-0.19343409,0.85744107,0.13747901,0.2013063,0.36233747,-0.12426578,-1.6666368,-0.10015428,0.7205416,-0.0193948,-0.094236836,-0.59468818,0.148341,-1.1388927,0.094615027,-0.87789649,0.005167663,0.11554629,-0.70528114,-0.001841028,0.14977579,0.36209321,-0.13293526,0.10204723,-2.1078944,0.22108194,-0.43884706,-0.042709984,-0.12918147,0.1044611,0.34097779,0.064803183,-0.19564629,0.27084494,-1.2040011,-0.70471746,-0.34483951,0.4021723,-0.35610953,0.064163908,0.19925013,0.36695153,0.094139382,0.31605476,0.3969723,0.65951931,-0.72138298,-0.36932153,0.57841235,0.034942437,0.18032147,-0.016948691,-0.20732163,-1.1187074,-0.4346922,0.06138017,-0.37974888,0.43409139,0.90293592,0.26719737,-0.41001302,0.23831487,-0.32141861,0.70517743,0.56344736,-0.36391789,0.053044435,1.4788586,0.31752813,0.12787072,-0.6742751,-0.19888303,-1.5964019,0.75678438,-0.95761555,-0.10733561,-0.25227299,-1.1419213,-0.28321224,0.14022392,0.21579984,0.83857703,0.59740537,0.18945006,-1.6287112,0.77023721,0.27576733,1.0142691,0.10184599,-0.97763151,-0.063979402,-0.74877685,0.4079825,0.32008806,-0.68794715,0.30708346,-1.3592308,-1.2838869,-1.0993305,-0.40555876,0.46807599,0.5767417,0.20326684,-0.73123962,0.68412322,-0.79404056,-0.04067862,0.21480989,-0.7883873,-0.068800084,0.002371244,0.39379838,-0.13254726,0.36392257,-0.080503233,0.48866794,0.044379171,0.3006202,0.084976338,-0.035012782,-0.57559639,0.2946811,0.89814407,-0.32173383,0.62546742,0.42992258,0.54293019,-0.55947083,0.66337061,0.30910793,-0.60705018,-0.52396184,0.048398372,0.004815169,0.059951872,0.70488697,-0.21287408,-0.39305735,-0.46393526,0.022192305,0.56698495,-0.22192417,0.26341701,-0.20796993,0.049228266,0.88030118,-0.87311453,0.0774239,0.25729725,-0.45858821,0.062564798,0.15691862,-1.0819043,-1.5811743,-0.36522734,0.46448219,0.033801988,-0.071204275,0.56569284,0.12838259,0.47584987,0.15843292,-0.12151925,-0.33346951,0.1175205,0.20002535,-0.13128774,-0.17081149,0.12562291,0.10730602,0.97310305,-1.2651001,-0.1485683,1.1813688,1.3476496,0.29933411,-1.1370796,-0.128319,-0.33640933,-0.13918521,0.024208622,0.21888086,0.68979496,0.66050005,0.29871476,0.19771096,0.13755596,0.65012521,0.63860351,0.78498894,-0.64388096,0.26642674,0.29700604,0.06905321,-0.29355681,-0.1282834,-1.3396128,0.24150847,-0.071011648,-0.29040155,-0.15684348,0.61994416,0.10782192,-0.53247136,0.13187496,-0.25324804,0.51657581,0.007975631,0.48713362,0.8524608,0.29078251,-0.025423722,0.53136313,0.69857323,0.24233522,-0.82469308,0.23099746,-0.61700028,0.053404711,0.61757839,-0.721744,-0.30939472,0.36865458,0.29633856,-0.41101608,-0.97838438,0.4770546,-0.51266319,0.044423077,-1.4102143,0.23543708,-0.26292688,-0.49937844,-0.35721043,0.88914686,0.31496805,-1.4658408,-0.95555514,-0.31309557,-0.008402527,0.17886469,-0.013079293,0.034373753,0.32225367,0.17113802,-0.19198892,0.18879661,0.30930117,0.31458834,0.1706837,-0.11820424,0.21183692,-1.1826607,0.000263405,0.19150525,0.027974594,0.15005751,0.53342175,0.81511486,-0.29113579,-0.67761976,-0.25723276,0.045685686,-1.537802,0.31377259,0.33026469,0.27933052,-0.5044077,-0.99169892,0.30071589,-0.48135865,0.048189878,-0.00897494,-0.13314451,0.25808555,0.08003962,0.30760276,0.29070601,0.006410604,0.045907162,-0.35556751,-1.8111283,-0.67798072,-0.72487015,0.065887548,-0.61325312,-0.011246845,-0.11771248,-0.21355271,0.03532289,1
0.46426293,0.22161986,0.21371347,0.51650178,0.5063411,0.54065347,0.51913208,0.50001085,0.51001805,0.52068424,0.51340431,0.52162147,0.52859145,0.49648732,0.52859062,0.51310658,0.51880336,0.53855616,0.52175713,0.51001269,0.50729734,0.5184136,0.51175356,0.50542635,0.52119076,0.5110485,0.52012658,0.50770861,0.5199616,0.51440889,0.51858681,0.51305091,0.51561034,0.50922215,0.52182382,0.49732229,0.49847633,0.52521777,0.49774492,0.50944912,-0.81892598,0.19143659,0.29855514,0.42236215,1.2468634,1.5876462,1.1905243,0.61424947,0.72260195,1.5274736,1.2750765,1.08751,0.30347788,-0.12654635,-0.33409721,-0.32587862,0.59946668,0.34485751,0.33465418,0.27586195,-0.33887342,-0.001580495,-0.54005384,0.40819892,-0.75000763,-0.11822002,-0.16424879,0.57725024,0.11254399,1.2774146,0.38643211,0.16991328,-1.0764128,-0.21437432,-0.026888333,0.85764945,-1.022192,0.56165725,0.17026487,-0.80904901,-0.14369868,-0.97361094,-0.48210767,0.31744879,0.80426198,0.63471663,-0.033738181,-1.5444463,0.63128781,0.10929852,-0.9677161,0.78455198,-0.003607325,0.07367494,0.60272056,-0.10497119,0.32405856,-0.26790535,0.10586452,0.56299883,-0.72939193,-0.94139719,0.036337048,0.54651982,-0.26001722,0.16210704,0.20882338,-0.18249296,-0.16682363,-0.21448663,0.33887058,0.49750331,-0.18436822,-0.32062796,-0.17436299,0.10560371,0.24237809,-1.0048463,0.39575857,-1.1280982,-0.32286081,-1.6328205,-0.84111851,-0.20182279,-0.45096073,0.27058572,-0.26696312,0.044722158,-0.091797724,-0.23228616,-0.78003073,-0.60514212,0.20384374,-1.0337299,-0.24215715,-0.02898635,0.036221772,0.36798838,-0.38274547,-1.6108651,0.7313745,0.42575315,0.78338116,-0.19154376,0.55556339,0.44865954,0.002485544,-0.34614164,-0.22305214,0.28839856,-0.60317576,0.032882348,0.37683856,-0.2229802,-0.73945498,0.12788524,-0.43985263,-0.27280986,0.31607664,-0.31563568,0.037265968,-0.75416976,0.74366498,0.73209202,0.20417853,-0.031075429,-1.4338844,0.4366802,-0.00708383,-0.13248512,-0.11451222,-0.49846673,0.078608505,-0.15160877,-0.58489448,0.95395195,-0.70407474,0.10166623,0.40916651,-1.4349532,-0.10999864,0.14682651,-0.10465024,-0.27939039,-0.82337844,0.30960512,0.002348766,0.4883391,0.62928444,-0.82146955,-0.23674612,-0.010574292,-0.013929056,0.13779461,0.33610404,0.1845772,-0.20501792,-1.1461322,-1.6203986,-0.64093268,0.25218594,0.68389839,0.43636775,-0.34083137,-0.36392152,0.013817504,1.110929,0.013525479,0.076695599,-0.25589728,-0.24622968,0.89516598,0.12230852,0.23111749,0.56467897,-0.12258558,-1.9486605,-0.051407356,0.46009424,0.025318727,0.073945813,-0.67549932,0.10972165,-1.2742805,0.18147174,-1.0943365,0.25606102,0.16765141,-0.81111264,0.082329743,0.10860959,0.47271091,-0.24915597,-0.27633512,-2.3999069,0.28564972,-0.48615155,-0.058639668,-0.093632489,0.10846472,0.46562618,0.075355209,-0.18534702,0.53103995,-1.4097772,-0.71051067,-0.37883335,0.52541155,-0.43467766,0.02641841,0.21463647,0.39537075,0.012164974,0.41848505,0.44642866,0.75973499,-0.75772643,-0.27894455,0.10250506,-0.005156297,0.17311728,-0.060154784,-0.29738751,-1.1195958,-0.42768508,0.085405342,-0.11087447,0.43336239,1.0603045,0.34805638,-0.45975542,0.169875,-0.28640381,0.57811922,0.51191187,-0.28679645,0.11237936,1.6978418,0.13097319,0.13319422,-0.49905977,-0.17693743,-1.8859532,0.92696118,-1.022813,-0.22840978,-0.20120607,-1.3684658,-0.32951379,0.17593327,0.29942954,0.58714092,0.40442005,0.29950091,-1.7291639,0.92609179,0.062774532,1.160566,0.090197459,-1.1020206,-0.007409036,-0.87494111,0.51115745,0.26901653,-0.85354114,0.3091087,-1.7133317,-1.4516344,-1.2279387,-0.33476543,0.44113404,0.34932655,0.30225608,-0.93531293,0.79818463,-0.9291901,-0.064555041,0.26903793,-1.0417297,-0.098699339,0.012214169,0.51313818,-0.031700861,0.36635539,-0.14953363,0.52731925,0.018836312,0.41611814,0.005934207,-0.10321853,-0.94487882,0.38656178,1.0687586,-0.47961062,0.58120722,0.4550271,0.47893173,-0.6368466,0.72028381,0.24685621,-0.67979455,-0.57923412,0.07515876,0.065994188,0.048201412,0.78371876,-0.23971245,-0.51766521,-0.50095183,-0.073434055,0.63674659,-0.128189,0.14325637,-0.29480606,0.17607652,1.0361912,-0.93776119,0.13783419,0.24141261,-0.50210959,0.051931448,0.063722402,-1.1971438,-1.7733939,-0.20734607,0.66494358,0.072387725,-0.1541616,0.66637683,0.097047977,0.48111024,0.25068909,-0.02169238,-0.53382075,0.21752159,0.083328024,-0.20323929,-0.39363682,0.27027896,0.14911504,1.1894686,-1.5243571,-0.078652591,1.3974663,1.5840888,0.31216818,-1.220754,-0.2181361,-0.51519817,-0.17397213,0.029912792,0.1882292,0.78787339,0.54107338,0.36835951,0.14003435,0.23338562,0.70689309,0.60772127,0.96467662,-0.86346149,0.21630946,0.222708,0.083205886,-0.28506392,-0.15057901,-1.5642999,0.31511524,0.033053838,-0.3911311,-0.10114353,0.41209292,0.17877124,-0.56878495,0.18857896,-0.23881242,0.29599196,-0.065879278,0.50074869,0.96633321,0.35251781,0.041669503,0.59461468,-0.13653962,0.14414524,-0.87124848,0.25500011,-0.70472217,-0.021979488,0.65385425,-0.94497842,-0.32145309,0.45630732,0.34416232,-0.51973617,-1.1282462,0.50341314,-0.63816744,-0.062504262,-1.5744631,0.27450138,-0.26237315,-0.63495243,-0.41406518,0.97956163,0.31381315,-1.7401434,-1.1029392,-0.37239921,-0.002919728,0.23425098,-0.086931475,0.048705578,0.48924559,0.19179848,-0.15690048,0.26281044,0.32986966,0.36864704,-0.041207168,-0.15774982,0.49349841,-1.3525723,0.000594936,0.2509439,0.061985623,0.21072337,0.553846,0.965581,-0.36467153,-0.82866257,-0.39973253,0.19730389,-1.6713792,0.39638835,0.25373799,0.37701109,-0.63444918,-1.1749305,0.28851169,-0.41751391,0.2204549,-0.032931469,-0.071431898,0.43173751,0.12192445,0.27419552,0.19656427,0.043894775,-0.15630797,-0.33120379,-1.9666028,-0.60879129,-0.83746535,0.045721263,-0.89654875,0.11705804,-0.042793468,-0.21278837,0.084989935,1
0.54492015,0.26940113,0.27969211,0.58063138,0.57911688,0.60516471,0.59587437,0.56828558,0.60592765,0.59326035,0.59856528,0.59081054,0.60513973,0.57273436,0.60290074,0.57961237,0.60837388,0.61288309,0.59634829,0.60643613,0.59071869,0.58409321,0.59220171,0.58610046,0.60818619,0.58172721,0.58461058,0.57843602,0.60949945,0.58733535,0.58396864,0.59302902,0.57967883,0.59180915,0.59462333,0.57883692,0.58853078,0.60838199,0.58083814,0.57744277,-0.82295811,0.25942892,0.4260155,0.49673539,1.3512504,1.7058063,1.3280604,0.74207556,0.85448146,1.6551012,1.3639317,1.2123376,0.31594568,-0.19469053,-0.24598607,-0.2636703,0.56321895,0.33572444,0.38903716,0.3181954,-0.60478193,-0.023974169,-0.49528462,0.34326631,-0.84135497,0.12943488,-0.20434211,0.72798961,0.42721626,1.368183,-0.15836951,0.20413163,-1.1791629,-0.24281661,0.014790271,0.56072891,-1.09764,0.50390613,0.24890257,-0.85591179,-0.11872767,-1.0280236,-0.56289119,0.36498889,0.60788721,0.64769298,-0.016355982,-1.7931751,0.63545591,0.11509136,-1.0251322,0.80445069,0.027106127,0.004006758,0.57439309,-0.034854103,0.27149332,-0.45201945,0.076481014,0.50961423,-0.67982048,-1.1603175,0.065903671,0.58963728,-0.28577834,0.18709274,0.1270906,-0.21908265,-0.11344042,-0.29464558,0.38732505,0.82677484,-0.2097052,-0.4086358,-0.34510416,0.48717219,0.20540115,-0.94947106,0.4138788,-1.0934602,-0.37101388,-1.8196435,-1.1418579,-0.10771675,-0.42770478,0.2799705,-0.35559896,0.24812301,-0.18515933,-0.19800362,-0.82249212,-0.45478001,-0.09379334,-1.2239985,-0.093994215,-0.11541743,0.082899228,0.5162856,-0.49045295,-1.8934212,0.22738972,0.48936939,0.84414434,-0.13666245,0.61946702,0.36958712,0.030659169,-0.49271584,-0.22431764,0.20177326,-0.3716467,-0.13282993,0.33876517,-0.33131671,-0.92817581,0.033986267,-0.58041209,-0.66921878,0.41449377,-0.53283948,-0.036040813,-0.71603221,0.72421467,0.66621679,-0.061888859,0.067427702,-1.7462187,0.62144613,-0.056382898,-0.10431031,-0.030072344,-0.54489636,-0.052563302,-0.13624728,-0.69837499,0.98308533,-0.75442678,0.097407758,0.39532724,-1.6855218,-0.14392509,0.29513678,-0.039320521,-0.47453868,-0.90500998,0.42406213,0.15068173,0.50795007,0.60721469,-0.78331345,-0.28200227,0.029815106,0.060634501,0.1292057,0.39727572,0.17315301,-0.26225787,-1.3028039,-1.7913142,-0.69644707,0.27451974,0.59726584,0.34606707,-0.48608309,-0.35878783,0.085570313,1.8114618,-0.11709017,0.064052738,-0.39347655,-0.30779821,1.0567917,0.15580826,0.25154743,1.0788928,-0.073079214,-2.2295747,-0.063027255,0.4174754,-0.057583276,-0.036448732,-0.83405656,0.25645146,-1.6334451,0.24774423,-1.4570851,0.45323342,-0.041523434,-0.84944057,-0.018202089,0.32394001,0.64279962,-0.2235076,-0.35821772,-2.7484038,0.33405229,-0.79591686,-0.062276766,-0.093547061,0.21704677,0.72267795,0.091428153,-0.2255066,0.62470502,-1.6941257,-0.85444498,-0.36038652,0.46553987,-0.46432886,0.17937884,0.24158016,0.45804453,0.10082042,0.44333172,0.47637415,0.9804697,-0.99139267,-0.35152307,0.57513732,0.0835426,0.31446129,-0.076008856,-0.24372296,-1.2734885,-0.47721326,0.098514102,-0.39828789,0.48839208,1.1290952,0.37529913,-0.45294413,0.16819352,-0.38315746,0.6461066,0.53163654,-0.46444532,0.13184473,1.8134501,0.13700955,0.19256431,-0.92038667,-0.078199729,-2.1207888,1.0960007,-1.4884079,-0.2067358,-0.28336638,-1.7666484,-0.21841143,0.35366499,-0.054067895,0.69855392,0.56285107,0.24446321,-2.0683138,1.1122375,0.000237119,1.1730268,0.03802238,-1.1421225,0.025369063,-0.96013486,0.57181203,0.27312315,-0.8082875,0.31378394,-2.0176067,-1.6437516,-1.4109735,-0.40252954,0.51542842,0.14867643,0.30284935,-1.1440516,0.80539429,-1.2503841,-0.063563675,0.27202556,-1.1964924,-0.025586275,0.036766157,0.67866522,0.090183154,0.17269348,-0.15135172,0.60864162,0.014527365,1.0672636,-0.029861402,-0.12099124,-0.76592016,0.3466976,1.0122678,-0.66618693,0.60163081,0.46101555,0.67487597,-0.66760504,0.76847231,0.35599944,-1.0440729,-0.49002302,0.089920662,0.21335179,0.18131547,0.71638507,-0.2988767,-0.53061897,-0.53785384,-0.02839018,0.63722563,-0.12209915,0.18786687,-0.28708869,0.16108339,1.1528479,-1.1484178,0.14341483,0.26684523,-0.61030763,-0.053583696,-0.29592806,-1.6467859,-2.0580564,-0.031048998,0.66157103,0.022719026,-0.16780677,0.77555579,0.22630043,0.46452025,0.22731791,-0.19647472,-0.70938623,0.21754774,0.064337507,-0.077475131,-0.47495902,0.26188016,0.14238723,1.1611522,-1.8121884,0.005777672,1.5944241,1.5758017,0.39746174,-1.5199072,-0.23623556,-0.54472315,-0.13901672,-0.009273386,0.38909936,0.8743701,0.79105246,0.37624222,0.23210698,0.14287966,0.74092841,0.77451569,0.93278337,-1.0385878,0.21306255,0.29510304,-0.000936791,-0.39197373,-0.1901391,-1.9251124,0.33897579,0.068770736,-0.39303344,-0.11796334,0.25938016,0.18111145,-0.70644993,0.36552176,-0.19145392,-0.060584135,-0.11959971,0.47813088,1.0712379,0.38746309,0.086644061,0.66513431,-0.24443743,0.028379377,-1.051015,0.40062886,-0.67538691,0.073833242,0.88960004,-1.1316538,-0.55069894,0.40414134,0.43635574,-0.76629996,-1.3096895,0.56889647,-0.58672059,0.035683837,-1.6978681,0.35985535,-0.15696657,-0.56939256,-0.44019911,0.93672413,0.38053563,-2.1216354,-1.3824499,-0.38102758,-0.011187037,0.24955489,0.014972301,0.009460578,0.57296604,0.22332925,-0.080403768,0.18408494,0.35609922,0.54350376,-0.11030654,0.16553481,0.16050759,-1.5594212,-0.009829922,0.43645766,0.052757628,0.24315172,0.71730894,0.9913348,-0.47201994,-0.8416627,-0.41834027,-0.077791445,-2.2007556,0.34140906,0.17703676,0.44576895,-0.76906043,-1.2623568,0.33608186,-0.63357162,0.086905614,-0.009066071,-0.054943264,0.80864352,0.15278499,0.32590416,0.47744587,0.020350024,-0.080634579,-0.52147007,-2.3844945,-0.71820921,-0.96435618,0.006723613,-1.0140353,0.21156721,-0.18018498,-0.30545512,0.044321038,1
0.53661656,0.28587317,0.27083755,0.56695187,0.55706972,0.59144962,0.56667596,0.55503058,0.57070994,0.56929374,0.56068796,0.57306206,0.56578189,0.54871321,0.5811587,0.55961674,0.56412089,0.59404671,0.57401013,0.54668897,0.5557524,0.56238854,0.55604529,0.56467557,0.56960189,0.56522441,0.56473798,0.55768895,0.57356727,0.56536818,0.56624103,0.56329894,0.5549233,0.55148405,0.55309832,0.55558747,0.53903484,0.55800724,0.54519093,0.55606627,-0.917678,0.26933241,0.26961303,0.38686988,1.240665,1.6255946,1.1803868,0.58895731,0.70835572,1.5137155,1.2903644,1.0672183,0.27609947,-0.20612635,-0.25235766,-0.3158358,0.58220124,0.31484556,0.33201155,0.29388392,-0.11454052,0.046703495,-0.66438496,0.40893859,-0.8722738,-0.075470909,-0.17081748,0.57577199,0.21060702,1.3922586,-0.16395757,0.13561733,-1.1464957,-0.26548624,-0.015645584,0.73115385,-1.146098,0.51164925,0.19746348,-0.79579359,-0.15150282,-1.0062809,-0.63181961,0.28741905,0.71775377,0.57789767,-0.023925457,-1.6269774,0.56916916,0.1283434,-0.95986593,0.85952604,0.017872861,-0.007043053,0.46215871,-0.10115531,0.32885551,-0.25565726,0.037298929,0.53289402,-0.63402039,-1.0138376,0.023082707,0.5072521,-0.2298,0.1138546,0.21335162,-0.2085294,-0.085359275,-0.31990433,0.508573,0.67796338,-0.19059208,-0.29047197,-0.037804693,0.001712769,0.13821423,-0.90635616,0.33335885,-1.0473638,-0.39496559,-1.7648305,-0.77866775,-0.097395748,-0.40064082,0.29669601,-0.37076542,0.12127229,-0.12120806,-0.11333542,-0.57909119,-0.62555993,-0.014468722,-1.0064273,-0.043580092,-0.019269273,0.11764769,0.50849521,-0.40380344,-1.4545673,0.24428849,0.43858176,0.70953822,-0.092045158,0.61059052,0.40515485,-4.70E-05,-0.64329273,-0.22045371,0.21564017,-0.43969429,-0.11799924,0.33144504,-0.18252562,-0.79904538,0.13323969,-0.39065969,-0.41520372,0.3189877,-0.30909869,-0.021201758,-0.77619088,0.72654593,0.60535961,0.13496612,0.035888538,-1.5088723,0.52715927,0.012929369,-0.15165654,-0.04131927,-0.48280281,0.035472091,-0.14166535,-0.70264328,0.80558944,-0.66143405,0.10016818,0.31985837,-1.4289997,-0.10027223,0.27732158,-0.005287066,-0.30761686,-0.75028962,0.41704446,0.17281412,0.47057271,0.68361223,-0.73230839,-0.40785408,0.024467079,0.071301796,0.22221999,0.29832152,0.15486786,-0.20375642,-1.126894,-1.6426911,-0.68771183,0.23792122,0.67470795,0.49310169,-0.49074572,-0.33600655,0.05907321,1.217909,-0.25206906,0.028781136,-0.2167854,-0.22012925,0.92586988,0.13671637,0.23988847,0.64087605,-0.1410327,-2.1191885,-0.14896949,0.51686954,-0.047620326,0.005022641,-0.61064631,0.23328403,-1.3443075,0.14610106,-1.0790397,0.16788532,0.18718797,-0.82358932,0.004960377,0.14527223,0.35245267,-0.26938301,-0.47835475,-2.3509817,0.23577473,-0.5985359,-0.045107856,-0.072148271,-0.076959297,0.50194871,0.077950396,-0.26715049,0.6578449,-1.3677353,-0.81029975,-0.37346876,0.48883346,-0.50494188,0.24165182,0.14159778,0.38584697,0.068167537,0.40154326,0.43205842,0.67044574,-0.8454321,-0.33038855,0.50331998,-0.01305338,0.23441131,0.006673804,-0.27143404,-1.2498288,-0.50961637,0.06070555,-0.34692079,0.49590296,0.96335661,0.37272814,-0.55687708,0.084428966,-0.32533932,0.64358962,0.49845496,-0.32139343,0.10029482,1.5344434,0.11883956,0.19650462,-0.78012073,-0.14231344,-1.8398356,0.94078946,-1.1364788,-0.1030243,-0.19051705,-1.4405975,-0.23117456,0.16149895,0.13945684,1.0315735,0.49600971,0.1412726,-1.879784,0.85647064,0.001248481,1.0546128,0.07730715,-1.1033592,0.01945854,-0.86385721,0.45668352,0.28952426,-0.81357503,0.23454735,-1.5556657,-1.4219481,-1.2355084,-0.45201927,0.71549809,0.36284417,0.24724469,-0.84450006,0.75779414,-0.94532591,0.010876,0.21166804,-0.99307728,-0.064944394,0.039513219,0.48552161,0.099714011,0.33324814,-0.092837818,0.35958648,0.007081797,0.53886753,0.023211971,-0.030067109,-0.70501351,0.37090245,1.0424864,-0.44033492,0.48329911,0.46126938,0.57051766,-0.60529768,0.56640816,0.30819842,-0.73374444,-0.5479793,0.066542543,0.094861373,0.1073585,0.66880941,-0.22727662,-0.45929566,-0.56935245,-0.070425317,0.6071372,-0.11446871,0.38932735,-0.25326231,0.14167221,0.96200728,-1.0246977,0.14732328,0.27856296,-0.57379693,-0.018762171,-0.20919102,-1.2579337,-1.7930419,-0.24561888,0.61882734,-0.041553944,-0.10165121,0.70885098,0.16976207,0.49785432,0.20378552,-0.2444694,-0.33535978,0.19439037,0.10502181,-0.076192327,-0.57013977,0.27037814,0.17740947,0.95656085,-1.5800828,0.01428494,1.4605904,1.356407,0.38312206,-1.3414602,-0.18441084,-0.30937335,-0.14964209,-0.10444991,0.24062105,0.6459645,0.75018775,0.28920084,0.14949393,0.15866776,0.77299696,0.74179661,0.8023212,-0.79924494,0.23624167,0.20108934,0.17955497,-0.4260295,-0.15207662,-1.6908988,0.29630119,0.001024067,-0.30464834,0.012954168,0.31638497,0.29229289,-0.4973686,0.25868589,-0.27006307,0.14477265,0.12348854,0.3285152,0.9378193,0.41766486,0.00986287,0.5851475,-0.28014499,0.091980793,-0.92988688,0.29331413,-0.76260674,-0.010387257,0.93808323,-1.0016001,-0.41635808,0.47582042,0.35032123,-0.41298643,-1.0544264,0.41410708,-0.62469941,0.045679141,-1.5808407,0.28740895,-0.22842082,-0.6612193,-0.25120348,0.85027587,0.38916326,-1.6457291,-1.0901185,-0.37142083,-0.002914119,0.22112218,-0.027764281,0.00418642,0.47644478,0.22815698,-0.17551884,0.29473022,0.3550092,0.45008537,-0.1323697,-0.20875528,0.36922532,-1.312623,0.009732576,0.21340719,0.051947139,0.26653633,0.64056075,0.91490328,-0.45423484,-0.77036446,-0.36896348,0.005186133,-1.8884706,0.37852067,0.35800475,0.37054709,-0.61073536,-1.1065954,0.36318457,-0.5602026,0.088691406,-0.071195692,-0.21477671,0.38793713,0.091920942,0.2826798,0.32953227,0.046654101,-0.070283838,-0.40130642,-2.0993688,-0.67178214,-0.70417088,-0.056762978,-0.75044572,0.14387594,-0.14604554,-0.32895517,0.067034423,1
0.5661509,0.30524677,0.26484415,0.55577409,0.54536986,0.57870132,0.55620193,0.53687787,0.54356641,0.56187928,0.53748286,0.54989648,0.54526114,0.52358264,0.55153883,0.53937471,0.5268783,0.57481939,0.56546474,0.51483768,0.52907372,0.55150753,0.54478896,0.53053164,0.56161296,0.55435932,0.5673492,0.55507743,0.55500871,0.5599829,0.55067706,0.55792403,0.53669059,0.53286368,0.55504322,0.52390838,0.52729583,0.54800111,0.52866369,0.53855979,-1.0232337,0.20262492,0.69927531,0.73941398,1.619787,1.8602799,1.6191127,1.007727,1.1611265,1.9172754,1.6798422,1.4933096,0.29966685,-0.1678587,-0.39669815,-0.40271381,0.54263139,0.43018097,0.46544361,0.31457576,-0.51691282,0.05353776,-0.72999477,0.60362273,-0.53344738,-0.067167118,-0.22274752,0.9398514,0.10215668,1.7640318,-0.17055209,0.17744684,-1.3300081,-0.19861744,-0.011535622,0.63956058,-1.1839654,0.56601954,0.26201254,-0.92662591,0.031184316,-0.97454631,-0.61221176,0.43768397,0.64224559,1.0191658,0.014304365,-1.9919107,0.94754124,0.1890091,-1.084196,1.1388595,0.063250557,0.10912139,0.59595901,-0.097847976,0.41014254,-1.1173592,0.039611761,0.57024777,-0.73960817,-1.1970655,0.086192109,0.79928607,-0.53316283,0.31093264,0.15724891,-0.16814105,-0.030563444,-0.27864701,0.33265293,0.67845547,-0.27596253,-0.54925358,-0.38391888,0.18030855,0.51898313,-1.1631786,0.50100303,-1.1153896,-0.49601418,-2.0552166,-1.6867576,-0.19209304,-0.45084864,0.16491315,-0.39453501,0.12728703,-0.12696004,-0.824835,-0.86240685,-0.65790462,0.58232063,-1.2905903,-0.55482107,-0.3688907,0.052187279,0.38756564,-0.55171305,-1.9956951,1.0100372,0.51215035,1.0744052,-0.28606963,0.61286283,0.43714911,0.069135457,-0.11186776,-0.26948214,0.16188692,-0.83556128,0.069785863,0.34565878,-0.35961193,-0.83448267,0.16788569,-0.65702367,-1.3044884,0.37460354,-1.1558549,0.016507942,-0.81813347,0.76419961,1.0107701,-0.28407335,0.1009593,-1.8484583,0.83017576,-0.032923736,-0.045999102,-0.046577401,-0.69657743,-0.041136682,-0.1535635,-0.66526085,1.359338,-0.81305063,0.1160648,0.45681679,-2.464107,-0.15699796,0.30187672,-0.042282291,-0.71489435,-1.5090497,0.13836229,0.23641521,0.708781,0.71470761,-0.88967299,-0.26388174,0.071484298,0.01924826,0.26039997,0.36038849,0.09504655,-0.061438505,-1.4846852,-1.9705987,-0.75970924,0.46990281,0.7096163,0.44058734,-0.37072712,-0.40921146,0.067489967,1.4179988,-0.10331246,0.075955719,-0.67869127,-0.36627853,1.3655314,0.13341516,0.3054283,2.0270307,-0.28251648,-2.5714555,-0.043647461,0.89575887,-0.010123091,-0.005975086,-1.4329288,0.27300721,-2.0844867,0.22818941,-1.5295326,0.39912185,0.03672098,-0.9254024,-0.035646167,0.045305163,0.75950307,-0.23635788,-0.17235267,-3.3334227,0.54656124,-0.686387,-0.0872401,-0.18338637,0.2854571,0.54973727,0.27661431,-0.12625366,0.83907008,-2.6001461,-1.0858442,-0.27618581,0.84111071,-0.42230842,0.21571472,0.17969795,0.43612167,0.031390116,0.39428866,0.39637503,0.79666001,-1.1227043,-0.45588246,0.92300338,-0.037041806,0.26102749,-0.3577911,-0.050190859,-1.4380271,-0.53044456,0.1213389,-0.22922859,0.52564472,1.3645365,0.43906063,-0.47084597,0.12588817,-0.42692274,0.97271883,0.65509671,-0.45969808,0.12909421,1.8705812,0.26062751,0.34038565,-1.3234708,-0.24752623,-2.4025674,1.0816672,-1.7975721,-0.5283742,-0.082965903,-0.85770774,-0.44764629,0.22873667,0.41640741,1.1060157,0.67734694,0.70303845,-2.2483957,1.1570163,0.11095531,1.532065,0.18626282,-1.1057163,0.085663706,-1.1478336,1.1699286,0.38859177,-0.9296214,0.59035379,-2.7500873,-1.8296623,-1.4775894,-0.4387095,0.8414619,0.83379138,0.36263976,-1.4200822,0.73258543,-1.5580387,-0.054539762,0.48959151,-1.2545907,-0.099336445,0.12488554,0.68727386,-0.35242265,0.49667946,-0.2615658,0.67611861,0.034382567,0.63525879,-0.11722337,-0.088215008,-1.2333152,0.40005684,1.1884409,-0.60848904,0.84774673,0.5265134,0.43370491,-0.81077719,0.92551696,0.20931304,-1.7959421,-0.6014474,0.10381716,0.11337914,0.053626373,0.9902494,-0.25648224,-0.56446004,-0.62557614,-0.023007596,0.89735365,-0.070825845,0.059810434,-0.43406069,0.19126639,1.3431708,-1.8383822,0.1702162,0.38046369,-0.79897904,0.13632959,0.025865413,-2.0052772,-2.3458745,-0.16898513,0.77810073,0.10587209,-0.17298988,1.0078061,0.22123125,0.54196537,0.21755055,-0.22728325,-1.2905575,0.26205617,0.25505233,-0.20046528,-0.12881008,0.25421941,0.17782702,1.5715775,-1.7356848,-0.020545647,1.8844442,1.843725,0.42163622,-1.5117012,-0.35413906,-1.0527841,-0.27336007,0.17530094,0.35980439,1.1848726,0.90255737,0.56872976,0.37172523,0.28977787,0.84120917,0.69267792,1.2747523,-0.97767937,0.33793846,0.40663117,-0.67570686,-0.31729269,-0.19592905,-1.7532799,0.36522824,0.16848296,-0.49867621,-0.15679583,0.75691271,0.34441859,-0.43719989,0.46522802,-0.26972243,0.6711567,-0.67089581,0.85449445,1.1509842,0.40663075,-0.006108007,0.68176228,-0.06093739,-0.097906061,-1.1242515,0.42503619,-0.86261058,0.15323585,0.90024281,-0.90470171,-1.0111208,0.47318262,0.3762908,-0.99852717,-1.5994332,0.75978827,-0.66374677,-0.28039771,-1.7092549,0.3618781,-0.20696124,-0.80718297,-0.56977576,1.5631094,0.27628189,-2.2897019,-1.5864589,-0.48445117,0.019912466,0.42288667,-0.058336232,-0.034058295,0.61297536,0.2706852,-0.18105358,0.11741073,0.43824658,0.41628739,-0.027691871,-0.34129745,0.30431274,-1.4929867,0.035407696,0.50561857,0.21606141,0.20830695,0.7314409,1.5254157,-0.55455965,-0.89886105,-0.50917333,0.23140335,-2.1096134,0.319179,0.009872645,0.46395904,-0.82634038,-1.679204,0.3622506,-0.41515261,0.50354958,0.008941881,-0.019791387,0.41957322,0.1114356,0.36225277,0.48586529,-0.017974544,-0.27458817,-0.88277006,-2.3939226,-0.74740887,-1.9373944,-0.054000966,-1.3133624,0.32040513,-0.16656429,-0.34337908,0.079617366,1
0.61111969,0.35988274,0.32359198,0.59425491,0.58018792,0.6222471,0.59190416,0.57303548,0.58094221,0.59846008,0.5720036,0.58681786,0.57564223,0.55685991,0.58803439,0.58169824,0.56883168,0.61670697,0.59969783,0.54065859,0.5586369,0.5958246,0.5726009,0.56351566,0.5946306,0.5856868,0.59760571,0.59113228,0.5797416,0.5956316,0.580908,0.58888716,0.56735396,0.55767411,0.58637953,0.55290395,0.54817444,0.56865084,0.55314302,0.56278384,-1.147769,0.27849528,0.68205166,0.65986037,1.557035,1.8932881,1.5978888,0.97010863,1.1295973,1.8784723,1.6136522,1.4599929,0.47110444,-0.22142944,-0.33650869,-0.36089987,0.88390946,0.49499661,0.46228665,0.41676331,-0.42021161,-0.030944705,-0.67543995,0.45367843,-0.81795222,-0.055684492,-0.23899308,0.78984797,0.25961551,1.4809853,-0.25812602,0.30112904,-1.4446001,-0.20686424,-0.17682287,1.2014854,-1.2458133,0.71294725,0.25786006,-0.98810881,0.085944206,-0.8137846,-0.70202494,0.591537,1.1852776,0.71612012,0.068579458,-1.9132605,0.81744421,0.17275876,-1.1162393,1.0274969,0.034978457,-0.02046264,0.58207417,-0.016787104,0.44403231,-0.29116687,0.13265672,0.82556045,-1.0135616,-1.2242014,0.039192729,0.75069737,-0.47930521,0.22581048,0.1871357,-0.26024204,-0.15545771,-0.31551912,0.26904368,0.75630498,-0.20727511,-0.46669057,-0.29216653,0.15671484,0.37248144,-1.2629482,0.46690005,-1.2195717,-0.43947256,-2.0214138,-1.1669184,-0.17291972,-0.41946372,0.38335893,-0.5196498,0.17407998,-0.059337538,-0.12695119,-0.90502822,-0.58560777,-0.036517531,-1.2754469,-0.24371219,0.00599584,-0.10383733,0.30865535,-0.39031538,-1.9505838,0.42394069,0.53263581,0.9037739,-0.37719882,0.64556777,0.36117014,-0.040081859,-0.46983439,-0.40617907,0.27213982,-0.68489122,-0.17693709,0.56885034,-0.38067418,-0.84915447,0.12530796,-0.71284926,-0.67046434,0.33367532,-0.45827934,0.10081068,-0.90195906,0.84672654,0.63996881,0.16619186,0.032235317,-1.7658507,0.46155912,-0.079614334,-0.14706036,-0.09015356,-0.70024627,-0.002942808,-0.14706355,-0.80901951,1.1425023,-0.84823835,0.20853984,0.51187366,-1.8436801,-0.094113953,0.34593162,-0.25346291,-0.51586568,-1.1184022,0.39589727,0.16369611,0.60736835,1.116214,-0.94270766,-0.41294932,0.095375597,0.026899051,0.15626958,0.46306628,-0.000468224,-0.13166398,-1.5375166,-2.1081331,-0.88329017,0.3093082,0.70041299,0.58450085,-0.54447508,-0.38674748,0.058854006,1.353665,-0.24431373,0.094294354,-0.31216839,-0.28322029,0.98851728,0.25471723,0.34070829,1.2878662,-0.28139642,-2.4588883,-0.16424543,0.53196126,0.017666183,0.00283774,-0.89408863,0.016192444,-1.7117009,0.26181254,-1.2477872,0.19498613,0.030732471,-1.0392704,0.15683407,0.17963231,0.5783987,-0.19360478,-0.34906733,-2.9282701,0.31715068,-0.90474725,0.06361866,0.11042905,0.16085507,0.6219933,0.11370699,-0.1618093,0.71226966,-1.683946,-0.84126097,-0.50625384,0.5381732,-0.49388951,0.091107368,0.089374647,0.54453456,-0.022810668,0.53564072,0.3576138,0.82958525,-0.98563522,-0.29251799,0.67581773,-0.20050985,0.14466611,-0.19867481,-0.26880091,-1.371932,-0.56172997,0.15194577,-0.33902216,0.48694924,1.1609997,0.44707727,-0.49496952,0.28067929,-0.34331477,0.74923289,0.58340001,-0.43591923,0.096303031,1.9534507,0.21229675,0.28402656,-1.2736757,-0.22054693,-2.2174678,1.1525118,-1.4384378,-0.30238387,-0.22591922,-1.8717951,-0.4979634,0.28505939,0.079442844,0.71535575,0.62239563,0.2806254,-2.1410387,1.0944026,0.07713367,1.2177832,0.030642537,-1.2137107,0.097199738,-1.1817508,0.5605703,0.38497323,-1.0561386,0.42305055,-2.0285001,-1.7269405,-1.4516199,-0.52118659,1.0848143,0.75266594,0.39344278,-1.0933306,1.0540804,-1.1752858,-0.094107948,0.43662161,-1.3076816,-0.17262289,0.099086583,0.51965618,-0.000205692,0.42123276,-0.24552011,0.51323861,0.060181446,0.60119843,0.042155772,-0.14267039,-1.0026588,0.59796262,1.173164,-0.66815293,0.63331974,0.63434237,0.43990064,-0.78809345,0.54688597,0.32076657,-0.94797754,-0.62273359,0.17513576,0.14949916,-0.024405092,0.98759514,-0.28204325,-0.65531206,-0.63622272,-0.024826014,0.63381124,-0.21378326,0.20057997,-0.41429341,0.30407301,1.3186426,-1.0571157,0.21655527,0.45711717,-0.70823854,0.013108376,-0.2953895,-1.5332123,-2.1755221,-0.3626315,0.88006258,0.051654696,-0.21575724,0.83185959,0.31643406,0.68834484,0.37432209,-0.24612184,-0.5682534,0.35552138,0.13854662,-0.32874376,-0.61037683,0.29942143,0.30264884,1.4501822,-1.8758619,-0.038631778,1.6736771,1.9507926,0.49966595,-1.4281005,-0.36612427,-0.55614609,-0.22948232,0.04682472,0.19504783,0.85686564,0.66601926,0.57473081,0.1418702,0.2552619,0.94927466,0.67492247,1.1353695,-1.1827235,0.32628179,0.24422857,0.13420531,-0.50756425,-0.23997276,-1.8313732,0.44152409,0.023677429,-0.32967147,-0.067764059,0.35903367,0.25433055,-0.71834558,0.30940163,-0.19332345,0.39767247,-0.22895575,0.56168973,1.2858812,0.42635468,0.092091851,0.73910987,-0.08636082,-0.093885958,-1.0846578,0.30958727,-0.90465176,0.087748609,0.76469278,-0.89871389,-0.50443298,0.50186467,0.2967692,-0.6198917,-1.2647874,0.6757369,-0.60945505,0.11316711,-1.76877,0.29188263,-0.18423475,-0.90115929,-0.58353019,1.1745646,0.44499457,-2.157645,-1.2041974,-0.5199039,0.055334311,0.28590024,-0.11451471,0.036170341,0.60300326,0.36204198,-0.21137597,0.27277124,0.35810876,0.29823193,-0.029617824,-0.41520825,0.24482809,-1.7814183,0.005954005,0.39787307,0.19138761,0.27808034,0.7490015,1.8607736,-0.50012803,-0.87086958,-0.41689989,0.15007451,-2.1580741,0.44740361,0.3326205,0.5020225,-0.94943094,-1.5142252,0.23725365,-0.48200333,1.1123459,-0.093761481,-0.050162278,0.47334006,0.2355476,0.40507138,0.44987574,0.09179084,-0.16186902,-0.44993144,-2.4921188,-0.66611272,-0.98618007,0.12614433,-1.0228771,0.14051902,-0.12736318,-0.28643551,0.25077048,1
0.52759159,0.26019204,0.23602083,0.53150463,0.52512121,0.54662907,0.52525795,0.51629257,0.50739372,0.53106445,0.50223982,0.52338129,0.52069026,0.49588227,0.52536649,0.51034462,0.50981629,0.53917205,0.53193593,0.48796108,0.49851075,0.52977926,0.51368761,0.50228035,0.52794433,0.51844698,0.5232017,0.51124382,0.50677991,0.52612233,0.5083766,0.52486819,0.49285007,0.49200284,0.52155674,0.49113053,0.48668507,0.51221228,0.49888471,0.49970448,-0.93910563,0.2019017,0.33679962,0.42870924,1.2962071,1.6131701,1.2197204,0.64687002,0.78216815,1.5596538,1.3469951,1.1345855,0.31924558,-0.22505219,-0.28583473,-0.35808787,0.56459671,0.37070966,0.34514326,0.2770547,-0.56803548,0.08647801,-0.47362766,0.3699685,-0.89875156,0.018534407,-0.25172114,0.82769811,0.35168684,1.3220205,-0.1635316,0.18819238,-1.1533889,-0.21782829,0.004397832,0.99227583,-1.2260017,0.49015567,0.17817129,-0.87327325,0.066154666,-0.56106305,-0.6467796,0.41464332,0.78953791,0.60743946,-0.005850216,-1.600153,0.63701749,0.13733876,-0.8821519,0.84951568,0.028228067,-0.15682016,0.50938952,-0.062298223,0.4412654,-0.30342376,0.060326967,0.4784075,-1.0150377,-1.0199418,0.066334963,0.69163668,-0.45356345,0.10194013,0.28279689,-0.18400268,-0.045115553,-0.3359642,0.26254866,0.85359013,-0.23262885,-0.38998207,-0.16817096,0.29609856,0.015716195,-0.88362885,0.34595817,-1.1519544,-0.35751891,-1.6860812,-0.96479368,-0.1185555,-0.18383129,0.42221284,-0.46418908,0.24157062,-0.12537412,-0.018634148,-0.74622184,-0.51135814,-0.23391187,-1.101397,-0.08761546,-0.063904807,-0.088464871,0.36867595,-0.34731942,-1.5603608,0.30946225,0.43504253,0.78067672,-0.31055215,0.57369757,0.36478031,-0.007014193,-0.55093455,-0.34277213,0.21665017,-0.71268761,-0.2279821,0.37952286,-0.13208285,-0.78236473,0.12644164,-0.4964284,-0.6368528,0.29358369,-0.34848404,0.024000563,-0.74881494,0.74078858,0.65486217,0.11595844,-0.02555424,-1.5222934,0.52389109,-0.021356646,-0.053741269,-0.098755524,-0.59748709,-0.038190082,-0.11734049,-0.68621093,0.82057929,-0.67461061,0.14271653,0.36780611,-1.3688099,-0.18558946,0.34220618,-0.092692479,-0.36931136,-0.92102706,0.40393031,0.30046859,0.52665007,1.1219122,-0.75327802,-0.23569295,0.074217476,0.17560208,0.25617239,0.32225603,0.2147001,-0.26228726,-1.2262173,-1.748439,-0.76716262,0.22993326,0.51621801,0.54259193,-0.53806001,-0.42027453,0.140121,1.2938955,-0.37646949,0.048121143,-0.34127223,-0.22636256,1.0769011,0.14487867,0.2307013,1.4286935,-0.11500948,-2.128633,-0.081364714,0.53309268,-0.032057568,0.078132853,-0.67916375,0.14134306,-1.4047602,0.22907218,-1.163926,0.1509026,0.18633622,-0.82303166,0.024036704,-0.045287609,0.38184357,-0.24585563,-0.83691162,-2.4689066,0.35437086,-0.72616553,-0.055278026,-0.08439146,-0.086071745,0.56652278,0.08435408,-0.19435985,0.57528824,-1.3552811,-0.69752777,-0.41121829,0.42004648,-0.50123036,0.18764582,0.16789643,0.44357681,0.025734369,0.43691862,0.30445337,0.76256162,-1.0029775,-0.32103562,0.49041873,-0.066744111,0.25664511,-0.060251243,-0.15815416,-1.1648748,-0.48354715,0.051873967,-0.35856453,0.47137487,1.0962406,0.39394274,-0.45942605,0.16323677,-0.33857119,0.58515555,0.52978933,-0.43889749,0.087803051,1.5726962,0.19202188,0.22240683,-1.1315833,-0.15158471,-1.9659126,0.88506281,-1.0197573,-0.24632075,-0.18588293,-1.5733463,-0.37697008,0.24052122,-0.080457896,0.85342962,0.57587856,-0.047700942,-1.8539521,0.9737516,-0.010093939,0.99435604,0.10968447,-0.95112717,0.070723593,-0.9282012,0.53466654,0.39170924,-0.83121282,0.29452214,-1.6687517,-1.4877038,-1.2386148,-0.52123916,0.91656959,0.44636342,0.26541999,-0.8770923,0.72517431,-0.99379033,-0.10058695,0.28354824,-1.0148932,-0.26387832,0.033945225,0.48952267,0.13536015,0.37235686,-0.099413119,0.29322559,0.019180724,0.63966727,0.003928557,-0.052077167,-0.86191499,0.35570741,1.1173235,-0.45593992,0.46364781,0.52942067,0.40484983,-0.65791148,0.50078928,0.3026644,-0.70523715,-0.41821551,0.11796221,0.066137902,0.02710937,0.68489403,-0.23417553,-0.60960162,-0.54544067,-0.017136555,0.68428785,-0.16701077,0.26847851,-0.27103743,0.21507603,1.0751693,-1.0572109,0.14961836,0.35073763,-0.62048763,0.053840145,-0.36122972,-1.2667075,-1.7938688,-0.30579263,0.65674323,0.15817021,-0.15584226,0.74039143,0.29017484,0.67217821,0.25264084,-0.25249448,-0.48367798,0.27218568,0.059421256,-0.14690554,-0.83564496,0.2051868,0.17489201,1.1828711,-1.5889034,-0.086673051,1.7187968,1.6246665,0.23270082,-1.3789504,-0.14875716,-0.25380158,-0.086248234,-0.007336484,0.28079367,0.60789168,0.81197363,0.26484764,0.10471148,0.16783795,0.72738904,0.69438094,0.94731998,-0.76865274,0.30336925,0.2257919,0.12293807,-0.33923662,-0.18222815,-1.6050079,0.32839063,0.043607548,-0.46729809,-0.15126416,0.29793906,0.1916886,-0.29912311,0.22737646,-0.287137,0.054490071,-0.083934776,0.42813396,0.88928121,0.32374117,0.049111865,0.61435753,-0.013587654,0.089329712,-0.90734941,0.260086,-0.77312297,0.068952709,0.6435352,-1.0089337,-0.38878608,0.44041932,0.39413521,-0.51925039,-1.1019489,0.52509242,-0.5590843,0.29473865,-1.5349898,0.31856322,-0.26921713,-0.627581,-0.50637221,0.9197883,0.43444422,-1.9598219,-1.0689774,-0.36495546,0.002490964,0.17496821,-0.003516818,-0.077541478,0.4556624,0.18855053,-0.18085413,0.31307751,0.34495285,0.39538792,-0.060500722,-0.25504065,0.26596883,-1.3795667,0.001967894,0.18242735,0.060544252,0.24476096,0.79059839,1.5536437,-0.39030832,-0.7911166,-0.36458477,0.006737702,-1.9499664,0.42095101,0.27303228,0.36841956,-0.78079128,-1.1979306,0.24802734,-0.50684839,0.91774213,-0.0561487,-0.092084855,0.40941197,0.13033518,0.28564447,0.38492244,0.028453311,-0.066344216,-0.37825975,-2.1435044,-0.68933475,-0.83850443,-0.029901005,-0.75199151,0.12922499,-0.069598094,-0.23884034,0.12827803,1
0.46041149,0.1891118,0.1609571,0.50157928,0.48706821,0.52268475,0.49300373,0.47417027,0.48195234,0.50296986,0.47480243,0.48949647,0.48227441,0.47203803,0.42730555,0.48937386,0.48060805,0.51772279,0.50521052,0.47060859,0.47938317,0.49778652,0.48965994,0.47885984,0.51193714,0.49280548,0.5059284,0.50365686,0.49684668,0.50561118,0.49171937,0.51379824,0.48117989,0.47684294,0.50903797,0.47484782,0.4767049,0.4984659,0.48135936,0.485015,-1.1002296,0.13458198,0.39873588,0.47243327,1.3449936,1.6599745,1.2887777,0.70454502,0.84550583,1.6242294,1.384058,1.1975684,0.36379796,-0.22480384,-0.31341451,-0.33615404,0.6663903,0.38610116,0.3835431,0.33578795,-0.69146007,0.013710005,-0.67733002,0.3250373,-0.98576736,-0.041498169,-0.17427295,0.69606632,0.23833516,1.2542971,-0.19404504,0.21472803,-1.2964432,-0.22100301,-0.048233517,0.91057748,-1.2825019,0.5589121,0.22419517,-0.90901691,-0.11641148,-1.0935376,-0.63560361,0.34797484,0.84314084,0.57739085,-0.015011409,-1.8103669,0.59370559,0.16329093,-1.0988784,0.91643703,0.034204088,-0.018523164,0.56409925,-0.020860739,0.29319841,-0.29282656,0.089337245,0.59225953,-0.68983412,-1.152846,0.040822178,0.63365787,-0.40211299,0.25409701,0.215225,-0.15514891,-0.19731307,-0.33732128,0.38237059,0.78999239,-0.18416005,-0.27970091,-0.24726816,0.22650373,0.28269985,-1.0927911,0.39632902,-1.0146018,-0.39588422,-1.9527483,-0.84897447,-0.11683156,-0.54757518,0.34513348,-0.50251967,0.11660689,-0.10656167,-0.088488534,-0.7539795,-0.55891436,-0.23214005,-1.1263772,-0.045170844,-0.040539801,0.071606189,0.30020061,-0.41784063,-1.7234342,0.47822115,0.50811893,0.80975467,-0.15628248,0.60155815,0.33552822,0.026790313,-0.52073216,-0.32832319,0.23159644,-0.59672266,-0.23147976,0.40427336,-0.328556,-0.90035063,0.10859046,-0.5146755,-0.53967947,0.35745496,-0.37622106,0.020101324,-0.82792693,0.73022777,0.54522544,0.098787814,0.017947733,-1.6664623,0.47716182,-0.06791003,-0.19084804,-0.000974033,-0.60782814,-0.007468448,-0.11563635,-0.74769163,0.98187113,-0.71829838,0.16345532,0.47818571,-1.6751553,-0.11493185,0.3104921,-0.1048742,-0.41305411,-0.87893456,0.49300995,0.006133139,0.5641076,0.92771435,-0.86463153,-0.27114457,0.11647923,0.031948261,0.15921766,0.35455117,0.1134004,-0.24151754,-1.2958091,-1.8624179,-0.81557375,0.2890465,0.58886313,0.42091331,-0.47893581,-0.35302487,0.087032154,1.6992218,-0.1503942,0.085231073,-0.26258782,-0.25122315,0.94796258,0.15777673,0.29945731,0.89396489,-0.10992599,-2.2972288,-0.13214168,0.47524858,-0.035762127,-0.06018991,-0.64248824,0.16050676,-1.5051023,0.14041242,-1.4622471,0.43231437,0.18568127,-0.91809869,0.035212591,0.24685416,0.46588248,-0.21504122,-0.32449573,-2.576009,0.24721815,-0.77635598,-0.003895521,-0.11670612,-0.002603799,0.60251939,0.088363871,-0.26917201,0.71546715,-1.4596186,-0.83930004,-0.28306228,0.44630575,-0.52425575,0.20244452,0.16457878,0.40896097,0.045803819,0.48830381,0.44792098,0.99178588,-0.95470351,-0.34901738,0.48661742,-0.01329677,0.27915218,-0.22439672,-0.23255363,-1.2953515,-0.49006304,0.13338767,-0.42800617,0.39052269,1.0184965,0.36909571,-0.46770537,0.11997527,-0.36155155,0.53848195,0.46181947,-0.47580868,0.09914647,1.7978303,0.13501385,0.26374865,-0.81064254,-0.19694892,-1.9895593,1.0551146,-1.2322742,-0.15767366,-0.20693587,-1.6578493,-0.3327511,0.27514651,0.11229888,0.64722598,0.53447258,0.13319688,-2.0046644,1.0655444,0.10778703,1.0986018,0.032686189,-1.1874416,0.042298347,-1.016263,0.52618074,0.3847025,-0.95324242,0.29568523,-1.7488159,-1.5377473,-1.3905764,-0.4448446,0.5583272,0.23251536,0.31749612,-0.95571077,0.7968992,-1.0980477,-0.13567832,0.27558702,-1.1260544,-0.13040476,0.038523845,0.6192854,0.028067688,0.28513008,-0.13777943,0.43905693,0.096796311,0.77149826,0.054617718,-0.15443115,-0.68166816,0.4498533,1.0056779,-0.58145803,0.59582943,0.5281862,0.5431267,-0.66867477,0.53091359,0.26956069,-0.82711184,-0.52689451,0.13024218,0.077449575,0.15915397,0.83735746,-0.20489286,-0.57266146,-0.56558585,-0.019209526,0.50281084,-0.13534996,0.14957735,-0.32358354,0.18326749,1.0334922,-1.0225177,0.15678667,0.33914995,-0.61119431,-0.082125902,-0.46229708,-1.3864312,-2.0122743,-0.23176296,0.7124843,0.019025519,-0.12849507,0.69976813,0.19507937,0.52941716,0.25659004,-0.14946324,-0.42925549,0.27319828,0.072203971,-0.1869992,-0.54812717,0.22841956,0.28516492,1.2709504,-1.7458379,-0.049378712,1.5205379,1.6766063,0.35027507,-1.4827158,-0.21959732,-0.36217269,-0.1605804,-0.088993996,0.27070707,0.77579975,0.73046184,0.51637566,0.1232429,0.14856964,0.79938763,0.76116431,0.98118168,-0.99131322,0.23080312,0.16140261,0.13378584,-0.4298622,-0.19520645,-1.8485954,0.36050496,0.056635492,-0.3685835,-0.12473619,0.22739458,0.20997007,-0.74249303,0.28304318,-0.22057711,0.22490619,-0.035519749,0.31099489,1.0739268,0.31385952,0.095281586,0.6883781,-0.047526337,-0.043241389,-1.0195609,0.33204317,-0.81587595,0.024837345,0.83993959,-1.1009046,-0.32534471,0.43181321,0.3508352,-0.48965076,-1.17997,0.52344322,-0.6033532,0.079960898,-1.7258365,0.374461,-0.19871931,-0.62606376,-0.51291651,0.94365418,0.4014408,-1.9463865,-1.2439333,-0.37451228,0.028447188,0.26726234,0.008221366,0.031733189,0.55245316,0.26434219,-0.11792536,0.26980343,0.37357092,0.37170747,-0.031707898,-0.088275708,0.16026318,-1.5857167,0.00069779,0.3614651,0.10533719,0.25319955,0.64740568,0.98315805,-0.36919901,-0.82839173,-0.4189513,-0.15693033,-2.0601797,0.43931973,0.41961443,0.44200802,-0.78040159,-1.2539375,0.33770096,-0.68811798,0.1054806,-0.040565312,-0.078044668,0.64826161,0.15206243,0.32853812,0.3750366,0.066426381,-0.12127186,-0.37308383,-2.33248,-0.69187683,-0.79332525,0.015280679,-0.83378518,0.20507415,-0.21563721,-0.24299206,0.05453828,1
0.58265191,0.31997856,0.29013163,0.60633826,0.59550512,0.63872957,0.61101162,0.58664155,0.59749699,0.61381656,0.59003192,0.59897792,0.6001296,0.57763064,0.60916829,0.59666365,0.59126467,0.63610184,0.61920321,0.57414865,0.58745646,0.61011851,0.60477245,0.59022343,0.62399697,0.6032356,0.61289251,0.61177874,0.61794358,0.61613995,0.60841119,0.61054826,0.59596574,0.59150553,0.6175707,0.58178389,0.58572698,0.61449951,0.59285045,0.5980525,-0.98032564,0.24768481,0.42509192,0.4944787,1.3192136,1.6429915,1.290753,0.71100676,0.84968221,1.614593,1.3555719,1.1867445,0.37361896,-0.23225713,-0.28511789,-0.36334983,0.63395709,0.38227445,0.41692126,0.30066073,-0.69199747,-0.017683994,-0.64079916,0.36564395,-0.84637296,0.061323956,-0.17488427,0.73178113,0.083863646,1.4924737,-0.18848038,0.18870778,-1.1932234,-0.2184397,-0.079803884,0.87502617,-1.1863025,0.56785154,0.30576906,-0.85421038,-0.11300704,-1.1259879,-0.6450125,0.41394848,0.83052385,0.65051275,-0.013426523,-1.8169663,0.70579892,0.15588251,-1.0873601,0.80493426,0.007302638,0.060151875,0.52485687,-0.056339167,0.332874,-0.37960488,0.055520173,0.5960952,-0.63405621,-1.0460645,0.065601632,0.55147606,-0.37707496,0.22032419,0.076386832,-0.22916031,-0.096859708,-0.3087984,0.34318405,0.61785042,-0.17671078,-0.30443737,-0.20674264,0.2259938,0.26298234,-1.1017274,0.42439371,-1.3039019,-0.43278986,-1.851732,-0.9454692,-0.10093139,-0.4486188,0.21926393,-0.41509783,0.17220098,-0.12041987,-0.12104118,-0.80424094,-0.63579214,0.29542774,-1.0809559,-0.25837865,-0.06450548,0.08186543,0.24262737,-0.46326739,-1.7566625,0.34034613,0.50227582,0.8337636,-0.18072385,0.55641943,0.43124115,-0.021016546,-0.35915193,-0.27423853,0.20350698,-0.61624628,-0.13564409,0.39721438,-0.29028141,-0.74101186,0.064920321,-0.54070473,-0.49013597,0.32833961,-0.45192704,0.011432393,-0.822694,0.76246196,0.64127719,0.075202666,0.067202866,-1.6337687,0.6597302,0.036709003,-0.15197662,-0.024834953,-0.55744648,-0.012425518,-0.13479623,-0.77970451,1.0212771,-0.72936499,0.12377108,0.3999733,-1.7480879,-0.11350214,0.25092086,-0.18176228,-0.52160084,-0.96696192,0.35019493,0.20022073,0.59455395,0.75405854,-0.83040929,-0.32296902,0.068977088,-0.012232788,0.16926825,0.43761539,0.1730592,-0.16525224,-1.2447224,-1.7862653,-0.68617523,0.30776316,0.74283814,0.41511753,-0.4051517,-0.2811709,0.03182397,1.3271997,-0.13047893,0.083160542,-0.28504974,-0.25737494,1.0705998,0.15815021,0.26414767,1.1646588,-0.20125097,-2.3364067,-0.075869173,0.45607895,-0.01059401,-0.046938039,-0.80783504,0.21858364,-1.4417055,0.22773215,-1.0717006,0.47235087,0.032262884,-0.91403913,0.009168574,0.003384322,0.49685639,-0.16764674,-0.20319392,-2.5753691,0.34636852,-0.78816092,-0.015605047,-0.15550873,0.096964091,0.59777814,0.11753038,-0.20222621,0.64453095,-1.5042334,-0.87293613,-0.35675922,0.46111527,-0.44989857,0.12047856,0.16975777,0.42146274,0.09154135,0.42379045,0.48000029,0.71564054,-0.86746925,-0.37925428,0.58691204,-0.050277509,0.18049407,-0.14845917,-0.24986959,-1.299495,-0.49730617,0.10661235,-0.41465497,0.43712074,1.0495878,0.39285818,-0.48981899,0.13825069,-0.37064427,0.6006636,0.54312646,-0.45393595,0.10614602,1.591759,0.168285,0.23414394,-1.0056944,-0.21189281,-1.9408793,1.0169437,-1.4392343,-0.15806168,-0.051333591,-1.4611559,-0.2252281,0.21109386,-0.21206138,0.75108379,0.50082886,0.33822635,-1.9730442,0.96747822,0.037589818,1.2077436,0.005741075,-1.2326317,-0.008722119,-0.91722322,0.59215766,0.34272566,-0.88025409,0.30569735,-1.7435018,-1.4288663,-1.4096332,-0.48192778,0.46002027,0.30874497,0.33610314,-0.99656808,0.83117789,-1.0674152,-0.040685132,0.31135523,-1.1267694,-0.085728228,0.0612715,0.58124059,0.10698698,0.2734012,-0.22583932,0.4490577,0.058504902,0.66879761,-0.023497213,-0.16335198,-0.70073444,0.45598722,1.0786519,-0.61731535,0.60795259,0.4966234,0.52456009,-0.67321962,0.64702266,0.41511863,-0.91515332,-0.69306332,0.11551373,0.11685391,0.041615322,0.84444284,-0.31177384,-0.49093172,-0.56865364,-0.033848017,0.57111537,-0.16261567,0.21261883,-0.37457025,0.20475529,0.91564512,-1.0734379,0.18977782,0.33623102,-0.62230921,-0.071020044,-0.15377249,-1.4513593,-1.9621675,-0.21361214,0.72062153,-0.001093999,-0.13185346,0.73195612,0.16595387,0.4819898,0.24441507,-0.20412929,-0.50909746,0.25669789,0.058213364,-0.14196025,-0.41925049,0.24554659,0.14537841,1.1173471,-1.6162152,0.003227469,1.6114562,1.4884305,0.34047621,-1.4965364,-0.32995781,-0.47405434,-0.29361415,0.022671431,0.31437469,0.8204416,0.74812806,0.48062235,0.21531294,0.18768546,0.79583138,0.65889329,0.97910905,-0.9154982,0.167224,0.17380708,0.062037144,-0.41398564,-0.16170341,-1.7091395,0.34516171,0.049038541,-0.37128198,-0.084035099,0.38482061,0.20849435,-0.63275766,0.28001595,-0.2517795,0.039064776,-0.060741454,0.45908865,0.9964503,0.37625116,0.026920067,0.60619754,-0.047967218,0.044128958,-0.96570671,0.34969988,-0.78990763,0.14640628,0.81014335,-0.99272579,-0.48659784,0.46002728,0.37254322,-0.58192945,-1.1580261,0.54785198,-0.52246976,0.069643058,-1.7461147,0.2325208,-0.21479145,-0.65979886,-0.49376494,0.94350034,0.3775562,-1.8822993,-1.0804273,-0.44714001,0.002206763,0.25715682,-0.09003979,0.039922155,0.56376708,0.23303111,-0.13426678,0.26288182,0.28627512,0.39730966,-0.052411877,0.001185536,0.30469051,-1.4411982,-0.008729963,0.31555885,0.085687302,0.20958865,0.59774268,1.0265981,-0.39859149,-0.77305943,-0.42748657,-0.10559942,-2.0372694,0.35435227,0.32819849,0.46265215,-0.76645911,-1.3829733,0.25877577,-0.60743988,0.087597772,-0.094641894,-0.10340284,0.55046999,0.16313088,0.33823529,0.32997161,0.053387627,-0.12603395,-0.44155794,-2.2225277,-0.69470924,-0.97196722,-0.01109254,-0.94101125,0.24362896,-0.15822244,-0.31204456,0.081102654,1
0.54694438,0.29493755,0.25953254,0.52529693,0.51079214,0.54477054,0.51882732,0.49319947,0.51081324,0.52771413,0.50171632,0.50404716,0.50543118,0.48497313,0.51464975,0.50233316,0.49520928,0.54456478,0.52979517,0.48257524,0.49643245,0.52121699,0.51096702,0.50240588,0.52732837,0.51647353,0.52397609,0.5231396,0.51433831,0.5230754,0.5172025,0.52096772,0.49707407,0.49964339,0.52521157,0.48991036,0.48859376,0.51398188,0.49844104,0.50984657,-1.1590506,0.2260399,0.55201513,0.57239854,1.4428813,1.796295,1.4554734,0.83232057,0.99523282,1.7501605,1.5094571,1.328015,0.45493013,-0.17609909,-0.27613103,-0.4327274,0.69906366,0.40030605,0.44991043,0.32504103,-1.0850934,-0.019238308,-0.66867459,0.45219478,-0.69402081,-0.020242427,-0.14463305,0.79524451,-0.042954475,1.5838891,-0.20746469,0.26469564,-1.2107129,-0.1898199,0.001283349,0.9257409,-1.0892742,0.63476348,0.24305627,-0.91952604,-0.12432043,-1.2566762,-0.54561514,0.53426474,0.91468871,0.7183879,-0.054852091,-1.8011525,0.8782205,0.20572525,-1.0572592,0.72823513,-0.005554821,0.12421466,0.64989078,-0.048068494,0.31176892,-0.54386997,0.11894182,0.6958999,-0.63152295,-1.1532047,0.074217439,0.56099832,-0.44632685,0.20603788,-0.003253173,-0.31762397,-0.061355159,-0.31939974,0.33388895,0.66643709,-0.21833102,-0.39677235,-0.35500982,0.002758667,0.34843329,-1.2555698,0.42853528,-1.0951836,-0.47760278,-1.9560863,-1.2233313,-0.18326285,-0.63049084,0.41043246,-0.44941857,0.064651236,-0.094676785,-0.40111434,-0.86203706,-0.5822733,0.45133695,-1.1713641,-0.30064267,-0.099114418,-0.005619109,0.28016153,-0.49871749,-2.0169723,0.79369724,0.53355742,0.95167315,-0.21111861,0.62783861,0.44832042,-0.010954812,-0.23943502,-0.15489319,0.24701864,-0.70574182,0.22701934,0.48432368,-0.41258276,-0.89558053,0.063258529,-0.74998176,-0.49105841,0.42742068,-0.45254487,0.085552618,-0.76359081,0.77813637,0.88956189,0.094011538,0.11387272,-1.7720718,0.87379062,-0.057439867,-0.14373052,-0.067538336,-0.58698058,-0.003469404,-0.15601353,-0.72346532,1.1013328,-0.76008785,0.19195375,0.5844267,-1.94875,-0.045454942,0.20532706,-0.049415462,-0.61803871,-1.2289286,0.23851107,0.035035685,0.62349963,0.69917613,-0.86396033,-0.36491317,0.047562335,0.045812584,0.2646201,0.46516562,0.097057603,0.015871659,-1.4165906,-1.9893467,-0.77658916,0.35989326,0.90463316,0.41349339,-0.43589514,-0.39002272,0.027641349,1.1831436,-0.1558252,0.12656884,-0.37824404,-0.43541041,1.2041175,0.14418426,0.33092773,1.6326178,-0.19430412,-2.3262932,-0.0134409,0.72605276,-0.03181836,-0.008410361,-1.1241747,0.15079723,-1.7110755,0.258901,-1.3278373,0.1979778,0.15128712,-0.90919101,0.02054443,0.34540763,0.57148355,-0.22608921,-0.29458967,-3.1117034,0.3661302,-0.6070441,-0.011633795,0.023102716,0.28792131,0.54343671,0.1697145,-0.16985226,0.72295475,-1.9654818,-0.95855093,-0.19635774,0.83733958,-0.50022697,0.084640518,0.14252806,0.47097433,-0.056965757,0.43199328,0.50369614,0.76845038,-0.92898375,-0.38485068,0.73630798,0.094346546,0.17814641,-0.07388474,-0.30715331,-1.3256063,-0.5832994,0.13109958,-0.26565155,0.46131316,1.2948594,0.39258957,-0.41544276,0.30733377,-0.38244158,0.77891123,0.72261357,-0.50390559,0.028349739,1.6643727,0.25671363,0.28352085,-1.2172587,-0.2515707,-2.2130363,1.005106,-1.534809,-0.38934898,-0.20616177,-1.248876,-0.20035671,0.16810028,0.032912366,0.76705557,0.61912847,0.37114272,-2.1364019,0.96823037,0.060992144,1.3526013,0.14998589,-1.2505229,-0.00643909,-1.0608988,0.66528857,0.34551519,-0.8896209,0.36940268,-2.1255927,-1.8502176,-1.4724536,-0.35755181,0.73383725,0.92238843,0.33692005,-1.2510155,0.97435546,-1.1974895,-0.23266397,0.36632714,-1.2525587,-0.1714758,0.095192648,0.55784714,-0.12529607,0.43115628,-0.17965883,0.45564124,0.076490879,0.53412873,0.004534718,-0.14330246,-1.0877343,0.47958952,1.1383247,-0.66095936,0.68948448,0.56992447,0.33836478,-0.81019056,0.86495793,0.44464535,-1.0865202,-0.76868254,0.10973305,0.15525372,0.00614132,0.91256976,-0.33142629,-0.54989517,-0.57690334,-0.007208832,0.71147811,-0.11192434,0.17053613,-0.48112455,0.21975324,1.3429638,-1.4859154,0.16125964,0.52722824,-0.69332242,0.034728907,0.14399764,-1.6336758,-2.3123784,-0.31322569,0.79834282,0.012180887,-0.17075777,0.81336927,0.16827795,0.59412831,0.31656766,-0.008611709,-0.78926075,0.27084994,0.17912841,-0.22875056,-0.56958163,0.2716192,0.1974469,1.3060333,-1.7258209,-0.076542124,1.625392,1.6148764,0.50057298,-1.406435,-0.39736462,-0.83153296,-0.28244886,0.1148966,0.3904731,0.87580168,0.66103804,0.40982133,0.23863921,0.24744007,1.3775408,0.67251313,1.3272508,-1.0541437,0.32759285,0.38163048,0.088672087,-0.51844579,-0.15018347,-1.4052929,0.3930276,0.037195392,-0.41481376,-0.16529056,0.61092895,0.26892236,-0.64629334,0.24183711,-0.24211767,0.67173028,-0.41090667,0.66478485,1.0589465,0.3617368,0.022115979,0.67118001,-0.066376142,0.13595243,-0.9971078,0.31598794,-0.68935227,0.099927805,0.67615932,-0.90578616,-0.60145158,0.51293099,0.32951087,-0.80726767,-1.1836902,0.64838952,-0.58055043,-0.12474439,-1.8499621,0.24312615,-0.24552546,-0.82469594,-0.55392909,1.2103841,0.35298777,-2.0972021,-1.4006063,-0.47079459,0.008912337,0.38029802,-0.12933433,0.067699537,0.5914917,0.22036862,-0.19446164,0.29414675,0.31177905,0.25424179,-0.14591303,-0.12765966,0.48469761,-1.6320257,0.073963076,0.51080513,0.14476871,0.24291879,0.64420229,1.2875036,-0.43757391,-0.901564,-0.23897427,0.38881448,-2.0805392,0.27929786,0.25136614,0.46705639,-0.87772667,-1.6313932,0.26180372,-0.59296763,0.14185023,-0.000204759,-0.03176463,0.467738,0.18415514,0.37244734,0.43776375,-0.076502375,-0.24440131,-0.5796293,-2.4013968,-0.68579453,-1.1524477,0.062815413,-1.1285455,0.29776317,-0.13716573,-0.42883983,0.13186362,1
0.58548403,0.32449993,0.29956818,0.65117157,0.64233971,0.66428906,0.6448127,0.63888073,0.64429593,0.64920646,0.64070678,0.64475691,0.64682019,0.63823819,0.66504455,0.64190972,0.65134418,0.67151999,0.65973949,0.64417231,0.64271903,0.65647429,0.64235497,0.64985883,0.66590357,0.64989477,0.65881896,0.64900547,0.65316784,0.64971852,0.64932156,0.66379213,0.64923418,0.65145028,0.65517449,0.64722997,0.65277582,0.66617185,0.64058942,0.64906251,-0.91411048,0.28407612,0.57794648,0.62710488,1.4816883,1.8621433,1.5051923,0.89957041,1.0318207,1.8230354,1.520777,1.3883028,0.42433697,-0.13482779,-0.008055955,-0.39992598,0.77074194,0.50293458,0.47349107,0.39486989,-0.61375523,-0.10731424,-0.58853829,0.48176485,-0.6994853,-0.060117859,-0.14213073,0.8750602,0.024844795,1.5828304,-0.25361401,0.23000421,-1.2101288,-0.16257077,-0.17314601,1.1656597,-1.0290678,0.66167855,0.33072969,-0.91581833,0.042435125,-0.68953037,-0.74390656,0.45567828,1.0649223,0.71438628,-0.007507514,-1.7663176,0.81944036,0.12726124,-1.0697273,0.83040798,-0.020837821,0.021999964,0.53253895,0.008363858,0.3856959,-0.37008378,0.089921638,0.78594279,-0.86263895,-1.1056198,0.002050892,0.63003933,-0.4047305,0.2069588,0.1507058,-0.26696903,-0.026457109,-0.2901158,0.2550801,0.53583938,-0.2079013,-0.32213658,-0.19432658,0.055129342,0.26060146,-1.0501986,0.49718669,-1.1143184,-0.34169307,-1.8298241,-1.3101423,-0.17626064,-0.21529713,0.36923587,-0.40176603,0.099672347,-0.10400008,-0.33016616,-0.78237474,-0.75446343,0.47475746,-1.2477138,-0.25744826,-0.013043508,-0.11893925,0.28829312,-0.39104855,-2.051847,0.81742275,0.51636988,0.88213497,-0.35678688,0.53978682,0.3206844,-0.076633438,-0.30828503,-0.29268703,0.23918682,-0.61826223,-0.040863231,0.49394125,-0.45874923,-0.86250919,0.010803722,-0.67651534,-0.55716461,0.3015852,-0.50061131,0.044028006,-0.76315677,0.78818214,0.73838133,0.19557117,0.085922472,-1.7282549,0.74603581,-0.026345918,-0.13738652,-0.089192271,-0.68903351,-0.04102999,-0.23890302,-0.88197303,1.0697695,-0.86110622,0.14271219,0.41895512,-1.6720995,-0.07422556,0.23680894,-0.15303046,-0.51750594,-0.97891831,0.16823697,0.4943803,0.67503238,0.97778952,-0.83839929,-0.27728379,0.041689329,0.16929859,0.24116336,0.44207019,0.10228179,-0.19104081,-1.4589518,-2.0209391,-0.64352721,0.30411568,0.66789931,0.46324962,-0.53434408,-0.39715552,-0.013878956,0.95203424,-0.17759138,0.088624969,-0.37475494,-0.3777265,1.1408321,0.21893489,0.29478481,1.5475655,-0.33305299,-2.0686557,0.007714652,0.51658809,0.03563825,-0.016098659,-0.99365973,0.18076873,-1.6405851,0.31501588,-1.3247941,0.17051816,0.09181276,-0.92639935,0.069508746,-0.047600269,0.40823326,-0.24335462,-0.27465719,-2.8974853,0.46521199,-0.70211279,0.027072147,-0.085932299,0.21392715,0.47782016,0.23573102,-0.15119678,0.7624737,-1.7267907,-0.85475087,-0.12662853,0.65088117,-0.47572306,0.09136273,0.14746962,0.47284961,0.017295079,0.31350261,0.30056179,0.76596779,-0.92125803,-0.26952669,0.68125343,-0.13684317,0.2229418,-0.074971557,-0.28953576,-1.2236007,-0.51372802,0.11140572,-0.20819521,0.34942931,1.2928922,0.47952306,-0.49527755,0.20230868,-0.25842753,0.72058278,0.56613308,-0.46464369,0.062872238,1.4784539,0.19802281,0.28927127,-1.1244756,-0.22739087,-2.0698171,0.8313272,-1.3827568,-0.38448054,-0.053223439,-1.5240448,-0.29695481,0.17238614,0.11185203,0.65781736,0.53140706,0.41733706,-2.0185523,0.95405293,0.11954457,1.2434678,0.007072877,-1.0735328,0.12439871,-1.0982835,0.62946373,0.26659188,-0.83157992,0.42144001,-2.0575216,-1.7038103,-1.28311,-0.61459911,0.77959073,0.86062193,0.37117749,-1.0217526,0.98410285,-1.1567228,-0.089376666,0.30109322,-1.2246041,-0.14581113,0.1203362,0.55573225,0.052706376,0.30972713,-0.24558221,0.47786137,-0.051237613,0.15449357,-0.074679792,-0.1731783,-1.1177166,0.52649283,1.0993837,-0.5712325,0.6039958,0.53678834,0.24535573,-0.86367786,0.7777257,0.44573119,-0.88948762,-0.59309089,0.095491797,0.13738921,0.003805533,0.99793017,-0.32668528,-0.53973693,-0.61330616,-0.032071229,0.66475368,-0.048161745,0.24980611,-0.41122198,0.25358978,1.2124957,-1.3445189,0.18068427,0.37920457,-0.61897296,0.052432992,-0.003812715,-1.5243295,-2.0877221,-0.48965752,0.8596521,0.073707789,-0.20737964,0.69039208,0.25175899,0.6707353,0.34321785,-0.19228035,-0.66813731,0.33127052,0.071905792,-0.20558104,-0.40864676,0.31617278,0.26768023,1.4366521,-1.8284829,0.11230522,1.8194156,1.6741869,0.43420124,-1.4430151,-0.32556644,-0.7382375,-0.27271432,0.13507716,0.11925381,0.79457563,0.87766564,0.35401645,0.29605687,0.19237474,0.81175548,0.59323299,1.2790287,-0.99221367,0.079657733,0.24105132,0.049369529,-0.40892291,-0.22432464,-1.6987122,0.41024226,0.004531421,-0.29681426,-0.14502773,0.45037907,0.25421715,-0.39316666,0.30781332,-0.13016675,0.26521593,-0.25943959,0.73704296,1.1050406,0.40957338,0.026623601,0.64477873,-0.19476584,0.10458225,-0.92757952,0.32164344,-0.79654497,0.21386811,0.83182764,-0.99554884,-0.38879591,0.42678902,0.24218106,-0.58395052,-1.0910181,0.6275956,-0.50303632,0.12218008,-1.6015608,0.20664978,-0.15137282,-0.61838603,-0.49941844,1.1195215,0.27870387,-2.0905302,-1.313277,-0.47862816,0.028259818,0.29334199,-0.049465749,0.023340307,0.59625167,0.29312035,-0.25253117,0.18590033,0.30540845,0.34608513,-0.027562089,-0.34468675,0.25693417,-1.4727484,-0.030864673,0.33656943,0.15642662,0.23004237,0.62864161,1.6846777,-0.49278554,-0.84730691,-0.36775059,0.086946435,-1.9903804,0.39166927,0.26557013,0.50733578,-0.89131951,-1.5837786,0.35846955,-0.48830336,0.95219469,-0.073107876,-0.040142559,0.040791154,0.16201089,0.36949664,0.36529359,0.072545581,-0.20414747,-0.47800946,-2.3016613,-0.61346889,-1.1764569,0.12158074,-1.1262385,0.23912157,-0.18183044,-0.38969827,0.15414703,1
0.57661271,0.29975018,0.28886694,0.59822547,0.59823215,0.59527951,0.59754831,0.59160876,0.59183884,0.60493279,0.59272099,0.59064949,0.59027642,0.58799088,0.61315393,0.58990884,0.59242761,0.62021518,0.6037358,0.5797314,0.57747912,0.59887153,0.58614916,0.57842398,0.59794551,0.59463042,0.61319351,0.59532464,0.59074533,0.60123944,0.59505981,0.59862041,0.57935363,0.58335328,0.59440792,0.58460426,0.57077616,0.59104216,0.57922798,0.5830934,-0.76048994,0.27507642,0.36852002,0.47843969,1.3712351,1.7060761,1.2833025,0.7082566,0.82233816,1.6366692,1.4018738,1.1941041,0.34036991,-0.13489956,-0.32215786,-0.29928201,0.65018648,0.37600118,0.33204579,0.29627007,-0.40682063,-0.018941909,-0.59474593,0.34856161,-0.67949218,-0.16971897,-0.19577602,0.5567317,0.14588669,1.246106,-0.21519244,0.17084251,-1.1397702,-0.23306602,-0.084713742,0.97264254,-1.01095,0.57126325,0.17881346,-0.81581259,-0.096548043,-0.92998523,-0.59949183,0.45515966,0.91891885,0.61984563,0.024624901,-1.7613304,0.64110076,0.11707693,-1.0412452,0.97730434,0.022075735,0.1096941,0.38048083,-0.093794271,0.3893235,-0.20565364,0.016037162,0.63142848,-0.70342934,-0.99735308,0.008258838,0.61789525,-0.25620303,0.24511543,0.19379912,-0.15328757,-0.041813575,-0.25949836,0.31117666,0.68729293,-0.20572227,-0.31627309,-0.089261264,0.36614478,0.47864917,-1.0517998,0.40579399,-0.91063666,-0.3057912,-1.6962153,-0.84590107,-0.18058474,-0.41028109,0.37241024,-0.38304073,0.10042027,-0.11188226,-0.0880109,-0.7381025,-0.52193576,0.33754784,-1.0881007,-0.21155739,0.052633494,-0.020078585,0.28679508,-0.42939579,-1.6160929,0.65799564,0.41531119,0.80683076,-0.3059575,0.53729403,0.30663005,-0.014045008,-0.27702728,-0.31501886,0.26920122,-0.50599706,-0.10823049,0.4080289,-0.33027387,-0.68464315,0.15187645,-0.53066218,-0.44945019,0.29187611,-0.38168967,0.015537884,-0.70020235,0.69091296,0.57356393,0.13266023,0.0576078,-1.5584731,0.25733232,-0.003245726,-0.17123044,-0.10635054,-0.53412819,0.068788148,-0.15951748,-0.58857667,0.99217856,-0.74786639,0.097103454,0.39465258,-1.5344509,-0.15487947,0.2203491,-0.16454458,-0.30827332,-0.84826499,0.30706972,-0.034080788,0.51314777,0.81508178,-0.79335737,-0.23851426,-0.052252978,0.010840023,0.20572244,0.34045413,0.07161887,-0.16517729,-1.2212871,-1.6740963,-0.67602199,0.24465951,0.43238637,0.55195832,-0.43028712,-0.40762544,0.05499782,1.2432407,-0.023957223,0.034012225,-0.22755924,-0.16827182,1.0843649,0.14523225,0.22846895,1.154127,-0.20804855,-2.128067,-0.095285401,0.40176132,0.022241849,-0.080755219,-0.70916849,0.054713581,-1.2943989,0.21653318,-1.0967985,0.42080438,0.1720131,-0.85651541,0.029313629,0.12015142,0.59260774,-0.22100508,-0.045999989,-2.3064404,0.31924853,-0.7948072,-0.051331144,-0.13304755,0.076637067,0.64121252,0.09855593,-0.22326621,0.48877323,-1.3604397,-0.73083711,-0.22587523,0.429748,-0.43827564,0.17696291,0.2231766,0.35932693,0.0077005,0.34619036,0.42977437,0.74666464,-0.88138783,-0.2516433,0.48371941,-0.1959708,0.1695078,-0.034794241,-0.25743395,-1.223591,-0.43165654,0.072241135,-0.40143853,0.26953056,1.0069424,0.36855596,-0.50442684,0.15672907,-0.32202989,0.55594236,0.56213987,-0.33394143,0.071702369,1.3950994,0.10153398,0.171859,-0.84641325,-0.16620207,-1.8094957,0.9472841,-1.1127863,-0.17876978,-0.033555984,-1.3532606,-0.34172264,0.20716467,0.26488614,0.61493933,0.4153226,0.37969461,-1.7046573,0.95161271,0.018043566,1.0074117,0.033259522,-1.0956703,0.15669566,-0.9991703,0.73480237,0.30752864,-0.84044045,0.36951599,-1.6956137,-1.289344,-1.2757965,-0.42431986,0.58628505,0.37156075,0.25995824,-0.9408114,0.81627274,-0.96229577,0.049758181,0.30853987,-1.0382359,-0.15987803,-0.007943604,0.43884265,0.15991722,0.40642506,-0.19036371,0.47291362,-0.01915976,0.55022895,0.13729498,-0.127167,-0.80890089,0.44551772,1.0042552,-0.50587511,0.53952444,0.48049629,0.41421258,-0.62923557,0.7419948,0.24853203,-0.72964633,-0.55844295,0.081328399,0.11943613,0.079250142,0.81335855,-0.23093991,-0.49613568,-0.47313213,-0.048416208,0.46572703,-0.13771343,0.10908195,-0.37632394,0.17779472,1.0147933,-0.89841837,0.12879616,0.29173481,-0.58047873,-0.015876338,-0.21006931,-1.2524182,-1.7408834,-0.17667709,0.6688056,0.074814633,-0.15629631,0.76475632,0.14833617,0.49327278,0.27104253,-0.1190611,-0.45886898,0.24652858,0.068189144,-0.23815744,-0.33409944,0.28148785,0.19858211,1.1951752,-1.5340071,-0.008723574,1.5264988,1.6460733,0.39913815,-1.322701,-0.27887586,-0.38779801,-0.13640833,0.12851015,0.14196309,0.75437844,0.37015188,0.47427097,0.27138442,0.23298031,0.74729735,0.60919696,0.99266386,-0.89483941,0.16168752,0.25889185,0.044398531,-0.30337021,-0.125265,-1.6821483,0.34143221,0.039662443,-0.2968792,-0.14515167,0.33494213,0.12051536,-0.51687247,0.24358886,-0.2040994,0.021585198,-0.094410494,0.46064079,1.0295918,0.35382587,0.069679707,0.59765893,-0.14881289,0.13383719,-0.93059433,0.31929639,-0.80070031,0.058353081,0.7028085,-0.67475593,-0.4669508,0.48921847,0.32623795,-0.51503742,-1.1361233,0.53463346,-0.52018601,0.11185126,-1.5340967,0.2508719,-0.23069105,-0.76432264,-0.48042998,0.99045724,0.33959815,-1.8035471,-0.99427402,-0.37948841,-0.010011823,0.26676726,-0.10658351,0.005667614,0.47425038,0.25366166,-0.12995449,0.21726325,0.28876078,0.35038561,0.01566077,-0.35009298,0.16152605,-1.4138128,0.019722775,0.40315953,0.1188252,0.22633776,0.63233244,1.3187122,-0.37513918,-0.74422073,-0.34407207,0.079524316,-1.8220041,0.41170508,0.22399847,0.37893558,-0.71134442,-1.2489065,0.41519374,-0.32337785,0.54951704,-0.015120357,-0.057237402,0.44333351,0.12901039,0.2642687,0.28977469,0.086915284,-0.18867506,-0.33577114,-2.0428817,-0.62234098,-0.85312396,-0.009083876,-0.83602774,0.22939985,-0.1201385,-0.2459857,0.10662259,1
0.54229021,0.25941369,0.24548712,0.5846287,0.57309377,0.59203529,0.56778717,0.56704313,0.57177675,0.57073313,0.57183754,0.57635587,0.57567096,0.56267649,0.58957469,0.56705177,0.57792252,0.60427916,0.57480258,0.55838084,0.56599569,0.57691365,0.56950819,0.56325173,0.57389861,0.5677706,0.58346272,0.57057726,0.56512415,0.57437599,0.56520534,0.56866366,0.55858928,0.57592624,0.57497942,0.57072979,0.56469059,0.56706125,0.5603106,0.5627383,-0.8431533,0.23133162,0.21171743,0.347716,1.2220557,1.5597939,1.0857522,0.54680592,0.65000939,1.4618043,1.245389,1.019967,0.2531313,-0.19996856,-0.15219015,-0.3078582,0.55699646,0.33864546,0.32933974,0.27355438,-0.25631592,0.048007574,-0.47978944,0.27997211,-0.89823365,-0.001593489,-0.1449011,0.88922393,0.28298908,1.122739,-0.18825404,0.15872096,-1.09934,-0.24012041,-0.16234849,0.84559649,-1.1094201,0.50305545,0.10864742,-0.84280521,0.045745961,-0.37309134,-0.62755221,0.42661878,0.74886453,0.51088023,0.005383522,-1.6028254,0.5992161,0.09414503,-0.88010055,0.89578164,0.030342456,-0.069157504,0.44229847,-0.064684629,0.37343919,-0.29435417,0.008963075,0.52584624,-0.94008261,-1.0209997,0.008593533,0.71889138,-0.42639494,0.12831469,0.41129264,-0.18207386,-0.056951687,-0.31865048,0.20799185,0.72004199,-0.21145503,-0.25599709,-0.056356996,0.30895558,0.13180417,-0.92018938,0.3212676,-1.0619693,-0.34405452,-1.6129268,-0.98421967,-0.18262245,-0.10528305,0.32852459,-0.40735728,0.10945481,-0.15044332,-0.17288068,-0.61280215,-0.49078906,-0.077657059,-1.0765165,-0.17010924,-0.13556449,-0.14562246,0.39537752,-0.36426774,-1.5227621,0.35366106,0.42788059,0.70804328,-0.28425187,0.42184094,0.47544625,0.01225923,-0.54832011,-0.32271305,0.21221913,-0.8352378,-0.14798224,0.3035256,-0.25297117,-0.82893759,0.004449379,-0.45484456,-0.53538853,0.241289,-0.38199198,-0.031271521,-0.69655055,0.70800281,0.62296766,0.049797822,-0.036588181,-1.4682963,0.56772995,0.021100257,-0.094447866,-0.085258305,-0.54426241,0.001977852,-0.17228958,-0.70149398,0.8636353,-0.76021278,0.067983113,0.31928399,-1.3471243,-0.20643792,0.32593155,-0.073129877,-0.34055269,-0.81798458,0.35945839,0.47756398,0.42942187,1.1371741,-0.66804147,-0.24865308,0.033539049,0.19136652,0.27558649,0.30796677,0.15438844,-0.23132996,-1.1829631,-1.6336695,-0.76312983,0.24783045,0.38713941,0.62395191,-0.54322964,-0.36771557,0.082445577,1.1771904,-0.32402307,0.025914479,-0.39919144,-0.29668844,0.88443828,0.12283091,0.22094375,1.3750706,-0.15232515,-1.8452928,-0.060197368,0.3366065,0.002687304,-0.053064995,-0.62499225,0.15685044,-1.3982395,0.13637429,-1.2456465,0.25741434,0.15260425,-0.76380879,-0.007319536,-0.12219819,0.39064851,-0.21652447,-0.54174268,-2.3103783,0.33896288,-0.6001755,-0.10020729,-0.019535616,0.045136496,0.55877215,0.083106652,-0.17930241,0.52036029,-1.3742384,-0.78016514,-0.32373029,0.47549054,-0.55034989,0.15541825,0.23594274,0.3495692,0.13777453,0.27776498,0.23918906,0.66449523,-0.92069882,-0.33088407,0.44469118,-0.23817122,0.26111525,-0.21079533,-0.17245176,-1.107133,-0.46227735,0.058975827,-0.23734756,0.30115873,1.0809176,0.32543999,-0.47100997,0.12383274,-0.33198905,0.45466638,0.56466264,-0.40110999,0.11596426,1.4663457,0.14744195,0.22937086,-1.0177903,-0.060779765,-1.9384575,0.84685135,-0.90520447,-0.28500563,-0.12915754,-1.3882281,-0.34645593,0.33283809,0.26003599,0.57535553,0.49390948,0.052895367,-1.7570668,0.9286139,0.070923001,0.93018687,0.10191292,-0.74516118,0.1070576,-0.9546957,0.58267277,0.49537581,-0.77459973,0.31029812,-1.6758598,-1.3696345,-1.2037259,-0.479949,0.99532497,0.6355052,0.26570916,-0.82603383,0.6556887,-1.0248332,-0.025035217,0.27012527,-0.84143817,-0.1632344,0.019896083,0.52835959,-0.13665281,0.38297507,-0.14292136,0.53432238,0.035233378,0.39845628,0.030034125,-0.031759821,-1.0993478,0.37711614,0.91064274,-0.26728296,0.49048755,0.46121135,0.25136116,-0.64816684,0.59832847,0.30272752,-0.73278004,-0.36125141,0.056101665,0.067088254,0.045819834,0.69465888,-0.21424133,-0.53298515,-0.51456797,0.002114691,0.57943982,-0.11124406,0.46950975,-0.17531966,0.13704744,1.038276,-1.0449198,0.14577229,0.25260812,-0.61668688,0.08661361,-0.50705576,-1.2543607,-1.7297866,-0.28583699,0.58168894,0.15212791,-0.12703538,0.67295194,0.23392922,0.81645781,0.18507329,-0.18138805,-0.31543857,0.20047548,0.072447926,-0.055576749,-0.65116161,0.23214138,0.1760017,1.1548172,-1.517235,0.024010273,1.7386746,1.5387862,0.3058044,-1.2434915,-0.051594466,-0.29432386,-0.088629641,0.026203731,0.11454687,0.64703876,0.68969452,0.27581522,0.16333817,0.091283724,0.79403359,0.67009723,0.96259332,-0.69269443,0.15139863,0.2085503,0.077404648,-0.34231415,-0.16404125,-1.6192093,0.31310657,0.0216727,-0.38831651,-0.000548936,0.37852201,0.21424314,-0.41336274,0.26225719,-0.23015705,0.16007301,-0.1068545,0.38885677,1.1066129,0.34688222,0.007556146,0.58070284,-0.082638837,0.10547993,-0.78671092,0.25006381,-0.76131928,0.13295238,0.73422992,-1.0369968,-0.37201872,0.30741355,0.14492863,-0.30552363,-1.0990182,0.48486426,-0.55721557,0.26954287,-1.5404352,0.30539963,-0.20501888,-0.54296893,-0.4772304,1.002437,0.28478843,-1.66961,-1.005236,-0.2903865,-0.030736782,0.19546838,0.052336823,-0.003546266,0.4038825,0.17134473,-0.12511852,0.25002852,0.27358344,0.41280049,0.078373253,-0.56145513,0.31741786,-1.3348783,-0.017507061,0.21471612,0.084385149,0.19189355,0.68584889,1.9198414,-0.40785128,-0.74194199,-0.20027828,-0.014793731,-1.8635731,0.37577218,0.17911474,0.4386043,-0.69793385,-1.2390567,0.25131413,-0.54953009,0.95096838,-0.059295177,-0.09506689,0.32518512,0.057259221,0.2516754,0.33195499,0.029931778,-0.00265637,-0.35869867,-2.0288074,-0.67095548,-0.71165502,-0.029000629,-0.78620881,0.32420427,-0.15565482,-0.16774005,0.086719848,1
0.57143253,0.28756747,0.28618452,0.62622637,0.60851824,0.63332045,0.6185503,0.60652709,0.61260045,0.61677182,0.60439777,0.60848725,0.61043155,0.60002923,0.62627774,0.60498714,0.61109257,0.64060736,0.61598098,0.5888983,0.59270436,0.61467654,0.59934878,0.60107684,0.61210132,0.61019379,0.61870658,0.604316,0.61083752,0.61161655,0.6009649,0.60873097,0.59398103,0.59725833,0.60543817,0.59032208,0.58413815,0.6097604,0.58973873,0.60463941,-0.79862946,0.27162582,0.24194789,0.42146447,1.2670867,1.5935028,1.1480089,0.58122987,0.69495237,1.5409846,1.3061124,1.0776489,0.28092915,-0.19124086,-0.16863908,-0.28346303,0.56321263,0.32883769,0.26165754,0.26084778,-0.70814818,-0.078202799,-0.5539099,0.37120417,-0.75580579,0.059341252,-0.14756708,0.58096832,0.11340654,1.3320752,-0.23528922,0.14278829,-1.0853354,-0.26839763,-0.097182721,0.93192869,-0.98572302,0.50131655,0.22843844,-0.78890514,-0.16511622,-1.1129593,-0.51069903,0.33810118,0.76316792,0.53719711,-0.041187249,-1.7491347,0.68819785,0.065873638,-1.0300243,0.95199561,0.025904994,-0.061485797,0.54593247,-0.042805679,0.30163801,-0.44400907,0.022787567,0.52160347,-0.42648983,-1.1000199,-0.012963355,0.55564719,-0.13702096,0.12119357,0.055381455,-0.25385377,-0.10007425,-0.31616071,0.24390748,0.65109879,-0.18590868,-0.47426522,-0.081855029,0.30565214,0.30279267,-0.95748138,0.33327419,-0.90131938,-0.36181617,-1.6930703,-0.9501192,-0.039069764,-0.48958251,0.39222538,-0.26454163,0.10177667,-0.14139539,-0.076516353,-0.7383613,-0.31367707,0.020585358,-1.0891124,-0.13811642,-0.087032259,0.10709513,0.28018415,-0.4655064,-1.7456514,0.39537829,0.39471707,0.82497883,-0.073804781,0.49690127,0.35118756,0.035811905,-0.38305423,-0.22383341,0.22637086,-0.24193548,-0.017929457,0.31344607,-0.14434633,-0.73950577,-0.032710161,-0.53740156,-0.50123727,0.46098238,-0.39618301,-0.043287717,-0.63886559,0.67146593,0.58914,0.12929353,0.04985486,-1.6928519,0.72041285,-0.097860508,-0.17664051,-0.079040132,-0.51505607,-0.017605674,-0.099952988,-0.57047439,1.0068498,-0.734007,0.076757006,0.3827973,-1.7202837,-0.16555314,0.22855873,-0.010544159,-0.44481874,-0.78665829,0.48275432,0.10997237,0.55702108,0.7153545,-0.67380816,-0.19313504,0.008155752,0.022147032,0.24557859,0.26808894,0.16680288,-0.20919296,-1.217932,-1.6409545,-0.64961267,0.23825163,0.73714387,0.38969147,-0.3490001,-0.30982912,0.08799281,1.348382,-0.039883181,0.08294297,-0.31848836,-0.27637169,1.0430156,0.1018327,0.17157254,0.79583347,-0.10958326,-2.1233287,-0.085988805,0.30406028,-0.044163216,-0.0421969,-0.79870284,0.28219309,-1.4608326,0.25059998,-1.1037962,0.63963193,-0.039896317,-0.78155583,0.023303309,0.13945426,0.5811758,-0.11703762,-0.10191645,-2.4268863,0.32350162,-0.62648112,-0.098240964,-0.1346271,0.33295092,0.58167356,0.093078732,-0.10350091,0.46349382,-1.5421674,-0.75404835,-0.36516452,0.45611161,-0.42677289,0.29972613,0.24790233,0.34968698,0.14083952,0.34433103,0.45425314,0.86721766,-0.86306751,-0.34637237,0.61482263,-0.26645705,0.30922762,-0.19237578,-0.21590017,-1.1876416,-0.46236461,0.022374593,-0.43111569,0.29821116,1.1571667,0.36008739,-0.46709689,0.14157526,-0.35866177,0.47538224,0.60965538,-0.29698399,0.057387806,1.5459099,0.10104954,0.15975887,-0.81542385,-0.22268254,-1.8380375,0.978517,-1.3538154,-0.19223395,-0.017500624,-1.5058508,-0.075269878,0.22844344,-0.071169317,0.58023804,0.42494982,0.33729443,-1.9118936,0.94126326,0.031921878,1.1797036,0.068255626,-1.0514807,0.036215648,-0.89518422,0.52730536,0.17008358,-0.66777641,0.36277595,-1.7764518,-1.5256608,-1.4154875,-0.33782959,0.44895449,0.092140079,0.21092515,-0.89424562,0.70877326,-1.0627608,-0.005062521,0.26438537,-1.0560066,-0.037096344,-0.007726399,0.61116326,0.01194251,0.28133351,-0.18864357,0.49215627,-0.029051967,0.72604984,0.11770408,-0.084766455,-0.74465591,0.37736446,0.74872398,-0.50946987,0.51372647,0.44084954,0.58205378,-0.64425522,0.72659445,0.58579242,-0.78549361,-0.6106388,0.085741103,0.1529471,0.26631492,0.82262731,-0.23372212,-0.40836543,-0.44068298,-0.096344501,0.43542886,-0.12878525,0.16238859,-0.28037575,0.147782,0.99569201,-1.0878968,0.10012949,0.24598987,-0.57511604,-0.037605058,-0.1060331,-1.466977,-1.7974336,-0.10485534,0.55768752,-0.049194098,-0.11187662,0.74422836,0.16213769,0.386897,0.16917671,-0.15782741,-0.46144751,0.20512177,0.075687937,-0.00141117,-0.41229489,0.20640954,0.098976329,1.0737257,-1.5586245,-0.035060074,1.5272261,1.4353912,0.39103913,-1.2982106,-0.14732811,-0.38885421,-0.13487914,0.057434872,0.25651705,0.81281751,0.69225127,0.36896545,0.253021,0.14347288,0.66866857,0.76710612,0.86603725,-0.80297178,-0.061863095,0.34770706,0.083948143,-0.43061361,-0.1925524,-1.7412609,0.29880142,0.007907212,-0.38772166,-0.16071004,0.3650192,0.19855654,-0.48931253,0.24011025,-0.26571169,0.1525884,-0.12326767,0.63460678,1.0485547,0.28932828,0.01337678,0.5954296,0.13399392,0.12027653,-0.98708874,0.40850592,-0.63073194,0.13783844,0.8042556,-0.93612802,-0.43662393,0.37003484,0.18020257,-0.51644194,-1.0889012,0.56752729,-0.57675171,-0.099808902,-1.5331628,0.26587546,-0.12750545,-0.75948787,-0.37498719,0.86936736,0.26859736,-1.8180681,-0.9657129,-0.33702698,-0.04706315,0.22725789,0.029331284,-0.005189359,0.50921971,0.19783661,-0.031253919,0.21040677,0.43119448,0.44602618,-0.11433637,0.079170786,0.17155978,-1.2755315,0.021461735,0.3357718,0.057505917,0.18979658,0.4322747,0.92000467,-0.41540861,-0.82745731,-0.4007839,-0.045465529,-1.9497828,0.33937576,0.26216295,0.34768569,-0.6297096,-1.2427293,0.26450735,-0.54199123,0.010348558,0.022478413,-0.10078906,0.73723489,0.13037463,0.26757517,0.59037226,0.021207217,-0.095684797,-0.45693177,-2.1724682,-0.68020821,-0.84792715,-0.060719594,-0.82308131,0.28573385,-0.12046227,-0.31259623,0.038455326,1
0.62009931,0.37675282,0.36977896,0.62621176,0.62562442,0.64068139,0.62806666,0.61623591,0.62352896,0.63015902,0.62403113,0.62984514,0.62504965,0.61321729,0.64070082,0.6238662,0.62820482,0.65128148,0.63293958,0.62166041,0.6234318,0.63071442,0.61892807,0.62323344,0.63779241,0.62029898,0.63361186,0.62535179,0.62721038,0.63454854,0.63072371,0.63119912,0.61467004,0.61352026,0.63075447,0.61609375,0.60283178,0.62349212,0.6129024,0.62028068,-0.96039438,0.35600531,0.57670379,0.62618518,1.4824789,1.8787377,1.4995019,0.89231002,1.0314635,1.8203595,1.5609214,1.3812437,0.42418325,-0.22458762,-0.30559814,-0.3663553,0.7962383,0.46474606,0.45445997,0.3918941,-0.58730018,-0.047120437,-0.7157222,0.38380677,-0.65845037,-0.054644138,-0.25442642,0.75727475,0.12539577,1.2475636,-0.22711647,0.24089271,-1.2516638,-0.20541409,-0.24225543,1.2955401,-1.2011114,0.63359839,0.20057631,-0.95943278,0.06178046,-0.49451321,-0.73934877,0.43613249,1.0905256,0.61186153,-0.029574491,-1.9419146,0.78004503,0.12999347,-1.0835268,1.1338878,-0.017768737,-0.097960755,0.61034966,-0.047267929,0.26277119,-0.30268514,-0.00569389,0.74621713,-0.87798631,-1.2053165,0.012606427,0.72795939,-0.43015558,0.2013514,0.27007672,-0.28181028,-0.054987542,-0.33790126,0.34285673,0.55163234,-0.20224611,-0.37495065,-0.11796498,0.043481767,0.31329426,-1.1719735,0.41321397,-1.2140089,-0.43543705,-1.9479792,-1.2099657,-0.16383266,-0.2090496,0.44338554,-0.43268129,0.12583259,-0.11556707,-0.065444879,-0.83367103,-0.58227175,0.12453675,-1.3069042,-0.22907594,-0.078185767,-0.1613737,0.21537602,-0.39234963,-1.8195535,0.56360304,0.55166411,0.87830693,-0.46475735,0.68622488,0.46015918,0.028282758,-0.50379503,-0.18031515,0.3605479,-0.762766,-0.043190636,0.46412107,-0.40147078,-0.83835518,0.05549128,-0.62875986,-0.56254935,0.29152375,-0.53629041,0.070260108,-1.0504768,0.87274659,0.77887654,0.22675246,0.075312026,-1.7118614,0.3408556,-0.021927316,-0.19823639,-0.12088917,-0.71489489,-0.038722277,-0.14674787,-0.80379248,0.889292,-0.81093252,0.12570852,0.55023342,-1.8482631,-0.10807715,0.30440938,-0.22509502,-0.42733914,-0.91568089,0.39065501,0.32403302,0.66849065,1.2078195,-0.88406444,-0.22941649,0.077513486,0.034424175,0.24088627,0.4289746,0.14975314,-0.14508195,-1.5198643,-2.0791652,-0.85451132,0.34284317,0.42021877,0.70024264,-0.56759381,-0.39722598,0.073113769,1.4069176,-0.24043894,0.027921475,-0.3334977,-0.33363092,1.1440604,0.18643484,0.31236005,1.4375982,-0.36536986,-2.2445037,-0.087165087,0.55412662,0.012449098,-0.042171195,-0.76374388,0.11645669,-1.5866966,0.21413419,-1.2559444,0.25235409,0.18642291,-0.937253,0.02898374,-0.073313206,0.28593418,-0.15944123,-0.35964441,-2.8807814,0.30179879,-0.70298392,-0.018110245,0.022868522,0.2506012,0.47551388,0.19121656,-0.18406956,0.51545036,-1.591131,-0.79349822,-0.4007718,0.73247331,-0.41587907,0.10366837,0.23964405,0.51709616,0.061340723,0.40285996,0.26845044,0.75788337,-1.0443863,-0.27083674,0.73607618,-0.18907231,0.20579934,-0.061078373,-0.32274723,-1.37668,-0.5580557,0.086898923,-0.2831904,0.53122085,1.2908283,0.45215732,-0.53349459,0.18640919,-0.3544004,0.7145341,0.67563725,-0.42296571,0.10396336,1.4664487,0.17245397,0.29303917,-1.1662768,-0.26738822,-2.1311336,0.88252765,-1.0452102,-0.18928409,-0.13900828,-1.6546197,-0.4120633,0.23753905,0.030313842,0.92152721,0.59044063,0.14300385,-2.1183946,0.92887139,0.032451525,1.1638789,0.07756643,-1.1173433,0.12044948,-1.2022729,0.68998182,0.39611101,-1.0004234,0.38113594,-1.9054191,-1.7280052,-1.4173214,-0.58718348,1.1350206,0.50388831,0.35868096,-0.92560899,0.91319138,-1.1669526,-0.004082322,0.34212023,-1.1589218,-0.28067023,0.11429051,0.45835182,-0.045862004,0.42096737,-0.13399959,0.33767283,-0.008627325,0.25870067,0.041715957,-0.075932942,-0.97045732,0.54816854,1.0930262,-0.49110642,0.60331583,0.54227656,0.23383281,-0.83731198,0.79030603,0.13554993,-0.86571866,-0.66325212,0.065981559,0.080453917,-0.10439119,0.94358146,-0.1989938,-0.73980689,-0.65574336,0.005603209,0.71068859,-0.10602365,0.56720525,-0.33571985,0.24283135,1.2914251,-1.1634521,0.14610584,0.34315133,-0.66941118,0.051829275,-0.074938908,-1.451622,-2.0581412,-0.50652111,0.79140592,0.079026997,-0.19629836,0.83642685,0.26046631,0.6983512,0.30515409,-0.22574176,-0.33976093,0.31115058,0.098564789,-0.098561287,-0.61738646,0.27227572,0.19559941,1.4783218,-1.7510999,-0.006567694,1.7951779,1.7384725,0.43525666,-1.3958161,-0.19446051,-0.41183046,-0.22141325,0.01924096,0.097166121,0.61513233,0.54956257,0.35581034,0.24341567,0.15223826,0.91517305,0.73502672,1.284651,-0.88743281,0.37406299,0.20882677,0.12572049,-0.48992044,-0.15972887,-1.8048067,0.45071951,0.000790041,-0.40058702,-0.14336438,0.43180093,0.28541106,-0.53469354,0.22733176,-0.20758481,0.23424682,-0.15428713,0.83659458,1.3273945,0.41715044,0.036279686,0.67921811,-0.042061932,0.12497034,-0.94228977,0.26862952,-0.90946913,0.040909946,0.62088525,-1.1049635,-0.44462132,0.42691305,0.27774549,-0.48384324,-1.3806086,0.64145827,-0.51873708,0.38432267,-1.8659468,0.3648442,-0.34395498,-0.85704648,-0.36500543,1.1474193,0.43581212,-2.0709383,-1.2843223,-0.50345981,-0.022774722,0.27781415,-0.12865719,0.033293191,0.58339751,0.27247962,-0.19154605,0.39177203,0.30397195,0.31529823,-0.082079157,-0.6154812,0.31213227,-1.6862371,0.003850898,0.22888069,0.12990078,0.2925387,0.82995671,1.8685791,-0.44458401,-0.81186748,-0.35343945,0.24806175,-2.1784565,0.42296541,0.45082283,0.52560788,-0.90856528,-1.4163704,0.27248815,-0.55407089,1.087203,-0.13472886,-0.056960925,0.022473812,0.14789474,0.35224187,0.40830693,0.082874946,0.055222347,-0.38743094,-2.4383094,-0.63182616,-0.84153944,-0.000758618,-0.94561994,0.27740487,-0.10469703,-0.35335267,0.12575953,1
0.61355484,0.35513064,0.3547641,0.62711191,0.61769271,0.64520478,0.61872995,0.61552322,0.62027574,0.62955344,0.61645985,0.62446678,0.62032747,0.6046952,0.62946564,0.61538744,0.62178254,0.6443119,0.63442409,0.61287177,0.61250544,0.62358165,0.61943376,0.60177398,0.63635838,0.62340456,0.63382471,0.63438749,0.64136267,0.64312077,0.63309515,0.63707054,0.62597024,0.62769508,0.64403033,0.61843991,0.61794472,0.63770306,0.62626851,0.63115835,-0.92867148,0.33581182,0.4577933,0.53636849,1.3853407,1.7726312,1.3849763,0.77847958,0.90542865,1.7042446,1.4537419,1.2627012,0.35439447,-0.15893233,-0.36241233,-0.32844424,0.68287134,0.39916512,0.38296187,0.32491255,-0.43384638,-0.008582427,-0.58972949,0.39032778,-0.86784744,0.004338369,-0.20353734,0.78212178,0.23594865,1.3834556,-0.20862368,0.20316993,-1.2356741,-0.22434905,-0.04299235,0.90790248,-1.1854335,0.60334218,0.15814577,-0.89110625,-0.10586274,-1.0697221,-0.60056829,0.4120498,0.84639448,0.68973619,-0.001882043,-1.7608236,0.76232135,0.13445927,-1.0658042,0.82366204,0.002595775,0.014162932,0.59477729,-0.042236954,0.36997756,-0.31250662,0.038036957,0.63551414,-0.81769466,-1.2000302,0.033557706,0.59942526,-0.42716098,0.31417555,0.17704545,-0.16576734,-0.12904979,-0.33306766,0.3811233,0.57717657,-0.25474802,-0.25939691,-0.16715083,0.24663997,0.41292295,-0.95985955,0.3839781,-0.97902453,-0.39055675,-1.8898563,-0.88214809,-0.17519009,-0.48921657,0.25696653,-0.39077321,0.11359539,-0.12135664,-0.086415187,-0.84155452,-0.65227592,0.4919489,-1.1296589,-0.25870088,-0.034917198,-0.035954759,0.14481528,-0.43270484,-1.77018,0.8281709,0.49375257,0.93695426,-0.2832095,0.67328244,0.37988058,0.062042579,-0.2276428,-0.25850257,0.29472074,-0.68613851,-0.032917343,0.40777481,-0.27745321,-0.81789446,0.062788121,-0.48958835,-0.55936342,0.34934276,-0.41241795,-0.003751509,-0.90902156,0.74601334,0.66542482,0.081997968,0.11977783,-1.7151909,0.50828606,-0.033195768,-0.1964031,-0.065264195,-0.55553067,0.11974354,-0.14274678,-0.67996264,1.0259571,-0.668926,0.10223928,0.49041852,-1.4898095,-0.17494769,0.28665969,-0.083693005,-0.40530089,-0.95583355,0.42057562,0.049484417,0.61047828,0.95104456,-0.84804726,-0.29747275,0.058852993,-0.01379536,0.21990389,0.37791494,0.098317839,-0.24866962,-1.3016417,-1.8889315,-0.84519464,0.28326049,0.69440031,0.53701073,-0.43212,-0.38592383,0.046195343,1.4626641,-0.18120413,0.12411193,-0.28223485,-0.23085573,1.0014806,0.14402908,0.24937189,1.3390927,-0.17585903,-2.1983731,-0.10809013,0.65786344,0.018858213,-0.030057479,-0.65285349,0.051579591,-1.4444788,0.20727748,-1.4381213,0.27959824,0.14384943,-0.95529872,0.011739842,0.24730754,0.50327718,-0.19453225,-0.10716321,-2.5754566,0.22439224,-0.79641497,-0.087722339,-0.10815887,0.13746358,0.50824392,0.074953027,-0.22857851,0.27656126,-1.4651864,-0.8900553,-0.40111667,0.46648622,-0.5031122,0.14605191,0.22630535,0.4598029,0.062440719,0.51143521,0.37406608,0.76053756,-0.96311182,0.35044616,0.53351384,-0.023487072,0.25459212,-0.054479159,-0.19529901,-1.2953442,-0.46595165,0.09452457,-0.41264248,0.50274634,1.05916,0.41841853,-0.48477778,0.1628093,-0.42760545,0.68094128,0.61101949,-0.42158189,0.10354314,1.97144,0.16702791,0.19329083,-0.89456195,-0.1905335,-2.0028584,0.90031171,-1.1614486,-0.24338979,-0.16628934,-1.4663765,-0.52715307,0.26665378,-0.00247705,0.67718273,0.5465678,0.24860999,-1.9617548,0.94921851,0.027023906,1.2363625,0.059097759,-1.2893174,0.086831659,-1.0541719,0.53457338,0.31968981,-1.001909,0.3100054,-1.7590978,-1.3402853,-1.3844246,-0.41554773,0.689107,0.65186793,0.30689567,-0.90803677,0.81922168,-1.164053,-0.082202353,0.33278266,-1.08139,-0.098838024,0.060522191,0.52835387,0.12900792,0.40922967,-0.10626987,0.44699967,0.002702849,0.41878295,0.001702096,-0.10733667,-0.82481515,0.43805987,1.1776068,-0.51924312,0.58594179,0.47309402,0.49987927,-0.74549115,0.64062619,0.24417615,-0.74743283,-0.66596484,0.081453264,0.077898189,0.09638232,0.86508101,-0.22278292,-0.62979949,-0.58777356,-0.014486441,0.68873668,-0.12454151,0.18362936,-0.3886447,0.176716,1.1264977,-0.9930194,0.17336947,0.34186286,-0.63927823,0.015335415,0.052346461,-1.3094443,-1.9379058,-0.26721585,0.6942687,0.080968432,-0.14676978,0.71513271,0.27320245,0.54386318,0.2777611,-0.055666938,-0.47425443,0.26313874,0.23331514,-0.20156308,-0.47921115,0.27164203,0.14074335,1.4257405,-1.8065699,0.08134789,1.5179653,1.8772571,0.42495576,-1.4192357,-0.20461459,-0.42117369,-0.16856,-0.050536498,0.23627533,0.88906765,0.62027049,0.66681933,0.17411299,0.26434439,0.78860807,0.6882692,1.0828753,-0.9585743,0.22794572,0.22468534,0.081828877,-0.36665076,-0.16790351,-1.5462151,0.35163677,0.011461701,-0.40043372,-0.1162783,0.43697479,0.24157541,-0.66103554,0.22268517,-0.23055223,0.44679862,-0.099589624,0.50960416,1.1603447,0.32130459,0.012152693,0.67348886,-0.11640378,0.13950327,-0.98901033,0.3341862,-0.83623183,0.045220986,0.67270893,-1.0493844,-0.40262032,0.41149607,0.29635787,-0.53437418,-1.2309059,0.5283078,-0.58791643,0.30687416,-1.6865523,0.34612083,-0.23641753,-0.76667815,-0.50297809,1.0501127,0.42079622,-1.9211574,-1.2799834,-0.40907463,-0.001168844,0.26195899,-0.078429163,0.005887505,0.50483966,0.20286095,-0.16520907,0.21505287,0.37384203,0.39537445,-0.11024108,-0.16544665,0.43560147,-1.546466,0.010537883,0.35931116,0.10406031,0.27228981,0.73043936,1.10308,-0.38924322,-0.83866519,-0.37072492,0.13907835,-1.9643608,0.51445556,0.32705438,0.42368865,-0.82019889,-1.3570088,0.35027933,-0.55436492,0.42705193,0.003254965,-0.1057747,0.51740158,0.14072756,0.31228325,0.35496697,0.099263825,-0.12782016,-0.34223133,-2.2941251,-0.64576459,-0.86012942,-0.016886976,-0.93544108,0.26002699,-0.17093307,-0.24312723,0.11889733,1
0.57049954,0.31374639,0.3019729,0.60832369,0.59835821,0.62862831,0.61127293,0.58881682,0.60772848,0.61414623,0.60762864,0.60873985,0.61367011,0.59597766,0.62880123,0.60515946,0.60615027,0.63104904,0.62145787,0.59523994,0.60078609,0.61334372,0.60972333,0.60101175,0.62164533,0.61028862,0.62735921,0.61584896,0.61048639,0.62147534,0.61684287,0.62314427,0.59644294,0.60997677,0.61997235,0.59978461,0.60466623,0.62066162,0.6036604,0.61761141,-0.8481071,0.28758544,0.3249687,0.44792709,1.3122785,1.6806786,1.2456266,0.66614664,0.77896732,1.590308,1.3539586,1.1429249,0.27086717,-0.20216237,-0.11246404,-0.3745237,0.51637834,0.29717723,0.36128074,0.29303259,-0.44241685,-0.014429958,-0.6894815,0.11785625,-0.69440234,-0.12753156,-0.18143086,0.72009981,0.12028348,1.5298083,-0.19603419,0.17015934,-1.1193615,-0.2652272,0.03280177,0.67540491,-1.0708423,0.48358727,0.2472644,-0.71388155,-0.1795226,-1.1205523,-0.63560593,0.26361617,0.63371527,0.59456503,0.008209319,-1.8287078,0.65396267,0.11708929,-1.0060402,1.0341146,0.048644014,-0.04973682,0.4548012,-0.076559439,0.27004462,-0.43660954,0.060596157,0.49987897,-0.41196641,-1.0982432,0.039911576,0.54526305,-0.24198987,0.1069276,0.12448303,-0.20497498,-0.1392567,-0.37609857,0.29988053,0.91249436,-0.19890536,-0.40916836,-0.084902823,0.36184442,0.18223339,-1.0410844,0.38787878,-1.0609437,-0.43733871,-1.8190258,-0.95783257,-0.031356078,-0.42477173,0.3009769,-0.30957592,0.18648873,-0.12773103,-0.1704026,-0.71097839,-0.33452183,-0.069013149,-1.0987196,-0.099868186,-0.13531923,0.23907898,0.30301231,-0.51478839,-1.6165986,0.24241203,0.47530419,0.77756417,-0.040335566,0.57399493,0.34404176,-0.008987457,-0.67374784,-0.21854109,0.2036532,-0.15740617,-0.18221381,0.28967801,-0.29258364,-0.77021521,0.03759747,-0.53863573,-0.54187959,0.35380542,-0.43038082,-0.052349769,-0.76279038,0.66191447,0.59815437,-0.016137466,0.11036666,-1.6812447,0.62599367,-0.03986074,-0.21136993,-0.068297446,-0.5603953,-0.029922467,-0.11236113,-0.59502149,0.92060238,-0.74181318,0.10656431,0.32174557,-1.5789194,-0.17817855,0.33994517,-0.068120703,-0.54591841,-0.9446798,0.47679421,0.28414813,0.50725174,0.72135293,-0.75566971,-0.28599244,0.1072821,0.023595659,0.20351134,0.25881672,0.18370552,-0.081665821,-1.2081399,-1.6455019,-0.61614442,0.32003719,0.5618028,0.45199126,-0.4825654,-0.28078246,0.088456184,1.5644549,-0.21450607,0.092081577,-0.37928924,-0.26949823,1.0485299,0.083616056,0.24035621,1.1624291,-0.1215478,-2.0724962,-0.048876952,0.53729934,-0.071607187,0.00022506,-0.78882235,0.20990604,-1.5159636,0.19955678,-1.2435631,0.62788188,0.18484479,-0.782888,-0.036918059,0.064085141,0.68221515,-0.21179865,-0.37289917,-2.6124709,0.27950796,-0.69474232,-0.081049085,-0.13274136,-0.079257533,0.77495289,0.12075525,-0.21131672,0.58577806,-1.4843602,-0.85857546,-0.29356587,0.52998447,-0.44809777,0.23830625,0.36816216,0.43261534,0.065039143,0.31256032,0.51417816,0.80941522,-0.9503721,-0.38317737,0.69135106,0.097171612,0.28947437,-0.050752506,-0.30574125,-1.2796783,-0.57142562,0.046338551,-0.42861709,0.60904354,1.1061609,0.37746403,-0.49654195,0.10525325,-0.36365899,0.74199516,0.49851757,-0.35271111,0.16024259,1.2335721,0.12414598,0.20900638,-0.81493056,-0.15244864,-1.9347196,1.0519782,-1.3755392,-0.08144483,-0.17513308,-1.7328868,-0.10219976,0.28815565,-0.012911811,0.7442981,0.519862,0.29327467,-1.9721071,1.0098708,0.02856289,1.1838442,0.062848255,-1.1780599,0.036510959,-0.87509573,0.64192885,0.26845106,-0.81361985,0.25977913,-1.6350447,-1.4908345,-1.3054929,-0.45922381,0.57934302,0.48602995,0.27764687,-0.92985821,0.70630997,-1.06295,0.10980031,0.21096835,-1.049688,-0.001728278,0.058807679,0.61769909,0.054631125,0.28526428,-0.13582024,0.35677648,0.027446248,1.0011333,-0.019744124,-0.11865559,-0.6600852,0.32937691,0.92436677,-0.54056305,0.56815356,0.4811928,0.58354831,-0.58154625,0.64750081,0.36751297,-0.99926913,-0.67244887,0.075433239,0.2204349,0.19031133,0.71841323,-0.30010575,-0.4917644,-0.52656871,-0.019437116,0.5158112,-0.12745672,0.30590686,-0.36509332,0.12728861,1.1026541,-1.1755558,0.13043605,0.31524155,-0.52689838,-0.031111099,-0.039133269,-1.4980841,-1.930063,0.006430507,0.56655157,-0.022263989,-0.13554615,0.87598544,0.16533107,0.42008054,0.17661834,-0.2301726,-0.5207203,0.20331477,0.067064151,0.019080229,-0.60822374,0.23306307,0.097837619,0.96622801,-1.5470268,0.10920163,1.6451852,1.357559,0.25019723,-1.4929904,-0.19614255,-0.45602751,-0.15316534,-0.074890062,0.46486124,0.75151306,0.35605037,0.31018367,0.16290396,0.15539896,0.67053467,0.80160946,1.0466053,-0.94137126,0.20596761,0.28212416,0.09629301,-0.44342446,-0.16791101,-1.7495432,0.30885464,0.000251483,-0.36357361,0.07292296,0.24626294,0.30950564,-0.61352175,0.33968192,-0.23699468,0.13172317,-0.14506555,0.71181339,0.92445785,0.32887763,0.030168623,0.6182403,-0.15417367,0.076944873,-0.9429974,0.33299041,-0.66170806,0.12041602,0.78339684,-0.97576582,-0.53104383,0.47961745,0.32424089,-0.62555707,-1.2418594,0.47019252,-0.56416982,-0.056154519,-1.6192127,0.32037744,-0.18708818,-0.65775055,-0.25272268,1.0089318,0.40781105,-1.8053777,-1.1425794,-0.36347207,-0.008648447,0.23981859,-0.11898777,-0.000521187,0.57145405,0.17143121,-0.050360426,0.18619011,0.33202678,0.43504038,-0.12948769,0.11266347,0.13619338,-1.4407507,-0.004065519,0.46678945,0.0779671,0.23454085,0.69452953,0.88944447,-0.45574909,-0.8057906,-0.41012934,-0.072419435,-2.0536044,0.24879473,0.23169221,0.39839908,-0.64525127,-1.3023801,0.31611097,-0.63177854,-0.024553001,-0.028854594,-0.12358394,0.79050732,0.096663624,0.30028164,0.52836257,-0.026123643,-0.014006063,-0.45043489,-2.2909064,-0.71161342,-0.91455001,-0.073615268,-0.86895782,0.28235722,-0.18196574,-0.32699874,0.06143317,1
0.38566104,0.15386209,0.14007737,0.43228388,0.41872591,0.46244514,0.43842834,0.42029154,0.44989932,0.44317687,0.45031175,0.43942052,0.4454031,0.42423964,0.46124768,0.42904666,0.47178793,0.47812045,0.47458509,0.4677375,0.46768123,0.43884152,0.45415682,0.46509188,0.48136109,0.44570866,0.44236693,0.4396567,0.48709899,0.4601801,0.46622974,0.47099596,0.46668589,0.4653033,0.48571947,0.44809663,0.47232914,0.48851687,0.46569997,0.46938306,-0.88676804,0.1181608,0.41177469,0.51157796,1.4292208,1.7428374,1.3544555,0.76906973,0.8828522,1.7112701,1.434153,1.2641557,0.31020257,-0.17540902,-0.22494775,-0.29888588,0.59899694,0.37106419,0.32737562,0.31536147,-0.44014665,-0.007255892,-0.55826521,0.39116648,-0.75648308,0.070372596,-0.22799172,0.66988063,0.24451193,1.3695092,-0.14449406,0.24965285,-1.1591187,-0.29434565,-0.055283442,0.71811152,-1.0136166,0.57945907,0.2185045,-0.90029371,-0.16446251,-1.1335514,-0.56360233,0.48257381,0.7566393,0.63866258,-0.04084079,-1.6967497,0.70701903,0.086332455,-1.0750574,1.0034292,0.014851447,-0.008518707,0.51073587,-0.098914489,0.37532586,-0.43507883,0.076162964,0.57303292,-0.76507986,-1.1193265,0.025134016,0.5803892,-0.236386,0.12003469,0.10389055,-0.19341576,-0.015338406,-0.32476503,0.31778061,0.76425606,-0.20479375,-0.62796545,-0.15152588,0.26040706,0.42154288,-1.0484073,0.40537602,-0.98439485,-0.36331099,-1.8394276,-1.0583854,-0.1027785,-0.48759723,0.25153866,-0.413427,0.14288917,-0.13978752,-0.2439734,-0.73711228,-0.50208867,0.19412485,-1.1467,-0.07950189,-0.074076109,0.023195371,0.55103648,-0.48218665,-1.7810552,0.4443408,0.46226737,0.89267564,-0.17173423,0.54417127,0.44349694,0.02806012,-0.31460202,-0.2999005,0.3917473,-0.60187387,-0.14792195,0.39249042,-0.29903048,-0.85373181,0.032597743,-0.65332496,-0.66353476,0.35156518,-0.37161413,-0.031583253,-0.56841815,0.68879908,0.65920001,-0.007047199,0.092287332,-1.7230673,0.89579189,-0.09065102,-0.16210391,-0.069922745,-0.54686397,-0.078637831,-0.14274663,-0.63687229,1.0799048,-0.71129531,0.11356366,0.4362458,-1.3792714,-0.17672843,0.373539,0.005755566,-0.48469952,-0.90364224,0.52147377,0.007959724,0.53047609,0.84000033,-0.73490489,-0.31928414,0.001267985,0.026360363,0.18620388,0.32914063,0.015383676,-0.16523328,-1.3247653,-1.8084148,-0.72857535,0.24173009,0.70158112,0.49379611,-0.54323351,-0.44674072,0.11751769,1.406045,-0.17784631,0.079992563,-0.29359674,-0.23584326,1.2103914,0.1181668,0.23590623,2.2389178,-0.11545156,-2.2588971,-0.073665321,0.65692699,0.004439013,-0.03597692,-0.73062778,0.13176133,-1.6241829,0.19880722,-1.15283,0.28412145,0.15990737,-0.84277588,0.031913619,0.64158821,0.57224739,-0.28563839,-0.36152312,-2.6929111,0.33992362,-0.90529764,-0.05650571,-0.093316033,0.35290504,0.54077226,0.10670644,-0.18351048,0.5519138,-1.7464848,-1.049732,0.36461237,0.47134218,-0.5172087,0.22496498,0.19696598,0.43653822,0.019242443,0.38169909,0.4785594,0.78225529,-0.95306063,-0.37691253,0.5055353,-0.27242574,0.27434987,-0.11422954,-0.073802382,-1.251724,-0.47914365,0.074353978,-0.41859505,0.34312433,1.2005442,0.42610693,-0.47728455,0.17693195,-0.39011228,0.53387392,0.63127357,-0.40574589,0.0609864,1.7950149,0.15491557,0.28836235,-1.0936102,-0.20511833,-2.0441329,0.91562545,-1.4353094,-0.2463485,-0.11270926,-1.5649815,-0.31999713,0.20408086,0.38683781,0.62696099,0.50052255,0.52005601,-2.0084236,1.0723799,-0.018350754,1.1549859,-0.003703658,-1.040313,0.11674032,-0.92633474,0.62046218,0.37799281,-0.85188645,0.30632156,-1.9373093,-1.6000152,-1.436016,-0.36836797,0.59397334,0.94987917,0.27412406,-1.0294045,0.85491288,-1.1559019,-0.024541199,0.27620548,-1.0329176,-0.12257386,0.014932769,0.58179367,0.061749831,0.41007897,-0.15421094,0.45012626,-0.000509446,0.6642974,0.067521557,-0.078986347,-0.91984326,0.3715255,0.92287201,-0.4386121,0.6761843,0.48173594,0.3726795,-0.71391809,0.64265525,0.44129342,-0.90527326,-0.59125268,0.076922737,0.17303962,0.22458118,0.81719005,-0.23739809,-0.46791634,-0.51678902,-0.086883858,0.53735793,-0.048526466,0.19299157,-0.33049494,0.1647009,1.2735865,-1.1406938,0.11938027,0.2995826,-0.67844915,0.006514546,-0.21568871,-1.5029054,-1.9686601,-0.18906865,0.71269941,-0.09635973,-0.13668463,0.70248711,0.24400702,0.51711053,0.21575953,0.006153926,-0.51247734,0.24512601,0.060634732,-0.16997898,-0.72632909,0.2505962,0.1288092,1.2343084,-1.7600881,0.013374832,1.5922743,1.4983279,0.6310246,-1.4132172,-0.23473479,-0.63349426,-0.13761534,-0.019435499,0.45022804,0.90527779,0.74805832,0.44838566,0.23543006,0.2124176,0.80931246,0.70719123,1.2405012,-1.0189556,0.059583962,0.391626,0.15794952,-0.50707364,-0.1764836,-1.6529284,0.34517699,0.053128425,-0.42907906,-0.045954682,0.37318683,0.16826369,-0.66837555,0.36100152,-0.24778795,0.36653399,-0.10050121,0.34711745,0.95658094,0.3787168,0.060803924,0.66381317,0.24353726,0.004736467,-1.0520278,0.33797142,-0.71543467,0.26835707,0.8173213,-0.86521077,-0.47962263,0.45191967,0.26198101,-0.55945897,-1.25003,0.59416837,-0.66145724,-0.10492007,-1.6996241,0.28347147,-0.23280755,-0.77911228,-0.4224765,0.96890599,0.36676821,-1.8062633,-1.3887722,-0.38317278,-0.016085744,0.23897433,0.021051148,-0.026505522,0.54986769,0.20643359,-0.13172543,0.20006043,0.37216884,0.38038129,-0.092918679,-0.030105755,0.20245954,-1.4380867,-0.022994217,0.56992048,0.096690647,0.23759477,0.59469575,1.0920948,-0.51493597,-0.79962707,-0.38682103,0.17301482,-1.9401692,0.398893,0.21647747,0.40204844,-0.7995348,-1.2150147,0.29227796,-0.55869031,0.1436317,-0.077944636,-0.0505694,0.6439712,0.17297833,0.29923359,0.47845376,0.017485909,-0.1260601,-0.48018938,-2.2772508,-0.73898977,-0.85708773,-0.071971208,-0.88712424,0.25071913,-0.19293322,-0.26101065,0.086149164,1
0.42608833,0.15648212,0.16775703,0.47081339,0.46293855,0.48334756,0.46897444,0.45687404,0.46673286,0.4742465,0.45504385,0.46430349,0.46539366,0.44252238,0.47468793,0.45214057,0.45506245,0.48435548,0.46790367,0.44296974,0.43359774,0.45450151,0.45093215,0.45497173,0.45655388,0.46072021,0.46549958,0.45300671,0.45395219,0.46143374,0.4500058,0.44767484,0.43769476,0.43831649,0.44989473,0.43073666,0.4240585,0.44610623,0.42245907,0.4367758,-0.74037182,0.15364771,0.29981923,0.44690198,1.3458089,1.6629066,1.2473806,0.66192997,0.76487768,1.6050164,1.3615345,1.152915,0.28641057,-0.15747014,-0.35226828,-0.28364104,0.58251065,0.31494787,0.32941046,0.27764937,0.19216013,-0.021814674,-0.54130489,0.34860167,-0.77796584,0.067365706,-0.20228341,0.67133629,0.33485252,1.2461119,-0.23254812,0.15310937,-1.1076267,-0.26401237,-0.039873064,0.89832723,-1.1475921,0.50624913,0.16994679,-0.85111922,-0.05993177,-0.73948777,-0.5401274,0.33465201,0.78014886,0.55674201,-0.004807503,-1.6187983,0.65253991,0.093722299,-0.9390139,0.96368563,0.018174812,-0.17311898,0.44288304,-0.10848137,0.28897518,-0.27564535,0.041526504,0.52326638,-0.98315859,-1.0390157,0.017075971,0.67318708,-0.39236239,0.15780613,0.3119328,-0.14727072,-0.11249565,-0.29588172,0.23279132,0.69186509,-0.23071641,-0.25413728,-0.070562452,0.26483807,0.048215568,-1.0149468,0.32725048,-1.0560592,-0.3146396,-1.6644645,-0.87156361,-0.16078301,-0.27788782,0.34976956,-0.35878313,0.14317787,-0.11454681,-0.075330786,-0.65980881,-0.56908965,0.18572295,-1.0467803,-0.17880879,-0.035370588,-0.083823457,0.4452557,-0.37974626,-1.563087,0.61708224,0.42230135,0.80240464,-0.27014881,0.55621153,0.34678102,-0.019934878,-0.56793284,-0.37963492,0.22659704,-0.78844088,-0.099315494,0.33724186,-0.21792905,-0.66043246,0.12313723,-0.46142095,-0.51474631,0.3328335,-0.30367652,-0.039538331,-0.73801899,0.65576577,0.64780968,0.088904463,0.085999206,-1.5331224,0.31121555,-0.073341943,-0.075081438,-0.037328392,-0.48491967,0.015808925,-0.15358576,-0.63191086,0.83571255,-0.73623788,0.10343427,0.37364534,-1.2543113,-0.1822612,0.29741943,-0.078559905,-0.34949979,-0.83434588,0.39025992,0.11170931,0.5060879,0.86339754,-0.72275233,-0.2266365,0.038613837,0.064309582,0.28503093,0.31653324,0.15575327,-0.29476398,-1.1677417,-1.6066297,-0.72498035,0.23924308,0.53838474,0.60855913,-0.52760768,-0.36892408,0.095436253,1.3656971,-0.23026589,0.070495173,-0.27914977,-0.20933869,0.85531974,0.15755168,0.20955454,0.7735095,-0.089508608,-1.9003901,-0.051894624,0.41180509,0.012908057,-0.047213569,-0.59932113,0.20469877,-1.386059,0.14121607,-1.1108125,0.13964903,0.17322183,-0.79551768,0.019906156,0.11113349,0.42018217,-0.26801842,-0.48979521,-2.3485329,0.33895558,-0.63497126,-0.11140244,-0.06793645,0.099243619,0.51613384,0.061729293,-0.19529679,0.50455475,-1.4145862,-0.78618389,-0.34100091,0.38651437,-0.42273733,0.16744176,0.16644287,0.40573236,0.064592689,0.35379344,0.36347887,0.77640706,-0.92218214,-0.30058396,0.54179633,-0.2466291,0.23334965,-0.084855549,-0.16287228,-1.1913059,-0.42078009,0.034475673,-0.34966463,0.32197678,1.026075,0.37952778,-0.4515503,0.11304297,-0.35789791,0.58417082,0.49284461,-0.36117816,0.12351629,1.6405734,0.13291721,0.20886034,-1.0801483,-0.16642928,-1.7582542,0.85411298,-0.98055995,-0.23970687,-0.17915744,-1.4428958,-0.36932272,0.24765974,0.21634573,0.7372815,0.47156879,0.024969548,-1.7494172,0.92027646,0.035281502,1.0922935,0.04179956,-0.95708787,0.12711534,-0.96759981,0.4663465,0.36260918,-0.85886729,0.23040816,-1.6180531,-1.2768793,-1.2223865,-0.34725618,0.77382106,0.49922687,0.23000196,-0.88005787,0.74132746,-0.94228941,0.038373187,0.38630807,-0.9962557,-0.16900168,-0.020751406,0.53663427,0.053965442,0.37748542,-0.19781865,0.41408545,-0.010216165,0.53032959,-0.036707327,-0.061443955,-0.83199865,0.36633122,1.0022702,-0.29079959,0.58419383,0.45168728,0.37764707,-0.602642,0.5494501,0.25849849,-0.69790614,-0.45217085,0.062214877,0.044379771,0.089849606,0.70830238,-0.18910754,-0.51955426,-0.48024502,-0.039130162,0.58710343,-0.094844222,0.20929539,-0.2862094,0.16035974,1.0403476,-0.98688763,0.15729198,0.26863953,-0.54459822,-0.013369489,-0.26726407,-1.2186798,-1.7455928,-0.27624434,0.60517913,0.066801578,-0.16603227,0.66605431,0.23334718,0.52543819,0.23663661,-0.17914391,-0.46137199,0.24019606,0.11764844,-0.10130166,-0.5896734,0.23574536,0.16920453,1.031839,-1.5297318,0.046405986,1.5575204,1.5637102,0.36506215,-1.378649,-0.1449534,-0.33646461,-0.080619752,-0.040994979,0.16458091,0.67600995,0.41041741,0.37541983,0.1336824,0.23893043,0.70427287,0.65509033,1.0290534,-0.85433114,0.17867772,0.13348451,0.16544969,-0.32190999,-0.17350724,-1.5778321,0.32922858,0.028979406,-0.37985593,-0.11554793,0.30579337,0.20324324,-0.49095482,0.25341749,-0.24688342,0.27917305,-0.080991507,0.42681742,0.92224908,0.40054792,0.035244662,0.56512815,-0.12643221,0.002206015,-0.93124753,0.28043815,-0.82661724,-0.015063345,0.60631192,-0.92270213,-0.39776605,0.40497324,0.26119113,-0.39333886,-1.0956229,0.48796025,-0.64535028,0.24326049,-1.5384651,0.26290014,-0.26854935,-0.77358335,-0.50401038,0.89737529,0.38926029,-1.7500867,-1.0069762,-0.37733132,0.001876069,0.22015755,0.020429632,-0.005335569,0.45951864,0.23218793,-0.090273857,0.24126889,0.32183978,0.45876196,-0.026952073,-0.2546294,0.37244779,-1.3280661,-0.002458382,0.22105929,0.046718877,0.23231387,0.6503129,1.3478887,-0.36895287,-0.72397774,-0.34864807,0.17577991,-1.9057612,0.44639122,0.20739037,0.3779408,-0.68331999,-1.1403823,0.31933153,-0.41470534,0.74910414,-0.093256555,-0.018676762,0.49242219,0.10152839,0.26042005,0.37944269,0.057812098,-0.11310071,-0.33487344,-2.0693212,-0.62282681,-0.674595,-0.040132277,-0.81163055,0.11726976,-0.1331199,-0.22068955,0.063835233,1
0.53411388,0.26126653,0.25711033,0.56689131,0.54725039,0.57514942,0.55545789,0.54570585,0.55339026,0.56907827,0.54480636,0.55098248,0.55457324,0.53762233,0.57069099,0.54495645,0.54855049,0.58255076,0.55639267,0.53521049,0.5274387,0.55106461,0.54192841,0.54169691,0.55284041,0.54339159,0.55883253,0.54551268,0.54804748,0.55242336,0.54343015,0.5479449,0.53699279,0.53887725,0.54342425,0.53166628,0.52944613,0.54559124,0.52694273,0.53528857,-0.85752332,0.2412675,0.33115441,0.46172813,1.3592094,1.6658589,1.2542187,0.67935467,0.79011619,1.616889,1.3781394,1.1661834,0.28927559,-0.18812954,-0.41873294,-0.31171715,0.57177228,0.32344681,0.29945657,0.2653513,-0.37721121,-0.040141445,-0.62432897,0.37465745,-0.77656287,-0.12673676,-0.22314548,0.57375556,0.20312405,1.0853438,-0.20722012,0.15922248,-1.1265105,-0.25178099,-0.04307472,0.8041746,-1.0926789,0.54027593,0.14363205,-0.80897743,-0.14319231,-0.96279764,-0.54878372,0.42448112,0.78462255,0.59537083,-0.019367754,-1.6352379,0.60112059,0.10695749,-0.97213429,1.0055902,0.006804247,0.086174086,0.52176034,0.010602526,0.3039923,-0.27595627,0.027575489,0.53802478,-0.9039644,-0.99662471,0.000841469,0.54675078,-0.34994051,0.14795153,0.12471642,-0.1605431,-0.077277824,-0.28013062,0.29687846,0.537714,-0.21855146,-0.20640618,-0.007453263,0.082469411,0.28876913,-0.95524424,0.33130518,-0.88859886,-0.33677742,-1.6755038,-0.92315388,-0.097116038,-0.38176104,0.52684593,-0.36575133,0.042158738,-0.10565019,0.096024737,-0.63969278,-0.50707752,0.25719258,-1.0673391,-0.082470357,0.062992111,-0.021064639,0.17780641,-0.37158272,-1.6562682,0.23441577,0.42766201,0.86015189,-0.17912279,0.52155089,0.43792859,0.010209784,-0.055599838,-0.22669385,0.3560718,-0.59248751,-0.13584867,0.33708754,-0.1424142,-0.73912543,0.13453123,-0.47991368,-0.40395299,0.33543298,-0.31556389,0.002857015,-0.76084471,0.69332218,0.79429913,0.11111798,0.14548868,-1.498461,0.46073133,0.008181367,-0.068734713,-0.050156612,-0.51499379,0.055864848,-0.097574472,-0.628286,0.91760951,-0.74625474,0.1002292,0.37423614,-1.6473837,-0.17058006,0.23336717,-0.03296034,-0.4681848,-0.79368824,0.35943696,-0.007431328,0.37183556,0.96186614,-0.72102159,-0.16159922,0.028310407,0.10489655,0.21097052,0.29629064,0.14533593,-0.20806774,-1.1701821,-1.6726483,-0.69491816,0.25776148,0.60125256,0.67524475,-0.39429101,-0.40832585,0.083927214,1.0317172,-0.17762434,0.062812924,-0.27278566,-0.22225493,1.0155699,0.10436522,0.22458726,1.4169941,-0.12594466,-1.7476444,-0.073525049,0.65748757,-0.023207603,0.015445232,-0.65227681,0.13565393,-1.3887854,0.13808128,-1.0014089,0.16782507,0.017189279,-0.75650245,0.055511191,0.14808346,0.52353567,-0.23170298,-0.17565146,-2.4108167,0.24325743,-0.37948543,-0.10556372,-0.071389519,0.25737578,0.44473433,0.032080933,-0.13741359,0.31844941,-1.3028455,-0.48014444,-0.27802753,0.4834885,-0.49227351,0.085695297,0.13224801,0.3758738,0.086645767,0.36598134,0.42624837,0.71539748,-0.83593339,-0.31700781,0.49660197,-0.24142066,0.21414751,-0.095354594,-0.1602436,-1.2179958,-0.44658402,0.045522567,-0.30600029,0.42088491,1.0121183,0.34500211,-0.40136284,0.12021289,-0.380005,0.64672077,0.51466507,-0.35942051,0.10370716,1.5217868,0.088136524,0.17487627,-0.7117067,-0.15435484,-1.7430413,0.73339057,-1.0788126,-0.20212683,-0.22873932,-1.1767801,-0.31953201,0.19847858,-0.16263869,0.74873173,0.29670805,0.15842152,-1.8164644,0.75380409,0.063148707,0.96076679,0.080541112,-0.9886148,0.097371981,-0.93089885,0.5227766,0.34026366,-0.81383955,0.38630557,-1.7078037,-1.365271,-1.1439326,-0.36914384,0.53554404,0.7453472,0.23466055,-0.89376104,0.76119578,-0.92351067,0.039652869,0.36555248,-1.0084964,-0.086661629,-0.027851503,0.42317024,-0.085569955,0.36419031,-0.1823985,0.52742034,0.003602514,0.34628898,-0.002921917,-0.029412411,-0.72954285,0.34919986,0.97105926,-0.46964255,0.54272664,0.47910559,0.4964034,-0.6258164,0.67556918,0.17548588,-0.67455208,-0.64224362,0.071292609,0.058619343,0.046312615,0.7536574,-0.17712525,-0.49975356,-0.48746687,-0.066941395,0.50234199,-0.14861061,0.1381909,-0.33847949,0.18065123,1.0875018,-1.0757449,0.10834856,0.25366443,-0.60996014,0.025390111,0.17701057,-1.2837183,-1.7163167,-0.23442139,0.59794724,0.007102802,-0.14306904,0.77667391,0.15500294,0.48385122,0.23249198,-0.077651218,-0.40202874,0.21529634,0.069752589,-0.097410947,-0.44481099,0.24688351,0.20947368,1.312772,-1.5494686,0.070281066,1.3235914,1.5297043,0.3304798,-1.306002,-0.15711273,-0.2887882,-0.10360485,-0.053817641,0.23451178,0.70216137,0.389543,0.31236467,0.20753409,0.25334686,0.71669096,0.68918407,1.1303003,-0.85087121,0.12270635,0.34948352,0.17191747,-0.32848886,-0.14388323,-1.5360427,0.31125301,0.014760543,-0.38259041,-0.14924814,0.58979726,0.17572406,-0.45729861,0.22783779,-0.23594916,0.2132342,-0.046863824,0.36294317,1.3074602,0.39758691,0.026180916,0.5806641,-0.25683555,0.11317673,-0.93349725,0.23494169,-0.74623245,0.080552481,0.40680054,-0.86814731,-0.36536849,0.45233971,0.27560502,-0.49832371,-1.1287159,0.50138927,-0.61097282,0.17424715,-1.5363548,0.25311875,-0.25858521,-0.78129709,-0.36732638,0.87431967,0.29962054,-1.8304125,-0.86612868,-0.38975385,-0.021245029,0.25489354,-0.039713249,-0.032385506,0.43480915,0.2339437,-0.14029816,0.2887603,0.37586182,0.37299305,-0.077400289,-0.11180037,0.1333048,-1.247205,0.078755453,0.2789492,0.062547296,0.27166435,0.53879827,1.3496655,-0.37645832,-0.71635973,-0.40115824,-0.13636073,-1.8686297,0.39981094,0.2434909,0.37584323,-0.55058801,-1.1816672,0.30661434,-0.42062336,0.31710976,-0.000864808,-0.017486963,0.19478786,0.10914993,0.26644152,0.36620262,0.041830275,-0.051708087,-0.37140644,-2.0534701,-0.65022367,-0.69158536,-0.04733419,-0.72314143,0.23725411,-0.21449517,-0.2858434,0.053419929,1
0.49101642,0.23123661,0.23269409,0.49285489,0.48500437,0.49932393,0.48160297,0.47213674,0.48440158,0.49323255,0.47851944,0.48717088,0.48658985,0.47452193,0.50003272,0.48099917,0.48890904,0.51607651,0.49813488,0.47880787,0.47505841,0.49101973,0.47565776,0.48285961,0.49354833,0.48530906,0.49877363,0.4813087,0.47737399,0.49504057,0.48145786,0.49793768,0.47455341,0.48320341,0.49003744,0.48582268,0.46915105,0.49468231,0.47246939,0.47786269,-0.88554174,0.2201013,0.40555823,0.48419619,1.3870217,1.7282352,1.3330486,0.73879898,0.86060929,1.6718314,1.4239388,1.2290657,0.26438317,-0.24151663,-0.23545432,-0.24655825,0.57304877,0.33634883,0.32580215,0.26931825,-0.35312074,-0.006582974,-0.49365038,0.38291907,-0.79240716,-0.10578547,-0.15035336,0.65111184,0.36749804,1.398181,-0.14355554,0.18129303,-1.1911385,-0.25349686,0.062731601,0.87264764,-1.1040272,0.47713402,0.18652606,-0.8677814,-0.12365939,-0.95656282,-0.64536345,0.39501145,0.79691583,0.66042054,-0.039076108,-1.7393734,0.72429949,0.095297739,-1.0209019,0.83046287,-0.014176108,-0.06314607,0.44253394,-0.11925593,0.36893868,-0.46184194,0.085383914,0.56463277,-0.80863601,-1.1830478,0.032205928,0.5884856,-0.324855,0.14578186,0.19432989,-0.24713168,-0.045724571,-0.35443649,0.3784546,0.91206396,-0.23491323,-0.28573844,-0.17914978,0.38022166,0.26781446,-1.0095327,0.35257405,-0.90109962,-0.3907882,-1.7837596,-0.9887808,-0.067819923,-0.38511041,0.26500887,-0.39499694,0.14173223,-0.15554562,-0.20971963,-0.78444624,-0.44845632,0.33880198,-1.125663,-0.087321363,-0.041206695,0.04513406,0.31581324,-0.46017575,-1.7962228,0.7960692,0.4369956,0.80110067,-0.14652832,0.61557442,0.31878108,0.053428389,-0.38465542,-0.23517886,0.29005387,-0.60885912,-0.157639,0.34057757,-0.24295141,-0.90734577,0.045935377,-0.57395273,-0.51441562,0.41659734,-0.40883493,-0.03479952,-0.75902033,0.66804981,0.65196717,0.084681191,0.17399266,-1.7283256,0.63981986,-0.066817313,-0.12776577,-0.10289201,-0.57238936,0.06575992,-0.14836006,-0.6435613,1.0011913,-0.71485066,0.094575971,0.45411694,-1.4077536,-0.23089261,0.34602633,0.042689495,-0.53504652,-0.88698077,0.50018215,0.021389857,0.44258398,0.76420915,-0.71517044,-0.23647922,0.027001996,-0.067595944,0.30313575,0.31885466,0.12448277,-0.26918486,-1.252535,-1.722259,-0.75996888,0.17417736,0.60217148,0.59533477,-0.41648737,-0.39404443,0.14991151,1.5470302,-0.2431417,0.036565416,-0.43574822,-0.25461757,1.1040896,0.11115694,0.21900651,1.2242274,-0.084028587,-2.0775445,-0.082787767,0.65782422,-0.053725801,0.10674025,-0.74537671,0.18258278,-1.5576581,0.11205146,-1.3010798,0.28086972,0.10724857,-0.79130089,-0.052186266,0.081647947,0.60622388,-0.32635471,-0.14821371,-2.659934,0.34583861,-0.6213333,-0.10555389,-0.11372653,0.096961677,0.5118714,0.084874913,-0.23126708,0.62792075,-1.5268495,-0.8085326,-0.43447664,0.37058935,-0.53705287,0.28030196,0.21816945,0.46447292,0.082827091,0.42564061,0.40815565,0.76463801,-1.0082428,-0.35092458,0.55048609,-0.1133105,0.31999221,-0.064395122,-0.21769378,-1.2607338,-0.47726408,0.05315217,-0.42994946,0.5103752,1.2116677,0.35059637,-0.45594153,0.14236702,-0.3960169,0.78052318,0.52196407,-0.3679969,0.09525907,1.760614,0.15017582,0.25273699,-0.908113,-0.23586178,-2.0110705,1.0030388,-1.1887261,-0.31915432,-0.25839713,-1.4993312,-0.28609079,0.28303349,0.15248618,0.82613695,0.57111222,0.45144507,-1.9555532,1.0717579,-0.008669009,1.17444,0.061746027,-1.0307721,0.12098815,-0.90575814,0.56245631,0.34335279,-0.7944383,0.3625643,-1.8220155,-1.6806824,-1.4079711,-0.48213983,0.56361091,0.56757271,0.25310782,-0.90310359,0.75378871,-1.1033226,-0.010516435,0.36104012,-0.99264967,-0.10355354,-0.010129585,0.61144936,0.013780907,0.41199872,-0.086089484,0.46021488,0.032446191,0.64245337,0.033442229,-0.031588003,-0.75271964,0.35940298,1.0707617,-0.39489177,0.63657027,0.50224638,0.62414986,-0.74668425,0.79115677,0.43467611,-0.90009278,-0.49713945,0.075209066,0.07549005,0.14491394,0.87456715,-0.25839245,-0.50461197,-0.51624858,-0.056038409,0.63569582,-0.11563655,0.18560936,-0.26124191,0.16884586,1.2000661,-1.0532256,0.15000398,0.29963356,-0.70734376,0.060849044,-0.29244649,-1.4372089,-1.9030235,-0.22642346,0.595487,0.1072185,-0.17039023,0.69881344,0.2480984,0.52160716,0.21490394,-0.23027079,-0.45321006,0.22561151,0.10276183,-0.1233719,-0.37669069,0.22358152,0.22066905,1.232524,-1.6077871,-0.090060301,1.726846,1.6305845,0.41578704,-1.3757339,-0.1396735,-0.40338027,-0.065387137,0.021436341,0.35814565,0.84347057,0.59673274,0.3564519,0.25200677,0.17831612,0.72167194,0.82369977,1.1485234,-0.87109542,0.21276045,0.39251027,0.088547371,-0.38133717,-0.12061429,-1.7681954,0.30766788,0.025143243,-0.4368909,-0.099446729,0.39399272,0.21727689,-0.61749822,0.2500011,-0.26637796,0.54512584,-0.064812914,0.73171705,1.1773753,0.38694161,0.011136437,0.68561643,-0.00119748,0.18807936,-1.0648519,0.27423656,-0.72395557,0.057128891,0.73413724,-0.90196294,-0.59276295,0.46208704,0.35335416,-0.52132922,-1.1280541,0.55937475,-0.58262736,0.088321023,-1.6077805,0.33448762,-0.2577695,-0.78636682,-0.4305436,0.9899627,0.40784025,-1.9969299,-1.1734852,-0.35458019,-0.005388616,0.23732494,0.056066424,0.006769372,0.47599986,0.18296231,-0.15491922,0.27239764,0.41907465,0.46168858,-0.11985487,-0.083405241,0.094286405,-1.4720577,0.038428698,0.35662067,0.089233138,0.22011919,0.64291334,1.0951467,-0.38648012,-0.73737001,-0.3123633,-0.005631492,-2.0968683,0.34877977,0.30229551,0.35840848,-0.69518495,-1.176234,0.30028442,-0.50010598,0.2385435,0.030004233,-0.081361502,0.58213335,0.11025567,0.25796229,0.53985637,0.009830862,-0.086786821,-0.45189977,-2.251657,-0.79842103,-0.88375735,-0.017045233,-0.80281216,0.056512803,-0.2687149,-0.32122689,0.062944688,1
0.51417613,0.27493185,0.20452741,0.49322405,0.48957181,0.51481634,0.47928756,0.47250396,0.4798485,0.48345619,0.4716658,0.47284877,0.46672231,0.44377398,0.47754204,0.4586879,0.46002555,0.49021843,0.48616123,0.43904316,0.4477579,0.47184089,0.46080989,0.45071927,0.46268183,0.4598915,0.48581743,0.47194991,0.46853232,0.46432656,0.46299386,0.45267504,0.44726402,0.46178538,0.46251392,0.43027681,0.4287715,0.44820642,0.43002409,0.4566226,-1.0699974,0.16842432,0.30788702,0.4128122,1.3263332,1.6420081,1.2083066,0.64631426,0.76305771,1.5811747,1.3764067,1.1303512,0.26002699,-0.24932982,-0.36558777,-0.4552424,0.56953579,0.30930695,0.3084003,0.24897981,-0.69196379,-0.032064319,-0.65425551,0.26052725,-0.81673592,-0.019310325,-0.14590052,0.64105958,0.30796489,1.367015,-0.21629019,0.1710379,-1.192687,-0.25846857,0.087666333,0.75499618,-1.1912916,0.43305629,0.22200558,-0.851668,-0.14809631,-1.0466903,-0.58802551,0.40917671,0.7383064,0.65538532,-0.049658217,-1.7660975,0.659316,0.10573405,-1.0314507,0.89449108,0.013277449,0.021537522,0.36938637,0.30280092,0.26915836,-0.41043925,0.015898883,0.55332232,-0.70187253,-1.0757176,0.071066491,0.57324743,-0.23565312,0.25190926,0.15024024,-0.20907423,0.010027736,-0.37576377,0.41829228,0.82843286,-0.1970935,-0.34218022,0.006690711,0.32465392,0.1943239,-0.99138767,0.35742727,-0.97727704,-0.41116646,-1.830543,-0.9180488,-0.071908817,-0.43546042,0.33444136,-0.44645905,0.09371043,-0.16069579,-0.17374477,-0.69635397,-0.47290725,0.14214261,-1.0411916,-0.081419259,-0.11515317,0.082469359,0.50327277,-0.46506211,-1.5491953,0.46434653,0.45363486,0.76917213,-0.094025478,0.57194221,0.39493692,0.011874057,-0.36165273,-0.22568604,0.37870309,-0.4916611,-0.28419515,0.31624374,-0.20633802,-0.88534439,0.032050502,-0.49317706,-0.60666853,0.37220103,-0.37639481,-0.070532367,-0.74243343,0.73043704,0.73186445,0.10935845,0.3062349,-1.6501219,0.59187013,-0.023708925,-0.086603157,-0.04817763,-0.559304,0.001290856,-0.060829498,-0.65236497,0.94018918,-0.70577973,0.08678364,0.41841775,-1.4720525,-0.1893966,0.29389557,0.048981018,-0.49078533,-0.96135759,0.43829525,0.086594373,0.44962671,0.86521423,-0.77590597,-0.14145067,0.055570249,0.61462355,0.24352002,0.42385596,0.23106432,-0.19590749,-1.2039483,-1.668395,-0.70968521,0.14061531,0.66866064,0.74888921,-0.46029025,-0.39740607,0.11899158,1.5177119,-0.19639181,0.046756297,-0.43282583,-0.26764485,1.013014,0.13290671,0.23736607,0.89121419,-0.16579369,-2.2423444,-0.12604591,0.57331461,-0.053851988,-0.14642338,-0.73912758,0.1965888,-1.506048,0.097133562,-1.3265203,0.45968652,0.1356446,-0.77074397,-0.029870968,0.15781076,0.54631978,-0.20489515,-0.20064792,-2.613111,0.35456127,-0.57739127,-0.10190468,-0.011942148,0.060556464,0.56330591,0.18409617,-0.18786828,0.64338392,-1.4489863,-0.9647153,-0.29962212,0.42328292,-0.51138437,0.19866678,0.19098836,0.43688112,0.0586266,0.31661814,0.36077553,0.78533179,-0.94108552,-0.44961283,0.77435017,-0.041145258,0.28857103,-0.028516246,-0.24282914,-1.2352904,-0.52355874,0.053716566,-0.4948737,0.47447065,1.1667644,0.36067799,-0.49121523,0.15319051,-0.334162,0.693986,0.51383567,-0.47783279,0.005200282,1.6526438,0.22387666,0.35126436,-0.90608257,-0.20595685,-1.9558398,1.0383343,-1.2908412,-0.27269828,-0.28049022,-1.5266362,-0.15040079,0.27635634,0.093233287,0.8248294,0.58040398,0.19140819,-1.978933,0.94435251,0.51684827,1.1849525,0.12649688,-1.0885918,-0.035265416,-0.86437184,0.53490114,0.44844434,-0.76154059,0.35292506,-1.7599078,-1.6134897,-1.3582954,-0.43171528,0.65982282,0.38475311,0.21321809,-0.89961267,0.73858869,-1.0625235,0.042887866,0.5289461,-0.99289501,-0.026240503,-0.08564233,0.60867137,0.17024446,0.40909281,-0.14602947,0.44310665,-0.001619605,0.74546689,0.01318245,-0.018210053,-0.68810201,0.3593533,1.0599227,-0.44266492,0.5980193,0.59354556,0.68447036,-0.64664125,0.71817768,0.38246131,-0.87239552,-0.58978772,0.060674995,0.058415279,0.119596,0.76844358,-0.22864091,-0.49769527,-0.55310249,-0.00430632,0.49349192,-0.23253635,0.22849941,-0.27943233,0.084466845,1.0855201,-1.1085205,0.12285147,0.28536531,-0.61124384,-0.022002451,-0.25305468,-1.3969344,-1.8536327,-0.17535514,0.54235828,-0.017381132,-0.12505694,0.74573058,0.16925506,0.52607828,0.18753469,-0.14862269,-0.42154378,0.17912158,0.08692079,-0.049718436,-0.19231099,0.20812708,0.10169069,1.1561259,-1.6566145,-0.20694111,1.6267951,1.5004698,0.42718497,-1.3708208,-0.15243326,-0.36985022,-0.12665971,0.026741106,0.31341207,0.74370313,0.66937339,0.34575367,0.21274184,0.14175336,0.7514075,0.82588482,0.89905721,-0.75673407,0.19862813,0.43206963,0.12711799,-0.37510225,-0.18877408,-1.6876144,0.30746788,-0.079498485,-0.48737699,-0.3811304,0.30694997,0.083446957,-0.66677648,0.23725021,-0.27700919,0.18180652,-0.048611522,0.68806326,1.1276815,0.35981739,0.018275568,0.61721057,1.9117677,0.090072982,-0.99041319,0.35087287,-0.73724347,0.10427766,0.78483111,-0.91561067,-0.59429109,0.42167708,0.31033802,-0.56150347,-1.2026949,0.53415447,-0.63903868,-0.00652664,-1.7147989,0.28786242,-0.22257842,-0.67594957,-0.50432301,0.97471935,0.44083396,-1.9069252,-1.1626627,-0.36176249,-0.008558028,0.3041887,0.015286261,-0.006946947,0.43971238,0.21717197,-0.14758076,0.26129562,0.41358137,0.53843844,0.15731749,0.046979055,0.18159877,-1.3167995,-0.011377992,0.27482986,0.052093901,0.34152573,0.70603484,1.0915294,-0.44533101,-0.82404423,-0.36258236,-0.07079792,-2.02302,0.36232311,0.15926005,0.37233141,-0.68579215,-1.2148207,0.35791591,-0.59685886,0.17439905,0.012342114,-0.067578532,0.61204439,-0.005486175,0.33848464,0.53444421,-0.048105303,0.011719063,-0.40319175,-2.2470386,-0.76586896,-0.90729249,0.12662995,-0.77345771,0.020519271,-0.10432312,-0.29223239,0.090015396,1
0.50846326,0.25884131,0.26209879,0.53443497,0.52178681,0.54501712,0.4929356,0.50748158,0.5345422,0.53172147,0.52114308,0.52410841,0.53320992,0.50575054,0.53269684,0.5168975,0.52095234,0.5587678,0.53202808,0.51369476,0.51128989,0.53296727,0.51660573,0.52028716,0.54686499,0.52220786,0.52285659,0.52544034,0.53229952,0.53033316,0.52132487,0.52196127,0.51763701,0.51874495,0.53250092,0.51117194,0.51692712,0.53998315,0.51629734,0.5174545,-0.97945583,0.25156435,0.50738847,0.58632529,1.4869998,1.8277868,1.437318,0.84413922,0.97214675,1.7796443,1.5109892,1.3370546,0.36368388,-0.19170913,-0.41714615,-0.30208442,0.61486876,0.36106861,0.42891586,0.32151201,-0.75062233,-0.038865983,-0.73112786,0.32961079,-0.89200878,-0.088905454,-0.23329455,0.6002171,0.29800394,1.0524418,-0.21846373,0.21140899,-1.2165266,-0.22715388,-0.09963645,0.83714479,-1.2451379,0.51174897,0.20909476,-0.87646484,-0.14815383,-1.1115142,-0.5213291,0.38091889,0.75298554,0.58908772,0.037469208,-1.8361871,0.62545377,0.16218366,-1.0863039,1.0717525,0.008307066,-0.10645627,0.52494103,0.0115261,0.33310485,-0.30684072,0.077385634,0.56381619,-0.65334213,-1.0594041,0.046258599,0.58640105,-0.3101956,0.29399228,0.16177194,-0.11008461,-0.11416802,-0.27558228,0.25487697,0.69559926,-0.21772698,-0.32530698,-0.18141717,0.35589862,0.28970122,-1.1598979,0.41066143,-1.1215267,-0.39633921,-1.8798475,-0.85356772,-0.13181505,-0.54807067,0.28739911,-0.39524862,0.19555074,-0.12498841,-0.10187183,-0.76886415,-0.58067334,-0.039056122,-1.095793,-0.18346161,-0.017172143,0.04522872,0.19751409,-0.44237217,-1.6360989,0.09658742,0.54595584,0.83804077,-0.19308507,0.54409903,0.39990783,0.006558523,-0.68756849,-0.41310614,0.22038573,-0.36277378,-0.18167578,0.37189618,-0.33422428,-0.78301859,0.056257017,-0.54978824,-0.55691618,0.3318772,-0.37465325,-0.043972656,-0.90949178,0.71416891,0.7446115,0.027805425,0.03665388,-1.6385089,0.22619233,-0.081042625,-0.15530132,-0.001768135,-0.51670814,0.064693615,-0.15096296,-0.63127106,0.97201961,-0.70612311,0.11981434,0.32640034,-1.6247306,-0.18073905,0.23566443,-0.20874476,-0.37428388,-0.92474651,0.41157311,-0.049312055,0.60118115,0.78728348,-0.86211562,-0.22969159,0.062420376,-0.044592097,0.082910269,0.38196522,0.005698249,-0.23492372,-1.2429589,-1.8775356,-0.80528992,0.31749216,0.46309012,0.47108054,-0.50446188,-0.42962846,0.05128739,1.8525017,-0.18341535,0.079146512,-0.2355469,-0.19903478,0.81439996,0.18001753,0.26274934,1.0058432,-0.08822076,-2.4493198,-0.14165719,0.36765373,0.013560315,0.020086959,-0.64589643,-0.020449027,-1.4489211,0.13559818,-1.3286167,0.50137949,0.15957895,-0.88085258,0.027512215,-0.008186966,0.58166379,-0.21625493,-0.28933007,-2.4646318,0.16964737,-0.85694706,-0.095086977,-0.074548818,-0.097598076,0.66696656,0.12778234,-0.47205287,0.4467603,-1.468451,-0.84329641,-0.23793977,0.44563171,-0.48439312,0.10247396,0.23999365,0.4544659,0.044232316,0.48501241,0.48501557,0.84161711,-0.94888991,-0.32347265,0.5660243,-0.017412806,0.15895507,-0.023695413,-0.26970446,-1.3198377,-0.43501273,0.074369475,-0.45331028,0.33830225,0.90685725,0.45651546,-0.48896918,0.19157875,-0.40804988,0.56964487,0.45923474,-0.44971946,0.15885665,1.682593,0.20120044,0.32057697,-0.84248221,-0.1637042,-1.9371544,1.0857128,-1.2151644,-0.16393219,-0.18435383,-1.6794813,-0.5442844,0.25587973,0.25501108,0.84449708,0.43791845,0.041305363,-1.8669798,1.0288363,0.064874545,1.1133219,0.012779389,-1.3249229,0.096077085,-1.0490079,0.55248249,0.4304637,-0.9004966,0.19010049,-1.7034138,-1.3487973,-1.3789976,-0.3103334,0.50083512,0.4602235,0.34481949,-0.9345156,0.78558433,-1.034891,0.026363552,0.34214723,-1.1773528,-0.097695351,0.09218201,0.60377562,0.084325798,0.35231453,-0.19539183,0.59886146,0.028478187,0.81496006,0.055776872,-0.11515144,-0.7162329,0.40787092,1.0268897,-0.61803252,0.63534862,0.48987341,0.48952156,-0.55848396,0.36365831,0.033020735,-0.78166974,-0.70133889,0.076445431,0.12745985,0.088789836,0.78465062,-0.23872681,-0.58178341,-0.60639977,-0.000416577,0.45165938,-0.07415846,0.05598563,-0.35808146,0.20345733,1.0523874,-0.99496353,0.18220273,0.29211488,-0.63358903,-0.007147487,-0.33411047,-1.2974186,-1.9791437,-0.086239502,0.68334424,-0.019949898,-0.14458577,0.86293918,0.25539058,0.45695701,0.24009433,-0.086748779,-0.49040252,0.26508567,0.052857373,-0.17801487,-0.61714089,0.23137711,0.18068883,1.2532998,-1.6975567,-0.020148633,1.3485686,1.8093563,0.31765279,-1.5379086,-0.25209972,-0.46760392,-0.17358664,-0.026175972,0.27616084,0.74340832,0.24937242,0.56656259,0.16308552,0.2171621,0.78434801,0.70219404,1.0373626,-1.0304441,0.26101404,0.10036121,0.10446806,-0.4369027,-0.19388436,-1.6884383,0.39470196,0.088530049,-0.33538574,0.11631984,0.27730188,0.24847853,-0.71239799,0.31181705,-0.2560893,0.31847829,-0.074934639,0.25641596,0.93341368,0.36937028,0.069182299,0.67085505,-0.11609933,-0.035588954,-0.95295018,0.32769239,-0.80606771,-0.10544491,0.61394584,-1.036388,-0.39093044,0.47934926,0.28578585,-0.51356763,-1.2349082,0.55456513,-0.57772678,0.10385281,-1.7602649,0.37613434,-0.40697342,-0.96535397,-0.46632767,0.89717031,0.39088079,-1.8411142,-1.1653488,-0.43220276,-0.00443444,0.25675261,-0.10318458,0.074517876,0.55710447,0.23107029,-0.10728471,0.23344548,0.37381887,0.42365661,-0.098847687,-0.263841,0.24363917,-1.6035035,-0.010553714,0.40206075,0.12135672,0.2692793,0.70733267,1.0117043,-0.35748374,-0.72814673,-0.35768628,0.08955586,-2.0231385,0.39896864,0.31671453,0.48693264,-0.70115924,-1.3603619,0.29466319,-0.68550372,0.26119572,-0.062842645,0.068205215,0.76589304,0.1735294,0.33469981,0.35114676,0.066461287,-0.047322623,-0.34670225,-2.2731931,-0.66064161,-0.82195848,-0.059290588,-0.88045323,0.29381126,-0.19071084,-0.23385583,0.057704054,1
0.4410342,0.19666827,0.2018716,0.44495696,0.43653804,0.45183307,0.43128276,0.42470556,0.44187957,0.44146153,0.4288069,0.43458384,0.43360817,0.41099191,0.44202611,0.42741048,0.42734101,0.46747538,0.44286865,0.41485381,0.4247461,0.43440348,0.42367473,0.43212843,0.43407422,0.4231239,0.44908381,0.43152407,0.43168432,0.43923593,0.43109369,0.43187678,0.4206053,0.42502803,0.43847877,0.41604334,0.41670579,0.44178772,0.41787648,0.42766771,-0.87267596,0.1907264,0.25888872,0.39455435,1.2513952,1.5984955,1.166934,0.60379088,0.70946628,1.531028,1.2931992,1.088011,0.24034694,-0.2128161,-0.20479292,-0.29838073,0.52954644,0.26384637,0.28218609,0.24343431,-0.58388489,-0.012468119,-0.58910143,0.33763868,-0.69130534,0.02768036,-0.19990027,0.70052832,0.3052009,1.3987838,-0.20699778,0.17431851,-1.0606407,-0.27532172,0.065132804,0.71940976,-1.0758281,0.44074005,0.1575641,-0.90552258,-0.14204544,-1.1263319,-0.5551331,0.35642684,0.68788147,0.64960277,-0.09168262,-1.6717771,0.67116237,0.074494153,-0.94731927,0.57616669,-0.008670792,-0.024245568,0.45894882,-0.088929676,0.3265405,-0.45676914,0.05263773,0.48708832,-0.65808475,-1.0470883,0.066000275,0.51672518,-0.21035448,0.21774577,0.15171567,-0.17071016,-0.063197464,-0.33300143,0.51192486,0.87987626,-0.19138622,-0.28583196,-0.28855824,0.062638998,0.38492835,-0.92586553,0.3336944,-0.88472795,-0.41754901,-1.751798,-0.91766387,-0.075125977,-0.43008709,0.16592851,-0.36378753,0.15961286,-0.15728346,-0.2668446,-0.73186713,-0.44586998,0.48501974,-1.01353,-0.14679994,-0.12664276,0.091289207,0.47369504,-0.51119345,-1.6584485,0.68200713,0.40660846,0.83606064,-0.09236943,0.60933661,0.58163714,0.071204118,-0.28410918,-0.18949431,0.25960457,-0.53998834,-0.22250208,0.29340285,-0.29469961,-0.77232319,0.085495971,-0.51344872,-0.58180982,0.39023155,-0.34251565,-0.086567134,-0.65930557,0.66097558,0.62408578,-0.008456571,0.075510338,-1.6873814,0.76226974,-0.084430993,-0.13194132,-0.023183491,-0.46367791,-0.050299175,-0.13533708,-0.60166532,0.94332629,-0.66369438,0.074610047,0.4411695,-1.4310216,-0.18223588,0.28409839,0.1004836,-0.46069497,-0.90217704,0.49362198,0.036679879,0.39519453,0.84924662,-0.63325357,-0.20225209,-0.025457248,0.021163564,0.23054636,0.2837812,0.11697619,-0.1405901,-1.1267736,-1.584159,-0.77172172,0.25226307,0.65721613,0.36714977,-0.5125466,-0.3406345,0.15293665,1.3997123,-0.21339093,0.049332507,-0.31934053,-0.24450243,1.1498164,0.12262803,0.199705,2.3029051,-0.084046245,-2.3595634,-0.052603375,0.75036621,-0.035910048,-0.015916221,-0.69222462,0.20285571,-1.4726659,0.11077805,-1.1965832,0.22166976,0.098932341,-0.71549916,-0.026118677,0.48740369,0.49656695,-0.12959309,-0.10536553,-2.5555339,0.28578657,-0.69309932,-0.095928654,-0.11236756,0.19813405,0.44757247,0.000276886,-0.084871255,0.65743726,-1.6563114,-0.93671596,0.21244794,0.49293053,-0.53627002,0.13919449,0.1842216,0.46953067,0.078416325,0.33573163,0.38919279,0.7334547,-0.91910642,-0.41010964,0.53380561,-0.033442587,0.2859796,-0.087933287,-0.17150332,-1.1764141,-0.442747,0.088075444,-0.53927279,0.44340569,1.1565657,0.34126657,-0.3914794,0.12207846,-0.39556539,0.607059,0.61411566,-0.28694677,0.066160999,1.4482634,0.1014116,0.13791734,-1.0008049,-0.13465956,-1.997234,0.85497445,-1.3245062,-0.25854737,-0.15897758,-1.3799061,-0.21780472,0.2393074,0.38542509,0.71453482,0.49599397,0.47479394,-1.8390132,0.9377197,-0.010193497,1.1371465,0.073995024,-1.0180205,-0.061287135,-0.83155555,0.58293104,0.26410317,-0.74700433,0.30525625,-1.7453012,-1.5638314,-1.4102284,-0.37679806,0.54099816,0.5049392,0.19875173,-0.88198012,0.70248914,-1.0699551,-0.13964948,0.26513267,-0.91693705,-0.068941079,-0.028636554,0.52700043,0.006655756,0.42282805,-0.030811414,0.60803747,0.007326385,0.59886312,0.045404285,-0.021861762,-0.75191587,0.30475643,1.0219831,-0.43601513,0.63705224,0.46642432,0.59025466,-0.69021058,0.75151312,0.39985427,-0.91509849,-0.5281837,0.052016288,0.13220677,0.19470453,0.80355054,-0.21450874,-0.47476253,-0.49633497,-0.081480831,0.68669295,-0.17412879,0.13559769,-0.23212722,0.094199002,1.2551868,-1.1691358,0.12728113,0.23212835,-0.60349447,0.021858485,-0.073103525,-1.3323747,-1.9157546,-0.2527343,0.54547435,0.01303298,-0.13508594,0.57154942,0.22146568,0.44554111,0.16556792,-0.083476424,-0.50001609,0.18750954,0.07935825,-0.075976431,-0.49189156,0.22013794,0.12204839,1.1836241,-1.5873822,-0.10277207,1.5864428,1.5787876,0.43996421,-1.2719998,-0.13184386,-0.44900358,-0.12048344,0.018464871,0.40486601,0.71388441,0.7520352,0.35619959,0.21317756,0.17033318,0.77379346,0.8071897,1.1975026,-0.73900568,0.25891742,0.42054608,0.094353393,-0.40187138,-0.12232836,-1.491254,0.28086945,0.036163427,-0.39117703,-0.13245873,0.32863751,0.16856585,-0.64048308,0.25121242,-0.23090576,0.31385726,-0.051826999,0.61350197,1.1521709,0.30105478,0.003771189,0.60544455,-0.11854073,-0.002718437,-0.95673066,0.29603374,-0.67428398,0.30884051,0.80662453,-0.82070327,-0.52872831,0.37521276,0.36384386,-0.50621241,-1.183033,0.48201448,-0.59402126,-0.024225907,-1.7345982,0.33379117,-0.1771262,-0.77069849,-0.31340277,1.000486,0.49051261,-1.6849234,-1.238427,-0.35859019,-0.020866733,0.27535895,0.039136272,0.007053305,0.47561869,0.21571611,-0.17171067,0.27235442,0.35979193,0.4155494,-0.20710221,-0.098410308,0.10546427,-1.4151791,0.013750421,0.46806461,0.032592967,0.20843972,0.64604366,1.017386,-0.37800717,-0.80199164,-0.38982108,0.20226532,-1.9152728,0.31903523,0.29432127,0.33541936,-0.70283157,-1.1559519,0.26537946,-0.6139397,0.067397907,0.047550812,-0.061854653,0.48506072,0.11536372,0.25845504,0.44426617,-0.006034062,-0.046910025,-0.4381271,-2.2186944,-0.74764252,-0.78683519,-0.095325604,-0.81663042,0.15813294,-0.24327338,-0.26511604,0.021557292,1
0.44914478,0.2045128,0.18440212,0.50509608,0.49627179,0.52082378,0.50339878,0.495363,0.5004676,0.51038504,0.49672407,0.49809468,0.50325596,0.47228912,0.49866027,0.49533874,0.509453,0.52875888,0.51339203,0.49844611,0.48148245,0.50190741,0.49745902,0.49993166,0.49891824,0.48780084,0.49630281,0.48712903,0.50144994,0.5037322,0.49405208,0.48487359,0.5001024,0.49140716,0.50066435,0.47428277,0.48729163,0.50015658,0.47241658,0.49158177,-0.95572567,0.15526603,0.3961184,0.52509534,1.3898394,1.7152717,1.328737,0.75461507,0.86153263,1.6810988,1.3893642,1.2367994,0.32125214,-0.22696541,-0.32663023,-0.28905693,0.67176569,0.40019661,0.36206478,0.31245199,-0.45474881,-0.070385188,-0.62930477,0.4386858,-0.86178374,-0.013185553,-0.22937748,0.67816281,0.31759489,1.1286087,-0.21348457,0.17975798,-1.2022238,-0.26967648,-0.033427779,1.0060596,-1.224082,0.54798561,0.20330012,-0.88229519,-0.10146238,-0.99856538,-0.56097722,0.36808112,0.88838238,0.62628663,-0.023202712,-1.7179118,0.69535971,0.10101558,-1.014202,0.80722106,-0.007149421,-0.043116011,0.51395279,0.028658204,0.37883765,-0.2783857,0.11533821,0.62576854,-0.87880224,-1.0086614,0.020824235,0.56702942,-0.2400673,0.19373156,0.29723758,-0.16395882,-0.06831044,-0.29766089,0.29370254,0.71919954,-0.21286537,-0.27723697,-0.19042769,0.33540615,0.065963417,-0.97695297,0.40298313,-1.0093995,-0.35715821,-1.8469821,-0.81247437,-0.10213134,-0.46062705,0.39796501,-0.33197662,0.11165364,-0.11053719,-0.077483922,-0.73243046,-0.59382463,-0.077926397,-1.0495007,-0.050801374,-0.041829191,-0.019348919,0.37670183,-0.42620769,-1.6041168,0.4583602,0.45197481,0.79409033,-0.1912798,0.57231128,0.40001714,-0.027938195,-0.40859365,-0.31900337,0.22197679,-0.57697052,-0.24355137,0.39949071,-0.20465764,-0.79731351,0.12555563,-0.52593887,-0.52959061,0.34717378,-0.25399154,-0.052175544,-0.84257978,0.67066741,0.64046282,0.053939,0.047859255,-1.563596,0.30521595,-0.10771631,-0.21273343,-0.05956142,-0.51813138,0.1067117,-0.12104325,-0.69670111,0.90823811,-0.72554302,0.1189034,0.3715542,-1.5011214,-0.17181173,0.28512231,-0.002703328,-0.30043513,-0.86874688,0.4815774,0.034283355,0.46593949,0.78059274,-0.77447104,-0.23307319,0.057436861,0.057726983,0.21706013,0.40109354,0.1246628,-0.26872891,-1.1570346,-1.6826489,-0.82231975,0.30441901,0.6483776,0.45490846,-0.45659339,-0.40711519,0.10823147,1.5377802,-0.14284535,0.074901111,-0.31860238,-0.21069847,0.89701623,0.22684109,0.2350553,0.74807227,-0.13059111,-2.163012,-0.12346216,0.41736317,0.012174219,0.055510052,-0.64755756,0.099276036,-1.3970619,0.13324411,-1.3549266,0.24047014,0.17852432,-0.81061542,0.028185723,0.12198173,0.41986158,-0.25812453,-0.27061272,-2.5415373,0.29963186,-0.84143293,-0.056655444,-0.032901101,-0.020839274,0.56001061,0.071141675,-0.22121224,0.37122336,-1.4071956,-0.82579702,-0.28074548,0.44094673,-0.46897253,0.17953743,0.17370097,0.44562235,0.10755971,0.44846362,0.4060306,0.82411516,-0.98104435,-0.31268245,0.43004042,-0.16206042,0.26292992,-0.082506716,-0.18968391,-1.2059692,-0.48030341,0.071932711,-0.41905034,0.30694932,1.0000795,0.37224045,-0.4802734,0.13540933,-0.40004957,0.61633372,0.45225877,-0.3337931,0.10975938,1.7803295,0.11754988,0.20388815,-0.85900921,-0.085161023,-1.8311216,0.91948372,-1.0145049,-0.21817958,-0.13458595,-1.5564823,-0.31676915,0.27453268,0.13563281,0.59368378,0.57243401,0.16021232,-1.8388485,0.91098493,0.028206661,1.0556223,0.08082974,-1.0951259,0.01489874,-0.94717115,0.48518372,0.16801941,-0.95123112,0.22140001,-1.6694661,-1.4382435,-1.3228661,-0.40067923,0.57804036,0.16450378,0.32416353,-0.80049765,0.80717909,-0.99447644,-0.039677382,0.28051499,-1.0141349,-0.11187021,0.025730478,0.51463193,0.052112654,0.32977951,-0.10379039,0.3738763,0.002475524,0.47774547,0.02601409,-0.079976775,-0.74172217,0.40777588,1.0457032,-0.41009492,0.54759651,0.4779788,0.54107964,-0.61359465,0.50457102,0.26514876,-0.74259353,-0.49557367,0.11350018,0.02414041,0.12528877,0.8661356,-0.18959501,-0.59253705,-0.50003135,-0.045615789,0.54865861,-0.10426621,0.18727031,-0.27204618,0.18386689,1.0105389,-0.99276131,0.14171323,0.30105379,-0.62433779,0.038624614,-0.31408769,-1.1892318,-1.8133843,-0.26196909,0.72687054,0.058023676,-0.1434996,0.66612363,0.2473976,0.48891163,0.24406658,-0.12903517,-0.43410426,0.2800433,0.049123071,-0.11970624,-0.53731316,0.2377781,0.20580685,1.1256412,-1.6777782,-0.032996349,1.5062156,1.6844758,0.30219784,-1.3528054,-0.15855865,-0.32643998,-0.10998552,-0.026318885,0.17694744,0.74016058,0.35132083,0.61177003,0.14586896,0.22157107,0.75949717,0.77310324,0.94962537,-0.8507669,0.14354505,0.19491185,0.19672439,-0.32777333,-0.16957712,-1.6696134,0.33875722,0.076885954,-0.31363988,0.094709009,0.27506047,0.15095325,-0.63552493,0.23117232,-0.1834635,-0.21766999,0.010245562,0.40604597,0.92620873,0.31758365,0.031607624,0.61786234,0.072332896,0.052658223,-0.99277973,0.32747394,-0.79753065,0.043898255,0.73048967,-0.96897972,-0.34676695,0.40217581,0.28646931,-0.46650827,-1.1919979,0.53511608,-0.6140095,0.18591373,-1.5923617,0.33856204,-0.28129748,-0.82846695,-0.35066098,0.91158032,0.47870755,-1.7613966,-1.2553637,-0.3585746,-0.006754764,0.18913534,0.013089214,0.009468178,0.55250025,0.24086788,-0.16300409,0.20757663,0.38659662,0.39809993,0.053242475,-0.20466015,0.25239688,-1.4511603,-0.021039907,0.25304008,0.090303257,0.27725598,0.6415385,0.95961279,-0.35384443,-0.79537171,-0.39587304,-0.008558407,-1.9585884,0.44535762,0.35754669,0.398752,-0.73194623,-1.279518,0.39252868,-0.52629805,0.37558571,-0.035910986,-0.089116,0.58782274,0.16658148,0.27056751,0.32398808,0.030444006,0.009505197,-0.33149678,-2.1830077,-0.65202045,-0.76113367,0.015689183,-0.80343312,0.20323792,-0.07530535,-0.24221878,0.1634234,1
0.49756473,0.22819531,0.22419675,0.54671681,0.54272032,0.55980867,0.5422622,0.54054439,0.54962885,0.55721277,0.54197931,0.55031574,0.54358441,0.52419949,0.55137527,0.53995764,0.54769069,0.56669545,0.55411351,0.54885042,0.53725249,0.54780245,0.53937119,0.54154778,0.54939514,0.54344743,0.53721404,0.52693665,0.55089104,0.53974211,0.53575367,0.55350637,0.54233694,0.54343289,0.54890645,0.53323746,0.53067803,0.55972815,0.52155423,0.5340113,-0.71992731,0.20501804,0.46746683,0.56660497,1.4462433,1.7751551,1.3940897,0.80859846,0.92526698,1.7366712,1.4589069,1.2941407,0.37084383,-0.15371504,-0.36401469,0.036694854,0.64598936,0.3911764,0.3701576,0.32263017,-0.49658442,-0.041366614,-0.67288661,0.37146592,-0.6841774,-0.073443502,-0.21158879,0.64445698,0.15265182,0.99150962,-0.21674797,0.20029666,-1.1425529,-0.23522532,-0.10996777,0.86960578,-1.1261114,0.5985707,0.19648197,-0.86188245,-0.10919477,-1.2733257,-0.49201873,0.35263038,0.8773579,0.66813177,-0.049222179,-1.7423683,0.6435684,0.10351031,-1.0478669,0.76879919,0.004158843,-0.023323819,0.47636855,-0.026578717,0.35932994,-0.19949551,0.088522278,0.61549628,-0.74023384,-1.0787373,0.02241366,0.48899651,-0.35049808,0.22846909,0.17089628,-0.20065036,-0.070531622,-0.22744465,0.28501546,0.59410065,-0.1928356,-0.23321122,-0.34408817,-0.12694159,0.30437601,-1.0513946,0.37328151,-0.94957256,-0.34480846,-1.7833917,-0.72736704,-0.15270634,-0.6342696,0.25708216,-0.34140879,0.12129527,-0.08021073,-0.13535747,-0.73539317,-0.64348674,0.1487723,-1.0582497,-0.099538788,0.049571529,0.001439855,0.30032197,-0.4447757,-1.6028483,0.58358359,0.4813453,0.83618337,-0.23196939,0.45431036,0.50213397,-0.022639215,-0.38367033,-0.36235178,0.25121534,-0.55013931,-0.087561145,0.42396978,-0.26040906,-0.70954669,0.15719697,-0.54848421,-0.50288743,0.25973859,-0.3003999,0.027380088,-0.86047029,0.64553624,0.65228117,0.10254116,0.05003069,-1.571209,0.49880359,-0.015045587,-0.15910165,-0.014683437,-0.48463202,0.1558919,-0.12341644,-0.61290312,0.94113672,-0.66861486,0.13495328,0.38745633,-1.2641419,-0.12970889,0.20245938,-0.13888495,-0.39020765,-0.89887273,0.42303956,-0.085877836,0.52671069,0.85914397,-0.82724524,-0.22683743,0.12473795,0.040058415,0.31585148,0.35623598,0.0858294,-0.11470906,-1.2128277,-1.7837982,-0.81938595,0.31577939,0.75214475,0.31234807,-0.41840822,-0.413344,0.047668763,1.3419431,-0.054739915,0.15308583,-0.12392238,-0.16313019,0.85131025,0.18704692,0.2635937,0.91746366,-0.1302596,-2.193419,-0.15836686,0.49319059,0.03957906,0.045141883,-0.62043113,-0.051689431,-1.3247689,0.19214347,-1.1849921,0.14595079,0.22156285,-0.87330949,0.094526619,0.22026305,0.3879931,-0.20825832,-0.11133295,-2.3067217,0.16873047,-0.8404519,-0.034450874,-0.003797017,0.034169048,0.53390694,0.11358722,-0.22537135,0.27150562,-1.2646033,-0.75223118,-0.23017988,0.56440437,-0.39821431,0.17095499,0.25788844,0.39726883,0.041207526,0.49124581,0.43214247,0.85948861,-0.9087429,-0.25117517,0.54320788,-0.1183536,0.17265847,-0.017120587,-0.26181805,-1.2082516,-0.42698804,0.085978024,-0.40266275,0.21767633,1.0042732,0.38106751,-0.46014789,0.19015649,-0.37066191,0.55613345,0.47064307,-0.39928854,0.067696147,1.71389,0.12500416,0.24616118,-0.75631404,-0.24240461,-1.8289853,0.94141138,-1.0968781,-0.14006619,-0.17632654,-1.5248243,-0.37246019,0.17685053,0.2204524,0.76456249,0.38492811,0.27863187,-1.7564344,0.95807493,0.056763984,1.1161613,-0.072524905,-1.2447537,0.032661237,-1.0109222,0.44497389,0.18072349,-0.85240287,0.30097726,-1.5887878,-1.0588691,-1.3017812,-0.30712628,0.45817658,0.40025282,0.35836416,-0.85445762,0.84072113,-0.89711654,-0.14119145,0.29468668,-1.0533618,-0.077396788,0.056921665,0.46141008,0.24137764,0.32910502,-0.20460737,0.40580007,-0.007093394,0.5097068,-0.007742316,-0.12536985,-0.62683088,0.42537969,1.0113919,-0.46184301,0.5685066,0.46086636,0.39177695,-0.66461027,0.70794344,0.17319116,-0.81031841,-0.70703876,0.086823776,0.0341186,0.10382002,0.82797182,-0.20250694,-0.54698205,-0.53034645,-0.034294501,0.47697756,-0.11214955,-0.005315341,-0.37373099,0.20642661,1.0920607,-0.80868673,0.13970624,0.35078725,-0.58777392,-0.009955257,-0.091960587,-1.1867738,-1.8919108,-0.27528808,0.72258437,-0.002714045,-0.14260468,0.70402956,0.22284393,0.46549132,0.28353885,-0.097723491,-0.59634626,0.26051763,0.087798886,-0.2207019,-0.46810573,0.27258882,0.22250214,1.1936659,-1.6385057,0.002368767,1.2854656,1.7619414,0.50033343,-1.362383,-0.29351002,-0.45928288,-0.17413947,-0.012608678,0.18120314,0.80008399,0.36009213,0.65888464,0.10236073,0.25646961,0.75273865,0.66542369,0.98311329,-0.96168482,0.23369944,0.11061521,0.14048351,-0.3489531,-0.19357839,-1.5145193,0.3794657,0.033198759,-0.28224495,-0.080340266,0.39115646,0.21174258,-0.4710483,0.27187344,-0.19871755,0.12607402,-0.078521907,0.57902938,0.99932814,0.35959107,-0.53032613,0.62826407,-0.15025525,0.21042989,-0.89628381,0.2326837,-0.79367244,-0.023333743,0.60874623,-0.7579298,-0.39055371,0.48253345,0.27651507,-0.49913198,-1.1767839,0.53354764,-0.5371415,0.17588241,-1.6223321,0.33941659,-0.28422174,-0.99838465,-0.49294296,0.93325782,0.31921273,-1.8901211,-1.065461,-0.43005884,-0.014948523,0.23760349,-0.16564308,0.030536197,0.52899146,0.24264428,-0.15926206,0.24578425,0.37639678,0.34060264,-0.08108899,-0.055350892,0.41955832,-1.4707595,-0.028131133,0.4111782,0.081986725,0.23244277,0.63165027,0.94660997,-0.37126702,-0.75531268,-0.4162885,0.12909767,-1.9423975,0.4263173,0.35589859,0.44378415,-0.80373001,-1.201241,0.42136183,-0.40024176,0.19545379,-0.043169081,-0.056990512,0.38151795,0.15948118,0.30291176,0.26002753,0.081699558,-0.038582005,-0.30825955,-2.1348686,-0.57265431,-0.82403409,-0.017973553,-0.78617769,0.18500683,-0.21314602,-0.23957364,0.10676955,1
0.49393213,0.23651344,0.2189877,0.53805232,0.53978336,0.54811704,0.52903616,0.52269602,0.54845399,0.55031002,0.53822029,0.53673697,0.53931022,0.50872117,0.54269904,0.51769817,0.5297156,0.55892789,0.54166746,0.53275335,0.5242095,0.53995597,0.52785492,0.53357196,0.55063295,0.537763,0.55129302,0.53818285,0.53485107,0.54025233,0.53044093,0.54520863,0.52485824,0.54009604,0.55017054,0.52364647,0.5266301,0.54907596,0.52154648,0.53967619,-0.89557385,0.20269217,0.3396607,0.47429115,1.3444178,1.6842532,1.2652431,0.68165314,0.80160481,1.6112945,1.370779,1.1714982,0.26313031,-0.18871297,-0.16766538,-0.33915216,0.5468204,0.31534442,0.33562294,0.25539356,-0.87077677,-0.043170914,-0.51237833,0.36266086,-0.72035497,0.018229265,-0.22808827,0.65647686,0.25151554,1.3651479,-0.24792778,0.15900064,-1.1148007,-0.24632625,-0.040705234,0.58871841,-1.068517,0.51263541,0.16992196,-0.83349997,-0.097821452,-0.94023442,-0.5797534,0.4071539,0.70638585,0.56909615,-0.008848729,-1.6902322,0.64984155,0.092316687,-0.96072686,0.76065361,0.018874563,0.057092816,0.45118627,-0.10886921,0.22730878,-0.37077698,0.025835257,0.5352698,-0.74964178,-0.98314816,0.023962561,0.60719192,-0.34412903,0.15219426,0.043405902,-0.16897137,-0.02532661,-0.29469618,0.29008472,0.76458883,-0.23414634,-0.39694625,-0.31150076,0.32494861,0.37650874,-0.98643535,0.37491906,-0.75365174,-0.37111637,-1.727553,-0.97123486,-0.11729318,-0.3626878,0.3396208,-0.36855397,0.13890609,-0.11898191,-0.20655522,-0.62211788,-0.47397664,0.17401114,-1.095023,-0.13731517,-0.067719094,-0.005304366,0.25371873,-0.4883956,-1.6432043,0.74142385,0.40481612,0.77673167,-0.20169961,0.50404161,0.4257772,0.010554675,-0.20544621,-0.20282257,0.40434289,-0.45293713,-0.098021477,0.35327435,-0.2575739,-0.79870856,0.08703357,-0.53001451,-0.5723052,0.4194839,-0.37855452,-0.045978308,-0.67566866,0.65997928,0.56829798,0.026037645,0.046029225,-1.5882996,0.56217176,-0.045623317,-0.19711578,-0.003971823,-0.57003897,-0.056170702,-0.11000956,-0.65579706,1.0090659,-0.74046654,0.077454247,0.43794066,-1.487542,-0.14959608,0.31455791,-0.017421342,-0.4544453,-0.89961404,0.37735897,0.1314055,0.44845343,0.85112971,-0.71746629,-0.1556733,0.02001588,0.061823655,0.19692701,0.24752277,0.10298976,-0.2200204,-1.202751,-1.7011577,-0.73651356,0.30007052,0.5090133,0.29811284,-0.46702939,-0.37619096,0.1128601,1.4569399,0.21958393,0.04943921,-0.39841217,-0.28600037,1.1660062,0.14232019,0.22812644,1.1493506,-0.093265407,-1.9961315,-0.022614993,0.66013914,-0.040686861,0.00264325,-0.79983783,0.18880868,-1.5261199,0.22761098,-1.2709893,0.48312312,0.063950717,-0.78230834,-0.008682959,0.22684228,0.57354355,-0.22715311,-0.19082147,-2.5396347,0.37203312,-0.80372095,-0.073109381,-0.057050698,0.18575567,0.59203756,0.098404691,-0.15964502,0.55551845,-1.5775999,-0.78531551,-0.29542929,0.60218179,-0.48369211,0.24084392,0.30138424,0.38540733,0.01138483,0.36508024,0.40989366,0.66299403,-0.93294066,-0.3651503,0.57569486,-0.12267233,0.25543326,-0.095907792,-0.23280814,-1.1905829,-0.43244311,0.033108044,-0.38173735,0.36185041,1.1994926,0.32560331,-0.4075546,0.1111121,-0.30217251,0.65556026,0.6336031,-0.32266504,0.082613356,1.5151991,0.086315058,0.19379503,-0.91257584,-0.23777118,-1.8719403,0.9447937,-1.2458266,-0.27303323,-0.18080249,-1.4210408,-0.24815485,0.2663013,0.1802541,0.58662009,0.40773773,0.38947889,-1.8984579,1.0022221,0.033608291,1.0975391,0.05020567,-1.0271926,-0.011552826,-0.94349414,0.64509088,0.27307746,-0.79511482,0.42289132,-1.8162963,-1.4267535,-1.2902936,-0.42787433,0.59580523,0.53713006,0.27505365,-0.97223222,0.78268307,-1.0278815,-0.080478862,0.24605696,-1.0254153,-0.017982671,0.012812023,0.59096843,0.038411111,0.37192351,-0.14732885,0.43299818,0.009615818,0.67967838,0.017787777,-0.12581457,-0.86185646,0.35822105,0.95400524,-0.49028915,0.53066832,0.44862247,0.54752958,-0.60486686,0.78630459,0.42025119,-0.87355489,-0.45120573,0.045193464,0.15678811,0.14688188,0.81003881,-0.2266624,-0.50199473,-0.46920606,-0.033306062,0.57978415,-0.14775643,0.10232803,-0.30342907,0.13036261,1.1705354,-1.1276169,0.10200313,0.24986596,-0.59560406,0.016533677,0.22593564,-1.3625327,-1.8726747,-0.17602418,0.61485118,0.067188099,-0.17765959,0.72920835,0.21249646,0.46811292,0.22559199,-0.2109355,-0.61547124,0.20198347,0.088969581,-0.16969717,-0.16680828,0.20230778,0.12419815,1.2753167,-1.5876411,-0.047699772,1.6389455,1.5227002,0.39521167,-1.2967812,-0.21645838,-0.4361828,-0.089664683,0.10970026,0.28280365,0.81537575,0.69430208,0.31270114,0.32493114,0.13670291,0.68405819,0.68063432,1.1939119,-0.85819066,0.1371904,0.37299708,0.026042208,-0.40065089,-0.16997565,-1.6422762,0.30742535,0.018654088,-0.40052593,0.000693604,0.26919207,0.2058828,-0.51932597,0.27618793,-0.22348307,0.25913462,-0.093559943,0.61494952,1.1466368,0.29874867,0.15987387,0.59826225,-0.055006243,0.093997508,-0.9513759,0.42656279,-0.69199777,0.12447899,0.87938583,-0.82077813,-0.52415061,0.39685765,0.30940825,-0.53312373,-1.1904345,0.57134622,-0.60050178,0.038335443,-1.6450711,0.27970996,-0.25978225,-0.78561127,-0.48741579,1.0838741,0.38521224,-1.8776467,-1.0010726,-0.37360162,-0.014456617,0.21179847,0.004692698,-0.046826143,0.48453593,0.18951297,-0.14779475,0.24693088,0.3925567,0.40954375,-0.073489875,-0.14611499,0.26859668,-1.3534255,-0.017642947,0.32498297,0.077523544,0.19072591,0.60877866,1.2121974,-0.39695266,-0.75923121,-0.44957674,-0.06390807,-2.0057034,0.34811896,0.2182855,0.33588734,-0.65313178,-1.2573861,0.31879151,-0.38721001,0.37858355,0.014468669,-0.007339984,0.65328908,0.093469754,0.29106876,0.39125076,-0.022071514,-0.082110502,-0.42682296,-2.1317291,-0.66221488,-0.86281681,0.040256098,-0.8587777,0.14966962,-0.17407277,-0.29647073,0.06789922,1
0.56574094,0.29330331,0.30440876,0.59433663,0.60049164,0.60549557,0.59476972,0.58824432,0.60118151,0.61181307,0.5843212,0.60548896,0.60207307,0.58686745,0.60025895,0.5912798,0.60226691,0.61649048,0.59760952,0.6045382,0.59413379,0.59391558,0.5900867,0.59398615,0.60390019,0.59037435,0.58924401,0.58488286,0.59885085,0.59250844,0.58225203,0.60391843,0.59541678,0.6009413,0.59871137,0.58474088,0.59298968,0.60953349,0.58120775,0.58583075,-0.72816718,0.29485887,0.59963214,0.69944209,1.5766146,1.8104652,1.5485349,0.95739579,1.0665822,1.8672668,1.5802325,1.43353,0.30079442,-0.16264912,-0.27803269,-0.2176705,0.57577044,0.37295324,0.34084296,0.2926982,-0.57161999,-0.036549665,-0.49583867,0.45173192,-0.73782557,0.022408623,-0.22319891,0.73009706,0.41262525,1.3654405,-0.18480144,0.1730189,-1.1571039,-0.24292575,-0.082958594,0.79241467,-1.0730126,0.54138196,0.23376733,-0.82985574,-0.023945734,-0.696863,-0.54973698,0.41257256,0.69123018,0.61911422,0.024629738,-1.6117665,0.64671725,0.10352957,-0.92182177,0.96483588,0.016241301,-0.087962568,0.49016088,-0.040727001,0.35643429,-0.36649004,0.0628874,0.51404744,-0.9017567,-1.0784389,0.041678254,0.69374841,-0.31292346,0.11987317,0.29573014,-0.11131784,-0.10706602,-0.31663239,0.21381739,0.78274357,-0.223039,-0.31131291,-0.18769436,0.46249664,0.20261994,-1.0343361,0.42382598,-1.1102895,-0.35215595,-1.7506795,-1.0172253,-0.13303788,-0.2971586,0.23443896,-0.37416792,0.20083842,-0.11182049,-0.13740882,-0.68733233,-0.46193933,-0.15973683,-1.1366352,-0.089383528,-0.1569892,-0.075446561,0.49030089,-0.43317616,-1.7260209,0.11849985,0.4310219,0.85567772,-0.25784883,0.58384782,0.26703992,0.093556613,-0.54656661,-0.34428734,0.2257352,-0.70698881,-0.19075845,0.35018849,-0.26052359,-0.82981902,0.066205673,-0.56990689,-0.65908325,0.38103017,-0.37157848,-0.044271119,-0.7080943,0.73086238,0.60486102,0.10346889,0.009445818,-1.6170363,0.52031273,-0.101345,-0.17388636,-0.059810258,-0.55919254,0.036858387,-0.1448061,-0.67297012,0.99187428,-0.72250885,0.08117421,0.41874617,-1.7141936,-0.1563506,0.33805472,-0.061937355,-0.34851715,-0.95210195,0.42268905,0.20442484,0.45612842,0.88900465,-0.71372455,-0.22299184,0.018282095,-0.028653599,0.18619874,0.27461052,0.098447844,-0.21942887,-1.2783914,-1.6964495,-0.70227003,0.21026586,0.63563436,0.47956833,-0.50299877,-0.35972846,0.13234833,1.5121411,-0.17346846,0.101307,-0.40117663,-0.27004442,0.94779885,0.19150288,0.24017669,1.0787599,-0.1686748,-2.1446743,-0.060067862,0.5330894,-0.0176959,0.036594618,-0.76177609,0.11986034,-1.5853682,0.23587352,-1.2253417,0.33392227,0.097358823,-0.83462912,0.014865218,0.2497147,0.54649615,-0.21247566,-0.35626066,-2.6437664,0.39404628,-0.81029183,-0.060310639,-0.054449402,0.082916863,0.60939103,0.08524999,-0.19480069,0.62956405,-1.6232053,-0.89942986,-0.34586161,0.57337236,-0.44340062,0.20394802,0.264891,0.44056749,0.048155274,0.4632979,0.36792096,0.71799576,-0.9081375,-0.28869087,0.55633044,-0.20385025,0.26334828,-0.066020735,-0.17441988,-1.1369431,-0.42768154,0.050105888,-0.32656655,0.42988309,1.1215785,0.33706075,-0.47983819,0.14649674,-0.34077504,0.56661856,0.52566493,-0.40857357,0.12663209,1.8802565,0.11234688,0.18490347,-1.0078893,-0.12609814,-1.9640812,0.98592472,-1.1621817,-0.28078866,-0.10757154,-1.5657642,-0.2763944,0.27414769,0.03503786,0.73773307,0.44054818,0.1971167,-1.9639237,1.0070769,0.07671205,1.1101255,0.1634514,-1.0595863,0.019315384,-0.97383177,0.57507962,0.26087725,-0.94457531,0.34047765,-1.858676,-1.6829569,-1.3053653,-0.38168693,0.65399796,0.4754574,0.31849015,-0.98014998,0.7860837,-1.0827676,-0.050002612,0.2411937,-1.092147,-0.083088726,0.049236603,0.51397818,0.025498552,0.3235909,-0.14804983,0.44921002,0.004824469,0.7156781,-0.03068313,-0.1327284,-0.8677907,0.36946145,1.0748732,-0.45078033,0.51470935,0.47065294,0.45852667,-0.6501165,0.5579924,0.41232365,-0.80306816,-0.53110397,0.10247152,0.095814571,0.20264103,0.74965996,-0.15944324,-0.51842529,-0.50846803,-0.034083638,0.51986235,-0.059558012,0.24258059,-0.31782377,0.1704011,1.1257207,-1.1914744,0.10568723,0.24093108,-0.54957044,0.044825092,-0.30525437,-1.333357,-1.8948988,-0.15624784,0.64687699,0.10476504,-0.12288019,0.74526626,0.30098444,0.46899548,0.23130806,-0.1207043,-0.56020719,0.21784759,0.041534174,-0.15866369,-0.66232866,0.22914523,0.16333973,1.2378486,-1.6788886,0.073498353,1.6706631,1.6789943,0.23168768,-1.2829454,-0.20635465,-0.56088203,-0.13901089,-0.007896024,0.3477321,0.84969389,0.69501358,0.63214254,0.14622991,0.1736545,0.66438854,0.63715005,0.90827966,-0.92794043,0.29021943,0.27730259,0.10512331,-0.38862392,-0.19744602,-1.7672107,0.31529903,0.092364252,-0.3687467,-0.022046,0.30496514,0.27288315,-0.60371727,0.28672469,-0.26373175,0.20863888,-0.12052689,0.55862594,1.115134,0.27529863,0.071496494,0.61353844,-0.23403475,-0.083172306,-0.95304644,0.36772418,-0.80446863,0.1472144,0.83440137,-0.95440215,-0.43525714,0.49749899,0.31181976,-0.63132185,-1.2174704,0.5437175,-0.62559432,0.1911501,-1.5211571,0.33614427,-0.26089036,-0.86854053,-0.492327,0.98718244,0.45801291,-1.9257193,-1.3105133,-0.37711453,-0.036765721,0.21950026,0.062329978,-0.010474591,0.51609266,0.21217661,-0.14210638,0.24530526,0.30126819,0.56988788,-0.026705399,-0.037248887,0.16824232,-1.414004,-0.004364366,0.22617421,0.1169587,0.23503223,0.74168044,1.2551177,-0.43050203,-0.84103072,-0.43094951,-0.030103266,-1.9546313,0.39956248,0.24494101,0.3857348,-0.79357427,-1.4134985,0.31551665,-0.50207019,0.59707803,-0.074049726,-0.093805626,0.60722679,0.1301451,0.28419819,0.46270385,0.049922988,-0.023090705,-0.35119304,-2.2358453,-0.60879284,-0.9436152,-0.048180118,-0.99693245,0.17931303,-0.17649665,-0.26436299,0.053167649,1
0.63706529,0.38236061,0.37637669,0.63282526,0.62205529,0.64599013,0.62537432,0.61764622,0.63440323,0.63932204,0.62231255,0.62689126,0.62858999,0.61144054,0.63599157,0.62209105,0.63604826,0.64826894,0.63784051,0.62639457,0.62172818,0.63015944,0.62299281,0.62437284,0.63629067,0.62086165,0.63605237,0.62489915,0.62937319,0.63960451,0.62290132,0.63383961,0.61939251,0.6286726,0.63265848,0.61229861,0.62050033,0.64386207,0.61639071,0.62212294,-0.89896524,0.36055055,0.56543434,0.59605968,1.4655502,1.8577857,1.4855279,0.87558335,1.0072525,1.8000286,1.5311563,1.3635798,0.51865304,-0.20484607,-0.28241611,-0.4513818,0.74588716,0.43260217,0.41294679,0.39116907,-1.0339804,-0.044621211,-0.65468979,0.35546294,-0.70152366,-0.06230275,-0.21817026,0.64906466,0.17005984,1.4193535,-0.23492113,0.26862592,-1.3353857,-0.17503154,-0.1290798,1.0851076,-1.1157916,0.66268873,0.27502671,-0.89614505,-0.083762378,-1.1339324,-0.64641345,0.43498057,0.98671436,0.58531988,0.000288848,-1.9104131,0.76038665,0.15708685,-1.1579616,0.72757804,-0.001382578,0.020606752,0.58328116,0.06121555,0.34234616,-0.37428242,0.11865588,0.69754761,-0.55856085,-1.2218459,0.040741555,0.65137911,-0.41178173,0.21106613,0.031709861,-0.20831394,-0.21748841,-0.31744391,0.35986,0.62274015,-0.21565317,-0.48172832,-0.48882386,0.34336621,0.33494693,-1.0817337,0.43790573,-1.1964881,-0.37795803,-1.950245,-1.1312877,-0.10935253,-0.64256704,0.40229952,-0.43746743,0.17550683,-0.11130452,-0.17572013,-0.75658917,-0.57213867,0.22333533,-1.2344337,-0.33362752,-0.078264028,0.063646011,0.27415362,-0.42148262,-1.934597,0.4093987,0.5355671,0.87907046,-0.20733273,0.59552228,0.42401537,-0.006056331,-0.48305631,-0.34759995,0.19787112,-0.34715581,-0.13266775,0.50463104,-0.36938989,-0.83086371,0.10086888,-0.62582546,-0.45682818,0.37731352,-0.58922625,0.051257547,-0.77053982,0.74572462,0.71450567,0.20261911,0.010829364,-1.734082,0.64312083,-0.034672119,-0.21302548,-0.048559036,-0.61454517,0.011342224,-0.13609515,-0.82428646,1.0862112,-0.83523166,0.17958722,0.43231291,-1.9027346,-0.067203134,0.32292223,-0.20722973,-0.49955419,-0.92970073,0.4677352,0.13380933,0.55374527,0.81017506,-0.84489006,-0.26599792,0.045254249,0.048747122,0.16740401,0.42121294,0.14349286,-0.18637601,-1.5063722,-1.978184,-0.78466672,0.33171213,0.87369752,0.34429216,-0.48712254,-0.38344097,0.071727343,1.3271501,-0.11815247,0.095937058,-0.29972166,-0.33456543,1.117052,0.19212,0.32640967,0.95384532,-0.16286579,-2.1345146,-0.095562093,0.41247135,0.007750138,-0.045059931,-0.92202228,0.18063331,-1.6696043,0.26825064,-1.1547643,0.55837291,0.046504617,-0.95071602,0.060461145,0.13213329,0.618855,-0.22438414,-0.31595904,-2.9740939,0.38640746,-0.76276374,0.010527074,-0.015300825,0.062158905,0.65607822,0.10544144,-0.19987853,0.71284026,-1.7639283,-0.83273154,-0.36862719,0.64291131,-0.38032654,0.12678735,0.24532434,0.52389836,0.003608665,0.45842162,0.50944656,0.8439644,-0.93058491,-0.26766959,0.75215578,-0.02238418,0.19346584,-0.025567202,-0.3710306,-1.341554,-0.53635371,0.13715446,-0.28180656,0.32649645,1.1926045,0.41227663,-0.44500178,0.2521404,-0.35810742,0.683438,0.57340074,-0.43881354,0.083631806,1.7676113,0.14504284,0.27170032,-1.0550416,-0.12205134,-2.1664014,1.1077811,-1.3760918,-0.16233201,-0.16740286,-1.7400923,-0.16461368,0.16689952,0.055746824,0.71924406,0.58546162,0.30823067,-2.0965481,1.0030123,0.093268275,1.2172598,-0.030630525,-1.3436275,0.037350178,-1.1373029,0.5530352,0.18122542,-0.96106946,0.36601847,-1.9382735,-1.7227082,-1.4189155,-0.46323222,0.57567269,0.41833529,0.34694403,-1.0244277,0.97328985,-1.1492007,-0.13807994,0.29456973,-1.3020594,-0.10660234,0.094771847,0.64182347,-0.071636036,0.32660356,-0.20980969,0.417126,0.007945039,0.72890264,0.03962639,-0.17779174,-0.83508182,0.42615432,0.97940308,-0.68952483,0.59432042,0.53761226,0.5455175,-0.73128539,0.6715185,0.48607844,-0.98225951,-0.77913058,0.13385114,0.088986076,0.13854931,0.97920722,-0.30948186,-0.54905409,-0.56052053,-0.025551021,0.52801031,-0.090499483,0.13540371,-0.4973411,0.24134311,1.1868455,-1.196208,0.1684469,0.36148891,-0.64255238,-0.023503557,0.13442019,-1.5003763,-2.2182441,-0.17851736,0.80700123,-0.017213926,-0.2477279,0.88451815,0.293605,0.5674535,0.32430819,-0.21060075,-0.57677788,0.30820918,0.054465432,-0.21386382,-0.55057281,0.28150985,0.25685322,1.2325032,-1.7439464,0.037885509,1.7020539,1.5391281,0.50595021,-1.5259502,-0.3401584,-0.59694612,-0.21913202,0.04444617,0.26196462,0.90401155,0.69216824,0.35276285,0.14188394,0.19437419,0.79814547,0.71766675,1.1101258,-1.0329504,0.27368146,0.19680476,0.061117567,-0.45493746,-0.20771258,-1.9477663,0.42868239,0.036496051,-0.32648095,-0.10262531,0.34980467,0.235016,-0.62093753,0.35341129,-0.19033417,0.26502854,-0.18768199,0.71700627,1.1128595,0.39521959,0.096466087,0.68127251,-0.22625214,-0.06032918,-1.0807796,0.34120595,-0.84097797,0.086351424,0.81570643,-0.96854401,-0.43714318,0.47552565,0.34598392,-0.59097147,-1.178436,0.58397579,-0.51891553,-0.022747576,-1.8303065,0.29157284,-0.21138526,-0.88225889,-0.38668257,1.0247253,0.52774376,-2.0438287,-1.3229259,-0.49649805,-0.002612679,0.31247967,-0.05180138,0.102642,0.59782708,0.24378112,-0.11231403,0.34277233,0.33689916,0.37989521,-0.13968214,-0.29829887,0.24679001,-1.6257709,0.020478426,0.39435649,0.090961166,0.2337326,0.68709809,1.305743,-0.41027308,-0.91151696,-0.4764539,-0.11973165,-2.1252987,0.35575944,0.32840332,0.45588529,-0.74427801,-1.4036304,0.30603513,-0.59264326,0.55442882,-0.076237954,-0.00769455,0.64215672,0.22059801,0.36935169,0.41995078,0.038400423,-0.26446521,-0.45816445,-2.5012143,-0.65872431,-0.9698537,0.0941457,-1.0485482,0.27484292,-0.26567733,-0.37806529,0.10832125,1
0.56849223,0.32442287,0.30943209,0.56670725,0.55642152,0.58315837,0.56335711,0.55219585,0.57149148,0.57263774,0.56327593,0.55528128,0.56598341,0.54029274,0.56851161,0.56443369,0.5592674,0.59564596,0.57161885,0.5576601,0.54267716,0.57000679,0.55353272,0.56229466,0.57358122,0.55956709,0.5668357,0.55895138,0.57231021,0.56672359,0.55834961,0.56550729,0.56088936,0.55854917,0.56630743,0.54079664,0.55117989,0.56310648,0.54460764,0.55649614,-0.9177801,0.28776932,0.41939396,0.49267578,1.3749791,1.7215075,1.342875,0.74812907,0.87063152,1.6693033,1.4272959,1.2297281,0.33213267,-0.20423113,-0.20518424,-0.33309165,0.60813683,0.33111775,0.33818355,0.2730675,-0.56498241,0.062623061,-0.59817475,0.37403661,-0.78602648,-0.18979962,-0.23419684,0.64112228,0.26596153,1.3801553,-0.22829963,0.19268028,-1.1421362,-0.27267694,-0.027748693,0.91388774,-1.1575646,0.53385597,0.1409952,-0.91776407,-0.1076743,-1.146781,-0.55526882,0.42833212,0.79689288,0.6600306,-0.03681612,-1.7356286,0.77880973,0.10315332,-1.0537139,0.56691635,-0.001207687,-0.010375675,0.59998626,-0.097822323,0.44582719,-0.33229429,0.016405061,0.56346023,-0.78433955,-1.0427363,0.043286148,0.50139987,-0.28334254,0.2013316,0.17495558,-0.24747105,-0.075435996,-0.34332636,0.38496235,0.70236015,-0.25036964,-0.11855541,-0.4539097,0.056131899,0.30132616,-1.0831475,0.3681756,-1.0114557,-0.44563013,-1.8193858,-0.89593929,-0.12411454,-0.51697129,0.2130599,-0.43400994,0.15913253,-0.13739799,-0.057097606,-0.85296834,-0.67894506,0.5547508,-1.0929022,-0.15016283,-0.063183092,0.00702773,0.44680828,-0.51293814,-1.7172496,0.92432779,0.44828284,0.84707701,-0.22538561,0.55433279,0.4039973,0.031105496,-0.18983042,-0.26088038,0.31051496,-0.7604143,0.00074859,0.37642124,-0.25591961,-0.75603229,0.040401317,-0.5032329,-0.61990237,0.35096347,-0.36783925,-0.023000093,-0.85182613,0.71219349,0.7328397,0.11215147,-0.031356614,-1.7299013,0.54532421,-0.047521178,-0.16523926,-0.021333426,-0.51549602,0.09545476,-0.1117724,-0.69758654,1.0872288,-0.67671323,0.08427079,0.44083107,-1.450551,-0.21678068,0.29693142,-0.066873379,-0.41614753,-0.94933516,0.47506142,0.080716521,0.5716325,0.96280479,-0.7547214,-0.19762367,0.055151869,0.19439554,0.29094678,0.39611489,0.078720056,-0.23894675,-1.2540454,-1.8042938,-0.84529382,0.33212331,0.68099689,0.2598241,-0.51207149,-0.41222236,0.093288161,1.4837154,-0.18263456,0.092168197,-0.21555589,-0.21351667,0.9328832,0.10068118,0.22251813,1.2360052,-0.11929006,-2.3309729,-0.087367825,0.74495816,0.033833876,-0.072455846,-0.63380194,0.093639657,-1.5047346,0.23319325,-1.33134,0.22991082,0.19562809,-0.85672319,-0.03249656,0.2576071,0.42986083,-0.26736349,-0.20132725,-2.5356097,0.23136526,-0.7714479,-0.085380144,-0.089822382,0.0612939,0.50669003,0.14511907,-0.25400805,0.55254346,-1.525702,-0.92887986,-0.30442065,0.54061145,-0.51793098,0.14189124,0.17533524,0.45204055,0.10034127,0.48549393,0.39710113,0.82736063,-1.0057472,-0.33841485,0.61338985,-0.051422331,0.23536219,-0.088455915,-0.20062491,-1.2610074,-0.42127296,0.075402535,-0.49741018,0.44313794,1.235839,0.41410333,-0.4711431,0.19603536,-0.41150191,0.52608967,0.71806651,-0.38985345,0.094754785,1.8471041,0.21553585,0.19326299,-0.87444574,-0.26005968,-1.9228691,0.96297252,-1.322257,-0.20437567,-0.21412931,-1.3648111,-0.43298393,0.23381564,0.13131447,0.48344421,0.52457505,0.3595773,-1.8896692,0.94627619,0.037733175,1.2206897,0.045104422,-1.161016,-0.050582681,-1.0232627,0.48105153,0.32328632,-0.88293946,0.20785101,-1.7244112,-1.5062242,-1.4729252,-0.38881457,0.62890112,0.84994268,0.2590903,-0.882725,0.76931214,-1.1883101,-0.24756975,0.28969881,-0.97218394,-0.11725345,0.050851427,0.58880848,0.17683354,0.4526214,-0.083973475,0.60936022,-0.014096633,0.38490111,0.062216468,-0.12713036,-0.69938701,0.29785842,1.1439066,-0.48064896,0.65945643,0.46862936,0.49873221,-0.73977494,0.61144036,0.32342574,-0.9576838,-0.547517,0.054374788,0.085069627,0.12766364,0.90896726,-0.24205425,-0.52632904,-0.5783062,-0.05140394,0.67879432,-0.17445508,0.17687093,-0.27698272,0.16908622,1.2831511,-1.1224943,0.10832693,0.2962808,-0.71414155,0.010377103,-0.029589161,-1.3238839,-1.9262053,-0.28772318,0.62185979,0.0955799,-0.13363874,0.69573653,0.32117322,0.49445942,0.27061743,-0.0946583,-0.44136393,0.24957557,0.14347506,-0.18362698,-0.49901226,0.22684176,0.17181559,1.3236439,-1.7650934,-0.073829904,1.5414429,1.7283992,0.32600164,-1.402173,-0.17471242,-0.32713965,-0.11712968,0.00583821,0.30375707,0.83922899,0.73590159,0.64535522,0.20840856,0.20459262,0.76101238,0.72268724,1.2510493,-0.95177794,0.33914238,0.27943659,0.1165899,-0.36631167,-0.15879233,-1.5536058,0.32179952,0.018284112,-0.40342188,-0.16071954,0.40656105,0.25550759,-0.65527791,0.198789,-0.24376592,0.58396596,-0.075669959,0.71179545,1.0564457,0.34508345,-0.001615514,0.64047039,-0.14051139,0.16554323,-1.0285943,0.40784699,-0.77610648,0.070569307,0.87720078,-0.93527901,-0.39358199,0.424481,0.35541144,-0.53518689,-1.2282737,0.55608642,-0.63473165,0.24591428,-1.7333245,0.35323688,-0.23497385,-0.67165554,-0.43083838,1.1323487,0.45263222,-1.8862834,-1.2817031,-0.40742972,0.001546813,0.24772884,-0.021370407,0.060729012,0.51892984,0.15186758,-0.21311623,0.26215053,0.32514754,0.36722249,-0.20954274,-0.10809296,0.54921591,-1.5272704,0.010794358,0.32426801,0.025880354,0.22843364,0.72045124,1.1001408,-0.38785595,-0.86243057,-0.33334804,0.31851789,-2.007705,0.4525229,0.37182549,0.37306994,-0.77153778,-1.2901698,0.33087179,-0.57747734,0.28021911,0.032939479,-0.05246076,0.59198219,0.12795319,0.28904074,0.32940143,0.061795626,-0.056244396,-0.32315695,-2.3086605,-0.6923033,-0.85126317,-0.067705594,-0.86504638,0.23899904,-0.20958865,-0.26160365,0.033344071,1
0.48890722,0.2302351,0.21033704,0.51832509,0.51091397,0.53261113,0.50880563,0.49626529,0.50870812,0.52199382,0.50556916,0.5037396,0.50469542,0.48653924,0.51752365,0.49754936,0.50035739,0.53459132,0.51362693,0.50000697,0.49072778,0.51504266,0.49569124,0.49665684,0.51679862,0.50626081,0.52213204,0.50558984,0.50994706,0.51272434,0.50518352,0.51134133,0.50171268,0.50139582,0.50686651,0.49490196,0.49694923,0.51123053,0.49151233,0.50332278,-0.86707461,0.18844971,0.43427122,0.52966869,1.4219882,1.7716563,1.363773,0.77895343,0.90048993,1.7172039,1.465573,1.273985,0.32615823,-0.21727289,-0.23731306,-0.22318995,0.5956732,0.32419232,0.36271203,0.29542649,-0.71538931,-0.022896275,-0.63065314,0.30816305,-0.93820322,-0.019693315,-0.16785648,0.67900479,0.20103326,1.2712172,-0.20670521,0.19475122,-1.1877825,-0.24505037,-0.11748018,0.73022813,-1.2433519,0.46998829,0.22187348,-0.87731069,-0.082757987,-1.1732366,-0.56951296,0.40636107,0.70543909,0.57795835,-0.034526259,-1.7330992,0.61366147,0.13674991,-1.0534425,0.73542225,0.007201109,0.037650336,0.52646345,-0.073370181,0.32197493,-0.38653716,0.050327007,0.54198575,-0.65434158,-1.1003172,0.058078166,0.58364266,-0.3119902,0.23149976,0.10825905,-0.19404621,-0.13362823,-0.29456654,0.4417811,0.71513438,-0.19658104,-0.30286062,-0.39767602,0.33613008,0.29101938,-1.1063435,0.4293696,-1.1526607,-0.43237549,-1.836683,-0.91966361,-0.11221176,-0.55093443,0.23905854,-0.35074803,0.21819139,-0.14810559,-0.18005276,-0.73002541,-0.55480105,0.098234385,-1.1249723,-0.15181385,-0.087265745,0.099395521,0.26471156,-0.47802359,-1.7555087,0.44878656,0.50023711,0.83875918,-0.14016925,0.47582,0.37487352,0.047122352,-0.45180857,-0.3058719,0.28612995,-0.56932902,-0.17522073,0.3755334,-0.31274846,-0.86128753,0.056912806,-0.59028351,-0.53681779,0.4121781,-0.42973548,-0.030533342,-0.75415415,0.71537858,0.67430866,0.039741457,0.042436201,-1.7191674,0.61949003,-0.11689335,-0.16335991,-0.052592073,-0.51511675,0.024141874,-0.096106857,-0.71265113,1.1128465,-0.67193097,0.1144036,0.40909037,-1.8246427,-0.13755812,0.33366519,-0.12355001,-0.46763459,-0.94157505,0.52419645,0.012983367,0.43775564,0.71541905,-0.76241606,-0.25092456,0.019657491,0.2665346,0.12887871,0.36577386,0.10836865,-0.14514895,-1.267689,-1.8010128,-0.74816859,0.30010369,0.72714698,0.25717321,-0.44288927,-0.3199431,0.070395954,1.6512725,-0.16456079,0.092628159,-0.25059801,-0.27183256,1.050318,0.13007349,0.25759703,1.339741,-0.090031862,-2.3501184,-0.053456057,0.47856984,-0.020948825,-0.003402848,-0.73484772,0.16439047,-1.5719014,0.16665992,-1.243252,0.49329039,0.077561669,-0.8207894,-0.042755336,0.12069871,0.59883732,-0.21721028,-0.060536072,-2.609477,0.33758917,-0.8040303,-0.052552458,-0.11074083,0.0296195,0.67461002,0.073244661,-0.20729339,0.64828706,-1.564943,-0.85016578,-0.30202937,0.38359323,-0.51405567,0.095095173,0.22052217,0.4043245,0.071106777,0.47788113,0.51278389,0.79624623,-0.88740993,-0.40402225,0.45994246,-0.027215429,0.23615138,-0.15950128,-0.28747845,-1.2696457,-0.46834725,0.078034282,-0.37694094,0.27604246,1.0390868,0.33580661,-0.44897968,0.17452168,-0.36681259,0.54850036,0.46698099,-0.48107827,0.098822378,1.8207474,0.12271698,0.20558703,-0.86774039,-0.22427753,-1.9723303,1.1083087,-1.3205473,-0.17210472,-0.16382599,-1.4052469,-0.2146036,0.21621363,0.10191506,0.81639636,0.54455018,0.43460158,-1.9956651,1.0667068,0.075916454,1.1154565,0.018983332,-1.1189456,-0.030791134,-0.93257624,0.70489657,0.28449932,-0.87464178,0.23521867,-1.8327717,-1.5541712,-1.3706211,-0.39733422,0.42326081,0.35937971,0.29102987,-0.99740529,0.77270079,-1.0949861,-0.089859307,0.31943965,-1.1002315,-0.054389134,0.041780643,0.57593703,-0.040253263,0.23632148,-0.18402918,0.62985998,0.044309989,0.83145154,0.024860889,-0.1735619,-0.69616872,0.39834642,0.96860278,-0.60714519,0.60796928,0.4755601,0.61449468,-0.69684744,0.67215109,0.23374188,-0.93883157,-0.62092853,0.088400938,0.063731149,0.17455809,0.7588281,-0.21514308,-0.47622517,-0.56993753,-0.005849911,0.47784328,-0.13636202,0.053950146,-0.30916646,0.17373334,1.0181793,-1.172141,0.16264914,0.26381841,-0.60801524,-0.002284834,-0.34422356,-1.4038334,-2.010299,-0.084838502,0.65055007,0.070385046,-0.048160419,0.76745087,0.23021674,0.41616952,0.2482338,-0.076942347,-0.54038912,0.21563679,0.051260173,-0.14491417,-0.44609234,0.24491204,0.159751,1.2231717,-1.6522384,0.090159476,1.5485874,1.5788869,0.39147964,-1.4220301,-0.22862123,-0.61295199,-0.18665218,0.011497904,0.39803728,0.92086673,0.82537931,0.47298163,0.25896561,0.13960429,0.78442299,0.73127556,0.91466033,-0.97766501,0.16672742,0.19490179,0.046005197,-0.42445678,-0.19656561,-1.7731949,0.35535008,0.029070541,-0.42298052,-0.048722748,0.24394576,0.17159866,-0.67873102,0.25022167,-0.28119043,0.20316637,-0.066050529,0.5426141,1.066227,0.32757977,0.13995899,0.66217709,-0.066387683,-0.034613311,-0.99459195,0.38291311,-0.76298475,0.030684292,0.84126455,-1.0431328,-0.43116361,0.49334812,0.33421782,-0.59233111,-1.2184142,0.58376825,-0.57545,-0.012264092,-1.7250391,0.33752453,-0.18765293,-0.56757569,-0.40432951,0.95499098,0.32907546,-1.8746048,-1.2666631,-0.39576548,-0.006884372,0.28016433,-0.006904942,0.027297892,0.51026279,0.24730858,-0.11624549,0.22815038,0.36697084,0.44205695,-0.070270285,0.16919357,0.16862115,-1.5435205,-0.011404835,0.36282074,0.086209238,0.21359947,0.62684232,0.93379891,-0.36699486,-0.80897295,-0.44059694,-0.033146113,-2.0162635,0.3586731,0.33631259,0.42404962,-0.75190312,-1.4308312,0.28312355,-0.64475197,0.001866818,0.00649634,-0.026536252,0.70572686,0.16084883,0.32587665,0.3833825,0.021227583,-0.1794215,-0.38687223,-2.2927029,-0.69409263,-0.92816931,-0.036259562,-0.96509957,0.21577585,-0.19348477,-0.26037905,0.068532929,1
0.43002534,0.18880978,0.13450803,0.4438315,0.42890006,0.45922416,0.44163769,0.43394679,0.43026423,0.42882651,0.42452037,0.44052535,0.42996794,0.41722238,0.44323802,0.4291628,0.44338167,0.45365182,0.41905063,0.42117512,0.41318434,0.426916,0.41477248,0.4257021,0.42817068,0.41458523,0.42246166,0.40917754,0.42051238,0.40817973,0.41515189,0.4141441,0.40023738,0.40498081,0.40542543,0.39805681,0.38900304,0.40878147,0.38761356,0.3902469,-0.90715158,0.12102816,0.29043114,0.44693565,1.4036337,1.6587667,1.2002823,0.66162837,0.76902884,1.6199542,1.4105036,1.1559254,0.35134774,-0.21656309,-0.31144786,-0.37018412,0.63881391,0.3500253,0.32958308,0.28138077,-0.85047632,0.030080717,-0.56834465,0.26883534,-0.88823724,0.12674478,-0.13409923,0.49352038,0.095563993,1.1271979,-0.17012091,0.18435836,-1.0716377,-0.26012981,-0.1889737,0.82362175,-1.2469192,0.47664529,0.048535839,-0.86299098,-0.16421485,-1.0459418,-0.44750613,0.38056666,0.79955572,0.39939639,-0.12538867,-1.5495942,0.55506998,0.10980828,-1.0008194,0.68744475,-0.008904994,-0.077402763,0.44274119,-0.030184757,0.31388259,-0.21777767,0.045773663,0.58369124,-0.59864128,-0.97824645,-0.004053526,0.58565539,-0.31319723,0.14974259,0.1695945,-0.1360205,-0.082032382,-0.29698014,0.25113523,0.56154096,-0.1665864,-0.092476785,-0.2272429,0.16293949,0.12885842,-1.0351801,0.34367511,-1.0035131,-0.2994689,-1.6781429,-0.74475455,-0.13013023,-0.51876301,0.37790573,-0.34118479,-0.033659413,-0.13506675,-0.034846686,-0.55496013,-0.65854383,-0.19271725,-0.90307701,-0.059892751,-0.1338602,-0.002370805,0.13134238,-0.3055411,-1.4779376,0.17793369,0.46302259,0.7495383,-0.13257073,0.47210863,0.23501697,0.026232079,-0.59547627,-0.33642629,1.0925353,-0.66949606,-0.081975654,0.34898818,-0.13809723,-0.77915263,0.048226554,-0.55349511,-0.41819683,0.32126793,-0.32428738,0.011342579,-0.75234544,0.81947631,0.68818611,0.22669818,-0.22946344,-1.631417,0.45227349,-0.034426548,-0.036851957,0.015321307,-0.45412761,0.07418602,-0.10081212,-0.64817744,0.92492157,-0.65134442,0.18008681,0.44057572,-1.2437406,-0.22020851,0.14456254,-0.048320141,-0.38303491,-0.72484529,0.4468289,-0.16516373,0.46386692,0.73705131,-0.64756644,-0.17915058,0.12303875,0.18537791,0.24970496,0.28797191,0.22269233,-0.21928331,-1.1223453,-1.7252507,-0.83337414,0.22229767,0.8166427,0.27487242,-0.43863997,-0.34619728,0.029591061,1.2829802,-0.18471378,0.1169927,-0.14763132,-0.21902001,0.93143547,0.14778301,0.280568,0.59619963,-0.12164751,-2.1239934,-0.10570767,0.16466668,0.022925373,-0.24852642,-0.52619433,0.1800642,-1.4979581,0.074815735,-1.3244749,0.015681505,0.33869556,-0.77925879,0.022337016,0.2392115,0.29380971,-0.23289055,-0.20540091,-2.4804332,0.30286795,-0.69119847,-0.009354428,0.073312774,0.000147402,0.46989119,0.072387673,-0.15907927,0.77576107,-1.3877407,-0.80601126,-0.27758217,0.33082891,-0.51237082,0.33421719,0.12499222,0.27287155,0.081428446,0.39463443,0.40286502,0.81527442,-0.84081751,-0.39604121,0.60803568,-0.26035255,0.304557,-0.16511106,-0.23886476,-1.1104581,-0.34996545,0.091699205,-0.38771224,0.17104211,1.0378249,0.29448587,-0.40722433,0.18385074,-0.29481661,0.46130925,0.45866117,-0.29889056,0.003440864,1.85864,0.17357641,0.30339453,-0.64135355,-0.18434326,-1.7938734,0.87225682,-1.0754542,-0.14359729,-0.15238401,-1.4460671,-0.23133418,0.2236675,0.33057073,0.38755485,0.5545162,0.22630771,-1.7175231,0.82276946,0.51028383,1.096223,0.083420739,-1.0738627,-0.012851849,-0.89877856,0.57394224,0.22316229,-0.8033722,0.027239233,-1.5681602,-1.3989289,-1.2211215,-0.28125358,0.41246501,0.25123745,0.26392323,-0.78561944,0.69742733,-0.93389499,-0.096625343,0.29509306,-0.98861742,-0.18049824,0.041293077,0.49072832,0.20146444,0.3099367,-0.17351449,0.42699596,0.091576174,0.32576913,0.009512629,-0.067190394,-0.69215971,0.43075341,0.83043182,-0.33283287,0.51219183,0.48224354,0.48323107,-0.61005759,0.49224985,0.31909424,-0.68448919,-0.50068736,0.19297665,-0.074309438,0.1371354,0.5962128,-0.10040917,-0.476484,-0.48698667,0.058317255,0.29944509,-0.24946065,0.022053141,-0.28697434,0.11081233,0.92747164,-1.1047721,0.18996677,0.31314966,-0.56107861,-0.048696633,-0.36845547,-1.1827339,-1.8190429,-0.22229591,0.60015786,0.050963558,-0.001402289,0.54834062,0.14788909,0.5039959,0.22436051,0.11923601,-0.40258485,0.24804705,0.076255493,-0.082853116,-0.58053571,0.20826274,0.12222882,1.1218188,-1.4653273,-0.038111679,1.3813084,1.572633,0.47779387,-1.3615955,-0.11387795,-0.4724116,-0.18639612,0.003692852,0.015661806,0.7505821,0.82797217,0.4427788,0.1336064,0.063840836,0.70708591,0.68177527,0.87998366,-0.82519162,0.011672646,0.12753329,0.22662079,-0.3807022,-0.16318999,-1.619837,0.35283408,0.011334678,-0.34786266,-0.21520175,0.064947128,0.184001,-0.62775964,0.1162076,-0.26400882,0.087641463,0.045948192,0.4136827,1.0134546,0.24366596,0.081816919,0.63454884,0.14507952,0.08095964,-0.86616659,0.33047038,-0.73975277,-0.10110867,0.76694649,-0.96105063,-0.244479,0.31564465,0.13947871,-0.43307278,-0.98459995,0.47854042,-0.70116305,0.044288822,-1.6410756,0.31213576,-0.19873032,-0.48372266,-0.48363191,0.80440485,0.24780926,-1.7037458,-1.2033994,-0.32090503,0.011454216,0.24833253,-0.003773416,0.087277077,0.36290348,0.26190689,-0.10340731,0.23386113,0.29587355,0.25425172,0.032399654,-0.044288829,0.26634979,-1.2906959,0.024371149,0.16615999,0.081881486,0.20289445,0.40359518,0.72151864,-0.34718865,-0.83569348,-0.41012749,0.17087749,-1.8791784,0.43218505,0.35120812,0.38218048,-0.62282091,-1.164325,0.24021441,-0.62568474,0.12010793,-0.11298594,0.043471426,0.38628361,0.063343987,0.31690079,0.28419387,0.070573181,-0.059937052,-0.21125668,-2.0578647,-0.5778147,-0.75135344,0.051697284,-0.80599457,0.15950996,-0.18133058,-0.23583293,0.19373184,1
0.48484662,0.2514838,0.19707841,0.47948807,0.46030742,0.48678222,0.47128171,0.45382774,0.45733047,0.46352541,0.45409578,0.4705182,0.45740616,0.44080722,0.4786934,0.45389593,0.4673323,0.47653744,0.46084127,0.44810808,0.44628292,0.45726991,0.44477034,0.45088303,0.45749515,0.44498581,0.45841423,0.44084975,0.4493345,0.44236377,0.44061208,0.44493291,0.440633,0.43599194,0.4394218,0.42571032,0.42580736,0.44122565,0.42112464,0.42757887,-0.97016323,0.18369964,0.46190661,0.57027334,1.5104191,1.7672852,1.3937672,0.81910467,0.93434888,1.7799021,1.5489378,1.3058624,0.36982146,-0.16663444,-0.01852037,-0.45710522,0.55546975,0.39185548,0.382245,0.26177111,-0.88766468,0.014434401,-0.73074883,0.29838514,-0.38109878,0.052781176,-0.1956186,0.98491371,-0.113603,1.4772395,-0.18824156,0.17427392,-1.2297151,-0.28099021,-0.2112278,0.70907998,-0.9479782,0.5586921,0.19024882,-0.98662174,-0.13648346,-1.5037906,-0.57227671,0.40202934,0.71742928,0.62745392,0.019805692,-1.9038477,0.85978067,0.11811625,-1.3347415,0.71371651,0.043974347,0.17082778,0.52100688,0.002124324,0.33816627,-0.27520365,-0.000325967,0.71114087,-0.3661828,-1.2013661,0.013339609,0.64419091,-0.3519316,0.55655521,0.083198041,-0.28593582,-0.1068836,-0.25777161,0.29808915,0.61216259,-0.22219762,-0.52774155,-0.45251077,-0.16836905,0.5482533,-1.0743082,0.47890002,-0.96160483,-0.34767166,-2.0046468,-1.079668,-0.17519486,-0.87876594,0.29236829,-0.44169283,0.16412058,-0.13048974,-0.22444031,-0.88454175,-0.6261847,0.3289175,-1.2011323,-0.42327937,-0.04923737,0.14554445,0.30092871,-0.49655917,-1.8135455,0.77257055,0.51511109,0.84656751,-0.16744754,0.42482013,0.31128255,-0.006302826,-0.37213716,-0.40713322,0.60167408,-0.48568705,-0.066062346,0.35253498,-0.48563597,-0.75549167,0.13545516,-0.62931597,-0.61565644,0.35353115,-0.5673601,0.021732429,-0.76945293,0.67491353,0.59866023,0.074075982,0.16440065,-1.8586195,0.67294663,0.090437606,-0.12868775,-0.10953006,-0.54847252,0.010029292,-0.19150907,-0.69688237,1.1745296,-0.8026917,0.17112088,0.36554572,-1.6877693,-0.19263697,0.30593568,-0.23881432,-0.47102872,-1.0482562,0.31596503,-0.004802272,0.36077413,0.72977334,-0.91796654,-0.37478039,0.069115087,0.053289019,0.12034591,0.32698143,0.073559701,-0.12053548,-1.464959,-2.0021279,-0.71567792,0.29760453,0.74978459,0.25809512,-0.39644691,-0.39228278,-0.01544188,1.3206353,-0.10268676,0.13881721,-0.2043069,-0.30332574,0.85974085,0.13102521,0.3084836,1.3922431,-0.22979705,-2.4474506,-0.093823522,0.49110809,-0.000618906,-0.28073996,-0.87308121,0.098833062,-1.6093687,0.18200856,-1.1452603,0.49147072,0.11257119,-0.95328617,0.064361349,0.14026421,0.767407,-0.22526586,-0.001358718,-2.7110682,0.41245437,-0.59018677,-0.048492156,0.10886054,0.14228079,0.8785944,0.13504387,-0.17010663,0.46987548,-1.8588946,-1.087974,-0.41523254,0.70216763,-0.35932359,0.13462983,0.15859888,0.25914052,-0.15772933,0.46498674,0.51008117,0.66090029,-1.0695957,-0.40088779,0.95843005,-0.13367373,0.11354846,-0.14510706,-0.30515477,-1.4445987,-0.54293674,0.14989369,-0.4517597,0.23291506,1.080634,0.35710603,-0.44146609,0.21025237,-0.37873039,0.62293303,0.47565708,-0.38849223,-0.000999577,1.3734815,0.10719667,0.20508179,-1.0187893,-0.2617141,-2.0547352,1.2298388,-1.4873466,-0.021833122,-0.043201834,-1.3402508,-0.2817989,0.13684069,0.049129866,0.74290627,0.62941134,0.5337702,-1.963486,1.1163256,2.0109971,1.4538708,-0.027611267,-1.4128524,-0.028913181,-0.95268792,0.61256367,0.10192682,-0.76386631,0.51833576,-1.8725438,-1.3336753,-1.4775646,-0.38826922,0.3480823,0.87436968,0.26968652,-1.1528244,0.90024829,-1.0925813,-0.098648295,0.38550535,-1.3085605,-0.03563419,0.029858155,0.56781626,0.25867081,0.47269121,-0.2777229,0.57273263,0.047060177,0.95956135,-0.024791051,-0.15912566,-0.62430328,0.45993558,0.96870089,-0.78528744,0.99471378,0.50009698,0.24901882,-0.69148088,0.80344141,0.24424322,-0.96191967,-0.80153364,0.09598428,0.23909564,0.15698604,0.94836128,-0.31126142,-0.42784494,-0.4175778,-0.042728916,0.53232932,-0.30960187,0.036605489,-0.46575415,0.088265553,1.241402,-1.190726,0.19777438,0.42719838,-0.47104433,-0.022881856,0.21047363,-1.520301,-2.2572792,0.08895357,0.6560809,-0.089577019,-0.081320867,0.75164819,-0.027953088,0.4452143,0.35880131,-0.058088645,-0.88755083,0.2074378,0.17897165,-0.28789276,-0.48163363,0.24466404,0.11342085,1.1332407,-1.6791927,-0.11965638,1.3464624,1.3804154,0.53783578,-1.6075139,-0.40346766,-0.67629623,-0.3499237,0.13899937,0.3076618,0.94375706,0.48045161,0.34177661,0.24129769,0.18709105,1.1882191,0.6821925,1.1967658,-1.2296695,0.2977767,0.18290146,0.000367776,-0.4815926,-0.16532782,-1.7268815,0.36010337,-0.001180928,-0.41861564,-0.23065871,0.33050525,0.18839368,-0.66523916,0.33130723,-0.31441808,0.71720958,-0.14122681,0.60907578,0.96448416,0.37260559,0.18906815,0.68659139,0.21326399,-0.10509406,-0.89668489,0.35147262,-0.70964015,0.008154884,0.8886863,-0.55337596,-0.63889861,0.62456971,0.27210194,-0.71071565,-1.1987998,0.62523091,-0.66326368,-0.12610713,-1.8793702,0.25199714,-0.34254992,-0.87442189,-0.40916827,1.2035697,0.30876523,-2.0223939,-1.2960184,-0.49056539,0.020406116,0.45640647,-0.21741691,0.052361462,0.48607352,0.25693861,-0.075265393,0.057462618,0.29860795,0.421516,-0.099325418,-0.018580601,0.2951248,-1.5421284,-0.047387816,0.67640507,0.13700756,0.23293607,0.59563661,1.0150228,-0.51393974,-0.93498611,-0.38679427,0.30844563,-2.164361,0.36581981,0.19528347,0.44528806,-0.72826988,-1.4160205,0.43384713,-0.44695896,-0.051058918,-0.071241781,-0.050017096,0.82308829,0.058409352,0.38512689,0.4381468,0.04094734,-0.081109159,-0.52410817,-2.3581486,-0.82395893,-1.0162344,0.016454734,-1.0161245,0.1633807,-0.13308723,-0.37089139,0.15991302,1
0.48101658,0.25143108,0.19276804,0.49275845,0.47929093,0.50715446,0.49129218,0.47431868,0.48123333,0.47621283,0.46754619,0.47899222,0.46979237,0.45416206,0.48310819,0.47760889,0.47065783,0.4954187,0.47389749,0.46080551,0.45185536,0.46979278,0.45538193,0.45190468,0.46545029,0.46299523,0.46218556,0.4555378,0.46485329,0.45673585,0.44760042,0.45497113,0.43158525,0.44281203,0.44977498,0.42641139,0.42780101,0.44935358,0.42715132,0.44561958,-0.9100346,0.17802975,0.42504841,0.55148667,1.5363082,1.7450669,1.3494964,0.81041491,0.92015839,1.7755971,1.5387324,1.3065988,0.32086015,-0.20665616,-0.30945402,-0.43471688,0.5181911,0.35227102,0.31086046,0.24613528,-0.79552358,0.002299051,-0.59740788,0.25789654,-0.71705836,-0.008538432,-0.099276781,0.74389923,0.1408937,1.2640791,-0.10733371,0.16468918,-1.137041,-0.30919647,-0.20438138,0.62208849,-1.1405729,0.51761532,0.037660256,-0.99846786,-0.10580149,-1.314966,-0.4227531,0.34764642,0.6717096,0.60439277,-0.03815243,-1.8026158,0.59372914,0.11150985,-1.1640141,0.61793733,0.027300175,0.14536202,0.56131297,-0.000425018,0.48434892,-0.22634727,0.036158606,0.61708045,-0.59413582,-1.0747555,-0.048810504,0.60135889,-0.2870003,0.40861237,0.039977647,-0.19324687,-0.14797203,-0.22811379,0.32191139,0.64265406,-0.20784095,-0.34671941,-0.5366444,0.068273753,0.47634301,-1.2060113,0.34523311,-0.78157175,-0.2632708,-1.8252479,-0.84119296,-0.16685209,-0.71854722,0.3494916,-0.38422534,0.17469041,-0.14209814,-0.060869187,-0.89245445,-0.6879214,0.37271637,-1.1202804,-0.2329735,0.00884667,0.019984409,0.25715756,-0.41147295,-1.672066,1.1843598,0.47962511,0.90705901,-0.2200565,0.44090915,0.30207151,0.041343503,-0.046576589,-0.50897479,0.53789943,-0.67316902,-0.043454126,0.35119176,-0.26588908,-0.78450024,0.1497888,-0.44911334,-0.57585299,0.27690649,-0.48800391,0.002200879,-0.69576812,0.84405589,0.57230884,0.007523991,-0.003369092,-1.7382067,0.39109084,-0.006534211,-0.25938344,0.031039104,-0.50249118,0.13065685,-0.23970303,-0.64099979,1.1032352,-0.77885616,0.19363506,0.57362866,-1.6482366,-0.21503448,0.24609023,-0.17111784,-0.29071978,-0.95323741,0.43996978,-0.29074264,0.29761159,0.95379996,-0.83476162,-0.22014189,0.091841757,0.46887302,0.16945681,0.10778093,0.1739886,-0.061933517,-1.2905524,-1.8959675,-0.77129549,0.24078313,0.61840272,0.2159888,-0.32754421,-0.3329705,0.07887774,1.7120557,0.17474595,0.19927292,-0.1680766,-0.15529594,0.85456967,0.16875203,0.30704063,1.06252,-0.13257918,-2.5357831,-0.16773236,0.35684922,0.06852147,-0.27612883,-0.69624496,0.025737748,-1.3665239,0.11929335,-1.3896842,0.35425022,0.16360223,-0.92612177,0.027671557,0.22886927,0.62670958,-0.11834139,0.28469896,-2.4243364,0.25344604,-0.98460007,-0.009488523,0.13156646,0.20452811,0.69048887,0.093605094,-0.14521672,0.41381294,-1.3352845,-0.79536539,-0.26190135,0.44922861,-0.40014043,0.15758441,0.08347328,0.23194292,0.042343039,0.51074874,0.44362059,0.96710932,-1.0156403,-0.33420074,0.58961242,-0.174272,0.19021916,-0.14252658,-0.23478934,-1.3109283,-0.37753868,0.1587581,-0.54575342,0.22494882,1.1214143,0.33172816,-0.47316429,0.17182858,-0.47184151,0.46829975,0.49987569,-0.24804856,0.058726959,1.8000287,0.26051077,0.20053184,-0.73516786,-0.27307028,-1.8106048,1.1627823,-1.3117621,-0.24177495,-0.10705373,-1.255772,-0.39936203,0.23416434,0.22777343,0.3668884,0.47996598,0.57928044,-1.8022809,1.1265311,0.49752986,1.2206486,-0.003417485,-1.1871623,-0.01514972,-0.9146288,0.61469966,0.24364407,-0.85452294,0.25790226,-1.7530072,-1.3696488,-1.5421948,-0.25706339,0.32719958,0.49445349,0.27049169,-0.99967462,0.75167143,-0.99350441,-0.20014682,0.34242043,-1.1207846,-0.1568763,0.011114774,0.58881402,0.27282673,0.43124628,-0.15926605,0.7521286,0.043587234,0.86294329,0.06707982,-0.14233167,-0.75862843,0.42641374,1.0032564,-0.64761233,0.8413257,0.45410365,0.40889847,-0.70360595,0.61956602,0.16436338,-0.84784037,-0.52865481,0.10709804,0.1283164,0.22334704,0.85288066,-0.16928373,-0.55232501,-0.4663226,0.096393086,0.39837277,-0.3756448,-0.14777619,-0.41908967,0.12441865,1.1716652,-0.90026975,0.26285797,0.37182096,-0.51238126,-0.14890909,-0.16690776,-1.2735676,-2.0215421,-0.068411812,0.61511779,0.10867527,-0.094454497,0.67253023,0.19166823,0.43746999,0.24988975,-0.026946738,-0.64000165,0.22249481,0.14732188,-0.33485925,-0.30446148,0.23218736,0.17386481,1.3054641,-1.5725014,-0.13445647,1.3890719,2.0214322,0.50821441,-1.5594574,-0.26607519,-0.3689211,-0.17067941,0.12738942,0.20410943,0.90279299,0.42222786,0.63506866,0.24951537,0.23219405,0.71909648,0.66236115,1.0548139,-1.0156871,0.13473083,0.26286674,-0.009477504,-0.29428661,-0.22970398,-1.6746396,0.32885611,-0.014062729,-0.26938036,-0.11770821,0.41639751,0.085192725,-0.68128228,0.20860663,-0.21974924,0.22697829,-0.13337585,0.39908513,1.0861641,0.28878003,0.16217141,0.70575929,0.68618679,0.15936403,-0.9538784,0.39853206,-0.73981094,-0.038695872,0.86673558,-0.69398642,-0.35896641,0.53936297,0.24352655,-0.60837257,-1.2080356,0.6045776,-0.60166854,0.25127977,-1.8949037,0.35056826,-0.27353838,-0.79468745,-0.57366306,1.0420091,0.28944224,-1.961598,-1.2897397,-0.40935925,0.030306522,0.46999815,-0.037275445,0.18365611,0.44062218,0.22144069,-0.031887189,0.088799685,0.35293844,0.33945146,0.068637684,0.055560246,0.31098983,-1.5143775,-0.022582371,0.571845,0.10900166,0.18442583,0.57342422,0.99618101,-0.31168434,-0.89851058,-0.43151835,0.11485204,-1.9946629,0.48363179,0.16526893,0.4147419,-0.83552378,-1.4002692,0.3566556,-0.51251501,0.1960935,0.041500762,0.077655859,0.8318764,0.043297969,0.34131402,0.3045868,0.044351891,-0.19617026,-0.31942767,-2.2194166,-0.63066441,-0.92400104,0.17254798,-0.86814654,0.17475152,-0.057144821,-0.20242214,0.2017878,1
0.50726306,0.27641726,0.22475809,0.51967978,0.50420445,0.5371182,0.50891161,0.4925482,0.48762774,0.50252658,0.49176028,0.50377709,0.49800855,0.47619447,0.50791281,0.49242616,0.49974209,0.52087831,0.50162673,0.4731878,0.47744846,0.49416685,0.47812754,0.48687387,0.49124423,0.47827592,0.49271467,0.47872961,0.4822832,0.47290298,0.48308197,0.47621858,0.46662962,0.4677031,0.47849607,0.46047059,0.45981216,0.46295363,0.45099929,0.45544985,-0.8659845,0.20911655,0.4006083,0.51171672,1.4787506,1.7356372,1.3295686,0.7765491,0.88347948,1.7372986,1.5091257,1.2670553,0.32865804,-0.1878141,-0.28019512,-0.41737485,0.55774969,0.36659843,0.34196943,0.26930651,-0.92162746,0.022485413,-0.58439964,0.33553818,-0.74033749,0.11751162,-0.23978868,0.63666147,-0.009511799,1.391946,-0.095565081,0.17086329,-1.1458732,-0.29431346,-0.27885735,0.69550043,-1.063568,0.54325002,0.12288138,-0.95707905,-0.1169745,-1.3732976,-0.5258404,0.33713418,0.71564174,0.51708239,-0.063026465,-1.7520497,0.54419053,0.10182502,-1.1500109,0.58292913,0.078162581,0.066208944,0.57694423,-0.027185597,0.35646486,-0.18947902,0.10616833,0.57791406,-0.44602263,-1.0271124,-0.043595247,0.62550676,-0.38160753,0.12632143,0.038396735,-0.17442158,-0.14446169,-0.22453922,0.28402212,0.59013963,-0.17484608,-0.22950265,-0.43132603,0.13531187,0.34386075,-1.1277292,0.38707989,-1.1615037,-0.31078091,-1.7197011,-0.82477635,-0.12899046,-0.65230757,0.35965726,-0.37226278,0.19143191,-0.13139179,-0.044122979,-0.7875405,-0.67063135,0.001906097,-1.067541,-0.31283164,-0.007611424,0.083011679,0.22046104,-0.39182144,-1.6302655,0.32155162,0.4680264,0.85098946,-0.13681865,0.48814803,0.33573917,0.058776058,-0.39780894,-0.41621238,0.37768525,-0.57759815,-0.04965505,0.01391691,-0.24232443,-0.7232765,0.1952503,-0.57610893,-0.51410979,0.27366647,-0.44133776,0.003545482,-0.74533319,0.79228818,0.61467713,0.13594916,-0.10899723,-1.6555264,0.63404536,-0.1100161,-0.17448306,-0.017594036,-0.49926272,0.13194183,-0.1881794,-0.72164178,1.0304829,-0.73383474,0.14723253,0.42880088,-1.5032426,-0.15230459,0.28547859,-0.21198489,-0.42043045,-0.86975789,0.47112709,-0.075141311,0.16664103,0.68766969,-0.75800234,-0.27362752,0.11864889,0.33493194,0.1981343,0.27775818,0.14518544,-0.071231641,-1.2859988,-1.9040316,-0.73730099,0.24380708,0.75621134,0.19529065,-0.3574765,-0.26341033,0.070239142,1.3620505,-0.045705914,0.074603021,-0.088358581,-0.12591878,0.94440365,0.14909847,0.266137,1.1347034,-0.14106153,-2.4189501,-0.14464635,0.28358895,0.02097315,-0.18571764,-0.74960136,0.10288874,-1.3380392,0.16134016,-1.0113873,0.22845702,0.18064255,-0.90342575,0.1220348,0.2048966,0.55078357,-0.142663,-0.31571221,-2.4643953,0.38293025,-0.89816207,-0.048829921,0.14082217,0.14461236,0.64981657,0.1549519,-0.070847154,0.61632133,-1.4592953,-0.87790155,-0.45582563,0.3547436,-0.38935101,0.13680357,0.083787203,0.24262723,0.026892772,0.4305611,0.45981848,0.7049979,-1.0404495,-0.33827972,0.52640456,-0.13118277,0.15551321,-0.074146524,-0.24712503,-1.3083142,-0.41618678,0.16883647,-0.4137024,0.14432907,1.0116086,0.35305774,-0.47628316,0.17456384,-0.3467519,0.60268497,0.37537956,-0.42563027,0.001301453,1.7227166,0.11255287,0.38755468,-0.89071369,-0.23633794,-1.8056819,1.1353939,-1.2840649,-0.14090753,-0.061518103,-1.4227197,-0.33420053,0.095513999,0.074269928,0.33133942,0.58811492,0.36764601,-1.7740048,1.0289156,0.29498571,1.1400421,-0.10031299,-1.2278764,-0.020357743,-0.87202096,0.66297084,0.070190519,-0.76619756,0.386352,-1.6968313,-1.2457832,-1.2245054,-0.35892391,0.30991232,0.45120937,0.25820541,-0.93491048,0.73391318,-0.94197857,-0.20216428,0.28358421,-1.0860975,-0.036168836,-0.030306624,0.51133031,0.3093017,0.33156899,-0.22421867,0.75841069,0.053329997,0.7803396,-0.067695089,-0.14739533,-0.77636302,0.43532512,0.92836684,-0.60695261,0.53646129,0.43579793,0.4706707,-0.67198563,0.65365744,0.27859324,-0.89147449,-0.68387252,0.11424708,0.10920098,0.20196374,0.61888051,-0.2371518,-0.45954129,-0.47758484,0.039062314,0.39288178,-0.33748817,-0.13024937,-0.40498784,0.14627162,0.93009698,-0.96754569,0.17351893,0.33436441,-0.48010433,-0.069115199,-0.21917692,-1.2959816,-1.9992138,-0.15193655,0.63672274,0.073939279,-0.11682583,0.74731547,0.21747355,0.44481018,0.25350896,-0.049002573,-0.58715904,0.2231904,0.083974257,-0.27952489,-0.6793291,0.22812884,0.18420908,1.2015048,-1.6566427,-0.092666857,1.4618355,1.5500553,0.58468544,-1.4584787,-0.23147196,-0.45349056,-0.28211504,0.072130024,0.22508225,0.83034313,0.4512988,0.38382176,0.12750527,0.21811447,0.77141106,0.670331,0.91450739,-0.98365676,0.12706442,0.17190214,0.09472654,-0.35510433,-0.20100395,-1.7677184,0.34368515,0.030113064,-0.3827244,-0.27170768,0.1529277,0.13452937,-0.59691602,0.29189059,-0.28706214,0.21769464,-0.074460424,0.29943776,1.0345811,0.29463214,0.11667268,0.64521176,-0.16569287,0.015696989,-0.87299997,0.32921678,-0.79850996,0.051855743,0.81822139,-0.68014872,-0.42472702,0.58139318,0.26682252,-0.56546515,-1.0974287,0.55742985,-0.56511432,0.12862283,-1.8982179,0.27732316,-0.26873517,-0.63629854,-0.58409196,0.89532894,0.23099932,-1.834204,-1.1661061,-0.399584,0.027892083,0.31762606,-0.016317204,0.079389036,0.39518583,0.23239821,-0.024111018,0.14497656,0.27677611,0.33608118,0.083700731,-0.17142084,0.26179275,-1.4257946,-0.015714508,0.40885934,0.11960553,0.19613346,0.51089352,0.96957117,-0.33939511,-0.60949802,-0.44858089,0.10229234,-2.0009165,0.4726283,0.28614026,0.43895721,-0.74608868,-1.3112348,0.34326756,-0.51341867,0.16514789,-0.067172736,-0.050406974,0.66469818,0.06676235,0.38196301,0.29809606,0.036653429,-0.054976188,-0.35206404,-2.1366515,-0.68746805,-0.93590331,0.053360093,-0.8817755,0.18993561,0.01069048,-0.21819341,0.14443167,1
0.54987836,0.29980716,0.26327807,0.52235699,0.51001704,0.53111172,0.51249337,0.49598542,0.50209218,0.50596499,0.50159901,0.50662982,0.50827563,0.48946327,0.5211091,0.50074506,0.51419705,0.52197683,0.50240523,0.49497166,0.48712838,0.5066936,0.4918327,0.49589634,0.50779057,0.49904734,0.49850219,0.49384657,0.49574348,0.49142686,0.48946095,0.50365233,0.48281512,0.48644134,0.48949286,0.4802115,0.47168073,0.49333912,0.47498602,0.48084384,-1.0153254,0.25677335,0.45944291,0.52055836,1.4364585,1.7763703,1.3739824,0.78389281,0.91741514,1.7310753,1.5014133,1.2782938,0.4539361,-0.17097412,-0.26019979,-0.39300686,0.68364692,0.42724317,0.36577576,0.3317208,-0.86292416,0.030366536,-0.64726526,0.47942546,-0.5980401,-0.11240599,-0.23097141,0.68511558,-0.005740166,1.4453807,-0.21280131,0.19885257,-1.2298442,-0.27672553,-0.16173214,0.88467956,-1.0331981,0.68983763,0.1227767,-0.99977362,-0.088539988,-1.2288126,-0.60463774,0.40773559,0.8848269,0.5535475,-0.084098086,-1.7839044,0.70758033,0.086942784,-1.1368518,0.67527044,0.02601679,0.21063158,0.5390408,0.14347397,0.24178885,-0.22405425,0.16309679,0.6749087,-0.59594542,-1.1591353,-0.04600504,0.66492164,-0.41072258,0.22075874,-0.052905679,-0.20141898,-0.24472944,-0.26128602,0.46361372,0.50968421,-0.20755175,-0.51909566,-0.44163218,0.041014761,0.54115438,-1.1812172,0.42710543,-1.1180936,-0.30870807,-1.8807408,-1.0121396,-0.1404251,-0.68326163,0.40305698,-0.42227849,0.067276575,-0.096889608,-0.004621096,-0.8933295,-0.56092596,0.13993351,-1.1293743,-0.25453657,-0.068843238,0.056975685,0.25775018,-0.40625545,-1.8089079,0.48976815,0.51614404,0.88434118,-0.16517502,0.50040764,0.41736633,0.090782292,-0.18935084,-0.27541357,0.49508399,-0.64208889,-0.048229709,0.46260977,-0.33661717,-0.81832319,0.23377994,-0.65181434,-0.56839645,0.29137069,-0.38259542,0.051635679,-0.65802974,0.77841336,0.62964416,0.24387814,0.033734534,-1.7896719,0.48092633,0.11485802,-0.22847724,-0.05750668,-0.53479034,0.098346017,-0.18802448,-0.69740659,1.1384916,-0.80917507,0.19769731,0.57598424,-1.7865236,-0.15535243,0.20750135,-0.20356065,-0.4757821,-1.0208949,0.39487261,-0.10708436,0.4837229,0.80253226,-0.80763257,-0.27347511,0.049662251,-0.041451953,0.12082325,0.16179234,0.10794799,-0.15865654,-1.4334143,-1.9986497,-0.68536693,0.26098388,0.63307166,0.33755735,-0.39945054,-0.27866614,0.044974819,1.1676713,0.0372977,0.12410079,-0.15712734,-0.24197063,1.1918077,0.18694554,0.2995114,1.2024425,-0.25098813,-2.5633407,-0.06067533,0.44895157,-0.017600827,-0.12611511,-0.80998242,0.070251353,-1.5129685,0.19115336,-1.138504,0.098395407,0.070157938,-0.98066771,0.083267391,0.32996643,0.53041959,-0.1999688,-0.11689655,-2.7347665,0.41819215,-0.54633152,0.00798399,0.19649656,0.46672308,0.60254163,0.095953278,-0.11329933,0.55738306,-1.6287439,-0.81513786,-0.43865979,0.44714871,-0.38277993,0.11654565,0.23881459,0.28856355,-0.073205009,0.45297328,0.47704843,0.85288453,-1.0955477,-0.34262991,0.69037116,-0.16916618,0.20013201,0.031659879,-0.19917676,-1.3465822,-0.54597116,0.16081877,-0.42087835,0.2509771,1.1160914,0.29959053,-0.48561251,0.27788365,-0.35926497,0.77261817,0.58221072,-0.4960174,-0.032052055,1.7514988,0.066614389,0.46331173,-0.92270708,-0.31276977,-2.0727749,1.0977099,-1.3323712,-0.16590339,0.016930178,-1.6087406,-0.25669271,0.085254014,0.14481553,0.48323578,0.55987954,0.41248074,-1.9860183,0.98933142,0.34603387,1.304395,0.003789034,-1.1977448,0.0154863,-1.0008998,0.74118006,0.094672978,-0.91439581,0.55260199,-1.8132068,-1.4324045,-1.4281068,-0.42399114,0.41357195,0.66877115,0.34552741,-1.1530712,0.96785021,-1.0622483,-0.31707463,0.38948542,-1.2159181,-0.095048733,-0.023787003,0.5156647,0.14336333,0.34436795,-0.22226247,0.47068003,0.045559637,0.44185251,-0.064091071,-0.17970954,-0.76905537,0.5464955,1.117954,-0.68001556,0.62409335,0.59406281,0.39798146,-0.81055719,0.91099119,0.44031924,-0.9109267,-0.61529219,0.16998678,-0.002781376,0.12532723,0.81304443,-0.23550887,-0.48668078,-0.5234465,-0.032970928,0.64190567,-0.28263107,0.05103815,-0.46820861,0.19355814,1.1882046,-1.10063,0.13789937,0.35931948,-0.57486475,-0.13435811,-0.011018634,-1.5193267,-2.2071857,-0.17823686,0.81811011,0.025943354,-0.19274387,0.75620091,0.18081307,0.57544601,0.3746911,-0.11021655,-0.51562089,0.26525888,0.15121028,-0.24280608,-0.5239265,0.23873061,0.20589286,1.3900291,-1.7171414,-0.10152735,1.555564,1.8334721,0.62858844,-1.455294,-0.3402831,-0.57707244,-0.35485706,0.033437759,0.22963883,0.89377773,0.52060223,0.49996781,0.18546966,0.18727519,0.88513499,0.66449839,1.2201453,-1.000663,0.20630662,0.17582904,0.1449472,-0.37625265,-0.15527722,-1.787215,0.39724016,0.046648148,-0.46021241,-0.21106991,0.45426583,0.16599604,-0.63080198,0.27130613,-0.25318819,0.48536882,-0.12833521,0.59877878,1.2354513,0.36181796,0.10878789,0.68621725,0.51646864,0.1044227,-0.9653033,0.27527711,-0.80411726,-0.035722584,0.81102633,-0.72437221,-0.50025207,0.64625895,0.3616769,-0.61110705,-1.2755427,0.51878202,-0.59021437,0.10292625,-1.7574935,0.24043001,-0.32444036,-0.83526742,-0.43992826,1.1343662,0.33086896,-2.044863,-1.2386314,-0.49174738,-0.021851111,0.3777858,-0.0961169,0.107962,0.47996834,0.31739134,-0.15967377,0.33835781,0.30193651,0.38610107,-0.010598063,-0.1528258,0.33147967,-1.5118204,0.069496259,0.48933661,0.20149913,0.22087929,0.54219741,1.2441108,-0.40997982,-0.91912961,-0.47509074,0.45702708,-2.0493932,0.46381217,0.29947197,0.44320682,-0.87160188,-1.3205597,0.36561745,-0.3646262,0.11763217,-0.067736104,0.002933048,0.48804101,0.11134716,0.39178485,0.27251416,0.059383765,-0.15227664,-0.41474298,-2.2412159,-0.77108097,-0.98706508,0.21660677,-0.93936086,-0.012869209,0.006275445,-0.33011726,0.22013615,1
0.52017623,0.27397436,0.21610977,0.50341868,0.50031722,0.52582496,0.50587153,0.49105906,0.50246513,0.49254903,0.49335372,0.50930023,0.50161636,0.48063463,0.50972486,0.49017775,0.51593971,0.51401675,0.49510542,0.49183473,0.49080858,0.48733342,0.48300546,0.4840785,0.49827173,0.49111938,0.49122497,0.47294092,0.49126536,0.48180881,0.47897464,0.49388406,0.46785462,0.47658056,0.479294,0.46874955,0.46781784,0.47640455,0.46407944,0.47177535,-0.94460571,0.20309892,0.44233853,0.52593619,1.4921656,1.7795694,1.3915902,0.78559077,0.91857088,1.7490213,1.5269397,1.2874568,0.35138246,-0.21562254,-0.19596216,-0.40740412,0.62266755,0.37962896,0.37766099,0.27904633,-1.1538742,0.036905408,-0.68984568,0.21801572,-0.77675909,0.089605331,-0.25360408,0.83818567,0.078180671,1.3400235,-0.15335834,0.19572654,-1.1231881,-0.35585397,-0.20719294,0.79745221,-1.1197537,0.51099163,0.041004345,-0.98930144,-0.10069675,-1.2723631,-0.6669454,0.41107109,0.83476728,0.4951117,-0.07778538,-1.7992572,0.71211177,0.10082073,-1.1529204,0.65128201,-0.030663885,0.038090397,0.56942481,0.48591849,0.25773728,-0.37158805,0.040282525,0.63558304,-0.723001,-1.0770873,-0.029445074,0.56996191,-0.28711727,0.095833898,0.099430189,-0.12844193,-0.063348621,-0.33483884,0.43643492,0.53223145,-0.21964435,-0.32865289,-0.39226082,-0.14117004,0.50402349,-1.1013323,0.37583339,-0.97585726,-0.32893711,-1.7545511,-0.87851304,-0.15131035,-0.52996427,0.44185126,-0.37889713,0.25552368,-0.18294516,-0.17389596,-0.7939437,-0.75701642,0.21901384,-1.0773444,-0.31556576,-0.017506853,0.032086849,0.24775979,-0.44336328,-1.6746839,0.34722966,0.48784336,0.86151707,-0.19966266,0.3572295,0.35389173,0.041709781,-0.35553446,-0.29404145,0.63164467,-0.72582054,-0.18281664,0.36338603,-0.37103289,-0.78443974,0.16295138,-0.62544382,-0.45185983,0.33820722,-0.44990104,-0.027294016,-0.74459887,0.71946019,0.73384362,0.094435312,0.043039121,-1.7308811,0.62404907,-0.011572711,-0.085664451,0.019699436,-0.53612059,-0.094476037,-0.14515992,-0.77215374,1.1864426,-0.777906,0.14663263,0.28438452,-1.5405201,-0.18714169,0.38544443,-0.19461367,-0.35223061,-0.84248191,0.38914827,0.036898598,0.2104523,0.81253123,-0.7726028,-0.27220339,0.083361797,0.3257854,0.10499239,0.10915111,0.035797745,0.058092788,-1.3356696,-1.8815835,-0.7418403,0.27819499,0.58494669,0.34057325,-0.53639126,-0.23702723,0.16989052,1.2261885,0.095495887,0.21373637,-0.27164036,-0.22579527,1.1099355,0.14456281,0.27536538,2.2369285,-0.079686701,-2.1782353,-0.027168959,0.55341947,0.031474639,-0.067235723,-0.71317852,0.059059694,-1.4670962,0.10849731,-1.0596812,0.14685699,0.01417163,-0.89008522,-0.06727773,0.012730628,0.51902854,-0.26227307,-0.3043763,-2.6720316,0.34573054,-0.89473593,-0.038937427,-0.22270304,0.24256155,0.55196679,0.21038896,0.045102119,0.46685624,-1.6221479,-0.92919838,0.47089386,0.40848577,-0.4671925,0.046569735,0.064300478,0.22762999,-0.066671923,0.32519281,0.44165215,0.71767902,-1.0137933,-0.42374563,0.55909961,-0.11667854,0.14046787,-0.051137984,-0.20253076,-1.3073399,-0.44138834,0.15809244,-0.52530891,0.18921208,1.0240506,0.30167687,-0.53930056,0.17660035,-0.31847876,0.5905627,0.68082309,-0.33922336,0.078139357,1.3520466,0.021727502,0.14557299,-1.0349057,-0.34766358,-1.9414551,0.83137369,-1.3562391,-0.16353664,0.001883581,-1.4601551,-0.46464556,0.13247479,0.38866729,0.73487294,0.74995184,0.47645527,-1.9100935,1.1858548,0.40345699,1.1900676,-0.009097634,-1.1433803,-0.11381196,-0.91123545,0.83479178,0.27702764,-0.6652354,0.29003802,-1.8345262,-1.5527809,-1.342055,-0.47158584,0.49211854,0.97091043,0.27514753,-1.1226126,0.84938151,-0.93872237,-0.18576695,0.42741585,-0.99877155,-0.075203165,-0.052832644,0.52052325,-0.016466159,0.37103999,-0.2276229,0.58299893,0.022807252,0.45569283,0.1307089,-0.226492,-0.7568441,0.44519895,0.8590942,-0.58282626,0.66701829,0.48381737,0.27467486,-0.76094615,0.70422143,0.12630895,-0.90871298,-0.57594937,0.13065226,0.092736654,0.11710666,0.71538883,-0.20799051,-0.49072582,-0.572016,0.013493184,0.51117086,-0.28268209,0.070915811,-0.4011091,0.15890533,1.1462193,-1.1760103,0.12578753,0.34494346,-0.5663287,-0.014539918,0.03249684,-1.3237503,-2.0244453,-0.13191766,0.65710974,-0.013291046,-0.12654349,0.70692432,0.34818646,0.51436794,0.27192721,-0.040840551,-0.47193161,0.21026263,0.13065261,-0.22934733,-0.49954084,0.20035388,0.1326775,1.2840805,-1.6723325,-0.093748584,1.415078,1.5597311,0.43748036,-1.5317591,-0.26596147,-0.46291572,-0.21474457,0.063874938,0.33943433,0.80646509,0.65049845,0.30177447,0.23192391,0.19303256,0.84121245,0.63774616,1.372658,-1.0560873,0.10973544,0.22433293,0.074353859,-0.4288111,-0.12141627,-1.5926608,0.33590689,-0.009329096,-0.35387498,-0.23491737,0.10678354,0.11138985,-0.57051241,0.38467252,-0.24710639,0.43869901,-0.082202017,0.48473877,0.83877236,0.22608905,0.11039236,0.66167808,-0.095603779,0.060246691,-0.92178965,0.33795673,-0.78571987,0.24638362,0.86439455,-0.87179506,-0.50083792,0.54582322,0.25625181,-0.53172582,-1.1364141,0.56934309,-0.40243888,0.010157222,-1.9478276,0.21115178,-0.24586932,-0.71025562,-0.62332195,1.0579271,0.26627681,-1.886927,-1.1915348,-0.44329894,-0.007959823,0.368146,-0.033098713,0.064554483,0.36974877,0.23057151,-0.17449765,0.25225458,0.30862263,0.35346276,0.035632983,-0.25112772,0.27199113,-1.3534907,-0.004755309,0.51671326,0.051104017,0.15241316,0.55450523,1.2011465,-0.45772451,-0.71209162,-0.41216069,0.098646328,-2.0269775,0.4182826,0.23990452,0.43602923,-0.71438998,-1.318404,0.30303937,-0.55337048,0.2225671,-0.0837612,-0.03235998,0.48286849,0.075461671,0.34051922,0.24607143,0.000917099,0.029126674,-0.44436425,-2.251018,-0.66861737,-0.87707865,-0.020832071,-0.8978141,0.38019222,-0.056759223,-0.23074865,0.11016686,1
0.61888367,0.37980008,0.33201116,0.57640278,0.55847692,0.5872376,0.57431138,0.55476844,0.56909168,0.56146109,0.56661814,0.57195705,0.57409,0.54941571,0.57522279,0.56058609,0.58364534,0.58932215,0.56256878,0.48474053,0.55763656,0.55701339,0.55302352,0.5636338,0.57156467,0.55970871,0.55551887,0.54238164,0.56470811,0.54915535,0.55626214,0.56093419,0.54794878,0.55299318,0.55797631,0.53747243,0.5406732,0.55389535,0.54194546,0.54703867,-1.0729051,0.32061931,0.57896399,0.61827374,1.4626234,1.8213707,1.5069721,0.89987081,1.0360017,1.8335572,1.585475,1.3835183,0.46260935,-0.19502766,-0.3204025,-0.26349103,0.80959654,0.47970659,0.41965163,0.32814988,-0.65350354,0.029522667,-0.60356975,0.39156067,-0.98349679,0.043909259,-0.2450389,0.72086513,0.46376818,1.2733701,-0.22592518,0.27190384,-1.2396694,-0.23324442,-0.010107586,1.075114,-1.3265429,0.64937049,0.15160562,-0.99302197,-0.1085365,-1.1403465,-0.55669791,0.51693457,1.0389463,0.90254664,0.032382689,-1.8017942,0.58789182,0.1684249,-1.0411603,0.83981156,0.012070209,0.1241623,0.44864124,-0.046369594,0.33575884,-0.42635989,0.040086411,0.67382914,-0.97141343,-1.2795091,0.072694011,0.60748482,-0.40214282,0.244809,0.3673408,-0.10008986,-0.050609589,-0.34766892,0.5665521,0.92431802,-0.20029284,-0.45502347,-0.4286685,0.31792071,0.29517046,-1.2425594,0.42098051,-1.1802484,-0.36525682,-1.9566925,-1.036731,-0.15969554,-0.50161231,0.19386263,-0.44748861,0.14984171,-0.1015479,-0.089782938,-0.97095042,-0.36459154,-0.19661535,-1.2375923,-0.10637449,-0.1963301,0.071056724,0.37069249,-0.53045654,-1.8967204,0.31246716,0.58271122,0.89832962,-0.23283449,0.68923098,0.47773695,0.093134016,-0.41759545,-0.39551771,0.31721693,-0.72383505,-0.36698437,0.5175038,-0.36442888,-0.96657759,0.14462888,-0.70925266,-0.71848804,0.32182485,-0.31398281,0.10302117,-0.8661896,0.82711875,0.69195569,0.007779337,0.067692116,-1.8520821,0.46856475,-0.076545388,-0.13347243,-0.062746011,-0.61048526,-0.052908562,-0.12708062,-0.67049658,1.1321063,-0.82781678,0.16818772,0.57542157,-1.9595397,-0.17768224,0.46981385,-0.099404261,-0.48814121,-1.0932742,0.52294534,0.19832021,0.35159007,1.0461241,-0.85469341,-0.31850156,0.11521003,-0.11407965,0.19751778,0.22166274,0.091107383,-0.24897236,-1.4779699,-1.8037388,-0.97040689,0.25069699,0.69756562,0.45053899,-0.49009609,-0.40158564,0.13163665,1.7562757,-0.21289639,0.13997935,-0.24697967,-0.37866992,0.9618336,0.20501326,0.35778159,1.2927805,-0.082992315,-2.5598395,-0.2036902,0.69002783,-0.046623077,-0.122756,-0.83580279,-0.031645074,-1.5616068,0.15497702,-1.5584433,0.4558911,0.051783428,-0.93220365,0.058161862,0.23958756,0.61222047,-0.15362395,-0.32574373,-3.0187988,0.15067537,-0.68363589,0.007986456,0.11985824,0.20429185,0.66386938,0.092671633,-0.28518456,0.49562198,-1.7942042,-0.99610186,-0.4187063,0.34392092,-0.50522745,0.025848545,0.065393195,0.58541942,0.024662888,0.50389427,0.40076104,0.79489547,-1.0327919,-0.34684682,0.5219627,-0.069392256,0.30039957,-0.074656919,-0.2773791,-1.2771844,-0.50326359,0.15053625,-0.56275225,0.54755056,1.1151071,0.37811327,-0.56350088,0.14726502,-0.58734381,0.79325795,0.4930563,-0.41178223,0.11504336,1.8747932,0.085635178,0.1546337,-1.0183452,-0.22901964,-2.1463976,1.0557684,-1.3763598,-0.31483254,-0.30030581,-1.5957631,-0.49819648,0.37511876,0.20070937,0.65998769,0.57875794,0.27190879,-2.0395536,1.0829892,0.18288223,1.0124097,0.040678687,-1.3087907,-0.023787223,-1.0567874,0.63775682,0.45126194,-1.0819067,0.31860822,-2.0283051,-1.3331344,-1.5189307,-0.35091853,0.8083244,0.60789025,0.3401047,-1.1407861,0.90116251,-1.2243296,-0.058931224,0.58469415,-1.2065405,-0.13542409,0.015945055,0.47364509,0.055717282,0.36760414,-0.032177977,0.50835663,0.03898583,0.72055203,0.05157198,-0.088035107,-0.91013741,0.59160268,1.250864,-0.69995725,0.85851204,0.57540202,0.46896726,-0.66455638,0.58111757,0.19485471,-1.0191791,-0.69036031,0.12335566,0.07384932,0.14499786,0.83938497,-0.17363381,-0.77275491,-0.64070946,-0.012373857,0.60439682,-0.21014249,0.17949989,-0.34634399,0.17901227,1.2464365,-1.3292949,0.17674741,0.29671982,-0.69820201,-0.059113376,-0.35211647,-1.3286686,-2.1959474,-0.20739459,0.77059805,0.16926354,-0.18393001,0.72110963,0.32075623,0.51856381,0.37184587,-0.16878572,-0.5585382,0.28593951,0.11530444,-0.18532082,-0.64084077,0.27407524,0.094007872,1.4214811,-1.9849405,-0.074587859,1.4787331,1.9860694,0.48058528,-1.2369039,-0.22131719,-0.542638,-0.14133513,-0.034130253,0.48063344,0.90104002,0.63408369,0.72369564,0.10973518,0.090137169,0.85574961,0.79159331,1.2089891,-1.0932767,0.31902426,0.39442095,0.25961554,-0.44084892,-0.21206127,-1.6296792,0.44612178,0.016310938,-0.41940647,-0.12767154,0.31887141,0.15590727,-0.8484987,0.25367677,-0.25616091,0.37181979,-0.2228781,0.57648909,1.2050647,0.2784909,0.10877204,0.76168656,-0.1385393,-0.15138812,-1.0637711,0.24945825,-0.74620867,0.015288696,0.63134867,-1.0258384,-0.56185359,0.43311292,0.45807528,-0.64623177,-1.6287842,0.63176286,-0.76464236,0.2228505,-1.7055529,0.46089354,-0.2721802,-0.94040006,-0.48206311,1.1222067,0.62018287,-2.1255741,-1.3255545,-0.45058516,0.012197806,0.370399,-0.090953588,0.089617237,0.44966456,0.30706397,-0.24409354,0.33374754,0.35763961,0.44987747,-0.056521405,-0.12321907,0.24921454,-1.675629,-0.003214728,0.43796226,0.091694243,0.28442368,0.89674389,1.1738012,-0.4856244,-0.94658977,-0.41641191,-0.15633026,-2.1741648,0.4506622,0.3896364,0.48232597,-0.89196491,-1.4701431,0.22170204,-0.6144439,0.29561633,0.003661703,-0.064133748,0.78199941,0.16688156,0.38139826,0.44747114,0.018266192,-0.17536616,-0.39646453,-2.5409732,-0.76285315,-0.98156667,0.13016129,-1.0205249,0.10531973,-0.17141272,-0.31106874,0.13247527,1
0.51983166,0.30382314,0.24785672,0.49351433,0.48507136,0.5110389,0.49702567,0.4795416,0.48508233,0.48565912,0.47845876,0.48489723,0.49280274,0.46406776,0.49283469,0.48067659,0.49285692,0.5016247,0.47865844,0.47721806,0.46265474,0.477718,0.47325945,0.47503716,0.48487151,0.47152388,0.47401488,0.46206141,0.47350845,0.46555188,0.46637985,0.4739027,0.46160859,0.46593583,0.47059667,0.44646931,0.45781839,0.46227941,0.44994497,0.44977236,-1.1304158,0.23541036,0.55274278,0.5973224,1.553283,1.7352781,1.4932528,0.90062392,1.0175267,1.8442471,1.6008039,1.3778389,0.42286083,-0.20764017,-0.3617641,-0.37350965,0.73308599,0.46062911,0.37004775,0.37824172,-0.9214679,0.024854954,-0.65206933,0.33266544,-0.79153216,-0.046818733,-0.24835902,0.70691592,0.28559512,1.2905488,-0.20778216,0.20995213,-1.3203079,-0.27497709,-0.1126536,0.95641911,-1.2248187,0.64088547,0.10767663,-1.0268903,-0.13671145,-1.2532997,-0.53964525,0.50744677,0.9018724,0.67844576,-0.051428273,-1.9236939,0.65430921,0.11464172,-1.1154721,0.690804,0.02307751,0.065569013,0.75179452,0.35480922,0.38017857,-0.41041672,0.081897393,0.62407392,-0.74127084,-1.2710015,-0.006451339,0.59850919,-0.25566378,0.11607544,0.068378769,-0.15463682,-0.17483237,-0.37574732,0.43754441,0.90431923,-0.24220788,-0.41432285,-0.57337528,0.51434141,0.49307156,-1.2228277,0.37838084,-1.0379658,-0.34813243,-2.0360773,-0.92353052,-0.068363279,-0.69741911,0.36711693,-0.42869708,0.22134508,-0.13890322,-0.060155258,-0.7751922,-0.47009009,0.10607433,-1.2114578,-0.28110158,-0.1116848,0.008123882,0.20992842,-0.55182773,-1.7535628,0.46767598,0.52052027,0.92056698,-0.19057381,0.49928415,0.36495548,0.099856406,-0.34943727,-0.42904425,0.51568234,-0.59183109,-0.20615524,0.44534335,-0.3891868,-0.9173016,0.05884178,-0.56793088,-0.6670832,0.36689955,-0.54473144,0.019507237,-0.85307038,0.78474677,0.72873145,-0.002795532,-0.130155,-1.9340944,0.57151574,-0.11583365,-0.25977001,-0.028750628,-0.59402418,0.039446354,-0.29350114,-0.71648139,1.1426941,-0.77234119,0.1250916,0.45935646,-1.5328029,-0.29201552,0.37571597,-0.19336532,-0.48941633,-1.0448642,0.54319155,-0.12006488,0.29716671,0.89545667,-0.84741265,-0.32351732,0.084787026,0.018500481,0.23692921,0.31066981,0.1251884,-0.1429283,-1.4007832,-1.9572932,-1.0085622,0.21132594,0.55502439,0.28016961,-0.48651242,-0.38683164,0.16082695,2.0265772,-0.13648146,0.16532001,-0.29625136,-0.24930486,1.0909348,0.19799924,0.33239728,1.7309653,-0.097551852,-2.6046364,-0.15449515,0.47959977,-0.001316557,-0.21663171,-0.84784985,-0.001077108,-1.6620132,0.17154488,-1.546844,0.52734721,0.139649,-0.92134494,0.081024982,0.21888238,0.71527278,-0.1924281,-0.31679457,-2.7968225,0.25686464,-0.66554177,-0.016497225,0.25567389,0.20891722,0.66834211,0.10350226,-0.19839184,0.52903014,-1.7104399,-0.92749619,-0.27184251,0.58547068,-0.46096456,0.076766215,0.12327975,0.38201797,-0.004124455,0.56320792,0.49382448,0.87978524,-1.1124516,-0.3243469,0.65228081,-0.070590556,0.27990788,-0.076837651,-0.2344285,-1.3336545,-0.47645548,0.14493436,-0.71897912,0.37136227,1.241212,0.3482042,-0.29791754,0.1867045,-0.54819459,0.468835,0.54944164,-0.50769651,0.097200155,1.8438234,0.17618963,0.18917134,-0.67507207,-0.38586205,-2.0968297,1.1394882,-1.4032992,-0.26477286,-0.039446816,-1.6263375,-0.49194607,0.34458521,0.32443598,0.62407911,0.47797006,0.41049582,-1.9974003,1.1627831,0.17450008,1.2062054,0.0032252,-1.3377217,-0.093630195,-1.0997065,0.72051096,0.012576297,-0.97087574,0.26186848,-1.9391984,-1.7594252,-1.7285453,-0.34980524,0.56111139,0.672369,0.31286013,-1.0802974,0.85823768,-1.2965,-0.18052214,0.50976491,-1.1453542,-0.089449495,-0.04028172,0.59734666,0.058817718,0.36884826,-0.14524484,0.6501267,0.031250987,0.84162217,0.051061802,-0.062417913,-0.76735961,0.52857041,1.1464627,-0.63427937,0.62428755,0.48847494,0.53866267,-0.68880969,0.64926064,0.18977615,-1.0106186,-0.62578964,0.1343224,0.024429619,0.24096322,0.85671818,-0.22144142,-0.62524259,-0.57980937,-0.038105015,0.4831847,-0.32896486,-0.000209235,-0.45016304,0.17777091,1.3380779,-1.1722238,0.16206077,0.32608619,-0.71529067,-0.11762652,-0.10573586,-1.400133,-2.1896102,-0.27203742,0.71117616,0.093953952,-0.2030277,0.8443082,0.2856178,0.54709893,0.33201858,-0.13310312,-0.52621442,0.28391314,0.044144496,-0.2274248,-0.49767837,0.2445647,0.21198088,1.4748757,-1.828118,-0.006347405,1.5297419,2.0978911,0.54332763,-1.5453804,-0.238763,-0.36303705,-0.096644625,0.07388892,0.40065226,0.9364298,0.4359642,0.61095178,0.25771263,0.20284761,0.85054612,0.88338506,1.2409222,-1.1824009,0.24541044,0.39540821,0.042337172,-0.40646535,-0.18347821,-1.8123145,0.39455196,0.061388355,-0.37504131,-0.19485766,0.31622973,0.20961501,-0.79042077,0.18545315,-0.28807107,0.209335,-0.18242916,0.65800059,1.0824827,0.31547797,0.16605641,0.74394393,0.2962532,0.17438424,-1.0609688,0.35520485,-0.69917083,0.045598775,0.8158313,-0.91562724,-0.53629285,0.5270617,0.31885022,-0.57678103,-1.4748979,0.64078772,-0.7290073,0.31101692,-1.9268315,0.3913224,-0.32358947,-0.94863093,-0.62744832,1.0947907,0.50184089,-2.1698301,-1.3519413,-0.41078046,0.007504856,0.32999885,-0.007323518,0.14117678,0.50315654,0.31149757,-0.15304939,0.30325752,0.39086139,0.32778779,0.049117982,-0.004938049,0.23889998,-1.7331187,-0.024820387,0.52283931,0.050882868,0.21903458,0.71116406,1.1967022,-0.40348288,-1.1478819,-0.45607272,0.13333093,-2.2750447,0.44706753,0.39617008,0.4377133,-0.84673828,-1.546648,0.35638392,-0.62326074,0.21164805,0.00922285,-0.048938923,0.89453822,0.12624115,0.38775492,0.50636429,0.047596641,-0.1330028,-0.36251396,-2.4711282,-0.75953507,-0.98481005,0.1766201,-0.90493649,0.058248714,0.12650084,-0.32807258,0.19818133,1
0.41773865,0.18657193,0.17665325,0.40118331,0.37877342,0.39983809,0.38792574,0.3712869,0.38873327,0.3815546,0.37558097,0.37726066,0.3779166,0.35728988,0.39681402,0.36965203,0.38349724,0.39301193,0.39755526,0.37068433,0.36927354,0.36758286,0.37998074,0.37023872,0.37020892,0.36849129,0.36393535,0.37030777,0.37625933,0.37582031,0.3574931,0.37413281,0.36421052,0.36065087,0.3551816,0.34738603,0.34349018,0.37552521,0.33631945,0.3566412,-1.0544876,0.16065247,0.34388763,0.42910919,1.3819451,1.6759646,1.2557828,0.69942433,0.81147861,1.6445487,1.411732,1.1863319,0.34912065,-0.22376062,-0.12287833,-0.39780992,0.53908455,0.33679521,0.30340791,0.25824052,-1.158421,0.061422449,-0.75091505,0.30536187,-0.70472753,0.02732607,-0.18625966,0.86686373,-0.033296317,1.5591459,-0.18797654,0.18416058,-1.1858221,-0.29262161,-0.08100912,0.61739224,-1.1124398,0.47288108,0.10394344,-0.94427836,-0.21700963,-1.37396,-0.61431253,0.3865675,0.71528858,0.68309182,-0.1170715,-1.8272178,0.71283948,0.095406741,-1.1300799,0.54558325,0.020502228,0.19893527,0.5339092,0.47699344,0.28947514,-0.40750825,0.091392763,0.55739808,-0.5104692,-1.0555537,-0.000845201,0.59369922,-0.34010798,0.22534934,0.052816067,-0.16163231,-0.075991794,-0.30053389,0.37965626,0.66199338,-0.13137487,-0.33948013,-0.30777311,-0.19775331,0.35667664,-0.99876308,0.45959443,-0.81846309,-0.32365248,-1.9142526,-0.91206372,-0.13041285,-0.66958398,0.32784683,-0.34494179,0.13824035,-0.091457307,-0.14826472,-0.63248152,-0.64781624,0.063097879,-1.067022,-0.16377732,-0.043596871,0.10828443,0.30103481,-0.55296201,-1.6952039,0.62316746,0.46609911,0.86333448,-0.17343608,0.43536764,0.35687438,0.03185609,-0.10894029,-0.30897397,0.38391387,-0.29895625,-0.19767205,0.3533088,-0.30065089,-0.80162108,0.12275442,-0.53555268,-0.55709648,0.32327753,-0.4576388,-0.052600779,-0.75184053,0.75439328,0.64931542,0.005352795,0.10619598,-1.8720195,0.69209361,0.033762045,-0.10855523,-0.072005413,-0.51556605,-0.07392478,-0.16946167,-0.75515348,1.0640345,-0.67622334,0.10238702,0.41320103,-1.3998538,-0.11908811,0.30965078,-0.15879457,-0.41996729,-0.87660658,0.43088448,-0.026153117,0.31571305,0.98295128,-0.74050373,-0.19222859,0.08673539,0.28575918,0.16377315,0.35613352,0.086717665,-0.049279124,-1.2503265,-1.8045125,-0.6943143,0.30046237,0.68505704,0.3381426,-0.38743407,-0.2523182,0.036113366,1.258425,-0.33842739,0.11476128,-0.26462835,-0.18636081,1.014802,0.1403186,0.26170468,1.9587464,-0.11827672,-2.1417832,-0.0722128,0.63023883,-0.000109108,-0.092770994,-0.76678097,0.12159138,-1.509578,0.11628632,-1.2370948,0.28522098,0.15426549,-0.81554759,-0.015981775,0.20766571,0.52072114,-0.078624696,-0.17075372,-2.6302569,0.32171181,-0.85378867,-0.044862848,0.050906405,0.19804476,0.62829387,0.12084144,-0.15077873,0.65423423,-1.6387656,-0.8210144,-0.003314167,0.51696408,-0.38312814,0.22823709,0.21064486,0.38729441,-0.031397358,0.3693203,0.4677501,0.78669536,-0.91289407,-0.42627394,0.48362282,-0.06979657,0.16588868,-0.143557,-0.22671409,-1.2920833,-0.47652227,0.14781104,-0.62533772,0.34150949,1.1658527,0.30381486,-0.49245337,0.17569135,-0.25891089,0.53873664,0.50072902,-0.39399099,0.056417406,1.3809556,0.17738208,0.31358746,-0.84857303,-0.15259811,-1.9410527,1.0454062,-1.6576648,-0.18417327,-0.051871181,-1.2480359,-0.14180347,0.11971974,0.13040754,0.58465898,0.51550597,0.61459911,-1.891185,0.94219065,0.24386312,1.1293972,0.062662035,-1.2541305,-0.10892641,-0.80879873,0.61472559,0.15245013,-0.73802841,0.25063521,-1.7614387,-1.4319408,-1.4420252,-0.41282037,0.47503015,0.84644836,0.2581329,-1.0120444,0.77362496,-1.0303066,-0.062186539,0.34602994,-1.0487194,-0.14289716,0.047410127,0.3978194,0.33326462,0.35353634,-0.11984717,0.59370446,0.05223798,0.63795835,0.039753646,-0.17399672,-0.62042069,0.36357361,0.990399,-0.70508921,0.77744472,0.50478882,0.32009199,-0.65455651,0.64604753,0.406019,-0.99285036,-0.63392848,0.11141087,0.25406182,0.17554152,0.86615574,-0.24714142,-0.48581284,-0.51246166,-0.020267628,0.56858289,-0.15819216,0.006817982,-0.40450937,0.17019767,1.1246296,-1.203582,0.11542799,0.30123657,-0.30423215,-0.076175101,0.068726435,-1.3566588,-1.9751797,-0.14544821,0.5948984,-0.065536797,-0.086492136,0.67810029,0.014309257,0.50252014,0.22134674,-0.22228226,-0.69416976,0.20995727,0.043664515,-0.22229841,-0.25466159,0.20337693,0.15940478,1.2826717,-1.5062295,-0.16306651,1.5169048,1.4715195,0.31925941,-1.4536779,-0.32698268,-0.55709398,-0.24322349,0.24545491,0.39207041,0.76641226,0.69386905,0.34492296,0.24279249,0.15534969,0.78275138,0.72999996,1.2107848,-1.1540842,0.1742391,0.3714661,0.042261422,-0.38709277,-0.1369632,-1.6080573,0.31239256,0.081117496,-0.30522504,-0.23276712,0.38675213,0.14804107,-0.70404309,0.20968919,-0.24670959,0.28428137,-0.10504968,0.3536579,0.93207669,0.29040828,0.10914312,0.69733572,-0.025149368,0.002703048,-0.94342017,0.32846129,-0.67075974,0.17850074,1.0464017,-0.74981552,-0.56783223,0.47036251,0.31573805,-0.69870842,-1.2048466,0.57275504,-0.46807414,0.0087284,-1.8692694,0.33703944,-0.24443825,-0.76577717,-0.47409901,1.0924177,0.38039631,-1.9322011,-1.1739852,-0.4298676,-0.00056491,0.48008227,-0.08954069,-0.010365423,0.51967007,0.2082331,-0.1397012,0.21428603,0.34409148,0.38686687,0.10441563,-0.264285,0.23217288,-1.4364395,-0.022226967,0.45039862,0.11012553,0.2240763,0.65744013,0.90974355,-0.49371409,-0.77489817,-0.40396881,0.18474469,-2.0678101,0.3783907,0.22660774,0.42177233,-0.65111834,-1.4047325,0.26341259,-0.5722537,0.063507214,0.030214269,-0.045901019,0.45186177,0.11947609,0.34683323,0.29012501,0.011612233,-0.006230384,-0.44615114,-2.3411007,-0.72982574,-0.92153406,0.18805589,-0.8742643,0.19929935,-0.1603222,-0.2902551,0.099057086,1
0.46856993,0.24699453,0.22693704,0.43157509,0.4234671,0.44482183,0.42449003,0.40560377,0.42476785,0.41939723,0.40729487,0.41056114,0.41435075,0.39799163,0.41930032,0.4136439,0.41233146,0.45285082,0.42365628,0.40068614,0.39751893,0.41259214,0.41610807,0.41892412,0.40862563,0.41474092,0.41763705,0.41944098,0.41995108,0.4090836,0.4093805,0.40533316,0.3998363,0.40191495,0.40406886,0.3883101,0.38264605,0.40615708,0.41156238,0.40238482,-0.92669135,0.1927655,0.31304818,0.39979643,1.2840198,1.6207625,1.1928033,0.63659286,0.75180668,1.5550992,1.3285501,1.119671,0.40879169,-0.21440774,-0.35030961,-0.35784546,0.70462263,0.43012714,0.35120592,0.31370896,-0.78523564,0.081533678,-0.49154046,0.36353371,-0.85400081,-0.17304397,-0.20742136,0.62032849,0.27177459,1.0088466,-0.18337584,0.20829462,-1.1254015,-0.20577253,-0.12319632,1.0016,-1.2047671,0.56539446,0.15329644,-0.85603881,-0.11525711,-0.99388844,-0.48936382,0.47680852,0.94898152,0.59119058,-0.033419266,-1.5187867,0.42189786,0.13672826,-0.9827866,0.70239615,0.015625346,-0.010248579,0.44248277,-0.013449527,0.26047957,-0.2317396,0.032758441,0.63186347,-0.84631842,-0.95518452,0.03275219,0.5463084,-0.36025304,0.13594992,0.23486647,-0.15659514,-0.12235335,-0.23937668,0.29488999,0.68910158,-0.19501708,-0.3401359,-0.34627503,0.33709818,0.14609805,-1.0643513,0.38212368,-0.72291231,-0.31995913,-1.6413335,-0.83122492,-0.13648731,-0.4977724,0.52410561,-0.3702223,0.13694683,-0.089409754,-0.16179909,-0.77594268,-0.60068607,-0.14574066,-1.0583555,-0.081301935,0.000765927,-0.077690467,0.32557648,-0.33654758,-1.5365683,0.17940569,0.47603253,0.77687615,-0.25537276,0.47177464,0.36174652,0.003706552,-0.42330694,-0.37772152,0.29925472,-0.64770335,-0.11362322,0.46117145,-0.24676961,-0.77506858,0.14644456,-0.51570189,-0.36783555,0.28623718,-0.28637743,0.003541191,-0.70367771,0.73584932,0.58666879,0.16980547,-0.045671437,-1.3584752,0.3062124,-0.12647764,-0.1351451,-0.056525726,-0.50345153,0.11908941,-0.14496711,-0.71028566,0.87608594,-0.70127726,0.14536074,0.34652561,-1.4714309,-0.11611247,0.28809729,-0.14840746,-0.26163733,-0.71001041,0.35930267,-0.1342254,0.40680307,0.81118947,-0.81900805,-0.20454653,0.081057414,0.13035884,0.12009826,0.29154953,0.052156642,-0.19551806,-1.1893859,-1.7513685,-0.76940322,0.27588284,0.6999132,0.30743164,-0.45304444,-0.43045759,0.083678439,1.4460211,-0.12640466,0.082117543,-0.18459509,-0.21780702,0.85130495,0.18956117,0.28655574,0.83216184,-0.076503754,-2.0959139,-0.11250105,0.35485256,0.031753756,-0.017571669,-0.65063196,0.016815767,-1.350421,0.20055202,-1.1737466,0.1181916,0.25006595,-0.78989989,0.11853933,0.067877159,0.4272168,-0.15400741,-0.39041725,-2.2647493,0.26780629,-0.7234543,-0.017079759,-0.061083406,0.026808128,0.57647735,0.11276595,-0.21579896,0.50308943,-1.2265201,-0.72551262,-0.34016404,0.41994202,-0.48680085,0.08574082,0.16599214,0.35391077,0.002575174,0.41215599,0.38756245,0.73082232,-0.91086304,-0.31738749,0.46102339,-0.18714222,0.19269559,-0.03180993,-0.2239774,-1.134891,-0.41595235,0.083813436,-0.32504746,0.29399574,0.89998591,0.3319084,-0.46278113,0.21315464,-0.35205555,0.38802236,0.43449825,-0.33004001,0.072283134,1.8092684,0.12574957,0.2272158,-0.75972605,-0.21960878,-1.8137287,0.97598553,-0.95006609,-0.23194438,-0.069272652,-1.4712332,-0.33076322,0.22273707,0.24164824,0.64750844,0.27511299,0.084678397,-1.7438998,0.95799083,0.097546779,0.9598549,-0.025217954,-1.0975121,-0.093104541,-0.89484882,0.5310092,0.36515063,-0.90779519,0.20598088,-1.6126933,-1.2863991,-1.2477155,-0.3351759,0.41630396,0.31497428,0.32210654,-0.89000046,0.85950351,-0.84705657,-0.10595086,0.30309778,-1.0257119,-0.20902373,0.017046075,0.45911458,-0.063403413,0.3119196,-0.20389855,0.39451152,0.083998442,0.4631108,0.11099042,-0.11250243,-0.83349228,0.48936445,1.0021113,-0.44143933,0.61580586,0.50791681,0.3967346,-0.58917445,0.4182668,0.1482107,-0.73056167,-0.47116709,0.10751055,0.064864166,0.040401608,0.73384702,-0.18650196,-0.56579274,-0.48099363,0.00267975,0.31836087,-0.19003259,-0.097639717,-0.33563554,0.20181574,0.94940758,-0.91048133,0.15339394,0.35590449,-0.61172849,-0.005620424,-0.34734237,-1.1172721,-1.7532773,-0.24596614,0.68158925,0.13237609,-0.13803227,0.72332048,0.22744831,0.50351226,0.29597288,-0.10094827,-0.52565759,0.2715477,0.10195458,-0.29181841,-0.50614208,0.29775423,0.155057,1.1679713,-1.4681178,-0.029152254,1.3653879,1.691545,0.354247,-1.3407717,-0.22171375,-0.43059054,-0.15949036,0.028766688,0.18593299,0.74946791,0.31808859,0.56420976,0.13332252,0.17005894,0.74021119,0.59944284,0.92396283,-0.94048405,0.16303939,0.13984215,0.2157671,-0.24143812,-0.19307473,-1.5140237,0.38039428,0.054749407,-0.31654307,-0.094513729,0.071391135,0.13355184,-0.59114617,0.22576928,-0.25580713,0.05353326,-0.13438711,0.19935912,0.91733277,0.35335457,0.10238067,0.63462675,-0.098716125,0.17036387,-0.89287984,0.29069251,-0.70988119,-0.10059026,0.66739744,-0.8660956,-0.27087712,0.38248581,0.29728097,-0.47404054,-1.1022478,0.53875107,-0.61569679,0.19146571,-1.6113311,0.26746011,-0.23014554,-0.73098004,-0.51430303,0.89996231,0.33570105,-1.8133302,-1.1278777,-0.35677537,-0.005428456,0.24231131,0.00088657,0.080549404,0.50504982,0.28977525,-0.15219918,0.20563231,0.31665251,0.34919989,-0.034564801,-0.080589175,0.24666736,-1.3916109,0.010092343,0.22824964,0.094764963,0.2453689,0.6098761,1.013285,-0.35406435,-0.83504975,-0.40272349,0.091127589,-1.8217425,0.45364216,0.34012452,0.45513892,-0.66832721,-1.2871341,0.29747656,-0.44815785,0.39722401,-0.06388557,-0.03130484,0.44258121,0.16271134,0.3346225,0.28041723,0.051920071,-0.17656916,-0.29622579,-1.9985955,-0.611027,-0.7429806,0.072529987,-0.806683,0.15934575,-0.19416988,-0.15048833,0.10808225,1
0.60608643,0.37828907,0.35530311,0.56732738,0.55023706,0.56582886,0.55740178,0.54240489,0.54509151,0.55533624,0.54529566,0.55354929,0.54745126,0.52295423,0.55237174,0.54416233,0.55507112,0.57182193,0.55245638,0.53643245,0.52438694,0.5472638,0.54414779,0.53926647,0.53862214,0.54218161,0.5370636,0.53659856,0.54268551,0.53937238,0.53756976,0.53579748,0.53514391,0.53431112,0.53756952,0.527987,0.52026451,0.53423357,0.51757145,0.52790987,-1.0114981,0.34433389,0.53881085,0.57813042,1.4728303,1.8207817,1.4587129,0.8557747,0.9841364,1.7791176,1.5197163,1.337912,0.48232195,-0.16444178,-0.2197554,-0.32330164,0.77236658,0.44636434,0.39677638,0.38445878,-1.018553,0.015808664,-0.57850456,0.50464368,-0.55298263,-0.018963899,-0.24882966,0.5859217,0.16915044,1.1306663,-0.28713307,0.25682637,-1.1746328,-0.18999046,-0.19527897,0.93848461,-1.0720795,0.68549788,0.22314994,-0.87543535,-0.11922773,-1.2684824,-0.46462739,0.61119658,0.97939932,0.63145232,0.060483076,-1.7456119,0.82854402,0.13277727,-1.1108342,0.69339424,0.007336807,0.062809855,0.56811029,-0.031242676,0.35697046,-0.46248999,0.082171336,0.69962168,-0.61042887,-1.1611261,0.032074116,0.56553614,-0.33278733,0.37390906,-0.070890784,-0.11457131,-0.1915659,-0.23592187,0.35590279,0.7239632,-0.21864475,-0.35181689,-0.62840819,0.43395323,0.65924561,-1.2640512,0.47158939,-0.94045329,-0.33077472,-1.910454,-0.98061395,-0.12059464,-0.65183729,0.15105969,-0.49959537,0.19521321,-0.087210678,-0.35350752,-0.89674145,-0.45985341,0.30388162,-1.2214624,-0.18341941,-0.14971527,-0.006696865,0.2978704,-0.47524908,-1.8171068,0.74369901,0.51665747,0.88475627,-0.20927504,0.46809331,0.34466216,0.009700172,-0.32672125,-0.35143697,0.41376448,-0.56314492,-0.023260452,0.54713964,-0.41830662,-0.83711731,0.10457739,-0.67965126,-0.62684453,0.38616031,-0.51591802,0.076354109,-0.7406714,0.79496211,0.78246725,0.041070409,0.10000914,-1.7134742,0.45951706,-0.09589076,-0.20780312,-0.052542616,-0.55303949,-0.009126289,-0.20978849,-0.60224009,1.079024,-0.7006976,0.18479946,0.63487017,-1.9124725,-0.17790523,0.26698154,-0.24732205,-0.49746624,-1.1219053,0.39335555,-0.14417094,0.45696121,0.98844063,-0.87503159,-0.31228918,0.049945243,0.13639937,0.10826787,0.29912335,-0.006290406,-0.009959601,-1.3500344,-1.914389,-0.81527686,0.29302731,0.54653865,0.19341409,-0.53908384,-0.46395677,0.067042165,1.7613307,-0.099263385,0.11711629,-0.26239461,-0.34177977,0.87051898,0.16842794,0.32496968,1.1693326,-0.11601927,-2.3822081,-0.10541563,0.64898032,-0.024799446,-0.060670581,-0.94010746,-0.093016922,-1.6631289,0.27190021,-1.4788346,0.53408498,0.090274721,-0.89690244,0.10274322,0.20284957,0.75358403,-0.16012143,-0.1534186,-2.7854438,0.209306,-0.60098946,0.027685814,0.17435075,0.27892199,0.68773568,0.074275635,-0.23213476,0.42012948,-1.7985799,-0.96224064,-0.36594969,0.71359456,-0.45096973,-0.085194334,0.17886229,0.41577852,-0.073410481,0.50233001,0.44157636,0.81150222,-0.88676512,-0.28152946,0.96785438,-0.14649257,0.19330108,-0.15784766,-0.33423227,-1.2554539,-0.49522132,0.15724942,-0.41009155,0.35967305,1.2800646,0.33851919,-0.48440647,0.20434311,-0.4312371,0.5380345,0.63849401,-0.43806523,0.061884359,1.751657,0.12077355,0.23877352,-1.0291735,-0.26334876,-2.1170015,1.1366132,-1.5750639,-0.26564616,-0.15768889,-1.4226073,-0.50133103,0.31550515,0.20696463,0.52914464,0.63553166,0.32230186,-1.9287462,1.1302742,0.14727606,1.2980613,0.09729746,-1.3105711,-0.036901221,-1.074694,0.61130977,0.30729592,-0.96134007,0.29935995,-2.0601435,-1.3267726,-1.5898857,-0.30068088,0.44006816,1.0907798,0.41900149,-1.1046674,1.0449662,-1.2455233,-0.14946181,0.25221932,-1.2658179,-0.068332404,0.037548795,0.58974653,-0.026279617,0.48095945,-0.17888923,0.49442318,0.029189352,0.91554022,0.13640742,-0.20765699,-0.76109827,0.54965532,0.98178196,-0.83026338,0.60491896,0.56403601,0.41350543,-0.65075064,0.68018699,0.16304877,-1.047479,-0.71005321,0.11809522,0.093246922,0.019936427,0.93807435,-0.27083281,-0.61946338,-0.55255246,-0.058575481,0.38664216,-0.19980393,-0.092677459,-0.41717777,0.26997095,1.4928952,-1.1930032,0.13595708,0.37871087,-0.56952757,-0.043036401,0.023753859,-1.5031247,-2.1589646,-0.046195984,0.85905296,0.079387203,-0.14258458,0.76184279,0.23359229,0.47905642,0.38585418,0.009454683,-0.69475889,0.28846696,0.06533353,-0.291951,-0.57310069,0.34229675,0.2911351,1.4220757,-1.734459,-0.012133302,1.4396106,2.0024505,0.42663181,-1.334474,-0.37193421,-0.66581142,-0.16695096,0.070248067,0.40629631,0.89075208,0.31796584,0.69438994,0.21399885,0.21076527,0.98123705,0.63698393,1.274931,-1.1812264,0.19855857,0.34638518,0.044403553,-0.42495373,-0.17042911,-1.4840366,0.42275882,0.04309009,-0.31145051,-0.12886354,0.44064128,0.22150257,-0.78839576,0.2886844,-0.16408588,0.88499612,-0.28831381,0.76385224,1.16957,0.35353255,0.17432326,0.75046426,-0.14881566,-0.063785933,-1.0515825,0.35255527,-0.66088212,-0.034397528,0.71100909,-0.75871152,-0.46001315,0.55894083,0.32344529,-0.7752763,-1.3935215,0.62193078,-0.68523347,-0.037604019,-1.8275927,0.32462713,-0.18234469,-0.92449009,-0.58803952,1.2133799,0.35088575,-2.0886648,-1.2999612,-0.41599068,-0.006762479,0.32949901,-0.090294003,0.097858444,0.60080642,0.30707335,-0.15408082,0.12949684,0.29914802,0.37562114,0.085273579,0.001721025,0.31448099,-1.6499978,-0.028236374,0.59133554,0.16512357,0.22119634,0.61833012,1.2472982,-0.43187836,-0.95257103,-0.34100035,0.51056015,-2.1087832,0.38720834,0.33285013,0.47754294,-0.90194654,-1.6378647,0.31958619,-0.44955412,0.15495279,0.003511809,0.042335749,0.97080451,0.18097894,0.40073133,0.51714623,0.076040931,-0.32053286,-0.4021261,-2.3674471,-0.64744699,-1.10448,0.18732294,-1.1456217,0.091183417,-0.1359394,-0.28778601,0.17892103,1
0.54622114,0.33137941,0.2782068,0.53049421,0.52086389,0.54172373,0.5305928,0.50992084,0.5318327,0.52852362,0.5319072,0.5092203,0.5178467,0.514189,0.53120577,0.51110393,0.52107823,0.55147386,0.52659261,0.51471686,0.50281417,0.51224655,0.50894397,0.50396454,0.51486689,0.50759298,0.52237976,0.50518233,0.51004463,0.51704407,0.50257522,0.50951195,0.50226325,0.49809256,0.51059067,0.48764133,0.48305723,0.5160228,0.49303159,0.49595952,-1.0351987,0.26236621,0.43105406,0.49536774,1.4376912,1.7631576,1.3490685,0.76899117,0.8848542,1.7045708,1.4630429,1.2576056,0.40696365,-0.20010784,-0.21815205,-0.34386024,0.69171363,0.39991787,0.35376158,0.33226973,-0.86967897,0.015173459,-0.4501729,0.43701696,-0.86226928,0.026930138,-0.24966277,0.74024606,0.32771081,1.2868154,-0.26782474,0.2338282,-1.2908907,-0.22336581,-0.014261283,0.99546218,-1.214185,0.57044888,0.08232218,-0.88891935,-0.075570807,-0.93177676,-0.54197448,0.41164774,0.88782012,0.66748053,-0.094268262,-1.6652253,0.67446941,0.14109471,-1.0526233,0.68918318,0.032897592,-0.006057926,0.53396755,-0.052432813,0.39466202,-0.347,0.067390092,0.61229903,-0.9027437,-1.0490671,0.053720616,0.59846306,-0.45932823,0.25638613,0.14751342,-0.18313438,-0.21329583,-0.2742452,0.33573994,0.83457357,-0.26051354,-0.35640484,-0.38710123,0.4874661,0.22487301,-1.1531399,0.40594822,-0.84133548,-0.32843471,-1.7765497,-0.95753866,-0.13107412,-0.44399542,0.54720068,-0.42083284,0.16666207,-0.13233973,-0.25849441,-0.66561747,-0.6706866,-0.009080604,-1.1597825,-0.063526519,-0.006232768,-0.075748861,0.35075569,-0.44519562,-1.7036952,0.63914746,0.48586303,0.80911118,-0.24827942,0.49463236,0.31997812,0.030018166,-0.28933111,-0.3826161,0.26461229,-0.76947784,-0.17480314,0.4759869,-0.24249795,-0.88669074,0.15230972,-0.54250062,-0.53838021,0.38014051,-0.37666613,0.025079453,-0.73344684,0.69387567,0.59953123,-0.002029926,-0.016724624,-1.6578621,0.52951592,-0.095170557,-0.19312093,-0.10782737,-0.57122886,0.071013249,-0.17579554,-0.66784573,1.0460998,-0.81047767,0.14577648,0.47561836,-1.6070993,-0.20107087,0.3414295,-0.077771306,-0.49295419,-0.90830737,0.45565039,0.003894925,0.27017334,0.68362319,-0.8131026,-0.24323192,0.045292169,0.082994595,0.17722562,0.31843606,0.1273644,-0.23585671,-1.2551346,-1.823308,-0.77968466,0.28381014,0.69724941,0.27618971,-0.47070634,-0.45914102,0.1048778,1.6102562,-0.16285235,0.01192073,-0.38315362,-0.2821427,1.0568846,0.16567287,0.29167318,1.4038306,-0.12741001,-2.2571957,-0.026232328,0.5626297,0.014867413,0.021926463,-0.71546906,0.083530568,-1.5399871,0.22030094,-1.5383322,0.38757244,0.14220694,-0.80347943,0.11083615,-0.066204458,0.48115352,-0.21132548,-0.23830999,-2.5525084,0.38913044,-0.80577511,-0.009089805,0.065010861,0.070524164,0.62081486,0.19703281,-0.22575057,0.68982118,-1.4323522,-0.82246095,-0.3466441,0.48587489,-0.56250852,0.19582395,0.15547878,0.42316723,0.016481927,0.4837051,0.38453123,0.84531295,-0.96257651,-0.32118824,0.57206291,-0.10902302,0.33147192,-0.14927296,-0.23030072,-1.183905,-0.40556246,0.10683207,-0.35785288,0.29320884,1.2254348,0.34307247,-0.45357111,0.23712246,-0.37866864,0.54976636,0.50651401,-0.4068417,0.056449898,1.8278823,0.10647438,0.22346169,-1.0793742,-0.16287501,-1.9985752,1.0625118,-1.1799016,-0.33020473,-0.13618192,-1.5413176,-0.22292288,0.27490076,0.16721006,0.52835393,0.60627496,0.29392791,-1.9575752,1.0291302,0.27292377,1.1921402,0.063615218,-1.0836614,-0.035092302,-0.98432231,0.60145211,0.19804394,-0.91533053,0.23695585,-1.8761803,-1.5719392,-1.4409012,-0.37254021,0.49497306,0.45026428,0.32030788,-1.0045584,0.91571796,-1.0514219,-0.11253369,0.31744051,-1.1077106,-0.17609407,0.003863181,0.54287899,-0.10673744,0.37823448,-0.1244054,0.63665462,0.056065209,0.62401336,0.019491486,-0.21282643,-0.86084843,0.51442903,1.1026504,-0.57654881,0.5625276,0.52277631,0.55249232,-0.68145931,0.59260195,0.34481063,-0.90675062,-0.4309262,0.082249656,0.075199939,0.1646065,0.80948436,-0.25263146,-0.59074181,-0.48121759,0.000464302,0.54691654,-0.18028717,-0.008421667,-0.31289706,0.1917133,1.2575314,-1.0186101,0.13701674,0.34201607,-0.70002055,0.027807102,-0.22461835,-1.3085313,-1.9028684,-0.25994006,0.73718584,0.18382268,-0.12831771,0.74098998,0.28320503,0.53678524,0.32457235,-0.12471226,-0.64507163,0.27139455,0.079200067,-0.27970833,-0.46084493,0.28337434,0.20589966,1.224834,-1.6282153,-0.017446639,1.7790861,1.7749215,0.41143686,-1.3764445,-0.19998887,-0.49006742,-0.12952313,0.098384954,0.29937911,0.84913409,0.81797653,0.48766252,0.23361969,0.14999257,0.79402578,0.70093709,1.0240549,-0.93478507,0.16898622,0.2487317,0.10379779,-0.30552709,-0.19259316,-1.7613547,0.3872928,0.063734829,-0.3146503,-0.17938408,0.24631572,0.15122166,-0.66880423,0.25335675,-0.2749989,0.1630055,-0.17536047,0.48579302,1.0095861,0.35432339,0.126481,0.70307589,-0.19385231,0.089929998,-1.0455599,0.38679093,-0.70757109,0.053029813,0.95884252,-0.9393611,-0.34798408,0.45729643,0.3926301,-0.65913588,-1.1590755,0.54783952,-0.65216792,0.11705009,-1.6422805,0.33941147,-0.2583653,-0.65994525,-0.61211038,1.0866836,0.353109,-1.9534389,-1.2578251,-0.32700968,0.047450516,0.30749536,0.075657114,-0.009222316,0.45241439,0.2939415,-0.16316049,0.17152621,0.41046402,0.43799427,0.022877887,-0.20280924,0.23563327,-1.531989,-0.011848472,0.31771803,0.12861758,0.21055445,0.68972754,1.128513,-0.3857567,-0.88148785,-0.42169181,0.094498277,-1.9507918,0.41755253,0.27900577,0.41831598,-0.81101835,-1.4967521,0.37553281,-0.51267767,0.48283827,0.057871398,0.1131487,0.49207547,0.13330197,0.37185714,0.36562458,0.032710925,-0.16968945,-0.3171618,-2.1762283,-0.64329398,-0.8904466,0.15990582,-1.0072855,0.063155279,-0.13679822,-0.25867519,0.1543438,1
0.52924764,0.31171864,0.26026836,0.50667799,0.50867498,0.50593728,0.51757973,0.48573852,0.51701015,0.51425403,0.49883837,0.48712403,0.48952305,0.490338,0.51030684,0.49394646,0.49778634,0.52115661,0.51273215,0.50829977,0.49752587,0.48571488,0.47885191,0.48350802,0.49411601,0.48629108,0.50238669,0.48127034,0.49573779,0.49550056,0.48306295,0.48371267,0.47394449,0.48406982,0.48365095,0.46340278,0.46595353,0.49553505,0.46239644,0.48456806,-0.95847064,0.24845085,0.44598514,0.49138185,1.4517903,1.7790048,1.399766,0.79841936,0.92075348,1.7461551,1.5036681,1.2912499,0.39929175,-0.19313584,-0.15748385,-0.38823599,0.54943901,0.35027277,0.35000038,0.26809371,-0.85328454,-0.005386545,-0.56543374,0.41468659,-0.81164068,0.053602129,-0.14663862,0.806108,0.043125838,1.4076582,-0.15261152,0.21450169,-1.2193494,-0.26435563,-0.083797544,0.66685861,-1.0814544,0.49007994,0.11894928,-0.97193116,-0.14078063,-1.1871976,-0.63862312,0.4220022,0.73662621,0.61260402,-0.084448554,-1.7765738,0.66375655,0.15247248,-1.1847857,0.60972035,0.014302503,0.14504555,0.54891509,-0.03063751,0.37055701,-0.35844076,0.040067222,0.53979546,-0.72337133,-1.0161791,0.06190132,0.55803788,-0.4471522,0.35292816,-0.040478393,-0.21191484,0.044553906,-0.26343721,0.42388365,0.76348794,-0.19869789,-0.42746213,-0.4629367,0.002641738,0.4138146,-1.1642228,0.36557299,-1.0250323,-0.33474469,-1.7600472,-0.97816509,-0.064833842,-0.58269,0.19791001,-0.34939399,0.21931624,-0.14659706,-0.18019316,-0.85888064,-0.69028461,0.56944752,-1.1153333,-0.21693242,0.004966319,0.063820809,0.35630885,-0.47122663,-1.6340346,0.61582685,0.50012827,0.81854218,-0.22051263,0.464717,0.33951116,0.027354307,-0.14855914,-0.25782037,0.38608244,-0.68610096,-0.078608878,0.40355304,-0.33121276,-0.756814,0.079452105,-0.5207653,-0.68908894,0.26009315,-0.39272094,-0.010306779,-0.73637635,0.72938883,0.58385438,0.10364325,0.047322955,-1.6688195,0.70169717,0.0652446,-0.15039663,-0.056514475,-0.54992378,0.065720975,-0.14238632,-0.76346642,1.1118741,-0.63257092,0.072678998,0.3931132,-1.6226947,-0.20809342,0.33153057,-0.16196696,-0.37410769,-0.98502511,0.45665768,0.097145781,0.46484807,0.81233925,-0.78258145,-0.26057398,0.050687261,0.26245046,0.18117763,0.46608442,0.11221349,-0.13073373,-1.2893623,-1.8352653,-0.7073614,0.30054677,0.55672586,0.21739432,-0.41054377,-0.20688871,0.1072806,1.2878687,-0.17370266,0.055716131,-0.23732179,-0.14210615,1.0939162,0.17818221,0.27007851,2.2732627,-0.18578346,-2.6790659,-0.042863067,0.5573532,0.025945175,0.086353451,-0.66550577,0.021816723,-1.4493088,0.20452815,-1.1119425,0.21697974,0.008746043,-0.87414491,-0.066170618,-0.004558921,0.52644527,-0.26672262,-0.016437136,-2.4561605,0.34928635,-0.97275239,-0.031972803,-0.092703328,0.24522531,0.59385955,0.19053102,-0.18642884,0.5459826,-1.4407321,-0.85985917,-0.0264282,0.4646894,-0.44236255,0.16072841,0.14193474,0.34651935,-0.008093003,0.38955516,0.45838442,0.64311755,-1.0600767,-0.348766,0.37535626,-0.011288486,0.20409034,-0.043098878,-0.21581982,-1.2745092,-0.43403623,0.11172114,-0.63885659,0.38019949,1.062477,0.36499801,-0.50862336,0.21809441,-0.30507553,0.57228279,0.49233222,-0.47677085,0.12661915,1.3868103,0.12620555,0.19252726,-1.0717809,-0.17414498,-1.8696394,0.93248928,-1.4268219,-0.15090013,0.01634407,-1.3980271,-0.38174742,0.063274652,0.36690906,0.68999285,0.61213118,0.59997338,-1.8756568,0.99081194,0.030056305,1.0620126,-0.040503673,-1.0981859,-0.056000911,-0.86445463,0.72670734,0.29616588,-0.77165711,0.29036111,-1.8219635,-1.4322772,-1.4217199,-0.49359065,0.41825256,0.64793682,0.29947716,-1.0006907,0.88039601,-1.0517801,-0.17702618,0.33847031,-1.0100174,-0.073452957,-0.000166297,0.51749825,0.053856079,0.31384075,-0.09492825,0.52259445,0.039822638,0.51581132,-0.1134139,-0.16604491,-0.72953689,0.39662766,1.0698431,-0.59285843,0.75964606,0.51161307,0.35161611,-0.70336413,0.63447046,0.24559817,-1.0130887,-0.52254391,0.10384672,0.15407436,0.12217039,0.75113302,-0.33802301,-0.47002298,-0.53271937,-0.025545929,0.46348584,-0.068459347,0.027282648,-0.36736849,0.23334023,1.0980967,-0.96337295,0.1730641,0.31353202,-0.60636771,-0.034281187,-0.016692676,-1.355304,-2.0014358,-0.22394277,0.6298781,0.059772745,-0.16922739,0.81265163,0.20883681,0.43417194,0.26265579,-0.21127547,-0.5893265,0.2286855,0.053743076,-0.24941769,-0.31383973,0.23539317,0.11776091,1.2089499,-1.6428034,-0.11841363,1.5023543,1.3296323,0.43680882,-1.4204409,-0.26628256,-0.5043835,-0.23977794,0.092267096,0.3831867,0.83650517,0.80170304,0.39825937,0.22024414,0.21077719,0.89572811,0.69555402,1.1867701,-1.011193,0.16682424,0.26558316,0.09191744,-0.3472721,-0.12007277,-1.6151683,0.35906041,0.035995632,-0.34216601,-0.061978851,0.34608215,0.14488348,-0.57459444,0.24651247,-0.28393304,0.10772619,-0.064827755,0.26271474,0.96738744,0.31944564,0.085729182,0.60089743,0.016238779,0.075030833,-0.976726,0.31793469,-0.76343954,0.36095315,0.83694738,-0.76307708,-0.44503632,0.53299695,0.33989915,-0.60869592,-1.1461226,0.63005304,-0.42214766,0.18906705,-1.806585,0.23994514,-0.23031811,-0.6012091,-0.54638839,1.0242826,0.38815534,-1.8481959,-1.2521663,-0.39257309,-0.011636973,0.34682888,-0.026966549,0.069531679,0.37311664,0.28634849,-0.17573178,0.22138198,0.38669607,0.30312982,-0.022957437,-0.083804533,0.26058081,-1.4726084,0.039195448,0.3963967,0.033759087,0.21512738,0.60399145,1.0476267,-0.40118018,-0.8241626,-0.42951107,0.28283328,-2.0685022,0.43847561,0.34464729,0.39533037,-0.8248955,-1.3699268,0.32494375,-0.57170033,0.14398956,0.006805822,0.002236575,0.383472,0.095104903,0.36308455,0.22654328,0.046294179,-0.054517254,-0.35792932,-2.1762619,-0.65514141,-0.92724854,0.11517359,-0.92196858,0.32925195,0.001892209,-0.23177497,0.064830087,1
0.58375895,0.38102931,0.33361706,0.55722117,0.54881382,0.5570752,0.55120814,0.53937453,0.55933964,0.5536983,0.54876018,0.55048293,0.54750758,0.52515101,0.55205917,0.54079378,0.53773946,0.56746078,0.57151169,0.54488599,0.54529333,0.53328526,0.5250833,0.52422708,0.54234135,0.54060483,0.54728651,0.54158902,0.53771687,0.54591423,0.5258112,0.53358579,0.52666724,0.52618873,0.53433257,0.51017529,0.51440483,0.54919183,0.51486474,0.51817721,-1.0671359,0.32701886,0.40925181,0.44349378,1.3693709,1.7479746,1.3364909,0.73134381,0.85534334,1.6608922,1.4259483,1.2067031,0.32913691,-0.21982889,-0.20857525,-0.31715113,0.60260636,0.36711034,0.38417721,0.3149659,-0.89318144,0.099541873,-0.42312789,0.32204622,-0.88621008,0.025235429,-0.16478932,0.82804871,0.41434082,1.4083762,-0.25847232,0.24421594,-1.2147483,-0.20420343,-0.004399583,0.83221453,-1.1344953,0.47536251,0.28502268,-0.9561792,-0.079988562,-0.98130453,-0.65086222,0.57608956,0.74391955,0.61295366,-0.051030345,-1.7820472,0.74662018,0.18472487,-1.0275729,0.61886871,0.074514009,0.01028095,0.5213266,-0.10682999,0.32148284,-0.56367087,0.054447729,0.52617574,-0.77009279,-1.195467,0.093380377,0.68163186,-0.42607814,0.2575464,0.13265006,-0.19233398,-0.070826992,-0.36755386,0.34170157,1.0681051,-0.26999885,-0.33982685,-0.60506719,0.74691629,0.39261818,-1.2437444,0.42349207,-0.91776824,-0.42752481,-1.8579487,-1.1736584,-0.066258699,-0.40069622,0.33459395,-0.49349514,0.25138724,-0.17360541,-0.22064514,-0.89023221,-0.39555556,0.50706214,-1.2028911,-0.2608735,-0.20238321,0.11155112,0.38099474,-0.54144156,-1.7597293,0.60530412,0.46888059,0.86523843,-0.193812,0.5150761,0.296543,0.028734155,-0.013050549,-0.39024597,0.2255238,-0.43125051,-0.1994466,0.36000377,-0.418782,-0.87597638,-0.01768861,-0.58609027,-0.86134547,0.43632782,-0.58095729,-0.004555788,-0.60348469,0.69149005,0.59662127,-0.06287428,0.066698745,-1.8336544,0.82434708,-0.14040072,-0.1502845,-0.02160491,-0.59369636,-0.057282787,-0.18108396,-0.68537056,1.0340424,-0.86254692,0.12255317,0.45552188,-1.7943141,-0.25334308,0.43757945,-0.12019541,-0.57909346,-1.049827,0.51671952,0.16772428,0.40247121,0.85750091,-0.76074243,-0.27637333,0.077109002,0.07962212,0.21059997,0.5390963,0.11275408,-0.18138933,-1.3310994,-1.8298599,-0.81879228,0.29329467,0.59421802,0.20995818,-0.43159959,-0.40134603,0.18523622,1.8304962,-0.13074513,0.049970858,-0.48201516,-0.29177415,1.2277657,0.13192341,0.28729442,2.2681797,-0.078117043,-2.7420533,-0.081455447,0.66434455,-0.024058716,0.044656657,-0.85375345,0.14402243,-1.7416073,0.2792806,-1.3649452,0.63270819,0.052973047,-0.76622158,-0.060575727,0.12217847,0.87946349,-0.28521127,-0.036073379,-2.8041682,0.43739155,-0.75292873,-0.057453871,-0.12835571,0.12837851,0.81993902,0.11210854,-0.2159842,0.7097069,-1.6660951,-1.0390468,-0.1712708,0.40644905,-0.52544379,0.15388228,0.1612266,0.43872488,0.068318844,0.39471856,0.52235341,0.90404463,-1.104112,-0.38134336,0.47825393,0.068883948,0.32484376,-0.18824974,-0.20491922,-1.2719512,-0.43814617,0.065536618,-0.46416983,0.4428834,1.2853085,0.40114716,-0.45730463,0.18098313,-0.40100297,0.61472237,0.62917012,-0.43407479,0.096836634,1.5867808,0.20538071,0.17839994,-1.0864314,-0.24144244,-2.1600015,1.1333678,-1.3750502,-0.3005352,-0.17478821,-1.2924048,-0.24601108,0.38050812,0.080004036,0.57379264,0.55122828,0.55674398,-2.0797184,1.2071137,-0.042146768,1.1919035,0.061902732,-1.0524833,-0.086713985,-0.9787609,0.66416812,0.39167362,-0.96095186,0.26847428,-2.0217693,-1.7302965,-1.5436178,-0.49727201,0.59252262,0.71130562,0.28106886,-1.1215281,0.75207967,-1.2907817,-0.11411374,0.35594225,-1.1820331,-0.008938618,-0.004356829,0.67596126,-0.002567552,0.30653602,-0.10426039,0.41466045,0.027677931,0.95834631,0.032080814,-0.1931833,-1.0063846,0.42715222,0.98945135,-0.71350378,0.77863783,0.53090751,0.59788549,-0.65747035,0.51613671,0.39883411,-1.1306348,-0.50924927,0.06898576,0.21387407,0.12758827,0.82418418,-0.35071403,-0.65369391,-0.53636622,0.031150382,0.48510218,-0.12984203,0.06530416,-0.35414571,0.19677386,1.1597012,-1.2622846,0.14347219,0.31486076,-0.77152449,0.012747929,-0.19492324,-1.4764305,-2.0729239,-0.096642599,0.65503085,0.12649494,-0.17396547,0.85881031,0.42402264,0.44085357,0.24230149,-0.22929743,-0.70185333,0.206457,0.053543851,-0.22927746,-0.41861615,0.20134582,0.1468676,1.2470331,-1.6936247,-0.090479091,1.8205074,1.6264685,0.42674401,-1.4816122,-0.17112376,-0.52674603,-0.10314359,0.031054948,0.5754509,0.97205132,1.1458929,0.42027447,0.24194397,0.15903732,0.88272732,0.76462102,1.1127836,-0.96208525,0.14199924,0.40570158,-0.027307641,-0.4930107,-0.18476588,-1.6512773,0.33214104,0.078416631,-0.3830356,-0.17572734,0.37449986,0.16491205,-0.66102779,0.33665803,-0.31966725,0.2912409,-0.28682786,0.67317057,1.0263519,0.28060293,0.11898898,0.69908768,-0.26346731,-0.04641822,-1.1022521,0.36196172,-0.7326529,0.21387833,0.77111024,-0.94253802,-0.46856818,0.52384329,0.3649238,-0.7705282,-1.3162687,0.63644201,-0.56739444,0.23055872,-1.8176882,0.38585237,-0.17783123,-0.5524112,-0.61183691,1.0833367,0.49322331,-2.0748863,-1.3081411,-0.35539556,0.033715144,0.34903744,0.14254706,0.086070046,0.48331493,0.19775884,-0.11297889,0.20524329,0.315267,0.45093665,0.051142484,0.30212024,0.21882035,-1.5614008,-0.004904955,0.48595643,0.069752552,0.18529561,0.77281851,1.2282797,-0.47808868,-0.98750031,-0.52837545,-0.048807412,-2.1383395,0.30486739,0.28650501,0.37901458,-0.85599339,-1.6554458,0.26750103,-0.70440012,0.33360741,-0.000102058,-0.062915474,1.0645571,0.11233513,0.3340646,0.50569952,-0.032048237,-0.17454161,-0.46601069,-2.3522449,-0.78723401,-1.0254105,0.046133902,-1.0351015,0.34189308,-0.094317839,-0.29586455,0.065755285,1
0.63079631,0.39353314,0.34682015,0.6143291,0.60012138,0.62307143,0.60140246,0.5892446,0.5890677,0.59194225,0.58983731,0.59268183,0.58974051,0.57691586,0.60678744,0.57751715,0.5960418,0.61241078,0.58398414,0.58558744,0.57741803,0.59219182,0.58146679,0.58374745,0.58894312,0.58551168,0.5934844,0.58109909,0.58958709,0.5846678,0.57448316,0.5907979,0.56531167,0.57096964,0.5821628,0.56465149,0.56374443,0.58256686,0.56428373,0.57402307,-1.0013303,0.33324829,0.4512161,0.52653497,1.4577302,1.800536,1.3618858,0.78313363,0.91170824,1.7273909,1.5143405,1.2702287,0.41065595,-0.18312186,-0.20084816,-0.47146106,0.6342048,0.40131608,0.41573176,0.29733145,-0.91627324,0.048186578,-0.74915278,0.31333447,-0.84543729,0.083602473,-0.22292484,0.65690434,-0.14542505,1.5018492,-0.17563373,0.21621476,-1.1997161,-0.28647223,-0.28149417,0.84515309,-1.131871,0.56632352,0.15346785,-0.9650805,-0.18549854,-1.3363733,-0.61778057,0.27518216,0.82219625,0.54708213,-0.086490482,-1.8132769,0.61052877,0.13654482,-1.2890381,0.74540734,0.035419032,0.095335588,0.52321303,-0.015504837,0.23435494,-0.29621977,-0.0129935,0.64319438,-0.35903504,-1.111599,0.00896566,0.61015594,-0.28537509,0.29050317,0.045956753,-0.17087388,-0.096825376,-0.31813344,0.3868039,0.45112514,-0.19100714,-0.24533293,-0.44019222,0.12025571,0.31484678,-1.0891489,0.4427163,-1.2141167,-0.37564829,-1.9055824,-0.92575288,-0.11402243,-0.72050858,0.23616663,-0.44266635,0.15457344,-0.11037049,-0.12281799,-0.73371732,-0.74772912,0.14822808,-1.0512371,-0.13944305,-0.1025698,0.13001698,0.034812838,-0.43195587,-1.6966262,0.3603465,0.56134516,0.80793262,-0.13170326,0.4827365,0.23404108,-0.00160563,-0.52232122,-0.35221893,0.3243458,-0.4531526,-0.066770703,0.41813636,-0.34614974,-0.7729497,0.11368994,-0.56984872,-0.39802057,0.33859849,-0.42430213,0.017545419,-0.83987671,0.79322141,0.75367838,0.23276156,-0.0902704,-1.8172624,0.5303899,0.07030341,-0.17409654,-0.039502814,-0.53931308,0.018306123,-0.15628248,-0.84142125,1.0196861,-0.79688644,0.18773913,0.39712992,-1.6051254,-0.10311833,0.28281343,-0.19222301,-0.38300461,-0.96850753,0.37229607,0.1075318,0.37578884,0.74312907,-0.75555843,-0.22511441,0.11345439,0.25669405,0.18481162,0.33270779,0.13470519,-0.01190193,-1.3429091,-1.9959247,-0.68332267,0.28039318,0.72338259,0.19406648,-0.47658902,-0.33666822,-0.009618908,1.3696162,-0.17376971,0.15570159,-0.12586947,-0.31673151,0.94421214,0.19223842,0.31704527,0.99605817,-0.20511025,-2.3382108,-0.090458423,0.30196685,0.007334014,-0.18015566,-0.67648166,0.15644878,-1.4811631,0.17359108,-1.1200004,0.42133763,0.16037932,-0.92414927,-0.002655238,0.18426806,0.48904294,-0.13229756,-0.19320282,-2.6186872,0.36261442,-0.70143068,-0.068045065,0.12191725,0.053121522,0.73874831,0.19248764,-0.22397323,0.73346949,-1.5878607,-0.91151714,-0.36592597,0.38098383,-0.2854225,0.11101598,0.21425381,0.29665467,-0.012012141,0.40992981,0.50531667,0.83754295,-0.9925164,-0.41991556,0.64984506,-0.051005095,0.2053289,-0.054211527,-0.32451004,-1.3757262,-0.45129055,0.13044141,-0.50573117,0.24918342,1.0145823,0.34741542,-0.52933657,0.25395232,-0.24111377,0.48382944,0.46225458,-0.45749474,-0.006702818,1.5435379,0.1856671,0.31111085,-0.9967078,-0.29181257,-1.8941613,1.1405532,-1.3706628,-0.059648514,0.002854705,-1.5332346,-0.20927589,0.077703953,0.084807724,0.57399154,0.56915951,0.43065566,-1.9380736,1.0588204,0.23259225,1.2586604,-0.0620059,-1.3182154,-0.065573968,-0.97660089,0.65609252,0.13495682,-0.80939198,0.29052278,-1.6876267,-1.3140683,-1.364488,-0.44512966,0.37356591,0.41456252,0.31335849,-1.0298097,0.85036629,-1.0278397,-0.13245203,0.30606362,-1.2294291,-0.096231632,-0.010653898,0.51105893,-0.007215302,0.19753753,-0.25270718,0.55142927,0.061122686,0.80761981,-0.076171726,-0.13916755,-0.72636425,0.49365669,0.97668731,-0.65837729,0.64356339,0.52599645,0.36945033,-0.65344799,0.56855518,0.26587889,-0.85900033,-0.70756483,0.16183242,0.12686674,0.091287918,0.67529714,-0.27277073,-0.55484474,-0.56906068,-0.035736121,0.57614565,-0.17326437,-0.016575523,-0.42035383,0.12230554,0.90775377,-1.1799519,0.16348843,0.29328531,-0.47506109,-0.12434372,-0.17690784,-1.4061023,-2.1815939,-0.043323383,0.70213497,0.003726974,-0.10285079,0.74933892,0.13765025,0.45219845,0.31467885,-0.1794342,-0.55591756,0.24595661,0.026214898,-0.17419195,-0.50869614,0.2828986,0.11393039,1.3855999,-1.6095743,-0.063838586,1.5648825,1.482818,0.47284526,-1.6692969,-0.26938748,-0.57364196,-0.31962836,-0.001631752,0.20289794,0.83352029,0.64298528,0.34220538,0.14468896,0.088530868,0.84412652,0.66480118,0.85366273,-1.0450165,0.18452223,0.092871234,0.18278068,-0.4621262,-0.1658852,-1.8189586,0.40941128,0.023121415,-0.37700725,-0.31860214,0.18362987,0.12972668,-0.65409452,0.31183308,-0.32848537,0.36377117,-0.075286001,0.36269227,0.97098261,0.29152051,0.15874982,0.70686567,-0.044365596,-0.10233279,-0.9163965,0.36646694,-0.76760781,-0.12159932,0.95395178,-0.95447564,-0.37721822,0.58315945,0.32802022,-0.53324908,-1.1027882,0.5548532,-0.51273453,-0.08102522,-1.8715403,0.25092375,-0.24163522,-0.57199693,-0.5148716,1.0226736,0.26975632,-1.885819,-1.2804222,-0.45174903,-0.014787738,0.39496559,-0.099083491,0.069866903,0.43485063,0.28786635,-0.105029,0.22783685,0.34544677,0.32262799,0.013900653,-0.037658438,0.24729729,-1.5256549,-0.030092675,0.3581028,0.038764305,0.22743216,0.57980388,0.87462729,-0.42654753,-0.83131516,-0.47140998,0.12402491,-2.0996375,0.38975197,0.26666349,0.47491854,-0.70530605,-1.3142428,0.31995058,-0.65588981,-0.02304171,-0.16225028,-0.093873531,0.56700969,0.086873993,0.40035051,0.25835237,0.041952737,-0.084106192,-0.36052403,-2.2973931,-0.75782269,-0.88295591,0.081462294,-0.95451725,0.34094301,-0.072171919,-0.32286769,0.19525048,1
0.86830086,0.63940859,0.59438783,0.79803652,0.78934187,0.80197787,0.83096242,0.78134292,0.78887308,0.78590876,0.78156334,0.78754395,0.78682685,0.77387667,0.80581754,0.7834931,0.79193634,0.80542594,0.78543782,0.79103827,0.77464497,0.78646868,0.77751696,0.7864756,0.78640002,0.77990365,0.78779101,0.77387053,0.78830326,0.78061336,0.77925098,0.78905535,0.77394944,0.77673221,0.7762298,0.76986992,0.7697745,0.78932297,0.76876676,0.7695058,-1.1965064,0.57811886,1.0887914,1.0005158,1.8932993,2.0666213,2.016187,1.3708425,1.5315192,2.2902088,2.0149124,1.8549829,0.66807878,-0.13090177,-0.58970934,-0.36789507,1.036603,0.68805498,0.70938629,0.58258283,-0.94470751,0.13942534,-0.78450811,0.38787109,-0.80593055,-0.21904875,-0.14688803,0.80585057,-0.16671231,1.3710849,-0.25422338,0.46212646,-1.4894701,-0.11078517,-0.3363142,1.2710745,-1.1534944,0.88671982,0.21263514,-0.99930853,-0.043911133,-1.2350755,-0.43000978,0.59793299,1.2717922,0.73618788,-0.02255133,-1.945698,0.59955263,0.35947606,-1.1512662,1.3192992,0.10870847,-0.026977837,0.53127229,0.14118265,0.17063878,-0.76192605,0.11872616,0.89693689,-0.89028966,-1.3097079,0.037162397,0.64958739,-0.5204463,0.2515437,-0.064499833,-0.19478804,0.004378572,-0.33729258,0.27901882,0.46663538,-0.095893167,-0.80694342,-0.70090061,0.054440379,0.44191095,-1.3294955,0.72742879,-1.2870574,-0.32252461,-2.1368523,-1.4016285,-0.20780176,-0.75258899,0.11703487,-0.48541567,-0.009566188,-0.005063966,-0.53231013,-1.0514238,-0.56076807,-0.22272769,-1.3983088,-0.19332103,-0.36616457,-0.030915976,0.046368241,-0.5615949,-1.8594308,0.013331592,0.71900272,1.0581428,-0.2631616,0.50263035,0.40421015,-0.10775913,-0.56453347,-0.44491178,0.48757768,-0.86253899,-0.39050114,0.70145869,-0.6423769,-0.96231353,0.008716434,-0.80568552,-1.2139291,0.14147797,-0.63125616,0.24733835,-0.95693028,0.89154553,0.85083652,-0.14144102,-0.036736332,-1.9261365,0.45761073,-0.2125321,-0.19509295,-0.12531936,-0.71902961,-0.024144795,-0.33779377,-0.49354059,1.2925906,-1.1212789,0.29587987,0.37940899,-2.5288162,-0.07497894,0.13092873,-0.35198957,-0.63626575,-1.4093121,0.033041209,-0.12828988,0.76062024,0.38338834,-1.0471212,-0.20932816,0.23678128,0.16296835,-0.035123929,0.45092207,-0.24702083,-0.1684736,-1.5411938,-2.2648017,-0.99862337,0.42054629,0.73293734,0.23537362,-0.47720626,-0.4708963,-0.0822317,1.7450805,0.10523872,0.11653667,-0.47646844,-0.39374417,1.1025902,0.3474642,0.61126697,1.3299037,-0.27976903,-2.4965885,-0.27613112,0.52616978,-0.007714971,-0.083604038,-1.2809973,0.006554768,-2.0557408,0.33792934,-1.7411304,0.5759654,-0.14327753,-1.0521603,0.11956061,0.13849415,0.57773751,-0.25098276,-0.49434888,-2.9943836,0.27036062,-0.58761716,0.21886465,0.023582444,-0.22236094,0.7059679,0.30165732,-0.25435692,0.47116315,-2.3648663,-1.0814738,-0.27698824,0.69986975,-0.46058097,0.046673514,0.21724278,0.39108548,-0.090712905,0.35391042,0.22196624,0.71538824,-1.0753766,-0.27801588,0.75308293,0.14659913,0.054938406,-0.22715154,-0.17182545,-1.3413961,-0.52917856,0.28055835,-0.4665845,0.31311297,1.1525034,0.5392893,-0.53626019,0.37382197,-0.4574936,0.62903571,0.32682407,-0.3894203,0.13030297,2.098501,0.11592407,0.30227932,-1.3157209,-0.33967745,-2.1832201,1.296072,-1.9396088,-0.43070036,-0.013149694,-1.9966464,-0.46613818,0.39371142,-0.19656418,0.73438615,0.57137716,0.19754739,-1.9731743,1.1647632,-0.054229431,1.4318302,-0.058106307,-1.3926642,-0.11479904,-1.2561264,1.0129778,0.27381915,-1.2339791,0.15294932,-2.4891558,-1.9596349,-1.6909552,-0.19555908,0.55555511,0.71050507,0.55973083,-1.7512785,1.2568096,-1.4100811,0.027763128,0.71127838,-1.5324619,-0.21364921,0.18815142,0.41301724,-0.020974882,0.22994559,-0.39201161,0.34449464,0.090331554,0.55195999,0.054409564,-0.20194373,-1.3050869,0.74295294,1.1236256,-0.68339437,0.95173049,0.58548903,0.28865692,-0.59233713,0.45655394,0.041809112,-1.6085582,-0.84160006,0.25381449,-0.030148864,-0.03151162,0.8733688,-0.29309043,-0.82924819,-0.8529402,0.074145071,0.56499076,-0.047161356,-0.22235866,-0.64880162,0.36363778,1.3036964,-1.5532103,0.20672807,0.48334098,-0.84463215,-0.049192324,-0.4517211,-1.9417162,-2.3729496,-0.10731377,1.0842872,0.11344709,-0.32702997,1.4720092,0.027885944,0.67535222,0.55933022,-0.20325008,-1.2682045,0.41888613,0.12055589,-0.40404081,-0.45182604,0.38991749,0.27255565,1.4491785,-1.9795561,0.035342149,1.6004332,2.0811961,0.41057795,-1.5996997,-0.45841119,-1.3549882,-0.39442796,0.10313518,0.14789975,1.1301897,0.49722311,0.46631312,0.3405605,0.39501327,1.220858,0.66873485,1.535835,-1.2175887,-0.046486259,0.297506,0.1966624,-0.48917133,-0.31033987,-1.719779,0.6775738,0.24222107,-0.36335996,-0.17689505,0.045093328,0.32050431,-0.69717801,0.47002575,-0.20656808,0.76133502,-0.80927849,1.0894071,0.7776444,0.38634723,0.16319153,0.75447965,-0.13873641,-0.44422802,-1.066105,0.24445873,-0.74758422,-0.095949292,0.56208223,-0.98128593,-0.62394208,0.44147867,0.19960082,-0.99975002,-1.6320084,0.88294828,-0.71109253,-0.33210185,-1.8808076,0.20997474,-0.42489755,-1.005721,-0.66913569,1.2975159,0.25386164,-2.4163554,-1.3557533,-0.55097854,0.060231481,0.48655254,-0.23184665,0.2323599,0.57598561,0.51000726,-0.31944478,0.31032479,0.33901674,0.27738875,-0.047676031,-0.27888995,0.3370001,-1.7535013,0.072526217,0.67518842,0.090387188,0.32972619,0.66191405,1.337562,-0.618451,-1.0053964,-0.63030171,-0.28617835,-2.0541809,0.42658991,0.024291456,0.70198023,-1.1323475,-2.0844071,0.29227754,-0.75360751,0.25434259,-0.20357585,0.046284206,0.5046736,0.28128353,0.49030948,0.29303184,0.028251622,-0.57827663,-0.52591085,-2.5446577,-0.650482,-1.6720743,0.35535479,-1.5277425,0.50400686,-0.11561961,-0.48707998,0.26950327,1
0.47283107,0.2240144,0.17817524,0.4804087,0.46510625,0.48219365,0.47195438,0.45306915,0.46793956,0.45830911,0.46091503,0.45850959,0.45375425,0.44608736,0.47593027,0.45153624,0.45521417,0.48179424,0.46565577,0.44214976,0.44599044,0.45129418,0.44424415,0.44882548,0.44989341,0.44355297,0.45785019,0.44140077,0.45287943,0.4441258,0.44285536,0.44181132,0.43030891,0.43383792,0.44568396,0.42465928,0.41653371,0.44030184,0.42421597,0.43006355,-0.97635931,0.16419439,0.23592865,0.36938411,1.3201327,1.6165792,1.1513211,0.5935452,0.69549054,1.5424562,1.3489496,1.0862085,0.24849156,-0.21614814,-0.2154251,-0.44979966,0.5221687,0.31940836,0.28808296,0.24468987,-0.79628587,-0.033140745,-0.66298461,0.20955558,-0.8163231,0.060263436,-0.18232517,0.60322642,-0.008966595,1.1479139,-0.19899479,0.14246298,-1.1126304,-0.29953057,-0.13816985,0.56085879,-1.1469136,0.44017369,0.080274716,-0.86461574,-0.13696751,-0.97428775,-0.5159989,0.26786005,0.61927146,0.42701951,-0.10486385,-1.6373278,0.53401643,0.07695026,-1.0751357,0.63662291,0.078888364,0.047385488,0.53609818,0.33661175,0.22677177,-0.35643899,0.070473403,0.64301831,-0.57881761,-1.0580652,-0.043271132,0.57625598,-0.32750517,0.29244059,0.32078186,-0.11725354,-0.18054584,-0.3401297,0.23920891,0.57573771,-0.17328362,-0.20663044,-0.24716525,-0.18306217,0.13145956,-0.90979898,0.38622019,-0.95714229,-0.33587232,-1.6922772,-0.85414666,-0.17030115,-0.51235336,0.39282635,-0.34030291,0.16536006,-0.1505695,-0.20745127,-0.48420173,-0.53751302,0.027080176,-1.0742973,-0.137098,-0.099475391,0.075514495,0.36747104,-0.34746179,-1.5215669,0.40353459,0.38837117,0.80084556,-0.079261251,0.28235441,0.34892023,0.028586306,-0.22604546,-0.30097276,0.42770994,-0.46202889,-0.26306903,0.29836416,-0.28977013,-0.77354246,0.17311648,-0.48364288,-0.54790437,0.32309684,-0.38239747,-0.062950477,-0.57232261,0.54608369,0.56671757,0.057621092,0.028437341,-1.5244246,0.72935182,-0.11073619,-0.075720683,0.048692312,-0.45043838,-0.028786581,-0.10113074,-0.66810817,0.87779945,-0.50674307,0.13423875,0.23421057,-1.2789948,-0.15367195,0.27359304,-0.10144543,-0.40747595,-0.77873307,0.49585587,-0.096455216,0.273215,0.61888975,-0.75963819,-0.19347811,0.070390746,0.058734015,0.10057923,0.23329636,0.14837576,-0.29361561,-1.1357985,-1.653206,-0.68876427,0.26074666,0.62681657,0.28298247,-0.40605956,-0.25020224,0.026732996,1.3614495,-0.28847593,0.082263559,-0.32762814,-0.29354823,1.1003332,0.15715998,0.22618355,1.7114342,-0.01901421,-1.7773782,-0.087420478,0.45100725,0.012348524,-0.1530486,-0.70665401,0.077936515,-1.5050681,0.17330529,-1.2506502,0.34790021,0.098893657,-0.76575279,-0.078613952,0.28696287,0.5731979,-0.20979631,-0.34348422,-2.4581017,0.36369324,-0.76639444,-0.066193968,-0.14431648,0.18396194,0.59152776,0.19998324,-0.1052134,0.51720601,-1.5220531,-0.85600775,0.12299685,0.30425295,-0.44038534,0.16456184,0.17305881,0.21976587,-0.034112163,0.29477364,0.40910596,0.76126444,-0.97824514,-0.44268125,0.45493916,-0.13818413,0.18184695,-0.11596079,-0.1052615,-1.1516515,-0.4196054,0.18378744,-0.40721321,0.17786515,1.0754062,0.31648558,-0.44346154,0.1704942,-0.23052604,0.30668283,0.46768785,-0.43058053,0.008085486,1.4252688,0.067549996,0.23357835,-0.76669574,-0.26107624,-1.8516598,0.96239525,-1.3327603,-0.18440717,-0.13178873,-1.3019102,-0.26536107,0.23423994,0.32397118,0.63632381,0.10338697,0.29452601,-1.808076,1.0747185,0.17720537,1.0881613,0.008873808,-1.0908805,-0.012542158,-0.74102986,0.59244418,0.10180651,-0.79278886,0.25337419,-1.6963285,-1.4008884,-1.2104467,-0.33725828,0.40708014,0.570526,0.20458341,-0.99548978,0.73962468,-0.90679145,-0.085945837,0.33811337,-0.8829549,-0.050510697,-0.05815167,0.48950717,-0.06614925,0.31445003,-0.16832815,0.67047083,0.006218182,0.68861514,-0.003248943,-0.19920039,-0.80443686,0.33383891,0.7461217,-0.43776569,0.63225853,0.39306295,0.34813544,-0.61684668,0.58979738,0.22373551,-0.75652832,-0.50446129,0.048740208,0.10702968,0.2133489,0.78855258,-0.086630896,-0.49941599,-0.43860549,0.023609016,0.41948026,-0.14059101,0.060147032,-0.30970195,0.087137826,1.0883886,-1.0562208,0.093695864,0.33705205,-0.43294251,-0.015130136,-0.089588568,-1.3279115,-1.8161296,-0.008773655,0.53548622,0.006694704,-0.057238102,0.677342,0.12669715,0.39922121,0.19073106,0.055938542,-0.5615834,0.1563926,0.03451113,-0.17942807,-0.31671607,0.18444583,0.046446525,1.1358775,-1.4639941,-0.13339105,1.2865002,1.4561646,0.4187206,-1.3470343,-0.22430018,-0.60631597,-0.12496375,0.020640681,0.21772823,0.82140899,0.42692533,0.21478751,0.20995975,0.18518174,0.76230729,0.69883835,1.0530875,-1.0311146,0.017807484,0.25279707,0.10123768,-0.38242757,-0.15723395,-1.6016279,0.300385,-0.044117186,-0.24372882,-0.2810269,0.1282811,0.059508875,-0.65983957,0.33167899,-0.25999904,0.40631205,-0.078252599,0.2533105,0.8486588,0.199662,0.12061534,0.63464803,0.17896733,0.009691463,-0.80606169,0.29266173,-0.73554885,0.083726987,0.8671149,-0.92360008,-0.39960936,0.34782621,0.16909015,-0.40527779,-1.1406236,0.54467613,-0.5214566,-0.1619156,-1.7410388,0.28248689,-0.063969105,-0.74941933,-0.44394252,0.97992152,0.26484108,-1.7151943,-1.0367866,-0.35561925,0.061065778,0.46717221,-0.048533417,0.014419541,0.39400244,0.16822997,-0.10303888,0.1553006,0.34550348,0.47353756,0.014487125,-0.074748442,0.18983291,-1.3622117,-0.028696807,0.53705138,0.078496523,0.16028088,0.42045051,0.73240197,-0.4581964,-0.65389818,-0.38684282,0.3056767,-1.9001085,0.49099362,0.16571115,0.38792583,-0.6116845,-1.1870815,0.28722095,-0.57899249,-0.022698104,-0.004753409,0.052112505,0.77859002,0.019620299,0.36136061,0.32739773,-0.025613181,-0.012378365,-0.41283095,-2.0798137,-0.66483653,-0.76647216,0.007385356,-0.81298035,0.16302657,-0.12639587,-0.26947743,0.062289141,1
0.49951237,0.25914159,0.22987963,0.49597496,0.48222101,0.50573117,0.49227473,0.48172149,0.49233416,0.49255794,0.47828469,0.48275316,0.48643535,0.46099779,0.48772186,0.48163295,0.48208106,0.50544959,0.47240806,0.47077519,0.46158686,0.47971958,0.46368411,0.46715838,0.46898335,0.4746266,0.48631084,0.46585578,0.47417569,0.47162223,0.46114096,0.47125494,0.45544621,0.44930813,0.4580574,0.44478077,0.44616342,0.45924824,0.43711606,0.44786787,-0.91969931,0.20754817,0.29856378,0.39288789,1.3359071,1.6668897,1.2261088,0.65212619,0.76377213,1.5942841,1.381566,1.1333228,0.29160097,-0.18126589,-0.36163762,-0.38967407,0.59153867,0.31960747,0.31231594,0.24860339,-1.001483,0.037134666,-0.63428777,0.22231591,-0.66726512,-0.046459939,-0.197124,0.5808146,0.19826055,1.3003944,-0.18146153,0.16613016,-1.0771559,-0.2682083,-0.073302031,0.78717268,-1.0366488,0.4929443,0.18320253,-0.89034992,-0.16037787,-1.0889635,-0.54430485,0.21960244,0.76216495,0.58364022,-0.01459723,-1.6610982,0.64761531,0.087633893,-0.98074311,0.77601081,-0.068515092,0.04625586,0.47432542,0.00420174,0.18629038,-0.35034525,-0.035872892,0.55854839,-0.59718883,-1.010173,-0.012819141,0.49804342,-0.24052463,0.18808995,-0.042838462,-0.17508279,-0.064558558,-0.27050447,0.38187331,0.6569882,-0.18404633,-0.23112005,-0.31130826,0.050657243,0.3990261,-0.98307675,0.37920386,-0.92405617,-0.35505483,-1.7019757,-0.81950998,-0.089528672,-0.60221672,0.38129383,-0.38882723,0.12749715,-0.13035913,-0.12433425,-0.80478132,-0.53326249,0.15639994,-1.0483661,-0.14338906,-0.011551052,0.1290817,0.20788562,-0.44375098,-1.5246173,0.52224422,0.45038491,0.79099101,-0.12967017,0.4757809,0.39277762,0.019787811,-0.36712223,-0.27220592,0.30356804,-0.37749353,-0.070781067,0.36154744,-0.19602582,-0.76528317,0.13622366,-0.48583549,-0.40987539,0.28042758,-0.37386602,0.008572374,-0.72833467,0.69784278,0.67386597,0.014043644,0.15074417,-1.5568869,0.58201253,-0.014097266,-0.16058195,-0.078649655,-0.5235585,0.081423439,-0.12543349,-0.63147569,0.9856773,-0.53703517,0.13855189,0.35856485,-1.5382588,-0.13741456,0.31939411,-0.012741674,-0.45020622,-0.83013201,0.48518968,0.041598201,0.37975711,0.71235776,-0.71510446,-0.12865205,-0.023947198,0.096994162,0.24859956,0.20438784,0.1070285,-0.17698398,-1.1845622,-1.5874702,-0.70801252,0.18889146,0.70170861,0.34673977,-0.3821522,-0.33503914,0.1195227,1.2264607,0.15116067,0.11595224,-0.26366878,-0.26320329,0.94751358,0.059773706,0.19132838,0.88031662,-0.078973338,-1.8452786,-0.10178287,0.5002405,-0.12188499,-0.2023561,-0.71382695,0.13552965,-1.3692079,0.13090506,-1.0754945,0.39502153,0.15457349,-0.77256811,0.076950997,0.15447582,0.47234285,-0.11361228,-0.14971074,-2.4120302,0.28657198,-0.64264768,-0.08963263,0.089172617,0.15079513,0.56078166,0.13203566,-0.17331192,0.56787217,-1.4003584,-0.73584193,-0.46625099,0.45325312,-0.40988314,0.13798723,0.1866172,0.41257173,0.020476673,0.32281598,0.48473853,0.6962738,-0.83058727,-0.36351475,0.67047381,-0.092745714,0.23212463,-0.06587784,-0.24359375,-1.1799303,-0.44162861,0.072211601,-0.31948844,0.38182664,1.0967311,0.37997961,-0.4529345,0.22156182,-0.33632579,0.61992019,0.53254944,-0.39295807,0.075700022,1.5010785,0.14434673,0.30967727,-0.7167393,-0.19445802,-1.8289784,1.021853,-1.2276253,-0.23323989,-0.088348404,-1.394467,-0.22306605,0.15108924,-0.10825433,0.77277058,0.55384755,0.28713918,-1.7460167,0.88185608,0.18521996,1.0997987,-0.060049027,-1.0616963,-0.082301296,-0.84963822,0.55187279,0.30001265,-0.82127357,0.41118219,-1.6379719,-1.4239032,-1.2555296,-0.35519463,0.38517666,0.33731079,0.20629606,-0.89661604,0.68976104,-0.97036272,-0.068894058,0.39732745,-0.95736945,-0.030241519,0.015383678,0.48920414,-0.12575659,0.33705524,-0.13956502,0.36256456,0.042367987,0.68347979,0.040501148,-0.12715825,-0.69516444,0.38481036,0.96511173,-0.44738564,0.56067938,0.49857846,0.61668307,-0.6157167,0.67199838,0.2923274,-0.86361736,-0.61177433,0.032579549,0.067255564,0.16849902,0.77419323,-0.24234939,-0.56759024,-0.49041229,-0.002820004,0.65091896,-0.2621102,0.060084388,-0.38093147,0.080467157,1.0955117,-1.0245485,0.12446174,0.29474318,-0.5673238,-0.045605183,0.17358717,-1.3693838,-1.7906573,-0.095752321,0.57289362,0.056542873,-0.18814297,0.81983197,0.12641169,0.52402365,0.22324094,-0.08034756,-0.49320599,0.18638106,0.032122277,-0.15566324,-0.42057744,0.2098709,0.15098701,1.1217593,-1.4217043,-0.21385489,1.4385655,1.5024819,0.3313621,-1.1868577,-0.17877188,-0.33721322,-0.14807865,0.019931249,0.31609386,0.76380807,0.46551529,0.36236119,0.18862872,0.19191784,0.68909734,0.69310945,0.96267819,-0.76374596,0.16545695,0.33252943,0.11733138,-0.32941508,-0.18672729,-1.5279492,0.3192862,-0.036731254,-0.3518413,-0.24036266,0.51680303,0.15998939,-0.58324295,0.28594857,-0.24481662,0.33998987,-0.11879159,0.61060619,0.99797666,0.28359056,0.098666482,0.61226428,-0.061942551,0.049730998,-0.93023509,0.27153587,-0.68313539,-0.11209491,0.71220279,-0.75368249,-0.48551977,0.46747938,0.3426981,-0.46622571,-1.1325781,0.52472824,-0.53358448,0.014919393,-1.6440653,0.31511858,-0.26792282,-0.80628955,-0.43078887,0.94917744,0.36199921,-1.8099072,-0.98878372,-0.37211162,0.016996492,0.32983512,-0.029143892,0.082929552,0.46921518,0.24053818,-0.13049166,0.25944108,0.38596982,0.36713153,0.095141098,-0.059613153,0.23757945,-1.3680286,-0.037944347,0.31476685,0.079340979,0.16583842,0.63471323,0.88932717,-0.34810972,-0.83041376,-0.42039618,0.072825998,-1.8677136,0.32811952,0.23700298,0.36341286,-0.54066354,-1.1949296,0.23056132,-0.45570108,0.15463226,0.008182719,-0.026493557,0.41714698,-0.002542324,0.31376639,0.32652554,-0.006562561,-0.11801259,-0.41173789,-2.1059599,-0.63907999,-0.7910552,0.083423942,-0.74808955,0.039154857,-0.1617291,-0.26738113,0.064107671,1
0.62634939,0.38128021,0.34048975,0.60018212,0.58508122,0.60776311,0.59014684,0.57919705,0.58914906,0.59267449,0.5795002,0.58890277,0.58865416,0.57383078,0.6017195,0.58586818,0.58841968,0.6020577,0.58754563,0.57729948,0.57284927,0.58870393,0.57857865,0.57989413,0.5841434,0.57582021,0.58352852,0.57699734,0.57841223,0.58110213,0.57058388,0.58329707,0.56706297,0.56607693,0.572559,0.56701863,0.55786699,0.56865031,0.55856395,0.56562209,-1.029202,0.32448825,0.48366439,0.50536269,1.3911422,1.8153619,1.3843353,0.791085,0.92033833,1.7254696,1.4969666,1.2810636,0.48435059,-0.19483082,-0.4375239,-0.41649258,0.81448483,0.50183254,0.45964777,0.39041704,-0.93751681,0.046327684,-0.74912983,0.34058943,-0.88549882,-0.11251202,-0.319076,0.64813602,0.12256947,1.4369422,-0.21660748,0.26840785,-1.3040752,-0.26870251,-0.22406615,1.0760732,-1.2550693,0.65856838,0.11375498,-1.0187835,-0.10163911,-1.3094964,-0.68669009,0.49037915,0.99547327,0.6025176,-0.062891111,-1.8711203,0.61671054,0.14312346,-1.2198825,0.66966712,0.008993689,0.061877906,0.53846389,0.15079533,0.30817613,-0.28266591,0.17837527,0.6926921,-0.75949109,-1.1337106,-0.021947064,0.64759588,-0.4408673,0.1250411,0.040377472,-0.20764396,-0.11943758,-0.32951757,0.3827453,0.70948631,-0.16110627,-0.41481614,-0.43168378,0.20083165,0.37665135,-1.1049274,0.42122665,-1.2050529,-0.37024155,-1.9557734,-0.95971143,-0.11715005,-0.72340095,0.33644485,-0.4172639,0.11689135,-0.098317891,-0.14422651,-0.91315007,-0.70258617,0.11584063,-1.1311913,-0.19572684,-0.034008339,0.065282427,0.17742467,-0.42147687,-1.6418281,0.33724043,0.58084881,0.83855069,-0.17101216,0.47496161,0.40545949,0.050435826,-0.45159703,-0.48003295,0.24966115,-0.59477746,-0.28129047,0.51831269,-0.35824838,-0.82559556,0.14832756,-0.5711292,-0.45550939,0.31778145,-0.31402561,0.084521115,-0.80988848,0.78928113,0.69909787,0.20780009,-0.055786803,-1.8021474,0.60930282,0.039739579,-0.25984192,-0.12216198,-0.57468235,-0.00306514,-0.17472129,-0.7891618,0.99875796,-0.90708834,0.22121508,0.41079366,-1.6175429,-0.16932338,0.2782926,-0.18637668,-0.42552483,-0.98553795,0.44497064,-0.078579456,0.23666517,0.81724942,-0.84560925,-0.31966025,0.1146255,-0.032351684,0.21770386,0.45638707,0.078385897,-0.27689308,-1.3654325,-2.0559068,-0.85473442,0.26582718,0.74125946,0.32364005,-0.53361201,-0.33811659,0.020379186,1.3876096,-0.14825508,0.097231127,-0.14710864,-0.25036693,1.0716103,0.21560203,0.38839936,1.5040146,-0.15796119,-2.4329054,-0.16996297,0.42415375,0.006291345,-0.27345711,-0.72080487,0.086245187,-1.4995167,0.19419162,-1.1308229,0.29617333,0.2143198,-0.96663666,0.11618194,0.1475317,0.52121592,-0.19513477,-0.37379938,-2.6863387,0.36125964,-0.68592572,-0.001803592,-0.004627749,0.073994346,0.63919598,0.13858634,-0.21115632,0.72535217,-1.5560905,-0.85710526,-0.32120425,0.47300813,-0.46797296,0.15375608,0.019596502,0.34234399,-0.024617851,0.40273604,0.50534308,0.77600074,-1.0854106,-0.35753107,0.44618192,-0.10790737,0.20542061,-0.1982007,-0.29162613,-1.3942661,-0.5027293,0.18610945,-0.39768919,0.25717199,1.0294513,0.4045614,-0.52744257,0.23742628,-0.35829607,0.60982072,0.47189766,-0.51595974,0.044070814,1.7281656,0.11679994,0.33242592,-1.0489278,-0.2710613,-2.0274858,1.1163855,-1.2781761,-0.15068465,-0.070749402,-1.5707453,-0.32019442,0.22178109,0.12058164,0.67660373,0.4767445,0.42353714,-1.9556024,1.0055742,0.16782379,1.0800776,-0.028212812,-1.2872782,-0.091391221,-1.0508792,0.71280497,-0.007716745,-0.91872734,0.29747948,-1.780367,-1.459445,-1.3769886,-0.46970028,0.50353736,0.46936899,0.3387616,-1.0627875,0.95212466,-1.0499132,-0.17507678,0.38281202,-1.2283792,-0.12193762,0.071019292,0.47888923,0.032501016,0.29699108,-0.21127194,0.4853341,0.050105758,0.64750999,0.027222104,-0.12810005,-0.79093701,0.57332373,1.0968405,-0.58162075,0.76575303,0.59590554,0.47065321,-0.70509768,0.4865039,0.33587182,-0.84279537,-0.71969968,0.11051954,0.063591771,0.10289561,0.77606654,-0.27665102,-0.56703061,-0.61276674,-0.081584968,0.60667318,-0.16431728,-0.057481818,-0.43667546,0.2421345,1.0514078,-1.0893459,0.13267148,0.42738816,-0.69472206,-0.048854381,-0.40974799,-1.4521908,-2.156291,-0.22330362,0.81977952,0.047935531,-0.18154551,0.74525976,0.18846028,0.57210696,0.36645901,-0.096229576,-0.54625827,0.21831995,0.062288098,-0.26882637,-0.57011586,0.29482707,0.20076598,1.2544287,-1.782565,-0.04708001,1.582954,1.8048941,0.41516852,-1.5682051,-0.30167037,-0.52635598,-0.28640375,-0.076538935,0.25636211,0.83741558,0.74268413,0.44533622,0.11426473,0.20462477,0.87535644,0.71945834,1.0612159,-1.1031493,0.24469571,0.15760875,0.26033181,-0.470119,-0.17288125,-1.7586071,0.47142059,0.077731609,-0.37729031,-0.12667361,0.19565178,0.23751204,-0.71075308,0.29250723,-0.36847985,0.39789036,-0.067245431,0.1796518,1.0540768,0.37950876,0.14214787,0.7151823,-0.039541345,-0.010641246,-0.95905274,0.29393032,-0.85002124,0.004441977,0.79847848,-0.89940459,-0.51296735,0.58418775,0.35467607,-0.48443604,-1.2275072,0.53050154,-0.64191407,0.09724322,-1.8815787,0.33682778,-0.28188837,-0.75524151,-0.52526301,1.0000015,0.29860979,-1.9248337,-1.136242,-0.47961175,0.018032053,0.2901015,-0.092305705,0.11035986,0.44871891,0.33001667,-0.18657419,0.21883307,0.38495457,0.31395549,0.007644035,-0.16572586,0.30359793,-1.6723143,-0.041443143,0.37157357,0.12471295,0.26563519,0.62946618,1.1188009,-0.41255641,-0.97056699,-0.48504353,0.21285319,-2.1147399,0.4695518,0.4468686,0.49782166,-0.72866315,-1.2526886,0.37244457,-0.61472154,0.15949014,-0.13160852,0.19915852,0.50831354,0.12012074,0.39963794,0.27758074,0.062345944,-0.13795893,-0.38718748,-2.3354323,-0.72320938,-0.81648219,0.1332967,-0.88409996,0.22882588,-0.24976894,-0.23953904,0.091141582,1
0.60338354,0.35343227,0.31021175,0.59282631,0.5753721,0.60405254,0.5819037,0.57553077,0.58011127,0.57908541,0.57495964,0.57334542,0.57108092,0.56092739,0.58921319,0.57285506,0.57920074,0.60161674,0.5772897,0.56709504,0.55704784,0.5735932,0.56642461,0.57363045,0.57374573,0.56658584,0.57419002,0.5620234,0.57580149,0.56045151,0.5645119,0.56905305,0.56008136,0.55747849,0.55878055,0.54578483,0.54665959,0.5639739,0.53598607,0.54708815,-0.99964261,0.29339677,0.40824968,0.46098548,1.3908224,1.7420363,1.3158512,0.73964828,0.86158699,1.6749959,1.4701614,1.2222308,0.39296871,-0.19862977,-0.52210641,-0.37730941,0.6527549,0.40270728,0.38317668,0.31815991,-0.58683336,0.091794282,-0.71692747,0.33511996,-0.9155308,0.081684634,-0.24087659,0.6990205,0.20126513,1.2748059,-0.20159651,0.21466565,-1.1962445,-0.28321457,-0.22617131,0.76228344,-1.2760315,0.53393316,0.029781595,-0.98872125,-0.15696174,-1.2373464,-0.59716398,0.29690981,0.83520448,0.60776764,-0.047457624,-1.7584147,0.44927925,0.15778482,-1.1049114,0.65735739,-0.022607476,0.1180815,0.55799991,-0.067166574,0.38776338,-0.25569251,-0.006030288,0.60667121,-0.82538962,-1.1028579,0.047193509,0.60999995,-0.43031341,0.38217875,0.31145376,-0.13449439,-0.1114179,-0.31959319,0.49679089,0.4869076,-0.19747721,-0.4495326,-0.42170489,0.14368239,0.13487047,-1.1341735,0.31821707,-1.0499907,-0.36614788,-1.8090161,-0.75400966,-0.1319534,-0.58940244,0.37998402,-0.39521727,0.11684012,-0.14443225,0.022937655,-0.75081939,-0.73772037,-0.080035329,-1.0559891,-0.21733545,-0.10567196,0.005396769,0.34231991,-0.40949476,-1.5442296,0.26524103,0.54444271,0.85594994,-0.18013191,0.4597463,0.35734877,0.07199236,-0.41168362,-0.49681479,0.28686669,-0.68098748,-0.12794431,0.39305437,-0.22886333,-0.80067742,0.15861087,-0.52401328,-0.49804705,0.31060448,-0.38741893,-0.017019341,-0.91369748,0.92484021,0.66983992,0.15166426,-0.11102457,-1.7089851,0.37115011,0.004725829,-0.18276495,-0.042587597,-0.52085429,0.11316184,-0.16456202,-0.73123324,0.98324835,-0.67630494,0.10297231,0.34645045,-1.5711305,-0.3062582,0.27778184,-0.18425739,-0.37266737,-0.90934348,0.41609302,-0.044285595,0.44498175,0.91459143,-0.82615471,-0.16044429,0.10089445,0.094689645,0.2237522,0.49223,0.10223097,-0.16058867,-1.2657186,-1.8916762,-0.81573498,0.23197854,0.65659916,0.26244551,-0.39713418,-0.37746045,0.10013335,1.5314685,-0.19234064,0.13047293,-0.18900308,-0.21120086,0.93031734,0.20264918,0.30337858,0.87291658,-0.12989615,-2.3226171,-0.15590534,0.3761656,0.044985812,-0.047021389,-0.5771175,0.03246475,-1.4307377,0.14344913,-1.2869236,0.084941268,0.26190457,-0.90582937,-0.030158339,0.082153112,0.49258089,-0.23576121,-0.36582381,-2.5063825,0.20037152,-0.8598938,-0.061182022,0.16882753,-0.068839952,0.59305167,0.12350671,-0.23643064,0.46258295,-1.364337,-0.88141149,-0.30012125,0.46242493,-0.47984779,0.11688185,0.027171388,0.32754323,0.089765117,0.45342654,0.45689103,0.77417541,-1.0574043,-0.39354515,0.55705428,0.048173115,0.21617767,-0.012509665,-0.20587823,-1.3194163,-0.42465502,0.1319087,-0.55092531,0.30396432,0.91966569,0.38928929,-0.55678535,0.21115971,-0.44499922,0.64907604,0.46301737,-0.48165643,0.10797118,1.926522,0.11264844,0.16683933,-0.69854677,-0.26633614,-1.9059998,1.0440848,-1.1015619,-0.14929429,-0.17292337,-1.4847724,-0.50199932,0.23606579,0.14329122,0.6253956,0.66583657,0.1314362,-1.8568152,1.0351441,0.31065014,1.0538912,0.023640769,-1.30954,-0.054446969,-0.95159638,0.63180554,0.14961155,-0.92498326,0.17232446,-1.6386464,-1.5202484,-1.3331016,-0.40720198,0.53008389,0.37203312,0.26675454,-0.94053149,0.77763957,-0.9644835,-0.15025994,0.36347336,-1.0289501,-0.10412208,0.01380737,0.44875854,0.15520936,0.28659695,-0.17589372,0.66948628,0.020401251,0.61498475,-0.015964355,-0.10507208,-0.8458569,0.45763472,1.1419742,-0.5922485,0.75011086,0.44599104,0.53798014,-0.66334414,0.45421338,0.084679723,-0.82931364,-0.57855296,0.061080866,-0.094502971,0.060287803,0.68659532,-0.22103029,-0.59303534,-0.59230489,-0.026430443,0.49844068,-0.15339765,0.075103194,-0.32899636,0.19871268,0.99912524,-1.0246276,0.12825215,0.29634249,-0.57267004,-0.033595309,-0.41263711,-1.1842978,-1.9629334,-0.25221801,0.65999973,0.16260429,-0.046842396,0.70980138,0.19902788,0.45213914,0.29284891,0.083043039,-0.50726283,0.23003791,0.10319549,-0.21488591,-0.58628601,0.29099956,0.16547091,1.305591,-1.7125639,-0.16894265,1.4474002,1.77666,0.47547883,-1.5550902,-0.19412278,-0.34892017,-0.25493151,-0.07631439,0.28318146,0.82614827,0.71735162,0.52038437,0.16717829,0.19410013,0.9858408,0.69618994,0.84301925,-1.009351,0.21375239,0.12618741,0.17176478,-0.38506296,-0.11886342,-1.6302973,0.37449434,0.1133417,-0.36289757,-0.17992365,0.11491975,0.14297228,-0.70150918,0.22121093,-0.27976966,0.10244575,-0.003713653,0.26658481,0.98707247,0.30920845,0.11556069,0.70809346,-0.26117033,0.047364578,-0.9014343,0.30472821,-0.85865039,-0.067895919,0.66057855,-0.95940739,-0.32347512,0.5295164,0.3018983,-0.50316489,-1.2203175,0.52442932,-0.67399305,0.2307757,-1.8590567,0.35463044,-0.3271383,-0.50692677,-0.57465941,1.0331197,0.40573871,-1.9554129,-1.2794701,-0.42240876,0.019183027,0.3141768,-0.076743975,0.099122435,0.2396201,0.27940771,-0.12926933,0.19606005,0.32908919,0.29290292,0.099540442,-0.10208998,0.26134533,-1.5370066,0.12903075,0.23909675,0.022154676,0.29074132,0.72404778,0.91295099,-0.39226732,-0.92781377,-0.47506636,0.040812649,-2.0438452,0.51268291,0.30856228,0.51286566,-0.7780171,-1.2589962,0.27950799,-0.58251059,0.20899263,-0.11400356,0.025287576,0.50469393,0.090659931,0.34818277,0.21610515,0.051050708,-0.001928285,-0.28607541,-2.2342906,-0.67977804,-0.82645071,0.016659867,-0.86034107,0.44058293,-0.18686707,-0.21258572,0.17501584,1
0.53044361,0.28254944,0.25132614,0.51380801,0.50231254,0.52194089,0.50909531,0.49311763,0.50188732,0.50165677,0.49768373,0.50305879,0.4934296,0.47629791,0.51511341,0.49348062,0.49845612,0.52293706,0.49478537,0.48372412,0.4854151,0.4918479,0.48896444,0.49511081,0.49685413,0.48347726,0.48590994,0.47586954,0.49455553,0.48452979,0.48759305,0.48576337,0.48074734,0.46718243,0.47936156,0.47202492,0.46713328,0.48183024,0.46910781,0.47111303,-1.0066252,0.23060596,0.38128072,0.45267615,1.355216,1.73006,1.2747464,0.70972008,0.82947326,1.6482875,1.4248477,1.1979297,0.42957491,-0.21182038,-0.41858324,-0.31663412,0.69064969,0.43390518,0.38414839,0.35367286,-0.9736923,0.023875095,-0.73949891,0.4597533,-0.73781163,-0.082695037,-0.18435007,0.6879651,0.10716492,1.2857988,-0.16741039,0.22518881,-1.2245388,-0.27971095,-0.15168124,0.85616946,-1.2386963,0.59654027,0.10431798,-0.95577151,-0.12714367,-1.2920183,-0.58077914,0.36439794,0.80591184,0.76329774,-0.066948183,-1.7143378,0.64714819,0.13638896,-1.1108381,0.58408499,0.01513635,0.24874264,0.47557592,-0.063489184,0.3908394,-0.16981199,0.046608411,0.63814032,-0.58915645,-1.038952,0.035049014,0.52864492,-0.35253137,0.34610021,0.026929343,-0.19138829,-0.15472364,-0.26004091,0.43989459,0.47696367,-0.17121954,-0.21564418,-0.31058422,-0.19662955,0.38882667,-1.1466806,0.36948583,-1.0255771,-0.36686093,-1.843954,-0.78165764,-0.1268881,-0.63050699,0.26634043,-0.37050673,0.010756634,-0.062762171,-0.068726152,-0.7311182,-0.71009254,0.46021643,-1.0823979,-0.28706649,-0.006980881,0.046487384,0.15318069,-0.41942334,-1.6395479,0.78773391,0.52826273,0.82422459,-0.19519663,0.48380533,0.39163136,0.039505254,0.1900733,-0.33546215,0.23946701,-0.67442131,0.009039819,0.45419958,-0.21709615,-0.7933684,0.19733778,-0.44160852,-0.372576,0.26659122,-0.38092649,0.061144255,-0.83876973,0.84867954,0.76738268,0.17956665,-0.025656819,-1.6937807,0.4417038,0.041521341,-0.21812093,-0.031026753,-0.52839714,0.095634937,-0.16747966,-0.70420623,1.0171115,-0.59731382,0.16278183,0.44697368,-1.4639771,-0.17849843,0.15441929,-0.18251389,-0.29889601,-0.85067785,0.32248735,-0.12630776,0.13771449,0.85485005,-0.89117646,-0.23558052,0.079461843,-0.002145182,0.12756331,0.29643047,0.11084627,-0.15531275,-1.2274883,-1.8838439,-0.73273879,0.27020997,0.68819535,0.29308984,-0.35572082,-0.383268,0.021131352,1.3101561,-0.080793768,0.10473068,-0.089108646,-0.18641222,0.87502176,0.16954359,0.29270458,1.121279,-0.1363821,-2.2579181,-0.11330909,0.55079383,0.007422512,-0.06984663,-0.62929124,-0.015455097,-1.4199798,0.1890994,-1.2327487,0.052905828,0.27972901,-0.93506134,0.073450357,0.30505663,0.46029982,-0.1656037,-0.12732737,-2.4153118,0.21120128,-0.77447701,-0.045029163,0.066627666,0.10018999,0.52029145,0.19883761,-0.21918431,0.49022058,-1.3745252,-0.86160374,-0.37649971,0.5519402,-0.38410446,0.12752926,0.11049689,0.31456929,-0.074029878,0.46951088,0.45197177,0.78410876,-0.92460978,-0.38367483,0.65784061,-0.043760091,0.18245676,0.005629953,-0.29015541,-1.3298728,-0.46155351,0.16512907,-0.49620157,0.50719416,0.98719281,0.30342174,-0.5120095,0.1800264,-0.42716789,0.70653355,0.44406077,-0.40186805,0.19806117,1.7546017,0.16049302,0.23131196,-0.91298294,-0.16467927,-1.8468176,0.97955066,-1.3132055,-0.095925778,-0.11941974,-1.3520339,-0.3990266,0.13330284,0.033664271,0.49816567,0.6977064,0.31859517,-1.7950473,0.9177168,0.2204006,1.1150744,0.028498149,-1.3758612,-0.083980136,-1.0100088,0.5839833,0.48405313,-0.98200774,0.27078652,-1.6440942,-1.2868217,-1.4024507,-0.36783022,0.43597183,0.64880347,0.25881514,-0.94284815,0.8642509,-0.98698092,-0.19130571,0.29098657,-1.1162131,-0.05767069,0.027610444,0.37595248,0.19166842,0.32437092,-0.13335603,0.53071988,0.020499121,0.43774039,0.020704187,-0.14614287,-0.81611758,0.49880323,1.14573,-0.54796994,0.59837782,0.53638422,0.4073382,-0.72199541,0.60584521,0.24086863,-0.84941429,-0.67931437,0.079152651,0.04069224,0.07398878,0.82629097,-0.20876616,-0.4826566,-0.57239568,-0.036460012,0.57590091,-0.15917954,0.038217857,-0.39569843,0.18119596,1.0754991,-0.90904582,0.076597199,0.39936259,-0.54746872,-0.059759267,-0.042744167,-1.2708601,-1.8866169,-0.2726492,0.67525142,0.059131578,-0.058205351,0.63652527,0.13220802,0.56891787,0.29627204,-0.047125712,-0.57548708,0.22924882,0.11426988,-0.201424,-0.32159227,0.29675895,0.20275083,1.3326248,-1.6568147,-0.028946366,1.3649057,1.712684,0.44617271,-1.4029198,-0.27307364,-0.4955501,-0.30585551,0.037417807,0.21463716,0.79836857,0.62678689,0.57791662,0.18721595,0.13956194,0.86982417,0.65609455,0.97572839,-1.0821182,0.36478508,0.23404697,0.079550117,-0.35551372,-0.16178942,-1.5566684,0.38040891,0.030250043,-0.29875347,0.23780973,0.31719875,0.1378604,-0.73994893,0.18465462,-0.30738854,0.30662593,0.002003186,0.60245121,0.97831345,0.32791746,0.13963087,0.65838224,-0.17331031,0.1636565,-0.90329289,0.27587792,-0.77230155,-0.13177389,0.73157042,-0.74890947,-0.31599313,0.55111176,0.45314083,-0.55318856,-1.157787,0.60293239,-0.66906649,0.038088776,-1.7693698,0.30493745,-0.35393715,-0.78039324,-0.40745202,1.0876935,0.45588291,-1.78579,-1.2028921,-0.43879163,0.030146405,0.36460966,-0.16050535,0.038450658,0.41184461,0.28931788,-0.18431479,0.21453224,0.34283212,0.27319443,-0.047436282,-0.21605439,0.33168483,-1.5859253,0.029036809,0.32719025,0.1319132,0.21238716,0.65718943,0.95458478,-0.37482846,-0.96752679,-0.39866328,0.12503412,-1.8887883,0.42542228,0.3644284,0.41589794,-0.74968565,-1.3092589,0.41685206,-0.50892794,0.069874108,-0.06340351,-0.017948937,0.41285092,0.11031913,0.39620259,0.16374594,0.086473465,-0.16994371,-0.31611168,-2.1755297,-0.58594555,-0.85330594,0.11304221,-0.9140746,0.055408493,-0.030894101,-0.261648,0.11844729,1
0.48201653,0.23588507,0.20080568,0.49289748,0.47708353,0.50762486,0.48427755,0.47005373,0.47840112,0.48088449,0.47121,0.4770695,0.47004855,0.45348123,0.48606125,0.4663406,0.47084463,0.48917711,0.47180539,0.44939297,0.45263726,0.46531612,0.46149957,0.45310637,0.46528503,0.45620805,0.47306824,0.46604323,0.46055049,0.4583419,0.45634902,0.45748904,0.44712323,0.4419449,0.45243225,0.43167436,0.42556724,0.44261482,0.42884517,0.44489926,-0.83128136,0.18841308,0.094147384,0.28471342,1.2005194,1.5181537,1.007129,0.46422487,0.54805553,1.3959191,1.2232425,0.93475258,0.26976031,-0.16245088,-0.34249967,-0.24495234,0.46843588,0.26395807,0.26494414,0.23251066,-0.6213842,0.071573853,-0.51318353,0.19289368,-0.82276076,-0.001861826,-0.2293448,0.60923558,0.18264014,0.90205109,-0.16328666,0.13595796,-0.92648387,-0.2309497,-0.20785895,0.44974428,-1.0979524,0.4441331,-0.041912019,-0.75178075,-0.14790469,-0.9425512,-0.39998296,0.4737044,0.53667849,0.41445929,-0.059998117,-1.3762454,0.33394575,0.11417037,-0.80771405,0.69673026,-0.030263774,0.051061966,0.33378828,0.063428059,0.10834077,-0.29064608,0.041889347,0.45634344,-0.65764427,-0.92005366,-0.015406489,0.55101895,-0.2189711,0.085294515,0.21711737,-0.086405262,-0.15799017,-0.26907983,0.10760427,0.54054487,-0.16576545,-0.25337937,-0.20565328,0.35865152,0.12154619,-0.956725,0.35828194,-0.90568137,-0.27571216,-1.4802762,-0.66288871,-0.17323697,-0.40143251,0.36542895,-0.29819813,0.15688914,-0.14024647,-0.17297162,-0.60514516,-0.35237607,-0.25243652,-0.91611952,-0.065178692,-0.096604697,-0.054611176,0.27975664,-0.37392643,-1.4326044,0.002289444,0.37032396,0.8030647,-0.15256083,0.34212285,0.35393831,0.015552357,-0.18789367,-0.43958148,0.31971148,-0.54328257,-0.18876463,0.28703654,-0.23048432,-0.67590827,0.14207803,-0.53432971,-0.38460171,0.38654411,-0.48563308,-0.039336514,-0.60103697,0.67798036,0.62911165,0.048127402,-0.007203277,-1.3496381,0.58722061,-0.12585105,-0.12355442,-0.023514099,-0.37391615,-0.008186418,-0.070228249,-0.55042446,0.96326029,-0.59986609,0.14535189,0.26727989,-1.4453554,-0.16569044,0.20934476,-0.11821271,-0.29939786,-0.76553476,0.34288496,-0.11000395,0.40864748,0.82490498,-0.59212601,-0.14721608,0.040070344,0.049912576,0.092934385,0.26864737,0.10857347,-0.29483879,-1.0313426,-1.5725328,-0.75661045,0.24278319,0.85211003,0.30319709,-0.31611663,-0.36679298,0.080985487,1.5339416,0.11052419,0.18701233,-0.20234628,-0.25237545,0.8957001,0.1667307,0.22015341,1.4618998,-0.088286981,-1.6944712,-0.069955483,0.3744615,0.012764107,0.003685053,-0.57699287,0.10207219,-1.3110268,0.11021011,-1.0023582,0.15766232,0.10406899,-0.70216352,-0.006019719,0.16519815,0.54571384,-0.28033662,-0.42070231,-2.1278155,0.24725381,-0.5183621,-0.009872746,-0.050406642,-0.031319246,0.50930989,0.066113994,-0.11447039,0.54484117,-1.331905,-0.80795681,-0.19495654,0.30227599,-0.51110566,0.097284861,-0.01310581,0.18388046,0.082065247,0.23824298,0.36734051,0.71656102,-0.75355512,-0.36737329,0.28318879,-0.16945046,0.21205786,-0.24362721,-0.088019907,-0.98089874,-0.30018184,0.09956044,-0.19303474,0.10206205,0.91912645,0.27682102,-0.43412954,0.1003944,-0.24419945,0.39975387,0.3799369,-0.33493498,0.15289512,1.7391043,0.087153457,0.13533643,-0.76490211,-0.15241975,-1.6034027,0.90565717,-0.9217906,-0.255606,-0.16359873,-0.99935365,-0.34991491,0.40191132,0.14606988,0.47596577,0.32414883,0.19571885,-1.6099312,0.89533901,0.061032735,0.80384463,0.13557583,-0.95760322,-0.081660494,-0.8490622,0.5357638,0.21748906,-0.82156867,0.13628921,-1.5446839,-1.2152667,-1.0936034,-0.26527977,0.41376883,0.55634916,0.2020046,-0.87934959,0.64344937,-0.84378654,-0.008287951,0.43015951,-0.8754217,-0.10298165,0.029488616,0.46083471,-0.10898283,0.24913499,-0.24738465,0.56758922,-0.000920519,0.48911336,-0.074219331,-0.042813405,-0.71806169,0.31884339,0.68741786,-0.42354903,0.44239944,0.34156874,0.45034823,-0.51623803,0.38257617,0.24568215,-0.72587246,-0.54582566,0.1652599,0.029061064,0.11826007,0.53458637,-0.003486216,-0.4726969,-0.50807065,0.003760554,0.33977479,-0.10962474,-0.05456908,-0.25913766,0.10068063,0.87722433,-1.0611968,0.093259707,0.20924383,-0.44023794,-0.028756253,-0.18917282,-1.0405433,-1.6129169,-0.051007994,0.53616917,0.12182274,0.012896836,0.52841312,0.34245768,0.3648223,0.17343003,0.038273469,-0.48289907,0.11413971,0.062029947,-0.17086916,-0.35412157,0.19880712,0.1345557,1.1303819,-1.3154392,-0.14478159,1.3429773,1.586205,0.31426004,-1.1683328,-0.096403852,-0.44646999,-0.10507618,-0.044448394,0.24234375,0.7601645,0.5066762,0.60307837,0.12875858,0.1650628,0.61550945,0.59616035,0.88015831,-0.85804892,-0.087513536,0.31079763,0.03855931,-0.36253926,-0.19927263,-1.4131545,0.23474102,0.009565659,-0.17899382,-0.013336964,0.19919538,0.13588393,-0.26920041,0.16029224,-0.25770241,0.13827907,-0.11137867,0.30727205,1.0599654,0.33668658,0.12052733,0.6132797,-0.29058504,-0.15957698,-0.76491678,0.34849459,-0.69339216,-0.10106392,0.66389066,-0.86460626,-0.27575472,0.24798211,0.12271652,-0.47134152,-1.0177109,0.42057234,-0.66872346,-0.008102501,-1.5569557,0.30428711,-0.20387065,-0.4667272,-0.48430443,0.91130036,0.2402523,-1.5415443,-0.97395164,-0.31470683,0.018037762,0.29591578,0.071716823,0.12353594,0.3035104,0.17172387,-0.10417271,0.11718877,0.2979154,0.2919369,0.21855831,0.15716229,0.18959512,-1.2266347,-0.038475547,0.2789703,0.069510244,0.1798452,0.47882995,0.93391365,-0.35863703,-0.74660623,-0.41412434,-0.003616653,-1.6195949,0.38995191,0.071154267,0.34948745,-0.53618193,-1.1606451,0.33106515,-0.46424061,0.20872806,-0.077743836,-0.080902793,0.58809513,0.075744845,0.27053311,0.29988942,0.015450568,-0.16427505,-0.31959432,-1.8386745,-0.49463886,-0.66878271,-0.017328948,-0.80735511,0.23424453,-0.081158899,-0.21577722,0.077366725,1
0.58256865,0.33249232,0.29136056,0.56509161,0.54374927,0.57532954,0.5640431,0.53965312,0.55821919,0.54969823,0.54872763,0.54601973,0.55282235,0.53115225,0.56323129,0.54805624,0.55428922,0.57292759,0.54896903,0.54408079,0.53349209,0.54948604,0.53237671,0.54666084,0.55006576,0.53093052,0.5383637,0.5294075,0.54779524,0.53878319,0.52702415,0.53598773,0.52929711,0.5274632,0.5356155,0.5206731,0.51786035,0.53523839,0.51786244,0.51731873,-1.1961718,0.27711099,0.47695792,0.54917085,1.4867749,1.7543473,1.4021053,0.82509357,0.95151871,1.7610565,1.5427167,1.3084309,0.32145196,-0.2293455,-0.43860376,-0.43598759,0.67494154,0.43366379,0.382193,0.29594958,-1.1342019,0.10395901,-0.6730904,0.34351996,-0.64140284,0.12352595,-0.28927851,1.0310211,0.38238487,1.4136486,-0.23130521,0.18415673,-1.4005818,-0.33568823,-0.10552178,0.86674452,-1.3554425,0.52831566,0.059674025,-1.1172984,0.19846284,-0.72763145,-0.80156672,0.3935048,0.86892372,0.70354664,-0.017027225,-1.878765,0.76334661,0.13027389,-1.1496814,0.7713145,0.04658198,-0.066310376,0.4755283,-0.09386941,0.34301734,-0.40759832,-0.016767807,0.65294844,-0.98834932,-1.2669172,0.00911472,0.79415905,-0.54247135,0.26983047,0.41860679,-0.22410855,-0.11958671,-0.35920849,0.37549806,0.79479051,-0.2925387,-0.6458481,-0.45558661,0.2978833,0.09190017,-1.1270229,0.38526756,-1.2661256,-0.40798032,-2.0084586,-1.1449747,-0.1417997,-0.37773034,0.54662836,-0.47429067,0.3230437,-0.1616042,-0.1073083,-0.80005437,-0.76533687,-0.28166091,-1.3276736,-0.3129569,-0.087002382,-0.10692686,0.31915036,-0.37381017,-1.8474456,0.70693111,0.54790807,0.93547344,-0.29374897,0.55012894,0.41575462,0.12069348,-0.65521502,-0.51611531,0.24473993,-0.88226265,-0.20357567,0.36336899,-0.28595331,-0.9505806,0.16580319,-0.6218034,-0.60991764,0.34950104,-0.66348708,-0.017105779,-0.92682493,0.93655181,0.80461222,0.18505518,0.017892784,-2.0368693,0.41433352,-0.012314428,-0.20469436,-0.14627893,-0.69619489,0.10532231,-0.18419811,-0.79632545,1.0718831,-0.9100492,0.10204675,0.34661704,-1.7153583,-0.32596225,0.50557059,-0.11032758,-0.39430785,-1.0201819,0.43851632,0.28187171,0.41773725,1.1348954,-0.93108708,-0.2529155,0.080813944,0.12719619,0.25464433,0.34871292,0.22614515,-0.29367313,-1.4701535,-2.0307856,-0.98094594,0.28567222,0.69125605,0.60223806,-0.53478444,-0.48343974,0.13107026,1.4819642,-0.41162425,0.075031273,-0.42073128,-0.32956922,0.96350706,0.20083663,0.3372004,1.0894527,-0.17946886,-2.3335781,-0.053199194,0.49881688,0.017198119,0.001439259,-0.80507267,0.11898702,-1.6391699,0.12239056,-1.4123157,0.35526443,0.17004949,-0.97852969,0.01461263,-0.10480744,0.54966658,-0.16889556,-0.48707449,-2.9813874,0.46520436,-0.89909333,-0.13627639,0.001349539,0.025806025,0.72703791,0.24223776,-0.20699583,0.60403776,-1.7004491,-0.8362509,-0.40583348,0.66020733,-0.59702373,0.13097847,0.22328603,0.42577523,0.062716365,0.42213187,0.30988362,0.90576541,-1.316607,-0.4096728,0.81020212,-0.061981432,0.31082058,-0.073310778,-0.12707013,-1.414602,-0.51149356,0.14171667,-0.22498347,0.39824617,1.2801566,0.35653251,-0.61755157,0.21280056,-0.3639904,0.76772332,0.56119609,-0.52525294,0.13377641,1.7692046,0.092873186,0.20615749,-1.2713157,-0.15935041,-2.2856374,1.0819836,-1.1265159,-0.29026198,-0.092935801,-1.6060818,-0.41372073,0.30912939,-0.16369328,0.73684776,0.71689224,0.26062313,-2.1921666,1.218914,0.25465441,1.2570783,0.068166748,-1.1599126,0.042028919,-1.1565042,0.67218775,0.27170891,-0.99046379,0.40896785,-2.0142837,-1.8395342,-1.4195632,-0.5907883,0.94686598,0.58083093,0.27039325,-1.0680836,0.76962686,-1.1946572,-0.17125657,0.71330792,-1.157868,-0.25620842,-0.028803166,0.57967544,-0.11689491,0.38051012,-0.17519748,0.54104578,0.033464286,0.78811258,-0.010141946,-0.048983887,-1.0180045,0.46104044,1.2096881,-0.53338212,0.68755358,0.51921475,0.37025499,-0.81292892,0.58987975,0.15280508,-0.8294068,-0.50669289,0.072146758,0.019498363,0.021501198,0.71251649,-0.219116,-0.68930221,-0.59698427,-0.01201514,0.7182138,-0.17915107,0.34804016,-0.28770918,0.14928663,1.3996415,-1.2098378,0.14109421,0.38629186,-0.67562884,0.11961876,-0.007242888,-1.4362617,-2.2586157,-0.10524207,0.69717312,0.25559038,-0.13259293,0.87238622,0.248272,0.77104414,0.27496204,-0.31496918,-0.57896245,0.26518616,0.14073303,-0.21046826,-0.74267513,0.26104131,0.22006033,1.3636731,-1.8240359,-0.19828232,1.8367972,1.7771478,0.29714859,-1.6118948,-0.1725854,-0.4710868,-0.16956466,-0.034376178,0.3576827,0.85512859,0.51516497,0.29925954,0.19722576,0.14779545,0.909675,0.80556118,1.0660337,-1.0041686,0.34058493,0.30123135,0.057203893,-0.40154672,-0.1573336,-1.9288381,0.38478565,0.059814245,-0.4464137,-0.2306754,0.36640784,0.19806448,-0.59625089,0.34597459,-0.38538694,0.20098755,-0.20653373,0.63651562,1.1190456,0.29858729,0.13602757,0.74155223,0.007010497,0.11895639,-0.9640128,0.31404567,-0.9544735,-0.10981786,0.80424291,-1.0208675,-0.48945814,0.54298341,0.31145114,-0.48339728,-1.42978,0.60226631,-0.64786607,0.28309283,-1.8920157,0.44592711,-0.34073585,-0.76970232,-0.57752764,1.2888708,0.46108487,-2.2782004,-1.357579,-0.42940372,-0.016751114,0.34901014,-0.019920066,0.10428338,0.30378845,0.24063405,-0.12050331,0.38349262,0.39606163,0.53614175,-0.017090693,-0.28298095,0.24098608,-1.6531186,-0.046400338,0.32943219,0.081314124,0.24214822,0.82816285,1.8712198,-0.48409653,-1.0541016,-0.39978907,0.19027394,-2.1908557,0.53266233,0.20416059,0.45073703,-0.77921009,-1.5402377,0.38329291,-0.625018,1.076961,-0.1401265,0.003841147,0.74474728,0.031537555,0.33304372,0.58630055,0.010829056,0.018600702,-0.40306866,-2.5481451,-0.8393569,-0.92523015,0.013464548,-0.97816682,0.31355235,-0.1163187,-0.29151702,0.026625464,1
0.71372879,0.47223461,0.41750309,0.6573534,0.64358908,0.66263837,0.65411574,0.63723975,0.65381575,0.65494496,0.65819228,0.6439386,0.64894235,0.63687342,0.66231716,0.64240313,0.66015387,0.66862792,0.65218866,0.64782214,0.641204,0.64839387,0.63942695,0.64808744,0.6558497,0.64024514,0.64545524,0.64169002,0.64734942,0.63720202,0.64277279,0.65074873,0.64077044,0.63966858,0.6426934,0.62498039,0.632478,0.64931297,0.63002354,0.63402492,-1.0348315,0.40743488,0.79336709,0.75643468,1.6411486,1.8594996,1.7039716,1.0863696,1.2465215,2.0149963,1.756093,1.5940846,0.65343988,-0.14372247,-0.19464076,-0.39368713,0.95758981,0.58062154,0.47567379,0.47165918,-0.89256835,0.063750193,-0.69813406,0.3838962,-0.62767327,-0.012316521,-0.3014493,0.95086181,-0.22020125,1.5307355,-0.23142141,0.3128289,-1.2655636,-0.12668855,-0.21682568,1.1710451,-0.97434598,0.84713733,0.17319548,-0.95396727,-0.089822732,-1.4665858,-0.55570877,0.49846786,1.2009182,0.62782353,0.002037264,-1.8756696,0.64610338,0.18899029,-1.3428237,0.74183458,0.011041984,0.029712735,0.49454778,0.043933161,0.20118678,-0.62425846,0.12589449,0.85148919,-0.28901908,-1.1546025,0.008195598,0.64788198,-0.37348694,0.34821039,-0.16546696,-0.2781336,-0.069298789,-0.2651588,0.2368627,0.49313164,-0.12550667,-0.63281143,-0.61096638,0.059162676,0.61973333,-1.2765508,0.596295,-1.1513563,-0.32833228,-1.9848022,-1.5007117,-0.20899907,-0.83602136,0.12576398,-0.39056051,0.071017489,-0.050106134,-0.64181864,-1.0806386,-0.54855388,0.18562172,-1.1934047,-0.29521808,-0.29515207,0.11779395,0.0935269,-0.44059485,-1.9209946,0.12644482,0.65880954,0.94715869,-0.21865633,0.45905459,0.31928855,-0.071520731,-0.58039141,-0.39111364,0.56958687,-0.64587748,-0.16821612,0.64152944,-0.72636414,-0.81385779,0.084847391,-0.81465048,-0.88502777,0.3940267,-0.37231284,0.1365283,-0.66377985,0.6720441,0.70968223,-0.057009634,0.10059502,-1.8108461,0.71543497,-0.14720602,-0.22953767,-0.1027592,-0.57353771,-0.074666038,-0.19080155,-0.78685123,1.2134721,-0.95920718,0.20875552,0.4040195,-2.39118,-0.070765451,0.24238026,-0.20228505,-0.58761513,-1.4191483,0.1558637,0.011432424,0.50970227,1.0137491,-0.93527746,-0.29116926,0.11956644,0.09441302,-0.035338506,0.47514912,-0.11185966,-0.28543615,-1.4751016,-2.0378039,-0.73231649,0.3503831,0.94672531,0.19730033,-0.55218029,-0.40289226,-0.081078082,1.3822161,-0.33735743,0.17631264,-0.43460479,-0.41503301,1.1452845,0.20578992,0.50506592,2.0854259,-0.29119858,-2.5330141,-0.054879382,0.52676451,0.069843367,-0.16375238,-1.4298375,0.13942346,-1.9381585,0.24286437,-1.1149154,0.43068665,-0.025632463,-0.96619755,0.1364944,0.26814204,0.72911608,-0.10811996,-0.46339777,-3.0352898,0.35388651,-0.52416563,0.091369569,-0.12032199,0.40088859,0.80763525,0.14364947,-0.076172031,0.70457935,-2.3471346,-0.93543255,0.092779264,0.56203735,-0.37153319,0.027434878,0.22315748,0.51259667,-0.1794067,0.31430551,0.53072578,0.66143441,-0.98685098,-0.33914477,0.62825751,-0.13105267,0.17265648,-0.23751703,-0.36781585,-1.3631928,-0.51654196,0.19814032,-0.45312226,0.25729474,1.1398247,0.39193204,-0.48042753,0.32044575,-0.39681941,0.61115724,0.60537839,-0.38674352,0.014604867,1.582665,0.075512871,0.21539018,-1.2301933,-0.25102386,-2.1498864,1.203342,-1.8516744,-0.3419562,-0.010215446,-1.6487898,-0.33897924,0.183768,0.53209013,0.5713473,0.561526,0.42592108,-1.9629899,1.2066531,0.060796496,1.2800617,-0.11751942,-1.3990651,0.029146843,-1.0034624,1.0752072,0.24301618,-0.84054184,0.4615925,-2.4275107,-1.7821161,-1.4685273,-0.36413559,0.44255784,1.1154417,0.46312618,-1.6144787,1.3168221,-1.1827924,-0.16828591,0.47114739,-1.497064,-0.12104072,0.079046175,0.47022712,-0.1294408,0.25194818,-0.31142151,0.43522763,0.10421139,0.83799911,0.015618943,-0.18531398,-0.93773264,0.67425621,1.0838422,-0.93702906,0.86091113,0.67651629,0.22818142,-0.81830055,0.75516999,0.20854706,-1.4236366,-0.86273384,0.1756773,0.15624344,0.001777351,0.89732361,-0.4318608,-0.58842266,-0.61680853,-0.016312299,0.55757701,-0.18695354,-0.024534412,-0.6105057,0.2306889,1.2468882,-1.5430062,0.20012034,0.43892765,-0.62764555,-0.10407682,-0.13068467,-1.9054303,-2.3727183,0.016564757,0.94358015,-0.068991691,-0.15417808,0.78735346,0.041838661,0.58968145,0.49315935,-0.057508484,-1.2906393,0.36737657,0.067577504,-0.21215597,-0.62569118,0.3378208,0.17241436,1.4051987,-1.8134055,-0.042185776,1.4196689,1.6577544,0.53616089,-1.5713187,-0.45199022,-1.3386424,-0.36935619,0.060663678,0.46281832,0.89694959,0.57435435,0.38181651,0.27983642,0.29271656,1.0126405,0.67627245,1.4185426,-1.211107,0.11235991,0.23847492,0.24522974,-0.51591945,-0.15191808,-1.5127442,0.58293939,0.068173826,-0.36869189,-0.20359084,0.23561138,0.1484849,-0.68658406,0.38416576,-0.11193867,0.68976456,-0.71984214,0.38212287,1.2557036,0.35608765,0.27160037,0.72495681,-0.0714617,-0.34729916,-0.96912748,0.31903768,-0.72800648,0.1531443,0.90923452,-0.66324925,-0.65198994,0.56118512,0.26166862,-1.06159,-1.2116079,0.71752006,-0.54552066,-0.34421706,-1.9024974,0.19638896,-0.15718964,-0.87845618,-0.60332084,1.1791197,0.27165523,-2.207392,-1.3589932,-0.57485723,0.031735919,0.54709542,-0.16298935,0.17694874,0.42320263,0.4447692,-0.1466286,0.18157196,0.31637096,0.30365095,-0.014618672,-0.080455758,0.33956468,-1.615191,0.036082298,0.67496997,0.21210365,0.24857219,0.61443615,1.1372557,-0.62160367,-0.7989077,-0.40575078,0.5326215,-2.0993357,0.30887389,0.12248115,0.62167001,-1.0428851,-1.8127177,0.28267282,-0.51738435,0.17907399,-0.22981119,0.20591034,0.75722098,0.20458251,0.53387159,0.3328436,-0.013678838,-0.37720191,-0.57767296,-2.5132573,-0.71761531,-1.5670478,0.34823185,-1.2423923,0.27100998,-0.1351061,-0.54388011,0.19309296,1
0.40294856,0.16338529,0.11592379,0.40032911,0.39466095,0.42387673,0.39681655,0.3869372,0.4003675,0.3966839,0.3946161,0.39225864,0.39155895,0.37689409,0.39798486,0.38335031,0.39274335,0.41699994,0.40018815,0.38521078,0.37798819,0.38310283,0.3812376,0.3794736,0.38464856,0.38264942,0.39185655,0.38273084,0.39048392,0.37806112,0.37425572,0.37978816,0.37145218,0.37100875,0.38113323,0.35445207,0.36214525,0.37560314,0.35651457,0.36906061,-0.92264211,0.10469525,0.26341331,0.37987614,1.3320359,1.6477045,1.188472,0.62770903,0.72869194,1.5756736,1.373288,1.1139188,0.27538285,-0.20031565,-0.37177572,-0.40563416,0.55438203,0.34821406,0.28479835,0.25640786,-0.98335087,0.045351833,-0.76047766,0.25238883,-0.69892728,0.081022978,-0.16583939,0.57627606,-0.001119524,1.2760239,-0.15062441,0.14241956,-1.186285,-0.31874645,-0.10491244,0.58369827,-1.0782247,0.52232349,0.11832128,-0.86609524,-0.19589847,-1.1833405,-0.62225783,0.17562598,0.66259003,0.55647075,-0.073537469,-1.6748441,0.59058952,0.060459275,-1.1038284,0.77253008,0.031444922,0.051402114,0.45514676,0.19930495,0.21595903,-0.22793995,0.089817271,0.56269014,-0.56832266,-1.0199567,-0.07697583,0.51815617,-0.27180493,0.15092114,-0.011326196,-0.15166987,-0.19671819,-0.27885666,0.49952891,0.48268089,-0.13434827,-0.39137217,-0.18354775,-0.00839895,0.18591066,-0.97683585,0.46095198,-1.1081238,-0.35142785,-1.7527982,-0.86063176,-0.11305985,-0.62085539,0.25503296,-0.41904557,0.091345444,-0.056710113,-0.16476077,-0.62189764,-0.57701671,-0.11284319,-1.0373164,-0.083285488,0.00440912,0.12631719,0.35062101,-0.36122912,-1.5352261,0.2096543,0.45314208,0.73284137,-0.10142212,0.40174165,0.42780524,0.014385663,-0.50342411,-0.21622477,0.40054831,-0.45365435,-0.13233238,0.35320678,-0.13770783,-0.77539241,0.11925311,-0.51733351,-0.34689277,0.25161001,-0.33720711,0.006394304,-0.81781352,0.74214453,0.6094619,0.23338923,0.080016956,-1.5225666,0.49507061,0.034933034,-0.031311952,-0.05498118,-0.48827213,0.14224769,-0.11397833,-0.64849019,0.96851063,-0.73555219,0.14363539,0.31240433,-1.4706953,-0.11115733,0.21286531,-0.15302649,-0.40379518,-0.8474704,0.41934401,-0.14104146,0.16285609,0.66246235,-0.78776622,-0.12413789,0.059553012,0.24179441,0.23846431,0.2877309,0.12333676,-0.18607211,-1.1752092,-1.6952636,-0.70139152,0.23950274,0.69703895,0.37723893,-0.4554441,-0.27590683,-0.003180131,1.1634071,-0.13512951,0.1255292,-0.16642098,-0.2198759,0.92527896,0.10994138,0.25025496,0.56096613,-0.10679112,-1.9421833,-0.075509332,0.46099192,-0.025119301,-0.11202538,-0.66082871,0.16778228,-1.3624233,0.10197141,-0.99674058,0.407648,0.075630836,-0.77949411,0.040523477,0.20995384,0.4109987,-0.18494156,-0.54275513,-2.3523571,0.32347655,-0.63742644,-0.013980877,0.13207188,-0.002925545,0.62918913,0.15389781,-0.20071991,0.59887779,-1.3485947,-0.75843203,-0.40685815,0.39118809,-0.35286638,0.21380138,0.12056334,0.40724,-0.091836795,0.28408873,0.55063385,0.71570474,-0.92166132,-0.37097284,0.62281907,-0.22805004,0.1798012,-0.029146919,-0.23265371,-1.2690424,-0.51018643,0.079281464,-0.37255052,0.23617451,1.0256184,0.31719333,-0.51038843,0.29685819,-0.31091964,0.45570806,0.42723498,-0.44757986,-0.058640905,1.4898422,0.34948081,0.22383365,-0.78517741,-0.20370807,-1.7626203,0.98704684,-1.2078034,-0.11178309,-0.11899257,-1.5638969,-0.13843405,0.025770679,0.21511923,0.5317952,0.56667173,0.19672072,-1.7806553,0.82779264,0.61512983,1.1251072,0.052299052,-1.1557693,-0.04290583,-0.76045817,0.61877865,0.087534472,-0.7981357,0.31372106,-1.6164818,-1.3312767,-1.2652907,-0.43084693,0.37864888,0.37340474,0.22668974,-0.93583232,0.78601128,-0.89822751,-0.037647992,0.42911053,-0.96110803,-0.050004058,0.04618464,0.46269095,-0.006747644,0.21332958,-0.13418099,0.43154642,-0.001585571,0.65692067,-0.010721551,-0.12724848,-0.57742286,0.39475423,0.969051,-0.49265146,0.53796154,0.42358631,0.47946334,-0.5785082,0.68447238,0.34291774,-0.76052094,-0.68798,0.068970203,-0.001646116,0.16049114,0.67132676,-0.18777217,-0.37747508,-0.45639756,0.1363856,0.63565761,-0.2377004,0.050834611,-0.35697764,0.11185727,0.96803904,-0.92519659,0.12223451,0.31852025,-0.48206726,0.000990463,-0.005792394,-1.3307961,-1.792992,-0.12094802,0.60180718,-0.012831077,-0.062645644,0.69327247,-0.077809513,0.49490288,0.25596404,-0.004276887,-0.44571757,0.18541074,0.13019192,-0.13601126,-0.54589653,0.257981,0.19847476,1.1720046,-1.502785,-0.18976042,1.415305,1.3559597,0.42380434,-1.3338387,-0.25097361,-0.53150004,-0.29939401,-0.025087357,0.3382867,0.77231878,0.62701583,0.37401628,0.12712412,0.15555632,0.79503655,0.72768825,0.71430576,-0.9391157,0.17207341,0.14923035,0.12849338,-0.36112562,-0.1276715,-1.6657748,0.32526007,-0.025237475,-0.29623437,-0.32784352,0.42087731,0.13212624,-0.62579614,0.27984706,-0.2883355,0.39428389,0.013130367,0.41700989,1.0143005,0.35933387,0.17009056,0.55471891,1.9173851,0.17955558,-0.8570742,0.27305147,-0.66674751,-0.014789909,0.74426848,-0.71223772,-0.51416934,0.50005674,0.17170113,-0.51052892,-1.100445,0.4515664,-0.5675106,-0.066901788,-1.6897167,0.30199412,-0.29114109,-0.70517743,-0.39176825,0.97723234,0.2464554,-1.7454702,-0.95754153,-0.39956552,-0.024464183,0.33623913,-0.099072784,0.14369828,0.40182358,0.23915504,-0.11912023,0.32133475,0.36147159,0.34701449,0.23049888,-0.074719362,0.22371931,-1.3887283,-0.059889261,0.27582657,0.087922812,0.22813143,0.52951562,0.72438568,-0.36046049,-0.76670492,-0.35408884,0.040135048,-1.9586582,0.31582826,0.53977263,0.35923558,-0.62891591,-1.2187121,0.41262656,-0.54232526,-0.083774209,-0.097566009,-0.035378553,0.4050802,0.013603486,0.39495564,0.21452945,0.031002458,-0.098039351,-0.38738698,-2.1288381,-0.61915785,-0.83222771,0.002467798,-0.82710606,-0.034288138,-0.041153431,-0.30192953,0.045795314,1
0.4732317,0.24198002,0.19225287,0.47973663,0.47415751,0.49892873,0.4711296,0.46094209,0.47586372,0.47319394,0.47157669,0.46782976,0.46672392,0.44851458,0.47765571,0.46026415,0.46466929,0.49347916,0.46659917,0.45007566,0.45140207,0.4552018,0.45284134,0.45651981,0.45969146,0.45957896,0.46593499,0.45216438,0.46189895,0.45053601,0.45242423,0.45437866,0.44243413,0.43740261,0.44944793,0.42735702,0.42947161,0.45420545,0.43079141,0.43663326,-0.89697796,0.1773168,0.28400636,0.37277865,1.3309402,1.6289164,1.1947062,0.63421285,0.74556887,1.581192,1.3722281,1.1271816,0.30646273,-0.21084055,-0.016545542,-0.44720718,0.53093708,0.31983402,0.30722281,0.24183577,-1.0591421,0.057653673,-0.62441409,0.23256852,-0.66854858,-0.12277254,-0.16940901,0.80867851,-0.016792476,1.4276313,-0.17630799,0.17536642,-1.1983694,-0.23666611,-0.066273816,0.71598023,-1.0398279,0.47159737,0.20507275,-0.89713341,-0.12986121,-1.2622521,-0.57324964,0.31200454,0.71077293,0.62377596,-0.082937449,-1.7932061,0.59401137,0.10951435,-1.203203,0.69550622,0.068566687,0.19099969,0.52521646,0.37940338,0.25410306,-0.39079159,0.081433311,0.57952601,-0.43788624,-1.0143962,-0.006231219,0.60166883,-0.2467843,0.19642103,-0.10638509,-0.17419033,-0.096974559,-0.2582964,0.32731134,0.71825653,-0.11540387,-0.33723068,-0.2790612,-0.11896938,0.382119,-1.0184877,0.49293065,-0.92572415,-0.35566354,-1.7632749,-0.88897491,-0.1426193,-0.63638663,0.3632907,-0.31556863,0.22686595,-0.13793857,-0.10607442,-0.85143328,-0.60581952,0.01014787,-1.0852379,-0.15322897,-0.046012364,0.22968918,0.28255659,-0.49127504,-1.5924596,0.38731784,0.46016526,0.78978747,-0.12702513,0.36686909,0.31868851,0.002806403,-0.12496015,-0.32136106,0.36620265,-0.19598143,-0.25726232,0.32062176,-0.34005257,-0.74585658,0.092187256,-0.5469861,-0.58658415,0.35898948,-0.38536346,-0.021008916,-0.64364624,0.67291284,0.70556664,0.086354762,0.072819069,-1.6292385,0.6524238,-0.034463622,-0.16477536,-0.10753746,-0.51497442,0.054998726,-0.17628363,-0.69191676,1.0025012,-0.66595215,0.15550226,0.31204087,-1.519725,-0.14053774,0.30696112,-0.15974829,-0.48524153,-0.8893404,0.36171156,0.16852075,0.28768355,0.89955193,-0.73345214,-0.17287676,0.061854657,0.29160538,0.19281085,0.2409049,0.11395632,-0.1594063,-1.2808937,-1.7274283,-0.68933773,0.25202239,0.57763684,0.40958056,-0.40369636,-0.33305287,0.065871142,1.4491804,-0.11338493,0.098963611,-0.29921043,-0.21435383,0.97783756,0.11440699,0.25676847,1.1677077,-0.18056911,-2.2709098,-0.093531482,0.49650913,-0.045587152,-0.10021531,-0.84633547,0.23507294,-1.4256046,0.18516243,-1.1896451,0.36601302,0.08443401,-0.82795691,0.054095544,-0.049034178,0.6170513,-0.042984858,-0.12013859,-2.5630288,0.42024654,-0.85980982,-0.055567279,0.048977956,0.031818643,0.69763803,0.14198591,-0.15689772,0.69101793,-1.5251342,-0.77494198,-0.32794866,0.32900536,-0.40024704,0.080071315,0.040685281,0.34359032,-0.040702071,0.32555211,0.49691159,0.81364042,-0.95117009,-0.40542755,0.40258151,-0.09389282,0.20908561,-0.072650023,-0.27419904,-1.2874969,-0.47101158,0.099768713,-0.56820983,0.33042794,1.048816,0.32402787,-0.45497161,0.16301647,-0.26443037,0.44553173,0.34577677,-0.39911482,0.049172509,1.363611,0.10988734,0.21468455,-0.91249335,-0.24242719,-1.8788311,1.1287197,-1.5116407,-0.13878152,-0.097669691,-1.4077022,-0.11189015,0.14610517,0.11454362,0.75408214,0.5399276,0.51329821,-1.8220541,1.0509026,0.35810497,1.1952075,0.068902634,-1.1913245,-0.088746689,-0.77931869,0.59742343,0.3067863,-0.70045066,0.29763019,-1.7571273,-1.5283705,-1.3410591,-0.39014459,0.50752366,0.47331941,0.21574903,-1.0497639,0.70814419,-1.0205479,-0.038261682,0.27446571,-1.1079392,-0.10522997,-0.013058512,0.55724698,0.1830835,0.27780724,-0.14880657,0.49841666,0.026885999,0.84302115,-0.039339185,-0.22117972,-0.89215887,0.36938062,1.0128586,-0.70836979,0.68592143,0.51125878,0.39097738,-0.64428377,0.43744802,0.40627792,-0.9056344,-0.58667755,0.10151759,0.22528327,0.1671665,0.76787299,-0.3055962,-0.46467561,-0.40708181,0.020385098,0.50393575,-0.20597677,0.099238008,-0.39068764,0.14903578,0.98574662,-1.0433245,0.17048459,0.24819818,-0.47742382,-0.13062353,-0.21682666,-1.38366,-1.9484787,-0.14815348,0.56714344,-0.011660025,-0.16983277,0.81136221,0.076810554,0.50048983,0.22270155,-0.341802,-0.64375842,0.16212675,0.052949879,-0.2482744,-0.18996722,0.20982233,0.1228616,1.2353795,-1.5307113,-0.16281652,1.5750964,1.3265729,0.38249782,-1.4319698,-0.2762031,-0.56499594,-0.24331224,0.14449826,0.40523136,0.78211606,0.58584571,0.33240753,0.22803524,0.16929385,0.76153719,0.70772982,0.98186064,-1.0895306,0.13124809,0.31133193,0.085123703,-0.32202095,-0.14274985,-1.6264129,0.31917945,-0.00554201,-0.35312274,-0.19343294,0.32213268,0.059634045,-0.58148396,0.35903907,-0.24860132,0.038762286,-0.18198252,0.3586196,0.84191167,0.25846887,0.14756975,0.64977252,0.27150032,0.048095219,-0.94205642,0.33692878,-0.63665593,0.072368361,0.90045518,-0.6795671,-0.56103772,0.60621715,0.31878978,-0.6428194,-1.1410066,0.5775854,-0.40457967,0.028029859,-1.9117088,0.26252484,-0.23607385,-0.84677011,-0.50119871,1.0177656,0.35235515,-1.9162593,-1.1947473,-0.39823675,0.001418915,0.4986437,-0.024881391,-0.001690019,0.46492803,0.21503136,-0.077097751,0.22307879,0.27370608,0.509269,0.047005773,0.084931865,0.24152304,-1.2751913,-0.023005867,0.43334007,0.11132134,0.2320115,0.69873524,0.78907299,-0.45574033,-0.79934728,-0.39755204,-0.004143693,-2.0094078,0.38727647,0.1443942,0.43690586,-0.73156095,-1.293939,0.3715224,-0.56899071,0.037921607,0.071151346,-0.019704968,0.68217939,0.067941874,0.35247093,0.41644764,-0.007176247,-0.16309772,-0.43972814,-2.2158513,-0.72707713,-0.96420521,0.13105202,-0.83522874,0.19649018,-0.13485841,-0.32212254,0.065692753,1
0.60171425,0.3448143,0.29041159,0.58615863,0.57708383,0.5997104,0.58484173,0.57344425,0.5810889,0.58479023,0.58074141,0.57539213,0.58492416,0.56968874,0.59721613,0.56961787,0.58662081,0.60313296,0.58495259,0.58293283,0.57076895,0.58201665,0.57205617,0.57007796,0.58143675,0.56558418,0.57642722,0.56463921,0.5802539,0.57520318,0.56784832,0.57942766,0.56634533,0.57289636,0.56876051,0.55451006,0.55554765,0.57942098,0.55660802,0.55888176,-0.99249518,0.27386233,0.48297852,0.549505,1.5129447,1.7611676,1.4179016,0.82976508,0.94751322,1.7671833,1.5566192,1.3260926,0.32753584,-0.19749394,-0.2821593,-0.44074649,0.70170575,0.41112113,0.37316528,0.29819223,-0.67828274,0.082252957,-0.53414315,0.24006835,-0.79059649,0.11072542,-0.29428098,0.72875112,0.35265249,1.3075291,-0.24368858,0.21121363,-1.2950863,-0.32943952,-0.031082794,0.8237046,-1.2153828,0.52742493,0.14294703,-1.0394303,-0.10267478,-1.0733005,-0.58055425,0.42852262,0.89179277,0.68511778,0.00755983,-1.8496041,0.57778311,0.10250735,-1.1722237,0.83022326,0.053528186,0.015778491,0.43430528,-0.060014293,0.4375726,-0.38869193,0.06206248,0.63864493,-0.85479653,-1.1895717,0.042225197,0.61489046,-0.4455086,0.60231715,0.12759979,-0.23738463,-0.11921841,-0.31721991,0.50926459,0.93984044,-0.26420504,-0.60834742,-0.43687183,0.21681988,0.35652483,-1.1721668,0.42959881,-1.1434172,-0.33038208,-1.9529403,-0.98828876,-0.14357105,-0.60692692,0.094043791,-0.49669644,0.23150355,-0.16600871,-0.22437108,-0.99061584,-0.59833598,0.0248366,-1.2046243,-0.12431595,-0.075485155,0.029325813,0.4628782,-0.52151233,-1.7704606,0.42282999,0.51712561,0.82514441,-0.2274923,0.52558386,0.36816871,0.10122918,-0.43649238,-0.40852648,0.46277612,-0.71071029,-0.39036822,0.38336757,-0.44984525,-0.86106265,0.17253184,-0.54889005,-0.64795482,0.40371895,-0.41947711,-0.03685734,-0.68931627,0.74455762,0.7610302,0.062905058,0.12537414,-1.853986,0.57266235,-0.072627172,-0.14543764,-0.042038668,-0.56669861,0.053135723,-0.14566582,-0.6483233,1.0632352,-0.7583636,0.11413909,0.47375417,-2.0295267,-0.24940452,0.4158029,-0.11196538,-0.51717365,-1.0473082,0.41412389,-0.007533297,0.53851277,0.87782246,-0.83990687,-0.18943471,0.055879965,0.11058817,0.18027671,0.3195253,0.071607277,-0.15609474,-1.4264793,-1.8757396,-0.85989922,0.21995027,0.5866304,0.42305064,-0.56525004,-0.4487192,0.1226351,1.849237,-0.17372727,0.15942046,-0.25787219,-0.27596265,1.0563557,0.15505339,0.30594522,1.1137186,-0.10929503,-2.6290398,-0.079603359,0.63347876,-0.03858659,-0.20562333,-0.77131534,0.046163313,-1.5601372,0.16439216,-1.3321853,0.38621646,0.060043268,-0.92083305,0.025525069,0.35115674,0.62260294,-0.22137409,-0.32084885,-2.6992991,0.29924747,-0.82380062,-0.14877488,0.072048813,0.018944725,0.79203153,0.08075732,-0.4933736,0.63384849,-1.5655336,-1.023685,-0.34563804,0.39504677,-0.55566704,0.21670184,0.04767333,0.47223589,0.03543362,0.43806183,0.44619703,0.73951453,-1.1252602,-0.39289719,0.53387398,-0.14418033,0.27253109,-0.076277502,-0.2377968,-1.3235476,-0.46928686,0.15493512,-0.45588741,0.32137221,1.046512,0.39669353,-0.5656299,0.17018206,-0.50864005,0.71186233,0.524176,-0.52432495,0.056930903,1.8901619,0.08428438,0.23221838,-1.0285733,-0.22845282,-2.0881839,1.1467049,-1.4161971,-0.16447727,-0.18419322,-1.5945301,-0.41267747,0.28852671,0.27114588,0.80872762,0.57462972,0.25007874,-2.0039794,1.1854802,0.31409961,1.1199476,-0.073048741,-1.2238407,0.008178897,-1.0468531,0.68392396,0.2954976,-0.88214493,0.28350303,-1.9136071,-1.4814597,-1.5427476,-0.38787887,0.60992593,0.73011124,0.19831574,-1.1209877,0.82334006,-1.1238191,-0.11698583,0.47121024,-1.1992188,-0.11878289,-0.039065763,0.61245692,-0.17804113,0.37043083,-0.11772582,0.64966929,-0.001535013,0.91751742,0.00790542,-0.14708394,-0.72430253,0.45987397,1.1639824,-0.66471595,0.82942718,0.51895589,0.55044776,-0.65463805,0.56325573,0.30280387,-0.96242744,-0.54386187,0.085977249,0.19233687,0.13766102,0.77404845,-0.23923859,-0.55888361,-0.52376765,-0.037427917,0.58852077,-0.20074481,0.069753572,-0.31154436,0.16198309,1.2282213,-1.0811979,0.17001912,0.3656047,-0.72452122,-0.074604601,-0.18649963,-1.5133687,-2.2294865,-0.044992626,0.70942992,0.1083709,-0.13855256,0.80051732,0.26371798,0.50264043,0.29850167,-0.15836145,-0.6367479,0.2590394,0.035108592,-0.18276609,-0.60355395,0.24904196,0.18412673,1.1486866,-1.8189957,-0.10547371,1.5343156,1.57937,0.54334801,-1.4931195,-0.20797093,-0.40385634,-0.17816624,0.023500396,0.4958221,0.84366423,0.53731561,0.60321581,0.19969279,0.22140273,0.97757596,0.80797106,1.1959375,-1.0900458,0.32392219,0.29908299,0.080129288,-0.38652307,-0.18239029,-1.7884048,0.38823193,-0.030544996,-0.45537499,-0.23407798,0.31163096,0.13923521,-0.70174384,0.34043801,-0.31318766,0.55788958,-0.10618027,0.68527651,1.0471804,0.31307337,0.22226547,0.76464242,0.043613181,-0.041478232,-1.0574384,0.35832086,-0.74308676,0.009161785,0.89119029,-0.82217908,-0.7009508,0.49726099,0.44151467,-0.54329431,-1.3220305,0.58982873,-0.5887422,0.1633386,-1.7918344,0.3803432,-0.37377816,-0.74774224,-0.64214247,1.09158,0.54497552,-2.0546882,-1.3442814,-0.42526466,0.011707904,0.33579752,-0.010658359,0.034895636,0.36067584,0.25749797,-0.1188534,0.23694769,0.40447626,0.41028759,0.10694574,-0.20792267,0.22747011,-1.6999849,-0.071571395,0.46946627,0.075751945,0.22136876,0.7498222,1.0974573,-0.51821077,-0.88998783,-0.31704706,0.19952437,-2.1790981,0.41359776,0.29812223,0.45398164,-0.85435623,-1.4084595,0.38867417,-0.54359269,0.56147271,-0.067007527,0.10631459,0.8780787,0.073499173,0.39675057,0.46208632,0.038399391,-0.12495156,-0.43044096,-2.4252474,-0.83419466,-0.91686505,0.083368719,-0.95905733,0.17266108,-0.025916919,-0.27186489,0.041164376,1
0.62610096,0.37600145,0.33989316,0.60714477,0.59864891,0.62893176,0.60970807,0.59387177,0.60148013,0.60194492,0.59837669,0.5999409,0.60648865,0.57955348,0.61765224,0.59669006,0.61056983,0.62426877,0.60190511,0.60356915,0.59273756,0.58550322,0.58688807,0.59316266,0.60422218,0.58452415,0.58958673,0.57853794,0.59655601,0.58529222,0.57840085,0.59815848,0.57868993,0.57653326,0.58454365,0.56823355,0.57522768,0.59162223,0.5689978,0.56921697,-1.1008122,0.31913543,0.44995797,0.49974096,1.4506207,1.7924132,1.3721467,0.78764331,0.90594304,1.7281531,1.4993389,1.2664019,0.36073446,-0.25311029,-0.30540249,-0.38650322,0.75563598,0.46416146,0.34916058,0.30545145,-1.1458073,0.029945888,-0.60720015,0.30833498,-0.87758869,-0.073351368,-0.21701434,0.59601408,0.24633045,1.4026307,-0.29742461,0.20253283,-1.3331279,-0.35378093,-0.023646593,1.067773,-1.2712061,0.60124242,0.22953814,-1.0779669,-0.15185523,-1.0015417,-0.65737569,0.40315744,0.98760593,0.63000846,-0.10012805,-1.9159375,0.63688821,0.090736955,-1.0752211,0.86907518,0.041060098,0.092172682,0.51162189,-0.041700937,0.20393261,-0.46412319,0.019861948,0.63929725,-0.73662573,-1.2665631,-0.010487057,0.60662544,-0.4554373,0.22647235,0.097369038,-0.22713473,-0.061197765,-0.41547227,0.37912446,0.89825153,-0.26971322,-0.36271572,-0.46622646,0.3856377,0.53964937,-1.1700588,0.43571424,-1.0068163,-0.4173339,-1.9833097,-1.0362846,-0.006967655,-0.45772627,0.30312848,-0.46554819,0.16647437,-0.15483776,-0.22512314,-0.76656926,-0.46234345,0.52507794,-1.1442597,-0.13693453,-0.17142837,0.094517924,0.1417179,-0.53264183,-1.7129358,0.58030879,0.49801195,0.84216368,-0.15031362,0.55985796,0.37437242,0.069042765,0.031587571,-0.28898135,0.4423126,-0.45851314,-0.27228796,0.43511307,-0.3654412,-0.875916,0.038462527,-0.58310223,-0.62015474,0.42070448,-0.40475532,-0.035867944,-0.75263512,0.7298587,0.71887147,0.094618089,0.13755392,-1.9664485,0.65016907,-0.08539775,-0.049608417,0.014611628,-0.58449739,-0.031407826,-0.14921087,-0.74873114,1.0407746,-0.71065563,0.16600445,0.47343612,-1.690695,-0.20701911,0.43382701,-0.023971623,-0.46702403,-0.95215917,0.55524504,0.17058022,0.56635767,0.85669291,-0.75326699,-0.24203461,0.079373933,0.031223703,0.34018326,0.31156531,0.22365843,-0.17637756,-1.3724241,-1.9010942,-0.86990631,0.32329145,0.57967842,0.24941175,-0.4102073,-0.28721529,0.20172046,1.7427138,-0.01664055,0.14658146,-0.29024982,-0.32683244,1.2017337,0.19304651,0.29513395,1.5389881,-0.1676732,-2.5300233,-0.081156507,0.47087562,-0.09615425,-0.16759543,-0.84862715,0.10158584,-1.7395965,0.19404875,-1.22534,0.73356682,0.080798283,-0.85022902,0.005924768,0.16715017,0.66670394,-0.26276979,0.049293198,-2.806195,0.35380438,-0.78647786,-0.063295022,-0.029804215,0.25267172,0.6654107,0.19208284,-0.17503828,0.61976159,-1.8669758,-0.92256701,-0.39741263,0.42789716,-0.51050138,0.13140534,0.32997066,0.54421115,0.023300327,0.38496926,0.51547867,0.81027597,-1.1035737,-0.39566675,0.49968445,-0.25444117,0.35390949,-0.07833644,-0.27475831,-1.3653481,-0.49612549,0.1144759,-0.45288065,0.36306435,1.2838542,0.36264303,-0.37886423,0.20823386,-0.44136095,0.45246798,0.64798611,-0.4832482,0.043560907,1.661082,0.15171134,0.23312178,-1.1748064,-0.38030303,-2.1687803,1.0090585,-1.3131322,-0.23767093,-0.1251225,-1.2872629,-0.14312251,0.26341039,0.27374589,0.55256683,0.24945977,0.49277008,-2.0570552,1.0565703,0.14270832,1.1619025,-0.036812663,-1.1329021,-0.062035531,-1.08682,0.749686,0.06496194,-0.91288149,0.33453739,-1.9318447,-1.6128975,-1.5716344,-0.45534199,0.57917118,0.26701808,0.27049822,-1.0203853,0.84357506,-1.2663312,-0.028619051,0.44875628,-1.26522,-0.079137273,-0.093735114,0.64719725,-0.005992375,0.35842317,-0.1562407,0.51067001,0.020247899,0.79405612,0.20490186,-0.11193028,-0.82645667,0.52885598,0.98857784,-0.58754581,0.54803127,0.5619933,0.62195826,-0.63971847,0.63907671,0.36342859,-1.0049611,-0.70121813,0.076025084,0.10048717,0.19805765,0.87726033,-0.27124321,-0.59354085,-0.53858465,-0.057772152,0.55428571,-0.22529459,0.10295372,-0.37196246,0.1727176,1.1923846,-1.2563387,0.1385569,0.30908555,-0.73384917,-0.062434226,-0.23454231,-1.5797213,-2.2562671,-0.17569996,0.69379318,0.059426829,-0.23927172,0.96911395,0.30269769,0.51506895,0.28618959,-0.18554194,-0.45383048,0.28105554,0.016375266,-0.085585222,-0.16467097,0.23925334,0.18614031,1.4215024,-1.8118596,-0.068442941,1.7332468,1.696102,0.51322019,-1.5073969,-0.14722781,-0.48239154,-0.13514861,0.026078047,0.35985592,0.87208354,0.59583068,0.36207038,0.26896372,0.12709084,0.81426895,0.87024415,1.0604758,-0.88103437,0.23594798,0.45175457,0.15161008,-0.48162553,-0.12455966,-1.8517733,0.40729177,-0.002108458,-0.38985515,-0.16436125,0.45321721,0.14614087,-0.65895319,0.33418551,-0.34648567,-0.044186793,-0.10907179,0.78406954,1.2002149,0.38498545,0.11530059,0.6735822,0.001916081,-0.048952091,-1.1023449,0.35676393,-0.7640878,0.13926516,0.69894892,-0.94475663,-0.5765993,0.42836002,0.34775788,-0.55772007,-1.2865931,0.69508612,-0.62956768,0.072690815,-1.9136565,0.38696587,-0.23726535,-0.98653388,-0.53922099,1.0449299,0.48452878,-1.9519137,-1.2769686,-0.3989571,-0.060553543,0.3518014,0.004749022,0.061947078,0.50259537,0.2995266,-0.11837398,0.2852754,0.46362218,0.48746586,0.040647179,0.030029088,0.21885863,-1.6416544,-0.047664039,0.34430832,0.019585587,0.26529732,0.6790154,1.2471474,-0.43025181,-1.0557331,-0.50021398,-0.005613506,-2.2102852,0.30823767,0.44394901,0.44044355,-0.74378204,-1.3991044,0.37955862,-0.73955172,0.27953878,0.018525258,-0.056291994,0.64389104,0.081495352,0.37430149,0.48204973,0.012583777,-0.054333396,-0.44123363,-2.4392645,-0.8715837,-0.91396803,0.1110709,-0.98559725,0.14929533,-0.14257795,-0.39626759,0.12333794,1
0.6136663,0.35364163,0.32716253,0.59702051,0.57995188,0.60093594,0.59456122,0.57920432,0.59177262,0.57809865,0.58099616,0.58722788,0.5877552,0.56667203,0.59512532,0.58052135,0.59506863,0.60766935,0.58596754,0.57949281,0.57148278,0.57496107,0.57122588,0.57877743,0.58202177,0.57259619,0.5837608,0.56517243,0.58213884,0.56976545,0.57265675,0.57427227,0.5615741,0.56565654,0.57028472,0.55817413,0.56439948,0.57461536,0.5546664,0.5546174,-1.0185769,0.31421533,0.38060325,0.43993959,1.3751163,1.7396595,1.2844906,0.71030158,0.83103573,1.6359737,1.4293866,1.1885929,0.38206637,-0.18653286,-0.44821578,-0.46204773,0.69268692,0.4126727,0.36557901,0.28683811,-0.77454638,0.098518275,-0.76286745,0.37072751,-0.62285036,0.031274036,-0.22121991,0.69556588,0.12510473,1.3654752,-0.21885593,0.18482929,-1.2459433,-0.31078047,-0.11521895,0.8793062,-1.1770676,0.53754103,0.025173739,-0.97500938,-0.10071386,-1.2232159,-0.5892542,0.30132523,0.84324443,0.64880461,-0.002724769,-1.8124664,0.67703205,0.12739307,-1.1503829,0.69631219,-0.018308401,0.11745007,0.45219052,0.04143323,0.41279179,-0.22559811,0.05875985,0.6201638,-0.62118524,-1.1323652,-0.016121976,0.54228783,-0.33916312,0.1454768,0.28800219,-0.18401329,-0.20366882,-0.34438479,0.5667153,0.58075213,-0.21168058,-0.36474347,-0.33480677,0.004158929,0.31865084,-1.1053616,0.45984131,-1.0181817,-0.38575953,-1.8935823,-0.74403852,-0.12755474,-0.67128468,0.33916745,-0.50573152,0.090744831,-0.1117515,-0.059381038,-0.72648638,-0.80221659,0.20789957,-1.1052845,-0.23764473,-0.045843013,0.064570129,0.16207457,-0.51167071,-1.5475783,0.51582146,0.52545261,0.82691485,-0.18359262,0.53141856,0.39707306,0.062791377,-0.49472415,-0.4067153,0.41647947,-0.83170766,-0.06321878,0.40807736,-0.21297909,-0.7843318,0.15514123,-0.43089023,-0.44448185,0.28714633,-0.38740763,-0.013927819,-0.91392046,0.79616547,0.78712136,0.21099234,0.12421104,-1.7124431,0.44226736,0.042354535,-0.15447676,-0.048365366,-0.53310198,0.10566867,-0.17426731,-0.69458818,1.1001884,-0.83921927,0.1099584,0.36310831,-1.4242927,-0.18887851,0.26965627,-0.20307991,-0.36112049,-0.85306317,0.39607197,-0.10384229,0.4318108,0.87604445,-0.81804699,-0.22727181,0.072016783,0.017524984,0.21516749,0.25120941,0.077452458,-0.10137282,-1.268103,-1.9308519,-0.79834723,0.23730521,0.5507524,0.48324811,-0.51816517,-0.41663396,0.01753094,1.4008605,-0.22638488,0.1185517,-0.16758642,-0.16920912,0.92839366,0.1395278,0.30197451,1.3804197,-0.11337803,-2.2956088,-0.14368519,0.58524013,0.054817844,-0.054548748,-0.60511512,0.04256171,-1.3720376,0.12571305,-1.1932734,0.15728369,0.32375121,-0.90179694,0.023894547,0.12804294,0.51784778,-0.21883586,-0.4384622,-2.4562819,0.17116931,-0.82926834,-0.049987562,0.003110096,0.018765956,0.59693491,0.1754899,-0.28314027,0.37295887,-1.3421531,-0.92015105,-0.12103425,0.52816111,-0.42864633,0.25123966,0.21155283,0.34258845,-0.021394495,0.42414194,0.44649753,0.79916316,-1.1359621,-0.38447249,0.72792888,-0.037643611,0.16736686,0.030082189,-0.27798948,-1.3857441,-0.49765003,0.11897951,-0.56372416,0.33335775,0.99175835,0.31603456,-0.53546971,0.17275661,-0.41725677,0.62630785,0.53692693,-0.502666,0.059348449,1.6586913,0.20484206,0.20415786,-0.77435094,-0.35519582,-1.9468697,0.98719358,-1.1565778,-0.08684288,-0.11904907,-1.4560062,-0.45309803,0.17357045,0.21129233,0.59791702,0.69465947,0.42947757,-1.8221473,0.97436172,0.045105644,1.0778357,0.10407253,-1.3125496,-0.015274234,-1.0227649,0.72050011,0.37137365,-0.94065344,0.16508676,-1.5558305,-1.5015144,-1.3794547,-0.41181985,0.48543024,0.80268121,0.29447639,-0.941145,0.83785361,-0.96715593,-0.22080846,0.45745242,-1.0164522,-0.20458302,0.031391881,0.47101051,0.12985945,0.41649252,-0.15537041,0.72483027,-0.020784399,0.51010388,0.020226635,-0.16624135,-0.69481331,0.46195078,1.0862797,-0.57919037,0.76498663,0.4976497,0.42985976,-0.69368601,0.49184713,0.12841953,-0.81592321,-0.61955094,0.070251659,-0.007877022,0.090579301,0.71527129,-0.21902807,-0.52710861,-0.58374661,-0.099377692,0.55657536,-0.12807763,0.10997672,-0.35761261,0.21089283,1.2195523,-0.91560674,0.13333584,0.44145703,-0.57338905,-0.006399939,-0.24035922,-1.2700388,-1.8703076,-0.1410514,0.70163316,0.089941829,-0.042786762,0.71215653,0.1914338,0.54430056,0.31170174,-0.026187167,-0.45217603,0.22986645,0.10811723,-0.2164987,-0.67366326,0.26849204,0.11418392,1.2246733,-1.6636728,-0.05543448,1.3502467,1.74106,0.38338283,-1.4417776,-0.25586087,-0.33152819,-0.25408065,-0.021735124,0.35649797,0.76184684,0.65008622,0.58822024,0.18950737,0.16933504,0.97143221,0.68041062,1.167341,-1.0029882,0.36966714,0.11152649,0.13592839,-0.37516013,-0.13082737,-1.6022807,0.36588013,-0.019784391,-0.49736118,-0.22141331,0.26992232,0.091718785,-0.68645835,0.18212497,-0.2750777,0.59901446,-0.008395709,0.48038027,0.88604367,0.29815799,0.13368346,0.69796169,0.12151889,0.12734167,-0.92275101,0.29118189,-0.79559386,-0.12587458,0.8294878,-0.79469824,-0.33709025,0.5982188,0.31967083,-0.46463636,-1.2195119,0.51831329,-0.58572948,0.14670204,-1.7830803,0.30618966,-0.27332643,-0.65070319,-0.53146714,1.1860961,0.38853267,-1.8809704,-1.1996726,-0.44153029,-0.032775998,0.31348991,-0.10782799,0.13936304,0.33813182,0.26011944,-0.18096222,0.32241645,0.34060067,0.29162809,0.076337934,-0.31441152,0.29038724,-1.5879256,-0.036459122,0.30879208,0.12367743,0.23526961,0.71213979,1.0947434,-0.41242415,-0.88365358,-0.36819422,0.150252,-2.0159914,0.43540126,0.51532298,0.44167376,-0.74270403,-1.3085178,0.32181188,-0.47341111,0.33172268,-0.085941792,-0.030905981,0.5273658,0.077596769,0.36333954,0.22688453,0.070410788,-0.001382411,-0.32487863,-2.2653518,-0.73016942,-0.8102631,0.001575714,-0.79267788,0.17488582,-0.061153263,-0.21566862,0.11122544,1
0.52710962,0.27642804,0.24319205,0.52953768,0.51937795,0.54874134,0.53209352,0.51297975,0.51416087,0.51987851,0.50791073,0.51689386,0.51356411,0.50252372,0.53053194,0.51232386,0.52027351,0.53959179,0.51248813,0.50512862,0.49983644,0.50910628,0.50543857,0.50715995,0.5136025,0.49195403,0.49923268,0.49223751,0.50266498,0.49682599,0.49206212,0.50335139,0.49678192,0.48854196,0.49531397,0.48412883,0.4846296,0.49337,0.47950989,0.48005417,-0.90409911,0.22609371,0.23857057,0.35376969,1.295036,1.6172926,1.1490197,0.59391654,0.69435334,1.53266,1.3400099,1.0760094,0.29100859,-0.20781426,-0.25568596,-0.35622129,0.5526734,0.33474645,0.29723334,0.26494575,-0.54676288,0.034834299,-0.48973933,0.22942761,-0.74840862,0.10601716,-0.20165746,0.61553746,0.18138143,1.1461198,-0.20622592,0.12630038,-1.0752968,-0.2836923,-0.18332851,0.78711975,-1.1302426,0.49163204,0.071710691,-0.83672613,-0.092393816,-0.90983415,-0.55051082,0.42784509,0.70724761,0.44311225,-0.070491247,-1.576764,0.58330435,0.071746275,-0.90130872,0.79727197,0.010026999,0.047749009,0.37580639,0.057837233,0.23310867,-0.32282397,-0.009257004,0.52184176,-0.82410574,-0.98119605,-0.035039954,0.58124197,-0.4032661,0.29999748,0.21796343,-0.16157673,-0.084728107,-0.30697003,0.19921853,0.65447944,-0.19262591,-0.34691346,-0.24048643,0.39137805,0.26083434,-0.97531188,0.32815188,-0.80686116,-0.30629012,-1.6373259,-0.82629132,-0.1359037,-0.41151863,0.37497246,-0.31846678,0.09611249,-0.18739554,-0.16442561,-0.606552,-0.51264566,0.23613495,-1.0185194,-0.13548905,-0.14592522,0.001189664,0.20565003,-0.3391673,-1.4475694,0.5557496,0.40414518,0.76225019,-0.14584227,0.42777663,0.29717788,0.017736487,-0.15635212,-0.27337578,0.32763532,-0.83125126,-0.099925563,0.32554629,-0.21339625,-0.7205261,0.057130992,-0.50386715,-0.46170956,0.37094808,-0.4347941,-0.063658871,-0.65901625,0.72569495,0.63535374,0.14022675,-0.032085087,-1.5105556,0.59180433,-0.076243974,-0.18769984,-0.01164721,-0.50642192,0.006083687,-0.12171126,-0.58718222,0.97074699,-0.68526483,0.10090508,0.48805514,-1.4003252,-0.20422129,0.24386576,-0.042277671,-0.23171948,-0.78335947,0.39510348,0.052739516,0.35010579,0.8490206,-0.70161951,-0.10679439,0.014480866,0.096788593,0.2568146,0.020675331,0.17266823,-0.2395723,-1.1523665,-1.6799971,-0.6816619,0.19201061,0.64232802,0.3575379,-0.41028252,-0.38177946,0.12897211,1.3165241,-0.12978242,0.085938126,-0.28640211,-0.25057715,1.097085,0.11109153,0.21490116,1.5398,-0.14480835,-2.1154745,-0.076859966,0.38399374,-0.038378373,-0.12791905,-0.6299507,0.21785298,-1.4624939,0.14942212,-1.1233613,0.19509819,0.14654198,-0.76709986,-0.018559013,0.14487959,0.51687855,-0.25659913,-0.12923658,-2.396368,0.39888501,-0.64861619,-0.12184015,0.028661817,0.10296327,0.50397176,0.1060873,-0.11000076,0.69525349,-1.4717293,-0.81323212,-0.25508523,0.38078442,-0.54586792,0.3059783,0.12961176,0.30197895,0.090860136,0.35878289,0.40423891,0.69907558,-0.85335982,-0.37496039,0.51302445,-0.19427143,0.28720155,-0.13141911,-0.17733246,-1.1475809,-0.40836829,0.032997865,-0.32736626,0.30128789,1.1631843,0.26373273,-0.40829986,0.21515587,-0.26189736,0.61509144,0.56649923,-0.40850523,0.033585873,1.6618636,0.1405811,0.074362442,-0.73824197,-0.1846789,-1.9321592,0.91932261,-1.0508724,-0.23435585,-0.20973399,-1.3133894,-0.15435892,0.24122402,0.18092425,0.42581442,0.087877154,0.38192198,-1.7609224,0.96587616,-0.014918841,1.0720915,0.060494784,-0.94549757,0.010705337,-0.90945971,0.63919163,0.50146949,-0.8371768,0.31362051,-1.6011096,-1.4049081,-1.1830245,-0.38573727,0.51299286,0.40937281,0.19886751,-0.88496596,0.69002551,-0.99233955,-0.084255703,0.30981699,-0.95853692,-0.12510906,-0.06543494,0.58073461,0.032143444,0.325829,-0.20361875,0.60341251,0.001228897,0.62728626,0.038419522,-0.11091232,-0.79807019,0.41300136,0.79365361,-0.37941438,0.58953249,0.36887413,0.60168254,-0.61964089,0.73738056,0.38259056,-0.74144244,-0.55299163,0.035250604,0.11056252,0.13045017,0.69443583,-0.17570668,-0.48213395,-0.45957565,-0.031785946,0.4785502,-0.17068733,0.10859808,-0.32339591,0.090095162,0.99125957,-1.0921052,0.10656528,0.2834352,-0.58789486,-0.04529864,-0.17741445,-1.2798569,-1.7815961,-0.19554576,0.5764029,0.081298485,-0.088825673,0.67897028,0.27988485,0.47510257,0.2309081,-0.007726103,-0.45756668,0.17302965,0.034326915,-0.13148108,-0.20356473,0.17237131,0.16339116,1.2732873,-1.5419564,-0.1577183,1.6081108,1.4771169,0.47956765,-1.2854247,-0.14177331,-0.44190943,-0.1684719,0.019651687,0.20531875,0.76457471,0.88497567,0.36920953,0.24923001,0.10040064,0.8144533,0.65733659,0.87674624,-0.73599917,0.00364989,0.32737875,0.046630986,-0.3808741,-0.14772046,-1.4678226,0.2910282,-0.011566084,-0.338985,-0.12234458,0.14839146,0.067920372,-0.54261857,0.27238837,-0.27681825,0.089364439,-0.039310925,0.53596872,1.0219188,0.29579574,0.10928188,0.57163787,0.65935874,-0.035315406,-0.92987931,0.36733925,-0.74543965,0.22967087,0.68435872,-0.88570487,-0.3515096,0.4003897,0.19394013,-0.43514621,-1.0891247,0.54256016,-0.61387247,0.053709358,-1.6579481,0.26639488,-0.1912162,-0.53881693,-0.50017101,0.89710677,0.27665821,-1.7165778,-1.1096517,-0.33616462,-0.053952452,0.28362578,0.051577896,0.005170036,0.4265537,0.18549156,-0.14762214,0.20640837,0.38861835,0.35024324,0.14329907,-0.032273762,0.1726035,-1.2870101,-0.065567851,0.21934569,0.085421324,0.2116798,0.54607463,1.0690486,-0.39798868,-0.84605622,-0.42475504,0.062123138,-1.8414309,0.37172157,0.19197309,0.32420188,-0.6313504,-1.2614956,0.33566436,-0.47842059,0.27582464,-0.007756949,-0.014459524,0.42224467,0.046399303,0.31612304,0.25517032,0.028633926,-0.083548181,-0.31001672,-2.0002749,-0.66911829,-0.76492912,0.10268408,-0.83998209,0.14530978,-0.07190869,-0.26346323,0.013720872,1
0.57539117,0.32912213,0.2754302,0.57971644,0.56279963,0.58769786,0.56978548,0.5595426,0.57147932,0.56599718,0.56382382,0.56600189,0.56234014,0.55239666,0.57806617,0.55038482,0.55918258,0.57873052,0.56035054,0.54712713,0.55171907,0.56449151,0.54969424,0.55240619,0.56052685,0.55339664,0.56626344,0.54666245,0.55391943,0.54903597,0.55239058,0.55933893,0.54003894,0.54615372,0.55471992,0.53436393,0.52973294,0.55094481,0.53255391,0.54265726,-0.97489965,0.26027602,0.43082762,0.51539624,1.4404947,1.7420712,1.3475633,0.77132702,0.88589692,1.7190812,1.5006061,1.2618761,0.49163753,-0.22633837,-0.29588169,-0.45678174,0.8125723,0.49614537,0.40473586,0.3506155,-0.93661594,-0.012055515,-0.50555813,0.36826017,-0.7817741,0.030832503,-0.21284652,0.62881184,-0.026964366,1.1665125,-0.17836209,0.26431775,-1.2096618,-0.22548048,-0.19122206,1.2032189,-1.2291094,0.58637536,0.058303565,-0.99016392,-0.015630849,-1.0254618,-0.56486791,0.33768305,1.0394442,0.51243079,-0.061453376,-1.6841052,0.66883671,0.16683702,-1.1754411,0.67498028,-0.008720946,-0.12096233,0.49256694,-0.048911586,0.25113565,-0.23111069,-0.015801832,0.704629,-0.84085929,-0.98932207,0.002240967,0.6482023,-0.37408498,0.49965018,0.22823392,-0.24415584,0.029198572,-0.28531823,0.3184481,0.51466179,-0.23831868,-0.15822501,-0.40128648,0.17724028,0.26480383,-0.9886139,0.38265133,-0.9827069,-0.33748558,-1.7774664,-0.84716672,-0.1244925,-0.53945434,0.33518553,-0.40915731,0.11789834,-0.12477403,0.02767618,-0.74634439,-0.83097321,0.1221481,-1.084146,-0.07292185,-0.015013278,-0.10648739,0.14026201,-0.4028033,-1.6447524,0.4477784,0.52967942,0.83309698,-0.26736236,0.4676331,0.28503993,-0.0516885,-0.5868274,-0.4457024,0.55445814,-0.65889817,-0.099340066,0.38668177,-0.22064547,-0.78176516,0.13079683,-0.50537014,-0.41844547,0.34291631,-0.34002978,0.012868461,-0.80475223,0.67158103,0.83783436,0.18681848,-0.097677484,-1.7452905,0.41975451,-0.050415855,-0.24028727,-0.023801148,-0.53295219,0.11120272,-0.16628104,-0.78258383,0.99972939,-0.73166382,0.12596488,0.44922441,-1.2315745,-0.24842873,0.32146928,-0.090099767,-0.25272453,-0.81545943,0.4579739,-0.081127226,0.3665292,0.82758683,-0.7601192,-0.15202771,0.1243455,0.041175842,0.24025187,0.45057985,0.15425742,-0.37540108,-1.3160905,-1.91957,-0.84372932,0.27969044,0.6338973,0.36612555,-0.46211365,-0.43862268,0.016486153,1.3371739,-0.078031398,0.10061492,-0.12985907,-0.21305637,0.89243203,0.21537131,0.33889234,0.69510746,-0.21984825,-2.2196145,-0.11456569,0.32375571,0.043144424,-0.238326,-0.62137336,0.11488713,-1.4263719,0.18398108,-1.3137327,0.18391062,0.15465312,-0.93731642,0.09406589,0.14125317,0.37859371,-0.13210174,-0.44273353,-2.5140328,0.33672929,-0.93648112,-0.073807508,0.004318394,0.10407436,0.53894651,0.18216601,-0.24964806,0.64100224,-1.487069,-0.78478885,-0.40438458,0.47788668,-0.5330202,0.14767805,0.059044302,0.37302157,0.12654497,0.49935865,0.39916,0.75190181,-1.019182,-0.35407567,0.67417693,-0.16372776,0.31757256,-0.069696456,-0.1827973,-1.2468596,-0.31243411,0.074375115,-0.45614505,0.2466152,1.0310543,0.34000939,-0.52578235,0.20833242,-0.41088405,0.48743904,0.48711509,-0.48044974,0.075107828,1.7524292,0.12041688,0.23176225,-0.98151523,-0.39456969,-1.8822858,0.96457613,-1.0227244,-0.13682723,0.022082895,-1.542542,-0.33652619,0.19298561,0.057157055,0.64133805,0.4686498,0.20022464,-1.9500021,0.90868932,0.25865299,1.1932377,-0.095636994,-1.2022946,-0.054285914,-1.1018713,0.53980809,0.28996766,-0.9488194,0.13226633,-1.7316777,-1.3515118,-1.3891348,-0.38312197,0.48314202,0.47222257,0.32126483,-0.85433811,0.79950142,-1.0373391,-0.22792536,0.47554088,-1.1027665,-0.15911512,0.003573997,0.55514181,-0.01143923,0.31739458,-0.28647491,0.40604731,0.032845467,0.45926827,0.11821535,-0.048192158,-0.74260485,0.57858479,1.0056199,-0.45041353,0.53260648,0.53314257,0.42017156,-0.7193588,0.55459905,0.16725065,-0.67427528,-0.609496,0.088057153,-0.090978265,0.10122009,0.71974856,-0.29614097,-0.64026791,-0.52661252,-0.047411188,0.54298753,-0.065063909,-0.015734091,-0.32490277,0.19507952,1.0565289,-1.0017127,0.1428536,0.4209938,-0.67457408,-0.043180898,-0.2301816,-1.294077,-2.0388041,-0.3508358,0.70952803,0.051434878,-0.13744101,0.68918276,0.2369374,0.55960828,0.3010709,-0.10995491,-0.53408629,0.30470651,0.020611305,-0.23451738,-0.58536363,0.25370193,0.21084148,1.2073109,-1.6622243,-0.005442018,1.5753565,1.6560291,0.34904212,-1.5559121,-0.16270913,-0.38070986,-0.21696499,0.021494247,0.13363311,0.71078455,0.3998293,0.52618432,0.12066757,0.16252539,0.82690728,0.69640976,0.88824379,-0.99286842,0.16090009,0.14145811,0.21315977,-0.4062821,-0.15627253,-1.7376004,0.44826168,0.048144124,-0.37980857,-0.27609223,0.19099687,0.15669617,-0.60103804,0.12760201,-0.29947257,0.27718073,-0.077135898,0.53462613,0.81927991,0.30570379,0.033610027,0.64813268,-0.074710563,0.065952547,-0.93357372,0.42114347,-0.855358,-0.015429273,0.79631889,-0.89711809,-0.33004189,0.39335799,0.28086996,-0.42513752,-1.1155347,0.58474618,-0.67324615,0.27811259,-1.8538549,0.36812404,-0.23567772,-0.72425336,-0.65790874,0.92418957,0.36803395,-1.945225,-1.2274358,-0.43489188,-0.060377844,0.2375322,0.020836852,0.089732707,0.33754587,0.31484056,-0.10365514,0.30459872,0.33775681,0.34466353,0.14731093,-0.24545282,0.32275811,-1.4765352,-0.037108894,0.21886547,0.09549661,0.26001847,0.6717875,1.1031835,-0.36204964,-0.92936254,-0.41651365,0.11542853,-2.0120616,0.51856804,0.31530225,0.44220516,-0.68683076,-1.2471218,0.27738363,-0.54862881,0.48526245,-0.14196143,-0.071534954,0.39272028,0.11011102,0.36668336,0.40258577,0.1034946,0.033041358,-0.24524343,-2.2687716,-0.60387141,-0.75087112,0.08193478,-0.82547748,0.41757119,0.089197829,-0.3158159,0.071012966,1
0.41521606,0.18084531,0.14031155,0.41985726,0.41176677,0.44071496,0.41703647,0.40448231,0.4096252,0.40330422,0.41327542,0.41067255,0.41079181,0.38969734,0.41361153,0.40126431,0.41596362,0.43194407,0.40137041,0.40494841,0.39273554,0.3993209,0.39067549,0.392618,0.40983844,0.38804859,0.39094749,0.38865378,0.38649029,0.3870956,0.38657328,0.39900249,0.37044334,0.37872636,0.38427505,0.37149358,0.37069425,0.38611016,0.36366674,0.36675557,-0.88413042,0.12513573,0.30307209,0.42239261,1.3549305,1.6533136,1.2265195,0.65129507,0.76733655,1.5949969,1.3840868,1.1409379,0.36153719,-0.16297781,-0.24323587,-0.41419482,0.5180456,0.31793904,0.31681234,0.24416901,-0.83268809,-0.048349172,-0.53209311,0.22843719,-0.43564245,0.046515107,-0.19660601,0.54889691,-0.087004334,1.415542,-0.25789279,0.16393727,-1.0519624,-0.25408959,-0.030257996,0.7444616,-0.92501634,0.50580007,0.058901429,-0.91651928,-0.16734755,-1.1454026,-0.46181926,0.44631693,0.65980428,0.52099282,-0.074259222,-1.6376092,0.812585,0.084370673,-1.1007881,0.65030253,0.029779039,0.13267922,0.55581051,0.018848687,0.32800329,-0.25284278,0.1112918,0.57060176,-0.49309236,-0.92009711,-0.005464777,0.52878517,-0.24427272,0.21951371,0.097759932,-0.28627408,0.018075421,-0.23878108,0.31153888,0.66060764,-0.19549355,-0.59379756,-0.3344872,-0.037646472,0.43899065,-0.99895912,0.3798109,-0.90400457,-0.28923762,-1.655485,-0.92683649,-0.10502482,-0.67405641,0.29004541,-0.35905907,0.029020734,-0.092638478,-0.21315491,-0.66617429,-0.56599635,0.50767803,-0.99924338,-0.16634101,-0.029021122,0.060935758,0.082716301,-0.39814967,-1.5185179,0.87630457,0.41801593,0.74284333,-0.17874306,0.45672074,0.20367759,-0.012467414,-0.14258005,-0.2266095,0.37827641,-0.59376675,0.067197055,0.32498997,-0.24805185,-0.752864,0.077997997,-0.51552624,-0.42888314,0.34408203,-0.26324272,0.038856175,-0.68519098,0.56238377,0.91584975,0.20970073,-0.14917396,-1.541612,0.66845971,0.08337301,-0.21197507,-0.034687582,-0.53772628,0.091159306,-0.16427118,-0.58945304,1.0662822,-0.66828531,0.11150862,0.47370893,-1.4215127,-0.18464416,0.18636793,-0.1252051,-0.4224492,-0.79363012,0.40447134,-0.061719298,0.32716641,0.71082544,-0.65211368,-0.23303366,0.027294125,0.056282524,0.25552112,0.46040207,0.15581898,-0.080032423,-1.2026094,-1.7016445,-0.72579139,0.23628607,0.7106756,0.1608299,-0.41223878,-0.29332903,0.019018069,1.0368268,0.33475706,0.13570243,-0.19244064,-0.22377244,1.0305953,0.090091795,0.25709385,1.1667881,-0.15191168,-2.1472573,-0.072979614,0.43600965,-0.022773266,-0.25165385,-0.73206276,0.031435728,-1.3318744,0.17327328,-1.0070904,0.17020869,0.2668522,-0.79733217,0.049908865,0.22089046,0.45896137,-0.035265118,-0.22659478,-2.4135458,0.35282698,-0.61100382,-0.059560627,0.14575155,0.20709318,0.52149892,0.17170909,-0.13993585,0.58278018,-1.3957065,-0.78352708,-0.37029094,0.49205637,-0.35839093,0.1712085,0.098914526,0.32465515,-0.045247555,0.40296385,0.44409305,0.6201483,-0.93639624,-0.31956473,0.80768722,-0.23429509,0.22200625,-0.030349847,-0.24838459,-1.1484345,-0.41340569,0.083173834,-0.31052089,0.17010376,1.1490152,0.25253621,-0.43644467,0.20735765,-0.25851977,0.32681209,0.66362125,-0.35665748,-0.001986153,1.4901839,0.37158552,0.18173788,-0.91723186,-0.19101572,-1.7978665,0.92027026,-1.1851003,-0.21514587,-0.072413877,-1.3688445,-0.15195222,0.09782096,0.17485856,0.43488455,0.66495031,0.39513755,-1.7005799,0.8999511,0.24292728,1.206429,-0.023113485,-1.0646099,-0.020136267,-0.84814191,0.58886772,-0.023760781,-0.7503261,0.42540064,-1.643782,-1.355334,-1.2654603,-0.28572962,0.4395569,0.65357125,0.2672103,-0.96238929,0.73020601,-0.87625641,-0.20690423,0.40320206,-1.0270748,-0.077115238,-0.022683663,0.55183041,-0.05568441,0.34121907,-0.19292861,0.39243764,0.03981128,0.51054257,0.027078062,-0.13178819,-0.67245883,0.32051212,0.91903591,-0.51070267,0.67534935,0.53286761,0.43905848,-0.71345001,0.87440032,0.40707204,-0.76080799,-0.67057574,0.040788885,0.088708505,0.18446493,0.68963808,-0.23886448,-0.35634592,-0.38990819,0.018305341,0.52203894,-0.30591458,-0.078080952,-0.38557112,0.10128706,1.1633332,-0.90519011,0.13812239,0.32662782,-0.54529834,-0.031085469,0.19784042,-1.2778553,-1.8183749,-0.20682351,0.58944595,-0.026684746,-0.093857586,0.66793656,0.072149664,0.46794069,0.26333511,-0.038077652,-0.55937529,0.17396653,0.12320602,-0.16921999,-0.22325842,0.2104798,0.23082703,1.1253927,-1.4717597,-0.14584079,1.3790265,1.4033258,0.56334007,-1.2653085,-0.26340285,-0.52070796,-0.21255146,0.16688521,0.19418661,0.77179658,0.43582717,0.45408025,0.20024103,0.14975065,0.71540892,0.6554746,1.077325,-0.87387502,0.15304054,0.28225225,0.055142097,-0.3135758,-0.15488279,-1.5822976,0.30025417,-0.010633476,-0.34042719,-0.26276246,0.549088,0.19172448,-0.39996141,0.18791275,-0.27197158,0.59032965,-0.058319233,0.63445544,1.0878663,0.26745927,0.090943865,0.58141124,0.19602546,0.22764096,-0.88181084,0.34386468,-0.67448509,0.090892032,0.85716522,-0.52881646,-0.51590019,0.36098698,0.28505403,-0.562549,-1.0023996,0.56937695,-0.62285435,-0.090015151,-1.539682,0.26209143,-0.25681779,-0.83414865,-0.4720687,0.86958182,0.27817515,-1.7786219,-1.1125164,-0.38468224,0.023110636,0.37594914,-0.091063872,0.074399881,0.42342004,0.19762807,-0.12738943,0.28050378,0.35281548,0.44841155,-0.059556503,-0.050037928,0.44615114,-1.4029056,-0.034003351,0.40329313,0.1359372,0.19857964,0.48821041,0.935444,-0.3558431,-0.78690082,-0.35765868,0.31613183,-1.8450333,0.3248167,0.31680673,0.36481953,-0.66264886,-1.2463626,0.33783171,-0.39892548,0.036133245,-0.003371745,-0.036878917,0.42902869,0.057041507,0.36005348,0.34496686,0.024818743,-0.085056946,-0.37198699,-1.9766715,-0.71969938,-0.81788707,0.04026657,-0.81297147,0.16944499,-0.11435949,-0.27722591,0.12310334,1
0.52288508,0.27558702,0.23133759,0.52276719,0.50542355,0.53526676,0.50961471,0.49810174,0.50721502,0.5035913,0.49793139,0.50165057,0.50695789,0.49388134,0.51860213,0.49816948,0.51757818,0.51973039,0.50477391,0.4993661,0.49349535,0.49693102,0.49197948,0.49800479,0.5016712,0.49378565,0.50013936,0.48468333,0.4985877,0.49381971,0.49095851,0.50098443,0.48076978,0.47753924,0.48077023,0.47152209,0.47234917,0.48535144,0.46897078,0.47898608,-0.87015623,0.21480271,0.30452698,0.40465719,1.3184131,1.6605737,1.2017133,0.62630081,0.74795383,1.5659535,1.3778867,1.1190511,0.31129545,-0.18459532,0.047734462,-0.43328458,0.49917588,0.31395221,0.36732757,0.25889263,-0.97195339,0.035915673,-0.56323731,0.18967821,-0.74840742,-0.09937264,-0.11806985,0.73753327,-0.072452217,1.0029438,-0.16733381,0.44286877,-0.96159786,-0.18629605,-0.14214113,0.72438824,-1.117016,0.42580932,0.13129717,-0.88505769,-0.074101284,-1.0105309,-0.57992727,0.59261888,0.60669482,0.64957869,-0.15722474,-1.657801,0.8246659,0.21349096,-0.88479918,0.50755012,0.20616931,0.26769561,0.42004851,0.091115981,0.17830519,-0.32213068,-0.073394567,0.54369336,-0.73887515,-0.97433883,0.015571307,0.52741218,-0.36666521,0.25241542,0.32801694,-0.14065169,0.009873733,-0.28072894,0.32053223,0.38084292,-0.29258862,-0.4498902,-0.42203301,0.020398691,0.65897107,-1.0317049,0.32789543,-0.15918863,-0.34806883,-1.6279924,-0.8001895,-0.22810766,-0.49472493,0.21060303,-0.32276499,-0.000942223,-0.17987137,-0.16089219,-0.78842181,-0.78165597,0.9520421,-1.0347215,-0.27923656,-0.20005661,-0.14517206,0.38392526,-0.36123037,-1.4932595,0.60341489,0.50657827,0.86885417,-0.2670173,0.36534756,0.27997887,-0.03668417,1.0516169,-0.36445922,0.4310016,-0.85939789,-0.017069831,0.28294653,-0.30024201,-0.65197682,0.026316594,-0.55416512,-0.56534916,0.57928061,-0.57791948,-0.083767161,-0.71381271,0.64471585,0.80352616,0.079404786,0.039256312,-1.5316855,0.44140524,-0.12922701,-0.077094182,0.005738847,-0.51111329,-0.038402621,-0.1755172,-0.46728966,1.1961319,-0.81712395,0.082781456,0.38124165,-1.3179268,-0.29729879,0.18518877,-0.14833039,-0.25664532,-0.9036842,0.23452997,-0.048561886,0.38728848,0.7492941,-0.8307575,-0.15485086,0.13152832,0.27482331,0.16404623,0.344852,0.069211647,-0.19104987,-1.2139302,-1.8721306,-0.8758381,0.23286904,0.53806323,0.26519939,-0.46282935,-0.40218228,0.074139342,0.8692165,-0.26997757,0.13766786,-0.30366969,-0.24422383,0.95122159,0.11691649,0.2788533,2.0199363,-0.32926628,-2.2151303,-0.028125349,1.0831859,0.035041519,-0.207394,-0.58383524,0.025856979,-1.504323,0.26047581,-1.0320231,0.076973677,0.22830662,-0.81153774,-0.090224028,0.21571684,0.51700532,-0.19449681,-0.26824731,-2.3877783,0.23869532,-0.47485995,-0.020264536,-0.19667566,0.24813673,0.41143695,0.071244113,-0.093376428,0.59323138,-1.4603127,-0.94075286,0.16832323,0.51737541,-0.38504478,0.10059728,0.056268468,0.19953157,0.017669149,0.30551541,0.21941112,0.72859138,-1.1103195,-0.42408836,0.48854747,0.051647216,0.22091357,-0.11814352,-0.15693584,-1.1784775,-0.3682031,0.10982509,-0.42274812,0.30114818,1.0049715,0.35210603,-0.42286444,0.19397078,-0.36354151,0.31408718,0.58159864,-0.39643511,0.067141928,1.4961263,0.14591351,0.12401344,-0.95473975,-0.25163114,-1.8453586,0.64983261,-0.9959445,-0.29316774,-0.024690077,-0.98441756,-0.48796868,0.22229257,0.28794393,0.90030026,0.53394043,0.68191111,-1.8153197,0.92354333,0.20124252,1.0080439,0.016482214,-0.97624916,-0.04497337,-1.0379443,0.61752582,0.10984907,-0.88328183,0.34133565,-1.6056744,-1.3507859,-1.2680051,-0.40396416,0.67119145,1.0406651,0.22368139,-1.0070863,0.63613272,-1.0159127,-0.25087777,0.50114805,-0.99786615,-0.21847808,0.086380363,0.39038947,0.009903621,0.28921843,-0.2617864,0.62834847,0.090148628,0.096942961,-0.037407346,-0.12141711,-1.0298705,0.35168526,0.8396194,-0.46308345,0.64403915,0.40115464,0.22075391,-0.68621171,0.53573221,-0.014459312,-0.85212547,-0.62830442,-0.008635044,0.069983721,-0.052233562,0.74995434,-0.17263319,-0.5598979,-0.54402143,0.047001295,0.37078813,-0.12609005,-0.009010777,-0.3422398,0.11672463,0.87994015,-1.1074728,0.1725792,0.3085199,-0.6733467,-0.02697606,-0.33069456,-1.2383478,-1.9449637,-0.30495524,0.62867415,0.052670091,-0.040541515,0.4842369,0.22418198,0.4874323,0.20778517,0.21735063,-0.56883836,0.18112156,0.18562929,-0.2180464,0.49933881,0.20082614,0.078920454,1.3340386,-1.5126865,-0.15251991,1.4192365,1.6707678,0.84189963,-1.3573736,-0.20660685,-0.46325654,-0.23280308,-0.013737094,0.13616258,0.93539345,0.73027682,0.47045639,0.2467164,0.10111128,1.8810911,0.52261686,1.4407566,-0.90940338,0.049815983,0.44291693,-0.015802801,-0.43553343,-0.14217056,-1.2408119,0.32408917,0.02734321,-0.46959305,-0.25626367,0.23846023,0.16394223,-0.44866145,0.10538933,-0.31124377,0.88113815,-0.19615649,0.30472472,0.83293611,0.25462902,-0.064545415,0.66072416,0.21636845,-0.10000631,-0.8454653,0.28568149,-0.81879735,-0.002063051,0.53223765,-0.82143629,-0.32113165,0.37506902,0.1714361,-0.46387577,-1.1718323,0.52640939,-0.58944786,0.067920573,-1.8254938,0.24281764,-0.28618902,-0.53949451,-0.54231691,0.98630381,0.15342465,-1.6806669,-1.213017,-0.39396995,0.062492177,0.50731808,-0.13034013,0.077545643,0.37905383,0.18363309,-0.16632348,0.28549597,0.2721554,0.16398817,-0.002425283,-0.11917619,0.4142153,-1.3442154,-0.032476608,0.33382249,0.029625127,0.16090274,0.55839819,1.2063267,-0.43463966,-0.91588849,-0.4977957,0.15896896,-1.9538896,0.61106533,0.17200294,0.45060194,-0.75412458,-1.2747993,0.18744506,-0.58985966,0.32649699,0.000386825,0.14536917,0.27146173,0.067097038,0.27916729,0.12239563,-0.022631358,-0.041723929,-0.27609611,-1.9883728,-0.63645327,-0.81819385,0.041867305,-0.89781749,0.50606352,-0.051004276,-0.32163543,0.069209933,1
0.4249506,0.17725532,0.12574509,0.43705088,0.42026418,0.44634587,0.42328799,0.41497514,0.420178,0.41753376,0.41210338,0.41571108,0.41877723,0.39363822,0.4212175,0.41201645,0.4190225,0.4184345,0.41955781,0.40982023,0.37703431,0.40928686,0.4014937,0.40621245,0.40552747,0.41081065,0.41038442,0.39502245,0.41138357,0.39775464,0.3937732,0.40684354,0.39277542,0.38934612,0.39104071,0.37885579,0.37833995,0.38523608,0.37233207,0.38179052,-0.9201197,0.10465859,0.29341853,0.40546721,1.3877921,1.690562,1.2246994,0.6544553,0.76759338,1.6139872,1.414481,1.1510363,0.36063963,-0.22172216,-0.16606778,-0.45067275,0.62566465,0.40616566,0.35361695,0.28717723,-0.66448855,0.021220624,-0.53493702,0.22437911,-0.86481959,0.063226387,-0.1666435,0.59930921,0.12718527,1.064404,-0.17995398,0.20284481,-1.1180826,-0.27890116,-0.13202073,0.96878433,-1.2522142,0.4949578,-0.024722621,-0.98751467,0.047467232,-0.90416569,-0.63451666,0.50005257,0.79585272,0.45592174,-0.11902902,-1.7957489,0.84517455,0.12628512,-1.0809454,0.64578581,-0.005142167,-0.057069786,0.48998165,-0.014112398,0.16498291,-0.29277843,-0.030854911,0.61336255,-0.92988014,-0.96825373,-0.064414583,0.66814888,-0.46091783,0.21148992,0.33850417,-0.2273007,0.081811592,-0.3076385,0.23428595,0.61437732,-0.25090057,-0.39918935,-0.38598153,0.31295523,0.31918186,-1.0125252,0.3349008,-0.96532476,-0.31582105,-1.7198068,-0.80655539,-0.1845593,-0.46820945,0.39327401,-0.40018907,0.15765211,-0.14364617,-0.049625538,-0.76881891,-0.7344135,0.51862282,-1.1246935,-0.22048253,-0.088164747,-0.095120266,0.28362077,-0.34345472,-1.6193016,0.79048729,0.49885195,0.8258003,-0.24625713,0.4632124,0.35557669,-0.029258095,-0.273734,-0.31495965,0.49019998,-0.76977062,-0.036500923,0.35780627,-0.23026237,-0.75271595,0.1559228,-0.54556817,-0.61515164,0.39603066,-0.44310284,-0.029453216,-0.74871445,0.59171957,0.63335621,0.14107114,-0.079680495,-1.6053854,0.44469044,0.046681654,0.011188135,-0.083861783,-0.56057721,0.067888014,-0.16420782,-0.7240032,1.0003541,-0.8277337,0.14162685,0.42051476,-1.3485529,-0.28970325,0.29862764,-0.2107818,-0.33463722,-0.90555441,0.34970674,-0.029429063,0.18887971,0.7860238,-0.83558142,-0.18205325,0.14247128,0.55286187,0.26583534,0.26917636,-0.14427496,-0.31284848,-1.2289362,-1.8648764,-0.81082487,0.26758316,0.36003917,0.34309825,-0.47765023,-0.50697535,0.066083953,1.2700515,-0.085772552,0.11122344,-0.30772507,-0.20591405,0.99615902,0.16177467,0.28032881,1.5966476,-0.19158435,-2.1788433,-0.029781215,0.40404177,0.026005948,-0.2826314,-0.67008221,0.21229032,-1.4430501,0.11576536,-1.3405292,0.15716547,0.13481742,-0.83633298,0.018043619,-0.06647718,0.40736672,-0.18348849,-0.40728217,-2.4472675,0.44421503,-0.65785837,-0.47207519,0.087208718,0.17620735,0.4962433,0.23233275,-0.092561007,0.76335895,-1.4011202,-0.84707785,-0.41124153,0.5050171,-0.50387722,0.1083813,0.15039283,0.3241241,0.043770269,0.34078619,0.32063621,0.81171536,-1.1536857,-0.38717222,0.51382315,-0.25614387,0.27199391,-0.10788916,-0.096518807,-1.2047337,-0.38660929,0.11852176,-0.34178489,0.087520093,1.1388658,0.31621572,-0.53449988,0.28316027,-0.34888995,0.47284928,0.67979622,-0.43523255,0.07354223,1.3955408,0.30693227,0.25970748,-0.9156186,-0.3370716,-1.9017984,0.89118189,-1.0218203,-0.23526382,-0.063252889,-1.3044667,-0.25524861,0.20536189,0.29068893,0.45193711,0.51664579,0.36118102,-1.8030771,1.0017836,1.382858,1.256817,-0.004534164,-1.0809053,0.000912838,-0.97229421,0.69484282,0.08908461,-0.8455441,0.29947069,-1.7261986,-1.377497,-1.2628969,-0.44487381,0.44082385,0.62297469,0.24690299,-0.96344995,0.74812543,-0.95126724,-0.14997904,0.5632121,-1.0593053,-0.10934111,-0.056672413,0.61463577,0.047849163,0.1882872,-0.23017517,0.50488394,0.035808086,0.4000228,0.05932267,-0.099431179,-0.87333298,0.45736855,0.92871368,-0.39146394,0.71094102,0.47160974,0.3138715,-0.73846853,0.7019912,0.20034958,-0.72423178,-0.4938432,0.079328939,0.095630601,0.040647715,0.63592207,-0.16832376,-0.57593542,-0.42745987,0.055937871,0.46859425,-0.19794378,-0.081727646,-0.33931106,0.12935679,1.0042239,-1.0074666,0.23846924,0.46318322,-0.62576866,0.000457413,-0.047191367,-1.30224,-1.9321671,-0.34649077,0.60193408,0.1187553,-0.13154089,0.65519208,0.1925406,0.61192799,0.25247899,-0.16874534,-0.53332645,0.2247072,0.22073717,-0.14060286,-0.42526418,0.23194267,0.12274088,1.2073975,-1.5754868,-0.19990066,1.7301888,1.740419,0.45311591,-1.4998631,-0.21225823,-0.38104361,-0.15788691,0.10306669,0.10226613,0.75332707,0.57779181,0.39558136,0.18808159,0.15012647,1.0163003,0.70294058,1.190446,-0.91301841,0.081043273,0.19669367,0.045008011,-0.33839747,-0.13454521,-1.6891022,0.36673591,-0.015474129,-0.39217696,-0.13151681,0.27182689,0.17141989,-0.4389542,0.1523895,-0.29426402,0.35692617,-0.092280358,0.61999124,1.0168957,0.38330585,0.063007474,0.61936706,0.35161555,0.19585463,-0.89802313,0.36474681,-0.88407934,-0.066607505,0.7341547,-0.89400649,-0.44535705,0.41501611,0.1881161,-0.48806494,-1.1800601,0.66401219,-0.66670322,0.14748771,-1.7237537,0.28632751,-0.26875883,-0.78345048,-0.59262526,0.92600012,0.24112684,-1.9566898,-1.2403395,-0.35352385,0.000295182,0.29254642,0.012524355,0.049043249,0.36850825,0.25109062,-0.13168238,0.19505492,0.4047305,0.44726619,-0.019981235,-0.096734144,0.47321278,-1.3707811,-0.044106252,0.32906744,0.12487642,0.2054674,0.55141497,1.2845929,-0.3278904,-0.93417794,-0.42926621,0.54520649,-2.0207353,0.47600928,0.14660959,0.4145413,-0.71265364,-1.3806041,0.36050674,-0.41373694,0.52555776,-0.0975345,-0.063470803,0.47504559,0.058812089,0.3415252,0.25494656,-0.005909724,-0.023610495,-0.28983054,-2.1197863,-0.7031793,-0.89163262,0.022550046,-0.83857745,0.37666112,-0.1857249,-0.29641649,0.12563543,1
0.46576852,0.21719734,0.16695321,0.47254699,0.46352947,0.48188972,0.46276712,0.44562435,0.46571994,0.46049979,0.45686975,0.45386913,0.45303154,0.43530107,0.46376488,0.44537187,0.45175755,0.47753263,0.46132183,0.43603939,0.4430584,0.45190442,0.4441424,0.44148505,0.44768783,0.43729305,0.45543757,0.43913651,0.44389218,0.44461244,0.44041348,0.43935597,0.42599541,0.43165219,0.44020426,0.41738087,0.42407688,0.43513304,0.41583967,0.42711323,-0.84773862,0.15609922,0.56248665,0.64552343,1.6228559,1.7095654,1.5030556,0.91906381,1.0490789,1.8755022,1.6536756,1.438091,0.40130204,-0.11068484,-0.076668143,-0.38364762,0.58988684,0.36924616,0.35186917,0.2541312,-0.91461712,-0.045629464,-0.72269827,0.29883277,-0.26841369,0.09030655,-0.21653187,0.88505542,-0.21224648,1.294791,-0.14830288,0.19122563,-1.1989161,-0.32405671,-0.21419677,0.7807858,-0.78127521,0.57439208,0.087679058,-0.99066484,-0.015474342,-1.5683775,-0.53069746,0.54792863,0.76272041,0.51485962,-0.02239617,-1.9647985,1.161588,0.087544419,-1.3248194,0.57211399,0.1060276,0.10236639,0.79463077,-0.066839263,0.32978636,-0.33432463,0.14869331,0.74602193,-0.33727753,-1.0589799,-0.072369471,0.63133907,-0.36807108,0.36547211,-0.13707165,-0.32398337,0.081858695,-0.13094836,0.31611651,0.3909418,-0.19887669,-0.43852144,-0.4944205,-0.22100979,0.68544686,-1.2422301,0.37673792,-1.0619699,-0.37431163,-1.9075298,-1.2076155,-0.32017863,-0.87387514,0.15554459,-0.40305582,0.2190246,0.0124797,-0.28415385,-0.85332346,-0.81125557,0.64644814,-1.1584219,-0.44857439,0.016652867,-0.03290841,0.31166446,-0.43785968,-1.921858,0.9332003,0.44121826,1.0178053,-0.29617944,0.26928502,0.40443012,0.019942373,-0.2181488,-0.37704092,0.66961765,-0.75752091,0.39709222,0.39501232,-0.56926548,-0.68118477,0.21693456,-0.5612433,-0.54214019,0.47283188,-0.57652044,0.12309138,-0.54545152,0.6049794,0.8550269,-0.020446794,0.12851374,-1.8087565,0.89597881,0.09721908,-0.26992866,-0.10434,-0.47944328,0.097125217,-0.27384239,-0.73295426,1.3514676,-0.7312907,0.12491806,0.46915668,-1.8535715,-0.030595735,0.24606384,-0.24993087,-0.5781551,-1.1399443,0.27777338,-0.10060459,0.25761092,0.45167634,-0.79343104,-0.14349803,0.10868415,0.20680681,-0.004726961,0.24516505,-0.00949949,-0.017514706,-1.5043919,-2.0490067,-0.73206526,0.27636346,0.82908392,0.17971846,-0.44521883,-0.13343342,-0.060008824,1.0696862,-0.25618356,0.21712375,-0.14985298,-0.25252628,0.96575201,0.19423053,0.27470464,2.4423933,-0.27667582,-2.581522,-0.014722154,0.72131395,0.063994475,-0.2029621,-0.9730069,-0.12145157,-1.5393279,0.26528195,-0.89729381,0.08503747,0.010516256,-1.0441494,0.091226384,0.42181116,0.75923419,-0.10270128,-0.089157388,-2.663702,0.46388859,-0.76553237,-0.068159051,0.019713268,0.40322676,0.6256032,0.14493316,0.088885635,0.55918765,-1.7123421,-0.96984333,0.014672622,0.72287464,-0.2280727,-0.13066393,0.048026949,0.2076281,-0.094047047,0.41850561,0.50194168,0.74706286,-1.0824717,-0.37079486,0.95168662,-0.37553713,0.013942868,-0.17894077,-0.31241953,-1.3909345,-0.47210678,0.2684229,-0.28652644,0.05665046,1.0292312,0.32915872,-0.44873196,0.20189965,-0.36265722,0.52844608,0.68518603,-0.5507375,0.03008046,1.5187584,0.50974882,0.26184532,-1.1652693,-0.27734622,-2.0115619,1.0161196,-1.6670722,-0.1031048,0.088640898,-1.3181666,-0.52642751,0.058806166,0.047533005,0.63464665,0.66650796,0.6910454,-1.976918,1.1015851,0.36011884,1.5770395,-0.19534402,-1.3457012,0.067276672,-1.018178,0.7507118,0.28746673,-0.69252336,0.52050972,-2.0084918,-1.3768861,-1.4897091,-0.32120723,0.34639096,1.2264247,0.2455595,-1.2874345,0.933173,-1.0683467,-0.34101015,0.30795687,-1.2635056,-0.20459172,-0.018130114,0.49950221,-0.022298485,0.32187811,-0.39746228,0.47726834,0.018536337,0.65114796,0.049583249,-0.30402493,-0.681288,0.43944058,0.98024535,-0.76516652,0.77687716,0.53395039,0.053642452,-0.86029696,0.8878544,0.24704309,-1.0653038,-0.83730382,0.10717109,0.23046064,0.11207284,0.92641562,-0.19426414,-0.39316374,-0.4223507,-0.026449092,0.70119798,-0.11567314,-0.2271443,-0.52247655,0.12760879,1.0392895,-1.0866069,0.15099332,0.56640768,-0.46765786,-0.031289615,0.54450405,-1.5332738,-2.2875619,-0.14659967,0.66915756,-0.043628395,-0.075532734,0.80663878,0.22517553,0.43338382,0.3388665,0.13897802,-0.71572018,0.1817981,0.44131297,-0.3434844,-0.38014042,0.24928902,0.18604897,1.3174806,-1.6227063,-0.061752036,1.3334639,1.1163018,0.69550461,-1.6366134,-0.60743964,-0.73032725,-0.47535187,0.28014946,0.4774884,1.0257941,0.29403418,0.40799847,0.36515355,0.28882024,1.0681465,0.50345707,1.382653,-1.2151544,0.027096778,0.11588851,-0.17317642,-0.47504887,-0.076229744,-1.5183833,0.33573502,-0.037603218,-0.33099654,-0.28909636,0.75016129,0.19684915,-0.52283585,0.29446682,-0.30488953,0.77994603,-0.20586774,0.57459772,1.0154127,0.38317478,0.082514554,0.72597897,0.13943146,0.1499863,-0.89312929,0.35742271,-0.9009074,0.2755689,0.95082891,-0.22665143,-0.64412647,0.57662028,0.20870692,-0.77510154,-1.1002755,0.74850261,-0.49912208,-0.041249231,-2.0050182,0.10845065,-0.34556347,-0.97501528,-0.51670021,1.1409953,0.25786915,-1.9209461,-1.2991223,-0.5249657,0.047567047,0.54396093,-0.33309373,0.1772698,0.43550947,0.24566004,-0.08423543,0.11181036,0.22499745,0.31214306,0.11373389,-0.096074454,0.63527024,-1.6355883,-0.02748879,0.79478765,0.32488081,0.16751805,0.44297934,1.3371594,-0.37430388,-0.86741847,-0.41498351,0.37757981,-2.1182878,0.3960157,0.35472676,0.46276632,-0.94304806,-1.5967166,0.46753621,-0.41382349,0.15311274,-0.096258149,0.005910121,0.76996315,0.08102005,0.37977529,0.26615548,0.032913029,-0.30173403,-0.63598466,-2.2172506,-0.71747607,-1.1189585,-0.022144493,-1.1062464,-0.070400208,-0.093252406,-0.33024359,0.14515486,1
0.52848309,0.28590161,0.23207118,0.53582811,0.51782936,0.53876168,0.51694369,0.50461781,0.52186245,0.52097672,0.51671892,0.51063877,0.50872552,0.49311048,0.52508605,0.50481397,0.51186955,0.52994817,0.51801008,0.5044142,0.49474531,0.51278186,0.5058549,0.49974978,0.50681752,0.49839813,0.51598954,0.49607223,0.50125927,0.50208527,0.49944574,0.5040673,0.4893617,0.49035317,0.49994674,0.48189604,0.47628492,0.49670887,0.47983119,0.49072167,-1.0450398,0.21453029,0.43810976,0.51386118,1.4569445,1.7393553,1.3671589,0.7841388,0.90550935,1.7270029,1.5179415,1.2811127,0.36627778,-0.22597232,-0.32234213,-0.37507656,0.58616757,0.33155373,0.35744432,0.26919356,-0.56758392,-0.008417318,-0.70265079,0.28014037,-0.75398839,-0.13424592,-0.10979334,0.76573586,0.18271008,1.1328309,-0.21408427,0.20603654,-1.2039651,-0.26332417,-0.069284618,0.77519691,-1.2635127,0.5068363,0.056291059,-1.0706513,-0.19972867,-1.3436437,-0.55963737,0.59051698,0.74263155,0.70174116,-0.16250136,-1.8205123,0.61692011,0.1476375,-1.0436351,0.77062303,-0.016510531,0.27586371,0.50924069,0.000800565,0.16419391,-0.3451944,0.13839653,0.665398,-0.62420297,-1.2284377,0.019616157,0.66547269,-0.36042088,0.19916525,0.28116316,-0.12958431,-0.13337269,-0.29571661,0.43614614,0.4852972,-0.25082359,-0.28807601,-0.4310528,0.28681478,0.51379842,-1.147912,0.40264764,-0.73119199,-0.45422903,-1.9278854,-0.83193541,-0.10275595,-0.68131661,0.22702819,-0.38587174,0.09876509,-0.14878555,-0.10139838,-0.70877498,-0.30285168,0.37178862,-1.0885005,-0.080168456,-0.11372004,-0.009847283,0.21950831,-0.43941236,-1.6533239,0.72452319,0.52318364,0.99903631,-0.18296143,0.54907495,0.38942453,0.065824002,0.17995998,-0.44717181,0.44389406,-0.25410861,-0.23240799,0.37541744,-0.32599413,-0.80429947,0.073095888,-0.51643562,-0.52461225,0.39545923,-0.38001755,-0.06293866,-0.86890644,0.70705843,0.77633065,0.096252456,0.040594019,-1.9218425,0.63710916,-0.16501765,-0.21553871,0.17678785,-0.49941641,0.047571674,-0.16493949,-0.47611356,1.1413884,-0.77502298,0.11641493,0.48724538,-1.860611,-0.20780689,0.23179978,-0.097454861,-0.53633201,-0.97380316,0.44234943,-0.074063241,0.3909243,1.0060304,-0.85026729,-0.20897345,0.077495143,0.007830141,0.15028875,0.076834008,0.09815526,-0.12481116,-1.3170011,-1.9913673,-0.87546122,0.24445105,0.81752002,0.31633291,-0.30518132,-0.39185885,0.052539252,1.53953,0.18907377,0.23218884,-0.17205891,-0.26356244,0.98973548,0.13136186,0.25532466,1.3159525,-0.067080475,-2.66591,-0.093323812,0.75382185,0.013077222,0.00350032,-0.63763124,-0.10232776,-1.5901492,0.11132578,-1.497638,0.27941766,0.16523141,-0.88637322,-0.073497251,0.27094859,0.57925463,-0.2350409,0.25793707,-2.6005995,0.14213295,-0.65039897,-0.10003187,0.16697717,0.23052514,0.550228,0.26824024,-0.23660667,0.45193157,-1.4413048,-0.95434666,-0.21785504,0.4000001,-0.46099108,0.12539448,0.099213399,0.38066024,0.090242386,0.44321853,0.42750701,0.81501275,-0.93982983,-0.43243927,0.67333525,0.039957672,0.25381714,-0.15037048,-0.20249183,-1.3637574,-0.46415675,0.14057378,-0.51444465,0.26922983,1.0755423,0.35507151,-0.4292064,0.14471592,-0.45260373,0.77987313,0.48041493,-0.42491004,0.079865269,1.8377743,0.088358134,0.17187908,-0.88691449,-0.25852329,-2.014611,1.0427141,-1.2773685,-0.20098157,-0.064081728,-1.2935013,-0.41741574,0.26784012,0.079224803,0.74060148,0.59382373,0.58771408,-1.9545612,1.0844957,0.090367816,1.1623856,0.1146584,-1.3058062,-0.018153742,-1.0872288,0.50257242,0.20177662,-1.0342852,0.32190821,-1.7070199,-1.3792328,-1.510003,-0.34859908,0.49803752,0.61092067,0.25503376,-0.91997886,0.7806592,-1.1242547,-0.14205235,0.45720637,-1.1744682,-0.00442672,0.023361325,0.44762653,0.15064652,0.34785169,-0.16451314,0.55289799,0.006998004,0.49658683,-0.016325513,-0.1067049,-0.68863785,0.40883726,1.0218186,-0.68919134,0.74240738,0.50688899,0.4412474,-0.70901299,0.62745261,0.11276248,-0.89806896,-0.76205695,0.001167923,0.010870978,0.17712399,0.84384221,-0.025795877,-0.53792429,-0.6221509,-0.013066767,0.48037949,-0.16982502,0.097199664,-0.43108076,0.17150672,1.0920452,-1.1267531,0.12328877,0.27433494,-0.55958301,-0.006417122,-0.064824447,-1.3151125,-2.0809333,-0.27167466,0.64587605,0.054361165,-0.035181344,0.61557227,0.26494133,0.38891327,0.23903155,0.006548166,-0.57399869,0.19556239,0.17787626,-0.14977816,-0.82665634,0.22325909,0.16755217,1.3538921,-1.7597922,-0.084558964,1.4122643,1.961041,0.41931322,-1.3467458,-0.26902148,-0.38871536,-0.24227795,-0.063848011,0.29603523,0.95567667,0.68476123,0.75931162,0.20563154,0.21266222,0.74655449,0.72685212,1.0536612,-1.0461335,0.18740985,0.31503183,0.17576121,-0.4602322,-0.15941058,-1.6146672,0.3531262,-0.018446982,-0.32725912,-0.24082515,0.38941768,0.13657483,-0.74741191,0.18263148,-0.31957874,0.30052364,-0.081996433,0.58159214,1.2914007,0.38382927,0.084318951,0.75443655,0.048981152,-0.002899793,-0.98226696,0.27937159,-0.80968255,-0.035432428,0.63003814,-0.71146178,-0.39868033,0.45353711,0.33588061,-0.58893836,-1.2571229,0.56888729,-0.81000799,0.17389341,-1.8646642,0.43671069,-0.333644,-0.81562465,-0.51177591,1.1871248,0.45173785,-1.8847601,-1.3187597,-0.3998487,-0.001330345,0.46869898,-0.14461645,0.10810284,0.47918442,0.24358578,-0.15063189,0.15585878,0.32788038,0.34678137,0.02286391,-0.005584776,0.27644986,-1.6418254,-0.024557177,0.57284164,0.081403844,0.21450257,0.71474785,1.1024529,-0.33594388,-0.92165887,-0.46445003,-0.054320738,-2.0469944,0.39971134,0.4318974,0.42948893,-0.77924186,-1.362213,0.32019624,-0.63949585,0.058339849,-0.008323729,0.0604297,0.49928337,0.13440458,0.36932918,0.37535095,0.060704809,-0.02495715,-0.39508191,-2.2726004,-0.75530344,-0.84693241,0.006183367,-0.89781314,0.27788612,0.10241365,-0.27754989,0.094228849,1
0.46451157,0.22771962,0.18581858,0.44752306,0.43894333,0.46145475,0.44428486,0.431014,0.43835866,0.44168478,0.4344874,0.44658011,0.4340989,0.42238274,0.45574826,0.42593759,0.43847689,0.45889276,0.43673995,0.42734438,0.42676347,0.43513161,0.42411941,0.4291209,0.43170771,0.42532575,0.44030887,0.41983813,0.43643287,0.42459053,0.42667249,0.42743099,0.41712889,0.41557682,0.42879361,0.40184331,0.40430874,0.42661926,0.40870863,0.41332561,-0.96062601,0.16989845,0.3083182,0.35689482,1.2845981,1.6319673,1.2045021,0.61262465,0.74312586,1.5508232,1.3417406,1.1058543,0.34603247,-0.22452591,-0.16443226,-0.36801127,0.59679455,0.34316224,0.30676818,0.25280058,-0.89859897,0.050865918,-0.60400432,0.37268922,-0.68342596,0.00036668,-0.14652842,0.75664777,0.087563843,1.4560972,-0.21145064,0.17209531,-1.1426128,-0.29230115,-0.037486248,0.93027091,-1.0756944,0.49443951,0.13916075,-0.90386367,-0.19705258,-1.1909318,-0.66925853,0.39447778,0.81173974,0.67197394,-0.093206488,-1.7336785,0.82746583,0.079314306,-1.0746695,0.51301074,-0.009615697,0.14009094,0.5116142,-0.072330296,0.28359395,-0.38956171,0.00391417,0.59238994,-0.5138768,-1.0583544,0.038709842,0.54539037,-0.35402083,0.19086586,0.009879654,-0.23363832,-0.11084737,-0.2857953,0.51956183,0.62409163,-0.19951214,-0.39176941,-0.42016563,0.17256325,0.51947659,-1.0728807,0.38415387,-0.90461409,-0.38974452,-1.8134167,-0.90614742,-0.12808868,-0.4953146,0.39417201,-0.4531303,0.071746975,-0.14630571,-0.25363791,-0.68672478,-0.51867592,0.46112549,-1.0908018,-0.19355321,-0.072825298,0.10928802,0.39502639,-0.5213263,-1.6300566,0.84576488,0.44300973,0.77876711,-0.1990099,0.55359507,0.4930898,0.060836628,-0.15337315,-0.13846752,0.46388257,-0.32558221,0.028658897,0.3757681,-0.28988099,-0.805942,0.11997969,-0.55801934,-0.44030833,0.38176239,-0.43461487,0.014386218,-0.68856508,0.66525882,0.82073283,0.18992357,0.01480983,-1.7817167,0.62752843,0.027798586,-0.17470343,-0.010250825,-0.54988158,0.02384791,-0.25748038,-0.72128934,1.0437365,-0.67940241,0.1176742,0.53773224,-1.4005301,-0.1735028,0.29990074,-0.12189627,-0.63889366,-0.8612926,0.33371282,0.16786154,0.24305046,0.9144268,-0.76523483,-0.26935497,0.051145591,0.045827311,0.24310052,0.25142375,0.13657452,-0.14861012,-1.2587153,-1.7640688,-0.66447395,0.19555452,0.53163093,0.31666812,-0.44522747,-0.27503899,0.087836891,1.2210442,0.008524507,0.08787623,-0.27530122,-0.2624619,1.1239574,0.097574823,0.24044842,1.4123535,-0.14491302,-2.0174658,-0.036102101,0.64100879,-0.010350535,-0.19981679,-0.73644173,0.096076302,-1.462451,0.18727385,-1.2320838,0.40764901,0.055860147,-0.81158763,-0.085196644,0.30516213,0.57146233,-0.15393633,-0.13399151,-2.5550776,0.30152676,-0.6512605,-0.058285352,-0.051443584,0.31217673,0.59411567,0.073821999,-0.1850438,0.62134975,-1.5475044,-0.84946775,-0.21912773,0.61185074,-0.4554002,0.11618681,0.13561696,0.36313733,0.013606657,0.37592325,0.47723353,0.92242599,-0.94122523,-0.40050602,0.61791515,-0.10572028,0.22812359,-0.10777876,-0.28684682,-1.277503,-0.46336725,0.10011047,-0.50583392,0.44713733,1.1966867,0.26883602,-0.42850414,0.29533872,-0.40182534,0.85530746,0.6744259,-0.3716116,0.065290451,1.3268696,0.32355794,0.22501197,-0.91519892,-0.26814586,-1.9433912,0.93896013,-1.313314,-0.1395359,-0.10752172,-1.3431712,-0.19540146,0.1463193,0.14054303,0.79925179,0.72121102,0.49599552,-1.8358333,0.95446193,0.36169001,1.2188991,0.048634559,-1.139503,-0.093912676,-0.8766942,0.64307737,0.34876108,-0.85931277,0.43142068,-1.7617694,-1.4595579,-1.4557576,-0.5078119,0.41590142,0.68618917,0.22152013,-1.0192831,0.79098815,-1.043383,-0.18224515,0.31735468,-1.0061897,-0.053800307,-0.046442065,0.52056879,0.1171592,0.34809393,-0.076274142,0.54251158,0.066160172,0.48553705,0.027713232,-0.18345919,-0.76412243,0.43073457,1.0716252,-0.59029758,0.63522357,0.48346791,0.49475399,-0.74317366,0.8741554,0.44397107,-0.97314483,-0.61241734,0.10606785,0.19799428,0.10159973,0.82241219,-0.28309408,-0.4983862,-0.48608375,-9.54E-07,0.76004791,-0.28344974,0.12327825,-0.35753441,0.10052372,1.1427598,-1.1679584,0.1579673,0.2903412,-0.6004824,-0.091825597,0.060648426,-1.3149946,-1.8383855,-0.2296582,0.60496426,0.1485672,-0.13600269,0.73675454,0.16016078,0.55737346,0.28290558,-0.14907512,-0.52204049,0.18299282,0.2417821,-0.15645343,-0.14601871,0.23458666,0.078799173,1.2095854,-1.5704132,-0.12110035,1.6510553,1.4833753,0.47540984,-1.4000175,-0.25134501,-0.52567708,-0.17785197,0.13658266,0.37590405,0.83093536,0.87888229,0.38973415,0.30002487,0.096108139,0.71241069,0.64044446,1.2396443,-0.90438461,0.27903607,0.32439005,0.029864289,-0.33429325,-0.048093557,-1.6775974,0.29984027,-0.042185187,-0.3592079,-0.19854495,0.6277858,0.1620307,-0.5758397,0.12113312,-0.23159926,0.4383601,-0.094119534,0.71101236,1.1645336,0.31010067,0.13124035,0.62857473,-0.049087811,0.24255396,-1.0130018,0.30400142,-0.62169552,0.21242952,0.87829256,-0.74680609,-0.41251978,0.48210952,0.43893433,-0.58949089,-1.0915728,0.59765065,-0.50823474,0.12067113,-1.7006836,0.24444276,-0.28798646,-0.77107322,-0.43823507,1.1129436,0.39635059,-1.8989702,-1.1747978,-0.39586604,-0.011719943,0.38028365,-0.038735744,0.037166536,0.49718213,0.19798422,-0.20128185,0.31618029,0.2690742,0.25731266,0.10535704,0.027258426,0.44312912,-1.3865575,0.2130481,0.41300881,0.07308796,0.12290643,0.65017247,1.2119898,-0.40461433,-0.93229461,-0.36679393,0.081670016,-2.0036812,0.28434455,0.22022873,0.34302956,-0.72194469,-1.3322072,0.28123909,-0.40777802,0.1608372,0.056587227,-0.021401901,0.5063625,0.063868299,0.32816911,0.28308752,0.019864427,-0.06109792,-0.43454403,-2.1667712,-0.76158118,-0.93030202,0.04655138,-0.85902309,-0.065008476,-0.091699295,-0.38053799,0.10003569,1
0.45511854,0.2119121,0.16798981,0.45150965,0.44740003,0.45926338,0.45340306,0.43942127,0.44624144,0.44787747,0.43384296,0.43739355,0.44197315,0.42603922,0.4506982,0.42107612,0.44452721,0.45515603,0.4449693,0.43953389,0.42838323,0.44041932,0.42415553,0.4321954,0.43805936,0.42450735,0.4371011,0.41542834,0.43271318,0.42708108,0.41679767,0.43144733,0.41565478,0.41856152,0.41720566,0.39862317,0.40653509,0.42353961,0.39494386,0.41328156,-0.89758921,0.15366203,0.36237925,0.47469544,1.4406594,1.7224057,1.2945037,0.71862078,0.84297204,1.6721399,1.4750022,1.2183981,0.31806481,-0.18922929,-0.18519109,-0.42969716,0.60283339,0.38442102,0.30191752,0.2529912,-0.73057908,-0.003720832,-0.62529612,0.27748558,-0.73644418,0.028521247,-0.26408866,0.75802988,0.017168522,1.3190573,-0.097119607,0.15161002,-1.1720567,-0.26524204,-0.18341011,0.69785571,-1.0277815,0.5310443,0.078796506,-0.99675238,-0.031475615,-1.1718436,-0.64460582,0.63762212,0.77489531,0.38420486,-0.076553784,-1.7143699,0.65762997,0.078207135,-1.1047311,0.69635212,0.054554678,0.15020967,0.48286003,-0.03018719,0.29352957,-0.2156283,0.1212727,0.6554985,-0.55877495,-1.0623727,-0.07865832,0.65447426,-0.45501691,0.41883552,0.05875545,-0.175192,-0.13035889,-0.28179443,0.28000438,0.5491308,-0.20691913,-0.40875387,-0.33600879,0.22385135,0.43237042,-1.0888857,0.41956949,-0.91812682,-0.32634711,-1.7982595,-0.93831271,-0.075156525,-0.61287874,0.3628608,-0.4921506,0.15847743,-0.13617802,-0.042672321,-0.83586109,-0.5863409,0.37205392,-1.0719547,-0.28177327,0.025096133,0.038001195,0.26903453,-0.37286329,-1.5690283,0.29160345,0.43825281,0.88913977,-0.17284128,0.43816671,0.23418181,0.022173107,-0.25354463,-0.35970968,0.63341039,-0.77897352,-0.057355635,0.3854126,-0.35469738,-0.70493978,0.20429894,-0.58195168,-0.47051871,0.32175869,-0.45103991,-0.011516914,-0.61693108,0.67806399,0.48200557,0.20103878,0.049591411,-1.6414194,0.68847662,-0.008738674,-0.096528195,0.012027964,-0.54191929,0.016808299,-0.13959245,-0.72766411,1.0798336,-0.85560727,0.10721909,0.44229516,-1.3407186,-0.1618478,0.34171864,-0.18064037,-0.34008765,-0.81309462,0.46535462,-0.029938191,0.15501225,0.95289451,-0.76751679,-0.29254439,0.094698936,0.26613647,0.1391046,-0.047467679,0.039499708,0.00245256,-1.3150314,-1.9947846,-0.75520861,0.22293653,0.73756963,0.28672099,-0.47136226,-0.23561698,0.10262786,1.0916934,-0.35488611,0.16476673,-0.072563559,-0.18389736,1.1147869,0.13138935,0.26623234,2.2661033,-0.19584066,-2.3054993,-0.061068103,0.46521997,0.070803441,-0.27456552,-0.69853359,0.14449984,-1.4895349,0.16554448,-0.8298282,0.094059438,0.20614739,-0.90841758,0.027443193,0.26295838,0.61408591,-0.19108465,-0.21933904,-2.5392919,0.39426485,-0.65119445,-0.12791097,0.16040851,0.24806762,0.63233441,0.12163429,0.044434085,0.66116387,-1.6098828,-0.88274992,0.56395173,0.43912247,-0.47456414,0.1529377,0.053965345,0.24357118,-0.11365591,0.39890277,0.60524243,0.63520837,-1.050283,-0.39169639,0.41514063,-0.30234069,0.19743931,-0.16951972,-0.20633055,-1.3414621,-0.50166225,0.175145,-0.3393909,0.13975918,1.0401646,0.30443719,-0.43854985,0.15896188,-0.29274544,0.52953845,0.50409019,-0.49283275,0.022717968,1.5203997,0.16523592,0.24991795,-0.94414252,-0.05981636,-1.9328651,0.92115963,-1.2960415,-0.07858254,0.028591573,-1.3448733,-0.33364761,0.086414032,0.18567513,0.5790273,0.5521121,0.4483909,-1.8803953,1.0150235,0.11211982,0.94395107,-0.042582568,-1.1915357,0.031172156,-1.0407892,0.66352099,0.3763043,-0.79009724,0.24973585,-1.7330279,-1.2340465,-1.2349012,-0.45293066,0.42657694,1.2056367,0.28483996,-1.0204266,0.81352973,-0.93421692,-0.16202408,0.28884709,-1.1246274,-0.12717602,-0.056267552,0.46002448,0.21230671,0.31063083,-0.2160933,0.44044477,0.064507872,0.55742556,0.054624148,-0.19158517,-0.73897713,0.47323599,0.74442077,-0.56077021,0.77851743,0.48949325,0.31140056,-0.67452991,0.65387964,0.36351997,-0.91112232,-0.81485724,0.16844979,0.053490527,0.14033183,0.62985206,-0.18445657,-0.43964806,-0.48905757,-0.037012331,0.32267785,-0.21144298,0.044950187,-0.45061401,0.13605464,1.0373869,-1.0716814,0.12688932,0.33230782,-0.5499292,-0.027632359,-0.15458219,-1.4118247,-2.1378214,-0.19526781,0.61555642,-0.006215692,-0.090483785,0.73589504,0.29790172,0.51412946,0.31598166,-0.01151067,-0.50373685,0.20425898,0.074112408,-0.19565102,-0.56549692,0.18346301,0.16031787,1.1791804,-1.7827878,-0.035043433,1.4959338,1.4070444,0.52869987,-1.4821386,-0.24979208,-0.49492636,-0.29404753,-0.010677193,0.36003801,0.83228612,0.82410789,0.40836588,0.21926469,0.17383641,0.8398115,0.6647346,1.4763482,-1.0512035,0.15655707,0.24544109,0.11173102,-0.46297574,-0.11598543,-1.5117084,0.34743962,-0.023719322,-0.40202123,-0.18059109,0.25737855,0.0988383,-0.46599525,0.39287657,-0.3102752,0.53320777,0.001136579,0.39428437,0.96164799,0.26720449,0.14151278,0.68312293,-0.16232175,-0.011411579,-0.90094674,0.29487449,-0.78840917,0.33124572,0.70198399,-0.79711616,-0.36703685,0.48061588,0.20535563,-0.56355053,-1.0763886,0.55132759,-0.46495146,0.071686991,-1.7942754,0.25744551,-0.26917651,-0.72517526,-0.48067075,1.0285822,0.31672555,-1.798233,-1.105486,-0.43643308,0.009760167,0.3421967,-0.043497331,0.042018831,0.34318227,0.25084355,-0.066066034,0.235165,0.34742883,0.21480876,0.013333499,-0.13240543,0.25293222,-1.4122378,-0.052518714,0.42693835,0.15710458,0.21707228,0.48099577,1.2439907,-0.41828096,-0.82497996,-0.50107336,0.059977628,-2.0090151,0.40549174,0.40004563,0.38726968,-0.70868164,-1.2199373,0.39596891,-0.48830491,0.42892849,-0.10578882,-0.080682322,0.54032141,0.054681599,0.34072441,0.26872247,0.036743097,-0.009294435,-0.4033325,-2.1389067,-0.71591938,-0.83241576,0.057797432,-0.82562947,0.046346366,-0.1598756,-0.26080224,0.10592896,1
0.55334908,0.30289665,0.25160912,0.54950464,0.53351009,0.54814422,0.52749395,0.53046989,0.53946579,0.53484285,0.52955306,0.53636801,0.4971112,0.51366514,0.54177034,0.52085996,0.53200525,0.55369657,0.53883612,0.52466917,0.52026701,0.52467489,0.51870042,0.52289802,0.52525687,0.51695156,0.53348714,0.51482379,0.52278757,0.51906115,0.5141964,0.52744627,0.51209915,0.51345384,0.50360918,0.50715876,0.49938476,0.5255543,0.50603646,0.51291859,-0.94659936,0.23936027,0.48819745,0.55052304,1.4749806,1.8057024,1.4207528,0.82974565,0.95286727,1.7752445,1.5502322,1.3231409,0.40718856,-0.20660995,-0.012189284,-0.4331677,0.72709423,0.46280533,0.36653799,0.28108424,-0.85325664,-0.01316438,-0.60888922,0.2771436,-0.82450396,-0.10431762,-0.25896746,0.71886951,-0.00472936,1.4798861,-0.23997736,0.21229601,-1.2453465,-0.25747645,-0.098172054,1.0538403,-1.1976591,0.56126487,0.042966574,-1.0335861,-0.062752374,-1.2127455,-0.71451366,0.34547606,0.93634003,0.73360199,-0.10504055,-1.9629582,0.81590456,0.11805516,-1.2960544,0.72732294,0.043039918,0.1086712,0.46518019,-0.011000685,0.29075631,-0.38268939,0.085293189,0.68175286,-0.67652416,-1.0483274,-0.027801313,0.67047942,-0.48552451,0.30219838,-0.045196734,-0.287687,-0.022491567,-0.3023254,0.46715865,0.67447275,-0.22912325,-0.31465226,-0.50025737,0.1167466,0.44424561,-1.0920539,0.39926043,-1.0491672,-0.39337438,-1.9759064,-1.0618272,-0.14684542,-0.70577312,0.12381224,-0.43852887,0.093764111,-0.15914941,-0.18891016,-0.85864937,-0.8372106,0.15256415,-1.1653111,-0.19308858,-0.10144093,0.063174464,0.17556632,-0.51284671,-1.7685118,0.7426039,0.50984704,0.85744786,-0.1422008,0.4622007,0.47018039,0.02674013,-0.31425491,-0.36553264,0.405294,-0.69285262,-0.32195076,0.44661269,-0.35823306,-0.81934774,0.18502417,-0.56974185,-0.59517497,0.33712155,-0.40463603,-0.025868587,-0.74895525,0.72599173,0.82854438,0.11831424,0.046411641,-1.8711553,0.56600779,0.015959222,-0.23934358,-0.075445354,-0.61058116,0.003301116,-0.19158414,-0.79119384,1.1592274,-0.9823941,0.11956588,0.45651788,-1.9541258,-0.26456112,0.35633922,-0.12465641,-0.54384845,-1.0907406,0.37558866,0.06930612,0.29535878,0.82641989,-0.87570941,-0.19047819,0.12934956,0.095094591,0.29340026,0.071378544,0.1784284,-0.15438478,-1.4704859,-1.9759014,-0.77959371,0.24399562,0.54778677,0.41190034,-0.46108425,-0.37899116,-0.0262205,1.4429716,0.037469693,0.053199597,-0.2544384,-0.25606319,1.0708371,0.12605344,0.28324708,1.5779712,-0.2100077,-2.6163454,-0.038381867,0.47893432,0.019974666,-0.14079025,-0.85053205,0.32113945,-1.5813358,0.19391209,-1.2814761,0.33403206,-0.002348281,-0.92134321,-0.012788456,0.22935203,0.46897721,-0.23163638,-0.10438146,-2.7980638,0.48104459,-0.68231046,-0.066333257,-0.012139894,0.26181132,0.66763538,0.26625511,-0.26265791,0.78583699,-1.6698449,-0.97041202,-0.241961,0.39010581,-0.50254613,0.25520402,0.18881398,0.34653181,-0.015085652,0.36259902,0.47433311,0.93487799,-1.1652625,-0.40906739,0.53329968,-0.17620167,0.32122752,-0.18489303,-0.17893477,-1.387226,-0.47694528,0.092177667,-0.44494748,0.34852427,1.2017037,0.35431775,-0.56436062,0.22178432,-0.30093336,0.59555829,0.68871158,-0.50840265,0.073455021,1.2822345,0.079228982,0.18216175,-0.95870566,-0.33315021,-2.1419353,1.0913652,-1.3100624,-0.18590164,0.017756999,-1.5050844,-0.014802635,0.13788015,0.033390246,0.45252481,0.84089053,0.53127539,-2.1255856,1.0036515,0.35611355,1.3593291,-0.10292836,-1.0443299,0.013732232,-1.0186557,0.77143991,0.1725805,-0.9299649,0.37186188,-1.8990186,-1.5355864,-1.537097,-0.53439367,0.47294539,0.40020502,0.25522426,-1.1658762,0.86427772,-1.2161424,-0.12128405,0.4118728,-1.2250338,-0.015771287,-0.026384592,0.6166724,-0.030884676,0.29968879,-0.17757928,0.69045234,-0.011155825,0.65358561,-0.013961056,-0.12693632,-0.74092269,0.50249851,1.0833671,-0.62170142,0.62181532,0.55501628,0.37584332,-0.83177119,0.66411483,0.38027287,-0.99095958,-0.61830622,0.068139851,0.09518078,0.10667844,0.79188073,-0.30605972,-0.52173942,-0.48214853,-0.010149423,0.65215683,-0.1859832,-0.007392801,-0.47469515,0.26374146,1.0848514,-1.1105477,0.21907364,0.4678961,-0.71998537,-0.11824092,-0.11508851,-1.5657091,-2.3533149,-0.27196223,0.71142578,0.011660814,-0.20402598,0.77672833,0.095433131,0.5314399,0.31678346,-0.23959883,-0.64261138,0.23363793,0.003712773,-0.19630003,-0.45076421,0.24140404,0.19667104,1.2784262,-1.7203448,0.032512318,1.8592012,1.7288958,0.39207521,-1.5896763,-0.26761907,-0.51503682,-0.34257513,0.052217487,0.18960285,0.98142576,0.54656678,0.42097196,0.23657458,0.17120215,0.82105786,0.80773288,1.13623,-0.97732174,0.2458556,0.1862762,0.18172613,-0.35914701,-0.14707369,-1.9241087,0.38989484,0.004059874,-0.55072284,-0.3101393,0.39038911,0.14300905,-0.61272353,0.21668716,-0.3495875,0.21554857,-0.14683992,0.41036296,1.0934252,0.29194188,0.14350173,0.68929833,-0.2848258,0.017935563,-1.0045253,0.35884622,-0.87207639,-0.041735426,0.92609555,-0.84617305,-0.77433866,0.53601629,0.40277064,-0.4622629,-1.240114,0.55269307,-0.63751453,0.01199109,-1.9445738,0.3085905,-0.28139406,-0.75501794,-0.59515274,1.152892,0.39149553,-2.1080968,-1.3340982,-0.43807387,-0.024826705,0.33116674,-0.019498937,0.072770953,0.42784202,0.29020309,-0.10393071,0.24906492,0.39122772,0.39214963,0.12982489,-0.16819295,0.27452117,-1.4451324,-0.065621153,0.47643116,0.11413616,0.24861415,0.60322636,1.1904163,-0.44555849,-0.84088498,-0.47117093,0.32847315,-2.3150258,0.41566557,0.35691029,0.43532106,-0.7401318,-1.344409,0.38196594,-0.57743555,0.29831514,-0.034534223,0.049018122,0.35285851,0.11394691,0.40347409,0.38309675,0.00874138,-0.12566601,-0.44172132,-2.4202485,-0.81622565,-0.90489781,0.089331813,-0.88778216,0.13420007,-0.041865572,-0.42319411,0.055698514,1
0.59357929,0.35281765,0.30219209,0.56361902,0.5635848,0.58210599,0.55946374,0.55286467,0.55545843,0.56413352,0.55877912,0.5564903,0.55725348,0.53048235,0.57090527,0.54395735,0.55992997,0.57319248,0.56626475,0.5515846,0.55886841,0.55666256,0.54840279,0.54683483,0.5528419,0.54966593,0.56260943,0.54568839,0.56223011,0.54573965,0.5444411,0.55401218,0.54397112,0.54775363,0.55290782,0.52672923,0.52630889,0.55107021,0.53053117,0.53804678,-1.0896274,0.28685418,0.49537903,0.53281379,1.458215,1.8259435,1.4000806,0.81244016,0.94933224,1.7474811,1.5341525,1.3049793,0.44184586,-0.2510632,-0.43163997,-0.4996585,0.90563142,0.56701636,0.47348377,0.33659115,-0.96973795,0.17112312,-0.82063413,0.34781533,-1.0802699,-0.070434779,-0.21538761,1.0447868,0.12774286,1.3341928,-0.20048168,0.24087243,-1.4052048,-0.26268882,-0.26947421,1.426898,-1.4728987,0.5920608,0.040603012,-1.1062409,0.38417307,-0.65943021,-0.78112018,0.38212466,1.1591488,0.72881448,-0.033015244,-1.9044325,0.6589216,0.12068553,-1.1699907,0.92594272,0.050174482,0.18374288,0.67931509,0.46870178,0.33372679,-0.24895772,-0.028242238,0.77254343,-1.0194039,-1.2465513,-0.009390734,0.87087071,-0.54320139,0.5306502,0.44294858,-0.21696851,-0.19575953,-0.3598617,0.39409009,0.46445784,-0.27354342,-0.40450242,-0.40335283,-0.01470612,0.029456705,-0.97650188,0.39847153,-1.1780448,-0.31350562,-1.9821613,-1.1174529,-0.12934704,-0.32210445,0.51314223,-0.5529018,0.2758545,-0.10743935,-0.020340815,-0.79442221,-0.86157912,-0.58772385,-1.3375002,-0.18841872,-0.018016472,-0.14617407,0.22300079,-0.28171211,-1.7598612,0.15301403,0.61336732,0.96568322,-0.5119369,0.6018573,0.3883242,0.095363632,-0.66869789,-0.50125551,0.33623579,-0.94867849,-0.16182427,0.51614517,-0.25738654,-0.88207251,0.12035176,-0.48720294,-0.57896191,0.20447516,-0.37882194,0.047359023,-1.0438946,0.90412545,0.70988297,0.19154814,-0.082847431,-1.888526,0.2886937,-0.036081746,-0.034258626,-0.18704765,-0.66870928,0.070004001,-0.26904294,-0.96799815,0.97105259,-0.90203214,0.19453673,0.3213675,-1.6645638,-0.18521205,0.46882316,-0.16617313,-0.25240651,-0.95556343,0.43355685,0.18011124,0.5937342,1.1845846,-0.94524306,-0.033173069,0.19904973,0.22584099,0.26632857,0.32555532,0.19979377,-0.35728884,-1.5652691,-2.1635966,-0.89247441,0.28048903,0.50386387,0.59158748,-0.51976848,-0.46669549,0.1017357,1.1912456,-0.47336543,0.066349871,-0.25211585,-0.25882813,0.90192175,0.15951273,0.43036333,1.0621809,-0.32233307,-2.456584,-0.093313046,0.44192755,0.10904712,-0.20167749,-0.68302721,0.062266868,-1.5787072,0.15017447,-1.456535,-0.16438836,0.15207532,-1.0598502,0.10869923,-0.26439098,0.17370325,0.091247067,-0.77504563,-2.7875252,0.4562884,-0.80950284,-0.079895504,-0.23983367,-0.058530837,0.60504389,0.076338507,-0.17675573,0.53205186,-1.5939077,-0.67754424,-0.25704071,0.43146455,-0.4514882,0.087919578,0.051331744,0.42033547,0.078154109,0.47149181,0.32363519,0.76196218,-1.2059975,-0.32824191,0.56130362,-0.19327822,0.26257977,-0.062310301,-0.072705358,-1.4543188,-0.52512431,0.14262369,-0.32080787,0.4517796,1.0957708,0.40441111,-0.56598437,0.26648623,-0.44780561,0.67242348,0.46579164,-0.62265533,0.11635613,1.8484319,0.02572941,0.095687822,-1.0653387,-0.25824428,-2.1247261,0.94846034,-0.93529034,-0.18722107,-0.19205719,-1.7192329,-0.41138595,0.16044697,-0.083439529,0.47294885,0.59160095,-0.038707972,-2.1471026,1.0291331,0.13042283,1.0125967,0.0093806,-1.2828937,0.079167604,-1.1965256,0.66936147,0.57386529,-1.1074941,0.31001168,-1.8752517,-1.7317491,-1.3567784,-0.56352359,0.8783077,0.65668565,0.33937347,-1.036844,0.81891358,-1.1509054,-0.21700972,0.32865578,-1.1384666,-0.4515231,0.004135914,0.31469387,-0.12272777,0.37880242,-0.1598638,0.80015755,0.11892056,0.27666125,0.067308046,-0.13993412,-1.0586516,0.64404756,1.2112397,-0.5421598,0.63974208,0.58299881,-0.015847743,-0.86774039,0.39540806,0.12459904,-0.78217936,-0.62700397,0.042829901,-0.14517878,0.023239538,0.81968707,-0.15477799,-0.75016654,-0.65786731,0.057728652,0.61922324,-0.38112718,0.3114697,-0.31298959,0.17002982,1.0265999,-1.1812754,0.25450057,0.31823748,-0.62615085,0.073984742,-0.38640589,-1.3450023,-2.091634,-0.46211511,0.78639764,0.23931336,-0.10197034,0.79855865,0.35133868,0.81086898,0.36084163,-0.37619209,-0.37932608,0.41889364,0.047962695,-0.14831936,-0.6878401,0.23160657,0.28542459,1.4305712,-1.9200728,0.073435985,1.8457038,1.8575494,0.42820334,-1.6380913,-0.13679141,-0.46330455,-0.27501935,-0.066089466,0.085973173,0.71050948,0.5077793,0.42651385,0.12085752,0.20568949,0.9502008,0.78817827,0.90554374,-0.96040893,0.35919118,0.005886108,0.17957318,-0.38004732,-0.1879109,-1.9282277,0.48748904,0.018122835,-0.18673974,-0.38177055,0.14884272,0.1223844,-0.56558675,0.10910936,-0.35994712,0.11113803,-0.12221476,0.34560066,1.023381,0.32865447,0.095919609,0.7007252,1.913944,0.12222593,-0.85378838,0.3047781,-0.98080266,-0.14932451,0.64457858,-1.2523298,-0.29595956,0.47618496,0.30047742,-0.4581843,-1.3448437,0.62464339,-0.45669112,0.55792409,-1.9456208,0.44658643,-0.33818531,-0.74824572,-0.71980405,1.1694226,0.43814027,-2.1960433,-1.3655069,-0.44945714,-0.024094712,0.25317985,-0.040274508,0.17791785,0.32208705,0.31413317,-0.11615214,0.35161972,0.2812041,0.38074028,-0.13599819,-0.48102239,0.28479412,-1.6694903,-0.033103064,0.24322413,0.079169631,0.37372065,0.81082964,1.9576783,-0.41977268,-0.97434258,-0.30881047,-0.007543698,-2.162492,0.59213197,0.38433066,0.54828966,-0.93764734,-1.6124568,0.23689644,-0.75033784,1.2278066,-0.1773203,0.049384981,0.045994788,0.066807061,0.4340643,0.11173981,0.12639406,-0.049421266,-0.26891333,-2.5131512,-0.75288767,-0.76417553,0.10252923,-0.94184792,0.29756081,-0.15063265,-0.33952537,0.11250485,1
0.47019374,0.2296223,0.18350573,0.46576577,0.45213568,0.4809247,0.46197212,0.44499385,0.45078152,0.45601913,0.44374022,0.45975775,0.45026344,0.43646228,0.45255083,0.45017529,0.45964378,0.4759258,0.45057768,0.44275534,0.44011086,0.45297214,0.43892342,0.44644523,0.45507991,0.45089734,0.45345572,0.43638325,0.45739776,0.44263583,0.44428349,0.44485593,0.43203115,0.43836963,0.44849065,0.42776167,0.42466819,0.44728082,0.42171437,0.43964729,-1.0495054,0.1652611,0.49109042,0.53069305,1.4840901,1.8229101,1.39544,0.82078868,0.94407737,1.753458,1.5284379,1.3023653,0.36883891,-0.22762492,-0.000513919,-0.41890556,0.71572858,0.45006871,0.42856324,0.2815353,-0.67576051,-0.005020008,-0.65556455,0.3546764,-0.75578046,-0.13966459,-0.033898145,0.81695437,0.042279631,1.5850635,-0.20348892,0.22743031,-1.2702045,-0.25723016,-0.025663782,0.91174698,-1.1525759,0.56230539,0.10412335,-1.017226,-0.11522907,-1.1815667,-0.73460013,0.49054462,0.89461565,0.81261742,-0.098876134,-1.8924804,0.80917776,0.13053237,-1.2769622,0.58976942,0.010103662,0.20723379,0.51864129,0.052417442,0.40259343,-0.35618109,-0.015434407,0.69000906,-0.79776227,-1.1218123,-0.038889512,0.69070172,-0.38887542,0.31900406,0.090001129,-0.24519584,-0.21061192,-0.33360279,0.48078996,0.80525494,-0.21997336,-0.29630801,-0.51243699,0.12664932,0.49459225,-1.1050797,0.42736259,-0.95410091,-0.41781086,-2.0235231,-1.0207193,-0.14542311,-0.66950625,0.24270837,-0.51417857,0.009464622,-0.15561412,-0.115286,-0.85219115,-0.69654572,0.6034826,-1.141019,-0.16117904,-0.15016258,0.078367539,0.19608864,-0.52879483,-1.8866718,0.94305325,0.53419918,0.9176203,-0.1729795,0.55189157,0.448347,0.034711394,-0.079541802,-0.3125965,0.30993938,-0.60201591,-0.17395002,0.44161898,-0.4035427,-0.86528295,0.10566618,-0.61433774,-0.66955715,0.36772373,-0.32996404,0.001321917,-0.72657955,0.82682943,0.78944886,0.097255729,-0.018406766,-1.9547931,0.60608613,0.006099716,-0.270037,-0.033300854,-0.63458776,0.019961266,-0.20520592,-0.77175808,1.1510177,-0.95638931,0.10685254,0.48037833,-1.9278831,-0.22230333,0.3264409,-0.10042785,-0.57285309,-1.0325836,0.30648232,0.22227535,0.44897851,0.89585662,-0.92494631,-0.34094054,0.087441206,0.153146,0.25788793,0.27597311,0.18895967,-0.2844485,-1.4280736,-1.9424727,-0.87085724,0.31308702,0.66671008,0.36439595,-0.48139805,-0.49491632,-0.020117298,1.3036716,-0.14370182,0.023927197,-0.24543107,-0.28125703,0.97565532,0.1913192,0.34955239,1.5362988,-0.26378655,-2.5946674,-0.050135981,0.80620825,0.04646533,-0.10408867,-0.8470884,0.27168334,-1.5945125,0.15384574,-1.4194003,0.22843516,0.17780438,-0.93097246,0.028042726,0.35228729,0.5253216,-0.22324255,0.10892512,-2.8222046,0.42983526,-0.60530251,-0.10114023,-0.12342886,0.15255515,0.5928421,0.1670332,-0.22047403,0.81531727,-1.6610417,-0.96271205,-0.32332787,0.5168407,-0.41004381,0.43534979,0.22601882,0.37834758,-0.10833199,0.37201905,0.39653215,1.0045006,-1.2195761,-0.37738708,0.66090679,-0.13893051,0.35722718,-0.067159481,-0.24869868,-1.4216633,-0.50984347,0.12144057,-0.54927361,0.41790098,1.2525179,0.36642149,-0.50009066,0.15351816,-0.34405899,0.78641969,0.65950423,-0.59627295,0.017307334,1.3094889,0.045184307,0.24630731,-0.82672435,-0.28860947,-2.1777143,1.018381,-1.4078499,-0.22366682,-0.089886457,-1.2485641,-0.0616704,0.21091957,-0.045765191,0.61388534,0.64156199,0.51454049,-2.1017213,0.96618307,0.21027228,1.314101,0.069249988,-1.1762128,0.019228488,-1.0716211,0.66415685,0.35557985,-0.92109537,0.35312,-1.9224066,-1.6043597,-1.5492909,-0.5389142,0.65475321,0.73069882,0.34526414,-1.1623325,0.87183416,-1.3167515,-0.23353645,0.49205917,-1.2962682,-0.10504305,-0.025281522,0.54719019,0.18237713,0.33736706,-0.11277377,0.72122645,0.034163691,0.48650616,-0.016133003,-0.13505729,-0.84070241,0.50061452,1.1925797,-0.73465896,0.76621103,0.52707815,0.44640547,-0.87421942,0.5358929,0.44425535,-0.99701732,-0.68834537,0.049697347,0.13601917,0.11476771,0.86963725,-0.24339959,-0.52464569,-0.50750047,0.01986297,0.64911795,-0.35790929,0.082276516,-0.47775164,0.13163216,1.1794533,-1.1673524,0.27836162,0.36555022,-0.72457498,-0.11426274,-0.29953834,-1.5436188,-2.1876879,-0.28795606,0.74896085,0.033921219,-0.18702912,0.72470099,0.077678874,0.57812643,0.31963092,-0.071915157,-0.66765451,0.30137742,0.13346276,-0.11464077,-0.36799732,0.20918605,0.15408778,1.3470902,-1.8641644,-0.075691782,1.8693197,1.7523384,0.39115027,-1.5313029,-0.29985738,-0.56586897,-0.32572836,0.084600568,0.22292426,0.92307866,0.81070709,0.36283553,0.22386087,0.1499425,0.96194834,0.81743956,1.1965501,-0.99031037,0.25527525,0.32588834,0.18169269,-0.39728105,-0.13485686,-1.8151613,0.41177896,0.02886408,-0.42532784,-0.24325645,0.47564039,0.17534702,-0.70989281,0.18407857,-0.29338676,0.45016867,-0.14551207,0.55442071,1.0738147,0.28759977,0.045698009,0.70895809,-0.10895295,0.092601791,-1.0713781,0.34811091,-0.77661103,-0.075863421,0.95148766,-0.86654919,-0.59849846,0.5352872,0.40464559,-0.67553431,-1.2112031,0.59491122,-0.77711219,0.069129318,-1.8650672,0.29574955,-0.38231933,-0.70820814,-0.5109694,1.1769421,0.47744131,-2.1687479,-1.4918871,-0.43949652,-0.004056399,0.39384952,-0.062031124,0.039777249,0.49507776,0.303747,-0.12831613,0.22578993,0.36777616,0.32722318,0.16210839,-0.24724232,0.31003797,-1.4830911,-0.020043518,0.50124037,0.10651197,0.32666099,0.65576452,1.1799537,-0.48073936,-1.0206009,-0.36931211,0.46773443,-2.1200151,0.48039854,0.29812798,0.46625543,-0.76870394,-1.566317,0.35323158,-0.61633074,0.25082204,0.005962275,-0.10889386,0.38055158,0.095424324,0.36601573,0.30933654,0.020058498,-0.14772908,-0.42011616,-2.403831,-0.79691154,-1.0036255,0.10127336,-0.92501253,0.066620797,0.097403273,-0.4769015,0.1750046,1
0.23809475,0.00563252,-0.016388208,0.24553333,0.23389812,0.2557238,0.23727068,0.22095707,0.23702449,0.23180525,0.22668779,0.22465137,0.22508,0.21288183,0.2349925,0.21400587,0.22468376,0.25023887,0.22763112,0.21370095,0.20742971,0.22859249,0.21219154,0.21427983,0.22184196,0.21419808,0.22546628,0.2138405,0.22317486,0.22035016,0.21619493,0.21252429,0.20452884,0.20711079,0.21416685,0.19873418,0.19832045,0.21029609,0.1986272,0.20332496,-0.86541945,-0.027713895,0.19946021,0.34236288,1.3096693,1.5842359,1.1413336,0.57183373,0.67261142,1.5215778,1.3196334,1.0653534,0.26272991,-0.22075935,-0.14807132,-0.45302153,0.50927967,0.30097282,0.27437064,0.20840584,-0.84872842,-0.017076816,-0.65360838,0.21075164,-0.69212592,0.043445751,-0.12900817,0.68482554,0.10511789,1.2588133,-0.12987334,0.16283235,-1.0903875,-0.26962984,-0.007994872,0.58618784,-1.0936098,0.4483386,0.11616783,-0.92636222,-0.13570711,-1.1303338,-0.67332494,0.4205865,0.66619807,0.49500751,-0.050546523,-1.7017431,0.54391015,0.068337217,-1.1487594,0.73032892,0.035667881,0.099884525,0.36151069,0.29908764,0.20526947,-0.36587718,0.061696649,0.53987181,-0.65197003,-0.95727926,-0.032547385,0.56373924,-0.29734388,0.19643922,0.09397392,-0.13882673,-3.75E-05,-0.34265563,0.4288902,0.72789705,-0.14488603,-0.22447404,-0.26692963,-0.0572595,0.46884856,-0.88367784,0.43038854,-0.79682708,-0.35954985,-1.7156317,-0.88874644,-0.11684689,-0.59173536,0.23814185,-0.48543498,0.16734685,-0.12327708,-0.2311282,-0.60498166,-0.61533564,0.40596089,-1.0435054,-0.12615269,-0.075679153,0.067405485,0.41675371,-0.39696142,-1.4860427,0.4603211,0.39088085,0.76354182,-0.083722398,0.44663697,0.3232851,-0.045540184,-0.18671349,-0.24686401,0.39619809,-0.49954358,-0.28968775,0.30260327,-0.25294983,-0.75748384,0.12989993,-0.52821386,-0.56458914,0.33554143,-0.42586234,-0.064983815,-0.68976313,0.57905436,0.55075282,0.027255677,0.21042117,-1.5579739,0.58958125,-0.016826894,-0.05185765,-0.026620701,-0.51844686,-0.036625825,-0.074927807,-0.70042646,0.82809681,-0.64267087,0.057270776,0.15032637,-1.2907909,-0.21659666,0.2819337,-0.044325635,-0.36236358,-0.81333923,0.37683392,0.066267148,0.45581323,0.79263973,-0.74153012,-0.1660772,0.083452746,0.27712485,0.17192216,0.14741075,0.071196318,-0.10834142,-1.167177,-1.6591353,-0.6976341,0.26666149,0.48891759,0.35742396,-0.5265795,-0.30497947,0.037588872,1.328094,-0.046044234,0.065261289,-0.34035301,-0.26306182,0.9990741,0.12010584,0.22770494,1.9300867,-0.12697262,-1.9239718,-0.055184733,0.71906948,-0.038919538,-0.044371456,-0.68628019,0.18775117,-1.4307187,0.11044685,-1.1726958,0.28042543,0.16795817,-0.76246178,-0.052431695,0.25331494,0.48552105,-0.17261109,-0.41243154,-2.4537108,0.2772972,-0.60679072,-0.13544111,-0.013709962,0.23456582,0.53026277,0.1174001,-0.090396091,0.56354278,-1.5339615,-1.040473,0.10570714,0.46799046,-0.40829045,0.27067083,0.1528862,0.35817185,-0.075942367,0.20652363,0.42896038,0.63244313,-0.97657287,-0.39113694,0.42657557,-0.10432015,0.23214291,-0.030750373,-0.17277957,-1.2136985,-0.44084215,0.10022377,-0.53978837,0.26383513,1.000204,0.28038374,-0.408308,0.16178083,-0.23383319,0.41932458,0.61311287,-0.45230448,0.04746104,1.1061327,0.036297649,0.26237684,-1.1722292,-0.080773592,-1.8544888,0.79505712,-1.2998427,-0.17975204,-0.065532252,-1.3258489,-0.28294158,0.12565371,0.23141795,0.63402528,0.55879974,0.29881242,-1.7686979,0.91292399,0.2119693,0.86983877,-0.020316482,-1.0404115,0.000709638,-0.83259451,0.58800119,0.18191813,-0.68023008,0.4629645,-1.7016802,-1.3528587,-1.2451333,-0.45580852,0.50787556,1.0036336,0.18974903,-0.91824138,0.76064181,-0.97854692,-0.07685668,0.29811108,-0.92717606,-0.078451663,-0.091613099,0.5313071,0.11304702,0.35331294,-0.16102557,0.44275242,-0.017736668,0.56690425,0.15095367,-0.075784169,-0.60465455,0.32854822,0.88545454,-0.43248624,0.55356777,0.46385264,0.26827455,-0.63651443,0.44487655,0.21957073,-0.8552295,-0.58358639,0.08783599,0.14590384,0.12819578,0.71858793,-0.22269332,-0.4034023,-0.45624408,0.052642211,0.38110176,-0.26823136,0.003186315,-0.34721541,0.10577195,0.98250425,-1.047416,0.14083272,0.24866569,-0.585136,8.57E-05,-0.20756498,-1.3384196,-1.8821957,-0.21942186,0.56369734,-0.078732714,-0.18041217,0.69752657,0.18229708,0.49938288,0.18812135,0.071936712,-0.49811572,0.1756133,0.006566227,-0.13496524,-0.15515363,0.16258216,0.10264634,1.1033719,-1.5343788,-0.17121284,1.3991691,1.1401603,0.37919813,-1.3539693,-0.17130251,-0.47990555,-0.22755237,0.005240061,0.45005789,0.67363417,0.33250594,0.27327082,0.24802113,0.1472487,0.70142233,0.70847571,1.1441104,-0.85798442,0.10335636,0.35170668,0.080954224,-0.40751007,-0.12171818,-1.5357976,0.27813581,-0.020078741,-0.4101204,-0.20422338,0.21791108,0.072734259,-0.54736984,0.36592826,-0.2756466,0.5203445,-0.023705833,0.2526913,0.81521702,0.25771499,0.13793042,0.60052395,1.0715723,-0.013948407,-0.87799078,0.29647619,-0.7528283,0.14989635,0.61046326,-0.72155541,-0.74201345,0.50738108,0.34364402,-0.49644405,-1.1579001,0.53014046,-0.49679461,-0.089292832,-1.6313744,0.26652867,-0.20379978,-0.74771881,-0.35140425,0.87518454,0.38801491,-1.6392715,-1.0397347,-0.37401357,0.011374947,0.33675355,-0.046895556,0.009118429,0.35441226,0.17207251,-0.15166426,0.26223224,0.3052361,0.39409289,0.85748219,-0.15685987,0.2115777,-1.2256982,-0.030684475,0.35918301,0.095864043,0.2495082,0.54058713,1.1554236,-0.40857023,-0.72426981,-0.3283616,0.2310012,-1.9817593,0.3642261,0.25912535,0.38779148,-0.64940363,-1.1180869,0.28184786,-0.6353603,0.33545601,-0.00054976,-0.040086519,0.5062589,0.033762403,0.29645556,0.32842499,-0.011587678,-0.047397874,-0.38036793,-2.0533564,-0.74241078,-0.80277032,-0.041249476,-0.77533859,0.11733437,0.99233031,-0.23438892,0.18917638,1
0.44452059,0.20171873,0.17469355,0.4556447,0.4415226,0.46116191,0.38781875,0.43406019,0.44560033,0.44094419,0.44491547,0.43884444,0.44566903,0.43272999,0.4565872,0.43353796,0.4414064,0.46498114,0.44064122,0.44078889,0.43267491,0.44313091,0.42917001,0.43574804,0.43699294,0.42962515,0.43829015,0.42569441,0.43595183,0.43740755,0.4281483,0.4388696,0.42661253,0.42560139,0.4356612,0.42031246,0.42346179,0.44388655,0.41625893,0.41910595,-0.87387079,0.16567689,0.13793582,0.24071383,1.1697239,1.4963617,1.0166596,0.46672338,0.56647474,1.3853166,1.2037514,0.94541126,0.29887524,-0.16790581,-0.24628387,-0.38732663,0.53456193,0.31694898,0.28908005,0.26635841,-0.50899094,0.076199584,-0.57901859,0.21421021,-0.6884253,0.047359917,-0.18169841,0.61728829,0.091208145,1.1336056,-0.17768762,0.17181864,-1.0431626,-0.20380065,-0.082574628,0.73825401,-1.0042295,0.41524604,0.063455537,-0.73577833,-0.13342635,-0.92426568,-0.55705756,0.27128565,0.69698358,0.47026289,-0.072481155,-1.473787,0.67407149,0.088361986,-0.88201785,0.60576344,-0.031694807,-0.015007671,0.34061226,-0.021599531,0.20176028,-0.26746532,0.034012266,0.51995128,-0.65870428,-0.97192901,0.039599128,0.4863514,-0.34196982,0.11811888,0.13385159,-0.19276173,-0.12537567,-0.31839219,0.40830162,0.58637536,-0.11393846,-0.076944813,-0.28152749,0.11754093,0.055822521,-0.90673941,0.30586031,-0.84160262,-0.33349094,-1.6180643,-0.77585191,-0.14189997,-0.46073532,0.31825355,-0.31626558,0.083767496,-0.093090758,-0.20992577,-0.51467162,-0.638466,-0.023667902,-0.90420777,-0.10065982,-0.12083894,0.062568337,0.19520859,-0.36338487,-1.3346716,0.45227566,0.41774651,0.65795445,-0.046545222,0.49855217,0.33908567,0.037768897,-0.56916952,-0.21437174,0.23759842,-0.73597085,0.008057267,0.35048991,-0.19900322,-0.72705972,0.085049294,-0.4992303,-0.31397888,0.30872792,-0.36063188,-0.009478771,-0.71051836,0.60926431,0.66551507,0.13421425,0.092844993,-1.4277709,0.43096477,0.008947004,-0.14453177,-0.045873266,-0.48490098,-0.024734804,-0.082919903,-0.54952461,0.76909465,-0.55255824,0.085905544,0.35008737,-1.2899405,-0.15047863,0.22089301,-0.037787307,-0.24531147,-0.75951439,0.33249938,0.079243056,0.24659169,0.80134577,-0.67537844,-0.24123639,0.088880457,0.11340043,0.26576337,0.32270774,0.16644999,-0.050185151,-1.0616391,-1.4787133,-0.68279052,0.21423475,0.62762552,0.38737345,-0.45879477,-0.28810203,0.050136428,1.1723185,-0.25833496,0.053664371,-0.25166121,-0.28241104,0.84486163,0.13931404,0.27210155,0.7592808,-0.071179248,-1.8377988,-0.087948829,0.49321121,-0.024659541,-0.080010243,-0.60105789,0.15387188,-1.2742826,0.13777708,-1.1123408,0.16749047,0.15904014,-0.67389745,-0.071455635,0.064850256,0.30694956,-0.18094063,-0.38418043,-2.2661951,0.29034162,-0.55768561,-0.05244885,-0.014835916,-0.09666191,0.47672254,0.048576098,-0.21344209,0.70510083,-1.2407056,-0.77804881,-0.42604667,0.36990935,-0.39951482,0.32018816,0.087030195,0.28375715,0.000452399,0.27706122,0.3950699,0.69648671,-0.75453961,-0.3542535,0.52331251,0.02109373,0.2366105,0.012280919,-0.24265611,-1.078601,-0.45651531,0.067038015,-0.28586045,0.22242165,1.0639081,0.26069406,-0.39553034,0.14952491,-0.27349198,0.62723613,0.47708967,-0.31258035,0.054886825,1.3595018,0.14655474,0.2253997,-0.75225604,-0.11895522,-1.8012931,0.87491477,-1.0672537,-0.19684517,-0.12809785,-1.2207034,-0.071787246,0.1762002,0.30587745,0.47539261,0.46458387,0.2514967,-1.676371,0.78803033,0.10780565,1.0181459,0.13638042,-0.95335442,-0.036062319,-0.73388034,0.48268795,0.15678027,-0.70073456,0.18192646,-1.4890431,-1.3527546,-1.1255455,-0.40421319,0.5353694,0.41624278,0.22250746,-0.82545233,0.68342549,-0.86456621,-0.12151092,0.27221692,-0.83767211,-0.11058695,-0.055390764,0.42937616,-0.15391287,0.22654183,-0.14813484,0.31546274,0.012642249,0.47304165,0.008621074,-0.097546488,-0.63371068,0.36492053,0.91591448,-0.33279935,0.60039574,0.43603909,0.53653497,-0.558685,0.50773931,0.32778239,-0.71707827,-0.50796157,0.085293017,0.000551209,0.02855736,0.60432017,-0.17991129,-0.46338299,-0.46449694,-0.016942594,0.53960556,-0.26441586,0.18263879,-0.24762206,0.1353182,0.9373396,-0.98066783,0.12247603,0.31817943,-0.53203201,-0.028055223,-0.08610867,-1.1026822,-1.5533092,-0.18985136,0.54884261,0.055769227,-0.035122558,0.58576858,0.16030273,0.42726529,0.21066982,-0.10671894,-0.39429957,0.19561487,0.08430399,-0.10663588,-0.49679738,0.25555652,0.1384892,0.98909158,-1.455851,-0.13448526,1.4431387,1.3997631,0.28314075,-1.1782527,-0.094364956,-0.36652142,-0.17882904,-0.017607119,0.23487729,0.64650214,0.78845066,0.17421684,0.16506521,0.046764962,0.69188058,0.63951552,0.86231303,-0.70493913,0.19487733,0.23543727,0.13723202,-0.35097638,-0.05915641,-1.4270251,0.28585756,-0.042200305,-0.30165833,-0.13594773,0.27663887,0.14166552,-0.57856721,0.14978069,-0.25280917,0.26949057,0.006231666,0.39075601,0.87558144,0.28389847,0.0958369,0.57150543,0.54756039,0.070976168,-0.81282389,0.25605041,-0.65277576,0.013113424,0.70524472,-0.7608676,-0.34945238,0.38832837,0.26006934,-0.39502481,-0.95624739,0.37435675,-0.52494651,-0.12303708,-1.4011989,0.23401918,-0.15928024,-0.52988094,-0.40207437,0.84690428,0.37875998,-1.6372584,-1.0729709,-0.34676859,0.041372247,0.26618841,-0.016772769,0.073309183,0.34756145,0.20850201,-0.14934611,0.25772902,0.32090113,0.25172567,0.1665168,-0.15295765,0.35921866,-1.1825004,0.11861962,0.1368663,0.097669534,0.19071187,0.56365532,0.80125815,-0.39298144,-0.73432326,-0.33958375,0.27245128,-1.6606065,0.27619126,0.19619134,0.33791795,-0.5270049,-1.0571254,0.26098809,-0.48800614,0.11816753,-0.08433713,-0.077621751,0.31964207,0.078133553,0.31094301,0.25150883,0.02609567,-0.020123102,-0.36855128,-1.9134171,-0.68938506,-0.68466514,0.075406447,-0.69415575,0.003875926,0.001262635,-0.24473482,0.1456136,1
0.49061745,0.25612313,0.21961075,0.4815836,0.47160175,0.49750006,0.47526711,0.46568435,0.48088521,0.48081177,0.47514111,0.47246021,0.47552395,0.4624747,0.48866749,0.46759868,0.48127493,0.50286233,0.49093536,0.48093715,0.48082626,0.47753757,0.48205149,0.47961846,0.48905686,0.47637969,0.48191267,0.472004,0.48840863,0.48569095,0.46865529,0.49369526,0.47893253,0.47986639,0.48737675,0.4638263,0.47186965,0.49937657,0.46800137,0.4684799,-1.0032144,0.20552418,0.45926392,0.50200373,1.4376851,1.7803555,1.3912065,0.79312611,0.90827811,1.7257918,1.4982446,1.277864,0.41444564,-0.176245,-0.25321561,-0.44598258,0.70726144,0.40733862,0.35298938,0.29991919,-1.0154028,0.066715658,-0.72498238,0.32561517,-0.70608276,-0.050586089,-0.26271302,0.75021172,0.090135679,1.4311737,-0.16435798,0.23688599,-1.2724408,-0.27686846,-0.007536665,0.95318562,-1.1044896,0.59325486,0.18024927,-0.97006541,-0.13062033,-1.2918491,-0.69888204,0.51992571,0.8901906,0.61416489,-0.10845704,-1.856117,0.69186056,0.068378508,-1.1546966,0.69565398,-0.009184361,0.12542766,0.57067686,0.082033217,0.36123896,-0.27544776,0.11223041,0.65132874,-0.594576,-1.1450254,-0.02915936,0.55348402,-0.35529009,0.32995009,-0.054413572,-0.2300307,-0.17425084,-0.32165718,0.63515651,0.68187726,-0.21393777,-0.55859071,-0.43576211,-0.017520115,0.38316774,-1.1768694,0.4021574,-1.1068766,-0.44789058,-1.9594424,-0.92152262,-0.088344455,-0.66275406,0.35181588,-0.56210709,0.16418086,-0.11647388,-0.038650058,-0.77522773,-0.63243234,0.29144603,-1.1419573,-0.14458622,-0.049475417,0.10159502,0.23531556,-0.51750201,-1.6985917,0.41226608,0.50251621,0.87364084,-0.17012052,0.43026882,0.35013387,-0.000252791,-0.51004481,-0.34944588,0.50179905,-0.58501375,-0.23711821,0.43883198,-0.3679902,-0.78672528,0.12379729,-0.6398477,-0.60332429,0.33665323,-0.32959598,-0.015924817,-0.72911924,0.81544697,0.73233843,0.16671336,0.03216508,-1.7414234,0.74136019,-0.070916183,-0.14055994,-0.064675972,-0.54423887,-0.011369154,-0.18283954,-0.77879953,1.1496127,-0.82477039,0.10501432,0.49744406,-1.5795175,-0.1919667,0.35671011,-0.16762608,-0.46864101,-0.91307861,0.42453739,-0.009858206,0.48299748,1.1374876,-0.78542244,-0.22705139,0.035255209,0.12309726,0.15627632,0.16510187,0.026224419,0.022081524,-1.3729256,-1.9563892,-0.71821898,0.27348295,0.76407635,0.31538022,-0.50922102,-0.27883527,0.066757128,1.3416541,-0.26048812,0.11630211,-0.14757416,-0.21648082,1.1389673,0.13402614,0.26994726,2.1678462,-0.22847699,-2.5422444,-0.053508103,0.67178029,0.037527677,-0.179492,-0.72206193,0.081542566,-1.6056571,0.16107982,-1.0582906,0.13726735,0.17927729,-0.91098487,0.031537104,0.32002616,0.52498943,-0.23777795,-0.17276695,-2.641633,0.30341908,-0.77122414,-0.059530117,0.14177601,0.13275817,0.59909201,0.20240319,-0.18655559,0.59066808,-1.6578791,-0.89052761,0.044357628,0.4198406,-0.43139717,0.20250037,0.11590927,0.38979095,-0.017856386,0.45737606,0.57767189,0.85759985,-1.0709136,-0.35745087,0.50599253,-0.18689686,0.20956063,-0.28210813,-0.27803335,-1.4325868,-0.530132,0.12722248,-0.50634623,0.47232902,1.1268642,0.34817985,-0.46185425,0.18396437,-0.40287462,0.59591579,0.59237438,-0.38559714,0.040327191,1.5095408,0.10452659,0.16929236,-0.78004104,-0.2637167,-2.0776827,1.1041698,-1.4284755,-0.048662454,-0.13656464,-1.4440411,-0.31103769,0.069127515,0.31994629,0.6131466,0.48545346,0.47743684,-2.0073841,1.0319315,0.057669219,1.1068753,0.036230877,-1.2207928,0.017772444,-1.0814798,0.82836843,0.36561346,-0.80963653,0.31011513,-1.812463,-1.5223562,-1.4422544,-0.51899636,0.46664292,0.87441385,0.28799003,-1.0462625,0.91030473,-1.1478081,-0.21600133,0.35762835,-1.1365432,-0.18525489,-0.023745544,0.41258913,0.26126975,0.41764551,-0.15981066,0.50681007,0.01087745,0.58448488,-0.005467072,-0.18254337,-0.68981516,0.46794474,1.1104227,-0.76871288,0.69512421,0.49743152,0.41466588,-0.75362509,0.69021511,0.28409654,-0.99732167,-0.76768875,0.068031363,0.14898445,0.1214497,0.8505041,-0.24530527,-0.54692847,-0.56891841,0.055632688,0.56503558,-0.25097764,0.062377572,-0.42926472,0.16292831,1.2433519,-1.1399,0.12699814,0.39211863,-0.61790711,-0.040086463,-0.16812649,-1.4218891,-2.076129,-0.21723212,0.69441718,-0.018262208,-0.13575707,0.73845482,0.2065371,0.4747265,0.32835558,-0.0647306,-0.49031395,0.23180181,0.00809627,-0.22593333,-0.58483601,0.25207001,0.16861905,1.2199085,-1.830107,0.061476652,1.5659038,1.4852524,0.48408097,-1.5038904,-0.28929901,-0.45784718,-0.29616639,-0.031518433,0.49634063,0.83321744,0.76660913,0.43653432,0.20782793,0.22418293,0.81777579,0.74336368,1.421802,-1.0355899,0.30195436,0.1917754,0.21938618,-0.5120672,-0.12359494,-1.6603813,0.36718929,0.020961788,-0.40893555,-0.25254193,0.35543472,0.13621992,-0.62820739,0.23611216,-0.29972249,0.42274749,-0.022226036,0.53781688,1.1245859,0.21933657,0.1346619,0.69263041,0.099011905,-0.062784113,-1.0114543,0.28837705,-0.7799347,0.288133,0.86525363,-0.77739018,-0.47828713,0.53495049,0.36669597,-0.54539323,-1.1945306,0.55197346,-0.49900052,0.13513428,-1.9138808,0.28517473,-0.39052767,-0.85034996,-0.55689967,1.1464618,0.43524483,-1.9143846,-1.2341393,-0.46276408,-0.033804495,0.39803433,-0.10242409,0.11701074,0.45266378,0.27468762,-0.19241235,0.26184347,0.32001624,0.24152353,0.067647383,-0.20993027,0.11643183,-1.5759209,-0.049000338,0.48195416,0.10415226,0.27125293,0.65930915,1.1592621,-0.46520591,-0.85372823,-0.43630165,0.27055097,-2.1939867,0.35368288,0.45184001,0.43187445,-0.76187378,-1.3403593,0.27060741,-0.52470738,0.097451165,-0.075487725,0.043681964,0.37395674,0.12501016,0.38486987,0.24409001,0.086670861,-0.081753783,-0.4472577,-2.3542459,-0.75639582,-0.85636455,-0.035803735,-0.85983413,0.13867532,-0.088489078,-0.28671458,0.15777308,1
0.54113811,0.30856836,0.2518616,0.54366887,0.529863,0.55289745,0.51510966,0.51928228,0.53693593,0.53203249,0.52130556,0.51952153,0.52497983,0.50802875,0.53808808,0.51989657,0.52253258,0.55438602,0.53446245,0.51749223,0.52210832,0.52500331,0.51817411,0.51115727,0.51821399,0.50787634,0.52584922,0.51570237,0.51449734,0.51626366,0.5130921,0.51557785,0.50252855,0.50601637,0.51321959,0.48461452,0.49380699,0.51380885,0.48756793,0.49927831,-1.036631,0.2371337,0.42429101,0.47588891,1.4053017,1.7551284,1.3331379,0.75973588,0.87664604,1.6966227,1.4726968,1.2434468,0.42848906,-0.21010128,-0.36436805,-0.40159231,0.84570742,0.45034951,0.3958382,0.31063315,-0.96158576,0.097068369,-0.54766715,0.28972298,-0.94379687,-0.085214935,-0.25565901,0.97131246,0.40866575,1.3533212,-0.20341821,0.21816531,-1.3494432,-0.24607429,-0.10795082,1.110211,-1.3238261,0.59141946,0.098823234,-1.0446657,0.058776326,-0.81963176,-0.60932374,0.55937302,1.0628448,0.80290145,-0.01221331,-1.7786947,0.63384461,0.12268798,-1.1295978,0.69804919,-0.003278349,0.11407077,0.49326822,-0.000439048,0.40242431,-0.28881288,0.15503989,0.69743729,-0.8414005,-1.1632466,0.038050689,0.71993273,-0.47805476,0.21708928,0.28035909,-0.18586637,-0.1671471,-0.31967384,0.34840545,0.73592514,-0.28542638,-0.41207495,-0.42747343,0.35917616,0.20693904,-1.161063,0.43605137,-1.0748857,-0.37871975,-1.8846203,-0.96886224,-0.17411108,-0.45772406,0.37058747,-0.49838972,0.15297741,-0.12054897,-0.11690275,-0.86858362,-0.68889028,-0.082595319,-1.1840999,-0.10003918,-0.020556644,-0.15085566,0.25688758,-0.45038125,-1.8632286,0.50200933,0.52366549,0.90342569,-0.35172501,0.47976962,0.39455095,0.071805306,-0.42590719,-0.47596297,0.29360038,-0.83035445,-0.27985942,0.45217693,-0.31844112,-0.90730673,0.090086155,-0.55876011,-0.67964536,0.37714016,-0.46257952,0.015226265,-0.79189181,0.80241919,0.825216,0.10110177,-0.062595256,-1.8670022,0.52528059,-0.14157219,-0.13390405,-0.16421159,-0.55156338,0.044927023,-0.19497731,-0.8050983,1.1295437,-0.82282066,0.15288422,0.44128671,-1.4442297,-0.21648733,0.40938362,-0.14986947,-0.39186123,-0.9745363,0.41153365,0.15335044,0.38610059,1.1200467,-0.79307181,-0.20734239,0.084420316,0.24978252,0.28633896,0.36925426,0.14908561,-0.31768441,-1.3782668,-1.9771847,-0.91970158,0.25735369,0.72951579,0.46655583,-0.5680238,-0.47780168,0.054864265,1.5564265,-0.24478327,0.16541442,-0.31537056,-0.23245253,0.99118537,0.15381283,0.32021633,1.3397321,-0.18000416,-2.4675264,-0.11745077,0.51491034,0.05167187,-0.19495714,-0.74341214,0.040924862,-1.6198642,0.15081367,-1.4960629,0.21878448,0.14092305,-0.91144168,0.11226327,0.11038773,0.48341364,-0.16452019,-0.33833969,-2.6551616,0.33045125,-0.9927001,-0.052452698,0.023183808,0.061091669,0.60652703,0.16288874,-0.21487598,0.5458284,-1.5312291,-0.99669349,-0.3415314,0.37016445,-0.52042073,0.23189399,0.11350965,0.44389662,0.035763565,0.45140171,0.34396026,0.82504964,-1.1089011,-0.356457,0.44322377,-0.073072411,0.29345772,-0.086403102,-0.23854895,-1.3078948,-0.41475078,0.11168378,-0.47242296,0.38453084,1.1898043,0.40041727,-0.54004127,0.15538938,-0.33010381,0.68906301,0.49813336,-0.61238319,0.058892876,2.0216596,0.16219109,0.30361176,-1.2220604,-0.21126403,-2.0498223,1.1331506,-1.2304516,-0.30581385,-0.041745603,-1.5811536,-0.40431374,0.38393977,0.040073968,0.4254992,0.75443518,0.22721457,-1.9713069,1.1299393,0.44684005,1.0743321,0.006854262,-1.1706878,-0.007515006,-1.1241,0.6387189,0.45753634,-0.98208261,0.34948367,-1.9382746,-1.6494206,-1.5145502,-0.41504696,0.88128686,0.56553859,0.26100627,-1.0656345,0.83384776,-1.1582401,-0.15744177,0.50159246,-1.1025454,-0.30841321,0.0177278,0.51102984,0.18865286,0.36239654,-0.16412531,0.76035607,0.036484037,0.65628707,0.14668971,-0.10159528,-0.8692137,0.54764444,1.2421801,-0.45961463,0.57104427,0.5365454,0.45689198,-0.78604186,0.45732224,0.30930603,-0.92715681,-0.49715742,0.1418018,-0.010864452,0.13570184,0.77800608,-0.23648617,-0.58995527,-0.59060037,-0.030659651,0.63840222,-0.31640989,0.16921413,-0.32755414,0.1959728,1.1583408,-1.0235415,0.15900353,0.35578597,-0.67769575,-0.00350384,-0.33067998,-1.3618964,-2.041198,-0.29352802,0.69544029,0.18238413,-0.11139135,0.74565262,0.35695413,0.68216908,0.31259775,-0.14954638,-0.66138667,0.2453135,0.1102424,-0.26982594,-0.60744959,0.24121116,0.22135139,1.3614581,-1.7784618,-0.096917309,1.817255,1.9598428,0.4487507,-1.4301181,-0.17964166,-0.45491731,-0.17390257,-0.00065936,0.34516674,0.85841656,0.89549571,0.71008098,0.11261457,0.18386644,0.82556176,0.74869853,1.0055028,-1.1105404,0.24407303,0.25513208,0.087212361,-0.35141003,-0.21661156,-1.7905307,0.41858876,-0.011056777,-0.38435483,-0.30482459,0.15772817,0.167431,-0.69634843,0.16921157,-0.34283125,0.073016338,-0.1488408,0.36533356,1.155706,0.31534505,0.11235137,0.72278416,0.21398772,0.037391096,-1.0508296,0.34242126,-0.83220792,0.099245593,0.93416643,-0.90147448,-0.51219571,0.4988974,0.39825514,-0.66093379,-1.2573755,0.58242297,-0.69807667,0.29277638,-1.7673815,0.3785409,-0.32895619,-0.65886509,-0.73085994,1.1625042,0.49127132,-2.1565325,-1.3865633,-0.43805918,-0.027334046,0.31864345,0.005011865,0.099716894,0.40873748,0.3071748,-0.190451,0.23879968,0.3744888,0.4063684,0.076775357,-0.34133023,0.28442797,-1.6033685,-0.072105482,0.33240396,0.091364861,0.16072914,0.93093872,1.7530897,-0.44961554,-1.040553,-0.35649034,-0.011252679,-2.1418846,0.45554298,0.22259894,0.45206267,-0.8754518,-1.5380051,0.33394,-0.49474511,1.0129051,-0.069579616,0.13228229,0.46779257,0.069549412,0.33104345,0.3027119,0.053074688,-0.061302111,-0.36506853,-2.3933132,-0.74167526,-0.95981896,0.10779472,-0.9540838,0.057430536,0.028765038,-0.27071035,0.12192417,1
0.54097635,0.29800171,0.24139811,0.56160331,0.54758239,0.57130969,0.54601794,0.53967774,0.55086362,0.54717004,0.53721583,0.54877162,0.54892313,0.5227505,0.5543834,0.54192847,0.56223071,0.56397486,0.54803246,0.53387642,0.53332126,0.54131818,0.53446805,0.54265547,0.54353833,0.53063226,0.54067302,0.51726413,0.53587615,0.52224874,0.52149284,0.53362691,0.51823515,0.5171867,0.53032714,0.51014948,0.50791001,0.52506983,0.50705653,0.50649464,-0.74963999,0.22793378,0.30438113,0.43302312,1.3537847,1.6761802,1.2292134,0.66853857,0.76955235,1.6030477,1.4096336,1.151106,0.33030513,-0.16155016,-0.32186359,-0.39577544,0.53210926,0.35100409,0.32019785,0.21549353,-0.62268817,0.027053403,-0.75597948,0.25542796,-0.74138993,-0.037266925,-0.17234792,0.70029747,0.031190038,1.5108347,-0.21643141,0.10660472,-1.1749188,-0.31480628,-0.072584674,0.68368804,-1.1257223,0.49983105,0.19288097,-0.91830945,-0.1512173,-1.293908,-0.58097947,0.39236566,0.67280173,0.66427261,-0.05277738,-1.7395782,0.9716959,0.075489491,-1.062633,0.75011742,0.003286343,0.3470633,0.40786356,-0.076058261,0.58407164,-0.31658083,0.15513566,0.60471517,-0.41104835,-1.0266302,-0.026539162,0.6132549,-0.31229287,0.38476634,0.18660413,-0.16838245,-0.2329253,-0.30628687,0.37837672,0.5158639,-0.18568197,-0.22960971,-0.34467739,0.15311834,0.53553039,-1.1177651,0.41830537,-0.89073789,-0.40451431,-1.8712984,-0.99379718,-0.12045054,-0.64240378,0.21125923,-0.3498978,0.10473933,-0.075466678,-0.077966794,-0.66782886,-0.71341491,0.40650523,-1.098613,-0.18594584,0.042399719,0.097236186,-0.006679058,-0.4280256,-1.6848063,0.71126097,0.44139412,0.92569578,-0.17129798,0.39673057,0.38135025,0.020061597,0.11061777,-0.26961908,0.47714692,-0.63187289,-0.077750348,0.29987618,-0.23940621,-0.63208747,0.16773567,-0.57515788,-0.35171407,0.31956357,-0.52792442,-0.043532059,-0.80345088,0.77502793,0.74314964,0.18440218,0.085072763,-1.5452247,0.6468488,-0.20161161,-0.20384988,-0.004305366,-0.51915282,-0.014208465,-0.21967481,-0.53161079,1.2283891,-0.68978989,0.089512579,0.40066451,-1.5743601,-0.076737985,0.23986554,-0.065286554,-0.56472445,-0.87378412,0.3807947,0.03818135,0.48197463,0.90923351,-0.82362241,-0.18721478,0.047837239,-0.099796802,0.21599634,0.39289749,0.092731372,0.002334274,-1.3445904,-1.8499316,-0.72584581,0.22035369,0.79149312,0.3788355,-0.39090976,-0.20904641,0.0153488,1.213725,0.11067065,0.18946312,-0.20673752,-0.32526591,1.1745083,0.12541465,0.2354808,1.4376626,-0.20166349,-2.2837696,-0.082652457,0.6003024,-0.051265918,-0.14121306,-0.66330487,0.10986387,-1.4484503,0.11624634,-1.050984,0.08385843,0.20256773,-0.87340623,-0.004833486,0.21515238,0.55853128,-0.290167,-0.1332206,-2.5456083,0.28515559,-0.56276,-0.078564368,-0.10124883,0.17490406,0.58511496,0.31904557,-0.13168836,0.69399691,-1.6781416,-0.7066201,-0.36307764,0.3333008,-0.39797094,0.17283651,-0.036285073,0.33058271,-0.039056722,0.36711699,0.57625979,0.60039592,-0.99543905,-0.36205173,0.50599355,-0.14350894,0.23807868,-0.047882427,-0.20410536,-1.3259506,-0.50603956,0.11261979,-0.21103026,0.32953003,1.057445,0.29706568,-0.42479077,0.16289954,-0.35717779,0.65155393,0.48390761,-0.50803363,0.026253674,1.8083388,0.19149204,0.12689631,-1.0301193,-0.31641251,-1.9859016,0.91558075,-1.2709459,-0.21228723,0.10728481,-1.2193706,-0.15515512,0.048609599,0.29767454,0.57222915,0.3761006,0.63434803,-2.0004599,1.0671084,0.56508082,1.234421,0.013276702,-1.1301513,0.007728718,-0.99153209,0.64125681,0.39977914,-0.85987222,0.36229271,-1.7451557,-1.4483371,-1.4443467,-0.39768863,0.52922946,0.59159887,0.21680036,-1.1628528,0.75592786,-1.0191422,-0.17573151,0.44952637,-1.1380085,-0.070457429,-0.025569335,0.51033223,0.053024106,0.4232654,-0.24506879,0.53216958,-0.018030543,0.42397553,-0.035722971,-0.11198369,-0.58331168,0.3524555,0.9336375,-0.49920142,0.78327525,0.41631082,0.44074142,-0.72848946,0.6955061,0.38268763,-1.0716373,-0.7643621,0.023642749,0.13501413,0.19974454,0.83700043,-0.20292974,-0.50228328,-0.525814,-0.11311121,0.62448031,-0.24860463,0.21799052,-0.41061604,-0.008767977,0.959171,-1.1751404,0.12242287,0.20439775,-0.5743373,-0.019189943,0.14113188,-1.3062277,-2.0147777,-0.19434111,0.61284041,-0.002219036,-0.11421807,0.58779168,0.1914774,0.48538876,0.24576882,-0.21272868,-0.49970835,0.13537213,0.11328999,-0.1732361,-0.11114854,0.24306038,0.10608313,1.4363747,-1.6481164,-0.19327158,1.5595456,1.5018021,0.55349487,-1.3039286,-0.24884312,-0.6105026,-0.21842116,-0.03458124,0.34197533,1.1318667,0.69905275,0.40306166,0.16427447,0.19184169,0.75090522,0.6555022,1.0099674,-0.80796045,0.17186318,0.37708288,0.036480337,-0.413652,-0.19977248,-1.6115596,0.26956302,-0.009042095,-0.38354993,-0.35842356,0.46420097,0.085298389,-0.55273855,0.22099039,-0.3885324,0.37805235,-0.1400108,0.51870954,0.97546214,0.55589515,0.04424027,0.59093934,1.0257815,0.072831959,-0.94095904,0.34542948,-0.78006774,0.078170307,0.85521591,-0.70050788,-0.49557823,0.48292178,0.27726686,-0.59352779,-1.2130821,0.5493573,-0.67812538,0.001499077,-1.8455691,0.30267316,-0.28360122,-0.80859399,-0.52053761,1.1188426,0.24245164,-1.8615965,-1.2541126,-0.45847917,-0.033415254,0.4604674,-0.11190762,0.12180021,0.42604709,0.21074243,-0.13598131,0.2673986,0.3556383,0.33133078,-0.05375817,-0.25608021,0.55570239,-1.5108432,-0.11869727,0.44838229,0.14693953,0.1673587,0.59178215,1.1276351,-0.36641961,-0.90880519,-0.51467562,0.24547809,-2.0150139,0.36983544,0.34201673,0.36872381,-0.59572953,-1.2168666,0.48286921,-0.41589433,0.11179733,-0.034134552,0.045969874,0.42973229,0.027213715,0.32732069,0.1994006,0.021272592,-0.1000822,-0.50458908,-2.0972486,-0.71515173,-0.81450659,0.11425118,-0.9087342,0.040284857,-0.0081947,-0.28870803,0.072716251,1
0.68019807,0.42173073,0.37759763,0.635773,0.61900139,0.6487087,0.62824547,0.61383784,0.63294005,0.62077975,0.6188879,0.62169689,0.63272667,0.60897994,0.64031279,0.60995793,0.63938189,0.64763463,0.62956738,0.61752963,0.61016667,0.62710154,0.61815298,0.62095511,0.63477838,0.61190856,0.63430595,0.6119867,0.62785906,0.62344611,0.6216644,0.62745261,0.61442757,0.61663109,0.62750274,0.60562658,0.59622884,0.62619638,0.60743427,0.61325216,-1.1110857,0.366283,0.78061962,0.72135925,1.6642591,1.8662276,1.6926748,1.0621843,1.2170396,1.9905717,1.7331569,1.5602702,0.55838716,-0.19338766,-0.44229224,-0.43219113,0.93938345,0.60064292,0.5374018,0.47034091,-1.0728445,0.040965617,-0.70178199,0.45934618,-0.63870263,-0.23329654,-0.22911096,0.60966003,-0.070420057,1.5458729,-0.28840494,0.30317974,-1.4427444,-0.20570545,-0.24536085,1.1305889,-1.2155164,0.89754045,0.23758571,-1.1237715,-0.043916885,-1.2009579,-0.62861216,0.65301216,1.1796042,0.70649689,-0.042255584,-1.9683759,0.75884497,0.17097481,-1.368854,0.81024408,-0.038238883,0.036613934,0.6677289,0.077260807,0.35566041,-0.25913757,0.1317113,0.82865667,-0.77355725,-1.2595624,0.054239947,0.6623764,-0.41152504,0.31331289,-0.025957966,-0.25093353,-0.18440342,-0.27323934,0.41442811,0.53394139,-0.14993982,-0.46679649,-0.49030262,-0.057528824,0.58579677,-1.3037258,0.61063623,-1.361311,-0.38201082,-2.1166859,-1.2152028,-0.24440241,-0.76945603,0.3034814,-0.5343591,0.020832837,-0.099384196,-0.22340053,-0.97408223,-0.73996443,0.14879555,-1.2336719,-0.18193325,-0.03896936,-0.047350019,0.11156993,-0.41066879,-2.0136559,0.42685622,0.63488793,0.99776733,-0.27597737,0.59912515,0.43767804,0.005092666,-0.40701705,-0.41246045,0.52169436,-0.85827279,-0.11899519,0.66885245,-0.33992153,-0.83966982,0.11013403,-0.66984677,-0.73704815,0.35357052,-0.60126019,0.13479143,-0.94112098,0.87476224,0.72962224,0.073209397,-0.01991928,-1.8883204,0.57189298,-0.10148339,-0.23205543,-0.081808366,-0.67909402,0.064118572,-0.19394633,-0.8419311,1.276058,-0.89897716,0.24808304,0.57270229,-2.2758791,-0.060595796,0.2735225,-0.3023299,-0.46406621,-1.2031844,0.22522286,-0.098497421,0.4900471,0.97427619,-0.99078226,-0.38373449,0.082358703,0.20177563,0.10146361,0.41298032,0.00424102,-0.22481655,-1.5435605,-2.2407556,-0.91381085,0.37270522,0.96473908,0.37069342,-0.52486658,-0.50718117,-0.006634012,1.3784262,-0.11514188,0.083007157,-0.16858315,-0.32442829,1.0231086,0.30765018,0.43188959,1.4355621,-0.26387668,-2.2300959,-0.14463764,0.67399359,0.041884493,-0.17929792,-1.0370388,0.13051745,-1.8390231,0.25588825,-1.2292393,0.25120193,0.033339284,-1.0459666,0.16499907,0.29789966,0.59677285,-0.22317183,-0.41750965,-3.1219327,0.38438123,-0.71113127,0.14646935,-0.016047955,0.29405218,0.62687755,0.18421116,-0.12317689,0.52271557,-1.9627203,-0.93423861,-0.45398456,0.73135436,-0.45748383,0.070866153,0.1422247,0.49620703,-0.18167739,0.46553189,0.29741031,0.81530571,-1.0860412,-0.30331463,0.9531709,-0.17481083,0.13205808,-0.21224591,-0.34655455,-1.3894124,-0.50560868,0.22173351,-0.36504364,0.24581178,1.2337196,0.43570527,-0.57873726,0.32843322,-0.43664509,0.56843758,0.6432817,-0.45013791,0.023908146,2.0702548,0.11824258,0.26896763,-1.2649541,-0.42302796,-2.2952912,1.2558773,-1.606449,-0.43771291,0.026284635,-1.8041866,-0.37900913,0.19746025,0.13627595,0.59407771,0.84976983,0.31113002,-2.0896299,1.0650719,0.14753039,1.3406847,-0.00367422,-1.4700562,-0.019106977,-1.1898179,0.79246396,0.13069966,-1.0088007,0.46993864,-2.2468176,-1.7156733,-1.5774112,-0.41277999,0.63253713,0.91365361,0.48448658,-1.3727366,1.2491406,-1.1943924,-0.18379816,0.59147519,-1.4349357,-0.25545675,0.017065108,0.52446216,0.10816795,0.42276323,-0.28005636,0.66650194,0.03348735,0.35784858,-0.018079607,-0.15378784,-1.1568314,0.67886364,1.323132,-0.84848619,0.74092579,0.66491735,0.38809252,-0.8529011,0.60953379,0.27953413,-1.0216572,-0.85017252,0.23883766,0.009181082,0.064746678,0.92809737,-0.24597806,-0.62029213,-0.67899847,-0.050417628,0.58943951,-0.27851316,-0.076148935,-0.58637023,0.28126705,1.5086291,-1.1780915,0.20527828,0.45030525,-0.69867659,-0.026743915,-0.087452516,-1.7388549,-2.4186652,-0.25846195,1.0059513,0.048844211,-0.23550397,0.87539047,0.12549627,0.68098021,0.4964121,-0.05719997,-0.88466978,0.36916852,0.16171771,-0.38053542,-0.67290413,0.32271013,0.24956051,1.6358221,-1.8993481,-0.11436905,1.5940433,2.0988877,0.5175823,-1.462608,-0.46583867,-0.85793793,-0.37867311,0.11932033,0.1999421,0.95895678,0.45027789,0.60775322,0.14769907,0.27708349,0.99415916,0.71370262,1.279191,-1.2031038,0.21100947,0.22950283,0.17548428,-0.49181998,-0.19627222,-1.7546318,0.55322516,0.03925008,-0.40692434,-0.21174017,0.3645528,0.1781612,-0.79323542,0.25167429,-0.12223267,0.89984095,-0.34271419,0.6206972,1.3249536,0.40660334,0.12358207,0.75426733,-0.16993682,-0.12589654,-1.0411091,0.34563804,-0.86425102,0.001497462,0.80752099,-0.89045459,-0.55837154,0.66320169,0.24698544,-0.76527131,-1.4162157,0.75201768,-0.66053689,-0.12554383,-1.9192318,0.25971678,-0.20077653,-0.96298748,-0.66461706,1.2497028,0.33785012,-2.438282,-1.4395697,-0.59544969,0.024470448,0.38148522,-0.16244325,0.2274318,0.54402918,0.44657069,-0.25686386,0.17078616,0.38782191,0.30679256,0.099549115,-0.41550788,0.34173837,-1.7786984,-0.043345995,0.39955783,0.22823231,0.27789047,0.61432385,1.6176072,-0.45245561,-1.0135076,-0.34513673,0.22949547,-2.1672211,0.57664794,0.26847985,0.54877126,-1.0233887,-1.7015998,0.37755501,-0.53807348,0.75211149,-0.12064287,0.17026871,0.30002666,0.20097439,0.51174259,0.34999308,0.052210011,-0.21697497,-0.3740899,-2.6138856,-0.7170592,-1.226858,0.29819003,-1.2093644,0.18573251,-0.013052046,-0.41213721,0.1965237,1
0.50917077,0.25246903,0.21014827,0.50224227,0.47587293,0.50053096,0.49326074,0.47901762,0.48255515,0.48321068,0.47942421,0.48820746,0.49652025,0.47480634,0.50826204,0.48647356,0.49819222,0.50926602,0.49236101,0.48944849,0.49748904,0.49306363,0.47556165,0.48291177,0.49038213,0.47848314,0.48600751,0.46848348,0.48088109,0.47788024,0.47446084,0.48480818,0.46986884,0.47934437,0.48538721,0.47491696,0.46113661,0.48962271,0.46801782,0.47682193,-1.0306132,0.20561281,0.33902979,0.39175847,1.3292451,1.6850436,1.2478499,0.65757656,0.78572249,1.5979874,1.3845204,1.1555321,0.25254568,-0.23402521,-0.40055889,-0.31434479,0.52800262,0.36123517,0.36724919,0.26755363,-0.59095258,0.058924105,-0.6152389,0.23756994,-0.90266895,-0.14057115,-0.17244767,0.71441162,0.37183267,1.2906456,-0.22168025,0.18687636,-1.2950242,-0.33660913,-0.014563318,0.81020457,-1.2793893,0.51970047,0.1950646,-1.0304697,-0.1320516,-0.89223635,-0.66078842,0.42382449,0.75107902,0.5578506,-0.046079833,-1.7975441,0.64572376,0.098070912,-1.0506204,0.90800369,0.004233759,0.16127107,0.5300526,0.027113684,0.31734133,-0.32799166,0.068326853,0.47960624,-0.87455034,-1.2175782,0.053581923,0.64806575,-0.38994196,0.38776648,0.13576984,-0.17329197,-0.16390538,-0.38983771,0.39134377,0.75397146,-0.2178387,-0.30648839,-0.26908505,0.30158144,0.334057,-1.0451492,0.415999,-0.94510436,-0.4075872,-1.8802074,-0.89610052,-0.087964371,-0.48425972,0.39467973,-0.54103315,0.14639114,-0.15977457,-0.12081104,-0.75762868,-0.49313718,0.32651579,-1.1713511,-0.17456923,-0.058373466,0.012070715,0.44501448,-0.48487219,-1.6988432,0.50624812,0.49405414,0.83300728,-0.18638895,0.5724138,0.34890476,0.069475159,-0.20031168,-0.32182094,1.3528792,-0.75553447,-0.22376183,0.35944825,-0.23604019,-0.88307583,0.10847139,-0.54761112,-0.52730262,0.35681647,-0.39823502,-0.000818998,-0.77752644,0.77086568,0.70109725,0.15410329,0.14437535,-1.7827055,0.5683378,-0.029480875,-0.076046914,-0.12709054,-0.58305085,0.062278278,-0.092753731,-0.70698088,1.024472,-0.78210974,0.14158045,0.48367989,-1.6346787,-0.22184326,0.37688971,-0.061423864,-0.38797954,-0.86310381,0.50370324,0.14877459,0.29038799,1.064494,-0.82133108,-0.21580198,0.082520485,0.18069938,0.28304219,0.13428321,0.18984352,-0.20064729,-1.31094,-1.8691387,-0.86489266,0.23789904,0.65804613,0.54490274,-0.49392867,-0.45199275,0.12884073,1.4514674,-0.10162365,0.079062447,-0.33946973,-0.26462796,1.0862943,0.13397214,0.27786195,0.86809725,-0.09445025,-2.1493289,-0.08534082,0.5231545,-0.030437466,-0.054063335,-0.70273948,0.048991326,-1.5673305,0.15884522,-1.1810608,0.39442274,0.18585847,-0.86792457,-0.008441214,0.1834712,0.60918695,-0.26698202,-0.035774015,-2.6653392,0.35698652,-0.70839155,-0.080788732,0.02336435,0.1410372,0.64566422,0.14110732,-0.18210118,0.61149997,-1.5972437,-0.89819789,-0.52347612,0.42026538,-0.54265618,0.17363027,0.14038761,0.43950814,0.032391414,0.36935136,0.46970758,0.80189592,-1.0331498,-0.40983084,0.62351042,-0.12431778,0.30574942,-0.097144887,-0.21571946,-1.3053826,-0.5118354,0.14017132,-0.41509455,0.37009487,1.1808332,0.35758364,-0.50874221,0.16112722,-0.40989423,0.55523068,0.53201294,-0.4736408,0.15193498,1.8587966,0.081036873,0.22238357,-1.176771,-0.19874592,-2.064676,1.0670217,-1.2504801,-0.23635334,-0.20943207,-1.4970212,-0.32310522,0.29385382,0.00726682,0.55634332,0.51275438,0.15787329,-2.0195689,1.0357215,0.30193648,1.1180249,0.095961817,-1.1074904,-0.012536086,-0.97749573,0.59123337,0.36052731,-0.91721618,0.40388486,-1.9123183,-1.676065,-1.4205278,-0.4556064,0.84651458,0.51817048,0.27765566,-1.0163629,0.77620637,-1.1247494,-0.097777449,0.56036335,-1.0476505,-0.16638811,-0.005991203,0.47577524,0.15996145,0.42443517,-0.11767612,0.51195312,0.049625929,0.74512154,-0.0464454,-0.13998747,-0.82338393,0.40905941,1.0594766,-0.49360931,0.67225337,0.55273473,0.61998183,-0.68816686,0.67894268,0.32241353,-0.9019655,-0.59359288,0.15051968,0.1518504,0.1285665,0.70507395,-0.17488827,-0.48678502,-0.51799738,0.007559963,0.63340467,-0.15217818,0.22048326,-0.33494976,0.17755184,1.183219,-1.1512285,0.15887216,0.25359213,-0.61861527,0.006677134,-0.14950308,-1.4794788,-1.9871078,-0.16920878,0.66405725,0.12075848,-0.15190831,0.87451124,0.29952925,0.56791008,0.26862323,-0.086142249,-0.48571551,0.21582571,0.045227148,-0.18353093,-0.45876119,0.20753831,0.1487394,1.3594773,-1.7478186,-0.28299916,1.6728278,1.6929414,0.46404377,-1.3866485,-0.17568162,-0.39507487,-0.10180511,0.048181567,0.32737914,0.83919668,0.81274891,0.40264356,0.27611512,0.14916505,0.85358346,0.77100253,1.0619799,-0.88925982,0.23843427,0.40433353,0.13121295,-0.43661818,-0.13804586,-1.7009995,0.31287664,-0.054945651,-0.56870425,-0.001253746,0.35030389,0.13055941,-0.67136663,0.3387126,-0.30091333,0.034013629,-0.045965269,0.50183505,1.2016354,0.29651225,0.13313027,0.69055355,-0.24936767,0.052394994,-1.0689542,0.323313,-0.81225103,0.10471594,0.69807565,-0.98704749,-0.43550551,0.51618195,0.36670393,-0.55244988,-1.2263101,0.61963928,-0.65720993,0.092990413,-1.7696358,0.31798506,-0.26494846,-0.80918902,-0.46524504,1.0180099,0.47879308,-1.9364749,-1.1643673,-0.37895006,-0.031956162,0.32126281,0.019049721,0.069193773,0.47913784,0.20739418,-0.19524412,0.30316365,0.37153584,0.39179367,-0.052427884,-0.23371963,0.23863272,-1.5452678,0.015122659,0.29103267,0.059381939,0.2863054,0.74890989,1.3572958,-0.46064952,-0.95934421,-0.45021969,-0.077600382,-2.0632675,0.44534913,0.30342188,0.42911476,-0.7271871,-1.3101633,0.33003554,-0.53891945,0.64644814,0.024867594,-0.082793131,0.62254876,0.13524732,0.30665377,0.39941359,0.033807501,-0.071605675,-0.37721381,-2.3114469,-0.77684569,-0.86784321,0.1096731,-0.91872019,0.078976512,-0.10294936,-0.29134285,0.069154434,1
0.46350712,0.22320494,0.19413999,0.45193714,0.43581596,0.45431605,0.4383474,0.4263978,0.44946915,0.43872508,0.44315767,0.44034556,0.43956858,0.42463171,0.44997686,0.42184404,0.44045627,0.45508069,0.44866753,0.42985499,0.42395473,0.438766,0.42641297,0.43353087,0.43891704,0.42776951,0.44679442,0.42722023,0.43638968,0.43563956,0.42805383,0.43851513,0.43069768,0.43317091,0.44316813,0.41501302,0.41688395,0.44070074,0.41586399,0.42317343,-1.0114022,0.18547159,0.32783276,0.40577373,1.3194921,1.6755558,1.2425493,0.65364599,0.77622193,1.5904019,1.3744395,1.1464535,0.28209448,-0.20262304,-0.24009171,-0.37839919,0.61029041,0.38502052,0.359804,0.27560407,-0.7250821,0.08289817,-0.52276796,0.34146884,-0.76548773,-0.18499479,-0.2025298,0.68575221,0.31924409,1.2912356,-0.22363311,0.17772399,-1.3145757,-0.21998593,0.019041732,0.79405814,-1.2218364,0.46956414,0.10732612,-0.97560477,-0.024403784,-0.79616851,-0.7254163,0.38130623,0.72650605,0.62612283,-0.04350058,-1.790743,0.73826778,0.10852981,-1.1045084,0.75619924,0.047939517,0.006738413,0.53129822,-0.016557604,0.30941975,-0.32173958,0.039310999,0.54393435,-0.9821884,-1.1637995,0.0445222,0.64810729,-0.34414828,0.20746385,0.21030349,-0.1617513,-0.13673142,-0.36317632,0.49058568,0.83659554,-0.25041357,-0.34720281,-0.40043932,0.38779157,0.17299253,-1.0416455,0.4336704,-1.1419516,-0.38368756,-1.8580873,-1.0045598,-0.13340572,-0.4583469,0.29495698,-0.46351719,0.12308435,-0.12721169,-0.13870788,-0.7469492,-0.60129344,0.20821247,-1.2107966,-0.19600424,-0.064158194,-0.012408614,0.28875488,-0.41713428,-1.7220789,0.62990433,0.49105796,0.79927057,-0.22958338,0.61167985,0.40976375,0.063918211,-0.38999754,-0.34985846,0.29302171,-0.65790665,-0.20032404,0.36913478,-0.28666368,-0.8668527,0.088885359,-0.52670801,-0.64062184,0.39871645,-0.51278156,0.015934542,-0.71223116,0.70917886,0.75975025,0.089486688,-0.035986356,-1.7618558,0.56914586,0.044143662,-0.14552814,-0.081754975,-0.63157409,0.069103017,-0.12719202,-0.74103993,0.97747022,-0.85599232,0.10820023,0.42048454,-1.580819,-0.25311637,0.3982181,-0.1363298,-0.35088092,-0.91004515,0.43403971,0.083881646,0.35498458,0.88138652,-0.8506462,-0.25835931,0.04294144,0.071069576,0.25703976,0.14312135,0.14266284,-0.22704172,-1.3426752,-1.8217492,-0.78997457,0.27382037,0.53176755,0.45091626,-0.56280172,-0.40386412,0.11435806,1.4027312,-0.29780558,0.018900987,-0.46700346,-0.25029945,0.99397439,0.14490029,0.27161413,1.2704122,-0.12171539,-2.4041519,-0.036682382,0.57206655,0.013861516,-0.1586154,-0.70601439,0.092081733,-1.5470557,0.19664088,-1.3671428,0.56064522,0.095215589,-0.84673166,-0.027281735,0.11587587,0.55221844,-0.21059223,-0.58986485,-2.613764,0.40096509,-0.7527346,-0.041392762,-0.17321956,0.083131023,0.66531628,0.045395877,-0.22275124,0.74229985,-1.5006846,-0.94952196,-0.36606514,0.48935533,-0.51882428,0.2098967,0.25585279,0.42848054,-0.014232688,0.35029924,0.35818174,0.91267371,-1.1542472,-0.37586728,0.65099388,-0.099471472,0.33608508,-0.084921554,-0.13291797,-1.280068,-0.4735944,0.12695515,-0.45385283,0.31059462,1.2163031,0.37392765,-0.49057341,0.2029018,-0.39505726,0.59468639,0.59773529,-0.49378067,0.085193135,1.581979,0.16549245,0.15495177,-1.00155,-0.24582443,-2.0859206,1.0213804,-1.2415675,-0.24240065,-0.23071991,-1.6391691,-0.26891094,0.28493255,-0.043854594,0.54544979,0.43375093,0.18561591,-2.0205655,1.0420816,0.21914822,1.1923285,0.094785102,-1.0238634,-0.00703907,-0.90661705,0.59682906,0.17103201,-0.86368412,0.33323988,-1.9484546,-1.7654268,-1.4053895,-0.54536057,0.70444095,0.52344292,0.29317659,-1.0322322,0.78155291,-1.1286236,-0.08628422,0.41870868,-1.014302,-0.14110519,0.004053983,0.59919834,0.16319151,0.31233636,-0.12320485,0.50426036,0.045817632,0.78135908,-0.012484804,-0.14204301,-0.8531248,0.42106342,1.1196997,-0.54855776,0.66226572,0.53576654,0.50855809,-0.67644268,0.63916671,0.23835203,-0.85882145,-0.4570089,0.034770012,0.17948656,0.091692358,0.74074888,-0.16417262,-0.50889552,-0.45249507,-0.032158915,0.67432529,-0.19214812,0.15720306,-0.30440265,0.16233835,1.2477832,-1.0381397,0.1865124,0.29330671,-0.66521537,-0.012812443,-0.28561664,-1.4159361,-1.9790951,-0.18561761,0.705935,0.15411147,-0.15733702,0.8268671,0.25313032,0.60770041,0.2562609,-0.1276695,-0.55551219,0.25874642,0.15655571,-0.23976028,-0.60071164,0.19999644,0.12905118,1.2602495,-1.6306968,-0.054629281,1.7379619,1.6552782,0.34051841,-1.506778,-0.21489365,-0.40493569,-0.090242676,0.039021283,0.31076339,0.79532474,0.62128508,0.31814322,0.23228104,0.13303554,0.77181435,0.73698211,1.1071527,-0.97021127,0.28422475,0.27851394,-0.03351672,-0.41254008,-0.12127434,-1.7771078,0.36277252,0.011047967,-0.4045448,-0.21111473,0.249392,0.19554287,-0.46073008,0.33465832,-0.22539458,0.38632309,-0.10385522,0.48874474,1.0439529,0.25226399,0.16297315,0.70039642,0.26589012,0.08534728,-1.0208833,0.33121836,-0.77383095,0.1342319,0.89759707,-0.89342654,-0.47727886,0.51591688,0.36013383,-0.57547015,-1.2073423,0.56427115,-0.55454493,0.13788389,-1.6480987,0.35172972,-0.23116386,-0.7110182,-0.45792899,1.0815003,0.41878915,-2.0546424,-1.3006639,-0.34110367,-0.006509231,0.29739976,0.054680571,0.039712772,0.42463809,0.23601472,-0.17319421,0.30226874,0.40562615,0.43556324,-0.068489917,-0.30297166,0.40636307,-1.4881679,-0.016843218,0.35811752,0.094899207,0.21032551,0.76031244,1.3114588,-0.4482953,-0.90318334,-0.41244823,0.12683254,-2.0928783,0.41537926,0.24956585,0.39712858,-0.77449739,-1.394291,0.25475299,-0.55045611,0.6767087,-0.039957717,0.10370149,0.71369463,0.099697977,0.34377182,0.40386719,0.027283778,-0.083631538,-0.39782625,-2.3222196,-0.77285486,-0.92179233,0.038192011,-0.93246847,0.082698673,-0.10904782,-0.29472944,0.078850374,1
0.50754273,0.26377276,0.20310998,0.50351423,0.50153834,0.51957875,0.50227815,0.49108833,0.50154924,0.49802071,0.49446627,0.50096661,0.49874148,0.47614777,0.50768936,0.49057302,0.50796807,0.52102375,0.49498492,0.48790032,0.47964153,0.4967438,0.48902625,0.48585087,0.49258924,0.48215795,0.4965263,0.47953993,0.48861617,0.48380947,0.48268193,0.48407006,0.47717836,0.48151371,0.48576057,0.46934801,0.4676019,0.48221862,0.46069986,0.47230566,-1.0291227,0.19371966,0.37137699,0.42651495,1.3756614,1.6995602,1.2930138,0.70778704,0.82174975,1.6521287,1.4310348,1.1939214,0.3300947,-0.22833559,-0.35392156,-0.37587947,0.63767922,0.33921075,0.36742789,0.27979875,-0.96406198,0.065977901,-0.73548889,0.26057667,-0.88228011,-0.20436899,-0.19518702,0.65862525,0.30664617,1.483732,-0.22569433,0.20660435,-1.2996321,-0.31154087,-0.002783857,0.80702996,-1.3345318,0.55531305,0.18638963,-1.0285783,-0.22626284,-1.3546234,-0.65351975,0.35405436,0.84196246,0.65616417,-0.10180518,-1.8839999,0.68819964,0.11734662,-1.1390766,0.59237468,0.029442767,0.051178209,0.6115374,0.37032312,0.30322134,-0.38241437,0.10676369,0.61029422,-0.60879803,-1.2005088,0.071554177,0.55887431,-0.23708764,0.19111858,0.097363546,-0.14019166,-0.23821518,-0.37695456,0.52152073,0.87174261,-0.20153569,-0.26636147,-0.47676954,0.39546287,0.39148238,-1.1063758,0.42617685,-1.0261379,-0.44971624,-1.986515,-0.96242285,-0.10291804,-0.68856299,0.23381279,-0.45458516,0.20673543,-0.14625983,-0.11110763,-0.7612142,-0.50446832,0.27739823,-1.1422036,-0.11014654,-0.14561713,0.15929474,0.33504578,-0.55047435,-1.6651256,0.60609633,0.51427519,0.84187114,-0.11636753,0.50061512,0.44992018,0.071367837,-0.33172518,-0.33635208,0.33252296,-0.55534911,-0.26845965,0.3486405,-0.24143314,-0.88301712,0.072599657,-0.59791076,-0.69717789,0.4016394,-0.40532398,-0.017686415,-0.8223573,0.69724816,0.71315551,0.034018032,-0.004634361,-1.8867023,0.70363289,-0.04148287,-0.1790666,-0.0291437,-0.54885495,-0.007122397,-0.17508547,-0.72027588,1.0872948,-0.56435454,0.10022427,0.44146436,-1.8244476,-0.20388387,0.3737199,-0.08805234,-0.48665056,-1.0214101,0.49541798,-0.016146511,0.4564116,0.8432864,-0.79296553,-0.21406043,0.067684971,0.20754115,0.24480106,0.28037101,0.10651858,-0.080874585,-1.2896358,-1.887575,-0.90921086,0.21978116,0.71668667,0.35471362,-0.50992703,-0.32096058,0.10951278,1.7865983,0.000899263,0.13987079,-0.27060938,-0.26400253,1.1766765,0.12579407,0.28026211,1.5198805,-0.069173858,-2.6407261,-0.12291203,0.73777783,-0.028002825,-0.15147278,-0.69391,0.071185216,-1.5850909,0.13838722,-1.3838143,0.64915198,0.11812411,-0.79244334,-0.02593774,0.19876726,0.65793461,-0.24494989,0.033754677,-2.6393516,0.26473713,-0.70643246,-0.053669624,0.005597591,0.092386574,0.69606864,0.11744102,-0.2858654,0.53438342,-1.5688064,-0.96685219,-0.2321109,0.45651659,-0.52144504,0.14898565,0.27943337,0.47566074,0.030576266,0.45799839,0.50072992,0.88187528,-1.1457371,-0.42850918,0.66118491,-0.025260929,0.26312846,-0.12797615,-0.24550611,-1.389779,-0.51589358,0.1083534,-0.58555019,0.3295368,1.1477371,0.348369,-0.51145893,0.2179649,-0.41101143,0.60390443,0.66010714,-0.4029288,0.05205014,1.8188453,0.16642171,0.12748978,-0.79555857,-0.25007612,-2.0681052,1.1754577,-1.3978944,-0.1639372,-0.12816843,-1.5449892,-0.2403349,0.30235875,0.15426382,0.64618683,0.43325594,0.4000138,-1.9930124,1.0998588,0.28941855,1.2078813,0.11550836,-1.2169673,-0.14317253,-1.0207565,0.65137774,0.30822238,-0.95679176,0.27583802,-1.7874942,-1.5676966,-1.5793397,-0.4303489,0.48564306,0.40556344,0.24978028,-1.0588549,0.75759089,-1.184801,-0.1282202,0.36077988,-1.1013365,-0.003754582,-0.004526096,0.67592466,0.027253374,0.38516283,-0.071382798,0.62923276,0.012645933,0.89190763,0.003258891,-0.12509842,-0.67710567,0.41108564,1.1002021,-0.71550673,0.61435211,0.51129609,0.62584925,-0.60106182,0.66014832,0.31277409,-1.0202528,-0.63795519,0.063420855,0.15337677,0.18311654,0.84157276,-0.26032156,-0.49462631,-0.56816459,0.003729556,0.63654977,-0.20719868,0.032627348,-0.31142229,0.14928523,1.2022811,-1.2426142,0.15657437,0.35584423,-0.62741095,-0.04760506,-0.25601068,-1.4486569,-2.1295683,-0.12667887,0.64274299,0.064391047,-0.091625258,0.76535696,0.29351884,0.49530393,0.24855226,-0.090275541,-0.53039396,0.21131125,0.10392906,-0.18957998,-0.48574728,0.21379353,0.13480422,1.3367749,-1.6686518,-0.13653536,1.6229082,1.8599762,0.47335285,-1.5406096,-0.22688013,-0.45956525,-0.18531206,-0.061380383,0.4834691,0.93576962,0.83793253,0.48488343,0.184389,0.16311289,0.83478147,0.80621612,1.0484538,-1.025401,0.19391288,0.33193189,0.13632546,-0.40249133,-0.16744229,-1.7642194,0.34473792,-0.04798029,-0.39778489,-0.26033121,0.37688309,0.1377764,-0.80218953,0.27343923,-0.28413802,0.41220191,-0.15558767,0.85083419,1.1698874,0.24030857,0.18231927,0.73462743,0.15778965,-0.017741408,-1.0608679,0.3642292,-0.76416302,0.043830544,0.838494,-0.85416597,-0.59483266,0.57545692,0.38722533,-0.61824352,-1.3230764,0.52326447,-0.63685048,0.031572904,-1.8885524,0.43306702,-0.21784586,-0.87820786,-0.52235174,1.0792278,0.47978568,-2.0226207,-1.2973872,-0.38112736,-0.022202887,0.3585605,-0.007915486,0.049792446,0.53770006,0.20886609,-0.15013254,0.20875338,0.36406061,0.44844079,0.018523872,0.1614058,0.27670243,-1.5871691,-0.000574235,0.43967742,0.050071549,0.20663226,0.75500125,1.00684,-0.4170236,-0.99676073,-0.37221855,0.057712756,-2.273113,0.35576499,0.41261947,0.44379902,-0.79089361,-1.4383814,0.35066631,-0.72863257,0.079400212,-0.030841894,-0.012446389,0.846811,0.094263658,0.32821596,0.47580537,0.003439251,-0.18996486,-0.44534135,-2.450644,-0.75453973,-0.95931417,-0.021117102,-0.93226641,0.23586789,-0.10532908,-0.26876491,0.10341238,1
0.50490016,0.2597484,0.20470136,0.51002914,0.50046909,0.51531923,0.50348788,0.49181604,0.50774306,0.49978697,0.49379936,0.49493557,0.49214029,0.47646236,0.5098598,0.49009967,0.49700475,0.51992226,0.50101888,0.48998666,0.48008645,0.48888689,0.48525548,0.48603469,0.4920789,0.47665352,0.49148169,0.47969791,0.48841774,0.48458564,0.47736374,0.48659015,0.47708037,0.47313875,0.48385227,0.46302938,0.46826744,0.48534727,0.46510196,0.46993724,-0.91767061,0.18900371,0.30145651,0.38097611,1.3193669,1.6692662,1.2233101,0.64143091,0.75306135,1.5752954,1.3758273,1.1269695,0.33262178,-0.18594129,-0.20829546,-0.39623669,0.56054449,0.33135378,0.3287591,0.25291073,-0.84328014,0.021960687,-0.68138087,0.28806868,-0.68608409,0.002948307,-0.16514385,0.70673066,0.045645624,1.3965247,-0.14784831,0.15195192,-1.1753799,-0.29613495,-0.088669345,0.61605322,-1.0292093,0.41542423,0.10817811,-0.92200512,-0.1713644,-1.22352,-0.6279822,0.33427733,0.67252469,0.5373975,-0.084589027,-1.7655878,0.72556818,0.10143194,-1.1908351,0.71359903,0.022287764,0.13431454,0.53342992,-0.048321925,0.37034646,-0.28755307,0.01900509,0.61785519,-0.5075438,-1.0566428,0.01491924,0.57114077,-0.26071614,0.28768378,-0.074284941,-0.22807769,-0.091734901,-0.28902626,0.48240307,0.48303679,-0.15846594,-0.28419286,-0.26494437,-0.10234171,0.2876257,-1.0593723,0.34683436,-1.2575748,-0.38863868,-1.8214757,-0.89362168,-0.088612646,-0.67210215,0.23905936,-0.46322858,0.12304472,-0.10404403,-0.19925454,-0.63441968,-0.68817353,0.24592425,-1.0687196,-0.27020949,-0.037160926,0.09185183,0.15377393,-0.4118602,-1.5811543,0.71066499,0.45897472,0.8090049,-0.13240315,0.52384073,0.41052297,0.049626313,-0.28799134,-0.26007664,0.50103879,-0.60906166,0.085059792,0.33724436,-0.28282526,-0.7561816,0.12889345,-0.42534995,-0.45277447,0.31924438,-0.37282264,0.025432006,-0.7768265,0.74122876,0.77685016,0.13269949,0.12202872,-1.6293039,0.64662349,0.15100305,-0.13852547,-0.061579227,-0.50664717,0.067284033,-0.16669795,-0.76655412,1.0347613,-0.73401737,0.13189924,0.47218063,-1.6536014,-0.12306145,0.23322986,-0.12153864,-0.46556693,-0.88442665,0.41443795,0.084461868,0.18509769,0.90405607,-0.7722829,-0.25054267,0.06158353,0.18901107,0.20176624,0.32015836,0.14785665,-0.032729015,-1.2505602,-1.7831082,-0.57950759,0.28086689,0.68182462,0.40227148,-0.40336767,-0.26345655,0.029303819,1.1260583,-0.31403831,0.13268824,-0.21404679,-0.22121136,1.0500507,0.12299462,0.23791994,1.2769181,-0.17570652,-2.2943726,-0.095462561,0.50094306,-0.013635457,-0.24862957,-0.70495164,0.10601078,-1.4255795,0.11540195,-0.94195044,0.13816416,0.14477295,-0.86123431,0.047747258,0.22826803,0.4212141,-0.16862461,-0.23262025,-2.5042026,0.29333276,-0.69311321,-0.090587065,-0.050219439,0.12993719,0.57770133,0.22438402,-0.15573841,0.62927985,-1.4747633,-1.0047361,-0.41087645,0.46683162,-0.42302021,0.13613625,0.051104799,0.32454488,-0.010279883,0.39670557,0.49906754,0.73583543,-0.86318845,-0.40058857,0.55524027,-0.19298981,0.1952239,-0.003874134,-0.27735806,-1.3378829,-0.51028973,0.15063451,-0.45568657,0.29574633,1.0601529,0.31775099,-0.51062566,0.16419411,-0.38479009,0.49877644,0.45053643,-0.46448284,0.026187792,1.5394576,0.13606921,0.16607256,-1.2535973,-0.27908754,-1.9559519,1.030738,-1.3947393,-0.083346665,-0.12797993,-1.3431511,-0.31156486,0.1108671,0.046396315,0.56075567,0.32615682,0.32609335,-1.8609259,0.92271209,0.19878449,1.2398329,0.093440868,-1.2429774,0.018958025,-0.85077566,0.58663625,0.23150983,-0.71351433,0.35722631,-1.7203707,-1.3635002,-1.3598688,-0.44589552,0.45173544,0.60431737,0.20158073,-0.96945333,0.81910253,-0.9424243,-0.13200819,0.36765745,-1.0606827,-0.057000525,-0.047558896,0.46865469,0.14800268,0.26941249,-0.17419611,0.59054804,0.02467946,0.61937535,0.08499714,-0.10546074,-0.61717421,0.39029914,1.0284874,-0.54722601,0.74874663,0.47177306,0.4255327,-0.74618465,0.72881347,0.25462568,-0.82860595,-0.67835224,0.037775725,0.042567946,0.10206517,0.74822152,-0.21616793,-0.42640048,-0.49387351,0.014895815,0.61384898,-0.33057028,0.21594334,-0.39645207,0.12349734,1.0388247,-1.0351716,0.13521934,0.3190574,-0.46714172,-0.043208834,0.040643446,-1.373394,-1.8878584,-0.13734165,0.61823332,-0.0065106,-0.10043989,0.73714602,0.13247159,0.43325743,0.28333735,-0.11319243,-0.46090272,0.16823831,0.11769243,-0.11344083,-0.42746618,0.24604195,0.18661664,1.027088,-1.6255348,-0.17502265,1.4283304,1.4543254,0.44818804,-1.478379,-0.24345461,-0.56365752,-0.28453821,0.036390822,0.29095554,0.83016521,0.69530839,0.35404459,0.24754487,0.15094419,0.8014667,0.72096026,0.95812273,-0.93594742,0.17776017,0.19787693,0.144356,-0.41676998,-0.11819404,-1.7181952,0.3093853,-0.066864818,-0.38526925,-0.27608007,0.47250333,0.13219112,-0.65227914,0.28135931,-0.36804026,0.41720587,0.043340236,0.50579858,1.0636036,0.3739571,0.087331861,0.66429794,-0.089739345,0.12492006,-0.86364353,0.26290852,-0.77953219,0.023263499,0.83507985,-0.71093917,-0.46303889,0.49741018,0.33899078,-0.55819583,-1.0924299,0.51699358,-0.49404815,0.075951785,-1.8003669,0.28825456,-0.24930729,-0.73057234,-0.36647815,0.99092627,0.37008387,-1.7081285,-1.1813579,-0.41476172,0.007020631,0.37457505,-0.082931563,0.055233371,0.42924929,0.20814988,-0.10161056,0.26403853,0.27311775,0.33229363,0.11913417,-0.19929819,0.32078004,-1.4712402,-0.031660143,0.33618885,0.11443163,0.23801906,0.59173787,0.91603553,-0.4523724,-0.6286912,-0.3337878,0.12475416,-1.9483631,0.39078888,0.36209661,0.39192197,-0.74440098,-1.3269806,0.3227475,-0.52505404,-0.058965951,-0.057084516,-0.054137509,0.42278188,0.075665519,0.33510447,0.27127844,0.034694623,-0.049505308,-0.4205294,-2.1838255,-0.76836312,-0.91269213,0.012143452,-0.90776569,0.083525822,-0.12501851,-0.2830362,0.066122741,1
0.55653167,0.31364325,0.27471581,0.532601,0.52520019,0.54427266,0.51787519,0.51426733,0.52386653,0.52642107,0.52172446,0.52260625,0.51966369,0.50739741,0.54157448,0.51346087,0.53982282,0.54193944,0.52442205,0.52399629,0.51774395,0.52424455,0.51523608,0.52092642,0.52521747,0.51161456,0.51097077,0.50238132,0.52608621,0.51308739,0.5064081,0.51810026,0.5058763,0.50529581,0.51584613,0.49769607,0.50616205,0.51835394,0.50176042,0.50147629,-1.0204875,0.26673758,0.53573167,0.56450891,1.4902078,1.7792375,1.4670439,0.85198563,0.98320615,1.7843676,1.5570495,1.3443615,0.43234226,-0.15680337,-0.25590324,-0.43715984,0.71766937,0.45558843,0.56454051,0.30173096,-1.0610622,0.049998451,-0.73694307,0.29860815,-0.62978697,0.085427701,-0.23933762,0.72833586,0.040692598,1.4942826,-0.22297688,0.23786578,-1.155686,-0.19337903,-0.1110303,1.0215738,-1.0341157,0.69741893,0.28151885,-0.93989146,-0.1489844,-1.3843896,-0.4396131,0.45110843,0.86917818,0.65683067,-0.023597948,-1.8636476,0.72173625,0.1997004,-1.2734112,0.6569187,0.019416379,0.11080901,0.58947039,0.090413347,0.26108843,-0.45779425,0.024523443,0.68126857,-0.32554805,-1.1312207,0.002282627,0.54770494,-0.27410591,0.21216822,0.082212418,-0.23720635,-0.23872799,-0.28033498,0.37649387,0.59123397,-0.23045316,-0.17191301,-0.63157052,0.12824142,0.59248173,-1.224737,0.54844087,-1.2270811,-0.35293531,-1.9091451,-1.0581821,-0.14986093,-0.83216119,0.17703611,-0.45003116,0.083548516,-0.085260168,-0.29147154,-0.77874345,-0.53612649,-0.067992091,-1.1510797,0.023935363,-0.22483,0.15980826,0.001685858,-0.61849368,-1.8130944,0.32472759,0.56509578,0.90225756,-0.1544181,0.46639514,0.33873156,0.034971584,-0.43537599,-0.36854008,0.62219548,-0.2628068,0.029022396,0.48782831,-0.53201854,-0.84488243,0.11390169,-0.55492455,-0.66319495,0.38681364,-0.27762169,0.070566289,-0.82413214,0.71097088,0.7209335,0.045332782,-0.008048339,-1.8233969,0.56373823,-0.005202722,-0.24552228,-0.043921653,-0.52551949,-0.085058205,-0.2288475,-0.67711389,1.1888099,-0.80197132,0.17699084,0.47851172,-2.1401782,-0.13733639,0.22635756,-0.31533632,-0.62611413,-1.2080106,0.37692732,-0.16940728,0.34423035,0.93298405,-0.85965407,-0.28844506,0.035462808,0.15600955,0.024688289,0.20695999,-0.092367284,-0.10077423,-1.395449,-1.9006443,-0.71911401,0.33048797,0.74881732,0.076896355,-0.54302919,-0.34691516,-0.040264532,1.6894075,0.034944277,0.17425278,-0.21237767,-0.35443908,0.94021171,0.19072494,0.37311682,1.6651084,-0.21846986,-2.5294023,-0.12501276,0.48773655,0.061198652,-0.18512413,-1.0812433,0.027862035,-1.6897556,0.24468865,-1.4818341,0.66750216,0.035716888,-0.9187963,0.068574935,0.32869726,0.56306863,-0.13245885,-0.37378907,-2.8450918,0.16529708,-0.78731847,-0.017882995,0.25170481,0.17964216,0.80288678,0.15805031,-0.19087228,0.6601938,-1.8619635,-1.071847,0.008647114,0.48704123,-0.4353247,0.018178947,0.36919361,0.37511271,-0.099623591,0.49700069,0.57056785,0.81241024,-0.89159316,-0.32923108,0.72868299,-0.39628938,0.16991645,-0.20148492,-0.35033554,-1.2921505,-0.4197475,0.16608998,-0.50725615,0.23119508,1.1101695,0.36254719,-0.55085713,0.31564456,-0.45619714,0.55087715,0.60066223,-0.41186202,0.026987288,1.5870156,0.17335774,0.18696156,-0.86818779,-0.24160925,-2.0465834,1.1693816,-1.6531512,-0.19634965,-0.097193852,-1.6750891,-0.24637765,0.2137911,0.32889602,0.53207874,0.51653624,0.63891244,-1.9836714,1.1525699,0.069288425,1.2986751,0.002586324,-1.4106469,-0.013349198,-1.0329684,0.88890892,0.22208799,-0.97111201,0.20221081,-2.0343695,-1.6338054,-1.6651294,-0.26579711,0.35143387,0.68772793,0.33618978,-1.2616708,0.75902224,-1.2279004,-0.21275102,0.45740783,-1.1444837,-0.057310961,0.057766899,0.50087363,-0.001212098,0.24994543,-0.1915918,0.67948365,0.04222789,0.9091711,-0.041458491,-0.15539798,-0.7823875,0.56551617,1.0189484,-0.84213996,0.63257873,0.55230093,0.38653326,-0.80653518,0.64863759,0.24866629,-1.1712915,-0.61599213,0.073852435,0.20183483,0.19723848,0.87152088,-0.31543449,-0.54674256,-0.57692599,0.002494553,0.52525413,-0.25423488,-0.1024043,-0.48904103,0.12658532,1.3039398,-1.2530223,0.21451417,0.33522063,-0.41412008,-0.08814358,0.11561222,-1.533064,-2.2372363,-0.060503937,0.8139112,0.035471246,-0.2013965,0.66591555,0.042486966,0.50498182,0.40728739,-0.045875952,-0.84231126,0.29086494,0.12296484,-0.17500652,-0.51405716,0.28506231,0.33727938,1.3113874,-1.7949604,-0.073084965,1.3097785,1.9042392,0.46758783,-1.5014778,-0.43815613,-0.69930428,-0.26918986,0.016726527,0.4974798,0.94921154,0.61905837,0.65804368,0.13527444,0.16648452,0.94723225,0.73541689,1.2964267,-1.1921113,0.041306674,0.19884476,0.19629139,-0.44577715,-0.22566761,-1.6476493,0.42751953,0.00913389,-0.39556354,-0.27717829,0.18992803,0.13528156,-0.83223659,0.32054675,-0.2146114,0.51542926,-0.40905112,0.63365656,1.0452473,0.2881155,0.23218217,0.70119488,0.16106009,-0.16627969,-0.9703669,0.38496614,-0.62667209,0.051738121,0.96458435,-0.7604267,-0.55104107,0.48156428,0.34248635,-0.72620571,-1.3320974,0.61619443,-0.73952436,-0.092871897,-1.7699394,0.2905868,-0.25698331,-0.8041721,-0.56086195,1.1357465,0.32341057,-2.1223974,-1.3959312,-0.48853222,-0.022709616,0.45097417,-0.17066142,0.13570561,0.54083955,0.31179714,-0.15423161,0.041021958,0.32791084,0.36350635,0.096328542,0.071991116,0.31524831,-1.6407566,-0.1170755,0.67577606,0.1116534,0.20490894,0.66721821,0.95311898,-0.47306508,-1.0320586,-0.34128612,0.39396161,-2.0921626,0.34928927,0.35446697,0.48669863,-0.92506468,-1.6190317,0.32736444,-0.53113484,-0.088843435,-0.168116,0.030213282,0.6392805,0.077248812,0.4424572,0.23087797,0.012955353,-0.33287537,-0.34662157,-2.4882503,-0.81048417,-1.1045934,0.1929494,-1.1440535,0.1144138,-0.091882244,-0.39441085,0.12154172,1
0.52840477,0.28433323,0.23887816,0.51875186,0.49551076,0.5286355,0.51397336,0.48354992,0.50804168,0.48982722,0.49995556,0.50287485,0.50486338,0.4812544,0.51650435,0.4927274,0.51876414,0.52512485,0.50508374,0.5026471,0.48677918,0.49761102,0.49196774,0.50230366,0.49774301,0.49197027,0.49162412,0.48265398,0.5026108,0.48808134,0.49167234,0.49525464,0.47828895,0.47484013,0.48357999,0.47772482,0.47707608,0.49406362,0.46712372,0.47972021,-1.0537858,0.22709453,0.39464325,0.45790714,1.4098749,1.7441375,1.3021247,0.72127032,0.84482849,1.6682019,1.4458112,1.2129589,0.42041492,-0.20935111,-0.44515884,-0.51427722,0.6274175,0.36199659,0.3806769,0.29159692,-1.1214039,0.065731987,-0.83552814,0.29906824,-0.54560709,0.035686858,-0.12556343,0.67877775,0.079360783,1.4372131,-0.18341188,0.18487161,-1.2717282,-0.29871243,-0.027509298,0.84741068,-1.1384506,0.58592188,0.106079,-1.0311892,-0.21104161,-1.4293287,-0.5799123,0.40064189,0.83284885,0.57649112,-0.10715482,-1.9008706,0.78902364,0.096122921,-1.232217,0.59047496,-0.01130503,0.065117277,0.67864734,0.32467163,0.39982098,-0.30594462,0.10181105,0.63884783,-0.49340087,-1.1488709,0.032405052,0.54914045,-0.15073653,0.4940244,-0.007843798,-0.18601325,-0.23651852,-0.34759855,0.51129872,0.71835077,-0.21305934,-0.32315728,-0.43877262,0.12008455,0.25077981,-1.0715768,0.46221104,-1.2182604,-0.41113621,-1.9875062,-0.91303211,-0.092536233,-0.80353189,0.33560643,-0.36706716,0.11716025,-0.1260872,-0.14845112,-0.76286393,-0.61301881,-0.011778593,-1.0939007,-0.10453388,-0.066157684,0.11446987,0.27991468,-0.50141895,-1.6616515,0.53655767,0.52879196,0.87614214,-0.1151345,0.46221325,0.35893399,0.071717083,-0.4057526,-0.38214922,0.47405168,-0.24730022,-0.12290683,0.42149591,-0.29565033,-0.81743473,0.12377991,-0.51446283,-0.51179099,0.34538665,-0.42621925,-0.002808765,-0.85652566,0.75459796,1.0028775,0.0812134,-0.0755959,-1.7639707,0.65182799,-0.058245897,-0.074948095,-0.040878564,-0.51356381,0.072678998,-0.1748209,-0.67814159,1.1427751,-0.79481071,0.18757308,0.47929257,-1.8011268,-0.2931034,0.23871115,-0.16215429,-0.49736732,-0.96314329,0.40093973,-0.15466622,0.33354461,0.97187018,-0.82361704,-0.28491378,0.070870705,0.077228822,0.2439592,0.002121866,0.12166521,-0.11171393,-1.3147593,-1.924022,-0.84236616,0.25925118,0.84883714,0.31435341,-0.50280565,-0.35167602,0.042815752,1.4540093,-0.045389704,0.16332458,-0.13814034,-0.26964509,1.06205,0.11216334,0.28857598,1.0517076,-0.2599549,-2.3897402,-0.12886101,0.56210262,0.005984151,-0.24685055,-0.77507037,0.002443977,-1.5518432,0.12572517,-1.3155351,0.22894938,0.16359392,-0.90338349,0.031398173,0.29446039,0.5242427,-0.19287691,-0.39117599,-2.5906961,0.23832569,-0.70956963,-0.009786412,0.023442969,0.029242486,0.70992398,0.14076275,-0.2523371,0.66767597,-1.5654469,-0.76431608,-0.21971081,0.61294395,-0.43771979,0.16588588,0.10313427,0.43409631,-0.026890703,0.42095244,0.56379652,0.83479321,-1.1459917,-0.38739532,0.895675,-0.13718447,0.22265612,-0.091818817,-0.30406758,-1.3880346,-0.50987732,0.15544033,-0.54879725,0.32615274,1.1911347,0.33026648,-0.52928424,0.23793823,-0.38590524,0.59084123,0.50329083,-0.5529902,-0.010075122,1.7903996,0.18304682,0.12979519,-0.71303868,-0.31352007,-1.9724581,1.1622962,-1.3986613,-0.13770087,-0.13019006,-1.6720964,-0.18478288,0.18162404,0.02651199,0.61566579,0.57506293,0.42504993,-1.986662,1.0096689,0.20854114,1.3362827,0.047703139,-1.31815,-0.051006962,-0.96878999,0.71169448,0.1350601,-0.92491293,0.1931451,-1.7783111,-1.5144438,-1.4919935,-0.37453428,0.53712982,0.62030244,0.31211114,-1.0634875,0.90094757,-1.077064,-0.17750615,0.4340663,-1.1876554,-0.081924416,0.007704914,0.47961825,0.20046964,0.39560264,-0.14409883,0.580553,-0.017920243,0.79732972,0.09480533,-0.12122683,-0.88668674,0.42045105,1.1082357,-0.68493789,0.63517368,0.53426242,0.51979858,-0.71626019,0.70998812,0.31301081,-0.91326958,-0.67712247,0.081484653,0.059718318,0.19082215,0.8276273,-0.20982799,-0.54608154,-0.57959211,0.00641821,0.62544298,-0.34099194,-0.030620724,-0.43788892,0.13576314,1.3530917,-1.1631447,0.1154979,0.33032635,-0.53150111,-0.091441959,0.064449564,-1.4385933,-2.1312594,-0.13319746,0.73930502,0.008212671,-0.11543232,0.76736987,0.060000509,0.51835871,0.34588864,-0.074191906,-0.63804239,0.2668018,0.17342098,-0.2477411,-0.64828813,0.23680831,0.15310811,1.2696345,-1.7738763,-0.15308334,1.5508264,1.7995286,0.52197123,-1.4938135,-0.30128801,-0.48014233,-0.27364975,-0.061431997,0.34973004,0.87784916,0.84069133,0.50934863,0.21722335,0.16379325,0.95853949,0.7795732,1.1313876,-1.0989211,0.24884805,0.25386223,0.11783423,-0.45040053,-0.16965145,-1.5974823,0.39897448,-0.026779544,-0.46052518,-0.33246958,0.3627454,0.12565151,-0.7686497,0.22448502,-0.24236457,0.50017881,-0.13537864,0.77249873,0.96886134,0.30609202,0.18325119,0.72942072,0.026330769,0.10963547,-0.99098319,0.36222339,-0.75052077,0.015982658,0.8014456,-0.83736843,-0.55642694,0.56070244,0.33244258,-0.62231934,-1.197343,0.48531464,-0.71579075,0.03366743,-1.8379631,0.34425163,-0.28108349,-0.73523092,-0.44905791,1.1716292,0.37328625,-2.0813563,-1.2817433,-0.45582947,-0.015732251,0.3824656,-0.061835855,0.043421861,0.48892719,0.27239302,-0.12541908,0.17668259,0.32002708,0.35831696,0.083775297,-0.16171941,0.23421878,-1.6104041,-0.006783312,0.48191661,0.090430021,0.21313953,0.63583124,0.94378698,-0.40245238,-0.89739966,-0.46470544,0.17991143,-2.161232,0.40607315,0.38395146,0.49633074,-0.72901374,-1.420285,0.38439006,-0.66061425,-0.005263314,-0.089611724,-0.060545404,0.56707412,0.054035772,0.41482162,0.41760755,0.034959149,-0.11844879,-0.4001227,-2.4128411,-0.75118548,-0.89413595,0.064720295,-0.92257202,0.30954307,4.34E-05,-0.33339942,0.21531963,1
0.46293598,0.25126779,0.19831213,0.4450205,0.42567599,0.43968374,0.43467695,0.42886049,0.45033216,0.43686241,0.43337792,0.42879355,0.43811327,0.4230122,0.44932592,0.41958964,0.43404084,0.45999309,0.44093877,0.43331808,0.43152958,0.43700773,0.41261241,0.41715965,0.43243328,0.42002299,0.41701916,0.41534126,0.43152595,0.42422691,0.40091816,0.42586094,0.39637649,0.41568083,0.41617432,0.39389804,0.41852251,0.42815745,0.40753371,0.41109067,-1.1459514,0.1913327,0.32776552,0.42109409,1.3306584,1.6601908,1.2278191,0.66552216,0.77886808,1.5984839,1.3686346,1.1480006,0.32146847,-0.22938985,-0.2655409,-0.39533481,0.59107912,0.34054193,0.31478086,0.26979139,-0.99646586,0.02971503,-0.70906889,0.37683687,-0.89367062,0.018548265,-0.23659267,0.75582534,0.28910577,1.4433049,-0.20658331,0.16862722,-1.3274026,-0.30642724,-0.004563138,0.99014747,-1.265722,0.44360533,0.082918063,-1.0460774,-0.13500595,-1.2207457,-0.67431766,0.5036763,0.79106349,0.59495503,-0.10654909,-1.9016197,0.68160421,0.071482465,-1.1760865,0.55787361,-0.042844407,0.025899101,0.68610173,0.15202177,0.39283004,-0.35393444,0.095225841,0.55377144,-0.82762539,-1.2166798,0.03033461,0.63126117,-0.3515147,0.34447092,0.20575838,-0.20324217,-0.26991993,-0.35232165,0.55922437,0.85757446,-0.29280078,-0.3342554,-0.41844317,0.32543749,0.35966662,-1.1039652,0.40545017,-1.1115626,-0.40153027,-1.9916873,-0.97217357,-0.093303591,-0.59612709,0.33068043,-0.40969509,0.17930639,-0.16769962,-0.12845792,-0.91728961,-0.6131407,0.17821002,-1.1245677,-0.18133166,-0.074461505,0.078426279,0.34783828,-0.48278022,-1.7628763,0.37892836,0.49330205,0.87449515,-0.1389115,0.41747209,0.3172082,0.088222228,-0.25906339,-0.35009843,0.43946618,-0.39699271,-0.21883929,0.37152076,-0.3146292,-0.94235098,0.093571,-0.60074556,-0.58111179,0.42458987,-0.40025392,-0.056793112,-0.8307063,0.66961998,0.7474404,0.10993781,0.09722212,-1.8962544,0.7510097,-0.075028569,-0.11562073,-0.048501506,-0.52702039,0.024684718,-0.14610982,-0.77289897,1.1153721,-0.74238986,0.09100078,0.4612546,-1.6328934,-0.24177131,0.39931688,-0.08134263,-0.4849847,-0.90590751,0.53901929,-0.004520387,0.29424375,0.87460625,-0.80655801,-0.18720639,0.025231509,0.20326142,0.23596278,0.46697518,0.22218305,-0.32527575,-1.3325895,-1.8976508,-0.92068589,0.27660578,0.72008634,0.3789776,-0.56256366,-0.4529064,0.15412344,1.6518954,-0.2334013,0.047604937,-0.35357845,-0.25450382,1.159427,0.11540061,0.23383816,1.4570522,-0.13010159,-2.4696131,-0.070096299,0.60298347,0.031211648,-0.13890986,-0.68817639,0.086076126,-1.5779715,0.067965038,-1.4866741,0.38534746,0.11858238,-0.86828971,0.003385649,0.096019417,0.59832275,-0.22913757,-0.40931571,-2.6984978,0.36837885,-0.71752334,-0.099797152,-0.076514482,0.20223656,0.64680845,0.14786038,-0.2200764,0.50655496,-1.6007898,-0.88844138,-0.045462996,0.37916157,-0.47250891,0.24426296,0.21116728,0.38728905,0.032953206,0.42638147,0.47666347,0.90997016,-1.1436762,-0.40568024,0.50069863,-0.10417154,0.30499083,-0.011282539,-0.17970839,-1.3468448,-0.49383146,0.11555439,-0.54912597,0.36467123,1.16301,0.38573039,-0.46908846,0.19037502,-0.37657502,0.63873625,0.6462779,-0.42533764,0.031271987,1.7747134,0.099759638,0.2487523,-0.89307845,-0.14841208,-2.0916395,1.1313832,-1.4715046,-0.20646937,-0.19358855,-1.5461729,-0.30107194,0.30157638,0.21550906,0.83488727,0.57606637,0.32459927,-2.0272362,1.1402187,0.19470146,1.2059402,0.040629953,-1.1637559,0.019853018,-1.0272129,0.70264828,0.20076086,-0.80717903,0.29844528,-1.903136,-1.7717155,-1.4611038,-0.46283555,0.52761865,0.61182052,0.27607477,-1.0148958,0.77767444,-1.1635157,-0.14794992,0.35688663,-1.0412571,-0.14773184,-0.015455748,0.65315706,-0.062326249,0.38150221,-0.078549109,0.8613472,0.023542248,0.69803286,-0.042809039,-0.14344645,-0.70963842,0.34858489,1.1155356,-0.54523563,0.57682163,0.51716369,0.56313354,-0.75863409,0.65037566,0.31515783,-0.90287626,-0.52761292,0.009620726,0.026293032,0.15939739,0.79834795,-0.17997856,-0.50882846,-0.51788354,-0.035914827,0.67769825,-0.20986505,0.065233812,-0.33227116,0.22897342,1.3277878,-1.187735,0.15322545,0.30224049,-0.68691409,0.012653485,-0.23730072,-1.366389,-2.1564889,-0.21782479,0.62548971,0.10566869,-0.085684553,0.73196083,0.25734526,0.52012336,0.27129865,-0.10793777,-0.46815151,0.22215644,0.092580698,-0.17911366,-0.54209995,0.21674977,0.17259803,1.2007099,-1.7868092,-0.1398021,1.6675563,1.7583708,0.40345734,-1.495223,-0.16353869,-0.37021652,-0.1066128,-0.061211441,0.39152721,0.84620124,0.88545185,0.44298986,0.27375734,0.17729256,0.87261444,0.84103805,1.2648032,-1.0015951,0.18920177,0.27631432,0.13861948,-0.49385542,-0.11901067,-1.791337,0.3476392,-0.002350502,-0.39142251,-0.17042699,0.25908214,0.19407101,-0.61059839,0.24523,-0.2603265,0.37647104,-0.032246158,0.45015579,1.2289574,0.28002238,0.088749379,0.78199893,-0.001162432,0.089620218,-1.0454859,0.34692594,-0.81770372,0.11613749,0.9868964,-0.9140414,-0.51495934,0.55879635,0.35183218,-0.54432619,-1.2576419,0.49833766,-0.5278222,0.1795643,-1.7713377,0.41851205,-0.27050853,-0.83465898,-0.48829979,1.1237288,0.47341701,-1.9265943,-1.3212509,-0.37122139,0.00330668,0.27291477,0.074701175,0.069591038,0.42823309,0.24573016,-0.13990656,0.30419308,0.44940794,0.41235465,0.028379187,-0.070267171,0.25487113,-1.6082447,-0.052370053,0.38505867,0.094151668,0.23409253,0.6862247,1.2381799,-0.3840802,-0.94329083,-0.40132639,0.13210438,-2.1001918,0.3924064,0.3460418,0.43122533,-0.75698549,-1.3596171,0.39044261,-0.6430248,0.25195736,0.003122285,0.043326318,0.68063623,0.064949788,0.34798732,0.40738097,0.041369095,-0.058631472,-0.36677402,-2.4157,-0.81885111,-0.86445487,0.022544038,-0.85404903,0.10560772,-0.077067353,-0.29733282,0.014692216,1
0.51006621,0.2929644,0.23240179,0.47442478,0.48587209,0.50240475,0.48129401,0.47722623,0.4929238,0.49455786,0.48890191,0.47652981,0.47339043,0.47573358,0.48194945,0.46527892,0.48455873,0.50410008,0.50035286,0.46589148,0.47771943,0.46923941,0.47008175,0.46828949,0.48356175,0.45862448,0.47689277,0.45831671,0.47511852,0.47170314,0.4586677,0.47412652,0.46219015,0.4571557,0.47949705,0.44198167,0.4501614,0.47344881,0.4406893,0.45396745,-1.0255586,0.22452943,0.37388134,0.45205119,1.3740509,1.6992642,1.2864823,0.71760726,0.82470846,1.650243,1.4156733,1.1936219,0.38393641,-0.18786409,-0.40333015,-0.3935228,0.60659277,0.38140512,0.34862739,0.28538069,-0.82642394,0.068019502,-0.69943368,0.31259328,-0.71294475,-0.054810084,-0.24491639,0.69181228,0.19864136,1.3655088,-0.18400688,0.18848833,-1.2777475,-0.30918318,-0.0578411,0.87766141,-1.2173718,0.52518272,0.14354882,-0.95973682,-0.18289088,-1.2753358,-0.59583175,0.35707438,0.77640188,0.64526987,-0.040652834,-1.7674074,0.68019789,0.092319652,-1.1769111,0.75433075,0.002864678,0.047073361,0.419469,-0.037164513,0.31598246,-0.25548956,0.066955984,0.59255624,-0.66723722,-1.1353185,-0.002150521,0.55912155,-0.31440544,0.1714455,0.08147274,-0.18627626,-0.17674664,-0.28674144,0.39964017,0.7229265,-0.20200801,-0.23734972,-0.34020555,0.30763298,0.17137636,-1.1182556,0.39653149,-1.0021044,-0.33808142,-1.8864863,-0.8658343,-0.13980183,-0.67503488,0.27022147,-0.39737719,0.12685353,-0.11072175,-0.130142,-0.77195168,-0.71779096,-0.032816686,-1.1077627,-0.15995201,0.024281532,0.074918747,0.36453286,-0.49603772,-1.5867426,0.39603823,0.46384823,0.82189614,-0.16573194,0.4940384,0.3612498,0.028826054,-0.37906495,-0.39235523,0.38321084,-0.50653195,-0.28321469,0.43658373,-0.27231562,-0.82246637,0.14749803,-0.47948349,-0.44168824,0.33480647,-0.36775431,-0.010534722,-0.80815983,0.64924395,0.67567003,0.073404878,0.10863733,-1.6336873,0.54068458,-0.018450379,-0.18557774,-0.05545957,-0.50886261,0.1092352,-0.17618765,-0.67046165,1.0443689,-0.7121188,0.119207,0.37218365,-1.7108617,-0.16304964,0.2186249,-0.13074963,-0.42304316,-0.92882049,0.36975694,-0.18974668,0.43659404,0.81754643,-0.81584895,-0.25185955,0.062867254,0.11974158,0.17707349,0.39961416,0.22104472,-0.23701641,-1.277673,-1.8001208,-0.75732946,0.23669267,0.72384417,0.36594597,-0.47448581,-0.37927759,0.00461825,1.5502353,-0.13056204,0.075001977,-0.17869744,-0.2031696,0.92524308,0.1133445,0.26590487,0.9804334,-0.11957525,-2.4278448,-0.11730263,0.50069588,0.054794639,-0.24440719,-0.64387977,0.083596833,-1.4411525,0.12938662,-1.3248302,0.32698831,0.16434096,-0.86482394,0.039055616,-0.053200483,0.49463356,-0.20886973,-0.19535848,-2.4449515,0.27755195,-0.78023899,-0.045661651,0.081163779,0.004869565,0.68974024,0.12259179,-0.268448,0.46360797,-1.3767315,-0.85065961,-0.19083314,0.54050761,-0.44778064,0.15053011,0.11623359,0.36390978,0.061562538,0.43234643,0.51029873,0.80320042,-0.90917462,-0.33899695,0.69757867,-0.019439878,0.24391308,-0.077623352,-0.27845934,-1.3461754,-0.46869805,0.091742277,-0.48951364,0.29388484,1.0498825,0.35242841,-0.48605865,0.19335508,-0.3766211,0.71009189,0.48561513,-0.4139232,0.062967755,1.7662895,0.14653674,0.18591875,-0.79833198,-0.19514582,-1.898343,1.1566913,-1.2806479,-0.13143812,-0.13382104,-1.5356385,-0.26287299,0.19831568,0.14494941,0.90610182,0.46233758,0.36245307,-1.8742499,1.0296518,0.31112331,1.2186524,-0.019853547,-1.2398586,0.028532602,-0.99858105,0.62317765,0.32687032,-0.92522311,0.22051844,-1.7291254,-1.4185408,-1.4370927,-0.40508378,0.38693336,0.40361363,0.29275084,-0.94846833,0.84727049,-1.024313,-0.099472314,0.31425878,-1.1495643,-0.097381517,0.022133477,0.56981862,-0.062225074,0.34035248,-0.15648076,0.60255814,0.031228276,0.77436137,0.10308799,-0.13854021,-0.81155652,0.44114959,1.0951487,-0.62696177,0.67851955,0.51483703,0.48643097,-0.64638263,0.4196631,0.1852506,-0.77510947,-0.61130136,0.057964768,0.058615007,0.12241557,0.7438882,-0.23400268,-0.52981544,-0.50946671,-0.033833414,0.47768199,-0.22389868,0.053583495,-0.35403162,0.17363387,1.1444099,-0.93306756,0.17770961,0.30906066,-0.59927362,-0.047637742,-0.27878731,-1.2763646,-1.9748242,-0.28864378,0.66307664,0.02495306,-0.043426111,0.73189586,0.081989095,0.48077551,0.31404763,-0.089337282,-0.53492397,0.19076717,0.07161846,-0.21695328,-0.61497647,0.27554703,0.15723345,1.1646346,-1.6034625,-0.071502663,1.5064274,1.6330937,0.3560394,-1.4822454,-0.21022329,-0.36901265,-0.25123173,-0.035895433,0.34594005,0.79480314,0.67122322,0.52957386,0.14781579,0.21653384,0.78570366,0.69142675,0.90729684,-1.0317553,0.25699598,0.16892527,0.1219793,-0.34393901,-0.16435038,-1.6860271,0.34584975,0.046791796,-0.33615315,-0.18513557,0.21835847,0.12784025,-0.48981291,0.24657463,-0.27773738,0.40764982,-0.080181047,0.43130809,0.90972984,0.35125285,0.15081744,0.68682438,0.10451915,0.040077183,-0.99192786,0.36668462,-0.81190538,-0.041683674,0.85906208,-0.79470062,-0.52413154,0.58815968,0.37263766,-0.58840805,-1.1459289,0.46569741,-0.65364289,0.13418941,-1.7054188,0.38551599,-0.22975719,-0.71179223,-0.52945256,1.0277696,0.3774873,-1.8968807,-1.1814039,-0.42249948,-0.016574774,0.3315134,-0.061591536,0.20360832,0.36864567,0.26045826,-0.095179237,0.19957343,0.35808018,0.38283765,-0.007364564,-0.080165632,0.2214402,-1.5322404,-0.014466397,0.41361389,0.087693356,0.21098965,0.63712722,0.89010334,-0.36669615,-0.89491123,-0.34264404,0.074846387,-1.9878852,0.42994288,0.24964139,0.43590757,-0.79511195,-1.3595294,0.40112174,-0.53425133,0.12099389,-0.093694285,-0.029004164,0.67772728,0.10260279,0.3716054,0.42220387,0.08815816,-0.14824954,-0.32898846,-2.2484992,-0.68165582,-0.87424505,0.048787247,-0.88564247,0.014252812,-0.090000257,-0.21140409,0.077247962,1
0.60894167,0.40126801,0.34202796,0.59237838,0.59171236,0.59921235,0.57605016,0.56252462,0.5856365,0.58712572,0.58015692,0.57512629,0.56944084,0.56687731,0.58753717,0.56823993,0.57375741,0.59354019,0.58877629,0.57792413,0.56315887,0.55240089,0.5738132,0.56756473,0.56868339,0.5585835,0.57179499,0.57139719,0.56837082,0.56290257,0.5616914,0.55889124,0.55129647,0.56105185,0.55736899,0.54654551,0.54795194,0.57976615,0.55042601,0.55072618,-1.1413487,0.3361589,0.52776444,0.60650724,1.5564861,1.7725606,1.4526852,0.89241236,1.0038708,1.819133,1.5887938,1.366285,0.317092,-0.22654547,-0.54403335,-0.48631379,0.5581283,0.36774522,0.40424031,0.30988529,-0.85142517,0.038035985,-0.82163322,0.30815786,-0.9845221,-0.06796056,-0.21837266,0.82484865,0.19210216,1.2976913,-0.16543239,0.19850634,-1.3409078,-0.27032924,-0.13379349,0.51142675,-1.3960057,0.41488749,0.13457824,-1.0400887,-0.084986784,-1.3087748,-0.66353649,0.35203695,0.68084526,0.7676872,-0.10807195,-1.8947756,0.65147489,0.17402905,-1.0859846,0.81655324,0.027154528,0.19035642,0.54353893,-0.07399077,0.30559388,-0.18624723,0.00429187,0.59932113,-0.9384681,-1.1413987,0.037735753,0.56184065,-0.42438817,0.31640512,0.31121206,-0.083983019,-0.12358466,-0.33337113,0.46608868,0.55700421,-0.29420626,-0.27102494,-0.26904893,0.16861928,0.29662257,-1.0915732,0.33594853,-0.92436707,-0.44389698,-1.8954806,-0.81104988,-0.14671978,-0.64065599,0.30569765,-0.39611426,0.12701198,-0.14322473,0.058163241,-0.76672876,-0.66043139,0.59912503,-1.1317835,-0.20092669,-0.085176229,-0.026768923,0.28171128,-0.41546395,-1.5668832,0.83753884,0.60440397,1.0022362,-0.26672155,0.47410193,0.36233371,-0.011068866,-0.13980545,-0.53589153,0.31955603,-0.68336207,-0.08197806,0.29668045,-0.29963091,-0.80992466,0.089844219,-0.54217607,-0.57800144,0.25440377,-0.49362057,-0.088828348,-0.99716139,0.80116498,0.77196062,0.17435461,0.023504058,-1.7425382,0.48629826,0.003586859,-0.19788915,0.040113822,-0.496434,0.016169237,-0.13287824,-0.63838339,1.0278169,-0.85591358,0.07424365,0.27338949,-1.6116951,-0.26081198,0.29740021,-0.065791234,-0.28611121,-0.97383094,0.32817093,-0.1318548,0.49825245,0.87786579,-0.95442814,-0.17776825,0.063798368,0.22993213,0.17493533,0.44876686,0.040792622,-0.37726659,-1.3274077,-1.94206,-0.89261317,0.36317804,0.84925747,0.35755831,-0.40243983,-0.39144051,0.079132512,1.1479613,-0.13992311,0.13699082,-0.23590504,-0.13237384,1.0470867,0.14983112,0.32478333,1.6968617,-0.20601515,-2.3563435,-0.053164296,0.77407348,0.017674517,-0.11478601,-0.56897306,-0.031785883,-1.5414736,0.03137742,-1.1962506,0.084720731,0.31473941,-0.89270008,-0.078133687,0.40091205,0.51547289,-0.16511846,0.017123476,-2.5656505,0.19345769,-0.70235932,-0.067932367,-0.086200461,0.075952537,0.50536156,0.15510516,-0.29868793,0.36536252,-1.4144242,-0.96611142,-0.26833129,0.39495975,-0.43530226,0.13966072,0.11245927,0.35283628,-0.02122863,0.44373697,0.26747566,0.78213525,-1.1270008,-0.44905907,0.6607495,0.022859992,0.22283335,-0.16828616,-0.042781517,-1.4968574,-0.53157115,0.10675327,-0.55739403,0.37879157,0.98132235,0.49606377,-0.58200282,0.15890521,-0.44664052,0.66771054,0.56405532,-0.49207911,0.10098293,1.9019549,0.25089765,0.31712651,-0.98840404,-0.3448022,-2.0370133,0.93541032,-1.0409024,-0.24000388,-0.19484672,-1.2831453,-0.5129869,0.24751464,0.032139629,0.98901641,0.60400718,0.48499054,-2.0528736,0.86762011,0.15161675,1.1953547,0.002750561,-1.3833179,0.035916656,-1.0972254,0.59699744,0.56065524,-1.0139426,0.30444753,-1.6863339,-1.3752258,-1.3487357,-0.45581818,0.75217187,0.92206317,0.3619898,-1.0171568,0.69097161,-1.0306222,-0.068330787,0.48966813,-1.0859016,-0.098616183,0.11817518,0.49293682,0.26026762,0.34067655,-0.083336048,0.5441885,0.072748341,0.2342751,-0.11470012,-0.084658377,-0.74988502,0.33298329,1.1267415,-0.57293832,0.81022155,0.54869485,0.43318772,-0.69221628,0.49878597,-0.06915313,-0.73096347,-0.75137758,0.004169755,-0.014796808,-0.07669282,0.81657851,-0.12480994,-0.66767943,-0.78200424,0.027993307,0.57360691,-0.15540126,0.12292589,-0.43406236,0.16753152,1.0687675,-0.94531161,0.18169498,0.24619392,-0.60600901,0.11594862,-0.21000223,-1.1862675,-2.1224041,-0.28150678,0.67688215,0.10000757,-0.10352871,0.72774196,0.20941108,0.40638116,0.20997338,-0.1091527,-0.6209693,0.22282222,0.088854916,-0.24151115,-0.29998744,0.23582363,0.13252436,1.3296496,-1.7004802,-0.12788624,1.4721806,1.78764,0.4179863,-1.6177945,-0.17189585,-0.46023536,-0.27898425,-0.17503713,0.26785475,0.91664612,0.37384576,0.59787071,0.24839303,0.15271296,0.90262961,0.68933302,1.1650001,-1.0748128,0.25123283,0.28940728,0.11336631,-0.45764959,-0.12986967,-1.5216819,0.41657954,0.043704603,-0.43297511,-0.21261108,0.45662531,0.19436228,-0.64116448,0.22041404,-0.32347983,0.66916871,-0.013970092,0.36414066,0.87013853,0.25092849,-0.069269821,0.75403517,0.069718488,0.036850601,-0.90618539,0.28085625,-0.98242551,-0.20377952,0.46415424,-0.92283988,-0.40807748,0.5726819,0.20616382,-0.5227623,-1.3638811,0.49389324,-0.73106503,0.21509746,-1.8145299,0.40070498,-0.34523994,-1.0482435,-0.50000256,1.2085483,0.32660773,-1.9409387,-1.2851124,-0.38630557,-0.006522154,0.340446,-0.11498585,0.058530305,0.3927893,0.24740399,-0.11716077,0.24960318,0.38868481,0.33021051,-0.004679784,-0.17808329,0.22321209,-1.5000347,-0.024330597,0.45775852,0.093210332,0.23187,0.73031664,1.0976219,-0.35010773,-0.77583563,-0.47770691,0.09049654,-1.9842753,0.51797009,0.34997705,0.53282619,-0.84117174,-1.3458736,0.22659023,-0.69808781,0.26330486,-0.018916607,-0.10992407,0.41613168,0.10090037,0.30228329,0.31833565,-0.015455334,-0.087014377,-0.34963161,-2.3141265,-0.74725282,-0.85523838,-0.012992218,-0.89427656,0.44652188,-0.1731862,-0.3107886,0.012612928,1
0.50512719,0.30376261,0.2552827,0.47333807,0.46978661,0.48081028,0.46471447,0.45365766,0.47368592,0.4697721,0.46285027,0.45940751,0.46073508,0.45072198,0.46979389,0.45172101,0.46039563,0.47019103,0.4630726,0.45259899,0.44328609,0.43947875,0.44802022,0.44592488,0.44477993,0.44065741,0.4609251,0.4390555,0.44057077,0.46020252,0.44310874,0.44915473,0.43538114,0.44024885,0.44348663,0.42269865,0.42857188,0.44992173,0.42971516,0.43672353,-1.0303264,0.24441032,0.32931012,0.40774602,1.336014,1.6623468,1.2236342,0.66296506,0.77161014,1.5960814,1.3771307,1.1389811,0.36129135,-0.2028403,-0.3546738,-0.37837717,0.54396707,0.34955901,0.33666727,0.29385924,-0.96114564,0.060582493,-0.75834751,0.2207903,-0.81050789,0.039713554,-0.21271291,0.67195922,-0.028480351,1.2942266,-0.17978397,0.16558997,-1.1303662,-0.26941544,-0.10271131,0.67109114,-1.0728594,0.44798499,0.17637873,-0.89970195,-0.17954466,-1.1817716,-0.57780558,0.26002759,0.65220767,0.51126045,-0.085058399,-1.6473694,0.5200184,0.13402647,-1.0385361,0.59649521,0.003858853,-0.018289559,0.56661856,0.39379391,0.23140377,-0.32171446,0.13339031,0.57317436,-0.43436629,-1.031739,0.042247854,0.52686965,-0.35852703,0.28473476,0.031531624,-0.080081105,-0.12741393,-0.29963291,0.29650658,0.54034603,-0.1861998,-0.34006578,-0.34489924,0.12324911,0.22009981,-0.93335974,0.38168412,-1.1319549,-0.36318767,-1.694831,-0.82752305,-0.094766594,-0.6413759,0.16406792,-0.29245254,0.20737828,-0.082790762,-0.11162966,-0.51937085,-0.59663987,-0.11762843,-0.97212034,-0.22182603,-0.027219884,0.13907793,0.31444728,-0.42810225,-1.414993,0.13718665,0.51163131,0.78479385,-0.10989808,0.4152959,0.26779008,0.048466843,-0.69039685,-0.31135735,0.26578522,-0.19585185,-0.1743035,0.3530573,-0.26045895,-0.78751332,0.13674453,-0.44039601,-0.47199488,0.25934863,-0.43617794,-0.031006148,-0.8139748,0.72342175,0.64177042,0.084370084,0.07418067,-1.5937696,0.62075841,0.023034155,-0.11714706,-0.054428749,-0.48342642,0.038294427,-0.12305914,-0.73154008,0.9017998,-0.70387411,0.1184072,0.29882953,-1.558297,-0.056815185,0.25062627,-0.18762739,-0.52400184,-0.89690673,0.43529788,-0.055963725,0.44557858,0.69241279,-0.73769629,-0.20066848,0.084103674,0.1451036,0.21650533,0.40067846,0.081325196,-0.2050408,-1.1174093,-1.6297945,-0.64870191,0.33858648,0.76684189,0.29585886,-0.4122721,-0.32407281,0.029404923,1.2525485,-0.18564309,0.12145612,-0.20480062,-0.28459647,0.8594026,0.17443477,0.26387894,0.7220962,-0.15861474,-2.0119801,-0.10460033,0.36191645,-0.019199254,-0.1000657,-0.67719108,0.042510364,-1.3874301,0.10795822,-0.96101207,0.55265373,-0.071987912,-0.76356024,0.023124456,0.13659507,0.48350778,-0.12989417,-0.35018706,-2.3875759,0.29602429,-0.52860695,-0.027648576,-0.021189734,0.073964387,0.66689205,0.19364837,-0.21913365,0.50239688,-1.2722887,-0.79196727,-0.31307223,0.40284377,-0.37420228,0.13099791,0.11478166,0.35924736,0.025306556,0.32360178,0.4839226,0.79458594,-0.94747424,-0.36908105,0.55753094,0.071568474,0.15981762,-0.17786835,-0.24897143,-1.1911234,-0.44728085,0.11667413,-0.50478888,0.2515173,0.92493212,0.37134016,-0.48572233,0.23840281,-0.30767015,0.70252776,0.47124863,-0.41175067,0.062643513,1.5489101,0.13436835,0.25283703,-0.87826824,-0.19174178,-1.7719753,1.0768751,-1.3620744,-0.1146704,-0.09116599,-1.4586518,-0.21757403,0.16699669,0.025834382,0.64543074,0.48577428,0.25315946,-1.7780889,0.93053991,0.15185879,1.1033666,0.052324891,-1.2131889,-0.15025951,-0.8139804,0.5754056,0.16853312,-0.78745556,0.29041582,-1.5569078,-1.3611474,-1.2514455,-0.38057578,0.36477196,0.27763686,0.25027898,-0.95863205,0.74881864,-0.9247967,-0.14544007,0.36047089,-0.95294398,-0.11939869,0.048149388,0.51133645,0.050165478,0.18441641,-0.12042906,0.51231629,0.062285937,0.77096111,-0.043858707,-0.18025941,-0.65756834,0.39623365,0.90473163,-0.50591689,0.65178454,0.49303681,0.48797527,-0.5506981,0.52278161,0.26562434,-0.83163106,-0.59363312,0.10861776,0.21492277,0.1182306,0.57938814,-0.32969338,-0.48906004,-0.54770124,0.028853569,0.5576551,-0.25432265,-0.007864311,-0.33668244,0.13120417,0.9128443,-1.0673927,0.1632044,0.31162792,-0.47341037,-0.040065289,-0.025777467,-1.3039002,-1.8921561,-0.06372869,0.5786643,0.036268763,-0.053878158,0.79730922,0.11190781,0.42730108,0.23472345,-0.17353819,-0.51981544,0.19037169,0.09238521,-0.19795001,-0.5343411,0.20607111,0.060050614,1.1673493,-1.4252855,-0.076214552,1.4158802,1.3918345,0.39096078,-1.3484465,-0.27191532,-0.43558568,-0.25014025,-0.038734153,0.34844768,0.74861407,0.45471567,0.36494976,0.14091322,0.14891554,0.81010002,0.69189841,0.88589597,-0.942146,0.064169973,0.17148568,0.11893161,-0.36547607,-0.12099947,-1.5778927,0.33835453,0.02456213,-0.37418061,-0.26178023,0.23689918,0.14372936,-0.41460523,0.34668288,-0.27952567,0.38653529,-0.084503986,0.32295695,0.81606245,0.25504646,0.096964724,0.65520489,-0.071138762,-0.063833408,-0.83968306,0.28552583,-0.70575041,-0.025491551,0.79022282,-0.8686344,-0.39990312,0.4954235,0.30897331,-0.50126261,-1.1173474,0.47509921,-0.53840953,0.053156145,-1.7411709,0.32316819,-0.17092621,-0.41014969,-0.4562726,0.88735294,0.33691502,-1.7818871,-0.96167529,-0.37966481,-0.002619579,0.34964609,-0.025095239,0.13631669,0.4403595,0.24396931,-0.077587105,0.17009048,0.28916377,0.34150326,0.095420405,-0.079541504,0.25430825,-1.3046896,0.005268683,0.32597631,0.052079532,0.21676894,0.62845564,0.7172122,-0.38954368,-0.78783554,-0.38673756,-0.048121586,-1.9779435,0.34233427,0.18779822,0.40519378,-0.61807173,-1.1718038,0.2641277,-0.62181133,0.030526951,-0.1388948,-0.041192032,0.57978481,0.089488715,0.37195432,0.29520071,0.014102254,-0.14699015,-0.35205829,-2.1727579,-0.69087613,-0.83134085,0.005480047,-0.83064979,0.32715398,-0.067734234,-0.23319285,0.066121414,1
0.5575785,0.29359415,0.23934078,0.54886556,0.54050857,0.56611085,0.55078089,0.54118681,0.54833364,0.54164362,0.54027581,0.54004616,0.54861569,0.52584952,0.55732489,0.53593308,0.54890382,0.57487774,0.55491161,0.53762245,0.53222287,0.54579186,0.5421688,0.54266089,0.54735041,0.53588629,0.55226207,0.53921425,0.54490298,0.55323184,0.54245031,0.54452956,0.52281564,0.53592098,0.54339159,0.52817833,0.52934754,0.54460311,0.52260751,0.53463042,-0.83056557,0.22604807,0.44380933,0.53584218,1.5092185,1.7068967,1.397953,0.8102321,0.91251975,1.7570854,1.5554647,1.3011897,0.40268007,-0.12806612,-0.48100656,-0.4257715,0.62028259,0.38323754,0.33709934,0.31264839,-0.82114077,-0.01002929,-0.81811684,0.23393276,-0.65425587,-0.03886649,-0.21068129,0.68770981,-0.18577668,1.1962858,-0.1556848,0.20004356,-1.2386032,-0.27078959,-0.29445174,0.719455,-1.0458841,0.59016562,0.13732053,-1.035835,-0.1139119,-1.5250063,-0.56080574,0.32475048,0.80757576,0.44375989,-0.032106839,-2.007498,0.70308328,0.12098128,-1.3350979,0.78096271,0.072854847,0.084424555,0.55062073,0.31590784,0.31077078,-0.12002537,0.15893766,0.67866617,-0.48025489,-0.99735349,-0.051694743,0.72369379,-0.33264488,0.16298673,-0.031931922,-0.17348227,-0.039938509,-0.17567287,0.13269261,0.42679569,-0.16480775,-0.28636339,-0.41055369,-0.067318767,0.30132002,-1.2065481,0.37883592,-1.1523105,-0.29654261,-1.8368958,-0.87620211,-0.37466162,-0.95895064,0.36053538,-0.37475562,0.16977768,-0.052265782,-0.06347701,-0.92152655,-0.82978237,-0.11119466,-1.0860168,-0.39185333,0.086291313,0.006361276,0.35239917,-0.30862629,-1.7149159,0.35585374,0.4730944,0.89857888,-0.18959329,0.37483108,0.43111572,0.016593695,-0.55032319,-0.68193936,0.42386121,-0.60745436,-0.000364676,0.40984499,-0.3453258,-0.63534051,0.26465848,-0.48209625,-0.30565116,0.32396364,-0.50923806,0.056092888,-0.79825509,0.72516972,0.66116041,0.37183264,-0.091764063,-1.6960517,0.63058877,0.070447698,-0.24652371,-0.067769974,-0.47257528,0.17125911,-0.17595935,-0.72432995,1.1285578,-0.87871379,0.15472561,0.31050509,-1.5345591,-0.12129219,0.054362148,-0.34373698,-0.43330041,-0.94537461,0.23091254,-0.20862985,0.008924633,0.75763071,-0.88029218,-0.17177871,0.041017819,0.16263074,0.047820508,0.28040415,0.044809386,-0.16353342,-1.4327945,-1.9088166,-0.75710708,0.28515977,0.80266273,0.22855592,-0.31225479,-0.32754058,-0.15687758,1.1567284,-0.15304989,0.17312038,-0.034302831,-0.15931715,0.80688232,0.1669028,0.2821005,0.92014772,-0.29262331,-2.2468786,-0.16396357,0.21959409,0.13134187,-0.24407139,-0.82207954,0.001757108,-1.3428165,0.19845185,-0.90681052,0.17444438,0.16161659,-1.1018645,0.17097278,0.056220829,0.54714876,-0.17597066,-0.5028826,-2.4910598,0.44395167,-0.72076309,-0.018122371,0.006735951,0.04103829,0.69614506,0.11211696,-0.054806352,0.65899688,-1.4468757,-0.85640824,-0.41078836,0.47744453,-0.31679326,-0.01202628,0.23325554,0.19738138,-0.063657507,0.37695399,0.54131597,0.82509834,-0.97029829,-0.28469756,0.69561172,-0.20512936,0.015160441,-0.14687115,-0.27953324,-1.3817489,-0.44127175,0.19084516,-0.35112891,0.020821035,0.82178962,0.34554043,-0.57871783,0.20953315,-0.28321093,0.59180731,0.44650677,-0.35092854,0.06585075,1.7984962,0.18767783,0.2203027,-0.9347114,-0.21077256,-1.8437026,1.2001452,-1.2952062,-0.068381697,0.11684889,-1.6322011,-0.3612422,0.11313967,0.01283519,0.44934496,0.51405996,0.28343552,-1.8069128,1.0925848,0.15047073,1.3801985,-0.17540273,-1.295622,0.052328616,-0.96977639,0.59875798,0.13739662,-0.78452939,0.30788824,-1.7555879,-1.300652,-1.2704078,-0.35845622,0.37216854,0.64917046,0.31872308,-1.132756,0.87747705,-0.90825033,-0.12597071,0.34276471,-1.2669429,-0.16915143,0.039087534,0.55533999,0.18452224,0.16391189,-0.43350583,0.59444833,0.080194108,0.72574753,0.009687908,-0.22154664,-0.83902538,0.46213219,0.88848507,-0.65591842,0.58577162,0.54549104,0.30759737,-0.71532857,0.52152562,0.27381456,-0.74824387,-0.73898053,0.10030659,-0.01894407,0.072809562,0.59945911,-0.19519803,-0.37338471,-0.49270716,-0.061390191,0.45110494,-0.21161775,-0.25305122,-0.56734306,0.21252805,0.64133096,-0.91094327,0.18983419,0.33950692,-0.42850789,-0.1185303,-0.14650665,-1.2805219,-2.1408954,0.013437465,0.6894117,0.023442753,-0.075610012,0.80281842,0.098798439,0.43835571,0.33395416,-0.10092172,-0.69558346,0.22932094,0.14829384,-0.4490841,-0.53897727,0.29629338,0.23346457,1.3312659,-1.6114722,-0.050406434,1.4075779,1.6269433,0.51551032,-1.6851928,-0.51808131,-0.75041682,-0.49834552,0.084255189,0.22663423,0.92600071,0.4057543,0.57973182,0.18873692,0.28182441,0.7817232,0.5278579,0.95986021,-1.2392178,-0.11330825,-0.079244167,0.000341967,-0.34499395,-0.16883479,-1.7708136,0.38780314,0.018637206,-0.31417525,-0.091091648,0.24214065,0.17191768,-0.56358284,0.27194533,-0.27925903,0.54157645,-0.099085115,0.36489755,0.76109147,0.36952674,0.13712031,0.6580019,0.18082222,0.076607257,-0.83683378,0.34967625,-1.0891633,-0.10102701,0.85807961,-0.7130065,-0.52279913,0.57476032,0.15946802,-0.61124617,-1.083226,0.54134589,-0.55965185,-0.002611687,-1.7916193,0.14105558,-0.21887848,-0.68133944,-0.53040308,0.92977142,0.26805177,-1.9297451,-1.1276022,-0.54004002,-0.030600075,0.3582029,-0.22729617,0.076097034,0.33915719,0.29120332,-0.035653248,0.13508269,0.30413884,0.2651383,0.20778225,-0.12924081,0.30301121,-1.4211891,0.026389431,0.44280595,0.13351795,0.17609416,0.43339187,1.046231,-0.37609929,-0.80707967,-0.42451268,0.22860441,-1.9557015,0.5251292,0.29006475,0.44482261,-0.77380717,-1.4441977,0.5441075,-0.35317552,0.11017424,-0.21785326,-0.022853199,0.61638254,0.15003258,0.39463103,0.20100236,0.057031535,-0.39567807,-0.40516356,-2.2200363,-0.54504365,-1.0119615,0.046974268,-0.99123889,0.27509311,-0.11883792,-0.21830444,0.15132496,1
0.56812954,0.33062372,0.30006197,0.53746551,0.53962624,0.56074435,0.53909791,0.52467835,0.54047143,0.53300512,0.53393781,0.53172481,0.53184903,0.51465189,0.532956,0.5133903,0.52022672,0.55298972,0.53888601,0.50995135,0.5021553,0.51472306,0.5260433,0.51869154,0.51838613,0.52591252,0.53727353,0.53449893,0.51646143,0.52057832,0.51430118,0.51328158,0.50920916,0.51137805,0.52819997,0.48921162,0.49453473,0.51905787,0.5018844,0.52134126,-1.0655503,0.28143796,0.55258042,0.61427319,1.5589383,1.8335199,1.4676647,0.89054519,1.01837,1.821281,1.59993,1.3828597,0.42133528,-0.13741839,-0.36391905,-0.46579954,0.6582346,0.40526596,0.39140099,0.31838015,-1.1943634,0.010030128,-0.81886792,0.3762404,-0.76995021,-0.15980873,-0.27622679,0.72593403,-0.11001489,1.1359462,-0.18643849,0.1940506,-1.3423103,-0.28526807,-0.27368319,0.84612101,-1.1555719,0.63576198,0.18527822,-0.98800647,-0.093527824,-1.4946529,-0.64994866,0.50106078,0.80952829,0.49925709,-0.019543028,-1.9776058,0.75746834,0.12541004,-1.3199453,0.81047744,0.065217473,0.19011688,0.5138644,0.011979446,0.35014579,-0.20030554,0.10340352,0.66285247,-0.59467262,-1.1723182,-0.037400492,0.75467527,-0.35190472,0.22035934,0.078823514,-0.21083546,-0.11945121,-0.26046309,0.2736882,0.39466047,-0.23578066,-0.31010771,-0.50862414,0.23198056,0.59083211,-1.2537669,0.41962469,-1.0560766,-0.3930431,-1.9979529,-1.1262838,-0.25192937,-0.78493112,0.50987422,-0.38311833,0.10636646,-0.096178487,-0.21521991,-0.81400239,-0.76094043,0.28389913,-1.2213593,-0.34293079,0.021650881,-0.067373931,0.035286069,-0.36998779,-1.9784271,0.42692512,0.49476019,0.96920264,-0.244147,0.36827958,0.33339331,0.049417034,-0.35793167,-0.54875565,0.40860718,-0.60574937,0.10288307,0.48423171,-0.43789893,-0.76035744,0.1533249,-0.64570272,-0.39742294,0.42352009,-0.50620449,0.006586629,-0.73292094,0.86522806,0.78970581,0.25104836,-0.068781108,-1.8497034,0.72512943,0.17933246,-0.28157502,-0.038373269,-0.53931743,0.12670462,-0.18226561,-0.83931744,1.1972117,-0.81152761,0.17474602,0.3948383,-1.7010479,-0.074821882,0.16371885,-0.28344446,-0.34395099,-1.0057554,0.29344517,-0.057781577,0.43952894,0.86453378,-0.9035762,-0.23699516,0.059064236,0.010495568,0.034423053,0.15925373,0.096477687,-0.21721542,-1.5030264,-2.1182358,-0.75810182,0.29059261,0.906519,0.33753574,-0.46750817,-0.39546004,-0.12036741,1.2639512,0.25820115,0.10160763,-0.17196395,-0.34199286,0.99364936,0.24366957,0.30251172,1.7217755,-0.28704196,-2.4271786,-0.10034857,0.4332155,0.079828665,-0.063485846,-0.84806848,-0.08496052,-1.5873182,0.2096388,-1.1941509,0.22272938,0.15987957,-1.1190557,0.038290016,0.10262029,0.6653617,-0.1174399,-0.26577899,-2.738194,0.44771796,-0.79768264,-0.001825459,0.019303441,0.13265958,0.73078728,0.10139792,-0.06671387,0.62750649,-1.7320026,-0.96799326,-0.30332619,0.58486295,-0.3631008,0.055116594,0.12246213,0.23716807,-0.026029184,0.40183005,0.54891646,0.77451479,-0.96926671,-0.32919288,0.61722171,-0.25713944,0.11754864,-0.05034925,-0.34058225,-1.5001286,-0.52877474,0.18798688,-0.34946898,0.15150151,0.9304812,0.34995228,-0.54993367,0.18719026,-0.23498954,0.60537052,0.58785009,-0.41033337,0.097138718,1.7916417,0.16482663,0.2201848,-1.1204163,-0.28684527,-2.0923395,1.1568358,-1.4378324,-0.14154792,0.039787874,-1.5022967,-0.41442865,0.16470762,0.073416673,0.55284244,0.45975405,0.31572002,-2.1033747,1.1986704,0.091396831,1.3503802,-0.085118756,-1.3769302,0.10868788,-1.1784813,0.76240891,0.19289741,-0.81839067,0.42118573,-1.9606298,-1.456924,-1.3852811,-0.40636927,0.43383226,0.90914494,0.37529165,-1.1761053,1.0520343,-1.1365209,-0.18512736,0.31600088,-1.3922415,-0.28202555,0.025243027,0.59444726,0.012333252,0.16080809,-0.47217116,0.55930239,0.024025695,0.80352479,-0.023325922,-0.26007599,-0.70581508,0.53606838,1.0029964,-0.67275834,0.61869174,0.55724233,0.27859703,-0.76257026,0.55353022,0.16593929,-0.87499428,-0.76991105,0.15294963,0.090698183,0.037561268,0.72075909,-0.20719323,-0.44519734,-0.56871361,-0.039510671,0.40829745,-0.15606494,-0.077336729,-0.56432557,0.21564399,0.86670387,-1.1241676,0.1389716,0.41482592,-0.57111222,-0.077580333,0.049700975,-1.4274144,-2.2454875,-0.023080155,0.81342995,-0.030723676,-0.09785445,0.7900601,0.15985239,0.49313378,0.35343066,0.10075152,-0.65224373,0.24931182,0.10882935,-0.29498491,-0.51657748,0.34266567,0.2026377,1.4493724,-1.716198,0.040792011,1.4198304,1.7218928,0.61701882,-1.7409263,-0.48547649,-0.74969512,-0.44231418,0.020869458,0.20343676,0.95321083,0.53714883,0.43153161,0.22934492,0.21848507,0.97884446,0.56773192,1.0625079,-1.1975528,0.10860683,0.10698248,0.048785195,-0.4905194,-0.16458593,-1.7595708,0.40328455,-0.016309123,-0.30228761,-0.14467748,0.22247997,0.20535332,-0.61121595,0.26267299,-0.30985379,0.6596005,-0.090216078,0.44939485,0.93747884,0.40454751,0.14929162,0.73867786,-0.14298086,-0.001492273,-0.94093847,0.38327545,-1.03598,-0.009190485,0.86792052,-0.90903336,-0.40109575,0.62849939,0.23169687,-0.60971808,-1.203181,0.57454818,-0.62440461,-0.10014003,-1.9003285,0.20528361,-0.27222395,-0.64885014,-0.48581102,1.0898829,0.28276503,-1.9766806,-1.2344086,-0.52874851,0.012122601,0.41961554,-0.22986469,0.069114849,0.5128457,0.29077142,-0.03230451,0.17187953,0.24738595,0.39929879,0.029456124,-0.13529508,0.30971646,-1.6569874,0.003868863,0.47373322,0.17632508,0.21687379,0.47294599,1.3409517,-0.44448647,-0.96720231,-0.46260881,0.1968623,-2.1436384,0.52654326,0.39801466,0.476524,-0.8736822,-1.5456688,0.39657328,-0.54838294,0.17700589,-0.18695751,0.000377275,0.82062209,0.14793302,0.41204584,0.28577647,0.113199,-0.18322463,-0.50160372,-2.3289785,-0.70768714,-1.008445,0.10788561,-1.0810621,0.13482466,-0.11179255,-0.19971035,0.16601118,1
0.59529686,0.34697554,0.31678867,0.58261192,0.59079123,0.6035043,0.58697397,0.57949924,0.58779931,0.59875548,0.58378971,0.58235621,0.59002793,0.57999694,0.60178053,0.57751852,0.57117975,0.6047343,0.59020096,0.57365811,0.57866275,0.56906676,0.57441133,0.57553583,0.57697636,0.56905997,0.59497422,0.57350731,0.57745993,0.59070647,0.58280015,0.5843004,0.56780237,0.57170796,0.58277059,0.55196404,0.55484307,0.58123446,0.55610156,0.5587821,-0.99140441,0.31195363,0.56567127,0.62887537,1.6106241,1.8499181,1.5006135,0.92673707,1.0426875,1.8726668,1.6450077,1.422134,0.45845619,-0.16159731,-0.41870165,-0.46976304,0.68631721,0.40808782,0.34800649,0.31347048,-0.95682031,0.026856568,-0.81440747,0.43439111,-0.71201879,-0.18222883,-0.28086156,0.89335662,0.061311692,1.2411797,-0.15267922,0.20394963,-1.3255852,-0.31328779,-0.18253256,1.0104128,-1.1020544,0.60855025,0.082494497,-0.9794426,-0.099521443,-1.4585264,-0.60127437,0.41993162,0.95939434,0.56199509,0.018554829,-2.0000446,0.61088485,0.120666,-1.2441247,0.96172726,0.06049034,0.28105533,0.42750692,-0.046066359,0.38625383,-0.095880717,0.063822344,0.68111676,-0.65921152,-1.1062065,0.009917259,0.71211505,-0.48848939,0.22951624,0.028461158,-0.2236093,-0.047098763,-0.19747573,0.40906003,0.28823155,-0.20323028,-0.44236949,-0.34935221,0.049262643,0.44559073,-1.2967918,0.34618732,-0.88561487,-0.34283927,-1.9380589,-1.0414879,-0.3035244,-0.75130498,0.47033948,-0.4357242,0.15968786,-0.075022474,0.024524331,-0.9823581,-0.86202955,0.10885744,-1.2621084,-0.41336709,0.13818328,-0.058689937,0.47325975,-0.33700457,-1.8823317,0.4279117,0.51967466,0.94645178,-0.30779704,0.32419777,0.31394416,0.017279714,-0.20890723,-0.63763058,0.5169009,-0.83776391,-0.004427224,0.47245574,-0.45735615,-0.76355559,0.28034374,-0.55506665,-0.36807817,0.32933226,-0.41416764,0.019950658,-0.73230147,0.94951248,0.61755323,0.36106876,0.003010321,-1.7471485,0.6235745,0.15183769,-0.29496813,-0.022496294,-0.5415588,0.13278596,-0.31706542,-0.84846163,1.1693845,-0.86952996,0.085287452,0.25684929,-1.5950652,-0.18225782,0.17633511,-0.30350935,-0.35661358,-1.0325117,0.25967872,-0.13077322,0.30442113,0.68413073,-0.89224559,-0.12844494,0.1089821,0.23004064,-0.079292968,0.32639548,0.045383289,-0.11760359,-1.4512564,-2.0548306,-0.71094567,0.19940612,0.90930128,0.4387933,-0.35316396,-0.39879665,-0.11155388,1.0582582,-0.23263487,0.092183009,-0.062811702,-0.18821701,1.021194,0.20527282,0.32091436,1.8872128,-0.29370937,-2.4228547,-0.082064077,0.48125994,0.12574449,-0.19884026,-0.83052886,-0.090173557,-1.4556922,0.22443545,-0.95105022,0.16162094,0.059844591,-1.0872091,0.15892956,0.15719809,0.62946951,-0.11610612,0.009116173,-2.5131776,0.41342148,-0.94103789,-0.05310037,0.14437346,0.22442235,0.72203398,0.16389936,-0.099006414,0.50621974,-1.5257499,-0.94884193,0.13900012,0.55453527,-0.4005239,-0.034993127,0.018870294,0.24917914,0.046057895,0.5335114,0.54676437,0.74653614,-1.0408429,-0.33452588,0.57208604,-0.19075111,0.075526431,0.072529644,-0.35325098,-1.5326954,-0.45104998,0.17526062,-0.50943452,0.22107226,0.79382384,0.28710204,-0.51248735,0.23041686,-0.29233539,0.65298599,0.41213167,-0.57705152,0.087443829,1.6992455,0.089394696,0.24868678,-1.0398316,-0.27931422,-2.0629885,1.1143559,-1.3946874,0.018296152,0.047853753,-1.4590213,-0.44568175,0.025783569,-0.025183484,0.4584296,0.58395511,0.58076763,-2.0319664,1.1205144,0.27713615,1.2220768,-0.20077004,-1.4089534,0.15398028,-1.1109519,0.83309841,0.62989688,-0.88057595,0.37486133,-1.9176836,-1.3122408,-1.3989277,-0.38736814,0.36081585,0.88240647,0.32176679,-1.1957295,0.96017349,-1.0178536,-0.18327206,0.2843065,-1.3569263,-0.16693668,0.015423491,0.43530759,0.14617074,0.19576076,-0.43578881,0.5507524,0.044593751,0.65666288,0.12110265,-0.27544507,-0.75377733,0.48564023,1.0925769,-0.74526852,0.75070095,0.59519178,0.32001489,-0.81790817,0.58739173,0.13549945,-0.90092862,-0.83173764,0.10388394,-0.012099594,0.001648858,0.86828154,-0.20719577,-0.48019639,-0.61144304,-0.021592921,0.45275629,-0.16927795,-0.061018221,-0.56292945,0.16181387,0.83878005,-1.1025065,0.15470842,0.32662696,-0.53707707,-0.071130112,0.074791938,-1.299265,-2.0869367,-0.040006146,0.71917021,-0.02292034,-0.052456737,0.85846853,0.22613795,0.43960866,0.35313475,-0.03848502,-0.61389506,0.22530006,0.069363832,-0.32403189,-0.30776775,0.32324231,0.20805266,1.33145,-1.7021575,-0.088786766,1.4164016,1.6793267,0.6630671,-1.7919405,-0.57798421,-0.60195291,-0.47678852,0.037260152,0.33050454,1.0073322,0.43322265,0.52694714,0.29373622,0.28386146,0.77128285,0.46734864,1.1719747,-1.1687083,0.25295237,0.050644964,-0.000399381,-0.36394885,-0.17493336,-1.808069,0.42116627,0.014047837,-0.3533389,-0.34047389,0.18473679,0.11179468,-0.5507918,0.36166212,-0.34346205,0.49819183,-0.049467623,0.14813751,1.0333219,0.31713173,0.12022121,0.70425034,0.38863158,0.082677707,-0.96436149,0.32604375,-1.0816921,0.026220158,0.92886543,-0.78243291,-0.33644056,0.64046592,0.33694303,-0.6438908,-1.1257688,0.61518729,-0.49193114,0.14883366,-1.9793383,0.15767935,-0.4115625,-0.71442914,-0.60764498,1.1887078,0.28764266,-1.8910573,-1.2323642,-0.60042179,-0.044163711,0.41225657,-0.34565765,0.073918805,0.28294301,0.31337583,-0.08393155,0.12145646,0.26887864,0.32759288,0.19709355,-0.15935147,0.1694099,-1.5453162,-0.073830798,0.43501705,0.17456134,0.19196953,0.64327431,1.3052698,-0.41997176,-0.8828519,-0.45021802,0.091279365,-2.1028464,0.52325284,0.27620351,0.46420059,-0.92203164,-1.5130539,0.42770696,-0.43719816,0.2747995,-0.09414614,-0.024694327,0.45019352,0.056682747,0.430345,0.13763028,0.11781249,-0.4094193,-0.47353414,-2.2260005,-0.61847937,-1.0249803,0.070911258,-1.0361512,0.056891158,-0.10975534,-0.22504325,0.17411998,1
0.48373878,0.23988715,0.19442204,0.4861623,0.47854277,0.4925589,0.48978096,0.48253596,0.49262685,0.48734111,0.49411783,0.48657143,0.48715186,0.4766075,0.49548602,0.48112032,0.48519468,0.50878036,0.49032634,0.47586507,0.47651184,0.4824295,0.47272083,0.48358178,0.49194378,0.46786091,0.48011631,0.46881205,0.47736007,0.48746744,0.46766776,0.47567749,0.46553457,0.46703896,0.47526735,0.46291506,0.45105043,0.48362106,0.44971567,0.4544605,-0.86966914,0.18302138,0.43816543,0.54622203,1.5079782,1.7322621,1.3932779,0.81560194,0.91308326,1.7632806,1.5455151,1.3125539,0.37112534,-0.15071324,-0.18353932,-0.45601785,0.59486955,0.32160029,0.29493478,0.26366892,-0.88019776,0.031169325,-0.62101912,0.29738364,-0.64459586,-0.16168378,-0.29627448,0.65500939,-0.10227427,1.0946037,-0.21278368,0.18196158,-1.1368182,-0.25813344,-0.23187545,0.7551465,-0.96948856,0.53455108,0.18040363,-0.93318188,-0.12720457,-1.3202441,-0.53846139,0.48579028,0.81452847,0.49648315,-0.049547367,-1.8801168,0.73934251,0.098793596,-1.2121396,0.7140277,0.031468157,0.25196719,0.54921037,-0.03075473,0.29341638,-0.24161826,0.077973843,0.64234519,-0.42361036,-1.0016365,-0.051107757,0.65107322,-0.42848709,0.21276018,-0.085281014,-0.20113827,0.081017837,-0.17801943,0.24517888,0.44996589,-0.18892419,-0.47957984,-0.45688549,0.29503435,0.50254399,-1.1745851,0.43784443,-0.92884725,-0.34643623,-1.71443,-0.9810555,-0.31333691,-0.74571955,0.25682938,-0.34564775,0.13260348,-0.13522756,-0.10637382,-0.8437528,-0.61261415,0.31382754,-1.1193063,-0.42773542,0.008659542,-0.002975047,0.11305743,-0.41108602,-1.724227,0.5423826,0.40142012,0.87333357,-0.21774176,0.41438249,0.23378511,0.00840003,-0.16992898,-0.52730548,0.49591577,-0.38670361,0.048064202,0.37581715,-0.39350301,-0.71757704,0.11734459,-0.56800973,-0.50163782,0.3965269,-0.54446793,-0.005220641,-0.56130892,0.79068249,0.64448607,0.18200837,-0.12245177,-1.6575825,0.74892229,0.029056609,-0.20533049,-0.081869274,-0.51197851,0.013650408,-0.23092565,-0.70023954,1.139729,-0.78429574,0.12356795,0.41292289,-1.7126895,-0.13133585,0.11675718,-0.26203737,-0.32785511,-0.96315974,0.26297182,-0.006385505,0.24494165,0.70665127,-0.7698766,-0.14701512,0.063335121,0.008076682,0.095798597,0.24221183,0.052691922,-0.077384867,-1.3278906,-1.8175952,-0.63894653,0.27525279,0.80621386,0.16733012,-0.30899465,-0.41823161,-0.10398328,1.1106541,-0.051866293,0.18026212,-0.2739082,-0.2065762,1.0391952,0.16968194,0.24725282,1.9837277,-0.26077062,-2.5011601,-0.029605765,0.33647147,0.076142997,-0.2354648,-0.86446959,0.080854043,-1.4224095,0.20542818,-1.068915,0.41168094,-0.005563654,-0.9484902,0.058178924,0.11012897,0.70560408,-0.091193311,-0.13255279,-2.4959183,0.45337909,-0.75319004,-0.064695418,0.074670553,0.37794554,0.61649162,0.25475717,-0.031299055,0.66344136,-1.5660549,-0.77960801,-0.28903556,0.43991935,-0.40667665,0.052770615,0.10457022,0.25249827,0.035858586,0.40656143,0.48086694,0.7737419,-0.9872908,-0.33345386,0.53296053,-0.28263363,0.13598947,-0.075515419,-0.29539835,-1.2867219,-0.37112293,0.15347901,-0.41382575,0.23422369,0.97407544,0.26073596,-0.47347343,0.2300339,-0.34001327,0.48839396,0.52892059,-0.4300544,-0.038372837,1.530731,0.13733789,0.22997971,-0.99813581,-0.19883239,-1.8479036,1.0509063,-1.3771831,-0.15198566,0.009989291,-1.4665818,-0.19872795,0.15320265,-0.083539993,0.53122693,0.37487322,0.66004497,-1.8939285,1.0259317,0.24701114,1.2532748,-0.062210053,-1.1413586,0.082754895,-0.94534731,0.77373886,0.12639675,-0.76166117,0.40418071,-1.8378091,-1.4386016,-1.360103,-0.35950571,0.3630603,0.48432982,0.23463187,-1.0619023,0.86501247,-0.9831686,-0.12234753,0.31203791,-1.2297355,-0.12457428,-0.042528503,0.62397647,0.09582828,0.21225581,-0.33067721,0.69556904,0.017817702,0.72168159,0.011521325,-0.23412685,-0.70699841,0.44548532,0.953704,-0.68451798,0.6362384,0.52697521,0.35512894,-0.72395229,0.77737635,0.35345533,-0.88391286,-0.75117695,0.080602348,0.081686042,0.11763792,0.7099781,-0.19931282,-0.38874906,-0.45696276,-0.020953346,0.43633825,-0.2540153,-0.082050391,-0.43137378,0.11235163,0.81696653,-0.98459858,0.085227698,0.29885465,-0.48358095,-0.13371903,-0.23504728,-1.3979963,-2.0770154,-0.062712789,0.60729241,0.027259737,-0.11865546,0.78563625,0.18964349,0.42859623,0.3090114,0.002223283,-0.62915093,0.22041599,0.060056806,-0.31895292,-0.13480708,0.25564146,0.23901474,1.2661722,-1.5138309,-0.15397082,1.5711277,1.4624838,0.65695834,-1.5250961,-0.39155975,-0.58942306,-0.39337596,0.15555315,0.25374213,0.96551448,0.60297203,0.50636506,0.26988816,0.17967981,0.80320925,0.57081777,1.0846077,-1.0576321,0.035276294,0.1359829,-0.073550329,-0.43579739,-0.15003285,-1.7485816,0.35669732,-0.021165751,-0.33954275,-0.27700028,0.24445759,0.061101794,-0.50366825,0.27372968,-0.3287029,0.35314429,-0.14852919,0.45568454,1.1190538,0.35128313,0.15074429,0.64268357,0.32826832,0.004724356,-0.9003436,0.34664229,-0.88835496,0.22532913,0.90310276,-0.69504631,-0.48087537,0.52167851,0.24620803,-0.68703437,-1.0828429,0.67646116,-0.6451745,-0.009323038,-1.8569901,0.1754854,-0.28732938,-0.74607527,-0.58613849,0.9411099,0.27719167,-1.9127889,-1.2302661,-0.43269587,0.016008044,0.36241567,-0.087790594,0.082487598,0.37682724,0.24417354,-0.067430928,0.13913481,0.30008686,0.38545996,0.14620478,0.083916523,0.26397657,-1.4161931,-0.037253968,0.52546006,0.15400466,0.16844258,0.52102757,1.2353473,-0.36304,-0.7799021,-0.4565838,0.12364408,-1.9987997,0.40734041,0.19582683,0.40369332,-0.79655915,-1.4853342,0.38494635,-0.442945,0.14539739,-0.097541302,0.14963722,0.66163778,0.043956108,0.37764436,0.26774353,0.041893434,-0.36982891,-0.37560716,-2.106775,-0.66084707,-1.0683643,0.077729627,-0.97929716,0.025672376,-0.015856132,-0.32150489,0.055233546,1
0.54567826,0.2767725,0.23724912,0.55705273,0.55359352,0.55689847,0.54066062,0.54019308,0.54940248,0.56104141,0.55463541,0.56009889,0.54988027,0.54250288,0.5585379,0.54151613,0.55689764,0.57039171,0.56474644,0.5598563,0.53783989,0.55600518,0.54238278,0.55969942,0.55261713,0.54737306,0.54692191,0.54736209,0.54674411,0.55471873,0.54114044,0.55374706,0.53300667,0.54498696,0.55573964,0.53756112,0.54662263,0.55769742,0.51758695,0.53497463,-0.90227491,0.22881344,0.44902241,0.56389886,1.5472909,1.7995427,1.4052644,0.82503283,0.94447112,1.7766616,1.5733848,1.3203779,0.36619186,-0.099771127,-0.46484113,-0.46895838,0.62713611,0.35707051,0.32783899,0.31513748,-0.86720765,0.055336047,-0.6850242,0.27897426,-0.77139992,-0.10014779,-0.17836487,0.63236386,-0.034891188,0.93075299,-0.16623311,0.19221239,-1.2144623,-0.24394926,-0.25471538,0.89981216,-1.1397283,0.52505159,0.093225539,-0.96633589,-0.12301433,-1.3191655,-0.47949094,0.40698838,0.85463023,0.47574264,-0.010874652,-1.9412297,0.47488683,0.12258397,-1.1199791,0.88456643,0.092317641,0.20341007,0.53478688,0.32955617,0.38173276,-0.15213522,0.081394859,0.6493485,-0.77281499,-0.98678976,-0.012222528,0.75091684,-0.45501611,0.20872629,0.12697221,-0.092409119,-0.065426283,-0.18831187,0.17068437,0.51020741,-0.23952533,-0.43618658,-0.3909063,0.26812488,0.2332411,-1.2109603,0.36516383,-0.97833443,-0.26813751,-1.7239363,-0.90670085,-0.37879547,-0.74880034,0.39213771,-0.42377529,0.14155068,-0.075294301,0.015378177,-0.91939139,-0.77008849,0.062575921,-1.155082,-0.5363071,0.032449976,-0.10715793,0.21923363,-0.30733335,-1.679835,0.35934973,0.44953889,0.87833345,-0.29559517,0.41236982,0.37178996,0.042319294,-0.11909258,-0.69329381,0.35803097,-0.63223827,-0.071186692,0.40155053,-0.39781821,-0.67579818,0.22029185,-0.56187695,-0.49088559,0.35653785,-0.4678458,-0.040319793,-0.73985171,0.75915325,0.62164837,0.17111978,0.050171699,-1.5568795,0.28023612,0.05971241,-0.1971079,-0.048030302,-0.46834478,0.13515554,-0.28942528,-0.64661819,1.0806131,-0.77448547,0.13821204,0.29912436,-1.7961007,-0.1339196,0.096062779,-0.38327637,-0.21821293,-0.92314893,0.12368444,-0.13883734,0.30239347,0.74586678,-0.9019084,-0.12647818,0.057917345,0.10914671,-0.022421703,0.26279804,0.07219284,-0.27096879,-1.3769658,-1.8583233,-0.75876522,0.22639197,0.57285887,0.3639816,-0.39687318,-0.38434425,-0.11259753,1.3406678,-0.13984422,0.11945506,-0.16143912,-0.13122569,0.88770247,0.1828993,0.25883052,1.3050457,-0.26658231,-2.5016987,-0.095542684,0.23678523,0.14529072,-0.2027292,-0.774423,-0.064432457,-1.3760307,0.14355162,-1.1840847,0.26724297,0.22841898,-1.0642724,0.092663057,0.018543988,0.63616645,-0.15899935,-0.080244079,-2.3289154,0.43022779,-0.6926232,-0.015217856,0.25193161,-0.056028157,0.68922627,0.13909039,-0.074739233,0.53592318,-1.2760099,-0.71794575,-0.30172765,0.3811298,-0.47944859,0.00799413,0.21115842,0.16232488,-0.028394595,0.44021916,0.40448222,0.76215625,-1.0257196,-0.28825137,0.36217108,-0.2032207,0.10056092,-0.06619978,-0.31379306,-1.2893769,-0.36712462,0.18000729,-0.45465344,0.057784855,0.79059136,0.34193176,-0.51181805,0.20125699,-0.25117153,0.51763815,0.32068801,-0.43042243,0.018540598,1.7212518,0.15857008,0.1497229,-0.88495016,-0.17942312,-1.8801606,1.1138545,-1.1275729,-0.19165273,-0.050634891,-1.3618163,-0.4563956,0.24642503,0.24942419,0.57154185,0.44143152,0.44488707,-1.7703404,1.1243558,0.030851454,1.0999336,-0.12289913,-1.1547486,0.15513551,-1.0776161,0.72118312,0.29695654,-0.84298146,0.17964172,-1.7852355,-1.2711008,-1.2501905,-0.25801593,0.4102686,0.53826606,0.26928169,-1.0818046,0.83315724,-0.88355339,-0.07194256,0.29547599,-1.3269091,-0.19049184,-0.01066422,0.58771336,0.33168307,0.22646305,-0.37375277,0.57383502,0.056586184,0.84082901,0.094370693,-0.30706188,-0.97079128,0.48228604,0.97490937,-0.78855675,0.55105901,0.53240323,0.27450764,-0.66590184,0.13877439,0.009542406,-0.74735469,-0.55088234,0.12870304,0.056697369,0.0243655,0.65421629,-0.1035088,-0.47944176,-0.48441347,0.031634659,0.24193481,-0.2166452,-0.12733597,-0.49635315,0.17579335,0.75987649,-0.88954496,0.16283321,0.4023847,-0.54365671,-0.071234502,-0.27999085,-1.2292233,-2.0643282,-0.019544631,0.69049567,0.017733663,-0.10502385,0.83979166,0.19525768,0.45287496,0.32987386,0.022146195,-0.6790517,0.23212719,0.063090973,-0.43027222,-0.41867393,0.29026324,0.17596553,1.3413541,-1.4602296,-0.028241742,1.374485,1.8262899,0.51939768,-1.663888,-0.47690487,-0.59056121,-0.42524311,0.075965568,0.24807711,0.89419895,0.23276448,0.47149524,0.22730795,0.27580506,0.7624265,0.49466786,0.92670745,-1.2269881,-0.10084409,-0.039017379,-0.032282293,-0.32472059,-0.17608456,-1.7398971,0.40736488,-0.019106135,-0.35889068,-0.16239607,0.095437437,0.14037946,-0.49234807,0.28871277,-0.24161346,0.45097411,-0.20440465,0.090662777,0.73182058,0.25336048,0.17812036,0.70637172,0.20878589,-0.011447304,-0.85553724,0.35912153,-1.0530204,-0.12930244,0.70930469,-0.84166151,-0.45990583,0.61406904,0.13159204,-0.65766072,-1.1350824,0.55822563,-0.64320201,0.12895936,-1.8477454,0.14701433,-0.32605004,-0.65618205,-0.67559087,0.8889395,0.26774135,-1.9934131,-1.2610571,-0.46664846,0.007516418,0.38268071,-0.11403535,0.12504227,0.33275756,0.28864479,-0.002901018,0.058612466,0.3363761,0.26117024,0.012111068,-0.016857281,0.20959114,-1.4227749,0.016970363,0.41720301,0.13889058,0.20627101,0.53568935,1.3747042,-0.37402028,-0.78970927,-0.42080426,0.17272073,-2.0044012,0.55090976,0.12023506,0.44847009,-0.86990875,-1.6322697,0.37562221,-0.43402401,0.49764001,-0.13618356,0.12634036,0.93391919,0.11631511,0.36484668,0.15740171,0.074382909,-0.32073364,-0.28559104,-2.1276982,-0.61831379,-0.91029155,0.11924446,-0.96053803,0.20010349,-0.02735278,-0.15199971,0.16932428,1
0.56070817,0.30221844,0.26976717,0.54465628,0.53559661,0.56358212,0.52863932,0.53800768,0.55375403,0.55452609,0.54853761,0.54342389,0.53738511,0.53709018,0.55849779,0.5434233,0.54212832,0.56929225,0.55356598,0.53775162,0.52208388,0.5350337,0.53042793,0.53972197,0.54536086,0.53800023,0.54651785,0.53491592,0.53953063,0.54296708,0.53702068,0.544034,0.52327639,0.53983307,0.54322219,0.52364862,0.53357136,0.53505337,0.50932372,0.53297639,-1.089753,0.25740355,0.59596294,0.62869787,1.5933698,1.9011416,1.5352263,0.94161159,1.0683451,1.8796051,1.6386602,1.4386491,0.44100523,-0.18566449,-0.43675405,-0.53652167,0.77885187,0.43593809,0.43490332,0.3940666,-1.1275185,0.050447058,-0.79200459,0.34235415,-0.95641196,0.02846238,-0.26136982,0.7216171,0.074258,1.1740142,-0.19573088,0.23819722,-1.4301856,-0.28748041,-0.26902851,1.1039927,-1.3569108,0.65851498,0.13967496,-1.0846843,-0.046819352,-1.4475168,-0.66909355,0.38257915,0.98143411,0.63252348,-0.04098257,-2.076503,0.63333505,0.19603577,-1.3538212,0.80167776,0.045975368,0.05440164,0.64059579,0.010198578,0.39930266,-0.14283425,0.079106316,0.73631346,-0.93530715,-1.1577358,-0.004736342,0.79750472,-0.41983125,0.25123769,0.32488012,-0.17967819,-0.077744715,-0.24429998,0.33576739,0.4995493,-0.24710435,-0.43307793,-0.57373017,0.21201986,0.3597765,-1.2642248,0.41135406,-1.3385465,-0.39776921,-2.0236182,-0.93534935,-0.26119661,-0.79998457,0.34349766,-0.47391316,0.27228034,-0.077342868,0.10367544,-0.92303193,-0.87804735,-0.10111776,-1.2477534,-0.32019371,-0.004642487,-0.075156808,0.26789668,-0.39629951,-1.8408867,0.39445269,0.57525408,1.0279043,-0.33716998,0.4576987,0.43367603,0.038130119,-0.51822054,-0.71465755,0.37952018,-0.64222497,-0.22876236,0.49034172,-0.41505331,-0.84356916,0.20885614,-0.57995898,-0.61193156,0.36353189,-0.48045975,0.043544419,-0.91858923,0.81085223,0.7671566,0.21870477,-0.10421883,-1.9035264,0.44504949,0.018397391,-0.27827913,-0.12144466,-0.54534709,0.16124175,-0.22887832,-0.86323214,1.1324639,-0.87764645,0.16337661,0.40567175,-1.7492766,-0.18262762,0.3189047,-0.26335579,-0.31341648,-1.054422,0.47176754,-0.12028316,0.38867068,0.85628617,-0.92620575,-0.082656711,0.068747729,0.009917822,0.073559612,0.28362644,0.1108111,-0.31740662,-1.4640968,-2.1528168,-0.93901652,0.30065307,0.75701153,0.26294845,-0.50250316,-0.44253644,-0.00908266,1.4239011,-0.10075346,0.082774326,-0.18508625,-0.16019748,1.0008619,0.25267503,0.37025616,1.0119839,-0.18631168,-2.6097732,-0.1034805,0.27177763,0.13272294,-0.10608588,-0.68869841,-0.023690835,-1.5503302,0.20867723,-1.2572668,0.17600313,0.21673469,-1.0737569,0.06426394,0.34130824,0.54337817,-0.15487394,-0.65580624,-2.6592748,0.42384186,-0.96128345,0.012953065,0.16230308,0.039685652,0.67346561,0.21540156,-0.14049062,0.58748603,-1.5165832,-1.0312406,-0.38975304,0.53044641,-0.50384504,0.080392137,0.085206807,0.31824601,0.077433079,0.54938626,0.45391896,0.8983866,-1.1523464,-0.34015343,0.59486711,-0.19114849,0.1837102,-0.14302328,-0.19184077,-1.4625977,-0.42427218,0.18623742,-0.52492642,0.14165416,0.93070728,0.43680668,-0.64138037,0.23302113,-0.37256902,0.5061658,0.42560017,-0.48151624,0.042965915,2.0384653,0.12859114,0.36108935,-0.89836919,-0.25391322,-2.1278136,1.2317767,-1.2042212,-0.097547859,-0.18906431,-1.90172,-0.59572715,0.2488755,0.006084517,0.44724053,0.59002584,0.33570722,-2.0381527,1.1722944,0.16669793,1.2659508,-0.16896686,-1.414126,0.064450115,-1.1522949,0.65946603,0.083801657,-1.0394818,0.26915053,-1.89388,-1.6249101,-1.4304163,-0.43246013,0.37896511,0.42098513,0.38686728,-1.0571527,0.90226609,-1.1331698,-0.22985549,0.39424548,-1.2532527,-0.18557514,0.10333476,0.58654112,0.17383675,0.30659792,-0.37001738,0.6410929,0.033037268,0.66754955,-0.000706427,-0.24320708,-0.84316725,0.52962089,1.1468394,-0.75267178,0.62509507,0.60420227,0.31263751,-0.75803566,0.56313759,0.062983096,-0.87468314,-0.715909,0.096386716,-0.016196951,0.026687726,0.77113926,-0.16620816,-0.54331267,-0.55473953,0.008901678,0.46155414,-0.13686714,-0.23050311,-0.45473915,0.25987321,0.92871058,-1.051333,0.13238603,0.35750568,-0.68265241,-0.048663873,-0.34005326,-1.3279035,-2.3046525,-0.30839443,0.82850188,0.061079025,-0.13080569,0.79832959,0.28576282,0.54226661,0.37478191,-0.11577963,-0.61168253,0.28473991,0.12844267,-0.39896205,-0.61053109,0.30554298,0.21653312,1.3395646,-1.7449187,-0.17938022,1.5917473,1.9623579,0.51544487,-1.7964536,-0.3703683,-0.49313319,-0.34982657,-0.013741061,0.19312134,0.9445048,0.085237145,0.65130413,0.16601694,0.29207754,0.85474092,0.66566783,0.95969105,-1.1891954,0.17812052,-0.039730042,0.034582742,-0.29092073,-0.046889246,-2.0252538,0.47293985,0.049879577,-0.38512439,-0.19238606,0.19600615,0.12926766,-0.41169283,0.32614976,-0.31163293,0.35405731,-0.041956596,0.34200132,0.95946401,0.33482373,0.14851585,0.76759613,-0.017096989,-0.053436387,-1.0333034,0.33457774,-1.1219153,-0.092257887,0.84936386,-0.99087614,-0.33292288,0.59758991,0.27648628,-0.53099746,-1.2246283,0.66998887,-0.72562462,0.27537298,-1.9185121,0.34977102,-0.3133333,-0.95395648,-0.70239878,1.0363275,0.42326653,-2.131305,-1.3474612,-0.49021044,0.014880795,0.31428653,-0.11725186,0.12668529,0.35383287,0.34477076,-0.090993144,0.27978915,0.38663986,0.29486182,0.093877569,-0.40703475,0.31320071,-1.6732187,0.18460159,0.45836765,0.14836194,0.19952704,0.64153022,1.2237222,-0.37802765,-0.81943846,-0.45288122,0.17732748,-2.215409,0.59599686,0.35172534,0.52591199,-0.91774297,-1.4904035,0.38946557,-0.59975219,0.44552898,-0.173078,0.005847283,0.65655303,0.14302407,0.44105476,0.27344978,0.1161157,-0.21874169,-0.33849293,-2.482444,-0.72440499,-0.98824888,0.12932685,-1.0378566,0.40833622,-0.014939606,-0.26610452,0.1937979,1
0.50155962,0.24499422,0.22854006,0.50059086,0.50482649,0.51735061,0.50410056,0.48651177,0.49884588,0.49387401,0.50326073,0.49369389,0.50030851,0.47433466,0.51451129,0.48736185,0.48612285,0.52167922,0.49996752,0.48630601,0.48349506,0.49315858,0.47797608,0.48275343,0.48744053,0.48831517,0.49951816,0.49297446,0.48937792,0.49649426,0.48878652,0.48552132,0.47613341,0.47755432,0.49057692,0.47833958,0.4766776,0.48882174,0.47138602,0.48093581,-0.942191,0.22153716,0.41459394,0.5146085,1.4584539,1.7687813,1.3380717,0.77341306,0.88828897,1.7111244,1.4969172,1.2648923,0.3898502,-0.1371869,-0.34084782,-0.45588541,0.58915484,0.33865905,0.32091108,0.324415,-1.1818281,0.045650788,-0.74776858,0.3568252,-0.73082662,-0.044095602,-0.30567774,0.75176454,-0.07088694,1.125608,-0.1603512,0.1747959,-1.2146406,-0.28179994,-0.22160722,0.97796047,-1.0902722,0.53699422,0.13662438,-0.9384948,-0.1373897,-1.4876797,-0.55077344,0.47819892,0.74809462,0.50273061,-0.009442324,-1.9000771,0.71903938,0.11367892,-1.1848572,0.69987804,0.043989774,0.10485349,0.43002111,-0.056717157,0.4534325,-0.16959897,0.11601564,0.67582846,-0.52322507,-0.98422861,-0.010482967,0.67162251,-0.47373945,0.23355384,-0.1201855,-0.1961838,-0.0752891,-0.17943856,0.28869271,0.3666904,-0.20171449,-0.20043224,-0.47456306,0.074886411,0.32438967,-1.1729004,0.37867174,-1.184194,-0.32875669,-1.8028479,-0.93008673,-0.32672006,-0.72652483,0.33761042,-0.34681368,0.16056487,-0.052762993,-0.13978541,-0.76224452,-0.85095555,0.16165435,-1.1484834,-0.36351001,0.11798382,-0.025950626,-0.05276531,-0.34491163,-1.7415825,0.62056291,0.47275448,0.86654532,-0.27377927,0.392225,0.44612196,0.061620194,-0.4515146,-0.5948121,0.36400527,-0.67346311,0.12198041,0.42815065,-0.35769236,-0.71551985,0.22269824,-0.51152998,-0.35531649,0.35724294,-0.51446593,0.030573256,-0.73100144,0.86023998,0.83171237,0.23172179,0.000195155,-1.6286364,0.64716768,0.072638482,-0.310597,-0.10988039,-0.48895583,0.1535053,-0.23069409,-0.76635981,1.0505898,-0.83850944,0.15251361,0.3941654,-1.4255116,-0.10854746,0.1665958,-0.21459702,-0.427356,-1.0334466,0.30676651,-0.1182794,0.25505111,0.81768072,-0.87315208,-0.1508738,0.085594431,0.064755507,0.01865676,-0.014693111,0.070692278,-0.14062424,-1.320435,-1.8860214,-0.72625113,0.23380484,0.7210024,0.27459317,-0.36226729,-0.35104477,-0.095885321,1.2902013,-0.20887673,0.13191682,-0.17592043,-0.16566297,0.77638739,0.18505462,0.29798597,1.3773279,-0.2406618,-2.2116196,-0.11230579,0.41066873,0.10576358,-0.3707405,-0.80352151,-0.091086604,-1.3533345,0.18885961,-1.0794696,0.12319571,0.16799143,-1.0195892,0.17163175,-0.026575536,0.61406422,-0.1358304,-0.12494461,-2.3940389,0.38857815,-0.82419372,-0.11701132,0.096996009,0.09330947,0.69832647,0.15886988,-0.15658967,0.64219856,-1.4203582,-0.91509926,-0.33251786,0.49426425,-0.38401788,0.028921537,0.070425302,0.19771084,0.038361203,0.41985908,0.49653679,0.64297915,-0.90704012,0.20789921,0.51068217,-0.19763285,0.11208045,-0.10835977,-0.33815068,-1.4104168,-0.45566851,0.20716506,-0.32710886,0.19593465,0.84913623,0.36362126,-0.5056597,0.25153327,-0.26888162,0.61295176,0.46537715,-0.48051819,-0.010570854,1.6997843,0.31197247,0.19371116,-1.0135179,-0.16913401,-1.8975302,1.1412777,-1.3475128,-0.094808668,-0.063253403,-1.3886241,-0.39328504,0.18985265,0.004302561,0.38266063,0.44098899,0.36745375,-1.8488425,1.10219,0.17520067,1.3032622,-0.15707219,-1.2788714,0.063034818,-1.0014427,0.64355922,0.14322285,-0.82312804,0.2989001,-1.8079679,-1.2949225,-1.3262211,-0.35299474,0.38424319,0.77470553,0.27219504,-1.0437613,0.89660811,-0.92361712,-0.16534486,0.2626918,-1.1769924,-0.20973766,0.032209981,0.56816071,0.16695639,0.22762491,-0.4000673,0.57052743,0.033929598,0.77012044,0.046807185,-0.22586899,-0.7953102,0.4343192,1.0339411,-0.59180087,0.59882468,0.51661313,0.37711418,-0.74052036,0.5842883,0.21218595,-0.85256022,-0.71058232,0.095437743,0.012182459,0.051185757,0.66537333,-0.21899246,-0.43906334,-0.48641172,-0.1213319,0.49845222,-0.16157298,-0.13921699,-0.47226635,0.11567806,0.78632033,-0.85427302,0.1421275,0.57493603,-0.48859942,-0.013717962,-0.12653063,-1.2610377,-1.9950293,-0.024037227,0.66555989,0.079254322,-0.050490648,0.75908077,0.20195748,0.4578706,0.30313313,-0.076748088,-0.6565969,0.17628546,0.21602492,-0.38694924,-0.52146393,0.28207475,0.23835084,1.271879,-1.5013826,-0.11012717,1.4120091,1.6242162,0.52545673,-1.6460391,-0.42000484,-0.59473658,-0.4407357,0.06383241,0.31741393,0.86808538,0.50525057,0.48687035,0.19439799,0.23780729,0.95012015,0.52982104,1.0293481,-1.056458,0.1122676,0.010900795,-0.059316501,-0.35578063,-0.1676266,-1.6596062,0.36801389,0.030606927,-0.38695002,-0.20914361,0.27922168,0.099507868,-0.60598749,0.27323392,-0.31574368,0.45086795,-0.083275326,0.44959199,0.87299132,0.29430157,0.16291916,0.70833421,0.42517886,0.12226877,-0.88610989,0.29837146,-1.0317299,-0.14465585,0.84635836,-0.77066499,-0.44256005,0.59135759,0.27688307,-0.6258195,-1.1312892,0.5715493,-0.58153528,0.053206552,-1.9325149,0.21214327,-0.3442322,-0.69006896,-0.70429838,1.062192,0.30761623,-1.8512958,-1.1479706,-0.47895563,0.022184309,0.38829952,-0.23897266,0.077299282,0.33578449,0.27108577,-0.084209047,0.20720981,0.33519652,0.31174088,0.161364,-0.17426005,0.33496138,-1.5219762,-0.07615748,0.55966496,0.18690941,0.16890839,0.55272353,1.2201037,-0.37172398,-0.73755777,-0.44055569,0.27548969,-1.9035416,0.45620975,0.1895192,0.46227467,-0.81904089,-1.437372,0.49605361,-0.43197966,0.22701603,-0.12519479,0.012340434,0.65179211,0.068204574,0.42160219,0.26685625,0.07508935,-0.25790411,-0.46144071,-2.1703281,-0.64269167,-1.0371019,0.083026856,-0.9785428,0.053392842,-0.21267477,-0.22065043,0.060298365,1
0.62005365,0.36550066,0.32879311,0.62388152,0.61750317,0.62523681,0.62095118,0.61179793,0.62372208,0.61707896,0.61928332,0.60535419,0.61470509,0.60525268,0.62329817,0.60958034,0.61200571,0.63983071,0.61796784,0.61598945,0.6046589,0.61346567,0.6013006,0.60639071,0.61016846,0.6097362,0.61768162,0.61775684,0.61882889,0.61444539,0.60792422,0.61006391,0.60364354,0.60135353,0.61376894,0.59310609,0.59052896,0.6127218,0.59124732,0.60087091,-1.2264147,0.32307675,0.58921081,0.69156897,1.6448298,1.8797348,1.5531914,0.97775126,1.0674073,1.9380369,1.7134161,1.4603117,0.29183412,-0.094026797,-0.9227162,-0.4615933,0.74574119,0.4109441,0.38922271,0.28871757,-0.85695392,-0.012753323,-1.4827127,0.3310445,-1.1809417,0.032169245,-0.31605792,0.6521315,-0.16058332,1.2031655,-0.13580208,0.14225399,-1.6988463,-0.3577503,-0.25633669,0.86686444,-1.6297256,0.52257621,0.026067793,-1.0886825,-0.1247047,-1.4154948,-0.9498958,0.013824314,1.0469398,0.5264082,-0.070063397,-2.3022437,0.59818411,0.077283397,-1.5049816,1.167408,0.024568239,0.2430149,0.75328559,0.25277805,0.22821817,0.030181408,0.16651794,0.8271749,-0.60256314,-1.2802112,-0.10807374,0.83778584,-0.38660145,0.21870615,0.27317524,-0.21467197,-0.29746521,-0.30960783,0.28202319,0.27418774,-0.25634295,-0.24356383,-0.3059833,0.11908885,0.14635664,-1.3125954,0.44394034,-1.2077637,-0.49518383,-2.3312321,-1.1213573,-0.39339486,-1.0559531,0.3402262,-0.34466553,0.1559809,-0.10094146,0.057342321,-1.0031981,-0.83454907,0.12732707,-1.2262893,-0.59423959,0.13952324,-0.049199954,0.19023722,-0.32016712,-1.82613,0.25335681,0.62678528,1.0802369,-0.23111053,0.30746502,0.3667503,0.03859086,-0.58689678,-0.69737691,0.28304166,-0.58928704,0.059172496,0.32507482,-0.5190804,-0.7755906,0.1646221,-0.51048666,-0.31462264,0.3930521,-0.45202115,-0.081874624,-1.3679245,0.91542393,0.76941276,0.39178815,0.000677754,-1.9282124,0.29986927,0.092815474,-0.23425859,0.019969836,-0.56766003,0.23397209,-0.2008097,-0.8364917,1.2727475,-0.83582091,0.10798793,-0.1000886,-1.8025764,-0.17948362,0.090670973,-0.3244589,-0.24807544,-1.1884744,0.042111635,-0.18713555,0.32571489,0.85256165,-1.0634615,-0.11172472,0.11923897,0.05965846,-0.007518947,0.37341562,0.11407409,-0.51379168,-1.6620296,-2.5430274,-1.0451508,0.31951755,0.99101591,0.5108732,-0.38019201,-0.33162785,-0.16509868,1.3672522,-0.25007692,0.19341351,0.047750235,-0.24015865,0.92696214,0.16865909,0.39970225,0.86451387,-0.51375562,-2.4398384,-0.11439483,0.24676439,0.22816524,0.004963443,-0.71292043,-0.029000424,-1.8188019,-0.008958921,-1.032868,0.37020794,0.29387844,-1.2912567,-0.04182991,0.005138367,0.79363734,-0.20421256,-0.34027907,-2.7984691,0.36221096,-0.94952112,-0.10082403,0.27973258,-0.088406608,0.79677546,0.1609512,-0.14571276,0.60425997,-1.7041031,-1.012839,-0.31874794,0.55620253,-0.3495518,0.11614271,0.10110398,0.20517027,-0.21454594,0.55866426,0.48635954,0.78720665,-1.2048812,-0.35323769,0.59201121,0.028674612,0.11335021,-0.16267383,-0.23750126,-1.9113824,-0.4973295,0.24601009,-0.5157029,0.3074328,0.60291487,0.53366733,-0.62004399,0.19040914,-0.3223604,0.77268904,0.16929159,-0.41941538,0.05673743,2.0780063,0.18357742,0.29526648,-1.0168107,-0.33713508,-2.217592,1.3622929,-1.1588349,-0.13361396,0.037308767,-1.6496557,-0.64189875,0.14853683,-0.13399653,0.60000622,0.46079624,0.35487697,-2.3675909,1.1862652,0.1110423,1.5066693,-0.32786179,-1.8400877,0.28787357,-1.4981937,0.74701214,0.36373666,-0.9779799,0.29095626,-1.8434496,-1.486287,-1.4182988,-0.59851962,0.62061638,0.66955602,0.44827074,-1.4412997,0.8171066,-1.1296217,0.049786419,0.3443332,-1.3869432,-0.10106263,0.11696666,0.65541315,0.15811263,0.081037402,-0.52541202,0.70110774,0.019607622,0.73902267,0.038899899,-0.27317351,-0.93008828,0.4653196,1.2461431,-0.87188482,0.75445676,0.54267275,0.17833892,-0.76372665,0.46122402,-0.22281227,-0.69542432,-1.1448365,0.080275521,0.035569154,-0.10523275,0.71131408,-0.05874446,-0.54227763,-1.150625,0.001683909,0.5111075,-0.23414354,0.038424268,-0.7470783,0.16038097,0.57736129,-1.1480706,0.15136293,0.38701624,-0.58270019,-0.1474991,-0.27068484,-1.2682997,-2.5191922,0.02520664,0.74898541,-0.15538904,-0.20174593,0.86977196,0.032645866,0.43085098,0.31138462,-0.071337149,-0.69803917,0.29126716,0.11211936,-0.24445736,-0.30272561,0.22599094,0.12208109,1.5370591,-1.875258,-0.028571658,1.4099275,1.9160823,0.59581,-2.1664324,-0.40448156,-0.88680232,-0.66403067,-0.31591475,0.11708337,1.0604868,0.02669847,0.61901408,0.065189764,0.36056781,0.89241672,0.74596256,0.90532196,-1.3316283,0.27436566,-0.20601562,0.1735532,-0.657161,-0.16885397,-2.1068106,0.52345949,0.014238048,-0.40088615,-0.16526109,0.16407037,0.1673443,-0.59897166,0.34813011,-0.43643355,0.57225347,-0.008917265,0.18839458,0.9057852,0.31991759,-0.058706395,0.77872199,0.034192257,0.006639375,-0.87138778,0.35788906,-1.2868714,-0.22846285,0.83904219,-1.3849185,-0.65456545,0.79041237,0.03769666,-0.59861588,-1.6025171,0.51100779,-0.84065872,0.12047315,-2.0284588,0.27813169,-0.41819501,-0.82260531,-0.54607391,1.2123132,0.39523935,-2.0128775,-1.2597737,-0.80452514,-0.041438553,0.39762819,-0.43311957,0.042081065,0.27653119,0.34386742,0.032789394,0.24568357,0.37468144,0.34641662,0.058989689,-0.16272229,0.20098667,-1.7424701,-0.027547557,0.41337031,0.051768582,0.27969515,0.7265203,1.349772,-0.35791278,-1.1279428,-0.47235739,-0.13140082,-2.3081436,0.68324006,0.32116735,0.56912243,-0.91439104,-1.6320293,0.63529563,-0.6602686,0.14278847,-0.24735682,-0.024721731,0.77217394,0.096381821,0.45019549,-0.014064223,0.063203156,-0.23486796,-0.26836261,-2.5857277,-0.86911398,-0.87671936,0.033321057,-1.1530745,0.15951028,-0.13460831,-0.20663595,0.10099007,1
0.54367155,0.30029577,0.25120679,0.54887962,0.53958666,0.55262673,0.54654455,0.52148461,0.53908026,0.54649597,0.54169381,0.53474456,0.53890657,0.52949703,0.54935861,0.53084338,0.53422904,0.56022263,0.54211879,0.52614117,0.52309716,0.54183364,0.52172881,0.51568407,0.53423631,0.52128768,0.54895973,0.52399504,0.53289866,0.53846645,0.53586709,0.53823191,0.52580261,0.53753644,0.5343163,0.50762153,0.51292551,0.52630019,0.51872784,0.51370925,-0.97268116,0.23940898,0.45453125,0.57301545,1.535588,1.7793314,1.3923789,0.82719082,0.92785382,1.7678398,1.5531769,1.3187238,0.31270236,-0.18847942,-0.34715819,-0.38798884,0.65643877,0.37724468,0.32977214,0.32009989,-1.0496422,0.050402761,-0.68773639,0.2966662,-0.90834403,0.009098869,-0.20659348,0.9462989,-0.008219719,1.1955987,-0.19887146,0.16058117,-1.2953941,-0.3161875,-0.28688511,0.87852895,-1.3042107,0.55073094,0.075804636,-1.0106292,0.17321475,-0.9110105,-0.65710771,0.17222264,0.82562858,0.45683402,-0.031561192,-1.8917899,0.58254677,0.1200982,-1.076107,0.8740195,0.064825267,-0.089050189,0.57996964,-0.059093323,0.31151146,-0.18449329,0.024801042,0.63267046,-0.99415576,-1.0679053,-0.040918991,0.82360965,-0.48243046,0.27062762,0.22025435,-0.14869596,-0.075578205,-0.26473251,0.20526707,0.45127299,-0.22653091,-0.36104259,-0.34135219,0.40561664,-0.17157155,-1.0750339,0.38256866,-1.2765663,-0.33409733,-1.7676449,-1.043962,-0.25539401,-0.39255372,0.50838202,-0.39670336,0.22840856,-0.081713252,-0.003444225,-0.69344497,-0.6972037,-0.34242219,-1.298708,-0.23336422,0.07818415,-0.15992522,0.34313339,-0.25622165,-1.7372463,0.07785669,0.43835908,0.87868547,-0.36992741,0.43595451,0.39471951,0.053893801,-0.56206357,-0.63896739,0.312491,-0.9015981,-0.077762328,0.42163843,-0.24423169,-0.79328793,0.22521251,-0.48009467,-0.3674207,0.31811875,-0.55638582,-0.006546562,-0.90785098,0.84261763,0.62892473,0.25274777,-0.17854892,-1.7158866,0.35907328,0.077877119,-0.14393556,-0.20720345,-0.62220407,0.19230881,-0.18281032,-0.87248379,0.99922103,-0.82621139,0.088161699,0.38255456,-1.7101296,-0.11897596,0.34784526,-0.20513639,-0.19384788,-0.95920241,0.40852419,0.17499831,0.25078741,1.0862942,-0.82385844,-0.14348702,0.079180226,0.16379961,0.12646765,0.16268344,0.23746772,-0.2189697,-1.3820646,-1.9785323,-0.82508868,0.24098648,0.67255992,0.421774,-0.41941762,-0.47626942,0.014359482,1.2315583,-0.20237669,0.089495361,-0.33200791,-0.22584072,0.80948877,0.168502,0.28084415,0.86864614,-0.19393432,-2.0412498,-0.02818308,0.16726366,0.09594135,-0.16873282,-0.73353815,0.068612128,-1.4820648,0.1925917,-1.1144465,0.29973054,0.16984266,-0.98399526,0.067637593,-0.14888912,0.43933579,-0.11865383,-0.6145817,-2.5848043,0.47182965,-0.83371753,-0.055669311,0.12362348,0.17204797,0.65219647,0.1711036,-0.091012679,0.65937728,-1.4896621,-0.70584625,-0.50729293,0.54969078,-0.48362625,0.050221242,0.22344491,0.25597802,0.12417392,0.4164466,0.36654839,0.94851315,-1.0152705,-0.34249645,0.57355994,-0.32649827,0.18273558,-0.11517897,-0.19814807,-1.3565551,-0.44448242,0.15929282,-0.055508673,0.13521913,1.0081176,0.3402091,-0.54319865,0.17963772,-0.20378865,0.50463736,0.44827557,-0.4963522,0.036917441,1.6615274,0.14283863,0.22284585,-1.1771601,-0.2225838,-1.952307,1.0581428,-1.0241371,-0.17221954,-0.17807537,-1.5386575,-0.3327238,0.23565558,-0.023412123,0.47158748,0.37256917,-0.090076923,-1.9560485,1.0887728,0.26777944,1.1173896,-0.068178952,-1.0801814,0.061604038,-1.0452831,0.69384223,0.21724491,-0.92065728,0.46100962,-1.9053812,-1.5005808,-1.1759263,-0.50474608,0.71679461,0.3682507,0.30801129,-0.97629666,0.83043331,-0.99707103,-0.087959215,0.28296721,-1.1358528,-0.21137705,-0.064125948,0.49593395,-0.25668082,0.31321797,-0.37375548,0.73799253,0.079148486,0.59792864,0.040863611,-0.090768501,-1.0484434,0.4512454,1.04547,-0.4465256,0.49831247,0.54116976,0.33884722,-0.74660718,0.64816982,0.10575041,-0.69339359,-0.56469357,0.083115742,0.014624238,0.032774001,0.56410789,-0.21148679,-0.56062365,-0.47872645,-0.040057354,0.54479522,-0.11390391,0.053017106,-0.29351717,0.10093731,0.81174368,-1.0488416,0.1588631,0.3058058,-0.4951421,0.054279607,-0.38765085,-1.3076439,-1.995098,-0.21314876,0.67459095,0.18624148,-0.084832683,0.88926375,0.24872535,0.73348749,0.29035273,-0.20851754,-0.52937186,0.20267239,0.10365263,-0.31489348,-0.76641983,0.22805777,0.25520498,1.3763132,-1.5473778,-0.14325714,1.7815814,1.743536,0.40084696,-1.6330349,-0.26272342,-0.44787043,-0.21911573,0.079901867,0.12488121,0.78635693,0.35872456,0.32748356,0.20026833,0.20910391,0.74357533,0.66521013,0.82995427,-0.90340269,0.07921876,0.097459614,0.003122523,-0.3361764,-0.17161156,-1.9754629,0.39620209,-0.006037541,-0.31283477,-0.21860458,0.16525643,0.13151477,-0.4424606,0.32017848,-0.31305465,0.063421071,-0.076273389,0.41724694,1.1398399,0.28034297,0.15542142,0.7025122,0.35678014,0.14004271,-0.84673953,0.32785112,-1.0746304,-0.10987414,0.95115709,-1.0822476,-0.34137604,0.57957196,0.24963278,-0.41986698,-1.1579806,0.6257394,-0.52185333,0.28248772,-1.7957807,0.30533439,-0.333435,-0.72909975,-0.65134436,1.0804939,0.32243478,-1.9968371,-1.1544745,-0.43490091,-0.000123564,0.24517015,-0.032044247,0.087269627,0.30183926,0.29186437,-0.096871249,0.23382527,0.30640206,0.38450542,0.10434118,-0.55067587,0.20806091,-1.5451828,-0.047492169,0.2075801,0.1403043,0.19679973,0.62844086,1.8140354,-0.36668664,-0.87248003,-0.41546243,0.071275696,-1.9723661,0.5611701,0.2921198,0.43622839,-0.76076889,-1.4306575,0.35167116,-0.45169592,0.96050459,-0.1947736,0.070361257,0.34842107,0.093794301,0.39082351,0.30121857,0.053248487,-0.13321342,-0.35610384,-2.2031729,-0.6771571,-0.86815715,0.057682678,-0.93704045,0.16154847,0.004285574,-0.22262232,0.11411691,1
0.57212764,0.31880128,0.27822316,0.56748253,0.55631042,0.56395578,0.5426544,0.53713465,0.55294001,0.55996287,0.54344106,0.54272532,0.52732652,0.53826714,0.54508072,0.53159702,0.52764231,0.48492402,0.56420559,0.52602297,0.52361917,0.54592204,0.5373137,0.53572446,0.5458129,0.51774549,0.55189532,0.5473057,0.53338152,0.56196862,0.55178171,0.52449244,0.53358769,0.53867292,0.55160755,0.50913978,0.51567942,0.54162854,0.52569997,0.53378868,-0.98014611,0.27355742,0.60016364,0.66452628,1.6168225,1.8747458,1.567926,0.95320493,1.0959406,1.9028047,1.6680973,1.4591985,0.42941535,-0.13977702,-0.32808936,-0.36652219,0.62782085,0.32889226,0.36926064,0.28970402,-0.96413267,-0.006901341,-0.77607208,0.30734849,-0.66916221,-0.057838291,-0.24854256,0.72676492,-0.031067878,1.4446046,-0.15891327,0.19979063,-1.2029576,-0.20269454,-0.15259564,0.81404603,-1.1114907,0.58126265,0.15804039,-0.93276203,-0.21575847,-1.4638488,-0.48151991,0.36266077,0.80305296,0.60816026,-0.039464589,-1.8964692,0.7401334,0.11309951,-1.227883,0.91431016,0.014369983,0.066825487,0.41974133,0.093055055,0.34387189,-0.38186803,0.1237215,0.61336732,-0.51798391,-1.0370891,0.005418204,0.60035133,-0.37250993,0.15225571,0.056166451,-0.18187976,0.02902171,-0.25515538,0.39716697,0.613065,-0.17771199,-0.30034715,-0.3073332,0.22033128,0.30221692,-1.3199351,0.45424953,-1.1794986,-0.3633523,-1.8692967,-1.0035316,-0.33864915,-0.78353101,0.19837494,-0.46161914,0.12051758,-0.091149092,-0.20257723,-0.81412262,-0.67552781,-0.19335479,-1.1062443,-0.38556734,-0.057693638,-0.11742206,0.27640465,-0.48629761,-1.9088455,0.74010861,0.4639256,0.83975595,-0.18760289,0.41978258,0.47860521,0.09649805,-0.45510048,-0.59179866,0.38624263,-0.475732,-0.040985599,0.45905447,-0.45483157,-0.78310555,0.20191169,-0.52745712,-0.37989154,0.37907678,-0.53438568,0.031101255,-0.79175329,0.70593154,0.70749933,0.17978169,0.04132954,-1.8531699,0.46169549,-0.007269632,-0.26839405,0.007553399,-0.49082419,0.050756104,-0.25463665,-0.68386805,1.2116868,-0.76749891,0.14761102,0.41891825,-1.5307074,-0.16592509,0.066079944,-0.2561315,-0.62472636,-1.0217263,0.16698754,-0.21433187,0.41161102,0.80325758,-0.82699007,-0.31195256,0.09886308,0.082369022,-0.020671889,0.2653788,0.06734889,-0.24834794,-1.3930699,-1.9275572,-0.73028606,0.30181086,0.80120146,0.33917758,-0.32655203,-0.32431647,-0.080934763,1.5922185,-0.11069383,0.24195376,-0.23328146,-0.22904475,0.99235922,0.20469183,0.27081221,1.0706573,-0.21032268,-2.2141075,-0.13262315,0.33469456,0.051654894,-0.046016347,-0.98739856,0.02823738,-1.5089595,0.20278376,-1.3427653,0.39193812,0.16630186,-1.0838212,0.12551564,-0.064153701,0.5759114,-0.13383612,-0.098756284,-2.6610291,0.33915362,-0.7078414,0.001440942,0.14349343,0.18540376,0.7293312,0.15468436,-0.15543559,0.78032362,-1.5509971,-0.87250125,-0.33754182,0.61183923,-0.37522161,-0.019994691,0.13734016,0.29482001,-0.050404511,0.46173179,0.50293213,0.91664088,-0.87612867,-0.3343184,0.86833084,-0.21560985,0.11703485,-0.13495761,-0.38075912,-1.2851851,-0.43617776,0.18229249,-0.52738327,0.27481186,1.0554518,0.38425347,-0.52501094,0.17961662,-0.26295584,0.79296207,0.58362442,-0.44073099,-0.083882466,1.8244814,0.15627359,0.17240164,-0.91364944,-0.2613667,-1.9847112,1.2449389,-1.4998571,-0.16994278,-0.057400547,-1.4294034,-0.27925211,0.20027722,0.29413557,0.50753158,0.65230501,0.46898633,-1.9073946,1.1263746,0.053750187,1.4985443,-0.038891155,-1.4153552,0.14636107,-0.97454113,0.6412825,0.42405933,-0.87614602,0.34665969,-1.8744034,-1.4716884,-1.5075831,-0.27594915,0.36849105,0.65272689,0.28284785,-1.1154381,0.93819189,-1.0127752,-0.11354421,0.35066482,-1.3213608,-0.11840454,0.16168043,0.53214532,0.11964383,0.34117088,-0.35998094,0.67537445,0.02058892,0.94341785,0.003341045,-0.22374868,-1.0173028,0.45267197,1.1034409,-0.70726323,0.67002994,0.5391289,0.41613954,-0.765517,0.65651274,0.20605186,-0.89486563,-0.68449187,0.10359778,0.10785709,0.097309798,0.79655319,-0.23802933,-0.4960205,-0.58714741,-0.062890723,0.56213397,-0.13517696,-0.16854183,-0.50295061,0.21593136,0.99298698,-1.1962887,0.14504185,0.32269868,-0.46580344,-0.17167641,-0.26958829,-1.3940232,-2.1388052,-0.085443556,0.76357484,0.06593854,-0.037053645,0.75369203,0.20944275,0.50566435,0.29698718,-0.17223544,-0.7974596,0.21189348,0.108677,-0.37151128,-0.29111785,0.29753488,0.22848482,1.3376518,-1.558695,-0.05712714,1.4911623,1.9468433,0.52462912,-1.5863968,-0.49474764,-0.94139403,-0.41506568,0.11251427,0.35377061,0.96293229,0.38184819,0.4895947,0.28665656,0.2610403,0.78338736,0.60063004,1.1168506,-1.0990211,-0.48553205,0.11731759,-0.084299222,-0.30704123,-0.21252458,-1.8704727,0.3977572,0.00297188,-0.31431523,-0.16706967,0.25646085,0.1432057,-0.68818074,0.23886326,-0.24627595,0.56607473,-0.30137393,0.53098071,1.0646234,0.33879149,0.14735618,0.72346312,-0.033219449,-0.030343138,-0.86157727,0.43187216,-0.91807139,-0.095968127,0.96496439,-0.92768133,-0.65396357,0.5920009,0.31011286,-0.76617557,-1.2682871,0.62866241,-0.61950672,-0.001352143,-1.9040642,0.1844459,-0.35024506,-0.66324943,-0.63889372,1.068252,0.29404807,-2.0502987,-1.3478671,-0.50972742,0.019094031,0.40031755,-0.18362513,0.076840632,0.35665113,0.26083127,-0.061224945,0.15279922,0.27377948,0.35089719,0.087164417,0.17346339,0.26605025,-1.5536572,-0.014648242,0.41852158,0.1386468,0.16725117,0.60019535,1.0581626,-0.38257083,-0.90050739,-0.37002853,0.3002114,-2.0582526,0.4742603,0.16725142,0.4324773,-0.776923,-1.5704303,0.37580502,-0.49068862,0.062831268,-0.14914258,0.022636123,0.70076799,0.16293383,0.42154121,0.451271,0.030028787,-0.40433663,-0.40915602,-2.4087474,-0.67719787,-1.1147823,0.14836457,-1.0437636,0.16748565,-0.17461392,-0.2644361,0.035753317,1
0.42910123,0.23216122,0.20717612,0.40011227,0.39889228,0.41404966,0.39716372,0.38946152,0.39387584,0.38967335,0.38671079,0.38487422,0.38239855,0.37238124,0.39861965,0.37640813,0.38944444,0.4065302,0.39069638,0.38041142,0.3773821,0.38128772,0.37400803,0.37560588,0.38523769,0.3753159,0.38712794,0.37082842,0.37768432,0.37871423,0.36937878,0.38394633,0.36561552,0.36642349,0.37722111,0.35915688,0.35787076,0.3819018,0.36586133,0.36506104,-0.76898909,0.19678117,0.3129003,0.48045272,1.4189891,1.6825891,1.2435186,0.69561619,0.78967822,1.6446489,1.4310067,1.1832786,0.3259871,-0.10859512,0.069864973,-0.44823676,0.54131448,0.39101008,0.29561877,0.23667689,-0.97469145,0.057803478,-0.5501433,0.30770963,-0.53988451,0.11191966,-0.20266955,0.69234574,-0.12310547,1.2767327,-0.13985911,0.11111097,-1.0965822,-0.22013068,-0.17251429,0.73101765,-0.90134567,0.52803785,0.074201658,-0.87246048,-0.093267664,-1.3435639,-0.48165411,0.39586753,0.70729297,0.49426344,-0.047090389,-1.8137666,0.61332172,0.10432122,-1.1858165,0.62340206,0.070703372,0.080528364,0.42098674,0.08564952,0.22170746,-0.24176173,-0.024357848,0.57009494,-0.45119789,-0.90147275,-0.019371025,0.66347861,-0.22259575,0.24512491,-0.130621,-0.22231023,-0.037612952,-0.13259241,0.28980583,0.50988626,-0.16844499,-0.28910407,-0.45817968,0.060563833,0.55744803,-1.141541,0.38825259,-1.0208428,-0.24802902,-1.630487,-0.86032003,-0.28713545,-0.82391506,0.20342225,-0.36775374,0.16067705,-0.095243692,-0.036384828,-0.76388407,-0.81003964,0.26232699,-1.027223,-0.2760309,0.009075522,0.02671428,-0.089475885,-0.38677981,-1.6858082,0.52259701,0.41358617,0.86875021,-0.18499903,0.29317373,0.29844338,0.008267615,-0.2801761,-0.50575101,0.39689952,-0.42676497,0.019147754,0.38979119,-0.35367531,-0.57327461,0.24505273,-0.56332409,-0.45928687,0.3498407,-0.48268029,0.01518257,-0.52825749,0.57572067,0.67484093,0.15589565,0.018868808,-1.4888738,0.55931544,0.047874965,-0.17854394,-0.032900687,-0.4319863,0.077859044,-0.2272587,-0.70995289,1.1499249,-0.72122836,0.12089556,0.25402001,-1.4261756,-0.073609456,0.1057118,-0.20150748,-0.29939196,-0.91506207,0.19810969,0.096670166,0.22825882,0.6792717,-0.78918171,-0.10338973,0.081814684,0.2247896,0.054463953,0.085784793,0.040072903,-0.19760564,-1.2865494,-1.7728113,-0.61448896,0.26221329,0.56166887,0.23485331,-0.29731101,-0.31888348,-0.072338998,1.2666354,0.31858203,0.093126997,-0.059327215,-0.17616645,0.81555223,0.13069285,0.25519395,1.4636426,-0.22271428,-2.0976024,-0.051948737,0.38482842,0.095871851,-0.22929655,-0.83210921,0.15929006,-1.3003871,0.21452877,-1.0507177,0.21020643,0.025381468,-0.9148826,0.067282632,0.096066505,0.58733714,-0.1080932,-0.08336392,-2.2650592,0.43811566,-0.64920902,-0.075852215,-0.044575699,0.18300757,0.69723737,0.21004224,-0.063715264,0.73483038,-1.3308142,-0.7313062,-0.23367804,0.43711525,-0.32457456,0.16936859,0.16486125,0.25631803,-0.048129782,0.27788407,0.49267715,0.82690668,-0.90257496,-0.2869913,0.50366074,-0.25572747,0.11500488,-0.20948295,-0.25518996,-1.272999,-0.30567205,0.13957153,-0.37830573,0.11326066,0.86674356,0.27390337,-0.45024788,0.18446346,-0.27233928,0.35219866,0.45888162,-0.38298461,-0.011779606,1.2255751,0.1884468,0.17308691,-0.84424144,-0.24965784,-1.7202874,1.0615988,-1.3121632,-0.10471123,0.033991382,-1.2909964,-0.13708608,0.10793262,0.046484232,0.55197924,0.55842435,0.62420744,-1.7096319,1.0477463,0.19664739,1.4487484,-0.18309832,-1.1359825,0.069967747,-0.92338395,0.66198051,0.33879876,-0.75209707,0.32044882,-1.624943,-1.2022514,-1.2718815,-0.30981675,0.31101561,0.48045412,0.28708157,-0.99421251,0.78019631,-0.81886053,-0.10499765,0.32373205,-1.2036498,-0.050220236,-0.005873397,0.55828869,0.25567654,0.14430085,-0.33322459,0.44819996,0.041312195,0.76683545,0.048843883,-0.27195716,-0.65789258,0.40455019,0.84547138,-0.65300465,0.51050282,0.46331346,0.25433695,-0.72457123,0.52163678,0.23746884,-0.77944386,-0.70684612,0.039720248,0.065377742,0.1410978,0.59940237,-0.27154779,-0.35580635,-0.37398458,0.044724058,0.45498934,-0.28858516,-0.19759169,-0.42862403,0.10105101,0.72892559,-0.88467789,0.1932306,0.27253044,-0.37418556,-0.18510118,0.040108442,-1.2453011,-1.9822397,-0.16483785,0.64282906,-0.018694475,-0.11864668,0.71099007,0.075214669,0.45074373,0.30143529,0.040667325,-0.75983828,0.18987834,0.081769027,-0.31489298,-0.43184364,0.24679834,0.15602167,1.1827475,-1.428924,-0.10153726,1.4404703,1.4705182,0.35076886,-1.5708674,-0.36122429,-0.6768654,-0.38992649,0.16651244,0.21682319,0.89702666,0.32229432,0.38443816,0.19724441,0.22165567,0.61214477,0.56731874,0.94329,-0.94523507,-0.022370398,0.08306621,-0.039115503,-0.28358784,-0.18549107,-1.6854981,0.34405109,0.006014533,-0.29798341,-0.22892296,0.2836431,0.11835098,-0.52451015,0.2235245,-0.24554306,0.38164455,-0.20567232,0.14715454,0.8017469,0.31503117,0.23425624,0.58109725,0.061651945,-0.007343794,-0.78395498,0.33891055,-0.84643245,-0.15647805,0.7821815,-0.45634216,-0.50276268,0.54885083,0.17770313,-0.66097027,-1.0568502,0.58757603,-0.55556691,0.05590944,-1.8343244,0.16210851,-0.2170915,-0.72540426,-0.54938942,0.8796649,0.21896058,-1.8284321,-1.1740654,-0.43525043,0.013310149,0.38862619,-0.12491147,0.036672998,0.3287937,0.25331414,0.040919915,0.08814913,0.19366127,0.34824565,0.12255733,0.10242929,0.26483345,-1.259905,-0.028946612,0.50723237,0.16560476,0.15029234,0.47728813,1.0861135,-0.4106878,-0.89486676,-0.40253967,0.25457948,-1.8912201,0.46909612,0.13871931,0.37159288,-0.72960281,-1.4185084,0.38854849,-0.39316279,0.19903675,-0.12566805,-0.003286198,0.54616481,0.056057319,0.38895041,0.31017271,0.053055163,-0.11911036,-0.36844078,-2.046659,-0.63474369,-0.95962119,0.041477881,-0.89741766,0.079510301,-0.14006796,-0.27259928,0.12090632,1
0.53709614,0.32544425,0.28384423,0.51075298,0.49108511,0.51496625,0.49230883,0.47639209,0.49018455,0.48856971,0.48015094,0.48594287,0.48017669,0.47171408,0.49936724,0.48692667,0.48867238,0.51579845,0.48581225,0.47084314,0.46256155,0.48481494,0.46970779,0.48156369,0.47940999,0.47113121,0.48742804,0.47795922,0.47730538,0.47886086,0.47450942,0.47410178,0.47004795,0.47070783,0.47213346,0.46644229,0.45931315,0.47457629,0.46160242,0.4683789,-0.89048928,0.27094272,0.46206117,0.53788656,1.4752376,1.7550383,1.3905425,0.80195087,0.91500056,1.7372818,1.5044993,1.2857689,0.34016326,-0.14850469,-0.057260446,-0.43551153,0.66594243,0.42132759,0.36652467,0.27658239,-0.96721542,-0.003606743,-0.65646648,0.36523497,-0.55643636,0.036116958,-0.24843945,0.69508219,-0.150902,1.25082,-0.18902947,0.17479095,-1.2510327,-0.24818859,-0.13726683,0.88449514,-1.0115411,0.61052686,0.14508617,-0.96708071,-0.072901838,-1.2833636,-0.72848392,0.34474677,0.9131707,0.64745063,-0.063746929,-1.9336622,0.89922929,0.081368923,-1.2604587,0.700553,0.063042276,0.27819169,0.48646307,0.039396733,0.29579583,-0.25063169,0.017721456,0.66330332,-0.75274485,-0.99690795,-0.026318476,0.64837265,-0.32963198,0.23010558,-0.034680888,-0.24548167,0.056939423,-0.20924938,0.3668758,0.60899961,-0.19196533,-0.33369812,-0.41108009,0.040285781,0.4449459,-0.98924053,0.42219877,-0.84298241,-0.28952271,-1.7804208,-0.9736402,-0.22648166,-0.69649136,0.13347852,-0.41393408,0.15281346,-0.11086316,-0.18200751,-0.90895158,-0.72715437,0.38865715,-1.2440194,-0.25788909,0.052926108,0.085294798,0.30587545,-0.44397309,-1.7455347,0.6912092,0.45401186,0.83157903,-0.24316856,0.42309552,0.19623566,-0.090495959,-0.015131578,-0.39681181,0.37386236,-0.66325843,-0.21871248,0.41433388,-0.38141054,-0.66266274,0.22358711,-0.5345934,-0.43502408,0.32980099,-0.45829022,0.035978474,-0.76141143,0.71195704,0.64514428,0.19046786,0.1303705,-1.6131457,0.56884372,0.093681082,-0.22367336,-0.051943112,-0.61338329,0.096764125,-0.207643,-0.71315134,1.0979069,-0.8663255,0.12586781,0.39909217,-1.6007682,-0.16046099,0.25057447,-0.12807596,-0.28133959,-0.96963787,0.26433775,0.16883273,0.38285011,0.72280359,-0.98034525,-0.20771082,0.042206816,0.14587261,0.12757504,0.26212955,0.13772294,-0.22696218,-1.3359642,-1.8068041,-0.60053492,0.28743348,0.47563326,0.30392888,-0.32171234,-0.42925903,-0.063627481,1.1166313,-0.12834591,0.034718763,-0.21375348,-0.17723465,1.0053345,0.1708335,0.25401998,1.6486577,-0.28521287,-2.2858496,-0.043798942,0.50078994,-0.009390845,-0.21882415,-0.85778278,0.15225233,-1.4253806,0.21628422,-1.0957302,0.26326996,0.088808224,-0.94079363,0.082395248,0.023565143,0.66570437,-0.20777182,-0.079985902,-2.5858593,0.47419652,-0.77481163,-0.075597703,0.16354187,0.20294315,0.57510549,0.1513558,-0.13930747,0.6766308,-1.454918,-0.83424306,-0.3403492,0.51877892,-0.41356593,0.17633373,0.21640563,0.35983807,-0.040902335,0.2995553,0.46443939,0.74152458,-1.0033576,-0.28243032,0.60371977,-0.17791598,0.17981312,0.015226636,-0.25023332,-1.3888695,-0.42672405,0.15156484,-0.41974652,0.2235131,1.0492973,0.35868838,-0.52655655,0.16404568,-0.22000057,0.71632057,0.49593994,-0.38989392,-0.008364976,1.0911398,0.17807724,0.21703017,-1.160104,-0.2977587,-1.8567897,0.96062887,-1.3260927,-0.15038316,-0.002076805,-1.4472224,-0.24369973,0.12379085,0.30447051,0.69221336,0.66856229,0.51015437,-1.8997611,1.0389948,0.18949561,1.3146415,-0.16946431,-1.2004315,0.12415111,-1.0047159,0.71471035,0.15727293,-0.80896473,0.46396524,-1.8905255,-1.3951756,-1.355579,-0.53745592,0.42427427,0.61828375,0.3184031,-1.0325987,0.8996734,-0.94479704,-0.030582562,0.36799672,-1.1531826,-0.082261942,-0.050543398,0.51374453,0.036812253,0.24830249,-0.28883025,0.49089253,-0.003553521,0.55611593,0.12573443,-0.22474024,-0.8066473,0.49541938,1.0995545,-0.61005551,0.68545532,0.52147335,0.33427235,-0.79978353,0.74837387,0.11589646,-0.90855181,-0.67801762,0.09253177,0.10146224,0.06075269,0.78511971,-0.39686248,-0.44334736,-0.46684071,-0.017233431,0.4694961,-0.29233944,0.018478997,-0.45458609,0.1537804,0.95079058,-0.9202019,0.24139519,0.28663287,-0.58216363,-0.062319156,-0.045839719,-1.3919628,-2.0783679,-0.19968422,0.71029747,-0.000760764,-0.29598621,0.81510818,0.068630353,0.56075954,0.34367621,-0.047280133,-0.7409578,0.23228516,0.07015457,-0.25451562,-0.0836775,0.25860295,0.17764044,1.3256489,-1.6191484,-0.018750768,1.6309322,1.4627123,0.44680598,-1.5629992,-0.36198506,-0.58939564,-0.36023468,0.17770442,0.20343357,0.85795552,0.41454872,0.34379137,0.36580592,0.25406107,0.73347431,0.68164384,1.0241621,-1.0134854,0.16828345,0.26927024,-0.01821667,-0.33251682,-0.15694563,-1.7319865,0.37025124,0.020215979,-0.40512362,-0.19524354,0.21926939,0.15619668,-0.57425672,0.19955462,-0.27657253,0.29313716,-0.12592791,0.58177,0.85150534,0.37498236,0.12487778,0.60875326,-0.019866429,0.14008105,-0.92495412,0.30748311,-0.95579851,-0.037580177,0.83765411,-0.54835987,-0.75501347,0.60764825,0.34533846,-0.63455731,-1.193351,0.68387306,-0.60658693,-0.038835719,-1.766842,0.21818176,-0.23613092,-0.72694278,-0.48179629,1.1103044,0.34350926,-1.9317724,-1.2521278,-0.46076357,-0.031929847,0.4311755,-0.16842823,0.035808496,0.43907207,0.30079728,-0.090084426,0.23325837,0.27688318,0.33455789,0.065511882,-0.13175881,0.20957518,-1.4113698,-0.043663502,0.52534032,0.11545157,0.22079727,0.53015524,1.1479424,-0.4332619,-0.81003821,-0.37078115,0.19222026,-2.0621912,0.49003267,0.13904685,0.41564196,-0.78327262,-1.4437985,0.3546896,-0.33476877,0.078289166,-0.07146161,-0.007231452,0.41907722,0.075533256,0.37220705,0.29068512,0.043559842,-0.14711727,-0.42329258,-2.0762184,-0.69647181,-1.021552,0.11364359,-0.958758,0.12077314,-0.083150156,-0.34770259,0.11338521,1
0.54266316,0.31764755,0.31270519,0.52487516,0.50664288,0.53535736,0.51334071,0.4999063,0.51237065,0.5077616,0.50469488,0.50442922,0.50237852,0.49025774,0.52135646,0.49923176,0.51297665,0.53181213,0.53676492,0.49878502,0.49135512,0.50075036,0.50573319,0.50372994,0.50375229,0.48913914,0.49369776,0.50043559,0.51258683,0.49627686,0.48279446,0.49329868,0.47568756,0.47519141,0.49270976,0.47311187,0.48108524,0.49509358,0.47594917,0.49842772,-0.99568754,0.3018055,0.55314159,0.61016792,1.5321941,1.8526586,1.4774351,0.89247012,1.0246059,1.8305354,1.5693762,1.3820744,0.39642859,-0.18204561,-0.24648103,-0.40886962,0.77018404,0.45742139,0.42999092,0.3478907,-1.1317402,0.030106047,-0.67232847,0.39485228,-0.70363611,0.054914609,-0.26225039,0.91336191,0.040350646,1.0399903,-0.24405274,0.2243675,-1.3511713,-0.25766551,-0.17898664,1.2773352,-1.2154607,0.63536692,0.16505618,-1.0211281,0.18653117,-1.0135869,-0.68742985,0.52979344,1.0656281,0.59570795,-0.015491607,-1.9405628,0.8360365,0.11412151,-1.1916118,0.59629476,0.060149543,0.33127218,0.6425426,-0.008504152,0.40142176,-0.15937498,0.098566197,0.73889887,-1.0426971,-1.1626177,0.008787386,0.8949641,-0.54580653,0.20090701,0.41007265,-0.21421793,-0.1264488,-0.25294015,0.20448026,0.45563197,-0.24879016,-0.42419517,-0.5063684,-0.093693554,0.25762722,-1.1834714,0.3960323,-1.0524912,-0.30480012,-1.8456435,-1.2573165,-0.29441747,-0.51815772,0.71136212,-0.49551797,0.23381835,-0.10803527,-0.12252829,-0.85376072,-0.75347143,0.26414973,-1.3739644,-0.41682273,0.042504862,-0.26038161,0.35434803,-0.26818147,-1.9486336,0.81536627,0.50404394,0.99798054,-0.46931332,0.4475773,0.36193123,0.051849544,-0.23367202,-0.70090806,0.32687753,-0.89828098,-0.006879181,0.48005706,-0.30262482,-0.74824136,0.24893185,-0.62828392,-0.48866475,0.32663906,-0.52282327,0.036705278,-0.81437719,0.74864137,0.79787487,0.33518696,-0.021626644,-1.7558595,0.6193288,0.014305383,-0.1497203,-0.077977702,-0.64967287,0.16777422,-0.26224506,-0.87999624,1.0127614,-0.8903023,0.14961025,0.45737869,-1.5839361,-0.14624734,0.37631464,-0.31631273,-0.31667131,-1.0576737,0.3175683,0.089901641,0.48368067,1.0617027,-0.96444058,-0.26907009,0.11343895,0.17434379,0.0694215,0.3576718,0.19335154,-0.19912568,-1.495659,-2.0711544,-0.87083709,0.2820169,0.59911823,0.40565372,-0.43151405,-0.45530185,0.030469403,0.70759231,-0.17686151,0.050398614,-0.39517584,-0.22810298,0.9743529,0.22866282,0.31389758,2.0926957,-0.30077785,-2.1219687,-0.037801225,0.50445127,0.126058,-0.12181789,-0.86128706,-0.08523564,-1.5152096,0.25093657,-1.4626262,-0.080978185,0.08689861,-1.1070743,0.14507736,-0.060445517,0.43570673,-0.010933444,-0.55834568,-2.6892264,0.54372251,-0.75659591,-0.020683147,-0.07148739,0.19520237,0.57969666,0.17791486,-0.1181924,0.53039932,-1.6214243,-0.67184925,-0.36431712,0.55089259,-0.53678757,-0.073248848,0.098733172,0.33707327,0.087130725,0.48381874,0.33489934,0.86689401,-1.1333107,-0.24938963,0.58941936,-0.30606303,0.24081789,-0.11082457,0.22430374,-1.3793392,-0.4449552,0.16665342,-0.1799621,0.22011024,1.1360927,0.35800153,-0.52511013,0.23802765,-0.39624766,0.69118875,0.58170801,-0.44293192,0.065111093,1.7878513,0.20803994,0.24351326,-1.0174795,-0.19056633,-2.1204174,0.81801486,-1.0154732,-0.21820614,-0.1519801,-1.5262833,-0.40946922,0.2303189,-0.14121842,0.3868984,0.51956075,0.31790081,-1.9662209,1.0563878,0.15756607,1.308633,-0.088801831,-1.1530297,0.12475839,-1.1318171,0.63446254,0.18762651,-1.0155717,0.39554989,-2.0196083,-1.5511203,-1.304255,-0.47668988,0.52595127,0.93666226,0.36679292,-0.98143268,0.91824919,-1.0397526,-0.32415962,0.37656021,-1.1811463,-0.30937657,0.025470549,0.45343405,-0.10308824,0.38192046,-0.39461631,0.58162111,0.033467229,0.3142764,0.15278974,-0.2189102,-1.1489749,0.56108582,1.0813088,-0.50891542,0.58386761,0.57013476,0.11512506,-0.93872976,0.70538163,0.091269344,-0.77614915,-0.60679668,0.084712796,-0.023306519,-0.003330112,0.81487876,-0.2122532,-0.68241459,-0.45298672,-0.076395825,0.56540591,-0.25806087,-0.082070783,-0.38644385,0.2113378,0.91641486,-1.1098944,0.1666062,0.39655775,-0.59951389,0.05755692,-0.31394699,-1.3363686,-2.073482,-0.43183848,0.78879833,0.20027286,-0.17132181,0.71028048,0.28176594,0.66831803,0.35887629,-0.23855717,-0.60511553,0.32018518,0.2445835,-0.34927025,-0.48559037,0.30559433,0.21843174,1.4892441,-1.6901615,0.001705225,1.8127871,1.8616379,0.51216799,-1.7009952,-0.2999171,-0.48464942,-0.23275429,0.092269763,0.092274457,0.85808617,0.26441175,0.40813127,0.19682513,0.26457453,1.0117625,0.6395545,1.235768,-1.0354719,0.11817546,0.10916227,-0.095254064,-0.33525094,-0.18648285,-1.7649034,0.41378081,0.041487951,-0.39050797,-0.19687217,0.38628513,0.2244236,-0.30097163,0.23941867,-0.26530498,0.44116524,-0.22088209,0.60590738,1.0559379,0.3031908,0.071131468,0.64821935,-0.040720347,0.29705426,-0.78502434,0.22867277,-1.1364189,0.019678921,0.70410395,-0.88375282,-0.30465519,0.41169006,0.21330592,-0.54463071,-1.1977223,0.63860375,-0.5228771,0.49012113,-1.7145927,0.26074895,-0.22223312,-1.0001034,-0.70754951,1.1449484,0.37152839,-2.1498051,-1.2948495,-0.34997594,-0.018726267,0.30233842,-0.14071111,0.08363156,0.57050526,0.28779694,-0.06624338,0.20898196,0.20591772,0.38753986,0.10010372,-0.44193083,0.31972292,-1.6213444,-0.007399354,0.47500497,0.19329497,0.23155256,0.63730019,1.7780018,-0.3743082,-0.92871523,-0.31083357,0.26969302,-1.9735067,0.58993459,0.26271036,0.46631017,-0.95793164,-1.5826168,0.38939947,-0.4192692,1.0405049,-0.085672535,0.019152135,0.39830381,0.10905805,0.34669802,0.3159259,0.11970416,-0.11562596,-0.39832404,-2.2982321,-0.65343213,-0.9802016,0.12871629,-0.9616884,0.19304828,-0.06540978,-0.32599503,0.11443517,1
0.38049701,0.1626896,0.16509129,0.36616823,0.37543762,0.39551848,0.35089266,0.34861258,0.37606093,0.37247664,0.38062769,0.35862011,0.36440095,0.34168068,0.36328489,0.34839064,0.35495743,0.38487312,0.3892259,0.3471612,0.35751608,0.36282566,0.36946115,0.33561069,0.35114911,0.34525672,0.36434713,0.36929029,0.35573855,0.35196412,0.33595118,0.34322438,0.32823449,0.33576551,0.33972949,0.31173116,0.32015398,0.34007648,0.31508085,0.342051,-0.819592,0.15292221,0.34862375,0.49068996,1.4245996,1.6805421,1.2621856,0.7166394,0.82338345,1.6567527,1.4349211,1.2046366,0.36673382,-0.084046885,-0.25723383,-0.31961575,0.57745665,0.36488065,0.31573993,0.27125588,-0.89728504,0.047238398,-0.74758959,0.34760267,-0.57788098,0.014502551,-0.25213131,0.69592297,-0.2473149,0.94777024,-0.16786984,0.16878702,-1.1002297,-0.19902655,-0.17507467,0.67889827,-0.92469782,0.59216076,0.12542723,-0.8736006,-0.10021001,-1.3645357,-0.50456548,0.37630427,0.72402853,0.46607745,0.008000709,-1.8287315,0.5945105,0.08770784,-1.1599295,0.64805859,0.054914337,0.2680361,0.5385353,0.061558604,0.39638919,-0.13200176,0.11843026,0.61366844,-0.46427709,-0.94216818,-0.047662631,0.6924113,-0.38735652,0.16795135,-0.15272246,-0.13813792,-0.1291544,-0.15838739,0.17142031,0.31131607,-0.16539633,-0.48866558,-0.37577194,-0.048406258,0.54672825,-1.1793278,0.40078798,-0.83585799,-0.24817663,-1.7050341,-0.83681327,-0.39997759,-0.80792749,0.43759733,-0.40972641,0.11492639,-0.061663561,-0.12476503,-0.73752266,-0.74205065,0.35460436,-1.0442587,-0.45130464,0.087509677,-0.062980756,0.22599964,-0.26553631,-1.8270779,0.46061155,0.40763766,0.84477395,-0.21920158,0.43086258,0.33284301,-0.008867137,-0.069623977,-0.62654048,0.37065908,-0.74199933,0.084107384,0.45397505,-0.39970529,-0.59862566,0.22296172,-0.53953433,-0.22371513,0.3578229,-0.53229064,0.026222458,-0.50976545,0.70838678,0.65038258,0.20611779,-0.034613885,-1.4750578,0.5951131,0.075919494,-0.20752984,0.014478993,-0.45497158,0.085105248,-0.23207805,-0.65622365,0.91651493,-0.65226763,0.13174345,0.26308602,-1.5165834,-0.1483905,-0.024192125,-0.31735229,-0.27363962,-0.84100193,0.10729101,-0.087812394,0.34785345,0.77533138,-0.85680723,-0.19667295,0.051534954,0.057868108,-0.069095075,0.2913622,0.002117589,-0.071769744,-1.3701111,-1.7921461,-0.64250404,0.27003306,0.80182636,0.21777685,-0.37229356,-0.27805081,-0.18280531,1.0086693,-0.002837196,0.078751504,-0.13108768,-0.15172809,0.79180658,0.13665365,0.24595463,1.9371389,-0.30726987,-2.1385913,-0.091117457,0.395051,0.12540796,-0.14283094,-0.86584735,-0.086744234,-1.198036,0.23003,-1.027437,0.12920329,0.064560413,-1.0668725,0.14107755,0.054668069,0.59529346,-0.095651992,-0.28866729,-2.3158953,0.44029251,-0.63928372,-0.031748533,0.054023169,0.19082966,0.56626451,0.16792628,-0.020787969,0.57797784,-1.384734,-0.79743618,0.35664767,0.44121867,-0.36620685,-0.049107045,0.10549563,0.18351987,-0.090351127,0.37584877,0.51748472,0.60103029,-0.86261547,-0.277753,0.40326214,-0.32962781,0.050065249,-0.16324899,-0.33401769,-1.2789373,-0.44804704,0.19607636,-0.36261868,0.1849739,0.77198112,0.28135219,-0.43513438,0.20859656,-0.18554518,0.40549478,0.37974101,-0.36552876,0.019333225,1.3767123,0.10922635,0.20346963,-0.86553061,-0.12262164,-1.7235543,0.98407561,-1.2226077,-0.098288,-0.013784677,-1.1308141,-0.35822743,0.11147001,0.12785529,0.30335954,0.48930392,0.49686313,-1.7130721,0.99670202,0.13395391,1.0726408,-0.11747502,-1.1965767,0.067479849,-0.84838343,0.74567616,0.3318544,-0.75642008,0.44469225,-1.6959933,-1.2937319,-1.1448723,-0.33778951,0.40018314,0.9095459,0.3157666,-1.0164572,0.90436029,-0.77029455,-0.088770933,0.22987708,-1.2513895,-0.16384917,-0.001683066,0.46048209,0.028481316,0.13300981,-0.40908831,0.49998948,0.031781986,0.62641984,0.013601374,-0.28289956,-0.90653151,0.44254011,0.83843982,-0.70062125,0.74260533,0.53134596,0.19650373,-0.72403187,0.36959773,0.24493626,-0.69030136,-0.68151903,0.086954288,0.069648191,0.094208516,0.68864775,-0.1742506,-0.37850744,-0.40427026,-0.044893865,0.41894239,-0.20615087,-0.19709229,-0.44773847,0.16628647,0.60961854,-0.92950279,0.14646521,0.29654357,-0.3751291,-0.083384007,0.17066202,-1.2294863,-1.8928306,-0.10155563,0.68992794,0.000462435,-0.11719042,0.70888436,0.1184809,0.44834328,0.30110201,0.051256478,-0.66072434,0.21071605,0.076122299,-0.50621444,-0.31034899,0.31307769,0.18930556,1.2921256,-1.3676423,-0.082973033,1.2286329,1.5136033,0.60758966,-1.499856,-0.5590412,-0.68839478,-0.50591838,0.097138815,0.282929,0.81111467,0.23508441,0.39597636,0.22612512,0.26228157,0.79253763,0.43774474,1.089632,-1.1649214,-0.14124894,0.098683894,-0.095211223,-0.30324468,-0.16492392,-1.5209491,0.35769013,0.037850246,-0.28418735,-0.10144609,0.18597515,0.088263914,-0.50406265,0.26656353,-0.23431206,0.48949838,-0.10908844,0.21530998,0.7877332,0.38234615,0.23493457,0.65619504,0.039063469,-0.055146061,-0.78163153,0.23897646,-0.96236324,0.049523056,0.87651736,-0.56410921,-0.29674777,0.53678459,0.23871362,-0.64900601,-1.0439034,0.51231557,-0.54644954,-0.068435498,-1.7587138,0.051484182,-0.25712413,-0.75786924,-0.54013526,0.89960068,0.27868247,-1.765909,-1.2812381,-0.43235999,-0.015752636,0.3970719,-0.22215517,0.097950399,0.42931184,0.28857213,0.006658629,-0.00797309,0.18959877,0.31702697,0.11333896,-0.16304265,0.23650096,-1.4139645,-0.013548715,0.50128484,0.19114271,0.19290191,0.43659472,1.1152884,-0.33370355,-0.80292737,-0.46727896,0.22152992,-1.776409,0.44197327,0.15728118,0.40546077,-0.72282511,-1.4152921,0.39828604,-0.36951882,0.29660407,-0.16115221,0.13365525,0.57107985,0.14080517,0.33554888,0.14606228,0.076907136,-0.31659794,-0.39295739,-1.9408649,-0.65657216,-0.93706781,0.10180294,-0.89279258,0.10133798,0.028954148,-0.21405914,0.096712574,1
0.56464136,0.34340948,0.30491149,0.53933245,0.52904737,0.53793883,0.5375126,0.52663726,0.53732437,0.53344083,0.52500975,0.53480673,0.53364193,0.51392925,0.5333755,0.51503038,0.52443498,0.54392421,0.53431916,0.51457369,0.51461536,0.52596521,0.51274312,0.50503379,0.52012157,0.51213247,0.5207504,0.5067907,0.51756489,0.52133644,0.4995181,0.52518547,0.49838489,0.51008832,0.51383859,0.49986634,0.49843156,0.52042156,0.49404627,0.50320458,-0.97043759,0.29754502,0.50200874,0.59215701,1.5334705,1.7274001,1.4075921,0.8541286,0.96043527,1.7873724,1.5571861,1.3430406,0.45040303,-0.13304049,-0.42623827,-0.31190127,0.70600671,0.42339069,0.3381097,0.37690634,-0.93419731,0.017093737,-0.69217086,0.38782239,-0.60714734,-0.064745747,-0.24728858,0.55056071,-0.04801926,0.94197702,-0.18365866,0.20768633,-1.2753924,-0.26934928,-0.30218524,0.93469644,-1.1456062,0.64842188,0.11083895,-0.94538933,-0.10229971,-1.4013873,-0.49285036,0.32816407,0.86900645,0.52625608,-0.021939894,-1.7932918,0.7610808,0.10531123,-1.1945927,0.85003853,0.036667231,0.088280022,0.48443028,-0.015003219,0.37672082,-0.08210808,0.066367969,0.66720855,-0.77546549,-0.99752802,-0.052252322,0.65863132,-0.34415424,0.1694418,0.092227474,-0.17415339,0.021087259,-0.2665672,0.1109297,0.24150908,-0.18919648,-0.42361891,-0.28750569,-0.035776526,0.27349263,-1.1706568,0.37888372,-0.90878028,-0.26311195,-1.7642415,-0.91068989,-0.26282495,-0.67198634,0.38223264,-0.33400911,0.072434105,-0.00923869,-0.050989322,-0.79482567,-0.81734705,0.30284804,-1.1124877,-0.25332063,0.15329635,-0.082689956,0.24678388,-0.27555656,-1.7160318,0.5420419,0.46781039,0.88604373,-0.30763096,0.36205989,0.3537288,-0.025578275,-0.16408712,-0.66287291,0.34824514,-0.59932464,0.018358946,0.54988742,-0.31977618,-0.69840866,0.21919246,-0.50654691,-0.26883456,0.3193455,-0.39827865,0.042855248,-0.85850471,0.78034705,0.70066512,0.3288188,-0.064986229,-1.4924186,0.44392505,0.079277948,-0.22149736,-0.065125242,-0.48722589,0.26308972,-0.16332942,-0.75135732,1.1250174,-0.80109549,0.16283315,0.37899837,-1.4292507,-0.12328358,0.065457582,-0.22856015,-0.23075502,-0.85707027,0.33185536,-0.29145557,0.22688353,0.75320935,-0.78873944,-0.18140346,0.059181917,0.14255996,0.095518507,-0.34242311,0.028725728,-0.24907191,-1.3443501,-1.9820703,-0.75111192,0.26155508,0.87268484,0.36643839,-0.29398328,-0.44338733,-0.15269457,0.91860938,-0.064532213,0.16821328,-0.062290192,-0.12401613,0.74535847,0.20286506,0.30246902,0.80334014,-0.29096776,-2.1091461,-0.092328422,0.25851357,0.1244837,-0.14141816,-0.6646933,-0.16418105,-1.3553021,0.22808564,-1.0335975,0.011095017,0.16744861,-1.0284277,0.11515293,0.14855312,0.47771257,-0.16273341,-0.048344001,-2.3463297,0.39168143,-0.82415628,0.002013378,0.12728593,0.1631327,0.59648591,0.1137738,-0.087339871,0.45959121,-1.2706705,-0.72607964,-0.4145219,0.64986587,-0.42512378,-0.049032286,0.072362304,0.25640425,0.058026969,0.44489691,0.47202533,0.73001105,-0.96011293,-0.23828334,0.7318489,-0.41557115,0.11140779,-0.16569693,-0.24378024,-1.3086628,-0.39273858,0.15478469,-0.35227659,0.19178089,0.86215442,0.33524865,-0.50834894,0.24491425,-0.3504104,0.46864462,0.43741068,-0.32319865,0.001022875,1.9655442,0.12331488,0.25936651,-0.83898425,-0.2826477,-1.8135705,1.0302815,-1.0370843,-0.14129622,-0.045880169,-1.5529343,-0.45518571,0.11664405,-0.024122298,0.41295546,0.43311381,0.31906599,-1.8539053,0.96668178,0.30887318,1.3307213,-0.15026805,-1.2422582,0.099808216,-1.1239798,0.58335203,0.27749357,-0.90317106,0.38732138,-1.7364627,-1.2655725,-1.268031,-0.30234939,0.33890766,0.53417081,0.36167556,-0.99415421,0.98665386,-0.86426669,-0.12204124,0.37174633,-1.209064,-0.11984134,-0.01470603,0.45280099,0.11641146,0.25031456,-0.43199027,0.64915371,0.044751339,0.32703623,0.10332586,-0.24966508,-0.78726596,0.52745599,0.92101192,-0.53726131,0.59768927,0.58626395,0.29181483,-0.71005875,0.60590518,0.14754638,-0.6567167,-0.75691617,0.16167822,-0.080725744,0.093827687,0.68960792,-0.14787512,-0.47018671,-0.46488038,-0.060445193,0.35842538,-0.19883937,-0.23068793,-0.52983522,0.2193718,0.80986434,-0.79647243,0.15494211,0.35743299,-0.51867622,-0.045185607,-0.12100703,-1.1921928,-1.8996625,-0.15759939,0.8174004,0.024565853,-0.082525983,0.74045038,0.15652913,0.52209824,0.37972146,0.076524466,-0.63689339,0.23155729,0.15221405,-0.36385038,-0.30851451,0.32830936,0.27874643,1.3440754,-1.6851811,0.080668166,1.2338624,1.7325042,0.3720665,-1.5420849,-0.43922704,-0.59279686,-0.35292467,0.051581264,0.021112084,0.94998574,0.17159349,0.67130321,0.23851024,0.25703275,0.73476696,0.51189595,0.9620983,-1.1705253,0.061824352,-0.03561309,0.063617781,-0.32262987,-0.1793417,-1.6975468,0.43819702,0.037631758,-0.36963728,-0.11776387,0.33633211,0.073079482,-0.56910348,0.21534444,-0.32766306,0.48008001,-0.048931118,0.48031452,0.94690841,0.51258534,0.12063403,0.67638338,-0.13318782,0.18380618,-0.9263643,0.33371067,-1.0334539,-0.24717787,0.66102481,-0.66860974,-0.35718998,0.55874306,0.18627042,-0.57814771,-1.1086413,0.60476261,-0.62990928,0.12174196,-1.7254311,0.2121594,-0.30917445,-0.8684265,-0.71334136,1.028591,0.23567745,-1.8474078,-1.0894045,-0.46360853,-0.003520484,0.25651398,-0.18625,0.14144504,0.37616271,0.33270049,-0.11135317,0.073746532,0.32561308,0.32882395,0.16071354,-0.19374511,0.33657512,-1.5488844,0.007676836,0.33584782,0.20183231,0.23888311,0.46460068,1.09005,-0.29633963,-0.9314,-0.38924548,0.20301114,-1.9510891,0.51615441,0.38683954,0.47559714,-0.83580899,-1.3963795,0.43349576,-0.33025411,0.20562041,-0.12409638,0.070165418,0.35454115,0.20260862,0.38721704,0.20426227,0.16470501,-0.27246654,-0.30685627,-2.0559025,-0.54184806,-0.86036348,0.20496774,-0.90848702,0.094643407,-0.23054908,-0.22533244,0.14756122,1
0.57309675,0.36552373,0.30503356,0.54192793,0.52897859,0.55446005,0.53363883,0.52692872,0.53743058,0.53931844,0.53303981,0.532637,0.54108608,0.52595729,0.54067504,0.52867973,0.5341531,0.55797124,0.54024947,0.52539957,0.52197689,0.5230965,0.52132356,0.52404112,0.52661461,0.52230382,0.51897156,0.52197623,0.52712905,0.53162968,0.51354647,0.51791918,0.51289296,0.5112434,0.52147341,0.50207955,0.51143473,0.52620363,0.50538951,0.50565416,-1.064374,0.29111287,0.45740104,0.56405699,1.4920361,1.7461698,1.3957208,0.8203221,0.92183089,1.7578552,1.5347798,1.3013012,0.34801814,-0.12395917,-0.46781814,-0.42786562,0.57836103,0.3359594,0.32419771,0.28407481,-1.0821158,0.010370674,-0.84590173,0.31471711,-0.76949608,0.047947578,-0.24023671,0.78816175,0.083749384,1.1242487,-0.16855526,0.18312709,-1.3002266,-0.27801508,-0.08235839,0.75591791,-1.1849253,0.53375906,0.10645431,-1.009541,-0.12734629,-1.5493686,-0.55661142,0.50381351,0.72611696,0.65419877,-0.007052328,-1.9470582,0.73185724,0.098007187,-1.2101432,0.76817739,0.04315722,0.229478,0.59853369,0.065063685,0.35320345,-0.2207544,0.13684016,0.62147069,-0.63179123,-1.1979669,0.005726621,0.64972878,-0.37151003,0.2279183,0.046947464,-0.15433933,-0.16361006,-0.20222709,0.25758567,0.50119227,-0.23987886,-0.40297729,-0.44715717,0.10286584,0.51244491,-1.3145988,0.37357375,-0.99594831,-0.33672452,-1.8981808,-1.1479001,-0.30827183,-0.78586555,0.17916,-0.35331196,0.21710528,-0.062044885,-0.1784852,-0.88566631,-0.57621652,0.41529191,-1.1978223,-0.41095769,-0.002012797,-0.030371115,0.22534421,-0.3880468,-1.9279058,0.75858325,0.48625225,1.0236571,-0.27358407,0.41461521,0.41660225,0.10153884,-0.15990967,-0.54811513,0.42361999,-0.79110181,-0.012502544,0.42036089,-0.44696155,-0.71587086,0.20238221,-0.5762645,-0.55853957,0.39471364,-0.51103979,-0.009812136,-0.7504741,0.6553207,0.76704025,0.1899872,0.033143327,-1.8232218,0.73412877,-0.022204533,-0.18467644,-0.056229338,-0.48730296,0.16348708,-0.23728368,-0.77064502,1.1960652,-0.70111138,0.16279276,0.39467293,-1.7892356,-0.16906649,0.14629769,-0.24186644,-0.50674355,-1.1751058,0.27034563,-0.18019852,0.41078144,0.98589379,-0.89424968,-0.31683791,0.047193274,0.11474875,0.009753719,0.27590233,-0.000593752,-0.083765589,-1.4090706,-2.0410221,-0.84721136,0.25619072,0.76080608,0.29615545,-0.34026882,-0.35511336,-0.046149328,1.385222,-0.099045426,0.1606077,-0.24230334,-0.23668715,0.948331,0.18305087,0.28256023,1.7173091,-0.18458286,-2.4844151,-0.0888706,0.51248813,0.1121534,-0.10997166,-0.92514592,-0.12626702,-1.5716602,0.1303214,-1.1836478,0.13658157,0.20425725,-1.0421447,0.068498611,0.30032259,0.79475582,-0.2205366,0.11452587,-2.6704113,0.35269678,-0.64975196,-0.011131026,0.032812551,0.26864421,0.64222813,0.11697535,-0.11196266,0.51226413,-1.6576718,-0.92850512,-0.31124818,0.50015008,-0.41627133,-0.028207466,0.086549781,0.32936266,-0.036445633,0.4596788,0.51407486,0.7139827,-1.0949173,-0.35561952,0.61708581,-0.104518,0.09656325,-0.091907144,-0.2737774,-1.4563252,-0.45364121,0.20870277,-0.44442195,0.25196499,0.93811172,0.37723467,-0.48703897,0.17242494,-0.365511,0.7825793,0.52142638,-0.42269033,0.10614229,1.9519024,0.2080833,0.24646121,-1.0626085,-0.22839984,-2.0536389,1.139511,-1.382715,-0.17163736,-0.1568802,-1.3646139,-0.47572151,0.26231092,0.011837617,0.59095371,0.40780666,0.54400581,-1.9541943,1.1486036,0.10343602,1.3320957,-0.10969342,-1.3702649,0.13535038,-1.103229,0.71876168,0.47839919,-0.90803313,0.40186262,-1.9392314,-1.5320193,-1.4819405,-0.35080391,0.59744316,1.0367506,0.34293574,-1.2319825,0.89512557,-1.065449,-0.12584037,0.336611,-1.3177975,-0.097784042,0.032595754,0.53714657,0.077585615,0.31336066,-0.33287281,0.64732915,-0.004816942,0.8407355,0.044369593,-0.22863899,-1.1538689,0.3908062,1.0858274,-0.75267696,0.71318227,0.54554653,0.33401054,-0.72195393,0.59346056,0.11976378,-0.98880643,-0.7728737,0.072470911,0.13646095,0.052393258,0.82646805,-0.16054288,-0.46337327,-0.64944601,-0.046341881,0.5189395,-0.18426099,-0.054152921,-0.48830286,0.16975617,0.93089378,-1.1257608,0.17392045,0.34556136,-0.56480885,-0.02656199,-0.034997545,-1.4313689,-2.2913191,-0.015591994,0.69207335,-0.011127681,-0.061464846,0.77147502,0.25018615,0.42629138,0.32663035,0.016375363,-0.67216498,0.21341942,0.16976716,-0.37920451,-0.40212545,0.29835603,0.20291612,1.4469514,-1.8273629,0.000523908,1.3931425,1.8617716,0.613922,-1.6366494,-0.43776572,-0.74987698,-0.40797049,0.02557851,0.44071048,1.0231949,0.38534495,0.61378181,0.26273501,0.34622866,0.81544888,0.62218684,1.1855021,-1.3182783,0.18425536,0.13719499,-0.041883215,-0.40291137,-0.15201685,-1.5705925,0.38948298,0.024981564,-0.31224698,-0.1838849,0.45731694,0.17801791,-0.61415166,0.26880229,-0.28744903,0.85952407,-0.15523408,0.59071118,1.1057578,0.38125086,0.10320202,0.75733745,-0.12359025,0.024911851,-0.93903607,0.30740058,-0.99705017,-0.039132416,0.79525787,-0.86829543,-0.71658254,0.64065516,0.24118218,-0.75311774,-1.2615424,0.56115848,-0.74301541,0.023587719,-1.939538,0.28273678,-0.33390963,-0.89141715,-0.57694864,1.1387819,0.27144855,-1.9953711,-1.3673563,-0.49743319,-0.01365502,0.44101,-0.18808228,0.047876079,0.36945248,0.29062223,-0.0762548,0.079520792,0.27622536,0.30429447,0.16278362,0.060455136,0.2144234,-1.6826485,-0.008609276,0.60613704,0.10198674,0.1900257,0.64549321,1.372234,-0.41764081,-0.91858137,-0.3540481,0.21019095,-2.2060001,0.42634699,0.36790919,0.45867711,-0.90976989,-1.5556051,0.4618018,-0.47354198,0.18805312,-0.071884923,-0.009593792,0.76039511,0.15758637,0.33192104,0.27349037,0.086133458,-0.33064386,-0.55649465,-2.2754395,-0.72938287,-1.0860953,0.067237467,-1.1089427,-0.010713071,-0.078563496,-0.22479358,0.09367913,1
0.53093016,0.2905916,0.27969652,0.50951856,0.50612152,0.50938964,0.50779152,0.49701333,0.51543379,0.50593418,0.50374013,0.50245756,0.50131339,0.48953751,0.51726878,0.49170604,0.50707787,0.51881933,0.49870664,0.49809536,0.48307666,0.4916836,0.48737913,0.490453,0.50457114,0.48758823,0.49298313,0.48566526,0.48882613,0.50600159,0.48184317,0.49128312,0.47770727,0.4873755,0.49513578,0.46881339,0.47528642,0.50086999,0.46476245,0.47302401,-0.82264864,0.27709243,0.3757723,0.51178122,1.4532651,1.7327626,1.3113239,0.75017798,0.85219681,1.6975728,1.4785823,1.231895,0.38236767,-0.081605151,-0.10216913,-0.39652917,0.58460009,0.33923444,0.28680557,0.27324423,-1.0451521,0.065606058,-0.58500892,0.32987732,-0.55847347,0.10721631,-0.18417645,0.78067517,-0.21044439,1.0136473,-0.17228886,0.18174995,-1.0170059,-0.24110097,-0.22243936,0.657938,-0.91082025,0.53418672,0.09249264,-0.89521587,-0.063617177,-1.2497536,-0.47447681,0.5299207,0.7211374,0.47158048,-0.006728135,-1.8132125,0.71949023,0.088588238,-1.1212482,0.75950253,0.067231014,0.21181814,0.38137001,0.073618367,0.25744027,-0.27121645,0.066272907,0.58761758,-0.44578058,-0.90658957,-0.026386358,0.74410695,-0.50297594,0.24671057,-0.056510821,-0.14669955,-0.001756802,-0.13853493,0.21522102,0.27450311,-0.19392738,-0.37696645,-0.35664064,-0.087077767,0.66057324,-1.2363458,0.48179448,-0.74943876,-0.26110259,-1.6951431,-1.0370289,-0.4248049,-0.73249507,0.18644968,-0.24654295,0.11575366,-0.1066464,-0.15695439,-1.0023634,-0.63167441,0.42416352,-1.0611416,-0.39602518,0.065017223,-0.18191837,0.41212577,-0.31290048,-1.8535869,0.79762685,0.39145806,0.9207502,-0.28493166,0.32276297,0.22022831,0.064514562,-0.011378258,-0.59597492,0.44399601,-0.69025433,-0.00895761,0.37831458,-0.4374148,-0.6217522,0.19688091,-0.5350287,-0.43956786,0.40385807,-0.58655518,0.005090995,-0.59965616,0.70830846,0.60854411,0.10457369,0.23098195,-1.6010271,0.49436304,0.025616117,-0.22642761,0.14647761,-0.42158192,-0.045646556,-0.24251361,-0.64996523,1.14841,-0.80949068,0.11562764,0.40891895,-1.7054813,-0.080921739,-0.000873983,-0.30249989,-0.29923463,-0.93546546,0.26265043,-0.22862861,0.24163996,0.66572899,-0.75169998,-0.10828674,0.032927148,0.070652619,-0.20511879,0.12363882,-0.022222668,-0.132147,-1.3419285,-1.820564,-0.61470193,0.20924333,0.88864583,0.33372658,-0.31199566,-0.37732494,-0.18737377,0.78432339,-0.11454359,0.21650471,-0.1837642,-0.16563058,0.95863146,0.14672861,0.24556051,2.2656505,-0.30042359,-2.0299957,-0.043099515,0.5510996,0.12907143,-0.18961221,-0.96790612,-0.093940914,-1.3997393,0.22742188,-1.0330274,0.029917538,0.023365818,-1.0577406,0.12556107,0.32688355,0.72815877,-0.008202434,0.063592091,-2.420038,0.44216704,-0.81283176,-0.033168972,0.072153538,0.55383939,0.5673579,0.001201339,0.12768821,0.60695785,-1.5308042,-0.78880328,0.19784017,0.44058439,-0.34181744,-0.046614617,0.13256718,0.25037447,-0.067945704,0.32173556,0.54778731,0.55355138,-0.91651434,-0.30518219,0.35943711,-0.36339316,0.025791526,-0.20758051,-0.2544187,-1.2347021,-0.38381541,0.12233324,-0.12947494,0.24323261,0.92060429,0.30738312,-0.35021183,0.15639532,-0.22794278,0.37473261,0.41387743,-0.48257023,0.00011345,1.545998,0.16330597,0.20867553,-0.90741074,-0.14776546,-1.8491776,0.77255929,-1.290946,-0.18082346,0.0022863,-1.2643628,-0.53640962,0.11280096,-0.094584331,0.68716979,0.55925643,0.6745013,-1.8178153,1.0472704,0.040646862,1.0077453,-0.21424156,-1.11858,0.15753739,-0.90209728,0.70763171,0.30092898,-0.77041274,0.43864214,-1.8862998,-1.334335,-1.2943988,-0.29860798,0.32440227,1.101337,0.26966086,-1.0857403,0.84685171,-1.0712065,-0.13258779,0.25758377,-1.1919049,-0.12198312,0.038345978,0.39242768,-0.066245303,0.23502114,-0.3889778,0.51661456,0.008853743,0.32196724,0.025610998,-0.28711593,-0.84655774,0.40791112,0.74144983,-0.74593484,0.83206201,0.49449161,-0.036912739,-0.75390613,0.6751048,0.31954601,-0.86622572,-0.72890961,0.10163608,0.19532569,0.14091268,0.89224976,-0.13666451,-0.40901953,-0.4256531,-0.078885958,0.52099597,-0.16304156,-0.13103083,-0.53646219,0.13256437,0.62494195,-0.98843664,0.16190153,0.29521883,-0.29086989,-0.035183292,0.19227582,-1.298852,-2.0040584,-0.068158627,0.62533855,-0.086028412,-0.060690224,0.52357924,0.044263482,0.42910761,0.2649394,0.092511922,-0.85370064,0.17102233,0.085695997,-0.34435251,-0.015318036,0.23806848,0.1593125,1.2476523,-1.4703141,-0.10395428,1.1092279,1.4199195,0.71435845,-1.3817068,-0.58580852,-0.85085291,-0.54367602,0.15349379,0.49064788,0.93110198,0.25554156,0.40950698,0.32098162,0.29191542,0.72402954,0.50870836,1.2508184,-1.192163,-0.14479649,0.26762348,-0.13050026,-0.36936462,-0.16462991,-1.4899752,0.33633044,0.003342111,-0.32760239,-0.19635014,0.23043619,0.032027781,-0.46977675,0.27334812,-0.28556222,0.31173232,-0.27496773,0.11816037,1.0100945,0.3925215,0.079040959,0.64654058,-0.15346494,-0.018602263,-0.88595879,0.3407537,-0.92238986,0.14398336,0.90208006,-0.5926522,-0.50239307,0.43663728,0.14246875,-0.70117527,-1.0889987,0.64972639,-0.53178573,0.054518409,-1.721405,0.10318251,-0.26594034,-0.75203431,-0.50131655,0.91773534,0.27980745,-1.8202825,-1.0815457,-0.49568409,0.027816217,0.65541267,-0.24574848,0.077537671,0.27705461,0.24297231,-0.023931593,0.036388919,0.1887562,0.37305281,0.13030453,-0.38397172,0.23232184,-1.3334733,0.053576782,0.5698657,0.19980785,0.21662991,0.43069294,1.2075214,-0.40863997,-0.69416118,-0.4844715,0.14821678,-1.9541847,0.45430011,0.13696417,0.5617668,-0.752621,-1.5844464,0.2938486,-0.35944438,0.34079498,-0.19509155,0.052945092,0.32217962,0.12852138,0.36868209,0.22041857,0.080780759,-0.24380128,-0.48091477,-1.9598353,-0.59568441,-0.86087841,0.097595587,-0.96796387,-0.020488113,0.073784396,-0.26744348,0.060256243,1
0.65479088,0.43133354,0.39100516,0.61650205,0.60186875,0.63069987,0.60977674,0.600972,0.61714303,0.61416459,0.6140697,0.60438496,0.61025405,0.59452432,0.61723423,0.60101783,0.60007334,0.63154018,0.61485738,0.6033873,0.59664005,0.60549879,0.60093987,0.59546363,0.60839236,0.58917242,0.61387467,0.58984846,0.60686827,0.60896951,0.59671187,0.59896564,0.58666849,0.59273612,0.60104162,0.57643294,0.58190119,0.60323542,0.5797509,0.58743137,-1.0295817,0.38033807,0.53665441,0.59374982,1.5199561,1.8338523,1.4603459,0.8726126,0.9937157,1.7984295,1.5594046,1.3577869,0.53408664,-0.14031562,-0.18797031,-0.48446512,0.8154043,0.47594279,0.32714343,0.37844723,-1.1814497,0.010213677,-0.73432112,0.43507925,-0.64579463,-0.051446635,-0.21868165,0.74468541,-0.075049996,1.2145388,-0.19466889,0.24752884,-1.336603,-0.25425407,-0.31905711,0.86707312,-1.0716311,0.66915512,0.049795955,-0.96089756,0.075539581,-1.2617307,-0.73535323,0.4774155,1.0518458,0.48428291,-0.003109641,-1.9579641,0.73466796,0.10783277,-1.2167172,0.75594556,0.031603206,0.06902153,0.40518248,0.006576911,0.39059186,-0.126147,0.066923387,0.7390511,-0.78992844,-1.0463873,-0.062511303,0.78677088,-0.52859163,0.27940932,0.13191414,-0.16874692,-0.093830898,-0.17578509,0.27011782,0.3152495,-0.24793363,-0.3512615,-0.46080813,0.046764493,0.36869356,-1.2095959,0.38525265,-0.85955513,-0.30023679,-1.9208194,-1.0386676,-0.30994773,-0.61098015,0.68767726,-0.42968184,0.20000656,-0.084204338,-0.1266769,-0.81800115,-0.87003517,-0.03326951,-1.2623605,-0.2815727,0.20001851,-0.13404164,-0.061946526,-0.31654006,-1.931637,0.48620543,0.50786042,0.90243703,-0.31512555,0.34450549,0.33280081,0.013333421,-0.41679248,-0.57050788,0.50909877,-0.71181279,-0.026830018,0.57522655,-0.37794143,-0.73622262,0.30597249,-0.54288924,-0.21696621,0.3238284,-0.47753048,0.064017773,-0.79897535,0.7858966,0.63744837,0.4873116,-0.10283802,-1.799577,0.4900434,0.086195439,-0.24125668,-0.1009372,-0.59616184,0.16425046,-0.24969624,-0.90543902,1.1259733,-0.89296091,0.1468139,0.37796721,-1.4972436,-0.09759362,0.30665654,-0.23361588,-0.36656404,-0.93634069,0.3838605,-0.099949479,0.38849512,0.74802905,-0.93366349,-0.17914957,0.08703205,0.11125773,-0.004779682,0.26880395,0.044930264,-0.20481205,-1.4230851,-2.1402817,-0.75894701,0.29169342,0.73672044,0.41005963,-0.45213914,-0.35526317,-0.01592911,0.88583302,-0.16648167,0.056720994,-0.21791124,-0.19305111,1.0114833,0.22890374,0.34918877,1.0297689,-0.1967614,-2.0549142,-0.061342351,0.28813589,0.12696539,-0.12315354,-0.83777273,0.006233715,-1.4576778,0.26154253,-1.1183288,0.072302282,0.22917157,-1.0805329,0.15353066,0.15923014,0.48292953,-0.14856309,-0.33133408,-2.5922594,0.46974409,-0.89910501,0.047653433,0.26909292,0.13817784,0.64860022,0.22244743,-0.14517841,0.772255,-1.5310459,-0.80681902,-0.048933774,0.63607758,-0.43828726,0.10355487,0.1156314,0.29103446,0.012428341,0.45697269,0.52142799,0.81530899,-0.96865368,-0.26320517,0.4961749,-0.34654731,0.10629129,-0.037870154,-0.32320377,-1.4321092,-0.49584791,0.15531126,-0.27601099,0.15387231,0.93517482,0.33530375,-0.54808348,0.20199171,-0.18409471,0.50285083,0.35405147,-0.39383078,0.072057925,1.5121293,0.10779972,0.23339264,-1.1083145,-0.22720687,-2.0384202,1.1225625,-1.1749847,-0.082767293,-0.041117735,-1.8430077,-0.3260079,0.082264982,0.27886516,0.41594818,0.75629741,0.32236543,-1.9509082,1.0617698,0.20155086,1.2564495,-0.13945656,-1.2343677,0.1181107,-1.091092,0.71364403,0.19560811,-0.87698555,0.32045192,-1.9046259,-1.4150149,-1.2900578,-0.55561084,0.4755933,0.53120172,0.38319677,-1.0895047,1.0928738,-0.9594267,-0.11744881,0.30444655,-1.1591212,-0.29303107,0.028269574,0.49292153,-0.089856826,0.29462206,-0.4703359,0.56421363,0.037677143,0.39862654,0.23735431,-0.25953305,-0.89344627,0.58874619,0.97825164,-0.58546424,0.52521974,0.55476034,0.20825809,-0.85962093,0.75981754,0.32775778,-0.76207733,-0.68072999,0.08749529,0.016363941,0.014760762,0.83611608,-0.2378061,-0.48503631,-0.47906265,-0.017197002,0.54229957,-0.27054256,-0.064755082,-0.47917891,0.2034722,0.91412556,-1.0068985,0.16062738,0.35147735,-0.5108431,0.002915181,-0.26003307,-1.2890646,-1.9850905,-0.27095646,0.94628835,0.12591508,-0.13817404,0.7025789,0.23765492,0.64146191,0.42907614,-0.19897619,-0.51069593,0.30811334,0.041578639,-0.47608364,-0.40368298,0.34775841,0.24938801,1.3575976,-1.6868806,0.042257376,1.645786,1.7598805,0.60397565,-1.6386181,-0.49745679,-0.56301224,-0.35590532,0.11940612,0.083927572,0.87333745,0.40274626,0.45749873,0.27719295,0.27842516,1.0252752,0.51902795,1.1853296,-1.061631,0.069757372,-0.10474473,0.01135391,-0.35052228,-0.17129046,-1.9306774,0.4704226,0.034276173,-0.23783767,-0.15980479,0.057523131,0.14188597,-0.48393616,0.24096033,-0.29239663,0.23277029,-0.034867652,0.35314465,0.84091151,0.46037373,0.14188722,0.70354944,-0.11049312,0.22152127,-0.94753808,0.28629076,-1.045911,-0.066434175,0.8916527,-0.80534565,-0.39163628,0.65060002,0.22867358,-0.48391572,-1.1154014,0.55663109,-0.51839155,0.086707607,-1.8476043,0.19301072,-0.2963174,-0.73722315,-0.55162483,1.0881803,0.28741902,-2.0059247,-1.1731448,-0.50641054,-0.012310692,0.30648172,-0.18806809,0.048675776,0.40145236,0.34981194,-0.11406215,0.25854793,0.23475209,0.23243871,0.18197067,-0.39042413,0.25045884,-1.5850943,-0.012757847,0.45170787,0.22236717,0.30406579,0.51790184,1.5375118,-0.40621668,-0.80174226,-0.45476568,0.2900027,-2.0557625,0.54153937,0.40345219,0.50747061,-0.77676445,-1.5028032,0.43812197,-0.35823509,0.71554947,-0.12923424,0.20258486,0.32146001,0.19788986,0.43701372,0.13150638,0.11857474,-0.2013815,-0.44010073,-2.2255609,-0.60291767,-0.97745639,0.21075851,-0.95022964,0.015962154,-0.18964098,-0.2859754,0.24299963,1
0.58883202,0.39253807,0.34827518,0.5395025,0.53176403,0.54862654,0.52755338,0.52149689,0.529845,0.53315461,0.52350104,0.52669442,0.52782613,0.50816095,0.53157371,0.51651323,0.52436876,0.54971182,0.53519005,0.51535845,0.51330233,0.52219355,0.51735771,0.51488721,0.52584493,0.5168162,0.52546597,0.51542586,0.51684576,0.52363312,0.51724136,0.51924539,0.50441635,0.51140344,0.51617324,0.49823689,0.49802491,0.51793981,0.49734935,0.50678641,-1.1311219,0.33759791,0.67737174,0.72610909,1.6313579,1.7859991,1.619989,1.0189768,1.1537925,1.9518747,1.6909338,1.5049803,0.5055691,-0.15574168,-0.17618331,-0.35818911,0.77063549,0.44618925,0.40979534,0.36145788,-0.89492339,0.015765231,-0.60268843,0.42889127,-0.54595453,-0.054836653,-0.25520864,0.75861806,0.131961,1.2901341,-0.26375249,0.24745378,-1.3220463,-0.19935305,-0.15356775,1.1141962,-1.1432076,0.66075289,0.16244158,-1.0237395,-0.022879574,-1.3023839,-0.51711589,0.47280151,1.014792,0.71038878,0.002423346,-1.9254502,0.98809671,0.20657365,-1.2525659,0.85797983,0.046188146,0.091646969,0.58494544,-0.010300204,0.36307329,-0.39752427,0.092183195,0.72793889,-0.7223736,-1.1358887,0.000707105,0.72238576,-0.41464326,0.19585061,0.19192015,-0.17771238,-0.079458758,-0.25096527,0.27925709,0.59052444,-0.24850905,-0.44573036,-0.59453815,0.32005423,0.59430128,-1.3541439,0.43110847,-1.048828,-0.29834649,-1.9418968,-1.2811528,-0.3217918,-0.65422809,0.18304303,-0.43645337,0.17397706,-0.099034257,-0.3437593,-1.0029261,-0.77069306,0.6170612,-1.2634165,-0.36594173,-0.074683577,-0.078010261,0.20669419,-0.51614505,-2.0917001,1.0596796,0.57225043,0.97730708,-0.3259635,0.45727295,0.37900758,0.079747863,-0.15896821,-0.53252035,0.36926955,-0.78115082,-0.033463538,0.48776683,-0.51506341,-0.85995352,0.13108835,-0.69189918,-0.68569636,0.41371611,-0.52839816,0.078967743,-0.75758779,0.80673182,0.83431846,0.14251834,0.022419173,-1.8491037,0.65989614,0.072224766,-0.22618687,-0.075139768,-0.58795619,0.1113219,-0.20334159,-0.79161924,1.2811757,-0.87079406,0.18495649,0.54810637,-2.0987153,-0.16532093,0.15863189,-0.27773356,-0.4612391,-1.2974463,0.32002896,-0.14675677,0.44541523,0.91624886,-0.86128932,-0.24560919,0.0830319,0.07928358,0.046943113,0.27036923,0.089467831,-0.17726555,-1.466826,-2.0994482,-0.7724539,0.34933043,0.72911924,0.33586681,-0.39088565,-0.41566145,-0.071700454,1.5406687,0.008537442,0.12519376,-0.3567225,-0.33750036,0.95443666,0.17755127,0.35413066,1.3418553,-0.29250973,-2.5418622,-0.067599483,0.64268321,0.048114482,-0.20435473,-1.01926,-0.078298911,-1.6895943,0.26481229,-1.582518,0.36636356,0.033322886,-1.0572648,-0.026307594,0.12896729,0.71955895,-0.1649285,-0.097931087,-2.9170995,0.44719759,-0.71687657,-0.022628672,-0.11532674,0.37703794,0.65221179,0.25698239,-0.077175081,0.54952615,-1.8599789,-0.94897008,-0.3628113,0.66962767,-0.41085938,-0.042918205,0.20507064,0.35593206,-0.012968179,0.47894955,0.40109891,0.89371192,-1.0962241,-0.33105534,0.96646249,-0.21402059,0.20329304,-0.18689984,-0.26725256,-1.3251184,-0.43908033,0.17460439,-0.43461093,0.28952491,1.1746039,0.37879482,-0.51215994,0.24152943,-0.41922417,0.70559478,0.69167155,-0.31329146,0.10489199,2.0009813,0.18793648,0.22715969,-1.1046312,-0.27656534,-2.1863575,1.2359093,-1.5340642,-0.31444076,-0.051845208,-1.349332,-0.45107105,0.30499744,-0.045172334,0.53388166,0.73960751,0.47155547,-2.1351395,1.2101499,0.19518991,1.5262859,0.010246959,-1.2520756,0.08101593,-1.1581841,0.67225903,0.16035047,-0.93815804,0.39472184,-2.2049661,-1.6295446,-1.6160375,-0.32836646,0.50039816,0.86875355,0.35575432,-1.2897538,0.9992311,-1.3024881,-0.24002257,0.45330125,-1.4412439,-0.13146934,0.052640527,0.67426062,0.003868654,0.36663356,-0.36161479,0.8229152,0.021425406,0.72827101,0.072119743,-0.24038824,-0.92749131,0.61977381,1.1507308,-0.84445411,0.81992567,0.61955869,0.38143018,-0.8461442,0.73809689,0.22421719,-1.120767,-0.67919052,0.11816552,0.071485937,0.052964211,0.90725672,-0.25640571,-0.62942785,-0.52950346,-0.031065749,0.64047474,-0.22468682,-0.093893118,-0.50714713,0.26640022,1.1281695,-1.2576039,0.16889173,0.39567077,-0.64928699,-0.088391498,0.2112225,-1.5797467,-2.3210392,-0.15744743,0.80027145,0.096610606,-0.17914715,0.781003,0.20934856,0.51668698,0.37946901,-0.087022126,-0.7163415,0.27858302,0.13268411,-0.35823214,-0.39660835,0.32736778,0.27963468,1.4137183,-1.7822429,0.024811467,1.6730275,1.9396421,0.55714035,-1.5846376,-0.50199038,-0.67536181,-0.32269698,0.14287965,0.23626533,1.0529345,0.03496629,0.75825995,0.28177935,0.24166882,1.0131168,0.5759567,1.2068243,-1.215827,0.27239147,0.17487955,-0.094302416,-0.40526175,-0.040457025,-1.7902591,0.44322586,0.043532372,-0.2904065,-0.1697734,0.466281,0.21014026,-0.62070906,0.24442059,-0.21823421,0.68242323,-0.32154265,0.72082669,1.1247052,0.36816418,0.10338935,0.76077163,-0.11250895,0.005548944,-1.0515966,0.36174065,-0.97940075,-0.056927919,1.0307596,-0.88021231,-0.55282742,0.55053008,0.3568221,-0.81164396,-1.3820986,0.66781247,-0.70520335,0.050277602,-1.8337567,0.26493198,-0.28167957,-0.89620084,-0.53484058,1.2475513,0.30736074,-2.2256398,-1.3224463,-0.46972844,-0.000247194,0.35408759,-0.11585504,0.095108286,0.48987582,0.34522319,-0.15453792,0.22582877,0.35776502,0.4285115,0.005954966,-0.052730776,0.33056191,-1.6900947,0.22843881,0.57079762,0.21670555,0.24500942,0.57592589,1.3945951,-0.44060299,-1.0309637,-0.4315446,0.40038261,-2.1303825,0.55248404,0.23389211,0.4891786,-0.99303347,-1.6816671,0.4511798,-0.421583,0.41749942,-0.027119339,-0.019252837,0.81720889,0.13998409,0.42568499,0.39694393,0.071418747,-0.35509092,-0.46246797,-2.4459786,-0.7759245,-1.2164444,0.19434115,-1.2076136,0.2551423,-0.11907869,-0.27489474,0.15104149,1
0.47383034,0.27282366,0.23273566,0.44149011,0.43258268,0.45617551,0.43676975,0.41836536,0.43257263,0.43478373,0.42454928,0.42751682,0.42941225,0.41361442,0.43410623,0.41872644,0.42520231,0.45177117,0.43312219,0.41293395,0.41171369,0.41807693,0.41307104,0.41114527,0.4230957,0.40964895,0.42461276,0.41104567,0.41632509,0.42278272,0.40813524,0.41874707,0.40020102,0.40426591,0.41271642,0.39381182,0.39587265,0.41193986,0.39507508,0.40185124,-0.90382624,0.21690649,0.32847506,0.4340235,1.3560901,1.6662652,1.2558745,0.67134774,0.78289247,1.6131252,1.394557,1.1587622,0.38326794,-0.19131604,-0.21290508,-0.37476248,0.58108073,0.35179567,0.30667007,0.27061287,-0.99658459,0.009553965,-0.61352712,0.29470396,-0.66766852,-0.021201037,-0.14042962,0.58871186,0.069390833,1.3824617,-0.18017565,0.16771033,-1.0475036,-0.23593698,-0.069072589,0.89827108,-1.0592148,0.51070189,0.088445798,-0.83152544,-0.15690979,-1.1758398,-0.49345994,0.28052676,0.73732054,0.60002977,-0.054830424,-1.6685838,0.70059186,0.10775499,-1.0690186,0.5756886,0.005250972,0.008832082,0.47412062,0.030767471,0.29412872,-0.35937607,0.023405038,0.53331447,-0.41277802,-1.0048012,0.033027645,0.49307269,-0.26442301,0.37433928,0.029893251,-0.23418483,0.059829339,-0.28558591,0.42237255,0.69132638,-0.17526847,-0.34519199,-0.42175794,-0.039069027,0.46852437,-1.0629135,0.34580231,-0.80547595,-0.31837943,-1.7313523,-0.85387653,-0.18816912,-0.60911727,0.2356261,-0.37367332,0.130383,-0.13437168,-0.15161651,-0.58753258,-0.71632731,0.21650212,-1.0099502,-0.12288627,-0.079577081,-0.025535777,0.17414759,-0.4603526,-1.5137665,1.0674214,0.45562077,0.73369694,-0.12269303,0.44052422,0.34930611,0.034894902,-0.25644991,-0.36293179,0.30058882,-0.44840491,-0.12948112,0.37226656,-0.20830145,-0.72235888,0.067533337,-0.47974724,-0.42511255,0.34656748,-0.3481397,-8.82E-06,-0.77870065,0.63223469,0.76256645,0.10620781,0.05890644,-1.7054375,0.47486731,-0.014007088,-0.17438526,0.020704716,-0.49283946,0.026987759,-0.15483581,-0.67889357,0.98374069,-0.7272191,0.10901561,0.455044,-1.4607447,-0.23050576,0.25929835,-0.064621545,-0.45659319,-0.89535236,0.37651253,-0.12762579,0.23304209,0.77567905,-0.69937259,-0.25027955,0.068311855,0.21396543,0.18399294,0.30030063,0.10301591,-0.28319699,-1.1737362,-1.7098665,-0.70335698,0.25211146,0.55315143,0.2657598,-0.41587317,-0.27419093,0.048934132,1.4850806,-0.082675539,0.17547368,-0.23461923,-0.23879124,0.96379906,0.12892057,0.2541914,0.95170611,-0.10802869,-2.1740022,-0.15325353,0.50369662,0.01093331,-0.25162452,-0.70066798,0.11200518,-1.401877,0.17721008,-1.4296379,0.1024456,0.20316318,-0.80082613,0.064742476,0.11925319,0.40298101,-0.15473422,-0.18822038,-2.442657,0.23906004,-0.73575956,-0.058308739,0.098646536,0.13405751,0.47883448,0.1235633,-0.17366718,0.70598376,-1.3913521,-0.86196113,-0.40424034,0.45296925,-0.4387899,0.12318139,0.25192258,0.41524231,0.047407679,0.42054838,0.4117589,0.72732121,-0.914698,0.18492809,0.60525769,-0.14814433,0.20660973,-0.037329346,-0.27670896,-1.1513282,-0.3738457,0.12168908,-0.52398092,0.28008685,1.0485789,0.33751544,-0.45601958,0.19785641,-0.44625437,0.56275678,0.49588639,-0.29946512,0.058027111,1.6223838,0.13764177,0.18386075,-0.69995952,-0.23413034,-1.7948337,0.94589603,-1.2871473,-0.1755825,-0.14804038,-1.4391435,-0.24501339,0.20031396,0.42788148,0.63681418,0.35717195,0.36669421,-1.7690884,0.94191337,0.11597904,1.1349783,-0.009458363,-1.155524,-0.009009831,-0.86136806,0.58367312,0.29596913,-0.7671715,0.23857763,-1.6443738,-1.4397756,-1.4297467,-0.32847956,0.39082494,0.56300217,0.24831907,-0.90359795,0.75790578,-0.96393585,-0.19984937,0.35884726,-0.99211049,-0.1618613,0.022930434,0.50938445,0.031930905,0.3654387,-0.13249213,0.68531877,0.039442867,0.59822035,-0.011167537,-0.087290406,-0.81187254,0.42280141,1.0246787,-0.47479466,0.4984518,0.48731756,0.47152075,-0.634682,0.6600005,0.20249848,-0.81286103,-0.5075826,0.10155301,0.058009677,0.100936,0.78878188,-0.240325,-0.46960455,-0.53034317,-0.002582936,0.52336609,-0.26600626,0.064562932,-0.34080708,0.1504478,1.0371728,-1.0164226,0.16314423,0.28195304,-0.55569351,-0.088918403,-0.19629249,-1.2412143,-1.8085425,-0.26814848,0.59253788,0.070500858,-0.077229679,0.58515239,0.14260375,0.51443797,0.26769769,-0.087405093,-0.48755696,0.20254996,0.10577979,-0.19202551,-0.16753411,0.26736367,0.14950201,1.1295321,-1.5171812,0.00252018,1.3709239,1.654155,0.4780013,-1.3780142,-0.26878038,-0.43381399,-0.20073977,0.10657617,0.25491357,0.74005318,0.48270527,0.39739928,0.33468211,0.16666192,0.74071002,0.63253433,0.9110558,-0.92838907,0.21568872,0.25999832,0.1325784,-0.30920002,-0.18660361,-1.5401241,0.32657403,0.013814062,-0.31288257,-0.16832586,0.30750734,0.14088157,-0.63126916,0.1761277,-0.21277425,0.43533093,-0.091386184,0.54284972,0.97854257,0.3390823,0.036169212,0.59754497,-0.092363477,0.063533098,-0.88207561,0.37984753,-0.65688795,0.00013572,0.83759791,-0.73357528,-0.44898853,0.42812186,0.31544441,-0.47810531,-1.1696187,0.62799072,-0.56315565,0.11683165,-1.7499862,0.26013851,-0.26709586,-0.64782161,-0.45644426,0.92366821,0.31823051,-1.8618549,-1.2677753,-0.4119727,-0.013787701,0.30388787,-0.085356876,0.067384839,0.38744494,0.23159951,-0.17690548,0.28909695,0.29547217,0.29742172,0.17781805,-0.013190769,0.22574893,-1.4125788,-0.012191607,0.29963452,0.0790461,0.21732599,0.54676527,0.85884935,-0.37502727,-0.94652277,-0.34997341,-0.03701055,-1.8833482,0.36035463,0.3012515,0.37282777,-0.66678518,-1.2736418,0.35652852,-0.51353544,0.082179561,-0.05172424,0.004108034,0.51950032,0.11388612,0.33266956,0.35668531,0.042783361,-0.23587316,-0.32160988,-2.1773262,-0.60054123,-0.86289811,0.18354002,-0.79242116,0.18887138,-0.12928709,-0.248492,0.10841278,1
0.5367642,0.34622407,0.29390869,0.4884485,0.48686385,0.50325871,0.47837132,0.47828236,0.49367464,0.49411193,0.48848066,0.48144358,0.47363877,0.46688756,0.48478103,0.47426051,0.47072411,0.50335968,0.47597659,0.46362752,0.46055216,0.46791959,0.46806315,0.46223956,0.47063547,0.46517491,0.48262244,0.46488583,0.46573669,0.47151923,0.46982259,0.46487755,0.46885675,0.46961164,0.46714509,0.44360709,0.44846249,0.4633314,0.44529885,0.45419782,-1.0789722,0.28638101,0.52070493,0.57166737,1.4734461,1.8278902,1.4430928,0.85372597,0.98269886,1.7828159,1.5348005,1.3429675,0.39604962,-0.21479587,-0.22355984,-0.37091318,0.65311491,0.39349192,0.38471204,0.31282777,-0.88420498,0.046522345,-0.55331481,0.37075308,-0.78859288,-0.025932804,-0.1995187,0.67408574,0.21870604,1.4197514,-0.1865733,0.24534023,-1.2513095,-0.2143248,-0.083942793,1.0739677,-1.2378227,0.55491531,0.11075273,-1.0065719,0.051848695,-0.94279599,-0.63229698,0.44807428,0.89340222,0.71446961,-0.063059166,-1.8118,0.83699697,0.14758261,-1.137423,0.76305521,0.025402857,-0.024597902,0.45418644,-0.041750446,0.33547127,-0.3543787,0.035545118,0.57101011,-0.89908069,-1.0810872,0.036721062,0.67573553,-0.49331301,0.18043372,0.24722357,-0.23931292,0.081867233,-0.24824519,0.32914096,0.75443816,-0.26062185,-0.33583516,-0.38011926,0.20913585,0.37956968,-1.1319609,0.41557598,-1.0242417,-0.35406667,-1.8499686,-1.0210998,-0.14607957,-0.45448267,0.33264506,-0.43806979,0.14372849,-0.10589395,-0.17359833,-0.83017427,-0.63763607,0.13797796,-1.2025348,-0.16150531,-0.032124981,-0.097659752,-0.011058956,-0.43070269,-1.7631717,0.78867894,0.52512789,0.86008513,-0.34522015,0.50218111,0.34319156,0.001395799,-0.42862248,-0.39911515,0.34980735,-0.75195771,-0.15955815,0.4567737,-0.29712704,-0.85217041,0.090133712,-0.64243424,-0.52385747,0.34903768,-0.39433667,0.016333872,-0.8745712,0.71263051,0.73905182,0.21301845,-0.004018161,-1.7871338,0.4989292,-0.060478173,-0.23743811,-0.10732837,-0.65604782,0.034105532,-0.15061164,-0.76907635,1.0927749,-0.94045305,0.12722555,0.48948801,-1.4907261,-0.19607739,0.33000574,-0.10692609,-0.35744897,-1.0475281,0.35298929,0.01816465,0.50807351,0.98859239,-0.82474148,-0.33126971,0.080358028,0.026922643,0.2321827,0.32935598,0.16366281,-0.27096152,-1.4079804,-1.955874,-0.85679114,0.30371138,0.61739755,0.42842239,-0.4727675,-0.37236008,0.055095986,1.3870071,-0.2448148,0.03044801,-0.27170262,-0.23532927,0.9030112,0.15938911,0.31772557,1.3372817,-0.26116911,-2.3532057,-0.04943284,0.57808989,0.045814835,-0.13606749,-0.81396973,0.081517771,-1.5572792,0.20299415,-1.4192561,0.2341567,0.17519125,-0.88508058,0.07240583,-0.028630137,0.52100438,-0.16638145,-0.40990248,-2.6716909,0.4352839,-0.79177552,-0.01254908,-0.030506417,0.22304815,0.61045796,0.1859279,-0.1999037,0.68201578,-1.5245826,-0.8605814,-0.36608219,0.49369892,-0.50726932,0.22668394,0.2136384,0.44726935,0.062324878,0.44332278,0.31430411,0.71115243,-1.0378989,-0.32536203,0.793419,-0.16426039,0.29007289,-0.087272204,-0.23943171,-1.3019005,-0.43227223,0.10856514,-0.4545415,0.33301735,1.2503818,0.37083778,-0.51426554,0.241367,-0.3101573,0.67830324,0.64456141,-0.41004744,0.091739006,1.7752668,0.1538054,0.18308616,-1.0753394,-0.24273095,-2.0629728,1.0930473,-1.1644788,-0.2900863,-0.12162776,-1.6040013,-0.31308037,0.2355334,0.18434599,0.62580752,0.67031801,0.26426274,-1.9745537,1.0504421,0.11402535,1.3060033,-0.058309805,-1.1800849,0.037482157,-1.0805765,0.60637724,0.18157561,-0.92742419,0.3978028,-1.9041095,-1.6506921,-1.4319881,-0.4415819,0.63366896,0.79435152,0.32356137,-1.0218582,0.84634984,-1.1032225,-0.1690941,0.48470932,-1.1531945,-0.12862356,0.046933118,0.59286422,0.038214199,0.4025197,-0.22891334,0.41814783,0.039453581,0.55286944,0.003819116,-0.09516912,-0.95704734,0.47719079,1.1198364,-0.49248073,0.72015297,0.56515455,0.41625309,-0.78272176,0.7386145,0.31747398,-0.87642038,-0.56071651,0.1010986,-0.002769008,0.063531771,0.80366164,-0.26083446,-0.64858419,-0.54141015,-0.005339176,0.60241812,-0.18557647,0.07511425,-0.38747513,0.1724536,1.2684166,-1.0005656,0.18043037,0.31180152,-0.73178321,0.048382293,-0.41403428,-1.3993715,-2.0291812,-0.36337671,0.68197393,0.134141,-0.15838675,0.74833655,0.26632711,0.61135077,0.33056432,-0.19493744,-0.67362863,0.25489333,0.078151233,-0.29520425,-0.5986371,0.25056934,0.24087781,1.3120745,-1.8143233,-0.044913765,1.7814953,1.8770156,0.48101631,-1.447059,-0.21038376,-0.54102361,-0.21717466,0.082253382,0.24539343,0.83800572,0.63821411,0.52303457,0.23470318,0.20654602,0.89247108,0.69322151,1.2205441,-1.0383205,0.27654725,0.27740175,0.10532203,-0.33579466,-0.1837298,-1.7519064,0.39773631,0.069492131,-0.37108806,-0.1733126,0.27694005,0.19683863,-0.40493217,0.22110659,-0.28158912,0.38011542,-0.18532678,0.58304566,1.1860833,0.34533191,0.027547451,0.66890758,-0.010851592,0.12183328,-1.0110368,0.37153071,-0.88025403,-0.018980011,0.88099778,-0.87034243,-0.55785239,0.45138043,0.36177924,-0.58961868,-1.2464136,0.65448153,-0.68265897,0.18238111,-1.7859548,0.34211126,-0.25158,-0.7617113,-0.51313645,1.1664373,0.32897317,-2.0878496,-1.2870268,-0.43985695,0.001062005,0.24943621,-0.032996934,0.10356448,0.44673577,0.28723422,-0.17293714,0.24762999,0.38017839,0.44380996,-0.020537131,-0.26612756,0.25697097,-1.5166094,-0.011357989,0.33469105,0.14316204,0.22295417,0.72726583,1.4807577,-0.42508012,-0.91978437,-0.40012166,0.34991449,-2.0768714,0.47300231,0.25308064,0.43560743,-0.81342453,-1.4170386,0.36545682,-0.5103218,0.73364663,-0.049527086,-0.049474403,0.37556067,0.10903268,0.38993528,0.44731089,0.013484325,-0.15314443,-0.32352233,-2.3437414,-0.74582237,-0.97896796,0.089036867,-0.9135378,0.23106275,-0.071889423,-0.26131937,0.093519948,1
0.54235101,0.34370324,0.2933107,0.50931478,0.49322802,0.51428986,0.49363637,0.47782275,0.5075888,0.49616438,0.502195,0.4920612,0.48842615,0.4733848,0.49750915,0.480138,0.48849964,0.52189314,0.49793065,0.48427117,0.477171,0.47598317,0.47715807,0.47522935,0.49387774,0.47076786,0.48482138,0.47480655,0.47546357,0.49134779,0.47798926,0.47582215,0.46260446,0.47517359,0.47653192,0.46107167,0.46080673,0.48590085,0.45070809,0.47274312,-1.0834253,0.27903834,0.33236873,0.41409421,1.3280256,1.6745255,1.2293131,0.66735876,0.77600425,1.5993789,1.371459,1.1415675,0.37462145,-0.20193644,-0.24090362,-0.46121129,0.59251857,0.31553471,0.33480921,0.28232339,-0.75749505,0.093073294,-0.53810447,0.35353386,-0.86947638,-0.13250646,-0.13742939,0.90017486,0.26925397,1.3685008,-0.2170331,0.22314313,-1.1599971,-0.2890245,-0.060923535,0.75570905,-1.221828,0.47583979,0.24396977,-0.9474659,-0.094224416,-1.1588284,-0.61141986,0.51254535,0.70423359,0.65535092,-0.051939785,-1.7484975,0.70969689,0.1831283,-1.0181378,0.66588974,0.028598182,0.0844699,0.51429522,-0.029523488,0.38781092,-0.42481315,0.021220978,0.55968612,-0.59631145,-1.1503434,0.059470296,0.57708448,-0.34009102,0.25024718,0.11821541,-0.20311871,-0.067718595,-0.3208552,0.40234661,0.77740371,-0.27372089,-0.2908439,-0.40134507,0.3627739,0.38054395,-1.2216003,0.40626296,-0.93746817,-0.42204201,-1.8945928,-1.0760075,-0.10502536,-0.45763797,0.27121401,-0.41423807,0.17956108,-0.1800645,-0.24239637,-0.80147642,-0.52735925,0.51057029,-1.1728367,-0.23015341,-0.12538178,0.033920482,0.38580555,-0.5249964,-1.8211946,0.48473561,0.51290745,0.88296944,-0.18551196,0.50475013,0.2693415,0.075012267,-0.24607484,-0.26520079,0.3619101,-0.54464495,-0.069906913,0.36019275,-0.34612086,-0.83781314,0.049054749,-0.63791651,-0.64254004,0.46188843,-0.48534608,-0.056551352,-0.67187357,0.8540675,0.69896716,0.053073261,0.0575766,-1.8675631,0.76857746,-0.036975633,-0.10412507,-0.051553316,-0.55368137,-0.059254348,-0.17258732,-0.68290424,1.1173782,-0.67752957,0.070129715,0.43349007,-1.7391589,-0.24738988,0.29329967,-0.096046232,-0.46136156,-1.0430894,0.40917635,-0.025480926,0.25671086,0.91562849,-0.72892779,-0.17685691,0.054134376,0.13102341,0.1492458,0.47641855,0.14704609,-0.043404676,-1.3024,-1.8929123,-0.75247204,0.27126437,0.71174312,0.39630395,-0.4411135,-0.31612739,0.038481496,1.6438785,-0.22130294,0.1234013,-0.33413351,-0.31565201,1.2425239,0.11609732,0.28665006,2.183357,-0.066140547,-2.4685049,-0.031371437,0.56037486,0.021178143,-0.1958314,-0.80007225,0.12459739,-1.6658115,0.19576158,-1.2671473,0.53379446,0.16885559,-0.82408249,-0.046062298,0.13021637,0.67295837,-0.20950785,0.026001841,-2.7052994,0.33327752,-0.73231757,-0.083703727,0.092971027,0.2677184,0.64789033,0.086123422,-0.18885353,0.56224012,-1.7089736,-0.9850527,-0.044064641,0.51181048,-0.54491508,0.15362644,0.28059894,0.38734376,0.030786023,0.41841313,0.55804157,0.70600557,-0.99712741,-0.47056806,0.59983629,-0.034786642,0.2798914,-0.049194679,-0.2386274,-1.2807993,-0.48312742,0.093700461,-0.41164061,0.45869449,1.1325032,0.35634255,-0.41553992,0.20497228,-0.36614105,0.66778111,0.57464945,-0.46667245,0.026516557,1.7078685,0.12655899,0.14558196,-0.97460794,-0.26597691,-2.0347059,1.0491623,-1.2712291,-0.21429652,-0.17615692,-1.3438749,-0.24774921,0.28161851,0.16352662,0.59006268,0.53767991,0.54505998,-2.0969057,1.1039504,0.10311428,1.1511552,-0.029232677,-1.1925952,-0.073334418,-1.001121,0.7217896,0.41175371,-0.85667121,0.21811821,-1.9139636,-1.6113888,-1.5515091,-0.42917404,0.5617317,0.67578655,0.27063462,-1.0626251,0.78077257,-1.2357569,-0.1644852,0.36633804,-1.085518,-0.090859346,-0.009465493,0.64944375,0.064097255,0.29973206,-0.19473025,0.61002374,0.07207711,0.85344827,0.031712852,-0.1561911,-0.69663912,0.37864444,1.0042992,-0.60333431,0.7568574,0.5149495,0.56472534,-0.68194306,0.56878269,0.33762023,-0.99819881,-0.6595071,0.042724587,0.11826062,0.17037761,0.74081832,-0.24829628,-0.51880634,-0.55167592,-0.003654409,0.46811748,-0.31372225,0.098537318,-0.3400028,0.14884269,1.1321276,-1.1525263,0.16434993,0.26606184,-0.70554692,-0.014692712,-0.24554199,-1.5398176,-2.1818752,-0.10297212,0.57550484,0.026419818,-0.044548273,0.6956864,0.27435318,0.46872565,0.23405038,-0.067271635,-0.62649059,0.17935626,0.021717645,-0.17623568,-0.38946903,0.24603094,0.048704356,1.2587483,-1.7449808,-0.13101465,1.6388675,1.6712134,0.49486333,-1.4414263,-0.24242079,-0.64139342,-0.23587966,-0.0390113,0.51441473,0.94777775,0.98691392,0.50290263,0.29026508,0.14891133,0.95662922,0.69048429,1.0923829,-1.0648072,0.25476438,0.29458079,0.023411132,-0.4761281,-0.15581432,-1.6124297,0.34030792,0.008132827,-0.42915374,-0.33311203,1.7969223,0.10640843,-0.61654907,0.25913891,-0.31950718,0.33443385,-0.15970938,0.44326088,1.0543255,0.29540199,0.09152294,0.67900383,-0.028284181,0.003148818,-1.0450475,0.42394865,-0.73507392,0.24633917,0.88857388,-0.99020898,-0.48858732,0.54711962,0.36689496,-0.65854502,-1.2605115,0.58768731,-0.58753371,-0.028918732,-1.8799042,0.34662378,-0.20193499,-0.63384241,-0.5861361,0.99448991,0.36436111,-1.8971921,-1.297471,-0.4055635,0.018416014,0.37959152,0.024979083,0.053855702,0.47585019,0.21039294,-0.097299196,0.23888043,0.35818142,0.4101429,0.020481467,0.087318987,0.17069486,-1.5052407,-0.036653094,0.46927175,0.082631901,0.23826037,0.68635482,1.1317909,-0.46453577,-1.0214607,-0.42676455,0.016780846,-2.2166529,0.31188774,0.33712891,0.4006716,-0.76898944,-1.4546875,0.29719353,-0.65592557,0.16487786,-0.090492904,-0.062479224,0.80972141,0.089207239,0.33154508,0.40063047,0.041025657,-0.16507567,-0.477198,-2.3114152,-0.80819565,-0.95663381,0.012692854,-0.99388605,0.33303559,-0.16859536,-0.29600313,0.035554778,1
0.48485261,0.26426619,0.2253805,0.47384548,0.47474271,0.48615748,0.47572076,0.45583862,0.46982244,0.46918008,0.45668328,0.46263611,0.4715122,0.44691041,0.47302735,0.43783519,0.46309075,0.47284734,0.47158018,0.45102811,0.44882643,0.45907658,0.44574577,0.44035956,0.46403325,0.44932291,0.46444702,0.44459087,0.4491964,0.46300605,0.43789798,0.4605121,0.43620193,0.451381,0.45082071,0.42638123,0.41620666,0.44950235,0.4361169,0.44182485,-0.882936,0.2156902,0.31586516,0.43541524,1.3636492,1.6421168,1.2239165,0.67077416,0.78521734,1.6083859,1.384218,1.1612288,0.36191872,-0.2004409,-0.26153034,-0.32511908,0.56734592,0.33509174,0.29269576,0.26912415,-0.94406879,0.017002195,-0.50371468,0.31244472,-0.77446014,0.057110205,-0.1925782,0.58470625,0.19461188,1.2263051,-0.2317518,0.1708948,-0.99615264,-0.26328483,-0.039639574,0.7966525,-1.1101141,0.45554984,0.16639289,-0.79814541,-0.14087519,-1.1115944,-0.49435881,0.41847503,0.7198385,0.55847967,-0.05278777,-1.6069133,0.63297522,0.10742748,-1.0208524,0.72870785,0.018639952,-0.048640445,0.41298738,-0.027720302,0.3099193,-0.34130627,0.045228813,0.52197319,-0.53166395,-0.97117269,0.041846309,0.5544377,-0.29423836,0.24971852,0.097315051,-0.20294906,-0.010640681,-0.25078988,0.35127959,0.69630492,-0.168163,-0.36317754,-0.29741395,0.36711475,0.23562399,-0.98080081,0.34565797,-0.83356428,-0.3525793,-1.6402602,-0.8845548,-0.10687557,-0.48231855,0.15988444,-0.39386848,0.12117613,-0.13984337,-0.1867038,-0.69511366,-0.52664721,0.080288529,-0.99674535,-0.13187174,-0.068472914,0.065185718,0.098708495,-0.47115979,-1.4971809,0.28650868,0.41171873,0.73103005,-0.122233,0.44825223,0.25714901,0.039162401,-0.3803246,-0.31121752,0.35006538,-0.46936008,-0.16145042,0.36504614,-0.20220776,-0.71407247,0.1138118,-0.54076838,-0.49891278,0.34860021,-0.33795887,-0.004455037,-0.6592297,0.61558926,0.63478321,0.109937,0.079019077,-1.4658611,0.59815472,-0.1018205,-0.13275917,-0.015057929,-0.47866407,0.011488952,-0.082619481,-0.64884585,1.0007181,-0.60879719,0.10119706,0.37076473,-1.4811023,-0.14687821,0.22100486,-0.074213989,-0.41779229,-0.89621854,0.43066895,-0.044255972,0.42315775,0.74097586,-0.66802746,-0.17224929,0.032386374,0.19187641,0.2280013,0.30272877,0.095930435,-0.23306371,-1.14452,-1.6507362,-0.69588029,0.22994001,0.67243516,0.29925305,-0.42003727,-0.45568639,0.07752081,1.4336137,-0.078377426,0.11063272,-0.20469113,-0.2301421,1.0780562,0.15627383,0.24363434,1.147763,-0.10027596,-2.2751255,-0.073636778,0.37982255,-0.023548996,-0.12020847,-0.64573324,0.0672272,-1.3835477,0.18523768,-1.0275388,0.34871835,0.12578149,-0.75853401,-0.005682612,0.24589275,0.55943596,-0.22272941,-0.15860347,-2.3959,0.35885942,-0.69673759,-0.080708981,-0.091333859,0.1133966,0.55946195,0.11051711,-0.14730561,0.63654268,-1.4286052,-0.72297001,-0.33497745,0.37156868,-0.47448635,0.12268806,0.20516366,0.38532388,0.10779968,0.34039026,0.47916302,0.6121335,-0.89476311,-0.3794983,0.42677376,-0.10869399,0.23466203,-0.14585218,-0.16701436,-1.1223294,-0.35090512,0.084412791,-0.34074494,0.36171842,1.0062578,0.28986037,-0.38888165,0.12817068,-0.36671102,0.54664242,0.54185867,-0.41375744,0.035891138,1.7083292,0.10567689,0.19406444,-0.85669178,-0.18385282,-1.7824609,0.9360745,-1.1720291,-0.23013683,-0.081883602,-1.475075,-0.24737924,0.21214965,0.20775121,0.73397118,0.30446541,0.24014704,-1.7762982,0.94023883,0.14804938,1.0731739,-0.040831897,-0.98901558,-0.043547735,-0.84958339,0.59122896,0.12856367,-0.77756935,0.27177539,-1.625008,-1.2548087,-1.3325498,-0.31890979,0.38908288,0.31351912,0.26205257,-0.9179706,0.77342713,-0.97546899,-0.19096145,0.31106421,-1.0190799,-0.11728693,0.016785558,0.58539182,-0.044883989,0.27694002,-0.16003108,0.50372785,0.021203332,0.70771843,0.058209226,-0.061415661,-0.64473885,0.38399932,0.8641476,-0.47210297,0.58644027,0.47960994,0.5567798,-0.59279746,0.68672574,0.27493843,-0.87060952,-0.53253716,0.082346052,0.06397213,0.16258799,0.68795037,-0.26133043,-0.46966326,-0.45825493,-0.010659343,0.41835016,-0.16571549,0.028369937,-0.2566556,0.15183838,0.93907207,-0.93777126,0.12113694,0.29141629,-0.59588325,-0.044532754,-0.18155952,-1.31789,-1.7893035,-0.11275345,0.61404139,0.049511366,-0.12054989,0.64614683,0.1803565,0.41949663,0.22031435,-0.05912742,-0.52386475,0.21716553,0.083987489,-0.110218,-0.33682305,0.2243845,0.14066152,1.1389526,-1.5304755,0.04601321,1.4770305,1.4655471,0.41316476,-1.2894138,-0.13977912,-0.44793856,-0.17422132,0.003081923,0.29788238,0.81571692,0.77013135,0.4353908,0.16507892,0.15946355,0.69090956,0.70609105,0.9197458,-0.80669683,0.059335142,0.20028755,0.11292318,-0.38710183,-0.16898811,-1.4608275,0.32241285,0.015042305,-0.32753459,-0.1256945,0.26367366,0.19803168,-0.37187317,0.24545786,-0.25974759,0.005561061,-0.077274114,0.58251065,1.0654013,0.31283313,0.11315306,0.57956451,-0.041712709,0.013945442,-0.91943651,0.32824486,-0.73683137,0.13121003,0.77319425,-0.72438896,-0.521056,0.3961398,0.28313553,-0.49441081,-1.0603997,0.5284273,-0.63340926,-0.023599684,-1.7004778,0.28612661,-0.19143441,-0.65485907,-0.43188828,0.79246932,0.36870226,-1.6611103,-1.0988843,-0.36959204,0.006344548,0.22364052,0.012214907,0.15683362,0.41708657,0.20555227,-0.088097394,0.23644817,0.28861088,0.3706333,-0.020727746,-0.06434752,0.23007792,-1.314147,-0.000578288,0.30200905,0.08023525,0.18046655,0.53300118,0.93455738,-0.31389806,-0.8079775,-0.40250611,0.062381536,-1.9172784,0.34162062,0.27553207,0.38660139,-0.62810272,-1.2353866,0.29717994,-0.55009502,0.14206344,-0.01152207,-0.05157188,0.63145554,0.13653119,0.33160275,0.40265697,-8.88E-05,-0.1566548,-0.36094654,-2.0606468,-0.65554619,-0.78577745,0.067126021,-0.77906907,0.3101407,-0.24089453,-0.244286,0.046178989,1
0.51765335,0.321675,0.28133237,0.49795654,0.48958784,0.51359946,0.49473885,0.47623163,0.49024889,0.49655345,0.48200509,0.48541796,0.48662418,0.46153325,0.49530303,0.47747612,0.48122051,0.50806385,0.48965603,0.47038826,0.46864045,0.47540879,0.47027546,0.47067797,0.48807055,0.47275835,0.48484182,0.47199345,0.48008499,0.4821406,0.46765828,0.4781056,0.4638198,0.46931201,0.47501951,0.45412332,0.45392716,0.47573432,0.45400053,0.46328869,-1.0080986,0.27044421,0.40239614,0.49117166,1.4259317,1.7491341,1.3077574,0.74737525,0.86314487,1.6893739,1.4609045,1.2299497,0.36424893,-0.22082727,0.011172026,-0.38663533,0.69773716,0.39149421,0.323259,0.27426866,-1.0415375,0.036758751,-0.58071309,0.38755494,-0.63017565,-0.074780501,-0.22116604,0.76814526,0.020925462,1.3730141,-0.23414433,0.17988624,-1.1811496,-0.22707897,-0.077401131,0.90589452,-1.1087747,0.51931632,0.037540093,-0.94346374,0.077767983,-0.94430256,-0.74641216,0.32751861,0.96020329,0.63617623,-0.075757258,-1.8248221,0.75011617,0.071516261,-1.1826538,0.7455225,0.019177696,0.14594656,0.32584071,-0.013770118,0.25531721,-0.23203857,0.026861923,0.6584087,-0.92094743,-0.99388367,-0.084692962,0.65349078,-0.45463043,0.16414964,0.11270209,-0.21510479,0.15913589,-0.27972692,0.29503101,0.55692947,-0.21890277,-0.24229807,-0.27896819,0.009070113,0.40492883,-0.98037791,0.30809787,-0.66898352,-0.3254551,-1.7650815,-0.97656429,-0.16116811,-0.43915084,0.35989171,-0.39389747,0.11041655,-0.13199209,-0.13152716,-0.8003307,-0.88092047,0.14951102,-1.1404668,-0.23258702,0.023911759,-0.036566839,0.40169209,-0.41026485,-1.6335922,0.77468348,0.47758859,0.76152742,-0.22294617,0.49265781,0.4284049,-0.014046878,-0.15449709,-0.36172339,0.2774792,-0.57622087,-0.2359874,0.41138923,-0.29272932,-0.749672,0.11501196,-0.5463981,-0.52407032,0.31809491,-0.40595955,-0.018067025,-0.81670773,0.65340859,0.71153569,0.19110461,0.16468647,-1.5412804,0.40462083,0.022617195,-0.23123336,-0.021490328,-0.60851383,-0.002543913,-0.17900166,-0.77233374,0.9601264,-0.86834884,0.086516008,0.31383848,-1.337055,-0.20668066,0.30735156,-0.075035311,-0.24574827,-0.85716331,0.22112086,0.37546527,0.26496574,0.87817979,-0.85892642,-0.2639173,0.041859768,0.08122047,0.22370911,0.39976671,0.22295929,-0.32863098,-1.3141893,-1.8492812,-0.72461969,0.33696148,0.51424432,0.51610941,-0.40299523,-0.39144561,0.00017821,1.0337917,-0.070713192,0.002480649,-0.27048725,-0.17906564,1.0198264,0.15629123,0.28596789,1.3062671,-0.33429623,-2.1522434,-0.028235517,0.41645512,0.034749821,-0.065339305,-0.69791341,0.16013606,-1.4665979,0.19145855,-1.2151669,0.11614141,0.18293071,-0.84046477,0.04158647,-0.075505167,0.46422267,-0.084329702,0.092089444,-2.4480968,0.41138551,-0.70318609,-0.051037081,0.007910729,0.18080153,0.53958756,0.19794756,-0.15699087,0.62074727,-1.3933818,-0.73977959,-0.31085283,0.51306438,-0.48674849,0.27480549,0.20037137,0.33545771,0.044558335,0.28845087,0.32773435,0.79453999,-0.98412555,-0.35310581,0.68360561,-0.03502604,0.2850565,0.013338652,-0.21429394,-1.3320721,-0.42851302,0.097445428,-0.44820541,0.38980871,1.0786228,0.35908166,-0.50405961,0.17526904,-0.21825181,0.72815013,0.52531552,-0.37537497,0.046103694,1.0444146,0.12346289,0.25320634,-0.94474024,-0.22010237,-1.883909,0.855717,-1.1811737,-0.13995287,-0.10576195,-1.3105963,-0.15070175,0.17062654,0.15612204,0.77887154,0.45972323,0.48795435,-1.8947036,0.92308605,0.15182452,1.1833806,-0.024754297,-1.0316436,0.053717598,-0.96632504,0.60643864,0.1808221,-0.70721787,0.41190812,-1.8263266,-1.471607,-1.3243369,-0.55783242,0.7543571,0.57613283,0.29687983,-1.0370262,0.8716628,-0.93703735,-0.14199367,0.47576076,-1.0465571,-0.11690354,0.034629878,0.4399209,0.18505873,0.33093646,-0.21444207,0.47099444,0.070199229,0.39030403,0.16087008,-0.090011768,-0.72573435,0.45385784,1.0136325,-0.50019842,0.56056082,0.52163416,0.28665742,-0.73943734,0.65729892,0.21166864,-0.78856891,-0.58068931,0.036894463,0.078618437,-0.036809787,0.82616895,-0.4017396,-0.54576159,-0.50372767,-0.00369204,0.54417562,-0.19902723,0.22077706,-0.39295465,0.17026934,1.0564954,-1.0154692,0.13835926,0.26834869,-0.61155719,-0.034461584,-0.27884153,-1.3124832,-1.9325678,-0.34996009,0.68744552,0.036808617,-0.15436846,0.68057758,0.12100624,0.64936841,0.29846823,-0.2160788,-0.57453728,0.2311098,0.006892599,-0.17458212,-0.054941058,0.25191584,0.15570277,1.2001032,-1.591749,-0.012789056,1.6963303,1.561022,0.40008375,-1.4654031,-0.20722729,-0.38630345,-0.23203565,0.13624267,0.13501692,0.69355035,0.62456965,0.24647993,0.38370204,0.13705361,0.85278499,0.70160574,1.0645463,-1.0148799,0.2342727,0.2855598,0.04644186,-0.30838749,-0.10780956,-1.6913304,0.37846595,0.002598673,-0.31694287,-0.1800786,0.20345269,0.24071957,-0.44520652,0.18635505,-0.23556936,0.040364392,-0.039830357,0.48816776,0.91633654,0.3446843,0.053593822,0.58689481,-0.043174602,0.15246676,-0.90755469,0.35425025,-0.83439165,-0.023693278,0.86726904,-0.72923648,-0.60095608,0.50274813,0.2988022,-0.49812275,-1.091012,0.60610574,-0.54406482,0.14250222,-1.7793539,0.21544829,-0.34557536,-0.62325525,-0.45586374,1.1141694,0.27005982,-1.9230059,-1.2008177,-0.4267332,-0.043880347,0.34996331,-0.09736447,0.060791656,0.35857809,0.26748472,-0.15557361,0.2669366,0.29223898,0.38085046,0.087301701,-0.039430171,0.15763244,-1.3359873,-0.04955779,0.30811659,0.11948264,0.24110395,0.66222721,1.5802143,-0.45022917,-0.83863443,-0.37154374,0.41231564,-1.9924203,0.37912983,0.19472517,0.3803423,-0.66302299,-1.2985672,0.32927632,-0.47603124,0.69725001,-0.066948012,0.066146411,0.27766219,0.10217565,0.34583449,0.31961021,0.026768437,-0.055471517,-0.38352278,-2.1288512,-0.73758996,-0.83593965,0.31338397,-0.82576501,0.092589475,-0.087194465,-0.31616729,0.096627131,1
0.59720933,0.39274696,0.34151453,0.5581423,0.54869545,0.57431602,0.55154753,0.53581989,0.54743642,0.54971701,0.53783727,0.54235733,0.53783703,0.52913821,0.54889286,0.53274357,0.53903008,0.56854439,0.54558176,0.52659321,0.52682775,0.5372529,0.52805007,0.52597362,0.53899932,0.53217041,0.53809941,0.53456324,0.53254032,0.53605914,0.5302788,0.53946149,0.52385557,0.52524459,0.52776361,0.51129895,0.51140296,0.5341289,0.51173806,0.52031976,-1.095627,0.32908446,0.45148212,0.5367167,1.4514997,1.8037034,1.3674229,0.79470909,0.91356134,1.7342676,1.5044967,1.2809706,0.41225284,-0.20677835,-0.39987212,-0.49121344,0.68117392,0.37075469,0.38172477,0.31427169,-0.76595229,0.091696292,-0.72103459,0.37124932,-0.84766638,-0.062906936,-0.24436937,0.74203569,0.16493934,1.3814005,-0.19372091,0.21360816,-1.2472589,-0.2384088,-0.072570205,1.0486439,-1.3275752,0.53245884,0.13383028,-0.99314398,-0.086211175,-1.1289196,-0.59901667,0.26874894,0.88298112,0.7096591,-0.038090076,-1.8318379,0.80677444,0.12823841,-1.1857007,0.71179926,-0.031983539,-0.007353012,0.59023035,0.04340069,0.23548713,-0.30415973,0.031588763,0.63601893,-0.84847367,-1.0439048,-0.002187822,0.57365721,-0.35266361,0.32869741,0.30759451,-0.21907875,0.003517345,-0.3127009,0.26260877,0.55983907,-0.24039868,-0.47181007,-0.22259516,0.016002983,0.15455122,-1.1011419,0.38553938,-0.96647346,-0.36830148,-1.8311117,-0.83376408,-0.19586393,-0.56959903,0.30252486,-0.43315393,0.099126086,-0.10373126,-0.095106691,-0.83036494,-0.75022614,0.24527399,-1.0976794,-0.14715159,-0.095537037,-0.031006917,0.28894868,-0.4210161,-1.6268957,0.92904073,0.54048848,0.88484353,-0.24739096,0.51917547,0.38414484,0.00020171,-0.30896756,-0.38358516,0.25171259,-0.71400118,0.02001439,0.42165613,-0.27872282,-0.80819643,0.15797758,-0.52322859,-0.49883476,0.3632746,-0.4018473,-0.012010345,-0.98696274,0.74761701,0.95832586,0.074379735,0.034585048,-1.7019897,0.5168218,-0.055690862,-0.22330509,-0.055531241,-0.54061377,0.09559007,-0.18935177,-0.76924223,1.0739233,-0.77231324,0.12679276,0.31003904,-1.4832407,-0.19511941,0.23498183,-0.089918017,-0.33402967,-1.0136633,0.25412017,-0.067012221,0.36115599,0.69722396,-0.890167,-0.17342114,0.058171477,0.14683555,0.21538997,0.35539129,0.13754959,-0.30108878,-1.310426,-1.957901,-0.82035083,0.32319286,0.65857524,0.40754291,-0.46569753,-0.42840889,-0.020156786,1.4468436,-0.13160911,0.05162219,-0.20269382,-0.24998373,0.85859966,0.18034858,0.3132436,1.2361114,-0.12295213,-2.2594206,-0.042545453,0.55160511,0.011495664,-0.10578128,-0.64313465,0.14241596,-1.5655477,0.09424226,-1.4265258,0.26859841,0.24544722,-0.92424256,0.036060981,-0.017632246,0.44905317,-0.16168928,-0.13867307,-2.5226605,0.29493764,-0.82550383,0.008176405,-0.086426303,-0.041780815,0.57829815,0.1101248,-0.21796577,0.60774684,-1.4274737,-0.90448236,-0.31256196,0.52119672,-0.50811642,0.1433707,0.081754752,0.39115146,0.049388476,0.42283589,0.37483394,0.90469944,-0.99183846,-0.41002536,0.61491764,0.056212425,0.23034088,-0.10302974,-0.19641693,-1.3800256,-0.37168595,0.10271708,-0.52650416,0.32198459,1.0847473,0.37230602,-0.53339434,0.2202163,-0.39587277,0.58575982,0.63389611,-0.35866773,0.089965753,1.7905359,0.25392231,0.21481112,-0.91956758,-0.31329054,-1.8888481,1.0251076,-1.1498845,-0.21029788,-0.14440508,-1.453169,-0.47983041,0.21315286,0.086613804,0.70372307,0.5724932,0.26257941,-1.9418536,0.95603001,0.14626071,1.3359419,0.048846837,-1.2929196,-0.06099562,-1.0934875,0.61723185,0.3328107,-0.94238651,0.29846552,-1.7523813,-1.5169195,-1.4402215,-0.38449112,0.53726172,0.58465844,0.32107013,-0.98166513,0.80487418,-1.0095055,-0.13848172,0.57658571,-1.1006191,-0.10353432,0.034071833,0.65549225,0.13218892,0.29776654,-0.19854061,0.77808326,0.029391617,0.53183538,0.023202341,-0.13118583,-0.79718268,0.49438131,1.1475242,-0.53072786,0.64948273,0.51123166,0.40300542,-0.69666409,0.60218477,0.04892385,-0.83439505,-0.6064167,0.11308923,-0.007144414,0.021945104,0.81505686,-0.21789032,-0.60728788,-0.63727593,-0.036568727,0.64573205,-0.23309521,0.069817528,-0.39691609,0.20307778,1.1298827,-1.1344943,0.14750549,0.30202067,-0.6653325,-0.035277769,-0.2230452,-1.3022519,-2.0328848,-0.20791709,0.74957091,0.062938429,-0.020031005,0.69994062,0.14147533,0.5230481,0.28493291,-0.039177373,-0.70192897,0.25150377,0.22897449,-0.14163601,-0.40096027,0.28692329,0.2642841,1.1985879,-1.7444079,0.003993848,1.5486095,1.5828279,0.45964864,-1.5979998,-0.24735942,-0.51105785,-0.27454337,-0.002021027,0.23326814,0.81151676,0.69110888,0.58318824,0.21408665,0.18333761,1.1004468,0.67242694,0.99751043,-1.0768418,0.17988776,0.16483778,0.074502595,-0.36633757,-0.16458556,-1.6234283,0.38964152,0.03396824,-0.36836568,-0.22628045,0.40345138,0.19110973,-0.64321315,0.18759248,-0.27561548,0.61531419,-0.13119894,0.57450312,0.84674311,0.33290249,0.030627407,0.65030819,0.014007576,0.13488559,-0.95178598,0.38641292,-0.87535942,-0.097619697,0.78655541,-1.0530809,-0.34978032,0.46488178,0.29961604,-0.61062187,-1.3195897,0.64289725,-0.73568606,0.096284397,-1.907853,0.37308741,-0.28499004,-0.60178614,-0.5388481,1.1303184,0.27985358,-1.9396147,-1.1937363,-0.46319634,0.016600844,0.34592795,-0.12606314,0.089201495,0.44069585,0.27318147,-0.20588219,0.23153694,0.3431682,0.33924457,-0.027548738,-0.089586668,0.64594781,-1.4815371,0.022574281,0.36479822,0.074885018,0.20316133,0.69548184,1.0189676,-0.36834246,-0.97077036,-0.39052215,0.3571673,-2.0904598,0.47207445,0.28558418,0.46065888,-0.78781295,-1.358953,0.32137591,-0.63243306,0.26799148,-0.0892528,-0.02142702,0.62210858,0.074561954,0.35956472,0.29172677,0.042660434,-0.072933033,-0.28219822,-2.309401,-0.66658127,-0.91580003,0.10098878,-0.94231391,0.31412685,-0.13420069,-0.2602751,0.091970325,1
0.61749518,0.41358954,0.37572119,0.56203341,0.55571151,0.57317388,0.55640733,0.54403228,0.55201292,0.55347562,0.54947472,0.54629767,0.54627746,0.5319075,0.55967236,0.53842968,0.54562849,0.57073134,0.55161309,0.53644651,0.53425527,0.54354322,0.5381093,0.53474218,0.54718542,0.53944778,0.54387677,0.53595209,0.54452789,0.54198575,0.53679252,0.54181385,0.53324199,0.5296818,0.54016644,0.52395093,0.52108133,0.54881555,0.52208114,0.53138888,-1.1766024,0.36253077,0.60321915,0.61057872,1.5110612,1.897779,1.5205371,0.91261595,1.050639,1.8455555,1.5976868,1.3979472,0.46549913,-0.20396349,-0.33343202,-0.48143774,0.82408166,0.49500251,0.47049019,0.41539633,-1.11441,0.034741521,-0.62965024,0.41375482,-0.66699874,-0.07501059,-0.20799473,0.86198878,0.088045314,1.2646605,-0.24324939,0.26902828,-1.3293738,-0.18511502,-0.21979004,1.2138038,-1.2253926,0.67677724,0.20465685,-1.0193663,0.18315385,-0.84987825,-0.70071399,0.45007735,1.0157642,0.68097329,0.015412192,-1.8348829,0.76492095,0.19672775,-1.1684979,0.85889757,0.027759613,-0.027883619,0.64926279,0.050417334,0.35126641,-0.4102574,-0.023626454,0.71540713,-0.96513569,-1.1808703,0.06132181,0.70119333,-0.56962824,0.33012941,0.37583292,-0.28057492,0.00843671,-0.32289472,0.32129207,0.63745332,-0.17975539,-0.42032409,-0.41796786,0.080252476,0.030508041,-1.1732016,0.4869166,-1.3415048,-0.34734192,-1.9384252,-1.1343803,-0.23489937,-0.43177587,0.40479255,-0.50410968,0.12567723,-0.10436632,-0.14524679,-0.8512432,-0.66785336,-0.10155153,-1.3607821,-0.20319247,-0.12840965,-0.096406609,-0.027235478,-0.42283523,-1.9477899,0.63798118,0.6289227,0.93758345,-0.31202143,0.56332493,0.34787855,0.062470175,-0.63071984,-0.35870516,0.35741344,-0.79022348,0.12164468,0.54642558,-0.24438748,-0.88941729,0.12668061,-0.62666535,-0.61371076,0.30133981,-0.55104411,0.065079831,-0.96040976,0.83174229,0.83991814,0.18411882,0.042370629,-1.8021421,0.43789983,-0.015829936,-0.16166648,-0.059956655,-0.69398296,0.066523343,-0.18644604,-0.87786466,1.0598593,-0.90568388,0.17008635,0.42631429,-1.8009748,-0.14961167,0.41411668,-0.21649015,-0.3692362,-1.120416,0.38600096,0.11075809,0.57140946,0.83304369,-0.95330763,-0.26567978,0.083397128,0.1800196,0.10612284,0.39276043,0.1922615,-0.32050091,-1.4362681,-2.0631638,-0.84142667,0.3215555,0.52140385,0.36070123,-0.50245494,-0.38212255,0.061003707,1.2642357,-0.27034536,0.050727539,-0.38639128,-0.34364504,1.0332322,0.24476278,0.39424002,1.2797939,-0.22501722,-2.2648292,-0.06364312,0.46577761,0.027598796,-0.14543077,-0.89148563,0.085306272,-1.7314863,0.24557982,-1.4556603,0.076251745,0.12163631,-0.95632148,0.12138662,0.030440405,0.44484076,-0.13350172,-0.48671517,-2.953429,0.37992665,-0.82199299,0.057917908,-0.016995013,-0.01682125,0.59754038,0.19134787,-0.19056728,0.45295674,-1.6870067,-0.79877353,-0.34563586,0.67939919,-0.40483847,0.06074775,0.081798263,0.52344447,0.035352029,0.39342475,0.24715468,0.82242233,-1.0547254,-0.29687497,0.76216602,-0.03843997,0.23580498,-0.031010706,-0.057111703,-1.3372421,-0.48250261,0.1536274,-0.29840788,0.39780736,1.2395093,0.41645774,-0.55228716,0.29537296,-0.40211558,0.51675606,0.56461221,-0.41820306,0.10136667,1.766106,0.27107269,0.20733786,-1.1617285,-0.25135535,-2.2479708,1.0033828,-1.2667693,-0.34330493,-0.18282986,-1.6392009,-0.44000608,0.23407875,-0.13344432,0.59347087,0.58558428,0.14623915,-2.114202,1.1027235,0.18430032,1.3048372,0.014911506,-1.3226355,-0.012644179,-1.1377962,0.64367414,0.32391962,-1.0344054,0.28698745,-2.0852451,-1.7819207,-1.4208387,-0.50003105,0.66822529,0.76941872,0.43383926,-1.1011211,0.97662508,-1.1707863,-0.22194418,0.38046837,-1.2025757,-0.17872299,0.08026015,0.45248303,0.029553182,0.31712404,-0.25458267,0.47113109,0.096660748,0.60661954,0.11698604,-0.13885644,-1.0928433,0.64672041,1.1936032,-0.65226465,0.62161356,0.59736609,0.27532002,-0.86052382,0.7265777,0.03682223,-0.91033864,-0.68306601,0.13470595,0.027726889,0.022086024,0.80202377,-0.26690465,-0.74946499,-0.67802334,0.046730906,0.59838194,-0.25555497,0.11808802,-0.44137338,0.2427966,1.2680714,-1.2476977,0.18656318,0.37291414,-0.7109313,0.051175885,-0.045339383,-1.5058062,-2.2001429,-0.29120296,0.86606032,0.14060551,-0.17978328,0.85822153,0.21543686,0.62554264,0.37498564,-0.23913652,-0.71301061,0.34186009,0.19735983,-0.22536787,-0.70620209,0.34834373,0.16289271,1.3402392,-1.8423831,-0.034829758,1.7422367,1.7082365,0.43556854,-1.6357999,-0.30219677,-0.65238631,-0.24347453,0.025641091,0.21711783,0.81180727,0.61236596,0.30592519,0.16017559,0.20873913,1.1154613,0.71588099,1.0931641,-1.0635641,0.28696305,0.17612544,0.078160919,-0.43840742,-0.17536534,-1.7510257,0.47980094,0.067027614,-0.40970889,-0.23177081,0.36465916,0.22946373,-0.64966315,0.28582162,-0.21181718,0.44818854,-0.27704394,0.72121763,0.9712317,0.38679582,0.10383121,0.6895718,-0.49967489,0.10226505,-0.94606948,0.30074,-0.94541395,-0.061087176,0.72507149,-1.1553371,-0.45909292,0.48744616,0.33384955,-0.65827727,-1.4017067,0.73193359,-0.60800982,0.25128883,-1.9221637,0.34704474,-0.19465561,-0.73437762,-0.61415833,1.198849,0.46729714,-2.3548605,-1.2624205,-0.44014919,0.020180374,0.30552572,-0.066781491,0.14982057,0.5194943,0.33825248,-0.21623991,0.33647656,0.36471698,0.37419927,-0.006864339,-0.24859056,0.33648264,-1.5762672,0.00965862,0.33433828,0.14443852,0.32117772,0.77996969,1.3176003,-0.42700824,-0.83234632,-0.4255904,0.27756587,-2.1493959,0.5463621,0.3038573,0.5364154,-0.89107853,-1.6159091,0.26774687,-0.59825027,0.58946764,-0.14436266,-0.021260206,0.53193521,0.12971598,0.40810353,0.36004341,0.060951382,-0.16532095,-0.35349843,-2.5109236,-0.68591094,-1.0970601,0.21435308,-1.1085429,0.32325533,-0.11578284,-0.39570153,0.1795963,1
0.58672941,0.34473726,0.33048409,0.55826867,0.55166483,0.57682347,0.54601938,0.52418613,0.55158877,0.55155849,0.54399073,0.55128121,0.54638165,0.52079719,0.5557459,0.53199679,0.54475313,0.56955874,0.55746824,0.53613317,0.51888388,0.54136294,0.53761059,0.52446938,0.53707635,0.53411996,0.5420168,0.53542268,0.53460705,0.53749013,0.52829343,0.54074061,0.53320956,0.52655375,0.51932591,0.50182325,0.50524688,0.54183328,0.50703067,0.52622747,-0.97021556,0.31655416,0.38298184,0.45779476,1.371076,1.7039953,1.2840216,0.71769953,0.82984781,1.6477457,1.4236377,1.1939889,0.43177095,-0.21395372,-0.22700182,-0.3808372,0.78216428,0.45910245,0.38524047,0.33212304,-0.88112962,0.049194735,-0.50789654,0.42431277,-0.93164802,0.005781561,-0.2515502,0.66736579,0.15454419,1.2399845,-0.22842142,0.24809079,-1.0853219,-0.22231668,-0.17663988,1.1792039,-1.2726731,0.5798645,0.11425093,-0.86088234,-0.01901909,-0.96307814,-0.54231596,0.4581165,1.0317641,0.58279443,-0.039999701,-1.6365206,0.66413587,0.13338737,-1.0278621,0.72098446,-0.004154727,-0.1377473,0.54552954,-0.020656385,0.32305241,-0.32977024,0.007685371,0.67319745,-0.91407871,-0.97467935,0.018518399,0.61130929,-0.53486425,0.18967892,0.33286035,-0.2121747,-0.025645807,-0.29998386,0.23081821,0.52611637,-0.20835155,-0.35085565,-0.34096995,0.006751463,0.33357787,-1.111354,0.34454146,-1.0792297,-0.3435089,-1.6689091,-0.83370405,-0.25778171,-0.36580497,0.22837442,-0.41778502,0.098505616,-0.11615083,-0.10438348,-0.86059636,-0.74414933,0.34138265,-1.0688332,-0.21034962,-0.17741656,-0.07190226,0.24047808,-0.46623045,-1.7178103,0.85016346,0.52005833,0.83097428,-0.28723085,0.46823868,0.32487231,-0.02858898,-0.43758133,-0.35127747,0.32552657,-0.66512841,-0.082444936,0.44215345,-0.27242321,-0.77879208,0.10002486,-0.53670287,-0.55302113,0.35531563,-0.37097114,-0.005461998,-0.76681864,0.75594723,0.76323861,0.1476557,-0.1012836,-1.597829,0.52383471,-0.017864294,-0.21810994,-0.041983247,-0.4948976,0.034519456,-0.20159379,-0.73194993,0.99410552,-0.81055707,0.1621311,0.3871733,-1.5224639,-0.16541035,0.25773546,-0.12491472,-0.23612796,-0.95988917,0.31778991,-0.071307451,0.50130439,0.89035589,-0.81830293,-0.20110852,0.089326754,0.22126612,0.20619327,0.16180252,0.087552726,-0.33562359,-1.2344488,-1.7974825,-0.78832632,0.28774568,0.56367153,0.28637773,-0.49165729,-0.47501737,0.080205746,1.2115738,0.057412073,0.10588563,-0.28754425,-0.23243806,1.0429038,0.18407249,0.31566471,1.1159196,-0.29726046,-2.26192,-0.054421749,0.53596389,0.045761097,-0.15531707,-0.67731732,0.10765205,-1.5205352,0.2039682,-1.3361765,0.000648975,0.17184427,-0.84375995,0.09168753,0.24120742,0.39342284,-0.17141151,-0.2709603,-2.4332173,0.29086432,-0.77752721,-0.035801105,-0.067789517,0.046353869,0.48128122,0.13716643,-0.19212288,0.62324685,-1.4054065,-0.86979514,-0.33421689,0.55271554,-0.534868,0.12367262,0.21329443,0.29165155,0.085783593,0.38078707,0.27409813,0.75967079,-0.92037463,-0.37159774,0.51299542,-0.11993867,0.23918027,-0.31095499,-0.10606517,-1.2043231,-0.36529353,0.1091902,-0.41676599,0.15683401,1.1487689,0.38232654,-0.50675422,0.210003,-0.36288601,0.53397626,0.60202813,-0.3956663,0.019149378,1.8869032,0.15772188,0.27469623,-0.90651512,-0.22352403,-1.8075464,0.88344932,-1.053978,-0.29324776,-0.13182937,-1.4458958,-0.40789908,0.26824883,0.48138887,0.69916576,0.54109931,0.16379304,-1.8473766,0.95169657,0.14101548,1.1591947,0.023562064,-1.1092242,-0.039604157,-0.97844815,0.52386028,0.1618627,-0.92391628,0.23744306,-1.7157384,-1.5064946,-1.306609,-0.36224741,0.45614591,0.66571242,0.30530521,-0.98650008,0.84976608,-1.0430746,-0.17933986,0.26624569,-1.0255196,-0.24221469,0.024206484,0.54391253,-0.033941396,0.3052178,-0.22548303,0.45745578,0.055328861,0.33571821,0.099339567,-0.10327638,-0.91637599,0.53792816,1.0351449,-0.44827479,0.54719514,0.49355686,0.29567778,-0.70195091,0.63066804,0.19142123,-0.83913118,-0.44972035,0.15962894,-0.081550255,0.009681046,0.82876241,-0.2345823,-0.60049427,-0.52324837,-0.031376589,0.48374394,-0.23972881,-0.020405635,-0.31146029,0.21618919,1.1053858,-0.98602271,0.14467485,0.32389528,-0.64876634,-0.056060277,-0.15404858,-1.2312926,-1.8763469,-0.37968653,0.71765852,0.12446477,-0.080953732,0.62969035,0.26736611,0.52455187,0.27500114,-0.044409052,-0.57780647,0.27752852,0.073839828,-0.17375018,-0.46507746,0.29049653,0.27533665,1.2050098,-1.7070383,-0.14896619,1.5680217,1.6604849,0.43373254,-1.4783047,-0.17722905,-0.46558183,-0.18025482,0.009563668,0.10492882,0.83353353,0.66621536,0.52153403,0.17243055,0.15121526,0.95608008,0.66090035,1.1048633,-0.99951386,0.016103446,0.17511018,0.14954272,-0.34884369,-0.18945169,-1.5830212,0.40645146,0.085085966,-0.37529647,-0.17925683,0.2607483,0.14713158,-0.51570028,0.212862,-0.22979257,0.31617075,-0.11924636,0.4632957,1.052335,0.35440782,0.065306515,0.62252945,-0.15559867,0.047792487,-0.90055096,0.34439602,-0.80774045,-0.14181384,0.7223134,-1.1128645,-0.38200378,0.33351153,0.23185425,-0.46185303,-1.1708111,0.59206182,-0.63857865,0.19090092,-1.8113027,0.27057558,-0.20560853,-0.53286004,-0.64628887,1.0007725,0.32792357,-1.9635273,-1.3082079,-0.37314409,0.025234001,0.27784058,-0.008487196,0.08026813,0.45507887,0.2799353,-0.15026183,0.16998103,0.31115723,0.36062342,0.036398485,-0.15470228,0.3619265,-1.3957692,-0.007643301,0.2566714,0.08253134,0.22787768,0.60003424,1.0894943,-0.34652254,-0.77889585,-0.37946334,0.19817516,-1.9517139,0.50033224,0.18481404,0.43631527,-0.81116349,-1.4086021,0.26860997,-0.52459747,0.42205864,-0.10615975,-0.024654903,0.45946413,0.1376946,0.3581675,0.24439123,0.043772843,-0.12652135,-0.25226492,-2.1875429,-0.61133003,-0.80846661,0.031337932,-0.90688848,0.17619649,-0.15236877,-0.26358685,0.098484322,1
0.56216174,0.32920694,0.29464853,0.53009713,0.52151263,0.54032874,0.52363718,0.50922441,0.52481413,0.5189538,0.5110957,0.50927591,0.51276422,0.49786007,0.52174711,0.51203144,0.52997541,0.54483354,0.5116412,0.51354611,0.49946493,0.51456493,0.51139534,0.51763487,0.50264072,0.51098323,0.5164023,0.52043408,0.51432294,0.49905688,0.50370789,0.4966481,0.4882341,0.50099945,0.50690687,0.49571466,0.49464852,0.50366247,0.48245466,0.5077433,-1.1513242,0.27843532,0.5454548,0.59112448,1.5274282,1.8535552,1.4693125,0.88918722,1.0157317,1.8260138,1.5794079,1.3829024,0.38979822,-0.25849238,-0.17306079,-0.39181283,0.73151284,0.42385274,0.41281164,0.32414708,-1.1494801,0.031922169,-0.5469178,0.42862272,-0.88042843,0.02283141,-0.22756474,0.80142641,0.11335719,1.4615788,-0.22666335,0.23303352,-1.3851285,-0.29831851,-0.052594073,1.0673301,-1.2908823,0.56619769,0.15844734,-1.0629932,0.002907604,-0.96938586,-0.79865366,0.36127037,0.94025064,0.66969872,-0.035486929,-1.9041128,0.78817391,0.14696912,-1.2276182,0.77990222,0.048018292,0.11503459,0.63124567,-0.12553571,0.29235756,-0.34878522,0.000368014,0.66641158,-0.87508571,-1.1283659,0.005309202,0.65864426,-0.46330616,0.28121814,0.30559111,-0.25132027,0.09365724,-0.36282903,0.45326561,0.61754531,-0.24394915,-0.54455572,-0.33369476,0.23727715,0.48533338,-1.1104423,0.45819154,-1.0037601,-0.37570783,-1.9955922,-1.1226647,-0.12858315,-0.4060232,0.41855285,-0.49356663,0.13416307,-0.15860257,-0.16816022,-0.78693479,-0.72628528,0.56960636,-1.2710359,-0.21869692,-0.059785277,-0.006598681,0.43164614,-0.47079569,-1.8789905,1.2692029,0.56138736,0.83686876,-0.27202123,0.51420063,0.2898649,0.045202848,-0.20321265,-0.3268449,0.49365348,-0.66429245,-0.093759477,0.4134914,-0.36573121,-0.91320848,0.050625458,-0.6151951,-0.73209774,0.40654778,-0.50149101,-6.17E-05,-0.82360041,0.74224055,0.85322231,0.22947076,0.15599872,-1.8227957,0.6204015,-0.019122135,-0.18936585,-0.078499079,-0.67227036,0.00930131,-0.15053138,-0.8459385,1.1438825,-0.87111151,0.1359649,0.51435053,-1.6125567,-0.20926286,0.39659017,-0.063486233,-0.44207728,-0.95867807,0.42807347,0.12286623,0.46238029,0.83452922,-0.85659659,-0.21425599,0.058652207,0.09077847,0.27798623,0.3192766,0.067469783,-0.25129339,-1.4304804,-2.1133995,-0.83262908,0.32299194,0.53028667,0.4236272,-0.4640314,-0.42770988,0.064754307,1.3491524,-0.08779069,0.047535658,-0.37588143,-0.28972059,1.3186743,0.19460961,0.32528266,1.1379044,-0.19302231,-2.4710453,-0.045142293,0.73032176,-0.009300213,-0.18077242,-0.76308018,0.16569501,-1.7447208,0.25322229,-1.3308113,0.2308879,0.096187167,-0.9279229,-0.012593295,0.46479622,0.58712804,-0.24836227,0.14352736,-2.8030188,0.43957412,-0.95802712,-0.054510854,-0.013904959,0.31922156,0.55619985,0.15044905,-0.15332173,0.81006575,-1.8402812,-0.96058047,-0.3713024,0.61724865,-0.50870323,0.16664216,0.15807995,0.37768561,0.072958961,0.41617018,0.36572388,0.92130387,-1.0968963,-0.42544585,0.66121823,-0.11261586,0.27320668,-0.050977707,-0.086013056,-1.3814778,-0.51704317,0.1101622,-0.42218998,0.31594783,1.3025666,0.39127439,-0.520778,0.19937745,-0.35969168,0.67696667,0.72055382,-0.44698244,0.071830675,1.7597331,0.13552932,0.3064262,-1.1436238,-0.2963348,-2.1059086,1.045619,-1.3310491,-0.20767187,-0.20520148,-1.4798113,-0.27569717,0.19214712,0.44495314,0.62517941,0.77594525,0.39935023,-2.1729698,1.0611663,0.14106768,1.2581667,-0.001350764,-1.157317,-0.036879592,-1.0932024,0.69228208,0.20447861,-0.90108973,0.52445358,-2.0572176,-1.6754308,-1.4599731,-0.58435601,0.46934605,0.55112839,0.33237597,-1.1022403,0.90751797,-1.2607721,-0.14561649,0.42378545,-1.1923189,-0.17809227,0.014923775,0.56492037,0.017239779,0.40902188,-0.24312711,0.85566127,0.046895392,0.43033928,-0.015377779,-0.1990886,-0.84506994,0.51181,1.1387551,-0.60734057,0.71980584,0.55183411,0.36410215,-0.79855245,0.84966528,0.31837672,-0.94135118,-0.58557004,0.10946305,0.1918585,0.073509246,1.0039291,-0.28682777,-0.55736965,-0.51759166,-0.050425246,0.69770396,-0.19529064,0.10299405,-0.36643201,0.17676322,1.2740611,-1.2271092,0.14764626,0.34258476,-0.72656012,0.034044329,-0.14061344,-1.501828,-2.2636914,-0.43316028,0.71986866,0.073057026,-0.13117971,0.79216093,0.27582863,0.54726231,0.27767226,-0.26599911,-0.56427503,0.27429,0.059913002,-0.23995754,-0.23841363,0.24850607,0.2404117,1.4272006,-1.8266983,-0.1196061,1.7769343,1.739184,0.50615954,-1.5214125,-0.24423096,-0.43145469,-0.26615822,0.15872912,0.14650968,0.96814525,0.90214348,0.41495162,0.40895742,0.14996514,0.84838641,0.7113052,1.3025055,-1.1268779,0.19468905,0.25402689,0.03986074,-0.39463997,-0.12926519,-1.9697242,0.41789424,0.012801772,-0.43428767,-0.21217966,0.40446892,0.16015247,-0.53956723,0.27847874,-0.28984767,0.24753165,-0.06276685,0.60910231,1.2563411,0.39297938,0.025874514,0.69056451,-0.076972909,0.081622571,-1.119563,0.42832881,-0.8775754,0.10135555,0.9058947,-1.018487,-0.43644953,0.5219996,0.38271672,-0.55857784,-1.2484694,0.75831896,-0.51597387,0.042294219,-1.8667006,0.32190675,-0.27093387,-0.72084117,-0.59930581,1.2625458,0.37917212,-2.0118902,-1.3892614,-0.4376007,-0.002381322,0.35333079,-0.003773681,0.041168965,0.58398944,0.25186133,-0.24979776,0.27106199,0.35885501,0.43299472,-0.012796573,-0.191562,0.23046869,-1.6327105,-0.030705128,0.24683133,0.12603143,0.25478449,0.68481183,1.3284214,-0.48265183,-0.96943933,-0.44469404,0.27614641,-2.1793218,0.46081227,0.31439206,0.46697894,-0.78484011,-1.3463876,0.27279252,-0.60249501,0.45229945,0.03573557,0.024044596,0.48182148,0.097733699,0.36975551,0.30771196,0.018879563,-0.15092334,-0.43335444,-2.492835,-0.77921188,-0.93403608,0.10811804,-1.0396012,0.30039221,-0.20886238,-0.37119356,0.10827421,1
0.53364515,0.30783844,0.28206247,0.51735479,0.49083936,0.52001828,0.50461429,0.47523525,0.50345695,0.50052416,0.49025705,0.49407387,0.49916562,0.47961283,0.50759339,0.48649001,0.50427413,0.5249418,0.4884699,0.47844419,0.47232527,0.49091381,0.4919636,0.47284108,0.48922068,0.48084086,0.49599117,0.49343538,0.49011493,0.48512322,0.48130289,0.48809552,0.4762316,0.47264409,0.47875303,0.46762413,0.45537484,0.47545493,0.45950502,0.47466761,-1.0177027,0.27073812,0.48140794,0.520235,1.4773178,1.7605168,1.3942268,0.8173182,0.9474054,1.7596579,1.5067497,1.3101348,0.33686411,-0.21782193,-0.25219929,-0.40949488,0.61005336,0.35879627,0.34442422,0.28889874,-1.1173806,0.11500815,-0.75924248,0.35340071,-0.77242428,0.095555142,-0.21424155,0.73123324,-0.070175648,1.6022347,-0.17650306,0.22616325,-1.2281504,-0.27300364,-0.12325637,0.81121302,-1.1124552,0.55284166,0.20928833,-0.95661378,-0.17749056,-1.3092616,-0.63945854,0.59405005,0.73288304,0.75816429,-0.077360131,-1.9520582,0.60258746,0.11452208,-1.1285225,0.58081847,0.050595146,0.12673555,0.50653839,-0.063516892,0.41827172,-0.49355572,0.036147535,0.58146268,-0.48814747,-1.1486764,0.009587348,0.51440209,-0.24361977,0.30129266,0.10126813,-0.30970204,-0.10512315,-0.26304221,0.44091547,0.78603983,-0.18576044,-0.10139346,-0.37021452,0.24568596,0.50714326,-1.1185658,0.39815485,-1.2039478,-0.40396342,-1.9381673,-0.98843503,-0.17577644,-0.65869713,0.20419876,-0.37400168,0.24993595,-0.10094661,-0.2054878,-0.68398762,-0.44320869,-0.042694658,-1.2141635,-0.20288637,-0.098725758,0.084856868,0.38200495,-0.60140699,-1.711539,0.60217404,0.51155478,0.81257021,-0.19839589,0.46499357,0.35299283,0.054417759,0.21739015,-0.35026699,0.38636878,-0.5137378,-0.14702477,0.39263901,-0.40722436,-0.86627036,0.097360946,-0.4986971,-0.6291883,0.3115975,-0.40814096,0.00309005,-0.73328894,0.7222299,0.65701473,-0.020747334,0.40917602,-1.9694351,0.41306677,-0.013484195,-0.18115726,-0.076528244,-0.60763103,0.026742799,-0.24200156,-0.66821569,1.075979,-0.50172418,0.10761567,0.494367,-1.7935165,-0.19503021,0.32299608,-0.16010177,-0.63094342,-1.0651242,0.4416019,-0.019409716,0.45895749,0.80485797,-0.82231826,-0.26631513,0.056123711,0.20464014,0.078966081,0.31772411,0.11622716,-0.073384024,-1.2888985,-1.7903411,-0.75364447,0.31356296,0.65158397,0.27903101,-0.46626467,-0.097079486,0.073084913,1.7216614,-0.33423987,0.1527417,-0.22652838,-0.23580861,1.0009722,0.11029923,0.27572349,1.1752176,-0.19740143,-2.4669337,-0.12283072,0.75092405,-0.009107026,-0.13300678,-0.91432905,0.097198591,-1.55703,0.20260563,-1.3799616,0.34763506,0.085974321,-0.89993906,0.038338888,0.4376865,0.5368942,-0.17728293,-0.28893954,-2.7274694,0.31489694,-0.56096387,-0.05218615,0.029695988,0.090295069,0.67178482,0.16031957,-0.2532835,0.54518253,-1.5598419,-0.87308747,-0.36981085,0.46856332,-0.48147598,0.15790632,0.21551529,0.46590632,-0.006908938,0.42790943,0.35037848,0.89496398,-0.86772394,-0.35762733,0.4729898,-0.13629946,0.15472709,-0.1453895,-0.34272683,-1.3095741,-0.49483901,0.14804094,-0.58447099,0.59916425,1.0888228,0.36310214,-0.55815357,0.16217303,-0.46445864,0.86824381,0.38767242,-0.47809482,0.084115997,1.6477941,0.19092485,0.24234027,-0.7694217,-0.29247785,-1.9525661,1.2566302,-1.7807871,-0.16042128,-0.087456569,-1.2959965,-0.19852895,0.26258454,0.25356111,0.56888866,0.48365,0.4067204,-1.9631921,1.1007743,0.17754748,1.299003,-0.035365831,-1.4018657,-0.006332077,-0.79971641,0.59303802,0.34109753,-0.84409034,0.28169987,-1.9193232,-1.5506924,-1.645954,-0.42540962,0.41606206,1.0949037,0.30849066,-0.99761415,0.84465271,-1.0867425,-0.15864515,0.31953582,-1.084028,-0.11021411,0.089452796,0.33576453,0.20186663,0.31683126,-0.057148509,0.75308669,0.039237708,0.79507035,0.091767855,-0.23240943,-0.86662531,0.43706772,1.2261554,-0.67324227,0.6158908,0.58280665,0.42372218,-0.7566337,0.59272432,0.13089958,-1.2038437,-0.56358272,0.065364234,0.27641064,0.11580442,0.82401657,-0.31383342,-0.58097422,-0.61755311,-0.040518809,0.70094711,-0.29394716,0.26936537,-0.43788004,0.16830251,1.1084806,-1.0891818,0.15529399,0.28899747,-0.40112305,-0.048468724,-0.29600847,-1.3989439,-2.0101318,-0.1115998,0.67705381,0.11624495,-0.042922258,0.70626593,0.13668823,0.48967919,0.27086142,-0.29902217,-0.7120496,0.22605275,0.04475664,-0.082395121,-0.38547832,0.2451009,0.18419549,1.1324434,-1.6370281,-0.073477283,1.644022,1.6136128,0.54772943,-1.5570388,-0.28399485,-0.50802708,-0.26084614,0.072123006,0.18595347,0.90876025,0.69250536,0.40525585,0.26643801,0.17114331,0.89061677,0.79576892,1.2673172,-1.0372161,0.19293785,0.37167525,0.066623308,-0.3812719,-0.2244882,-1.9032023,0.34095836,0.012183227,-0.40315422,-0.19434246,0.31955343,0.16744025,-0.83436483,0.23717171,-0.2452763,0.76722783,-0.26373208,0.39268091,0.99413586,0.31421503,0.13615857,0.74681741,-0.03371235,0.077429287,-0.9484933,0.30443963,-0.6390664,0.059656844,1.0923519,-0.79823005,-0.57550812,0.55177218,0.30677783,-0.80980659,-1.325302,0.5827564,-0.47633061,0.21723694,-1.7693446,0.27541113,-0.28236848,-0.68727756,-0.47768283,1.0427932,0.5057196,-2.2653267,-1.4565378,-0.44197726,0.005630673,0.38441166,-0.039094586,0.081370905,0.60459489,0.24263786,-0.076999962,0.232786,0.22523259,0.3008081,-0.055077456,0.10483346,0.23059422,-1.5546467,-0.017862819,0.59671563,0.097722419,0.1951496,0.70812887,0.95394498,-0.45639125,-0.84610772,-0.11626452,0.004790306,-2.0338628,0.36847576,0.53454351,0.42678428,-0.90555692,-1.5757976,0.25382724,-0.5793153,0.11718546,-0.003524244,-0.052208293,0.69910967,0.11755236,0.38151455,0.45093399,-0.01001575,0.028973237,-0.51285207,-2.5606475,-0.75593555,-1.0204171,0.21653812,-0.89096218,0.10273717,-0.12316604,-0.40616477,0.049050584,1
0.5472393,0.32482558,0.28250161,0.52612042,0.50999868,0.54385149,0.52125549,0.49757636,0.52716303,0.52909285,0.51924908,0.51546395,0.51643229,0.49835905,0.52708429,0.5129419,0.52014977,0.5410015,0.51434541,0.49799022,0.49686784,0.50395846,0.50884944,0.49926561,0.52179861,0.50178587,0.5102464,0.4993467,0.51265675,0.50793564,0.50428516,0.50196379,0.49119455,0.49072236,0.50206381,0.49597156,0.4856047,0.51071543,0.49156934,0.49761012,-1.0447367,0.26208928,0.43174261,0.50203633,1.4175497,1.7603511,1.3403478,0.77299327,0.89549267,1.7067358,1.4655011,1.2629116,0.3573783,-0.20685734,-0.31569749,-0.42129797,0.60291386,0.34558713,0.32696858,0.34941041,-1.1050491,0.08961077,-0.62192219,0.38622624,-0.79096317,0.078249276,-0.2107418,0.6151821,0.078778893,1.4642627,-0.1910437,0.15655413,-1.192627,-0.29149833,-0.13841455,0.76756746,-1.1984594,0.53300351,0.17763269,-0.92343307,-0.15947691,-1.1794353,-0.63911891,0.33023611,0.74771672,0.60962033,-0.048573248,-1.7719482,0.60509533,0.14288133,-1.1275933,0.80201304,0.00439056,0.063717954,0.5127176,-0.048429254,0.33668432,-0.30529016,0.045364249,0.57634223,-0.674721,-1.1051179,0.014709495,0.56475216,-0.4799065,0.19151637,-0.012788882,-0.18775906,0.003606364,-0.30696175,0.45488137,0.54570824,-0.21013762,-0.46644115,-0.28769141,0.11878697,0.18441187,-1.0003643,0.39103824,-1.1336808,-0.42242849,-1.7660207,-0.9072988,-0.13952912,-0.50362003,0.38954657,-0.40726441,0.17980036,-0.14413431,-0.097095273,-0.74695766,-0.6672982,-0.17496541,-1.1281002,-0.22550122,0.033683628,0.075045288,0.21445875,-0.4283179,-1.6096864,0.19976351,0.4781146,0.76532763,-0.12893562,0.56078196,0.267396,0.026078306,-0.59819293,-0.30412748,0.28423312,-0.60889244,-0.11897418,0.41271442,-0.16834922,-0.83538353,0.18692955,-0.55176592,-0.32938179,0.3413502,-0.39527124,-0.011152825,-0.87972724,0.81737828,0.62786394,0.19412641,0.062523469,-1.5916984,0.551808,-0.019474771,-0.22672081,-0.097442098,-0.58069885,0.038571604,-0.15700123,-0.8065933,0.99181402,-0.77236342,0.12200385,0.3693015,-1.6299673,-0.18773742,0.26175553,-0.089014053,-0.32844436,-0.87334496,0.41956475,0.068333596,0.55150378,0.80067074,-0.77622527,-0.31372276,0.029177275,0.000567853,0.22631714,0.33198607,0.15504479,-0.23692751,-1.2381487,-1.8347719,-0.75837171,0.26681659,0.78363264,0.44970679,-0.46174601,-0.27863526,0.09319254,1.1071259,-0.15212226,0.076782994,-0.27966923,-0.24204023,1.0262492,0.21376377,0.26026458,0.77121627,-0.16268492,-2.0953233,-0.054482445,0.43400514,-0.016281318,-0.14247069,-0.71451271,0.12253243,-1.4928136,0.15918794,-1.0512635,0.29900998,0.041617144,-0.90049577,0.014330446,0.2107462,0.40640599,-0.20627633,-0.29885399,-2.5988915,0.32892042,-0.65825677,-0.02605173,-0.037775114,0.10925153,0.61530375,0.21576454,-0.22326726,0.5611884,-1.409446,-0.83366024,-0.37110049,0.46323779,-0.44606185,0.18432269,0.10907848,0.39414823,0.048917159,0.40516731,0.51439273,0.79901844,-0.96043879,-0.3889356,0.77232307,-0.068685196,0.25958019,-0.058770861,-0.26921022,-1.3548199,-0.43929064,0.10341729,-0.33315545,0.45099753,1.0630881,0.35882631,-0.49387246,0.16980669,-0.31533203,0.67347693,0.4600637,-0.36788017,0.068806186,1.5892657,0.13884024,0.24973258,-1.0565742,-0.1890316,-1.9873905,0.99612808,-1.2372707,-0.11660458,-0.17384635,-1.6205937,-0.19545004,0.20136777,-0.14763293,0.60049474,0.48363447,0.25038543,-1.9915512,0.91709244,0.15421478,1.1094149,-0.005603559,-1.1552961,-0.028017774,-0.95374358,0.54834944,0.3224031,-0.86277616,0.25475815,-1.8065845,-1.4692208,-1.3555002,-0.45638841,0.54772764,0.26242083,0.29581043,-0.92099363,0.87875313,-1.0110316,-0.063330136,0.28265402,-1.0668294,-0.10306457,0.016366398,0.54804993,0.00347447,0.28560328,-0.12686437,0.50579476,0.026673306,0.68939292,-0.064180702,-0.095399007,-0.91168058,0.41854969,1.1189723,-0.48170882,0.47310719,0.50264132,0.57071179,-0.68532419,0.71650732,0.28452408,-0.80589354,-0.68287337,0.097063832,0.072348252,0.088745832,0.6670109,-0.21128218,-0.48575112,-0.55782974,-0.038402312,0.54969579,-0.18260789,0.25095037,-0.3627086,0.20207615,1.0312607,-1.1192667,0.12263166,0.32903972,-0.55710459,-0.016266087,-0.21620069,-1.3972713,-1.9620949,-0.16608019,0.67638791,0.044881038,-0.12020747,0.72893,0.15006089,0.53429335,0.28043494,-0.16773449,-0.45645338,0.19725439,0.073376074,-0.10782351,-0.54047447,0.30620307,0.18700296,1.161685,-1.6087446,-0.049090393,1.6679835,1.4620634,0.39554816,-1.5391583,-0.22206883,-0.37576172,-0.2629019,0.015536011,0.25696689,0.8065334,0.83207953,0.31734353,0.20831396,0.12657033,0.7559188,0.71781445,0.92238259,-0.93944538,0.38644981,0.15618341,0.10468597,-0.41963118,-0.17406555,-1.8577144,0.33242133,0.000339225,-0.34157303,-0.092972837,0.26303935,0.12198646,-0.62019229,0.32111493,-0.25932944,0.35079193,0.040721565,0.47420198,1.019745,0.28523508,0.074827112,0.65421921,0.033488102,0.10609625,-1.0208244,0.32022911,-0.83479065,0.001812711,0.88155085,-0.8737545,-0.39320061,0.51674151,0.43710008,-0.46749598,-1.137342,0.53383452,-0.60281152,-0.010955172,-1.7963061,0.29769453,-0.18493512,-0.64891809,-0.4422943,1.0236793,0.41986308,-1.8768507,-1.147794,-0.40190205,0.012519369,0.30565962,-0.032042924,0.067299336,0.53046876,0.25019762,-0.1522824,0.33395576,0.3693766,0.38918924,0.009821989,-0.15671101,0.29201874,-1.4214227,-0.021392986,0.23491107,0.099678636,0.2413895,0.68910247,1.0065423,-0.3914558,-0.81325334,-0.40475953,-0.094090015,-2.082232,0.35910711,0.4370746,0.46142989,-0.62613952,-1.1763215,0.35402602,-0.56246138,0.1753706,-0.069432691,0.08530052,0.41408831,0.13559189,0.3449209,0.34571862,0.064214811,-0.029977299,-0.39439279,-2.2214606,-0.68786126,-0.83534718,0.056978859,-0.84427887,0.16044873,-0.11440404,-0.29441169,0.089882001,1
0.53791898,0.30311078,0.26294729,0.52320856,0.49859941,0.53232563,0.51063174,0.49559358,0.51223022,0.52041829,0.51858121,0.51629442,0.50051457,0.49430239,0.52035391,0.5036968,0.49500984,0.53969669,0.51757872,0.48916084,0.49668783,0.50475073,0.48950252,0.49664807,0.50699151,0.4840073,0.51089555,0.49992052,0.50248528,0.50763983,0.50953245,0.50392807,0.48630765,0.49186152,0.50458521,0.47238404,0.48089197,0.49296898,0.48792154,0.48599029,-0.8850193,0.26279131,0.36702883,0.4575544,1.4192042,1.7142715,1.2693894,0.71910417,0.82550818,1.6610835,1.4340802,1.2071457,0.38975066,-0.17759956,-0.39236206,-0.44080156,0.62713128,0.37006611,0.30748031,0.287494,-1.1217525,0.004491019,-0.72678566,0.3395274,-0.74436194,0.037768949,-0.24143922,0.59758115,-0.10020065,1.2576513,-0.19552994,0.14586982,-1.129913,-0.25480884,-0.19957198,0.82903886,-1.0824267,0.53230077,0.1309531,-0.81453079,-0.15964112,-1.2693704,-0.53311062,0.23708677,0.77823013,0.53253138,-0.009625072,-1.6976513,0.52278119,0.10702025,-1.1069608,0.80925119,-0.007515725,0.045282722,0.45043358,0.033250555,0.22964177,-0.19339943,0.069233648,0.59871757,-0.38509965,-0.8787967,0.022213232,0.54492718,-0.37211907,0.23566765,-0.048947453,-0.21074775,-0.15359728,-0.14358076,0.29801917,0.3341181,-0.1254943,-0.35181165,-0.20486836,-0.024049491,0.16179843,-0.95323908,0.41507176,-1.243397,-0.32225463,-1.6310945,-0.74597347,-0.22011735,-0.70457029,0.30782726,-0.21442081,0.21723305,-0.082455702,-0.035669871,-0.62162554,-0.55620611,-0.30375558,-1.0495762,-0.286827,0.10674425,0.078496605,-0.16880791,-0.36034292,-1.4838411,0.07121858,0.46093538,0.76663929,-0.13418722,0.41021079,0.36576051,0.020507351,-0.72851896,-0.27683476,0.21366937,-0.39851755,-0.041067757,0.46626964,-0.26567456,-0.66371971,0.28048941,-0.49392965,-0.15225157,0.26517215,-0.44082695,0.043873381,-0.7701354,0.71664762,0.63618249,0.2166367,0.05821079,-1.4576368,0.47194201,0.056690346,-0.20595993,-0.0975824,-0.49554622,0.14636299,-0.10633336,-0.78159231,0.98094404,-0.43867874,0.10958594,0.26689693,-1.5213056,-0.007033102,0.16008177,-0.19181481,-0.23512001,-0.78609419,0.3162629,-0.10350347,0.26470417,0.57031614,-0.78366154,-0.16720539,0.064179637,0.12487313,0.11485645,0.098491743,0.068730637,-0.27506006,-1.1667988,-1.6712424,-0.56093287,0.25328714,0.87339288,0.39856723,-0.31094754,-0.34848598,-0.049190328,1.0475339,-0.19480494,0.1024647,-0.02569595,-0.18618712,0.7679444,0.1612076,0.24169616,0.3394233,-0.084255151,-1.6188059,-0.077053241,0.29613051,0.034420412,-0.1207139,-0.7785669,0.051117539,-1.2680422,0.17029569,-0.780451,0.37885603,0.060155813,-0.8572309,0.1015342,0.1519783,0.43738705,-0.10271748,-0.49002954,-2.2924349,0.3096517,-0.65029025,-0.016885228,0.046196513,0.050565556,0.61320245,0.1878823,-0.16328444,0.48705813,-1.3694704,-0.75227076,-0.5188089,0.47775999,-0.3587727,0.044018351,0.13182418,0.35523093,-0.029174529,0.31328714,0.55037344,0.60724092,-0.76395267,-0.33133817,0.57714486,-0.1075786,0.10753031,-0.031884398,-0.29846787,-1.2754529,-0.41525149,0.15239546,-0.2511248,0.34894916,0.8385368,0.33380306,-0.48929882,0.21461992,-0.25075245,0.58898532,0.31653726,-0.37302822,0.008049652,1.6075965,0.15071963,0.20984498,-0.80194932,-0.17384796,-1.6579496,1.0171362,-1.2243865,-0.060790405,-0.058910303,-1.4778347,-0.23344409,0.088140428,-0.1692113,0.394472,0.5858233,0.19936073,-1.7318938,0.86391526,0.098912865,1.1453415,-0.15478483,-1.3061213,-0.034505054,-0.88768786,0.52765226,0.29080623,-0.81831759,0.34653929,-1.6162268,-1.0393105,-1.1579175,-0.32930657,0.39017993,0.16353858,0.30152607,-0.94512838,0.87873799,-0.8647666,0.031263813,0.32582358,-0.97749668,-0.099122308,0.046512108,0.39062893,0.007521482,0.14271855,-0.24005762,0.48787683,0.017021999,0.71518958,0.000840796,-0.19288906,-0.7329725,0.40802824,0.92790312,-0.46117175,0.49208644,0.50753659,0.48267269,-0.54210281,0.56622672,0.17136337,-0.68725359,-0.73321986,0.081936978,0.11159633,0.059864804,0.61201227,-0.27814233,-0.41603994,-0.50715339,-0.036704071,0.48989806,-0.17411338,0.040358827,-0.38068703,0.13019088,0.77470392,-0.9518553,0.13154322,0.32550919,-0.38334045,-0.053719986,0.088223726,-1.2345613,-1.9177946,-0.071162663,0.64791441,-0.02260682,-0.096718043,0.76847249,0.089239694,0.50767833,0.30816859,-0.21618441,-0.60010242,0.19485913,0.10081057,-0.15160887,-0.58564311,0.30157909,0.15228899,1.094,-1.5035632,-0.017635804,1.337172,1.3498235,0.41072595,-1.4663742,-0.2759372,-0.60823685,-0.36045599,-0.00835928,0.17021443,0.75963295,0.36347607,0.3685452,0.10328872,0.234965,0.65796101,0.61602551,0.74421048,-0.97344077,0.076587439,0.06999664,0.055613205,-0.34274623,-0.17140147,-1.6332442,0.37797728,-0.010902166,-0.29349536,-0.20969352,0.37871891,0.15742266,-0.3426545,0.30889386,-0.27643454,0.32596746,-0.014691308,0.25618088,0.77532089,0.3623513,0.075010478,0.61914897,0.19182894,-0.072667561,-0.8514992,0.23510528,-0.76682627,-0.065444596,0.75141829,-0.77017611,-0.44605556,0.46117827,0.30226654,-0.49054483,-1.0475299,0.44630623,-0.48090529,-0.064110413,-1.7397473,0.25324696,-0.20917271,-0.62712502,-0.43008745,0.82954365,0.24619041,-1.7968886,-0.84375048,-0.48276013,0.022715336,0.27660349,-0.12376205,0.062824607,0.36592063,0.30857936,-0.001254663,0.25200799,0.30473682,0.34951517,0.12807381,-0.33749771,0.18531929,-1.3320749,0.009168411,0.31454891,0.11276698,0.24439219,0.50648874,0.81289858,-0.32625324,-0.74117982,-0.44650355,0.048561607,-1.8383316,0.40409246,0.26360047,0.39761454,-0.54221886,-1.156328,0.39351052,-0.41002801,0.064214319,-0.19595397,0.04753077,0.40657082,0.086641923,0.38693544,0.21566555,0.036393858,-0.097108766,-0.3778002,-2.0347383,-0.53125244,-0.86000198,0.024632532,-0.89771116,0.18244481,-0.003008783,-0.25599152,0.09198834,1
0.55910724,0.34307796,0.29800886,0.53947437,0.52302539,0.55160797,0.5197525,0.51352566,0.5319609,0.53036427,0.53100443,0.51326692,0.5116123,0.51247996,0.5293237,0.5166477,0.50741643,0.53890789,0.53264135,0.50328785,0.50239444,0.50441456,0.499212,0.51465899,0.51642287,0.50818336,0.51473546,0.51806545,0.51449299,0.5159483,0.51238757,0.49644864,0.49587655,0.49803472,0.50511968,0.48631012,0.49921781,0.51104844,0.48709369,0.49583703,-1.0018699,0.28385955,0.34580606,0.41394645,1.3230128,1.6834104,1.2341,0.67699891,0.78278971,1.5941488,1.3709487,1.1498636,0.36138538,-0.20773107,-0.43347767,-0.45189756,0.68938887,0.39752647,0.33028728,0.31601763,-0.81099731,0.11810382,-0.65530127,0.35190812,-0.87283093,0.056541808,-0.24281839,0.60769832,0.19729848,1.3834832,-0.19203411,0.1930697,-1.2059603,-0.23600928,-0.083042786,0.95724446,-1.2782428,0.53986549,0.079972893,-0.84908181,-0.14426249,-1.2230096,-0.58547378,0.31611848,0.83782071,0.66934526,-0.055509746,-1.7252269,0.5923413,0.11977111,-1.147298,0.74937159,0.035417255,-0.00498867,0.41307977,-0.051716913,0.34532133,-0.25832909,0.003434386,0.58074057,-0.7585274,-0.9606123,0.055369809,0.53191054,-0.29935977,0.22908963,0.19748259,-0.20892334,-0.1249081,-0.27806753,0.439163,0.61911649,-0.22507812,-0.34437758,-0.24985266,0.20017679,0.078738481,-1.072968,0.35987091,-1.0286489,-0.34639588,-1.7785354,-0.84595311,-0.20225017,-0.51873076,0.29497799,-0.40021989,0.095813647,-0.10550308,-0.10612953,-0.68810332,-0.81511867,-0.02708596,-1.1086199,-0.16169344,-0.022690907,0.078393273,0.38918689,-0.45159179,-1.5177441,0.40749997,0.52325213,0.81163663,-0.2040188,0.51375341,0.37863079,0.040298894,-0.38660073,-0.39208874,0.2575193,-0.4718909,-0.12458051,0.42321891,-0.24941918,-0.77602637,0.21605831,-0.43109426,-0.49350226,0.27739024,-0.43589681,0.033599682,-0.84781051,0.79405773,0.68529063,0.11977437,0.0406662,-1.6865783,0.43942025,-0.001993842,-0.18683214,-0.075161502,-0.52674901,0.14153373,-0.16903786,-0.77506185,1.0323715,-0.6082297,0.10619015,0.33611971,-1.3593842,-0.2042619,0.1770999,-0.14553446,-0.34172201,-0.94385159,0.39582622,-0.15038306,0.40424457,0.90684694,-0.84578711,-0.18942721,0.063391685,0.2369387,0.1717235,0.29318136,0.1750146,-0.32770246,-1.1609362,-1.7628589,-0.76855576,0.27708364,0.73018998,0.45582479,-0.417604,-0.44253415,0.013900198,1.3980854,-0.13731834,0.095969684,-0.18559611,-0.18192416,0.88508987,0.17785281,0.26534012,0.81856871,-0.18902113,-2.1284544,-0.10640272,0.51664978,0.057410873,-0.19548652,-0.63311887,-0.004050024,-1.4108222,0.19536576,-1.3568823,0.13774064,0.19245732,-0.84225267,0.04935956,0.23379645,0.34016085,-0.15684539,-0.3950181,-2.3711388,0.30279124,-0.8787263,-0.024772041,0.14557905,0.061076052,0.59130728,0.1704874,-0.23186505,0.48341969,-1.2283717,-0.82089949,-0.34041861,0.40419802,-0.47511587,0.22856058,0.11239577,0.34227878,0.018369211,0.38484713,0.47608474,0.86062032,-0.99624503,-0.34724361,0.49214774,-0.022744134,0.17024425,-0.080228701,-0.24336509,-1.3031603,-0.4187445,0.14630774,-0.49715975,0.36808056,0.97192186,0.37480325,-0.51782942,0.17723326,-0.37181225,0.54084527,0.42548504,-0.43139642,0.05171546,1.814072,0.16527966,0.16205817,-0.74079227,-0.19174072,-1.9200449,1.0377777,-1.1393507,-0.15452369,-0.16297972,-1.6175833,-0.33803993,0.16595012,0.14800581,0.38910687,0.49923897,0.25169265,-1.7941849,0.98854697,0.17694625,1.1795657,-0.037428446,-1.2203231,0.034317091,-0.85964257,0.55973613,0.25952917,-0.9253118,0.18116392,-1.7026131,-1.4470583,-1.4168121,-0.42275622,0.45665458,0.40255105,0.31225839,-0.90459275,0.85316849,-0.98720604,-0.10183638,0.33873194,-0.94600379,-0.13662075,0.061909445,0.47471702,0.29058146,0.26124448,-0.14945428,0.5632093,0.043059271,0.61427647,0.033199467,-0.14924055,-0.82667947,0.45727649,1.166435,-0.44077134,0.6707536,0.51891875,0.48757032,-0.67204529,0.52032799,0.10375842,-0.83202434,-0.49136505,0.085480891,0.007449001,0.11580823,0.75303841,-0.24612132,-0.46943402,-0.56545693,-0.006662706,0.54966396,-0.26192039,0.009949639,-0.33624858,0.1673013,1.0478438,-0.91247082,0.11798598,0.31998038,-0.63296485,-0.031655733,-0.31110451,-1.1813056,-1.8740968,-0.15188353,0.67199177,0.11173654,-0.028901309,0.70471895,0.17798583,0.5267061,0.32443559,0.071010545,-0.55980229,0.22022367,0.13139275,-0.21599133,-0.58401906,0.28329474,0.1465425,1.1966392,-1.6224834,-0.083508737,1.4900751,1.729707,0.4523848,-1.4662826,-0.21210432,-0.49371421,-0.24568734,-0.05830989,0.30659682,0.84669924,0.51609027,0.60510033,0.20480767,0.19225618,0.70543432,0.68890458,0.87250823,-1.0126522,0.22750473,0.12104331,0.028924353,-0.34185642,-0.15165472,-1.6979204,0.37220594,0.016099174,-0.34160718,-0.18886586,0.25225136,0.15105774,-0.69260031,0.23726478,-0.23420599,0.33728257,0.015715688,0.31981423,0.90698874,0.36456868,0.15095758,0.64821541,-0.10599481,0.18258259,-0.94086868,0.29168451,-0.85636568,-0.11359149,0.84983265,-0.91778147,-0.37328044,0.54050994,0.38465038,-0.51308328,-1.1354425,0.49266967,-0.60527831,0.14694521,-1.7955881,0.32504508,-0.24058077,-0.49296084,-0.58368564,0.97601342,0.41380402,-1.9181861,-1.1122847,-0.44482371,0.014818883,0.30390251,-0.028657194,0.07754001,0.36969584,0.2797657,-0.17825732,0.24933389,0.36995864,0.36866081,0.082262978,-0.066611588,0.30231178,-1.481199,0.001927955,0.29221722,0.092659585,0.20063318,0.63445455,0.80669785,-0.39170289,-0.83859253,-0.37751579,0.1459979,-2.0278614,0.4626779,0.30182105,0.40554646,-0.77222228,-1.2722915,0.32683265,-0.48544002,0.082567826,-0.076656498,-0.004659846,0.52622241,0.072068118,0.36585975,0.25394765,0.05650996,-0.17411411,-0.31473622,-2.1949885,-0.59835029,-0.91973221,0.12131871,-0.82223433,0.16981228,-0.1654622,-0.22386247,0.084162489,1
0.592857,0.37969711,0.32891279,0.56483161,0.55488479,0.57005435,0.54815221,0.53673148,0.55760491,0.54759908,0.54520166,0.54414988,0.53393579,0.53220785,0.54838824,0.53380561,0.53268647,0.56932914,0.55152959,0.52396172,0.52451479,0.53144634,0.52178419,0.53918886,0.53045571,0.533252,0.53381491,0.53023672,0.53935635,0.5472213,0.52861536,0.52548873,0.53082097,0.52445543,0.5312286,0.51123726,0.51860982,0.53490633,0.51261437,0.5191772,-1.1332395,0.32300475,0.49490309,0.55238646,1.4960346,1.8294019,1.3998859,0.83228564,0.95952559,1.7642393,1.5235453,1.3153534,0.31718212,-0.23724645,-0.10185314,-0.49200889,0.70812631,0.46654987,0.36866516,0.2999742,-1.1959338,0.083455689,-0.553514,0.28334108,-0.69626415,-0.011776868,-0.2131554,1.2254337,0.24509276,1.4459792,-0.2153675,0.17114051,-1.366838,-0.27059615,-0.052827172,1.2452509,-1.2885975,0.40787783,-0.002189398,-1.0200486,0.39776519,-0.56195045,-0.88041425,0.27853936,0.91343325,0.750103,-0.039506506,-1.9147632,0.78458816,0.079571277,-1.1885557,0.72741699,0.040630538,0.15963222,0.42422515,-0.059637833,0.18933278,-0.37164065,-0.057690218,0.64609754,-1.0417693,-1.1824203,0.041169766,0.74747926,-0.46683514,0.20887128,0.39436847,-0.26157647,-0.043200083,-0.24930032,0.32279006,0.66875434,-0.28311008,-0.55529058,-0.37869787,0.329362,0.26884925,-1.1146317,0.32362947,-1.0621604,-0.34791085,-1.8370817,-1.295692,-0.16566975,-0.18389362,0.40683049,-0.41721642,0.29308015,-0.17437997,-0.26745936,-0.78598917,-0.81426424,0.14564234,-1.3745912,-0.23018673,-0.00721252,-0.18690751,0.33143264,-0.39257476,-1.8714764,0.87947822,0.54227674,0.9225201,-0.45871574,0.5390259,0.46981791,0.082300991,0.099077791,-0.45428586,0.38324666,-0.90332866,-0.24683216,0.41130674,-0.3576175,-0.88714713,0.20172799,-0.59430921,-0.57361579,0.28303692,-0.55783302,0.002877834,-0.94869298,0.85725844,0.68333262,0.046192203,0.067408182,-1.872476,0.32073978,0.076201648,-0.024851426,-0.066192895,-0.68623966,0.038604975,-0.23970856,-0.91545463,1.0800641,-0.8836863,0.099313721,0.34141782,-1.9891987,-0.29893154,0.52061146,-0.062773272,-0.40132192,-1.0848839,0.34978843,0.50674421,0.36231512,1.2636971,-0.95126128,-0.24549417,0.077962115,0.077219278,0.26861957,0.35839656,0.21196899,-0.13926353,-1.416234,-1.9063708,-0.82281184,0.35113412,0.42302194,0.67238587,-0.47924519,-0.49367625,0.089537874,1.0417778,-0.10128267,-0.013689484,-0.51274455,-0.32970613,0.98163891,0.17626809,0.32088572,1.2280922,-0.20403007,-2.3155444,0.012478545,0.57066584,0.083862834,-0.25649765,-0.85342932,0.037289552,-1.6235626,0.18233687,-1.387567,0.36112097,0.092404589,-0.90810776,0.070395395,-0.30670986,0.40200728,-0.074836493,-0.13472968,-2.7802818,0.47476292,-0.81163299,-0.10004705,0.04492864,0.25801373,0.57855946,0.19703099,-0.2167801,0.66777134,-1.623264,-0.79087156,-0.32619381,0.51238543,-0.52434039,0.10881606,0.16764802,0.41011229,0.002287637,0.35307097,0.27015838,0.8884322,-1.1399581,-0.35383534,0.52449423,-0.078397363,0.34138477,-0.12689768,-0.10649446,-1.3734167,-0.44660205,0.1623628,-0.34209713,0.4538779,1.256855,0.38025963,-0.55687845,0.13741346,-0.38227376,0.53700346,0.54706514,-0.35940808,0.10829654,1.3504952,0.16281131,0.23590115,-1.3262544,-0.14177887,-2.2216444,0.90466928,-1.1428986,-0.25160056,-0.16636752,-1.5330685,-0.25998804,0.263861,-0.094134539,0.86417007,0.87493569,0.18284175,-2.0973971,1.145156,0.19253279,1.119284,-0.025291584,-0.97261459,0.074031591,-1.0305737,0.69002891,0.40652841,-0.96856797,0.53624111,-2.1469703,-1.6504294,-1.4470751,-0.67842829,1.3029807,0.58360243,0.35464391,-1.0719368,0.78039622,-1.1015512,-0.11621942,0.48983541,-1.1000226,-0.21840647,0.000284851,0.36805689,-0.2920813,0.4437272,-0.086073339,0.66267014,0.073644526,0.58841652,0.13779947,-0.097174212,-1.0146605,0.5594908,1.0961965,-0.58579725,0.63764745,0.52383536,0.12586313,-0.90563357,0.72388762,0.071777165,-1.0109971,-0.43645254,0.054358125,0.11725196,-0.06323266,0.89388311,-0.33101121,-0.77698612,-0.55506897,0.000217035,0.64239305,-0.30624601,0.33085525,-0.24939176,0.18925983,1.1973451,-1.2408271,0.17322904,0.34203124,-0.70302111,0.091526993,0.053053007,-1.4116459,-2.1904705,-0.35888755,0.68357772,0.25946563,-0.08153972,0.74333948,0.25778621,0.90553808,0.27507457,-0.33591855,-0.66943759,0.30101836,0.067393027,-0.13209076,-0.26082164,0.27200371,0.15854409,1.5271029,-1.6290805,-0.16612393,2.0065863,1.8876555,0.46014529,-1.5452437,-0.16664219,-0.49748862,-0.20243809,0.17627795,0.29206267,0.8319273,0.79066646,0.18381721,0.40046811,0.17266333,0.92475408,0.76519513,1.1143765,-0.8773883,0.33781719,0.31293443,-0.034946471,-0.2722826,-0.13046509,-1.9478519,0.40509006,-0.009979945,-0.28292331,-0.2099036,0.4454836,0.24423611,-0.40223008,0.21903835,-0.26249114,0.078941911,-0.22918043,0.62276506,1.171198,0.2926476,0.046760924,0.71046197,-0.1019684,0.17743146,-0.90319359,0.35537082,-0.89868176,-0.052403226,0.87285399,-1.0439377,-0.49101979,0.33734819,0.33759233,-0.39615342,-1.2782588,0.65169287,-0.42637387,0.42633373,-1.914441,0.38694715,-0.25312895,-0.64212602,-0.61634374,1.332644,0.32283074,-2.2539587,-1.3272581,-0.35467058,0.016925022,0.40615833,0.029923577,0.059107661,0.34378871,0.26637015,-0.14658578,0.29431751,0.29991177,0.38433871,0.080634728,-0.38717815,0.23841709,-1.5805043,-0.040395115,0.42086872,0.11806037,0.19687083,0.83035958,2.1159112,-0.52185345,-0.82754529,-0.28472519,0.017707735,-2.1178594,0.42541569,0.10873817,0.45089749,-0.7935257,-1.5417494,0.29006684,-0.6042136,1.0226595,0.0245283,0.035822116,0.14869827,0.056910183,0.36290646,0.28029662,0.014391162,-0.013472676,-0.39940536,-2.4251084,-0.75888574,-1.0000455,0.27130404,-1.0795377,0.17159131,-0.14785402,-0.29613465,0.07861919,1
0.57296115,0.29949206,0.27761602,0.54726398,0.54319167,0.56609851,0.54898,0.53150725,0.55028164,0.54243958,0.54662603,0.54150009,0.544249,0.52940148,0.54933691,0.53857577,0.55541396,0.56515336,0.55270302,0.54539812,0.54449296,0.54337502,0.54392731,0.54788017,0.55498427,0.54831088,0.55125087,0.54053724,0.55404353,0.54577661,0.5392794,0.55459648,0.53900087,0.5444299,0.54779476,0.52467597,0.53905046,0.55495024,0.53177601,0.53507769,-0.88215452,0.25712693,0.36921144,0.4581742,1.3448762,1.677047,1.2603047,0.69972223,0.81560779,1.6140088,1.393784,1.1744715,0.30701521,-0.19027193,-0.43901747,-0.48060685,0.61714965,0.39684781,0.34280947,0.32398862,-0.65033066,0.040439874,-0.69227052,0.33481693,-0.69274092,-0.1020513,-0.18687421,0.74413401,0.27553564,1.1495355,-0.18934566,0.19265507,-1.1135802,-0.27513313,-0.07301788,0.8047772,-1.2576793,0.55682027,0.13651687,-0.84289974,-0.10824679,-1.2338667,-0.50156367,0.35422549,0.79903066,0.72049379,-0.054163065,-1.6307878,0.623429,0.12271443,-0.98409933,0.75991142,0.018887531,0.031427357,0.38337728,-0.003497325,0.33142355,-0.19079311,0.005632188,0.56637114,-0.94234931,-0.98965067,0.031880867,0.48787105,-0.36366829,0.2781243,0.17101648,-0.14164844,-0.13509899,-0.255382,0.39810634,0.56384492,-0.20198932,-0.48599398,-0.19110385,-0.005966097,0.083877772,-1.0629197,0.3535324,-0.92843056,-0.36271569,-1.7071543,-0.72678596,-0.17773491,-0.53803575,0.30282578,-0.33970109,0.11241298,-0.11567178,-0.11779321,-0.80864972,-0.57086289,-0.066294625,-1.0465032,-0.13816929,0.023198679,0.007332787,0.28991592,-0.39218774,-1.5456609,0.43451327,0.47981372,0.83914745,-0.26927942,0.52744341,0.36999774,0.013808593,-0.37612557,-0.29366171,0.26566449,-0.5981878,-0.10687271,0.39766738,-0.22958338,-0.70968521,0.21906683,-0.47770604,-0.3701455,0.21759881,-0.31560898,-0.013779627,-0.85141557,0.77659798,0.67594606,0.10656182,0.19888242,-1.5362357,0.80991352,-0.067069896,-0.22634149,-0.084324971,-0.47306788,0.12895191,-0.10536375,-0.63142359,0.95906913,-0.59998566,0.13080674,0.36538982,-1.3205532,-0.17595102,0.17762737,-0.13275304,-0.2602444,-0.78833735,0.42333665,-0.022174999,0.43819433,0.75866497,-0.82811433,-0.25026724,0.056903452,0.025154743,0.190318,0.23579487,0.035640828,-0.14512429,-1.1548373,-1.6518492,-0.7100206,0.2709595,0.75399363,0.44564992,-0.44275364,-0.35077858,0.064613685,1.1685152,-0.18191576,0.18130572,-0.047925562,-0.24438179,0.87452775,0.18363923,0.26646197,1.0678272,-0.041249961,-1.9931405,-0.13491032,0.81885773,0.01766412,0.071928427,-0.5728597,-0.16193354,-1.2899514,0.10959632,-1.1281034,-0.084989399,0.27793592,-0.8357535,0.019180348,0.45083588,0.33201319,-0.26234072,-0.32032487,-2.3337262,0.14748839,-0.76244247,-0.053188019,0.10114598,0.028257281,0.47960207,0.087594144,-0.23381487,0.41694596,-1.3260727,-0.8600167,-0.41473904,0.48034462,-0.3833065,0.12973773,0.1535174,0.40691027,-0.041208763,0.39642861,0.48240221,0.76116061,-0.85453522,-0.32661378,0.69763738,-0.16297387,0.13815245,-0.10742191,-0.23212464,-1.231921,-0.42138439,0.14301801,-0.31863517,0.37753856,0.96838403,0.37224105,-0.52661514,0.22429362,-0.37687224,0.67336309,0.45705619,-0.39002746,0.072936475,1.9191822,0.16832532,0.19471455,-0.88244009,-0.13755082,-1.7892054,0.90796638,-1.0171553,-0.2182533,-0.18552764,-1.5154017,-0.47798771,0.20528838,0.21516076,0.68758506,0.49281839,0.20648858,-1.7098753,0.9107793,0.064050943,1.0842295,0.087921664,-1.1836095,-0.022452414,-0.93515086,0.48768184,0.38512331,-0.92799938,0.14400655,-1.6601458,-1.2349057,-1.2912936,-0.33619261,0.68648523,0.71713203,0.31841975,-0.83457667,0.81958359,-0.89880121,-0.063361108,0.2948769,-0.96066177,-0.15681197,0.035971671,0.39725336,0.059876457,0.38918823,-0.064871371,0.57176518,-0.000259601,0.39679402,-0.038253035,-0.12643728,-0.89793193,0.4342581,1.0511094,-0.40944085,0.63938498,0.51405746,0.45403206,-0.6229558,0.52415007,0.082518399,-0.77398455,-0.58227646,0.094695427,-0.016232267,0.10092355,0.78183383,-0.13555835,-0.50416183,-0.55745316,-0.008191031,0.47033328,-0.14668928,0.093589567,-0.32664019,0.13687684,1.1466168,-0.95731741,0.10844296,0.3236483,-0.59396613,0.070546187,-0.12635827,-1.1074605,-1.8380799,-0.2008813,0.66966349,0.10338001,-0.090358779,0.62647337,0.22312659,0.54380488,0.27940717,0.005658686,-0.54202652,0.27932578,0.097869545,-0.16072044,-0.49088615,0.27387893,0.14000013,1.1321025,-1.574926,-0.019055581,1.4261756,1.6785684,0.41205215,-1.3855318,-0.23417909,-0.55625618,-0.21176362,-0.051957838,0.30821997,0.85306537,0.55077368,0.60685623,0.13568458,0.25174445,0.83168411,0.67991263,1.016646,-0.98369414,0.23212548,0.15209576,0.11623867,-0.31132197,-0.16031358,-1.4782025,0.36548656,-0.01408447,-0.36199203,-0.21406156,0.32553008,0.17767738,-0.69403934,0.24956921,-0.21832955,0.58774769,-0.01478146,0.45919776,0.85999703,0.32302618,0.14651801,0.59746158,0.23228034,0.1167051,-0.88277918,0.18505532,-0.74767464,-0.15303046,0.50992894,-0.81547999,-0.41404316,0.47462496,0.24923833,-0.50519949,-1.1198851,0.54050016,-0.6877228,0.025898281,-1.645889,0.32877091,-0.27706319,-0.73988795,-0.40194699,0.99335355,0.38895041,-1.7876023,-1.0899965,-0.39864314,-0.024623949,0.31040272,-0.09404476,0.059976704,0.44807756,0.21264087,-0.19198284,0.25867361,0.29332641,0.27873811,0.038224578,-0.16125731,0.2387981,-1.4642282,-0.002188375,0.29992151,0.050092861,0.23018676,0.66524434,0.91194087,-0.32372749,-0.80722982,-0.39322373,0.25308216,-1.7877077,0.39827707,0.37349588,0.40797365,-0.70317429,-1.1604736,0.23966175,-0.47447735,0.29782814,-0.021003857,-0.036986522,0.34343436,0.15377678,0.29877797,0.27003214,0.056922972,-0.19792593,-0.35756645,-2.0858302,-0.59493721,-0.76727509,-0.020643298,-0.8317275,0.13366398,-0.034704894,-0.18022051,0.10352183,1
0.61221898,0.35244244,0.29606679,0.56108093,0.5600878,0.57691121,0.55657864,0.54491228,0.56380314,0.55358773,0.55118084,0.55128837,0.55563021,0.54182273,0.56772482,0.54933131,0.5581069,0.5762167,0.56602597,0.55360091,0.55011296,0.55456281,0.55224335,0.55505699,0.5618428,0.55641478,0.56272888,0.54411757,0.5598805,0.55528939,0.55913949,0.55895543,0.55338061,0.55074859,0.55795974,0.53374213,0.54171515,0.56095839,0.5377863,0.55181915,-1.112126,0.26557651,0.58813524,0.62768978,1.5468109,1.773618,1.5348513,0.9216733,1.0444094,1.8474169,1.6093497,1.4066479,0.46021277,-0.19513798,-0.48427808,-0.52073425,0.7888127,0.51711643,0.42886311,0.36655885,-1.0740716,-0.043245349,-0.85538495,0.37587616,-0.49992424,-0.007948831,-0.25459152,0.66876078,-0.018052757,1.3714336,-0.20860463,0.23070581,-1.4047999,-0.31302676,-0.19782241,1.0388201,-1.2374387,0.6420759,0.072879672,-1.0348527,-0.073257037,-1.4443133,-0.6745401,0.38387555,1.0347093,0.71062821,-0.066251427,-2.0074532,0.83535457,0.12717111,-1.3071587,0.69685495,-0.025683455,0.15068686,0.63453144,-0.040223822,0.31263849,-0.17873061,-0.006061479,0.74892497,-0.74626607,-1.187597,-0.026410162,0.5268988,-0.42989278,0.39387584,0.082239471,-0.35649574,-0.11751295,-0.25962651,0.42432654,0.59702992,-0.22199056,-0.32730147,-0.35326484,-0.31729168,0.49351919,-1.2221938,0.41531456,-1.0254024,-0.4115198,-2.0521452,-1.0031308,-0.2340762,-0.77359319,0.36963531,-0.40058473,0.12235428,-0.05320777,-0.16936861,-1.0045831,-0.8563149,0.23652899,-1.2193899,-0.3345328,0.037901923,-0.1208878,0.22982471,-0.43806839,-1.7409687,0.90110618,0.57779258,0.93422765,-0.29995695,0.54577571,0.46107334,0.016824834,-0.18979128,-0.33728412,0.46880454,-0.82962048,0.17456937,0.47213417,-0.324417,-0.83233804,0.16588232,-0.56102568,-0.50392491,0.31526279,-0.39564481,0.043230448,-1.0706525,0.78597987,0.91595793,0.29786485,0.061048526,-1.8475361,0.49089897,0.034281708,-0.31513768,-0.08858569,-0.60917085,0.17484261,-0.13837111,-0.79984117,1.1802272,-0.83550775,0.18037373,0.41540256,-1.5764581,-0.20705725,0.22612529,-0.19460851,-0.44481766,-1.052834,0.2653034,-0.09581396,0.49200195,0.88871515,-0.9722808,-0.28970724,0.057920154,0.088024035,0.20437185,0.29500639,0.11520928,-0.11710736,-1.4846123,-2.1248808,-0.87832332,0.34082961,0.66121769,0.37792772,-0.42092666,-0.47894582,0.023186564,0.98072881,-0.16733268,0.16373727,-0.097432673,-0.24316938,0.89704204,0.21111894,0.3437975,1.5782088,-0.26601648,-2.3165689,-0.13658561,0.68076575,0.01455107,-0.20571631,-0.8219344,-0.092975363,-1.5263598,0.10179918,-1.2612644,-0.043031901,0.23371108,-0.99368072,0.079276815,-0.002134919,0.55309129,-0.17535096,0.018164515,-2.7505054,0.26447082,-0.70978761,-0.026657861,0.17022802,0.17057852,0.52255088,0.05506593,-0.16906974,0.24783546,-1.5565033,-0.87453902,-0.47749341,0.77906239,-0.46876284,0.070492506,0.21393171,0.40956208,-0.077094138,0.45813838,0.38052887,0.75021142,-1.0662121,-0.33076185,1.0485711,-0.1246258,0.11224312,-0.029448777,-0.28158134,-1.5050458,-0.50602609,0.16431147,-0.45783496,0.35410073,1.2765818,0.43290752,-0.61043668,0.26827711,-0.46040639,0.63776934,0.63396895,-0.43516245,0.028787088,1.8199272,0.29232523,0.23978484,-1.0050746,-0.38279507,-2.0052471,1.0419891,-1.2046088,-0.19030966,-0.05166465,-1.5416987,-0.63752794,0.12976742,0.092486911,0.64412099,0.51531601,0.31866667,-2.0436108,1.0123527,0.17040008,1.5548043,-0.029344659,-1.4508811,-0.051359121,-1.1778303,0.59524834,0.33669934,-0.86824948,0.33392012,-1.8679781,-1.4549387,-1.4634871,-0.47409457,0.7581352,1.0781462,0.42016089,-1.0904778,0.95010954,-1.0638431,-0.24267051,0.72082764,-1.2035456,-0.20292522,0.049751759,0.44480702,0.14524397,0.48373854,-0.2101039,0.44342217,0.051278479,0.14026254,0.15712276,-0.082721092,-0.82679868,0.50232911,1.2177074,-0.59064072,0.71037579,0.57433677,0.30633515,-0.85149986,0.80670184,-0.051469028,-0.8866933,-0.87168831,0.1062995,-0.007968277,-0.053152889,0.92346567,-0.33456966,-0.59321964,-0.65913308,-0.041827492,0.64894331,-0.27056307,0.007538289,-0.4812057,0.17727119,1.4902861,-1.0676731,0.17502259,0.38851571,-0.65035701,0.074828222,0.29828012,-1.3096598,-2.2551012,-0.3183763,0.7831037,0.064637899,-0.22021136,0.85487747,0.18636645,0.58056647,0.36609846,-0.017940372,-0.66973674,0.3276341,0.22732905,-0.28729677,-0.50334543,0.29776067,0.19153613,1.3895626,-1.8630726,0.011331659,1.4582131,1.9745908,0.54794598,-1.5784897,-0.32396486,-0.57849616,-0.29717439,0.065147579,0.20191959,0.88034892,0.28597277,0.52505016,0.21004456,0.27978462,1.1382349,0.69973475,1.2961748,-1.1635512,0.45818964,0.24134538,0.1646004,-0.41494286,-0.13280182,-1.6948735,0.49052501,0.025035786,-0.39134705,-0.30176732,0.53689075,0.30624285,-0.67533845,0.19049227,-0.28057039,0.78289831,-0.092556477,0.80094886,1.0449769,0.37426019,0.036125958,0.69381422,0.23506328,0.23113029,-0.98875052,0.27340782,-0.91643322,-0.20203272,0.70582104,-0.78262603,-0.50110924,0.60425693,0.261738,-0.58950591,-1.403006,0.6952253,-0.67740196,0.15382726,-1.9534265,0.32787234,-0.3222962,-0.92308593,-0.62059379,1.3411609,0.40706927,-2.0685852,-1.2604795,-0.58141208,-0.025497604,0.37415951,-0.23787722,0.13371073,0.41178718,0.33062422,-0.23688854,0.29121038,0.35807818,0.25872999,0.22691236,-0.22342634,0.34824187,-1.6748413,0.014729603,0.48784867,0.097094424,0.21667096,0.667669,1.4402976,-0.39789474,-1.077695,-0.3583034,0.46428445,-2.1135063,0.49383,0.36422896,0.53676772,-0.83871472,-1.4259871,0.4955011,-0.45535848,0.33391288,-0.079473853,0.10634562,0.43789172,0.084117629,0.40924507,0.32426283,0.063294381,-0.17403835,-0.3974562,-2.4256032,-0.70460671,-0.93899959,0.11532611,-0.95962298,0.27150461,0.1353187,-0.35241869,0.14363188,1
0.60819626,0.34180048,0.29749975,0.56769371,0.55996847,0.59025365,0.56321502,0.55748308,0.56820375,0.57274151,0.56758642,0.56961048,0.56271935,0.55056179,0.57032073,0.55802113,0.56543118,0.58992887,0.57668412,0.55173135,0.55783534,0.57127452,0.56495714,0.56004095,0.57173026,0.56028873,0.57363898,0.56192231,0.56822944,0.56602836,0.56562805,0.56166697,0.55307758,0.56079936,0.56839406,0.54319382,0.54813445,0.56354016,0.55026132,0.55537951,-0.82418644,0.27870634,0.41241276,0.49608719,1.3946714,1.7125319,1.3267663,0.74133325,0.86033666,1.6697811,1.4497905,1.2249473,0.32999656,-0.23194069,-0.024511881,-0.3762725,0.56271851,0.34391862,0.32576257,0.26016808,-0.81056339,-0.018120842,-0.56201184,0.42904457,-0.74536097,-0.089514419,-0.23185098,0.86521626,0.09957543,1.4199301,-0.19841823,0.1966188,-1.0710956,-0.16034359,0.044559345,0.7610144,-1.0271639,0.50668776,0.30433911,-0.86007357,-0.17054573,-1.1482259,-0.6430918,0.47891536,0.74188477,0.76274371,-0.024183972,-1.7488674,0.80614251,0.10857434,-1.0311942,0.88084424,0.05738271,0.21526647,0.3465029,-0.1537016,0.22363526,-0.47900718,-0.027247064,0.65980279,-0.56845295,-1.0438825,0.031810097,0.54671919,-0.34009278,0.19443016,-0.14641656,-0.22984374,0.047057435,-0.3493107,0.31847942,0.73595506,-0.20499165,-0.54737765,-0.31991103,0.19661778,0.54134947,-1.1274049,0.48164248,-0.71710312,-0.39785844,-1.8764759,-1.1367768,-0.09561348,-0.40108147,0.14641607,-0.3807492,0.10977737,-0.13869226,-0.25032574,-0.79401934,-0.45458469,0.64744854,-1.1983302,-0.22746938,-0.085159436,0.081397861,0.28229764,-0.54509044,-1.7392583,0.78063136,0.43128824,0.84556454,-0.14700544,0.68704355,0.29055896,-0.007350989,0.063095301,-0.17880395,0.42306978,-0.50516629,0.024013191,0.32463759,-0.53627902,-0.6335302,0.11852308,-0.69339699,-0.68011951,0.39602119,-0.45664409,-0.056568943,-0.62549508,0.7130878,0.79522711,0.07664308,0.1890935,-1.7133535,0.64466977,0.017879169,-0.17921998,-0.11199647,-0.63774967,-0.1304501,-0.25198889,-0.59739923,1.0522441,-0.88714623,0.1323183,0.38435096,-1.8950546,-0.22557285,0.28987724,0.052962974,-0.54806423,-1.0743836,0.23027377,0.35376972,0.5174104,0.95607221,-0.79532093,-0.2124653,0.033833131,0.074646771,0.16691265,0.0179241,0.12235537,0.033934295,-1.3447385,-1.7584388,-0.57869935,0.2583364,0.51361662,0.24402328,-0.42120728,-0.31353849,0.066955775,1.2784365,-0.21726356,0.086733446,-0.36415255,-0.38442117,1.1095631,0.18178196,0.24554724,2.159833,-0.19882815,-2.376539,0.031986043,0.85151815,-0.024302645,-0.14693397,-0.9488852,0.18522574,-1.6103075,0.19735804,-1.0727845,0.5181635,-0.012138456,-0.81730127,-0.032276478,0.13415033,0.67164093,-0.26011765,-0.13229474,-2.7986476,0.37062567,-0.37965471,-0.08569815,-0.076918945,0.23241085,0.67561042,0.099582195,-0.15009795,0.54473591,-1.6731138,-0.86197686,0.20676932,0.44733196,-0.43304795,0.14548881,0.17628168,0.55237818,-0.068427593,0.31798154,0.45054296,0.72482675,-1.0191919,-0.45764184,0.48120996,0.013748515,0.30351824,-0.12981802,-0.32087204,-1.2871419,-0.51096582,0.08498501,-0.26313373,0.55779409,1.1616632,0.32489842,-0.33219165,0.17933407,-0.38676053,0.60886347,0.68157953,-0.41405007,0.068035632,1.0724044,0.17413236,0.16071841,-1.2730557,-0.18947996,-2.0831325,0.9268074,-1.5636055,-0.15672173,-0.09815944,-1.1770868,-0.13785398,0.20106553,0.38876909,0.61582673,0.50991672,0.44505152,-2.0568442,0.97101289,0.21545421,1.0955904,0.049126104,-1.2051677,-0.045674965,-0.96788394,0.67613244,0.47053978,-0.67534947,0.44275337,-1.969695,-1.52764,-1.5684483,-0.494766,0.78786385,0.91894972,0.31300592,-1.1775655,0.80526918,-1.1954429,-0.00077863,0.36398706,-1.2042322,-0.076836735,-0.035776023,0.47103959,-0.18925709,0.29071915,-0.10643501,0.29112288,-0.042970166,0.83048844,0.049887583,-0.13130745,-0.70536429,0.41811055,0.9189952,-0.75286394,0.62665051,0.5584498,0.35375202,-0.68840504,0.63842362,0.37213472,-1.0674229,-0.82313848,0.10650977,0.25387958,0.066398963,0.86515272,-0.28583542,-0.53230447,-0.5183292,0.071429826,0.42825136,-0.19844252,0.3272517,-0.43586671,0.1181802,0.97995049,-1.2261406,0.15894735,0.3122634,-0.624448,-0.044837713,0.13791543,-1.6321392,-2.0785551,-0.11191981,0.63868964,-0.042610273,-0.11764084,0.7082184,0.13156274,0.48907095,0.23938212,-0.14663003,-0.74333048,0.16061798,0.02137297,0.00121893,-0.10648528,0.25870821,0.1259958,1.1882248,-1.6563352,-0.13484132,1.5810275,1.0976653,0.37220058,-1.3651484,-0.21227315,-0.77242351,-0.23852472,0.13870293,0.52752793,0.86781245,0.75542462,0.22100295,0.32668927,0.13040131,0.72030944,0.72608471,1.2666686,-1.0341704,0.22840166,0.47250143,-0.010059342,-0.46233401,-0.093866348,-1.3191792,0.35299832,-0.031823758,-0.44362405,-0.30123749,0.66637141,0.16813308,-0.55623019,0.40552396,-0.25251362,0.615098,-0.23473231,0.56365067,1.0085888,0.41548774,0.14380544,0.60945672,-0.054275818,-0.068172544,-0.98896074,0.37637979,-0.61204404,0.26101336,0.73380888,-0.77145875,-0.68343234,0.3679691,0.47190645,-0.87732863,-1.2386048,0.62248993,-0.62547672,-0.25702861,-1.9163185,0.22219191,-0.1797218,-0.74278212,-0.31374156,1.0212972,0.38702136,-1.8893441,-1.3844419,-0.39732641,0.007702092,0.44645101,-0.068102002,-0.03835915,0.46132106,0.24000269,-0.12091072,0.1510995,0.24791858,0.42687544,0.13621093,-0.14051768,0.17701656,-1.4693012,0.11734281,0.5530082,0.099337973,0.27660751,0.71988332,1.1751589,-0.50682718,-0.98841465,-0.33884001,0.16037634,-2.1346459,0.21508829,0.24954027,0.43846872,-0.67860055,-1.4753821,0.29477668,-0.638381,0.41187277,0.00224123,0.14330733,0.68352461,0.046371687,0.30611065,0.37499425,-0.012358574,-0.056746326,-0.58921444,-2.2055976,-0.81283998,-1.0273452,0.12555324,-0.98306298,0.12992917,-0.13822308,-0.52509892,0.13769618,1
0.60832596,0.34053507,0.27881411,0.63469803,0.63196421,0.66981947,0.62976915,0.61530405,0.63316703,0.64369869,0.64399958,0.61615109,0.62123132,0.60760736,0.62744582,0.59411454,0.60949218,0.65219206,0.655334,0.60318756,0.62438953,0.61417967,0.63764465,0.60280514,0.63550603,0.62011802,0.66387433,0.62410581,0.62094378,0.63740134,0.63575315,0.61519659,0.62840033,0.63092315,0.65446615,0.56311548,0.59953868,0.62443507,0.61274964,0.60261965,-0.83900285,0.25713375,0.29191864,0.42032301,1.3718307,1.6968155,1.2232541,0.65470541,0.7640264,1.6065525,1.4120344,1.1410012,0.35549492,-0.21451843,-0.32363635,-0.4129011,0.57999206,0.34157366,0.30197269,0.23272392,-0.92418873,0.004726652,-0.70911002,0.38687366,-0.76323742,-0.068611071,-0.22121328,0.6477778,0.074371248,1.4137172,-0.18531096,0.18900098,-1.0100048,-0.34794092,-0.038878161,0.75571334,-1.141685,0.48033735,0.084609285,-0.88740951,-0.21013589,-1.1734549,-0.58735245,0.24190171,0.74814481,0.58493751,-0.12603647,-1.736324,0.68485147,0.10970511,-1.0731509,0.64169425,-0.023380153,0.049772061,0.49428686,0.15884379,0.24525531,-0.31459847,0.065904215,0.56925273,-0.53441685,-0.96621948,-0.023313537,0.48685083,-0.30328402,0.18402837,0.12523915,-0.23131038,-0.022087365,-0.27083012,0.41672584,0.46792153,-0.15524331,-0.32309484,-0.2560617,0.078878388,0.2923978,-0.99522775,0.30612016,-1.2301598,-0.37997648,-1.7048566,-0.86233586,-0.13576475,-0.57304716,0.23449364,-0.32051247,0.058400124,-0.076011166,-0.11027805,-0.67151415,-0.72413599,0.070284426,-1.0059097,-0.19237721,-0.008302003,0.10887213,0.26496702,-0.47315991,-1.5055584,0.28642577,0.45423555,0.78059655,-0.14333899,0.56657213,0.36771047,0.011318162,-0.42671058,-0.26335725,0.35895452,-0.69125724,-0.07356897,0.34899703,-0.12365856,-0.68177468,0.11664203,-0.52634436,-0.46030688,0.29938322,-0.33803129,-0.044343051,-0.84584546,0.63710588,0.83880037,0.20030555,0.08763551,-1.5507964,0.63896561,0.038149804,-0.13672146,-0.063903056,-0.510014,0.052320652,-0.14277582,-0.68940973,0.96126473,-0.7866016,0.089862376,0.22251001,-1.6159067,-0.073199183,0.22856687,-0.072266474,-0.30719841,-0.93562728,0.35777187,0.11095808,0.51531744,0.8828814,-0.73532552,-0.15127829,0.12895471,0.38461927,0.23600231,0.44888711,0.18312076,-0.21769141,-1.1544735,-1.7103201,-0.70598114,0.12098671,0.69829828,0.4980666,-0.33839226,-0.28366536,0.031235784,0.98642313,-0.12382828,0.11420266,-0.19190407,-0.23058541,1.0314846,0.18020588,0.21975897,1.0837729,-0.14320627,-2.1801434,-0.049170896,0.48422626,-0.000336042,-0.073440358,-0.689632,0.19810398,-1.344539,0.090515926,-1.0297551,0.18070698,0.086250536,-0.79941803,-0.005850731,0.10392037,0.36687264,-0.03901276,-0.24516055,-2.406846,0.29933983,-0.68878853,-0.093907095,-0.019320458,0.2112008,0.50811672,0.41344571,-0.17863537,0.66383493,-1.3590603,-0.72914165,-0.33039719,0.39589071,-0.45463878,0.14975446,0.074173495,0.41123837,0.089173451,0.3693952,0.43876356,0.76968741,-0.96600616,-0.40273985,0.74182457,0.032902904,0.21508737,0.026588105,-0.2346648,-1.2390988,-0.42488846,0.086102217,-0.49451101,0.33521688,1.0489391,0.2979373,-0.55831426,0.22060513,-0.33973879,0.66997045,0.62859172,-0.52649611,-0.11074889,1.5144912,0.15534723,0.24236545,-0.87647802,-0.23609236,-1.8074111,0.89925975,-1.2257439,-0.12856895,-0.11252491,-1.4834365,-0.12514183,0.098754331,0.074766576,0.71728987,0.25616524,0.43669605,-1.8121283,0.83262819,0.49793673,1.1566198,-0.000396527,-1.191896,-0.10887168,-0.87073475,0.58354729,0.19614133,-0.74520308,0.30682844,-1.5979303,-1.4342411,-1.3361608,-0.42747912,0.48789954,0.24633342,0.2235444,-0.91529804,0.73787612,-0.94813287,-0.11679008,0.38149625,-1.030746,-0.058610551,-0.0249878,0.51779681,0.051162582,0.30129778,-0.077575095,0.53269583,-0.12768716,0.45838165,0.023812629,-0.067167938,-0.72430497,0.39505628,1.0883882,-0.49221537,0.54295379,0.42580014,0.50055879,-0.65440279,0.68982619,0.31494224,-0.8496601,-0.63814342,0.01955336,-0.032907411,0.12194876,0.66423494,-0.24527057,-0.42910123,-0.53068173,-0.003588285,0.61708659,-0.19038209,0.12871465,-0.30334306,0.19164571,0.98541766,-1.0583786,0.11458044,0.28461692,-0.53924865,-0.12494802,-0.13052292,-1.2670983,-1.9056249,-0.24515107,0.58552343,0.049263723,-0.080965251,0.67601466,0.13587955,0.5243032,0.22641815,-0.17648074,-0.51275778,0.1362755,0.032706533,-0.075570248,-0.49419037,0.22564995,0.21442533,1.1667867,-1.5478964,-0.15205309,1.5233884,1.4618775,0.40486985,-1.3712589,-0.18970008,-0.44451457,-0.24926899,-0.00914048,0.26650053,0.76958996,0.67024875,0.45588902,0.11066808,0.19164991,0.75488544,0.69173288,0.8648057,-0.91248411,0.31085649,0.20893183,0.1198253,-0.33858719,-0.13455272,-1.5926661,0.3072814,-0.010469798,-0.39537099,-0.43597281,0.35238066,0.10048744,-0.55163175,0.091662213,-0.30080518,0.16814888,-0.01164528,0.60308528,1.0157627,0.37564349,0.028284175,0.5704968,0.55818492,0.14006847,-0.89907485,0.34550798,-0.72099566,0.006702781,0.75739789,-0.84707993,-0.40534198,0.42011797,0.38952428,-0.53079808,-1.0861897,0.51427943,-0.54165268,0.073917493,-1.8021854,0.28491384,-0.30477846,-0.58548439,-0.42482659,0.93025374,0.37139356,-1.771257,-1.1325201,-0.40323699,-0.050504632,0.25354719,-0.074961036,0.14605333,0.3075358,0.20688945,-0.14384334,0.34483659,0.35814732,0.32055363,0.34364071,-0.055892732,0.15409751,-1.3628094,-0.13421899,0.24291404,0.02524339,0.19222325,0.60313916,0.9373979,-0.34117374,-0.79335827,-0.37810424,0.037968002,-1.9044439,0.3583729,0.29108554,0.31402457,-0.62677062,-1.2567946,0.37630656,-0.58077919,0.10811469,-0.096275114,0.013999552,0.27889168,0.037246279,0.3579329,0.26551437,0.033093557,-0.10042796,-0.32446507,-2.1539071,-0.59966725,-0.88810855,-0.034062408,-0.82110399,0.22456892,0.38291353,-0.31648991,0.16802594,1
0.55723411,0.26860127,0.24751107,0.55884802,0.55312616,0.58479047,0.56064272,0.55123562,0.56323147,0.55747342,0.55470687,0.55435759,0.56147802,0.52532381,0.57191056,0.54821759,0.5572139,0.58128166,0.57452935,0.55220962,0.5485028,0.55929184,0.57173389,0.55030012,0.57467127,0.55555332,0.57423437,0.56178582,0.56470054,0.5627057,0.55845362,0.57058454,0.55381572,0.55423093,0.56755245,0.53748858,0.55083299,0.56716776,0.55204463,0.55512094,-0.80162233,0.23336272,0.37589788,0.48936051,1.3263676,1.6564077,1.2539765,0.70636868,0.81470543,1.6085418,1.2997485,1.1728156,0.37425482,-0.19431494,-0.25136238,-0.35017431,0.65405804,0.38225263,0.35351151,0.2979522,-0.78291297,-0.047364511,-0.6128239,0.38258043,-0.74393916,-0.030260697,-0.24223487,0.64098805,0.18213449,1.3082844,-0.23098449,0.18841103,-1.1680614,-0.26768553,0.000846787,0.89660931,-1.0913687,0.55861163,0.24566403,-0.8115887,-0.15525571,-1.1725577,-0.61094236,0.41456297,0.86952853,0.64510757,-0.062147807,-1.7006378,0.70115966,0.066614643,-1.0250505,0.67311674,-0.01164538,0.091875233,0.4663316,-0.05432431,0.33251628,-0.35197705,0.0712808,0.64572489,-0.5155791,-1.086646,0.031747978,0.53818762,-0.32076025,0.22643234,0.15144773,-0.23368141,-0.096264638,-0.25956604,0.41155094,0.68994045,-0.16449779,-0.40424711,-0.33581704,0.097079135,0.41660875,-1.0581115,0.42626426,-0.90201521,-0.38818961,-1.7846428,-0.9484508,-0.12024957,-0.56185675,0.23048997,-0.33202538,0.057810485,-0.12297896,-0.25556597,-0.77233851,-0.5727948,0.32438362,-1.0609962,-0.19963591,-0.074404016,0.12735741,0.34765521,-0.43173218,-1.6072942,0.69429892,0.46823654,0.76958507,-0.13190117,0.54988676,0.3316001,0.018159471,-0.23426688,-0.20737751,0.28757977,-0.51111907,-0.053109631,0.37253466,-0.24879499,-0.73826462,0.12131097,-0.55894721,-0.50748783,0.35689813,-0.39544734,-0.045407288,-0.76517153,0.68129283,0.72590309,0.10415889,0.10026168,-1.6138004,0.49312571,0.049686294,-0.1869904,-0.056424849,-0.49225497,0.001353269,-0.17309679,-0.67736232,0.99828178,-0.61409539,0.1036065,0.40318394,-1.44192,-0.12816246,0.25680056,-0.093052238,-0.40918678,-0.90395635,0.3680343,0.088436872,0.43506032,0.68898487,-0.77923179,-0.22686309,0.034905061,0.025385752,0.21905529,0.39514068,0.17324325,-0.23763925,-1.223325,-1.7602843,-0.6917327,0.25192183,0.68493593,0.30322212,-0.44342983,-0.28870514,-0.004181117,1.4582744,-0.10522785,0.079483554,-0.18713988,-0.27288255,1.0588535,0.19581416,0.28534654,1.6642096,-0.21595339,-2.1027446,-0.077196181,0.56495267,-0.026983608,-0.074767262,-0.73853272,0.15067214,-1.4411067,0.15224212,-1.1987567,0.37817827,0.12527445,-0.8364554,0.010143723,0.15297832,0.56968093,-0.21897838,-0.32818991,-2.5306695,0.2832191,-0.73836625,-0.00659366,-0.10135999,0.23799014,0.58402991,0.15462938,-0.18625993,0.6505515,-1.5384235,-0.88877285,-0.29600453,0.35168672,-0.44551522,0.027288981,0.11170878,0.46145159,0.071478561,0.3681066,0.47078377,0.80658025,-0.95119047,-0.35568139,0.46718895,0.050373644,0.22661318,-0.011323299,-0.31836832,-1.2355376,-0.50384957,0.10727314,-0.37904665,0.44444159,1.073037,0.34836248,-0.41450515,0.13796437,-0.36962965,0.57528257,0.5328998,-0.48166734,0.064584993,1.5335753,0.16299278,0.16839473,-1.0277841,-0.18325454,-1.9617035,1.0112532,-1.3276969,-0.15525235,-0.092996456,-1.4543593,-0.2213549,0.11591125,0.37831542,0.70781201,0.41669822,0.44316903,-1.8387092,1.0148444,0.067356944,1.2003902,0.012734653,-1.1844448,-0.026032805,-0.92554748,0.5242517,0.3105723,-0.81139106,0.33954912,-1.7105734,-1.363858,-1.3482885,-0.43432334,0.40845743,0.32509863,0.33852923,-0.92858887,0.80244315,-1.0140772,-0.1980058,0.28202668,-1.0693562,-0.063826628,0.064242728,0.55405676,-0.022745654,0.2735579,-0.1559374,0.41331917,-0.019904949,0.73968101,0.032466948,-0.10812402,-0.63834023,0.40589833,1.0430964,-0.48828998,0.6210885,0.47554386,0.51574302,-0.60825592,0.7585721,0.27904433,-0.87167037,-0.6214813,0.097442225,0.13923311,0.099159919,0.97421467,-0.28750318,-0.4534528,-0.53605962,-0.080222562,0.60923427,-0.20875978,0.1688665,-0.34632471,0.18608953,0.98118085,-1.0615329,0.15914963,0.30268064,-0.61743671,-0.046077676,-0.13724799,-1.3830841,-1.9518692,-0.11689829,0.6706118,-0.013068601,-0.1112515,0.65313357,0.12610751,0.46179771,0.24188375,-0.15560056,-0.5878697,0.22599515,0.054757092,-0.1017354,-0.21195647,0.19745198,0.13963373,0.99694765,-1.6358335,-0.048627302,1.4985173,1.4609985,0.44499186,-1.3713717,-0.26510566,-0.55148762,-0.27700758,-0.021416917,0.35624024,0.78104287,0.66759896,0.33538955,0.21108072,0.15357387,0.77628744,0.70301324,1.0763735,-0.89712352,0.22638893,0.24358082,0.089174047,-0.35079351,-0.13740534,-1.617681,0.35382301,0.012456331,-0.35368207,-0.13107835,0.30829459,0.16801867,-0.61178613,0.25005537,-0.18250956,0.18326728,-0.06521149,0.45875633,1.1259345,0.32966703,0.05320783,0.60331464,-0.15573028,-0.017041683,-0.96200997,0.3435154,-0.71918702,0.017778501,0.87700307,-0.81846035,-0.40251815,0.44279033,0.41053903,-0.53270864,-1.161082,0.53019828,-0.5485841,-0.058859717,-1.6840746,0.29583669,-0.23925367,-0.52822489,-0.43151844,0.95219195,0.38766456,-1.7803595,-1.1151965,-0.4234007,-0.029956009,0.25315762,-0.093700565,0.034117348,0.59561527,0.22710401,-0.1279384,0.18278553,0.41609055,0.34130633,0.034434319,0.013734549,0.21931231,-1.4033706,-0.017545965,0.3448959,0.05318366,0.18445154,0.63112742,1.016538,-0.44694513,-0.75663042,-0.43324077,0.15918568,-2.0089707,0.31015331,0.22118872,0.42011347,-0.7004106,-1.2569294,0.38439578,-0.57976741,0.02186048,-0.069368199,-0.02554946,0.63124436,0.17289826,0.33156422,0.34124148,0.019416554,-0.059770696,-0.43325394,-2.1879086,-0.68722665,-0.87201262,0.031569023,-0.87835282,0.10423647,-0.21414705,-0.25859657,0.060959108,1
0.56416303,0.2581085,0.23044987,0.52572381,0.51668394,0.54281652,0.52256435,0.51464134,0.52425337,0.53013241,0.52248061,0.52332085,0.51854104,0.50386804,0.52887309,0.51769662,0.51763415,0.54780871,0.53289151,0.51542604,0.51188564,0.52829641,0.51529884,0.51836443,0.53057534,0.52104872,0.53055823,0.52171028,0.52323258,0.53011858,0.52944636,0.52336687,0.51417446,0.52478278,0.53065395,0.50586581,0.50801349,0.5278883,0.50746608,0.52657354,-0.84697306,0.2131151,0.35181618,0.4398647,1.3849794,1.6543162,1.245455,0.68582928,0.79694307,1.6111286,1.39077,1.1708324,0.28663197,-0.16558698,-0.3432864,-0.32258847,0.54145098,0.32014972,0.32703695,0.22239728,-0.43324521,-0.027578671,-0.59425455,0.27242479,-0.60233873,-0.038840957,-0.28930852,0.78288227,0.054202229,1.3552299,-0.17620097,0.15289441,-1.0911529,-0.26853371,-0.091852456,0.72725821,-1.0420905,0.50121164,0.092006564,-0.84081864,-0.094647966,-1.1809279,-0.49544182,0.35547298,0.70965362,0.59931368,-0.042506419,-1.6776779,0.80229676,0.079846241,-1.0949908,0.63605934,-0.009089414,0.033163391,0.62274551,0.01760383,0.24607444,-0.26824826,0.014692545,0.60880613,-0.63210827,-0.95841444,-0.049221538,0.51685452,-0.18216947,0.22572881,0.050124515,-0.25668103,-0.10130236,-0.23805034,0.33549386,0.4160797,-0.17931736,-0.20836364,-0.24886411,0.020777643,0.37971181,-1.062566,0.35122326,-1.0103979,-0.37255365,-1.6571475,-0.83362335,-0.22533259,-0.56937581,0.27856499,-0.33179897,0.10900743,-0.091043755,-0.11635701,-0.77632844,-0.73373926,0.58792627,-1.0407103,-0.34301567,-0.024298728,0.041205689,0.34682167,-0.40225196,-1.5773914,1.0110896,0.41483957,0.80256504,-0.19902438,0.39870971,0.53831571,0.061336286,-0.26593769,-0.18353768,0.3404758,-0.66567189,0.1732986,0.28236604,-0.23351751,-0.68388957,0.17975226,-0.45456475,-0.38183314,0.33579588,-0.44729248,0.02024702,-0.76202518,0.63762921,0.90104663,0.1279325,0.099720776,-1.5060587,0.60666418,0.0496452,-0.30661106,-0.066367425,-0.48334366,0.14962515,-0.18996555,-0.68722022,1.0457875,-0.62694919,0.069015332,0.28440243,-1.5564604,-0.25073576,0.18361831,-0.1478266,-0.38747808,-0.92398798,0.24992645,-0.17805848,0.460421,0.78453988,-0.77469361,-0.20855385,0.01194888,0.09963727,0.18861797,0.35292467,0.11279881,-0.051730674,-1.1938655,-1.7238886,-0.70391172,0.29022467,0.63712144,0.41122597,-0.34237105,-0.3878924,0.037873462,1.0977669,-0.039443269,0.15346323,-0.11281633,-0.20399854,0.7633813,0.14927047,0.21984492,0.92343056,-0.10142686,-2.193058,-0.045677021,0.4953289,0.064136133,-0.098081663,-0.70701391,0.074957833,-1.2952508,0.15256411,-0.9988957,0.24131188,0.18604888,-0.85184669,0.054556325,0.079078406,0.53513902,-0.21259734,-0.072160959,-2.3478203,0.34259456,-0.64592719,-0.096349627,-0.051402315,0.020455301,0.55136782,0.091302134,-0.11988813,0.38926876,-1.3221771,-0.86480421,-0.35986423,0.72903705,-0.44591174,0.12139393,0.16938007,0.29158822,-0.019471914,0.35549691,0.4402819,0.70066828,-0.91105497,-0.36193165,0.63341367,0.027620362,0.1350458,-0.03606246,-0.2547642,-1.2473533,-0.42250228,0.18288843,-0.35621774,0.27231288,1.1513921,0.30763432,-0.45966619,0.398002,-0.36133748,0.68077612,0.67541975,-0.32049692,0.080684371,1.5874543,0.54112089,0.11896067,-0.93644971,-0.19769195,-1.8156058,0.90416449,-1.14856,-0.19765797,-0.14756589,-1.1912607,-0.39540455,0.17751263,-0.055415034,0.58794075,0.66389281,0.33149278,-1.7484971,0.88887149,0.073293597,1.372607,0.026910795,-1.1797253,0.012987226,-0.88903803,0.52380741,0.27631003,-0.78660399,0.36574882,-1.6576747,-1.295113,-1.2513655,-0.35340318,0.51503962,0.91495562,0.2712568,-0.99229217,0.70561099,-0.86854792,-0.13660553,0.4833656,-0.94322681,-0.063933387,-0.012783317,0.59283507,-0.000544511,0.36844161,-0.17920864,0.56999344,0.037581492,0.56210762,0.061391987,-0.15130296,-0.78847557,0.3928712,1.0588876,-0.52339399,0.65804112,0.39379609,0.43388534,-0.6364789,0.69796807,0.16743711,-0.85106236,-0.60425526,0.074311502,0.061749645,0.024862289,0.79261428,-0.22661854,-0.44403821,-0.48972964,-0.028644448,0.59551197,-0.15535089,0.08849474,-0.37770587,0.1522845,1.0862269,-0.91731811,0.1328115,0.39629269,-0.5581128,0.012225399,0.36867115,-1.2094542,-1.8621396,-0.17339273,0.589993,0.099508829,-0.068460986,0.7847141,0.14439081,0.41765684,0.22487424,0.032693505,-0.6103636,0.18083248,0.31122333,-0.1766414,-0.30610877,0.22022121,0.17124544,1.1314623,-1.5025405,-0.076059684,1.3837076,1.4532111,0.39224252,-1.4159346,-0.24286577,-0.39152348,-0.26866794,0.099426642,0.18204758,0.8600648,0.74996281,0.36351234,0.19345747,0.20648508,0.7679947,0.59611386,1.014713,-0.95984161,0.21224628,0.21167852,-0.017490581,-0.31517848,-0.10903537,-1.5208271,0.29774517,0.006793492,-0.39766625,-0.23730245,0.71831226,0.25511014,-0.53064841,0.16983049,-0.26473024,0.7071082,-0.034520291,0.57394058,1.0316715,0.30390882,0.015983621,0.62609082,0.033975989,0.21424763,-0.86932766,0.33483675,-0.76158625,-0.13564524,0.80890578,-0.73908681,-0.49598497,0.51789653,0.28090966,-0.55001289,-1.0882895,0.5985257,-0.60490179,0.030118961,-1.7488011,0.23689936,-0.34517699,-0.49695808,-0.51866513,1.0604999,0.30856222,-1.8195472,-1.1194704,-0.42605233,0.019874882,0.31249815,-0.087402776,0.062566236,0.45497629,0.18452251,-0.12808755,0.19466616,0.29806408,0.24848211,0.018113241,-0.033950061,1.1659399,-1.3547076,-0.057634838,0.39489311,0.10508615,0.16637471,0.54903102,1.2051756,-0.35179216,-0.77878439,-0.27507216,0.19582418,-1.8635319,0.41912636,0.18704662,0.35095555,-0.6971826,-1.2569894,0.45041409,-0.40958372,0.22884275,-0.074991606,-0.062403992,0.62064898,0.096043192,0.33220166,0.21602249,-0.000772535,-0.1176042,-0.39447567,-2.057368,-0.63331008,-0.89516169,0.002150636,-0.85400373,0.082882658,-0.20543338,-0.24592642,0.1077499,1
0.67231977,0.38543552,0.35283634,0.61003417,0.60948396,0.63332593,0.60830867,0.60352033,0.61798573,0.62230551,0.6118539,0.60534286,0.61023843,0.59623331,0.61216837,0.60514617,0.6053856,0.63061416,0.63757133,0.60177094,0.60758591,0.6204201,0.61603367,0.60875976,0.62091213,0.61832428,0.63560355,0.61704552,0.62588334,0.62273967,0.62347251,0.61598897,0.61107779,0.61637282,0.63477671,0.59208858,0.60321569,0.61850893,0.60345328,0.61837393,-0.94469768,0.33079305,0.62937272,0.67999303,1.5919523,1.8552592,1.525067,0.94628251,1.0807991,1.8588018,1.6155841,1.4302206,0.39825615,-0.13343386,-0.16916028,-0.48677856,0.62499291,0.41168386,0.41909289,0.32950789,-1.3221859,-0.039595421,-0.66284204,0.36652851,-0.68449652,-0.072981566,-0.33050436,0.73591435,-0.11102265,1.5376475,-0.1535849,0.23008703,-1.2266362,-0.18295546,-0.29488036,0.75184613,-1.0489104,0.60424376,0.19667852,-0.86547458,-0.13316488,-1.4069828,-0.59500873,0.32060039,0.7898196,0.53224802,-0.07232096,-1.901642,0.78143567,0.10788804,-1.2828524,0.82907516,0.084551737,0.13384731,0.49538246,0.012968712,0.24646537,-0.48429734,0.099984393,0.6535933,-0.36266387,-1.0545288,-0.007535689,0.61279964,-0.42214856,0.31338227,0.011910342,-0.25936043,-0.1028119,-0.17977968,0.25628287,0.42895466,-0.16942106,-0.29272079,-0.42001605,0.099358723,0.44526502,-1.2112403,0.54513645,-1.2249351,-0.40646452,-1.86698,-1.2016628,-0.20057428,-0.77635133,0.012638539,-0.43516183,0.10398382,-0.0944978,-0.34760183,-0.92692119,-0.76067352,0.018129021,-1.0761812,-0.35501647,-0.096649148,0.075827122,0.17222628,-0.48644036,-1.9397523,0.33777839,0.55507863,0.91259062,-0.14022155,0.37456617,0.30116895,-0.007372819,-0.45081842,-0.25822487,0.40918919,-0.45992824,-0.08762189,0.44567442,-0.5384016,-0.62547833,0.1104462,-0.65302694,-0.58201802,0.41183329,-0.61357909,0.024148863,-0.75797266,0.72817469,0.66990799,0.069542646,0.076986767,-1.7707455,0.64542133,0.066652074,-0.24166055,-0.033353198,-0.49032882,0.096376255,-0.13985007,-0.86672151,1.1373428,-0.89707583,0.17325121,0.31313068,-2.1622703,-0.033122919,0.20288993,-0.26732895,-0.50030386,-1.1400459,0.22910698,-0.04040888,0.52521867,0.53832686,-0.87568974,-0.29637522,0.058197968,0.12918556,0.14249519,0.18731192,-0.049395345,-0.1858713,-1.4379015,-1.9849097,-0.68675488,0.35875469,0.80571842,0.30503261,-0.54061991,-0.30930334,-0.024034224,1.2262172,-0.1512883,0.17140639,-0.30373564,-0.41220456,1.0168068,0.23566636,0.31538445,1.2960218,-0.26593527,-2.1777155,0.007091075,0.32383978,0.083581321,-0.19222119,-1.1632494,0.20804197,-1.7692863,0.25287426,-1.1028563,0.41976559,-0.061082102,-0.93756604,-0.005276322,0.20760532,0.57858956,-0.21020329,-0.41399932,-3.0145655,0.40692684,-0.79871857,-0.01255032,0.005519755,0.23126809,0.71086776,0.3000111,-0.13612455,0.88937283,-2.015017,-0.99320132,-0.29254377,0.51610231,-0.38978004,0.1856156,0.31111041,0.36876184,-0.11237506,0.35607976,0.52193654,0.72147745,-0.97279119,-0.37982595,0.66455913,-0.054335006,0.12986949,-0.11072776,-0.29588205,-1.3293227,-0.4468841,0.14662449,-0.37725687,0.18875499,1.0870826,0.41099909,-0.51841766,0.22248782,-0.034930289,0.65600675,0.57690519,-0.41562968,0.047416821,1.4978958,0.23560315,0.19851547,-1.2236845,-0.30239701,-2.1951489,1.1668971,-1.5626729,-0.30382329,0.07615675,-1.6651249,0.009409234,0.077330045,0.090363763,0.4597261,0.45169556,0.42919123,-2.035955,1.0506874,0.090567484,1.375699,-0.1463853,-1.3275501,0.032642372,-1.0481483,0.69510758,0.19695322,-0.90284681,0.43142602,-2.114315,-1.3006036,-1.4305559,-0.42730948,0.34647024,0.57914656,0.4429633,-1.434698,1.0213649,-1.162825,-0.088692963,0.34930944,-1.2828135,-0.10619726,0.12152926,0.66733527,-0.085528977,0.1745142,-0.36797038,0.56287181,0.044424362,0.73949873,0.079376817,-0.21946722,-0.98965657,0.45031908,1.0194331,-0.79385585,0.64382946,0.47977087,0.31198806,-0.74790555,0.82030421,0.41247499,-1.1691537,-0.74975038,0.11342427,0.080773681,0.05528371,0.79044497,-0.33216307,-0.42258036,-0.56179106,-0.016330667,0.51798713,-0.28179091,-0.04534132,-0.59733045,0.23083317,0.96465218,-1.3358414,0.17743517,0.33400369,-0.48585734,-0.084478833,-0.037670359,-1.6348499,-2.2391903,-0.11337322,0.74143964,-0.1168845,-0.18738803,0.82164109,0.15902427,0.49122232,0.32396042,-0.19869436,-0.89293051,0.26801056,0.033754125,-0.19642058,-0.41984686,0.26359978,0.22396332,1.2504451,-1.6811956,0.042763818,1.6551721,1.5248004,0.49782199,-1.6169145,-0.49489909,-0.96555376,-0.45208684,0.13862748,0.18277346,0.95746505,0.65684974,0.57925224,0.17967172,0.21124297,0.9713167,0.69586182,1.078656,-1.2250024,0.14269178,0.052842021,0.021197021,-0.43720329,-0.18551262,-1.8699819,0.44375211,0.034453209,-0.30823082,-0.13832304,0.16205971,0.18152367,-0.53913617,0.35493672,-0.20661494,0.43606713,-0.42357272,0.46803883,1.0670863,0.29424891,0.070851132,0.62656689,0.0008123,-0.11711968,-0.92222267,0.42845142,-0.75182074,0.014691979,1.0666201,-0.80630851,-0.84906793,0.5746702,0.18420056,-0.70659083,-1.1818788,0.68105745,-0.52578259,-0.14333259,-1.8219719,0.17403354,-0.208527,-0.56051368,-0.63133067,1.0264616,0.27324295,-2.2453856,-1.4084966,-0.56578147,0.002775487,0.36663476,-0.13469557,0.046755616,0.53896832,0.34333026,-0.081118822,0.2269583,0.31117919,0.37690291,0.006524429,0.075343736,0.30756548,-1.5167069,-0.09155219,0.49616253,0.11474708,0.25585043,0.55931902,1.0588095,-0.44720048,-0.98869097,-0.54036081,0.40081444,-2.1269159,0.38997748,0.19774738,0.50953853,-0.84794581,-1.577668,0.4325074,-0.45430681,-0.008416578,-0.12365626,-0.046479553,0.58349597,0.13017301,0.50263298,0.28296408,2.94E-07,-0.17297661,-0.48968899,-2.3892477,-0.65631354,-1.2427561,0.05742909,-1.2353268,0.35938957,-0.18599612,-0.51367271,0.084236234,1
0.6181975,0.33585194,0.28272939,0.59527844,0.5778569,0.5984267,0.5794543,0.57425964,0.58956403,0.58175492,0.58743507,0.5880816,0.58434176,0.56936812,0.59446073,0.57508153,0.58933175,0.60576916,0.59990239,0.58630633,0.57906628,0.58380443,0.57461816,0.59501219,0.5935787,0.58272517,0.58680618,0.56965673,0.59297961,0.5844723,0.58119816,0.58995879,0.58084041,0.58434808,0.5874933,0.56802678,0.58051133,0.59087634,0.5645057,0.57912934,-1.0129027,0.2663843,0.38187766,0.4653399,1.3461355,1.6760527,1.2628251,0.69486332,0.81835663,1.6096492,1.3989288,1.1771592,0.34185758,-0.19530566,-0.29028893,-0.40272251,0.64848506,0.38500369,0.38564894,0.27153757,-0.62159872,-0.016793512,-0.6163156,0.39729649,-0.74810529,-0.18318629,-0.18276545,0.71610105,0.066047221,1.3990798,-0.20501299,0.19893505,-1.1060373,-0.29391885,-0.070832476,0.8404085,-1.1434687,0.48474041,0.089152828,-0.91100794,-0.15384343,-1.0376645,-0.50999439,0.40707043,0.88473833,0.61393392,-0.13507977,-1.68792,0.97807789,0.083978713,-0.99365503,0.65839261,-0.059319645,-0.11490017,0.68013269,-0.074050076,0.31145483,-0.39720625,0.000525393,0.62071133,-0.75885975,-1.0192962,0.037335902,0.45112494,-0.34827852,0.26554453,0.13329278,-0.28416133,0.068061426,-0.34688756,0.34209082,0.3824774,-0.21155968,-0.31443313,-0.24790043,-0.11649907,0.28856,-1.0457101,0.39080486,-0.89411008,-0.39831898,-1.7354989,-0.89925629,-0.17227785,-0.40629035,0.34181255,-0.42280784,0.02235686,-0.067276448,-0.30400038,-0.76605928,-0.72844172,0.61746579,-1.0025549,-0.22474822,-0.16785228,-0.083918601,0.18684372,-0.44057539,-1.6481806,1.1701796,0.51252466,0.84704119,-0.2590152,0.45754448,0.42073417,0.03443912,-0.24923944,0.025579631,0.18540001,-0.74464846,0.34549305,0.37238756,-0.2492466,-0.83297402,0.041629069,-0.56311446,-0.43230933,0.3793489,-0.52583754,0.013150123,-0.96142727,0.7453813,1.023236,0.11849384,0.089996532,-1.602235,0.7290659,0.006048132,-0.17414139,-0.12372588,-0.50413257,0.059201911,-0.16874219,-0.69411719,1.1051152,-0.88306314,0.095200479,0.49119046,-1.3654817,-0.17462939,0.19742179,-0.032818258,-0.40925983,-0.90414912,0.27735481,0.040837809,0.66400152,0.91488379,-0.73655772,-0.16805404,0.045027968,0.20853145,0.49076867,0.35042852,0.16616361,-0.10860967,-1.2384838,-1.8890676,-0.82198298,0.31519347,0.60441208,0.42869359,-0.52787673,-0.53831083,0.070430554,0.87727165,-0.084100656,0.10294417,-0.33380318,-0.32186252,0.79145306,0.10608771,0.26985013,1.0956175,-0.10607725,-1.9075189,0.002653234,0.7597636,-0.01310902,-0.11567815,-0.67899984,0.067973286,-1.5281644,0.10951108,-1.2954427,0.006683022,0.27236187,-0.75211245,-0.041758217,0.20963892,0.42283314,-0.19874805,-0.10246211,-2.5096653,0.26606756,-0.61471009,-0.064285591,0.043409102,0.044432156,0.45101815,0.10536018,-0.16445477,0.48976538,-1.4084578,-0.97565615,-0.37987411,0.53321862,-0.45909733,0.15326105,0.039984435,0.30793673,0.059730399,0.31478399,0.30513734,0.90598458,-0.99756896,-0.3971917,0.81680727,0.034594908,0.2361978,-0.09785673,-0.20546649,-1.2205522,-0.44186014,0.082716659,-0.40201753,0.28751832,1.5156109,0.35686871,-0.48210883,0.28342414,-0.38230124,0.49740481,0.93698347,-0.409327,0.048666202,1.6727896,0.82172292,0.11620387,-1.0546638,-0.31650266,-1.9034855,0.82529217,-1.1085058,-0.32430625,-0.11219525,-1.2187793,-0.41892684,0.25721699,0.14583169,0.88465077,0.89787269,0.2594406,-1.8873912,0.88872236,0.090332538,1.5015464,0.21140547,-1.1497176,-0.042638525,-0.99468589,0.48039347,0.21852122,-0.83668458,0.38752824,-1.6768755,-1.5380156,-1.3945678,-0.37381876,0.72520703,0.82952952,0.31616068,-0.97760779,0.77932894,-1.0442227,-0.21472079,0.47423637,-0.88362098,-0.15832853,0.015885539,0.70192748,0.085064396,0.43034807,-0.18097991,0.4169361,8.84E-05,0.096708715,0.02340973,-0.097275257,-0.86358213,0.41865033,1.03623,-0.34957427,0.8313272,0.4855307,0.36825004,-0.71671021,0.90625608,0.08451587,-0.8917824,-0.5730921,0.031225596,0.11310376,0.007227033,0.85176957,-0.21906993,-0.4839831,-0.563577,-0.071537882,0.75719583,-0.14342883,0.21235958,-0.35139734,0.12581757,1.2806255,-1.1761601,0.15988106,0.66948092,-0.64773726,0.11512269,0.42076913,-1.3087479,-1.8814849,-0.48454726,0.67803097,0.1298801,0.009646058,0.81201565,0.17185654,0.57299471,0.29344857,0.011010915,-0.63362259,0.19604662,0.27317613,-0.1272625,-0.38422039,0.20550339,0.11874865,1.1994691,-1.6531069,-0.12167126,1.5326304,1.5466465,0.3222824,-1.3925856,-0.15571284,-0.54730994,-0.15068343,0.12344635,0.24357077,0.8648777,0.87004453,0.42475668,0.2971634,0.093141936,1.0330138,0.62696826,1.2670019,-0.86187977,0.12878416,0.36965117,-0.060536742,-0.41598001,-0.070522986,-1.371236,0.36654103,-0.015936602,-0.40283552,-0.20123827,0.7372824,0.39742863,-0.60195744,0.15732104,-0.30675328,0.76165473,-0.15872788,0.82661045,1.0657301,0.31753564,-0.008930203,0.65297467,0.12938398,0.39308131,-0.95163941,0.30090344,-0.68078816,-0.084008865,0.73364449,-0.97339207,-0.4436039,0.43230301,0.16947082,-0.61814177,-1.2484338,0.62991703,-0.6428169,0.054704122,-1.7639974,0.2862674,-0.27001163,-0.48081172,-0.47435373,1.1565931,0.29023126,-1.9273541,-1.0998019,-0.39369851,-0.002311284,0.29956427,-0.08316651,0.077802539,0.52223396,0.23845202,-0.22465315,0.25471118,0.35663092,0.24222079,0.021596253,-0.041556217,0.94903505,-1.3964573,-0.001527796,0.32276234,0.10351452,0.14087206,0.61869729,1.3682708,-0.39937353,-0.95169455,-0.36458048,0.57446814,-2.0399611,0.38442966,0.19693364,0.46023136,-0.70087576,-1.2870291,0.2994273,-0.56197065,0.49644679,0.024798492,-0.044877551,0.47727475,0.09738376,0.34794289,0.32752538,-0.006358488,-0.016359165,-0.33717567,-2.2027328,-0.73363376,-0.9427892,0.16068968,-0.86935544,0.22276011,-0.054161929,-0.28489485,0.06514547,1
0.63754606,0.35940722,0.29704303,0.63159299,0.60116899,0.64016765,0.60958236,0.59814984,0.62180161,0.60561758,0.60808098,0.61678338,0.60257053,0.59400833,0.62003285,0.608096,0.62430704,0.65181112,0.60809779,0.5935654,0.58213049,0.61613953,0.60439646,0.61925066,0.60395128,0.61648542,0.62526608,0.60206646,0.62232989,0.60181236,0.62013328,0.58882177,0.60024112,0.5998047,0.61041939,0.60409278,0.60106885,0.61485749,0.5926519,0.60563093,-0.97838289,0.27846462,0.41796029,0.49027658,1.4257317,1.747098,1.3334109,0.74462557,0.86342621,1.6787959,1.4592055,1.2266598,0.42252895,-0.21260697,-0.51002663,-0.48437822,0.66973114,0.40441039,0.33847117,0.27938104,-0.69521296,-0.021413503,-0.70049101,0.2756153,-0.94637167,-0.088910654,-0.10959345,0.72076428,0.17372119,1.2163975,-0.16255537,0.22554573,-1.2235268,-0.28101814,0.016496792,0.94934046,-1.2133658,0.52216226,0.095660672,-0.88988006,-0.18363062,-1.1801699,-0.52239484,0.22823745,0.83967638,0.61396635,-0.061213743,-1.7725499,0.51284194,0.11666081,-1.1083349,0.78112596,-0.004019622,0.10171375,0.48666233,0.10950623,0.25293553,-0.25376642,0.095324174,0.59348577,-0.62619525,-1.0954998,0.020397909,0.49766234,-0.16404539,0.22887202,0.21173725,-0.18953219,-0.11802062,-0.27873042,0.30700001,0.59272563,-0.2154215,-0.10297106,-0.21252872,0.17870988,0.17523117,-1.0607792,0.39176166,-0.92704552,-0.37999848,-1.766916,-0.81124049,-0.11660887,-0.59629589,0.4220587,-0.35581428,0.082017809,-0.10120171,-0.083354428,-0.70809734,-0.77079713,-0.091588408,-1.0463413,-0.18976548,0.038661391,0.071902953,0.42107713,-0.41129825,-1.5655245,0.51717877,0.5407595,0.82917672,-0.15180711,0.53353804,0.34519902,0.032297928,-0.39622271,-0.3707999,0.39303249,-0.73084152,-0.18404588,0.39052832,-0.23234735,-0.79642969,0.14088514,-0.43645611,-0.51104712,0.32918033,-0.40019774,0.017454943,-0.83542544,0.81692213,0.70425987,0.049379874,0.1191749,-1.5615042,0.45256808,-0.032592487,-0.19465725,-0.040105037,-0.49672651,0.060278744,-0.12906702,-0.65921986,0.98377329,-0.66771638,0.12927093,0.29614025,-1.5513542,-0.32370108,0.19454804,-0.12729621,-0.47395599,-0.87489742,0.32763559,-0.16545299,0.42693871,0.88543171,-0.84589815,-0.14822002,0.069645636,0.28722984,0.15713407,0.52522707,0.16917135,-0.29706144,-1.2272964,-1.7800915,-0.79251623,0.28792244,0.67609626,0.48860025,-0.38078168,-0.37086916,0.020552151,1.5365505,-0.10546941,0.095371068,-0.28472486,-0.20362517,0.90304714,0.1499403,0.22924952,0.85653949,-0.13562065,-2.0964804,-0.11065021,0.44989511,0.060985919,-0.11047971,-0.66005707,0.068644047,-1.3972162,0.17808218,-1.2066582,0.3309046,0.1179463,-0.8645674,0.020960528,0.016855747,0.4986918,-0.10918278,-0.077733725,-2.4350746,0.18614584,-0.78305852,-0.076960646,0.073440716,0.00876832,0.6241796,0.11334798,-0.17318226,0.34999835,-1.2764974,-0.6849879,-0.27169532,0.38444915,-0.46847463,0.15267085,0.077352479,0.41197848,0.066738397,0.42970487,0.465875,0.82037967,-0.92721826,-0.36347455,0.40856552,0.1404438,0.20063429,-0.085883573,-0.28503531,-1.2966146,-0.44088992,0.10567046,-0.64037907,0.38739043,0.94446898,0.36567393,-0.51947695,0.18319732,-0.42168468,0.70203936,0.40262127,-0.45103484,0.091568634,1.7898296,0.29318625,0.31302577,-0.71552908,-0.31571782,-1.8282721,1.0477327,-1.2165926,-0.17990901,-0.054989077,-1.4436363,-0.28664973,0.18503794,0.11752617,0.54645723,0.56459761,0.19581613,-1.8449185,0.97175556,0.29065046,1.1057428,0.06311053,-1.2487142,-0.026226006,-0.97126871,0.53256601,0.34641573,-0.85677272,0.1575112,-1.6687049,-1.4305698,-1.4360753,-0.3664746,0.48833361,0.38361019,0.38059777,-0.93150115,0.79177022,-0.91734397,-0.10250079,0.4343636,-1.0516297,-0.12457031,0.027053028,0.44923651,0.12656039,0.26747522,-0.17244549,0.51146859,-0.010765055,0.7049464,0.02474305,-0.18217409,-0.64086777,0.48398933,1.0813427,-0.59677464,0.73063499,0.51669514,0.55397075,-0.63969183,0.45718366,0.20856391,-0.81127018,-0.52946699,0.097199962,-0.054725647,0.13406554,0.82925874,-0.26073152,-0.52405709,-0.58173227,-0.027659474,0.46058869,-0.19178599,0.1507304,-0.40161622,0.12738255,0.97119021,-0.92477643,0.15164532,0.28952923,-0.60283679,-0.13319553,-0.47392309,-1.2544303,-1.8363495,-0.089678988,0.68295443,0.036167413,-0.005993664,0.76470655,0.097132079,0.47763005,0.28382453,-0.18100134,-0.59578669,0.25249156,0.092604421,-0.14312565,-0.38272488,0.23634221,0.15551895,1.237715,-1.6053607,-0.10314975,1.4170325,1.6792219,0.39430577,-1.4921433,-0.23984845,-0.35360199,-0.25776795,0.003755949,0.28394169,0.83495295,0.75469398,0.59470117,0.20204957,0.18975352,0.74408203,0.69280416,0.87078059,-1.0116704,0.21562307,0.21595456,0.057728931,-0.33942789,-0.16917136,-1.6831274,0.4088642,0.025869153,-0.31683299,-0.38221371,0.18367414,0.13681418,-0.67878717,0.083917081,-0.18808913,0.17889187,-0.061251383,0.22456118,0.97555876,0.312177,0.066540487,0.63735914,0.020082727,0.12730637,-0.94017643,0.37627697,-0.75101465,-0.030003265,0.77805805,-0.97669703,-0.34303898,0.54795563,0.3225016,-0.57600319,-1.1634437,0.52457523,-0.54955781,0.13617834,-1.8875976,0.3570188,-0.30257255,-0.53019482,-0.531968,0.97735959,0.38685122,-1.9130871,-1.128304,-0.45932931,-0.046145145,0.33001423,-0.09304747,0.096074522,0.32967058,0.2917203,-0.14068826,0.21036309,0.37163329,0.27555084,0.45181185,-0.055357017,0.18840247,-1.5122476,-0.11819198,0.28039256,0.010123038,0.18049718,0.69122529,0.87891567,-0.41856134,-0.93141931,-0.43274081,-0.087694004,-1.9518456,0.45169854,0.2535094,0.42478639,-0.77684408,-1.2575933,0.3333407,-0.49084124,0.13324971,-0.008266889,0.015024379,0.61813772,-0.059924617,0.38402322,0.25865638,0.046685807,-0.18476154,-0.28359011,-2.2388296,-0.72932631,-0.85179675,0.074042469,-0.79480565,0.27980563,-0.13381299,-0.21857905,0.16816843,1
0.60050428,0.29935971,0.26272571,0.53003943,0.53391713,0.54773557,0.53431463,0.51836711,0.54381192,0.53798878,0.54233992,0.53259313,0.53561163,0.52624381,0.54721743,0.53078747,0.53863251,0.56510079,0.55207211,0.53715891,0.53606808,0.53769064,0.5272401,0.54051244,0.54692096,0.53534216,0.54912269,0.53731203,0.54438376,0.5465799,0.54273492,0.54249763,0.53752679,0.54199505,0.54650789,0.51765758,0.52949643,0.54791653,0.52725524,0.54101598,-0.98147583,0.24034341,0.49170423,0.53593677,1.4655645,1.7529631,1.3923004,0.81231946,0.93348873,1.7305758,1.4911039,1.2965733,0.35489875,-0.21361375,-0.50643045,-0.41387248,0.68247473,0.40520102,0.35903493,0.2879484,-0.83686543,0.004212209,-0.593036,0.36221775,-0.85549206,-0.10365395,-0.20913909,0.73064113,0.35607314,1.2640496,-0.18414535,0.19792917,-1.1623548,-0.25477207,-0.06380789,0.91899449,-1.2126381,0.58124554,0.1708152,-0.94598591,-0.11161133,-1.1027247,-0.55143332,0.35785332,0.89544266,0.77505338,-0.03325846,-1.7312198,0.65573478,0.089488626,-1.09927,0.82456917,-0.005909096,0.14883102,0.46986011,-0.080695301,0.33033028,-0.26563638,0.005288731,0.61068481,-0.7473492,-1.0045092,0.040334493,0.5541926,-0.35448974,0.32706043,0.10438339,-0.19024763,-0.11585311,-0.27402017,0.34171337,0.54355633,-0.22713357,-0.34471437,-0.23928615,0.099112302,0.2929756,-1.1317029,0.41216603,-0.9645108,-0.38896245,-1.7535664,-0.85805047,-0.18372504,-0.46943098,0.2705456,-0.42084712,0.059257932,-0.11568569,-0.054780193,-0.86721706,-0.71325564,0.10000888,-1.1070259,-0.15957016,-0.002676264,-0.002968282,0.3177042,-0.43212464,-1.6669693,0.62590396,0.49736375,0.84741747,-0.26000077,0.57454705,0.34934455,0.053913645,-0.16530131,-0.35151964,0.31281641,-0.71452212,-0.10031128,0.41055599,-0.21151894,-0.78180993,0.1769121,-0.46383953,-0.54795212,0.35803166,-0.38949487,0.005552454,-0.8479827,0.81879252,0.80054975,0.15634449,0.11004472,-1.6824707,0.43030876,-0.029886421,-0.17809795,-0.0640762,-0.50650072,0.12848723,-0.17153837,-0.74301267,1.1255382,-0.69803703,0.13133128,0.33899626,-1.5916275,-0.21766475,0.20290098,-0.12290671,-0.41490933,-0.97804338,0.2971521,-0.054809034,0.38724291,0.82142395,-0.82769686,-0.29914653,0.06213576,0.10737875,0.16899563,0.32373855,0.1623563,-0.21340451,-1.2494603,-1.8362722,-0.72168422,0.28498581,0.69271904,0.55199909,-0.4009662,-0.34249592,0.062994033,1.2129011,0.021992438,0.13072933,-0.22675553,-0.20222381,0.98701,0.15431291,0.28354853,1.0342005,-0.09949854,-2.2250898,-0.029413026,0.53219932,0.033771459,-0.080751911,-0.67441499,0.030862913,-1.4153382,0.17870122,-1.2207323,0.35511428,0.13234919,-0.90005302,0.04042602,0.19950442,0.45244256,-0.20193517,0.010324329,-2.4499111,0.23382425,-0.94557762,-0.075851001,0.16158779,0.11569163,0.56817448,0.101998,-0.20996763,0.56994116,-1.3251057,-0.71873963,-0.21783128,0.42193907,-0.44064802,0.20738316,0.10632396,0.43458775,0.061719783,0.4385865,0.45996457,0.80805808,-0.96542484,-0.35956842,0.56448376,0.016722992,0.21559647,-0.082836106,-0.29907745,-1.2829268,-0.41517362,0.12943858,-0.47475129,0.41974157,1.0828971,0.37196058,-0.4854655,0.2011131,-0.44556141,0.89133763,0.5597685,-0.36224258,0.064634047,1.9868375,0.21544319,0.13673021,-0.8568294,-0.22074199,-1.9364498,1.000229,-1.1369984,-0.23746514,-0.13114882,-1.4895682,-0.44982651,0.1798549,0.089730546,0.42377084,0.59904999,0.29269207,-1.890708,0.98062772,0.19400066,1.1551304,0.057257667,-1.266497,-0.031396039,-1.0325106,0.55305314,0.24641924,-0.93024856,0.21334122,-1.7339276,-1.4239514,-1.4435844,-0.38180152,0.58276278,0.52531141,0.35037106,-1.0159382,0.83203113,-1.0023384,-0.092227116,0.50024277,-1.1209515,-0.14464918,-0.0320182,0.5495609,0.092027262,0.3422133,-0.13790856,0.45958179,0.080781117,0.5138182,0.075200364,-0.17529458,-0.80231673,0.41288191,1.1887442,-0.56861204,0.64437455,0.51798588,0.51005518,-0.69564605,0.62791342,0.22744292,-0.90808314,-0.57648337,0.096909344,-0.047180027,0.078900829,0.86286706,-0.21732667,-0.54091859,-0.57586521,0.013958763,0.57532668,-0.25125995,0.11047488,-0.38172519,0.17881037,1.0853177,-0.99210078,0.13694894,0.2981897,-0.62158006,-0.021004159,0.2113145,-1.2698003,-1.9260404,-0.20173064,0.67939812,0.090351537,-0.072066367,0.78630275,0.15872052,0.5733543,0.2897875,-0.1329948,-0.6428144,0.23787928,0.050348222,-0.14008538,-0.22038814,0.2659601,0.1140028,1.3034151,-1.6961985,-0.008286741,1.4702427,1.783275,0.37489015,-1.471276,-0.25284845,-0.3901926,-0.2243343,0.039087735,0.27045038,0.85754263,0.71526271,0.6495471,0.19784111,0.22639468,0.75856674,0.64481753,0.95296144,-0.95184302,0.27584609,0.17903401,0.032966271,-0.33167261,-0.15244001,-1.6829494,0.37873647,0.003481109,-0.43283117,-0.25074428,0.43521881,0.15453056,-0.63464749,0.19789913,-0.19425794,0.31440338,-0.092994548,0.51350117,0.96997368,0.36619881,0.038800992,0.59275126,-0.11769974,0.17556439,-0.98322988,0.36591992,-0.77860469,-0.046187207,0.71488726,-0.93364775,-0.37844348,0.49183163,0.35982013,-0.58314395,-1.1866812,0.59296787,-0.61412895,0.17089206,-1.8374724,0.2993139,-0.2877655,-0.62476236,-0.56681526,1.1161587,0.31938988,-1.9453094,-1.122106,-0.41067034,-0.008144758,0.29604366,-0.083552122,0.083913758,0.45751077,0.27680424,-0.18797645,0.25032067,0.3265577,0.28030092,0.039582476,-0.29273194,0.2827659,-1.5103722,-0.047772922,0.27837503,0.046746876,0.17336147,0.77881014,1.1083026,-0.37397581,-0.92525989,-0.37232983,0.08241719,-1.9923621,0.44169229,0.24258932,0.43927601,-0.82068169,-1.3895893,0.33895946,-0.52359867,0.39131391,-0.030015483,-0.05767142,0.31282365,0.09630388,0.36736879,0.20125726,0.043853842,-0.11770801,-0.32894763,-2.2400849,-0.60326922,-0.89292097,0.11875295,-0.89013481,0.004032344,-0.16614516,-0.2823188,0.099366277,1
0.61154032,0.32736224,0.29477087,0.5492968,0.54705328,0.5702014,0.54807389,0.54239321,0.55510926,0.55696964,0.54984885,0.54858756,0.55008078,0.53640413,0.55536544,0.53741193,0.55101204,0.57437307,0.57089019,0.54714382,0.5472163,0.5555312,0.55030882,0.54763377,0.55812061,0.55692494,0.5596019,0.55661762,0.55640864,0.56412375,0.56065595,0.55627882,0.54799831,0.55168331,0.5658797,0.53555733,0.54677308,0.56109422,0.54034948,0.5558992,-1.1141053,0.27701321,0.58458322,0.60066837,1.5246005,1.8426654,1.4965476,0.88834774,1.0340091,1.8079878,1.5557411,1.3774004,0.43438119,-0.23228347,-0.35751709,-0.48138279,0.78064013,0.50312102,0.43679494,0.36819708,-1.2336379,-0.012632927,-0.686423,0.40424904,-0.88643658,-0.066691034,-0.23779637,0.69240952,0.10487151,1.2194579,-0.19386563,0.27529964,-1.2769339,-0.2005017,-0.15192288,1.1988211,-1.280919,0.62028861,0.189464,-0.94945514,-0.091374382,-0.97505301,-0.68758225,0.34344566,0.99396443,0.59972078,-0.054208517,-1.8602228,0.71666723,0.1512803,-1.1709988,0.71548635,-0.010971237,0.070605718,0.62968141,-0.006718062,0.26574752,-0.23999137,-0.020270027,0.72058356,-0.86571598,-1.1121356,0.063079864,0.60723579,-0.40143424,0.40307224,0.20678166,-0.21730918,-0.059965901,-0.32235324,0.31508201,0.44644105,-0.19334592,-0.33246955,-0.34619409,-0.089168668,0.37438858,-1.1579437,0.41420877,-1.0198169,-0.41524431,-1.8998451,-0.8531934,-0.13812572,-0.48736629,0.46699148,-0.45084488,0.13888255,-0.097022645,0.075834557,-0.73601103,-0.84060729,0.49813205,-1.1676294,-0.22554509,-0.052361339,-0.13138504,0.18024161,-0.38130426,-1.6623187,0.91767204,0.55353224,0.78770959,-0.34013543,0.62416363,0.32569355,0.028416835,-0.33240452,-0.42484993,0.32107294,-0.79752088,-0.089468777,0.51497799,-0.23403974,-0.86283243,0.12223171,-0.47453341,-0.39658165,0.33186662,-0.49300379,0.07212013,-1.0277557,0.79398376,0.71419221,0.32755715,-0.026758041,-1.7223383,0.24408633,-0.071183987,-0.21131194,-0.091503538,-0.64191079,0.011018932,-0.14344187,-0.80774987,0.96440732,-0.78755623,0.17619908,0.45305839,-1.5319302,-0.14405163,0.30670232,-0.13099313,-0.48286241,-0.85174769,0.49244788,0.034307718,0.3894659,1.0238775,-0.90614188,-0.25223711,0.10629372,0.29722175,0.27777439,0.37149727,0.20841986,-0.28126067,-1.3669896,-1.9370379,-0.89050615,0.30468446,0.46322775,0.36941242,-0.55346143,-0.38581455,0.11537485,1.3183382,-0.126452,0.028721418,-0.25533319,-0.3057262,0.89076054,0.21483681,0.35122815,0.83581311,-0.1607042,-2.0611031,-0.12185964,0.53637397,0.054043457,-0.14855108,-0.59491688,0.0265662,-1.428193,0.15206107,-1.2518648,0.15658489,0.25183639,-0.91805267,0.035692099,-0.033658534,0.36317489,-0.14322612,-0.11677107,-2.6021776,0.1503977,-0.76199615,0.02203124,0.014680907,0.076896049,0.51590371,0.11362284,-0.28253543,0.46154925,-1.4262588,-0.8594296,-0.48516291,0.53794861,-0.43371999,0.076338559,0.17630172,0.47792581,0.049862809,0.48978028,0.44169575,0.84649992,-0.97514951,-0.33304763,0.65119493,0.015517503,0.2358852,-0.040240251,-0.29885948,-1.3295189,-0.49045217,0.12388943,-0.4260751,0.34025174,1.2001287,0.38143131,-0.6037311,0.25959867,-0.43886513,0.66684777,0.60714984,-0.38326433,0.11934245,1.6064879,0.18443134,0.19510126,-0.9943462,-0.17840622,-1.8878597,0.94629854,-1.0624657,-0.11775567,-0.23993686,-1.4030806,-0.46563295,0.20107184,0.23098522,0.66613936,0.6126194,0.1511755,-1.9245799,0.90887439,0.071429402,1.1712976,0.022142861,-1.3068469,-0.019288115,-1.1524199,0.56906742,0.30653977,-0.98008114,0.26314589,-1.7362679,-1.6223185,-1.3901079,-0.52876633,0.83201092,0.71572024,0.40945241,-0.85293674,0.9181115,-1.047865,-0.20862886,0.34275675,-1.0530105,-0.19008538,0.08791481,0.4775995,0.011031814,0.41120869,-0.12634508,0.70674002,0.10266371,0.31482884,0.22783959,-0.10041638,-0.81508625,0.55087209,1.0721428,-0.52614665,0.63323426,0.5327096,0.39448541,-0.71268612,0.60105985,0.050836176,-0.79360163,-0.58318728,0.13744622,-0.03616716,-0.10167465,0.94070607,-0.21019803,-0.63215363,-0.60937899,-0.006143414,0.53504282,-0.28125602,0.27978203,-0.3424921,0.22982322,1.1480424,-1.0473521,0.16287825,0.35069776,-0.64323932,0.008425452,0.054096282,-1.1530066,-2.0160229,-0.41977203,0.75838995,0.11241226,-0.1430701,0.74987084,0.27915469,0.55461872,0.36222443,-0.15489845,-0.35025382,0.31554693,0.11718388,-0.19287425,-0.3824009,0.26846564,0.19731149,1.294796,-1.6546853,-0.044434465,1.4633257,1.716844,0.34012154,-1.5215364,-0.18433701,-0.28743207,-0.1066231,0.060198054,0.11046511,0.68281978,0.42258051,0.34942338,0.23164099,0.15697072,0.97832096,0.74506408,1.1350695,-0.97935331,0.32013291,0.20437278,0.093003191,-0.41353732,-0.15766381,-1.6640453,0.44961178,0.025661886,-0.32071814,-0.15745667,0.371364,0.11710089,-0.67714268,0.17501213,-0.20050479,0.3892228,0.013326541,0.71078771,1.089154,0.46089697,0.071293935,0.70069575,-0.006104097,0.1668967,-1.0268687,0.29945409,-0.87380242,-0.16361529,0.69164956,-1.0478609,-0.26668718,0.4128817,0.28208268,-0.49712518,-1.2227261,0.64288807,-0.58390874,0.26300985,-1.7817187,0.3566559,-0.29203135,-0.64077437,-0.51349652,1.0461808,0.42561024,-1.9339144,-1.3163333,-0.44165865,0.014758069,0.28240544,-0.026497912,0.082555145,0.51628703,0.31425676,-0.20142353,0.35770598,0.29460767,0.24679041,0.030239344,-0.40502849,0.32304692,-1.6280494,-0.028838189,0.21893167,0.0950564,0.25856003,0.7731688,1.3257141,-0.35402763,-0.98783678,-0.4140268,0.45374513,-1.9931412,0.47443408,0.33008125,0.49653643,-0.71484035,-1.328369,0.21069741,-0.60798168,0.62271929,-0.066862501,-0.033949934,0.34335306,0.14547147,0.36199966,0.26709467,0.093384482,-0.03307981,-0.2702851,-2.351851,-0.62357759,-0.78325832,0.12474982,-0.85720563,0.39862961,-0.24199986,-0.34058282,0.17770562,1
0.61738276,0.34252653,0.28544834,0.59948289,0.583251,0.61293924,0.58696222,0.57837546,0.59336436,0.58876967,0.59043062,0.58394325,0.58764994,0.57081819,0.59883988,0.58057678,0.58581173,0.61645985,0.60619336,0.58487523,0.58152241,0.5940603,0.57985133,0.59044003,0.59926546,0.57917452,0.60061395,0.58531624,0.59189451,0.58975303,0.59250712,0.59308004,0.58359426,0.58299875,0.59494734,0.56911314,0.57006878,0.58942461,0.57279539,0.5810917,-1.0168595,0.27340335,0.39628994,0.50514436,1.4100258,1.6981947,1.2967067,0.7392441,0.86125845,1.6740456,1.4518226,1.22615,0.2564792,-0.21858998,-0.58961833,-0.4555957,0.54447711,0.35515463,0.34673086,0.25111538,-0.78009069,-0.035080567,-0.86434686,0.27541396,-0.95018595,0.11803021,-0.1795186,0.74251562,0.12285884,1.1939238,-0.18779692,0.11576954,-1.194512,-0.30183741,-0.11961351,0.74699116,-1.3024337,0.51007915,0.066175595,-0.9673996,-0.17562486,-1.2046782,-0.64813662,0.27097967,0.70801067,0.65992957,-0.07167837,-1.9286164,0.61900318,0.069188535,-1.2658825,0.82982647,-0.007208195,0.16209173,0.56628543,0.092005968,0.2186621,-0.23341206,-0.006515682,0.60076916,-0.71319252,-1.0342597,-0.000215359,0.56095767,-0.27602825,0.27828577,0.23277617,-0.19314308,-0.077393353,-0.30793509,0.33007288,0.54920101,-0.2104068,-0.34709826,-0.22468854,-0.000892892,0.13313678,-1.0663453,0.43673271,-1.0201551,-0.37395036,-1.8029088,-0.81182092,-0.19904527,-0.63258165,0.25712371,-0.33909583,0.081240505,-0.14484558,0.055184692,-0.7285437,-0.71129596,0.033964634,-1.1506896,-0.2159003,0.03876482,0.040394083,0.10910404,-0.3850919,-1.671375,0.54080319,0.50004435,0.84826809,-0.16302069,0.46278295,0.50030351,0.034511346,-0.38912854,-0.31039655,0.29218557,-0.39524734,-0.1414369,0.33326209,-0.26799938,-0.77135557,0.24120249,-0.42078561,-0.50130218,0.35497612,-0.43989572,-0.034950122,-1.0160851,0.75035256,0.74248493,0.19439974,0.12542602,-1.628486,0.5755111,0.020915862,-0.080608718,-0.038509332,-0.543715,0.13406008,-0.18840593,-0.79834199,1.1010587,-0.85572571,0.12704098,0.21045606,-1.4970131,-0.20480174,0.1492331,-0.12971698,-0.38386434,-0.93840718,0.28919041,-0.10834289,0.32379225,0.65575767,-0.91284478,-0.18885066,0.066325121,0.081772275,0.14738999,0.4133341,0.17837635,-0.26472211,-1.2429616,-1.8727137,-0.88780022,0.31088835,0.76870227,0.49466628,-0.38725737,-0.40010101,-0.001997717,1.2855988,-0.10307024,0.064918712,-0.31073165,-0.20894043,1.0896375,0.17886679,0.24888608,1.0515991,-0.098657727,-1.9914327,-0.081649281,0.39002547,0.075966969,-0.078554541,-0.59420532,0.09234836,-1.4881895,0.080794565,-1.3445705,0.31209105,0.15023956,-0.94646889,-0.066133887,0.26846054,0.58799171,-0.1598696,-0.16292271,-2.4666243,0.29667088,-0.8351782,-0.084644243,0.1377437,0.13200498,0.66225296,0.20359206,-0.20867223,0.57232243,-1.2644391,-0.72116435,-0.18350436,0.42958876,-0.48650128,0.25291413,0.19029552,0.33290893,0.031388741,0.36280224,0.4819335,0.81217384,-1.0277008,-0.39525032,0.58230186,0.14475313,0.23905176,0.00655186,-0.14767188,-1.4155327,-0.40397164,0.15652093,-0.55387342,0.26489383,1.0009488,0.36739361,-0.52881092,0.16693136,-0.39905638,0.64401948,0.53322393,-0.41308281,0.063724756,1.741799,0.10060427,0.13751489,-0.67128062,-0.30143082,-1.8852576,1.0481249,-1.2793597,-0.10739855,-0.1692443,-1.627165,-0.47149664,0.17622252,-0.093091115,0.58504665,0.57260042,0.28213802,-1.9451889,1.0429292,0.073791251,1.1771607,-0.007114118,-1.326673,0.11290127,-1.0099168,0.60865277,0.43711692,-0.84127426,0.34613371,-1.7615241,-1.3927889,-1.3832746,-0.45325345,0.52244651,0.43367064,0.34696862,-1.0481277,0.80932152,-0.94000399,-0.055957943,0.32098478,-1.0216057,-0.093494341,0.030124439,0.51142573,0.33485195,0.26422048,-0.19101766,0.55641663,0.012466313,0.76004601,-0.058015108,-0.14687595,-0.8675161,0.43789256,1.1431382,-0.65908033,0.64790142,0.47548217,0.48879564,-0.69113141,0.91667318,0.015878439,-0.87426782,-0.55372632,0.083553784,0.043139078,0.082052879,0.7346049,-0.14894685,-0.49829641,-0.66880047,-0.025954951,0.52853841,-0.18834537,0.21124208,-0.42983603,0.14058676,1.0340165,-1.0171912,0.14600781,0.26200315,-0.58539778,-0.068424582,-0.23937255,-1.2751417,-2.0759699,-0.0997568,0.63774884,0.0139369,-0.060376719,0.75010753,0.093931012,0.52422339,0.25768778,-0.21152785,-0.64957976,0.22062626,0.084754899,-0.12842718,-0.33822984,0.20822139,0.16162142,1.0919154,-1.6442637,0.027689422,1.4280021,1.5576377,0.40941995,-1.6883116,-0.25213921,-0.30140269,-0.29025072,-0.040952455,0.23756574,0.86085117,0.65237671,0.46254027,0.23010987,0.25380966,0.7684269,0.78146684,0.97837216,-1.135227,0.28460318,0.089098424,0.047014117,-0.31446999,-0.12471497,-1.7775285,0.34448686,-0.002138514,-0.34220797,-0.15295336,0.30894855,0.1809167,-0.60783261,0.19939031,-0.21441922,0.14356793,0.023216851,0.47428274,0.99064487,0.335017,-0.019167172,0.65171283,-0.003393799,0.20242722,-0.93007231,0.40002254,-0.86970496,-0.096483082,0.83689129,-1.0515481,-0.60482812,0.57208562,0.30732089,-0.57243848,-1.2006674,0.60155469,-0.64380312,0.060858767,-1.8759301,0.30738014,-0.29865402,-0.59517664,-0.4060092,1.0384547,0.38423753,-2.0018849,-1.0875272,-0.49570259,-0.018870924,0.29588747,-0.12569024,0.048252456,0.38972822,0.27828917,-0.056677975,0.21945924,0.39842311,0.32082748,0.026280418,-0.20547427,0.27404022,-1.4947624,0.14409252,0.38681319,-0.004882786,0.20403926,0.67990035,1.0706755,-0.39328116,-0.91412914,-0.3825075,0.030554242,-2.246655,0.52990139,0.14586368,0.45369029,-0.71933877,-1.3487873,0.37471172,-0.54969651,0.11396145,-0.11626717,0.051266536,0.64920807,0.091495745,0.32957312,0.18881677,0.044926144,-0.11486101,-0.30105811,-2.301456,-0.68926907,-0.87407523,0.076753467,-0.81838769,0.18449229,-0.069197193,-0.3052828,0.074321911,1
0.65856922,0.37894693,0.31613418,0.65970337,0.66266394,0.67375147,0.64625466,0.63967764,0.67775953,0.65732062,0.68002921,0.6508975,0.66452128,0.64739108,0.65167952,0.62420475,0.6505875,0.68416029,0.66813838,0.62862885,0.67020404,0.65874362,0.65764487,0.6642186,0.66365349,0.65010893,0.68265212,0.64779687,0.66293198,0.67820114,0.67137003,0.65545666,0.6564101,0.64569962,0.66460598,0.61401105,0.63924247,0.67658496,0.64948845,0.64028972,-0.89272767,0.29235256,0.42666823,0.4900361,1.4521534,1.778773,1.3562297,0.76999843,0.89677262,1.718007,1.5189831,1.2667551,0.34897599,-0.22163333,0.004281409,-0.42058191,0.68763781,0.45152143,0.31968784,0.26226109,-0.45446172,-0.057008464,-0.46240181,0.2867184,-0.85648006,0.095266581,-0.25782099,0.89201331,0.26432911,1.4591725,-0.1892731,0.23094894,-1.0789702,-0.38627937,0.005802995,0.96504289,-1.1260659,0.48822236,0.092861533,-0.87855601,0.071401455,-0.9420523,-0.61655098,0.38503745,0.89567983,0.66702163,-0.000370005,-1.7914302,0.55944914,0.12727018,-1.0975833,0.84516644,0.050291535,-0.12438899,0.37006232,-0.28416532,0.39682308,-0.35388821,0.017756894,0.61940628,-0.8304382,-1.065047,0.030748803,0.62684238,-0.57088202,0.27127409,0.41814888,-0.24288234,0.050724059,-0.44495031,0.39014834,0.53487021,-0.19584915,-0.4275704,-0.29758078,-0.043043256,0.29531473,-1.0713387,0.32584393,-0.92996764,-0.3842276,-1.7634799,-1.0824127,-0.23850416,-0.34170267,0.23734018,-0.54855174,0.32940924,-0.19589511,-0.1454878,-0.65700805,-0.80896938,0.099992357,-1.0521954,-0.36448193,-0.15783417,-0.025244936,0.57069218,-0.44322494,-1.6183708,0.34933949,0.50455266,0.83550835,-0.22265504,0.51522964,0.44022906,0.002446756,-0.47073102,-0.44371986,0.2597197,-0.63495904,-0.20430446,0.34938174,-0.35241839,-0.79347283,0.10032839,-0.44187021,-0.67065096,0.3019048,-0.33005258,-0.093155444,-0.68305153,0.64634967,0.76561737,-0.080754116,0.1464279,-1.6095152,0.69636559,-0.009281047,-0.039502859,0.088339314,-0.58965111,-0.039594382,-0.20553477,-0.71724099,1.0096679,-0.74138021,0.058067545,0.28627318,-1.4477569,-0.1969763,0.51296139,-0.16817233,-0.34254453,-0.96153057,0.30825752,0.25516427,0.23755014,0.83623886,-0.78110069,-0.1932354,0.16088644,0.14612825,0.16176254,0.39592648,0.15870163,-0.24043137,-1.3107744,-1.7643735,-0.79325294,0.30075711,0.53596073,0.54835713,-0.59570593,-0.50628388,0.18044075,1.3537956,0.053105518,0.19016671,-0.25701439,-0.23407507,1.0164312,0.18065989,0.29418927,1.8898051,-0.20921321,-2.2381938,0.018371463,0.71212709,0.068632789,0.034271464,-0.71249759,0.10850467,-1.58345,0.17323086,-1.1881928,0.097053528,0.081133775,-0.91427302,-0.032924499,0.28240213,0.5067718,-0.22073068,-0.56021023,-2.5709307,0.28762427,-0.97191519,-0.10018752,-0.030091763,-0.006073251,0.6447593,0.47091824,-0.17404699,0.5969004,-1.4905883,-1.0282136,-0.28476882,0.40482637,-0.56459838,0.23504925,0.061480835,0.37511948,-0.027754534,0.3515929,0.32166195,0.65713501,-1.0761819,-0.48006827,0.056903541,0.077671207,0.17973784,0.032327369,-0.059072375,-1.29939,-0.44343814,0.19813317,-0.41862631,0.36959848,1.0084734,0.35875627,-0.63785857,0.12765251,-0.35281444,0.40111044,0.58114707,-0.4395341,0.116499,1.6014656,0.075456291,0.20814192,-0.84107113,-0.12185742,-2.0661643,0.94984353,-1.2845722,-0.20899683,-0.096137658,-1.560281,-0.48754346,0.21727276,0.3245979,0.74812931,0.59541076,0.26517099,-1.9182017,1.1417398,0.34101087,1.2923815,-0.080978096,-1.1298765,0.049215838,-1.0380558,0.60445386,0.25942343,-0.75304848,0.10730793,-1.7857951,-1.5000442,-1.3660755,-0.459737,0.56609488,0.71815217,0.23260322,-1.2057006,0.76824802,-1.0342278,-0.13268548,0.48508537,-0.97670639,-0.23410463,-0.21430479,0.60599786,0.080837905,0.36491507,-0.20769647,0.37127599,-0.12169692,0.57950819,-0.042741891,-0.12769747,-0.89734077,0.43525383,1.0929565,-0.57140452,0.77972686,0.41961017,0.17699322,-0.71399635,0.51772004,0.23246668,-0.92187464,-0.39812082,0.068209261,0.018350214,-0.045163035,0.72237152,-0.18502308,-0.55147892,-0.55552959,0.10729797,0.58162558,-0.14271526,0.24500352,-0.31195366,0.24780157,1.0430155,-1.0539635,0.1384591,0.30242527,-0.71351594,-0.082947314,-0.38172862,-1.3669492,-1.9829516,-0.24034414,0.60567713,0.011400118,-0.023542047,0.69901061,0.29670262,0.56166369,0.24478756,-0.14533067,-0.6000095,0.17918271,0.10763767,-0.040655866,-0.83530933,0.24750343,0.16392653,1.0612037,-1.7329329,-0.12929936,1.4664176,1.4116313,0.35988569,-1.690267,-0.18088979,-0.30202302,-0.23551154,0.04181426,0.29567158,0.69273478,0.83747113,0.34280694,0.14999613,0.17670448,1.197281,0.67314571,0.99963498,-1.1767049,0.14735116,0.16683865,0.1629768,-0.52548337,-0.10729465,-1.6474935,0.3449471,0.000408459,-0.41864347,-0.33741447,0.19522688,0.001922742,-0.38413939,0.34453186,-0.22452003,0.1037842,-0.083868518,0.25233522,0.83496779,0.31680733,-0.009879371,0.59595817,0.21753709,-0.02840293,-0.83833504,0.33914781,-0.76582497,-0.009299785,0.87537372,-0.93466067,-0.45312548,0.41432306,0.29430598,-0.49455121,-1.1817812,0.59492505,-0.43332928,0.16243152,-1.8302011,0.23333679,-0.48331904,-0.45158714,-0.63456309,0.97358817,0.49465224,-1.8167251,-1.2425432,-0.42548376,-0.029848214,0.31061351,0.012758883,-0.020727007,0.24752524,0.24365181,-0.090380542,0.31126699,0.2961739,0.23168355,0.19457559,-0.13747774,0.21467173,-1.359414,-0.11918542,0.42880011,0.075677827,0.2779898,0.72857445,1.1980447,-0.51899314,-0.59005034,-0.25714058,0.21200256,-1.9341552,0.47468251,0.031910449,0.37489098,-0.89465779,-1.3597647,0.25549126,-0.67499179,0.37138361,-0.20128262,-0.07602977,0.80097699,0.079735138,0.38819605,0.35143059,0.018059025,-0.068700582,-0.37320235,-2.3568633,-0.66792238,-0.7981537,-0.14440835,-0.89449209,0.33929297,1.8142055,-0.20843965,0.18807971,1
0.66636693,0.38593119,0.32708183,0.63870835,0.63242638,0.64801729,0.61526787,0.62007803,0.6275515,0.63615918,0.61990374,0.62957484,0.63246512,0.61397612,0.64340752,0.62004083,0.62807643,0.65988719,0.64512849,0.62645447,0.62178731,0.63762712,0.63249683,0.62990487,0.64357746,0.63066018,0.63460636,0.62867737,0.63267577,0.63204789,0.63579988,0.63807559,0.62930214,0.62557393,0.63294411,0.61380553,0.61970663,0.63993406,0.61512721,0.61835051,-0.90251702,0.30942827,0.47677702,0.52461427,1.4614614,1.7943792,1.3911778,0.80522084,0.92800498,1.735667,1.526258,1.2923603,0.48917598,-0.21132843,-0.49115989,-0.53428233,0.77717751,0.46933001,0.32882348,0.3094506,-0.71261406,0.015745191,-0.73901933,0.28583756,-1.0191058,0.058063522,-0.19556567,0.68060005,0.066300541,1.2894496,-0.16344112,0.23331505,-1.2461112,-0.37183791,-0.092177033,1.1050211,-1.2874595,0.55583543,0.065223694,-0.95694959,-0.15117103,-1.2297323,-0.58303839,0.21040294,0.97440416,0.58026713,-0.13715801,-1.8080056,0.59486538,0.089710407,-1.1492939,0.74405438,-0.020113975,0.066083372,0.45791379,-0.060921796,0.32419845,-0.23028363,-0.007006124,0.67487329,-0.60903794,-1.0628247,-0.040908068,0.50973368,-0.37041658,0.35105544,0.1253984,-0.23773856,-0.040239505,-0.29182804,0.33360726,0.46599719,-0.24110468,-0.17249778,-0.28968838,0.032727376,0.18648998,-1.1046185,0.36556795,-1.0323048,-0.44495413,-1.8432944,-0.89789903,-0.069617271,-0.56511992,0.2557084,-0.35095909,0.019084133,-0.086895995,-0.072070397,-0.96086311,-0.84948301,-0.22737195,-1.0619866,-0.018799275,0.024765059,0.093215346,0.17981735,-0.45607165,-1.5916551,0.29733557,0.52812421,0.83132195,-0.19203651,0.51137215,0.34236804,-0.014581382,-0.50329459,-0.35278496,0.52893478,-0.53543711,-0.041889839,0.43991745,-0.22489998,-0.81718189,0.10956751,-0.53683805,-0.47816366,0.30702183,-0.2968688,0.006320775,-0.99736965,0.84535742,0.79062444,0.17912123,-0.004570213,-1.6840783,0.45412636,-0.042377904,-0.23692982,-0.061510827,-0.51606035,0.097160786,-0.16567439,-0.74754584,1.1087475,-0.63863879,0.10796773,0.29240841,-1.6868778,-0.18744373,0.22123343,-0.15878004,-0.381286,-0.90487307,0.41468352,-0.028020561,0.30743665,0.82766676,-0.78931826,-0.17972288,0.13989975,0.1534003,0.19052702,0.56604254,0.16251326,-0.24236032,-1.2868007,-1.9118885,-0.86705059,0.29223335,0.8538385,0.32054928,-0.34843287,-0.35327172,0.020439275,1.3550687,-0.1806612,0.20925649,-0.101017,-0.2360734,1.0163958,0.22262108,0.32007113,0.85883802,-0.22266187,-2.4840634,-0.10884049,0.41220516,0.029920015,-0.17396182,-0.63889456,0.10500207,-1.4717005,0.18840417,-1.1642045,0.12921461,0.16481778,-0.90826046,0.025865864,0.22724819,0.36223298,-0.19369611,-0.21603696,-2.551755,0.21436211,-0.88210082,-0.28870028,-0.073768705,0.005973697,0.59797245,0.26151073,-0.22298539,0.60237432,-1.3767329,-0.82130229,-0.2615858,0.29579288,-0.37297079,0.2024473,0.10400893,0.38043332,0.095966384,0.44010431,0.53219277,0.76253593,-0.90271097,-0.386437,0.43470195,0.070576452,0.19931695,-0.012705836,-0.26735744,-1.3205235,-0.43917361,0.11145208,-0.54491705,0.34607998,1.0223386,0.37382162,-0.63282454,0.21860799,-0.36051372,0.59623432,0.48554623,-0.54675782,0.065702438,1.8915262,-0.018214568,0.29092926,-0.91461313,-0.34459707,-1.8717273,1.1052744,-1.2335041,-0.12187546,-0.08493083,-1.552104,-0.2771107,0.030648127,0.1011131,0.5143339,0.63747883,0.29388866,-1.9626876,0.92265844,0.41710177,1.1261399,-0.074706309,-1.2974913,-0.036606304,-1.0049853,0.64617944,0.10972689,-0.8341915,0.18535277,-1.6581857,-1.4436178,-1.4200742,-0.41751093,0.5100345,0.20005023,0.26878503,-0.99879014,0.77674854,-0.99203098,-0.1688816,0.48327887,-1.0980308,-0.074708357,-0.003386251,0.43655571,0.11254729,0.27329296,-0.18937656,0.52243292,-0.009388091,0.48745817,0.21087301,-0.12970948,-0.74424541,0.51159942,1.0988331,-0.56731474,0.53671575,0.42818841,0.53525668,-0.71285486,0.53872335,0.24974924,-0.83717716,-0.65451884,0.10167494,-0.095134407,0.12757614,0.73459643,-0.22382833,-0.53638059,-0.65916717,-0.067230895,0.5333634,-0.12374169,0.13794506,-0.42722216,0.13964519,0.95840383,-1.0236628,0.11675465,0.26515165,-0.61568081,-0.055531394,-0.22308353,-1.2983246,-2.047683,-0.20963243,0.68548095,0.023409806,-0.031626552,0.75782984,0.18670902,0.4945102,0.29577264,-0.24016434,-0.54129165,0.2558521,0.061052732,-0.14370774,-0.45908788,0.26386672,0.19195335,1.2807909,-1.6558639,-0.016623266,1.5000899,1.7212102,0.32456347,-1.4966837,-0.24528612,-0.5421977,-0.30996633,0.008303244,0.2140121,0.85545558,0.88922101,0.57226199,0.17222409,0.18227947,0.79264408,0.69598949,0.88306391,-1.0128411,0.15561746,0.15296677,0.23293805,-0.44326544,-0.19225632,-1.7658443,0.42875141,0.030010076,-0.35606581,-0.22476164,0.12138849,0.12982978,-0.49413669,0.094575837,-0.32162902,0.10823361,-0.039328754,0.34163791,1.0535898,0.37772134,0.068595678,0.64218074,-0.071591169,0.12376057,-0.95721233,0.38023821,-0.79410696,-0.13239741,0.74856448,-1.0377494,-0.28786576,0.51394194,0.33072746,-0.53043628,-1.1907563,0.57691842,-0.62164122,0.12244959,-2.0102546,0.33465317,-0.51086712,-0.42979646,-0.48087704,1.0303031,0.40873486,-1.8600574,-1.1527492,-0.48669153,-0.079976834,0.3298879,-0.10282448,0.10490292,0.30054581,0.30018032,-0.1664816,0.22275259,0.34468457,0.27285329,0.12070619,-0.028354906,0.26483405,-1.5146543,-0.14003591,0.21480161,-0.066493206,0.29603732,0.68891031,0.89946449,-0.40925509,-0.83185619,-0.48371872,-0.095679924,-2.0266979,0.43867791,0.40599352,0.46381614,-0.80395436,-1.3672655,0.40256646,-0.65721977,0.079404876,0.005059023,-0.00302501,0.27225757,0.010758318,0.38958263,0.21301065,0.082116365,-0.12072966,-0.28436214,-2.3068905,-0.67669988,-0.82975686,-0.002002826,-0.87459791,0.36379904,-0.16550609,-0.32580954,0.020022303,1
0.59139431,0.31201535,0.25227794,0.56021726,0.55147874,0.57812625,0.55974269,0.54826981,0.56001782,0.55837297,0.55483794,0.55587554,0.55571777,0.54131383,0.56805086,0.54951406,0.5645054,0.58539194,0.57033682,0.55353236,0.55152524,0.55814457,0.55343056,0.55334908,0.56498134,0.54668951,0.56439185,0.55209446,0.5609287,0.56057334,0.54063785,0.55828655,0.55001521,0.55310631,0.56202286,0.5390321,0.54321218,0.56107879,0.5408656,0.55400443,-0.86941266,0.23428899,0.30896765,0.39977959,1.3338325,1.6115721,1.1877067,0.64668167,0.7436586,1.5695449,1.3677565,1.1201566,0.398139,-0.18927157,-0.46389309,-0.48723364,0.60714275,0.36976221,0.34352255,0.27467978,-0.92859501,0.04321371,-0.76729023,0.30446148,-0.81685889,-0.047733303,-0.15288867,0.47429174,-0.050869137,1.1990484,-0.15198395,0.20897856,-1.01386,-0.23749623,-0.10200565,0.85238266,-1.1058731,0.54864883,0.097103655,-0.7951417,-0.1723775,-1.1012696,-0.4858827,0.13556916,0.81675994,0.47138649,-0.11959283,-1.5731039,0.52852392,0.11898132,-1.0133251,0.71288502,-0.058537371,0.038222473,0.5048148,0.37133691,0.2256974,-0.27110162,0.044926476,0.57141328,-0.52541971,-0.91934609,0.040976357,0.401761,-0.35630205,0.28269628,0.099021688,-0.15918094,-0.050127499,-0.23614782,0.39995956,0.3368527,-0.092688739,-0.2731097,-0.14316857,-0.22309002,0.033453047,-0.89266545,0.32235956,-1.0330379,-0.3616533,-1.595562,-0.78782767,-0.077868365,-0.55739999,0.46668082,-0.25909236,0.075742275,-0.1157572,-0.09249448,-0.63814068,-0.64204723,-0.53349948,-0.93065381,-0.005089685,0.069311872,0.093318224,0.35278428,-0.38701737,-1.4504656,-0.16424331,0.48720554,0.71430939,-0.07833004,0.36817363,0.24781114,0.013725828,-0.68424571,-0.17423601,0.33852217,-0.70165241,-0.045285597,0.38265273,-0.17112607,-0.70789993,0.17741525,-0.48099461,-0.10824844,0.24778742,-0.27689311,0.016222872,-0.87597942,0.76611888,0.71128643,0.16464141,0.039769888,-1.3536114,0.41369274,-0.039091911,-0.16867258,-0.065372251,-0.44145131,0.070793778,-0.050399035,-0.71419376,0.95353365,-0.38876253,0.11936952,0.15040934,-1.5313275,-0.1464548,0.18973905,-0.06863825,-0.30488831,-0.69662684,0.38954282,0.00475882,0.12970102,0.63138133,-0.68057007,-0.010700524,0.0595094,0.29300696,0.18740503,0.23651931,0.14638016,-0.25572774,-1.1199397,-1.6321799,-0.59824085,0.24771163,0.79768634,0.41932207,-0.36586559,-0.29919925,0.008946799,0.88682532,-0.24150518,0.15962072,-0.15220816,-0.28651184,0.78111601,0.11532119,0.30631393,0.49524605,-0.050732516,-1.4262058,-0.045884825,0.35995561,-0.020029426,-0.18679127,-0.6287995,0.12178005,-1.28724,0.098210432,-0.8469075,0.15543652,0.12120381,-0.76009548,0.044056877,0.13040532,0.15780932,-0.088289224,-0.7081607,-2.3529763,0.22161625,-0.43554154,0.053124901,0.1112778,0.008241281,0.44988731,0.061394006,-0.18651742,0.53007966,-1.3539208,-0.5206576,-0.47555515,0.3182798,-0.36109942,0.13430344,0.045867711,0.3750723,0.056353796,0.33151543,0.52521932,0.74191976,-0.73829007,-0.39899263,0.53500336,-0.063778184,0.17726262,0.021978164,-0.25721225,-1.1857435,-0.4068436,0.10260876,-0.15342164,0.25750536,0.80623209,0.31723607,-0.42265096,0.30672383,-0.2222337,0.52979004,0.38765067,-0.23961186,0.027553286,1.5042931,0.080791429,0.16817176,-0.6798445,-0.19069606,-1.7198718,0.8662805,-1.1640407,-0.11080101,-0.13569596,-1.5045006,-0.18397343,-0.028318822,0.053813197,0.46674633,0.3823033,0.032206386,-1.7038423,0.68963134,0.19336754,0.98946095,-0.035430148,-1.1595321,-0.16852432,-0.80377907,0.55880773,0.099886492,-0.74464035,0.202611,-1.484301,-1.2638874,-1.182085,-0.33441281,0.37722746,0.006212473,0.32601938,-0.87085593,0.75590807,-0.80338883,-0.072335556,0.36780733,-0.8971079,-0.11865517,0.059120249,0.41477749,-0.31053412,0.14268073,-0.225061,0.24454506,0.072480999,0.33717623,0.08165171,-0.06499128,-0.5127939,0.42579675,0.87481749,-0.37635714,0.46793407,0.48046118,0.51372099,-0.56464976,0.61824322,0.19179897,-0.68657708,-0.67081749,0.046867117,-0.1222975,0.071608692,0.65455776,-0.16163501,-0.4423843,-0.52215773,0.094336033,0.56716985,-0.15992887,0.087618224,-0.31900451,0.18206275,0.82560194,-0.97657323,0.14656588,0.27326524,-0.45158106,-0.026258405,0.084419131,-1.2003827,-1.7257963,-0.24366203,0.63433754,-0.008377194,-0.078015238,0.62066466,0.080011994,0.54103309,0.26175264,-0.16676199,-0.46952921,0.18685845,0.015607454,-0.002142504,-0.71350086,0.23425029,0.1985783,1.0591016,-1.4017601,-0.18634304,1.2301817,1.3036803,0.33995453,-1.20143,-0.16927558,-0.42431498,-0.26362845,-0.076098956,0.13388395,0.64511555,0.51050824,0.35240433,0.099944443,0.1823144,0.69698721,0.66886783,0.67972517,-0.82765847,0.10380329,0.12943892,0.21635979,-0.3789753,-0.15022008,-1.4995432,0.36559582,-0.005962752,-0.24231087,-0.27791667,0.20504113,0.12327291,-0.51737404,0.11575492,-0.24590202,0.27609679,0.005997196,0.31171036,0.87647891,0.27888152,0.05816225,0.51272452,0.25138769,0.081499942,-0.83475953,0.23687272,-0.68266475,-0.1110521,0.64691681,-0.91452152,-0.28741616,0.32006752,0.27295309,-0.34251454,-1.1074032,0.42411393,-0.42341444,-0.12726942,-1.658549,0.2781077,-0.20901757,-0.61154836,-0.326401,0.82269704,0.2671957,-1.7199,-0.70338404,-0.43288225,-0.007752392,0.2910071,-0.13771215,0.097237483,0.29867747,0.25883707,-0.14318052,0.33915785,0.31995314,0.31647566,0.32155287,-0.40574539,0.24126554,-1.260196,-0.047485821,0.1186772,0.027180772,0.17617296,0.49014837,0.68470538,-0.32418254,-0.79367322,-0.41751713,0.089151092,-1.8273082,0.30982462,0.36182901,0.40536138,-0.42160952,-1.0064081,0.28942743,-0.53352386,-0.053946823,-0.12510619,-0.010101259,0.16455728,0.054296248,0.38961577,0.17834985,0.030568708,-0.025395498,-0.31807122,-2.0340025,-0.58223599,-0.67695391,0.010775242,-0.74309093,0.26143634,-0.017290011,-0.28873095,0.13611469,1
0.57203853,0.29675752,0.24769539,0.54818523,0.54473543,0.57301664,0.54003674,0.54200709,0.55200249,0.5519042,0.54146099,0.54663908,0.55156767,0.52448547,0.55177748,0.53813136,0.54414052,0.56317395,0.56249392,0.53753585,0.5369063,0.54817915,0.54091382,0.54724491,0.55730736,0.55015421,0.55446398,0.54629815,0.55103338,0.55264741,0.54221141,0.5549854,0.54207575,0.54333222,0.55344617,0.52328116,0.53105384,0.55248332,0.53081709,0.53930748,-0.87133747,0.22998115,0.34277916,0.43621749,1.3448761,1.6694918,1.2380794,0.67163312,0.78889877,1.6047895,1.3959868,1.1636604,0.30978459,-0.19351432,-0.18074103,-0.43748549,0.57205701,0.34364194,0.32927793,0.26931432,-0.43519235,-0.004503407,-0.53138131,0.32931313,-0.80674034,0.10591087,-0.18857393,0.74571908,0.044812411,1.2023053,-0.20968507,0.16844553,-1.0688342,-0.3017686,-0.10739334,0.79919118,-1.1069102,0.49466026,0.16666128,-0.85523212,-0.1049722,-1.0523968,-0.59001851,0.53017688,0.72331852,0.50365603,-0.06614086,-1.6312914,0.57234865,0.081796452,-1.0348656,0.75215477,0.046414979,0.11637858,0.46415105,0.01462575,0.263311,-0.3008433,-0.005595282,0.56758916,-0.59978336,-1.0044349,0.037635941,0.52495062,-0.39188996,0.28062555,0.073377445,-0.24118301,-0.036963142,-0.25174248,0.41326147,0.65481043,-0.1675881,-0.35854694,-0.36675844,0.25467277,0.35140878,-1.0858458,0.39275002,-0.75414604,-0.36868536,-1.6806742,-0.93863052,-0.14533511,-0.45379949,0.26276734,-0.36461464,0.17168362,-0.15503025,-0.15116324,-0.70890278,-0.60238302,0.30892211,-1.1060088,-0.27194035,-0.077909797,0.075876154,-0.031463698,-0.42740485,-1.5914869,0.39745218,0.47181845,0.79037988,-0.15511221,0.41006076,0.38516048,0.016173597,-0.21747629,-0.29853937,0.38920352,-0.65470594,-0.090999469,0.35130551,-0.27285063,-0.70231342,0.1394306,-0.52662379,-0.48651889,0.38969547,-0.42493048,-0.02656005,-0.65417087,0.72563285,0.62092346,0.11802004,0.043843556,-1.5104936,0.63558376,-0.029655881,-0.20567521,-0.072319761,-0.5084123,-0.049594253,-0.15739267,-0.68983549,0.96377641,-0.72983038,0.1207254,0.32743114,-1.6503062,-0.17856759,0.29118091,-0.10615455,-0.41478893,-0.88342398,0.3215653,0.023897395,0.29385042,0.80847824,-0.77904111,-0.14434582,0.07773222,0.082787707,0.12146785,0.26524949,0.14506704,-0.022191353,-1.2340741,-1.8113023,-0.61961871,0.27439699,0.58962744,0.28319818,-0.43536848,-0.34981415,0.07785356,1.3691378,-0.21304217,0.12478871,-0.20199181,-0.24686748,1.0514921,0.14266515,0.24475712,1.7758522,-0.1284795,-2.1517227,0.01797092,0.53736794,-0.018092798,0.021642573,-0.73700809,0.12114847,-1.3910867,0.2108247,-1.0178142,0.31294876,0.13182788,-0.84109604,-0.046177138,-0.015541583,0.585361,-0.20465556,-0.18208139,-2.4143505,0.33769178,-0.62782061,-0.046513181,0.085910164,0.16088246,0.65660137,0.19053221,-0.11004327,0.60632497,-1.4004256,-0.82058471,-0.19392015,0.44253314,-0.47056869,0.09722995,0.15965995,0.30804187,0.023268532,0.346342,0.54481089,0.62183511,-0.87960434,-0.40417206,0.46007821,-0.096420169,0.19080028,-0.075650856,-0.28648126,-1.2418193,-0.44782838,0.12210564,-0.32467473,0.28364271,0.97338271,0.33069599,-0.43858328,0.17622957,-0.31636745,0.53898001,0.50634474,-0.42392865,0.028884742,1.525884,0.097851411,0.18775979,-0.98831081,-0.23320672,-1.8052858,0.93970162,-1.3307383,-0.08603926,-0.17906138,-1.305716,-0.26852089,0.15535508,0.16006231,0.56942803,0.4703837,0.40512866,-1.8310912,1.0546681,0.05580347,1.0377295,-0.032371815,-1.1250094,-0.008520201,-0.90496796,0.63871282,0.35399646,-0.76499474,0.26420242,-1.6194408,-1.2924093,-1.2625941,-0.43770331,0.37044537,0.62611228,0.28609702,-1.000912,0.77812618,-0.91097033,-0.09600243,0.23559247,-1.042847,-0.096331969,-0.002533203,0.5012024,-0.062654257,0.28328434,-0.23051116,0.4878585,0.023564531,0.74703854,0.13943306,-0.15320788,-0.78533775,0.39367035,0.89862484,-0.59621805,0.61931628,0.47564313,0.40836138,-0.6450029,0.54512542,0.26626021,-0.90610826,-0.60482627,0.032209028,0.075863078,0.051186785,0.72537869,-0.23685646,-0.44113114,-0.49325985,-0.048265055,0.37578756,-0.1968867,0.072751932,-0.31685469,0.13578889,0.87805033,-1.0624607,0.12924927,0.35830209,-0.57197118,0.000150219,-0.014760405,-1.3621722,-1.9762248,-0.11811483,0.60276818,0.022838332,-0.020311549,0.6941998,0.27294976,0.42074674,0.23649324,0.019131839,-0.5540759,0.19206285,0.07191924,-0.12522958,-0.29457188,0.22122179,0.20842534,1.1275951,-1.5938343,-0.083433621,1.4517077,1.3795929,0.43490961,-1.4354788,-0.2540774,-0.50928992,-0.26974103,0.066121593,0.37225741,0.82083732,0.80026627,0.33638537,0.2492843,0.15142426,0.76750523,0.62581879,0.94493145,-0.97309709,0.18007311,0.22311784,0.019225895,-0.39885154,-0.13959934,-1.5322528,0.34438914,-0.026749585,-0.30657929,-0.15530883,0.3243373,0.12433488,-0.49978906,0.31615281,-0.26125759,0.42571846,-0.064363778,0.65798378,0.90723234,0.36072248,0.16163115,0.61248726,0.014179617,0.033485714,-0.90935373,0.3226172,-0.73183906,0.057848558,0.78248727,-0.8881399,-0.46038604,0.47557354,0.27765179,-0.56327564,-1.0384831,0.54565638,-0.52346528,0.01909953,-1.8160057,0.23088606,-0.22149071,-0.58023167,-0.42481303,0.92222607,0.33032188,-1.7105272,-1.1046326,-0.4154315,0.006226312,0.32918036,-0.053539865,0.029645493,0.37645984,0.25051147,-0.11152451,0.17179425,0.30687165,0.37173319,0.059587359,-0.012040913,0.22293207,-1.3423837,-0.023411848,0.31411195,0.074048646,0.18115091,0.56660903,1.0124382,-0.43600798,-0.71397948,-0.40907276,0.10769759,-1.9772917,0.322429,0.31315929,0.41836205,-0.75992811,-1.3990427,0.38905749,-0.56887972,0.053807504,-0.11735193,-0.008167502,0.65165198,0.085714914,0.34484801,0.30820474,0.020506378,-0.08009845,-0.41797286,-2.0554352,-0.7109251,-0.86080736,0.090563521,-0.85949767,0.32259235,0.03572078,-0.28492665,0.076272048,1
0.50904584,0.2343576,0.17390409,0.51584536,0.50206614,0.52323765,0.50662261,0.49499312,0.51326525,0.50566798,0.50732648,0.50103861,0.51366651,0.4906289,0.51507157,0.49977452,0.51803863,0.53186697,0.51283008,0.50975287,0.49879307,0.50948936,0.49783105,0.5065015,0.51388186,0.4997876,0.50651777,0.49095362,0.50886351,0.50146294,0.49627125,0.49895787,0.49244422,0.50457466,0.5055024,0.48525292,0.49267086,0.51093882,0.48062533,0.49700493,-0.80898845,0.16108859,0.31511855,0.4932813,1.421051,1.631649,1.25309,0.70139921,0.79984039,1.6373092,1.4438133,1.1940531,0.21877208,-0.21043013,-0.20038638,-0.43681312,0.48064125,0.27260184,0.26217484,0.21638088,-0.54244572,-0.050556693,-0.62086606,0.19422238,-0.9318403,0.040253788,-0.076487422,0.4552379,0.21160483,1.0376978,-0.15963545,0.12087413,-1.0335139,-0.27571878,-0.18110149,0.49712139,-1.258903,0.41977638,0.161291,-0.85529846,-0.16096191,-1.1608039,-0.46196485,0.31346649,0.59901571,0.53973371,-0.11198997,-1.7811162,0.61075896,0.064479142,-1.0664787,0.79841518,0.039359823,-0.023740768,0.39464894,-0.010039091,0.19275251,-0.33584392,-0.031352147,0.50099897,-0.68105483,-0.96151972,0.017610177,0.56845665,-0.22095022,0.38773599,0.34476775,-0.1422286,0.033554077,-0.27245104,0.26530272,0.90353167,-0.25228062,-0.12507595,-0.33802527,0.53620267,0.21248278,-0.99047273,0.43030334,-1.0287924,-0.37397277,-1.6815741,-0.80801576,-0.11238584,-0.46270084,0.30108476,-0.33633173,0.14917015,-0.16685727,-0.12754349,-0.64502382,-0.5196557,0.064886555,-1.0818374,-0.044877768,-0.14945093,0.11408344,0.25489995,-0.46617228,-1.511567,0.47649649,0.37177274,0.83215177,-0.089037448,0.49532861,0.29652828,-0.042625874,-0.36438552,-0.36768031,0.28988263,-0.26197451,-0.17899126,0.2645902,-0.18896863,-0.74670136,0.064149477,-0.51424873,-0.63469255,0.4057591,-0.44422632,-0.07525304,-0.82267493,0.64736891,0.57423705,-0.11737015,-0.035659473,-1.5726613,0.39027753,-0.14092225,-0.038335539,0.012873691,-0.53228706,0.000465333,-0.11686939,-0.60844845,0.98261201,-0.74736905,0.09521728,0.35542518,-1.5542091,-0.23800138,0.36636674,-0.007653855,-0.28660619,-0.9519977,0.5938623,-0.08216849,0.28588432,0.83605665,-0.70887941,-0.11495429,0.001624782,0.35439759,0.20556425,0.23374456,0.28245455,-0.35581008,-1.1385496,-1.6599662,-0.79379696,0.22682118,0.46178001,0.19343665,-0.43325403,-0.36386096,0.16671006,1.8967278,-0.087720722,0.11781149,-0.32393956,-0.19253512,1.0083309,0.083531149,0.18848728,1.627367,-0.017095443,-2.3800838,-0.044419773,0.44946456,0.016360927,-0.22709109,-0.62073785,0.17679583,-1.500018,0.11249527,-1.4140917,0.72278911,0.1283268,-0.72134286,-0.059764184,0.10429238,0.58356345,-0.23622999,-0.18505891,-2.4496593,0.30090043,-0.8929069,-0.096275263,-0.019021705,0.10821179,0.61055946,0.22763625,-0.15306315,0.5602361,-1.3654926,-0.87295061,-0.09226729,0.267436,-0.52610415,0.27159303,0.38911843,0.41564015,0.20876309,0.3028037,0.41289574,0.87310165,-0.93138587,-0.44590753,0.35061687,-0.1836174,0.32218468,-0.19463523,-0.16734207,-1.2145544,-0.38146508,0.05302491,-0.57995868,0.23666456,1.0740213,0.30290762,-0.56669009,0.18088883,-0.34630996,0.37155274,0.58100265,-0.33505419,0.034839723,1.3799386,0.16989237,0.13094671,-0.65434527,-0.23473662,-1.7438146,0.96028614,-1.1878161,-0.23140912,-0.1029866,-1.3988613,-0.25033426,0.31924486,0.20040904,0.51929599,0.53618151,0.44879353,-1.8173265,1.0382308,0.18439645,1.1096411,0.009498149,-0.95930314,-0.017304853,-0.92985201,0.6809752,0.26479849,-0.79037648,0.1871742,-1.6791362,-1.4379314,-1.449127,-0.33086368,0.42861968,0.31138054,0.20116474,-0.8342967,0.6706571,-1.0645776,-0.025662228,0.40514818,-0.99797726,0.095016405,-0.018360922,0.67091465,0.20194012,0.30398843,-0.17847827,0.54626971,-0.004696483,0.87875402,0.064862296,-0.043148495,-0.63667893,0.3093656,0.76379573,-0.41590688,0.59123737,0.42402592,0.68447739,-0.62275273,0.62110817,0.20490937,-0.92792261,-0.46318084,0.01809084,0.17254294,0.21363379,0.64251781,-0.11329219,-0.44499773,-0.4923892,-0.024616713,0.29512835,-0.21541031,0.008563161,-0.23816556,0.09052372,1.0585173,-1.0397673,0.15774037,0.25178844,-0.55899209,-0.029211152,-0.18616888,-1.3192858,-1.8592937,-0.11794658,0.47458395,0.088542633,-0.087747157,0.69837314,0.25989506,0.34950033,0.15941262,0.15656397,-0.51276857,0.15874603,0.044520315,-0.05437737,-0.47928715,0.17584416,0.11829897,1.1957555,-1.6509261,-0.061009414,1.6263309,1.6516002,0.29812342,-1.4041278,-0.08011654,-0.36052674,-0.02005969,-0.021097552,0.21710494,0.76672113,0.64870739,0.52223659,0.21292271,0.15002921,0.61951989,0.78702712,0.97079134,-0.78016967,0.015081376,0.30305275,-0.029003575,-0.34559956,-0.17860831,-1.6671829,0.27977785,-0.052045297,-0.27415156,-0.15670417,0.16820952,0.13343823,-0.56283522,0.2063444,-0.2675975,0.10234771,-0.076404914,0.53769428,1.0590988,0.27327859,0.14087269,0.60736942,0.037198171,0.052526411,-0.95737761,0.44670624,-0.79944056,0.048162416,0.84662569,-0.95400757,-0.47493589,0.30090186,0.19502127,-0.52332085,-1.2044281,0.56297964,-0.84352571,0.050355326,-1.782352,0.4266656,-0.16076025,-0.52029061,-0.41434413,0.85939026,0.3710885,-1.8352346,-1.1764251,-0.31678388,-0.004611166,0.30753592,0.057574324,-0.005875118,0.40985373,0.18420936,-0.056890018,0.22778229,0.34084421,0.48508576,0.109097,0.20455161,0.18203381,-1.3680116,-0.005658759,0.50433421,0.035598479,0.17474863,0.51763058,1.066714,-0.30741203,-0.72935456,-0.44421297,0.062842704,-2.0178194,0.37774619,0.3239111,0.34942037,-0.6928885,-1.333352,0.324909,-0.54816896,0.13796605,0.1235278,0.014094681,0.83272189,0.039265096,0.32504848,0.4623993,-0.020441266,-0.007423386,-0.32928151,-2.1395144,-0.65524906,-0.8503738,-0.12327287,-0.75543702,0.28464633,-0.059421085,-0.27919537,0.093248636,1
0.61749113,0.33701456,0.2797271,0.59784347,0.59522504,0.61342549,0.59473938,0.58443552,0.59323055,0.59214371,0.59512556,0.59106094,0.59564286,0.57224727,0.59874094,0.58092183,0.58964598,0.61607003,0.60488057,0.58623552,0.58978146,0.59680396,0.58687514,0.59048307,0.60039753,0.59273756,0.60341913,0.58871949,0.59742975,0.59640962,0.59275043,0.59530437,0.58475661,0.59062386,0.59771866,0.57431519,0.57876027,0.5980612,0.57785648,0.58665729,-0.65137923,0.26108396,0.43517864,0.57516158,1.5106024,1.6597804,1.3731265,0.80035365,0.90463865,1.7320552,1.527076,1.2822963,0.19342342,-0.12930469,-0.02293729,-0.38001436,0.45814872,0.30203417,0.35090095,0.21652801,-0.66321415,-0.066495672,-0.38127398,0.21670584,-0.40157089,-0.081986099,-0.12063808,0.83147991,0.37558049,1.3156919,-0.18817514,0.18306878,-0.88790703,-0.14278674,0.078741089,0.61405373,-0.69530594,0.51453197,0.24996842,-0.90007913,0.088680327,-0.71952385,-0.52524537,0.80519694,0.57281077,0.89865851,0.037597086,-1.7435303,1.2758989,0.14456077,-0.79196477,1.1060909,0.3842212,0.36578152,0.19607708,-0.21113721,0.053273439,-1.150107,-0.092459343,0.71546602,-0.40290707,-1.0092816,0.062234625,0.82360268,-0.43851554,0.18798529,0.052227318,-0.066904888,0.22715509,-0.013173014,0.1451228,0.88578647,-0.25917605,-0.62374532,-0.57848287,1.0271157,0.6887958,-1.4246793,0.73879278,-0.72975987,-0.35140091,-1.6672895,-1.6948519,-0.069950387,-0.16991426,0.076672271,-0.24499631,0.22984669,-0.24058646,-1.1678256,-0.96414751,-0.13220656,0.91930425,-1.2720675,-0.53293955,-0.54329377,0.010369077,0.37668183,-0.38977262,-1.5915864,0.98976064,0.41185251,1.1717668,-0.31708181,0.4036397,0.28238043,-0.074644089,0.39264369,-0.033044353,0.66169775,-0.046955258,-0.24212404,0.18902287,-0.57705235,-0.54245698,0.12469764,-0.9436636,-1.6602076,0.55498737,-1.0356253,-0.028937692,-0.52932703,0.44802368,0.57177871,-0.39119357,0.1622515,-2.0562398,0.70901251,-0.16454694,0.056020796,0.38663799,-0.45158499,-0.15937167,-0.33445358,-0.36110592,1.2671036,-0.99202263,0.13406149,0.45493487,-2.8811438,-0.28940076,0.34335819,0.054832205,-0.81736118,-1.6491811,0.23825882,0.24920729,0.37438563,1.0075388,-0.70754516,-0.15009439,0.080291823,0.15340309,0.083018966,0.55303305,-0.001015157,0.18452559,-1.273578,-1.7248347,-0.64932489,0.29048094,0.3219713,0.39692542,-0.40078735,-0.42242497,0.10948867,1.4799007,0.30346742,0.17138065,-0.41010082,-0.41214156,1.0766736,0.09871693,0.25575179,2.3765171,-0.17341653,-2.8102119,0.17272025,0.85815132,-0.049681097,-0.052755136,-1.4687223,0.18556854,-2.0714202,0.34734142,-0.86383367,0.88827157,0.15747188,-0.61928606,-0.12074138,0.19992548,0.96298808,-0.27629867,0.051529124,-3.2959833,0.42672566,-0.34756958,-0.1735983,-0.26117945,0.61667681,0.72871828,0.1194096,0.033344835,0.70172322,-2.8731761,-1.229308,0.35409606,0.35414508,-0.43672997,-0.14461619,0.27788252,0.62751579,0.05434563,0.2107565,0.25037447,0.69254911,-1.3463314,-0.32673201,0.61209923,0.006196734,0.37975538,-0.18365942,0.54978454,-1.2020569,-0.31334457,0.26526955,-0.020451754,0.41521016,1.3115299,0.35622054,-0.24838889,0.1333347,-0.40931249,0.43853536,0.7449587,-0.36947933,0.13290909,1.349519,0.060683597,0.3826324,-1.6628404,-0.12906344,-2.5141315,0.94663823,-1.9993887,-0.35567975,0.071281567,-0.72127753,-0.63316149,0.35231876,0.62518555,0.63001788,0.57412016,1.103865,-2.0445962,1.2696126,0.28151831,1.1843624,-0.006843004,-0.97289443,0.034923501,-1.1943406,0.64781493,0.40278363,-0.75063419,0.8047241,-2.9024224,-2.066813,-1.8245058,-0.40216389,1.1457618,0.9450531,0.26826113,-1.549904,0.8030442,-1.5973439,0.14524533,0.93851024,-1.164965,0.18436626,-0.012330039,0.5830667,-0.50347513,0.42381501,-0.2133823,0.48172483,0.039277859,1.0165629,-0.004393544,-0.070614375,-1.1833091,0.32653543,0.5761928,-0.73254108,0.73856878,0.41499251,0.41803873,-0.51785588,0.85616875,0.078904569,-2.1313357,-0.81431067,0.11971378,0.51015151,0.20191862,0.86932528,-0.1540564,-0.37034386,-0.44658434,0.15113826,0.44512191,-0.11480296,0.21289176,-0.29135612,0.18469277,1.139636,-1.8742664,0.22303557,0.23937672,-0.70574111,0.20987949,0.61334467,-2.1783543,-2.4943967,0.10257986,0.55151361,0.10841117,-0.22334865,0.90441406,0.42070377,0.77925634,0.14987245,0.24618465,-1.607833,0.14575672,0.039071325,-0.008656517,0.001326561,0.19389769,0.27707231,1.5041029,-1.678838,0.059540458,1.8647935,1.49617,0.46935415,-1.2378932,-0.29228565,-1.4108362,-0.077504344,0.27952006,0.50673521,1.127561,0.71272677,0.2153424,0.55797017,0.300055,0.67008817,0.57285255,1.6463695,-0.96282828,-0.23215437,0.69663572,-0.78724909,-0.32255864,-0.059069432,-1.4426557,0.28107989,0.010955082,-0.39284521,-0.14131571,0.70659041,0.47344154,-0.10012037,0.57164532,-0.16054897,0.60223722,-1.0807042,0.80108309,1.1375588,0.30775633,0.21985273,0.6619451,-0.046881437,-0.34800169,-0.97114211,0.56870878,-0.59422445,0.14296831,0.41390228,-0.28129703,-1.2183676,0.24225771,0.32162011,-1.2547292,-1.8137327,0.90038538,-0.92626125,0.24439265,-1.9162195,0.4347651,-0.16069341,-0.92977476,-0.56819981,1.2570797,0.1643914,-1.8874934,-1.6542654,-0.38203368,0.092083722,0.63283092,-0.003902057,-0.010536188,0.55716634,0.14321145,-0.015017167,-0.022332892,0.30333298,0.54262662,0.038147196,-0.10094884,0.16857314,-1.3927286,0.068211854,0.83649051,0.22858992,0.085297026,0.8144967,1.9865656,-0.43423554,-0.95637143,-0.58069038,0.089725077,-2.0911093,0.076289743,-0.39061916,0.33833101,-0.74714291,-1.7646501,0.48937666,-0.49910983,1.0334568,0.13627681,0.12167312,0.69634771,0.11937562,0.38341773,0.57623106,-0.068187758,-0.25942615,-0.87814307,-1.7793288,-1.0969654,-1.3678888,0.031626854,-1.2195907,0.33754489,-0.233487,-0.44282266,0.057240833,1
0.63201499,0.37201148,0.31678629,0.57461429,0.57651639,0.5826565,0.57718396,0.57629097,0.58172065,0.57849509,0.57805175,0.5680927,0.58284825,0.56670964,0.58501196,0.57081527,0.5855028,0.59963685,0.58249331,0.57873166,0.579705,0.57870328,0.57318449,0.57462049,0.57564968,0.57562459,0.57839525,0.57661319,0.57903945,0.57870179,0.57604706,0.58007061,0.5666092,0.57821298,0.5788933,0.55891454,0.56977201,0.58481538,0.56009823,0.57296354,-1.0235966,0.3024914,0.55348665,0.59105933,1.4867655,1.8294327,1.4783013,0.86995673,1.0117662,1.7952814,1.5641444,1.3585188,0.46365234,-0.21910499,-0.53524089,-0.43587369,0.72437429,0.4476887,0.43841201,0.3553302,-0.84210825,0.023352915,-0.74998951,0.26072827,-0.93608135,0.022998072,-0.15913299,0.61283207,0.16902465,1.2316532,-0.16724862,0.27915028,-1.2338593,-0.25503826,-0.076946363,1.0236776,-1.3144535,0.56810325,0.10312104,-0.98369175,-0.14080513,-1.2952567,-0.59000224,0.3082543,0.93734515,0.63574803,-0.11208589,-1.8271983,0.58238792,0.15037294,-1.2673965,0.84324145,-0.00366202,0.060826238,0.41852534,0.00371629,0.20915632,-0.24595128,-0.01577305,0.65830535,-0.81397307,-1.0583943,0.05317536,0.52581048,-0.41389155,0.35093182,0.1592637,-0.2098555,-0.062125213,-0.27916259,0.30072579,0.67116642,-0.17912593,-0.32419968,-0.31870592,0.034132019,0.14837477,-1.1233298,0.3725273,-1.0607691,-0.3993434,-1.8235574,-0.8681429,-0.12440032,-0.63620412,0.22967413,-0.39174998,0.047267839,-0.066893056,-0.21407938,-0.77977407,-0.7739079,-0.18262869,-1.0667536,-0.16282025,-0.004817069,0.056378163,0.057452977,-0.43326712,-1.5581864,0.52967173,0.59223402,0.79166472,-0.2031475,0.49885693,0.35179985,0.000444561,-0.51964891,-0.43092078,0.23233622,-0.60373181,-0.18603019,0.45023555,-0.2569665,-0.80452424,0.055927157,-0.49539629,-0.48417336,0.2839714,-0.37179285,0.048917193,-0.99821126,0.78894639,0.76143378,0.15932417,0.00686059,-1.6585518,0.28046295,-0.08141309,-0.11413986,-0.077945262,-0.52006191,0.10398296,-0.16186057,-0.69439602,1.0338451,-0.85517508,0.18367624,0.32326764,-1.227437,-0.19253963,0.20656405,-0.10986656,-0.38635057,-0.86412299,0.41444951,-0.14143547,0.45215088,0.79201674,-0.86917365,-0.18849877,0.095464744,0.21673965,0.093336016,0.46797618,0.083569705,-0.40282422,-1.2686613,-1.8227364,-0.85278279,0.32221437,0.44252115,0.37134075,-0.41064721,-0.43668553,0.029530153,1.5330522,-0.17392406,0.084877208,-0.14545023,-0.20858388,0.79489625,0.18938974,0.32949254,0.88246024,-0.1292806,-2.0784292,-0.12826023,0.40063518,0.067058384,-0.10484489,-0.58078635,0.014139801,-1.4666268,0.143843,-1.3396595,0.24328078,0.27097377,-0.93958825,0.012073243,0.045860827,0.46314228,-0.16061075,-0.29291028,-2.4693968,0.20324318,-0.89602995,-0.017052539,0.060209006,-0.061576113,0.58654606,0.13769841,-0.25531012,0.53016585,-1.3908402,-0.90596271,-0.29114956,0.40429369,-0.51579797,0.12708636,0.14423358,0.39968684,0.065969162,0.40538016,0.48871827,0.68094355,-0.97976273,-0.37257963,0.58914113,0.090458155,0.2258624,0.011743147,-0.23106074,-1.350943,-0.39657813,0.15315402,-0.52600682,0.3945719,0.9922322,0.45737123,-0.57481521,0.23459338,-0.37477243,0.55012012,0.42531973,-0.41465658,0.054642372,1.7364001,0.12726912,0.20694306,-0.88313711,-0.24169996,-1.8000132,0.98483902,-1.1349834,-0.18468414,-0.22117785,-1.5981944,-0.40651226,0.18271923,0.2934705,0.476116,0.47496819,0.30858725,-1.8326999,0.96946073,0.15045515,1.1161005,-0.096685097,-1.2754589,-0.027510792,-1.0718154,0.63863456,0.08982408,-0.91783124,0.19039257,-1.7081026,-1.5834508,-1.4335321,-0.41672865,0.47053799,0.46190983,0.39257818,-0.91355419,0.87123382,-1.0045881,-0.1935436,0.40800345,-1.0044718,-0.14074457,0.062411405,0.47436297,0.072434314,0.35015902,-0.19957244,0.51802528,0.078155443,0.57004333,-0.025434721,-0.13225056,-0.71241277,0.53041613,1.0409847,-0.40951142,0.68901187,0.50320995,0.4310002,-0.64305204,0.37774625,0.029230177,-0.8669591,-0.61377847,0.1379894,-0.039257407,0.082781881,0.73755461,-0.26683176,-0.5681513,-0.65095425,0.027333802,0.48072436,-0.18902463,0.051338818,-0.4106693,0.18369848,1.0478071,-1.0103356,0.16208431,0.36577374,-0.70714986,-0.058389805,-0.34762612,-1.2267656,-2.0555208,-0.25668904,0.71249259,0.057247736,-0.12539077,0.75858676,0.16531327,0.55807805,0.33305871,-0.15262054,-0.54871082,0.30072802,1.3505694,-0.15635264,-0.50130671,0.22487897,0.22026035,1.2053246,-1.6439452,0.000135275,1.3328288,1.7679297,0.39942706,-1.5616318,-0.23496056,-0.49415427,-0.23947647,-0.043060981,0.19650862,0.76747298,0.45427126,0.4816896,0.16838531,0.21327345,0.9815616,0.6966148,0.97680891,-1.0717133,0.221349,0.10423872,0.13734792,-0.3872098,-0.15792584,-1.6940444,0.44579628,0.096590362,-0.32133117,-0.20148282,0.16520378,0.16561449,-0.67852122,0.19092059,-0.27684864,0.23149642,-0.066075414,0.39750519,0.75908196,0.28146556,0.082470387,0.64607424,-0.12533948,0.065672345,-0.97538698,0.3434568,-0.87224829,-0.12418771,0.67648917,-0.90656412,-0.52587861,0.53542459,0.30564389,-0.50509453,-1.260609,0.5731737,-0.69957346,0.11112721,-1.8929942,0.33953333,-0.23677051,-0.57199103,-0.51300454,0.99291241,0.38636547,-1.8108573,-1.1500102,-0.46591544,0.002732377,0.29789472,-0.10569376,0.1396217,0.26477718,0.30306345,-0.17595573,0.25010142,0.37994674,0.30034146,0.012023956,-0.29023719,0.25496364,-1.5526698,-0.024526775,0.31500614,0.013077473,0.20550875,0.6703108,0.99417251,-0.35688975,-0.90402693,-0.42222416,0.15785679,-2.0455711,0.45831406,0.24789213,0.47587299,-0.74036914,-1.3135135,0.26387432,-0.6404444,0.16301957,-0.047869511,0.056426764,0.49774158,0.1177248,0.41356999,0.29518646,0.071445964,-0.059574209,-0.26458901,-2.2703557,-0.62181729,-0.80494851,0.13329774,-0.83652872,0.37415308,-0.10071876,-0.25403869,0.11342846,1
0.59408927,0.33545133,0.26196045,0.5696435,0.5596503,0.58357269,0.56752253,0.55583996,0.55884314,0.56766361,0.55339646,0.55995333,0.56417352,0.53557032,0.56859416,0.55733198,0.55483592,0.57753015,0.56746131,0.54441762,0.52775991,0.55352068,0.54460627,0.55192786,0.55301112,0.55199784,0.56318367,0.54930031,0.55101144,0.55628228,0.53848296,0.54190516,0.53229749,0.54071957,0.55057651,0.52772903,0.52862817,0.53185284,0.51946402,0.5337503,-1.0804232,0.24382855,0.46394521,0.52085245,1.3743415,1.8038605,1.4465454,0.77429366,0.89509791,1.6879015,1.4540939,1.2399564,0.58489668,-0.12960406,-0.36915338,-0.34305489,0.9144839,0.61414719,0.46787554,0.50505114,-0.89705938,-0.037447304,-0.61464906,0.41473314,-0.79656327,-0.16727105,-0.22256671,0.51637441,0.1678312,1.3849946,-0.26166871,0.34223858,-1.3078988,-0.089113511,0.003280249,1.1002133,-0.99866259,0.94756913,0.27603197,-0.97149259,-0.10538963,-1.3890595,-0.64235467,0.55282307,1.1179833,0.57015055,0.041734666,-1.9090941,0.58394688,0.14604722,-1.1832236,0.51231289,-0.026093148,0.1808513,0.78391087,0.051194429,0.20801584,-0.52710724,0.17943951,0.76966256,-0.64462507,-1.2589768,0.065942451,0.56328094,-0.28159964,0.2714704,0.13761196,-0.2001586,-0.13153325,-0.26178864,0.44060248,0.7524662,-0.10048529,-0.58259451,-0.70263541,0.19646586,0.5511626,-1.1949199,0.46561235,-1.1788515,-0.32421708,-1.9459935,-1.192395,-0.10459729,-0.75709093,0.14292268,-0.4359414,0.093399815,0.009061091,-0.23941778,-0.85777193,-0.55063641,0.125503,-1.2799876,-0.12867314,-0.21605361,0.14974366,0.098256767,-0.45498753,-1.8797969,0.53660715,0.59227049,0.84586871,-0.19864093,0.56736374,0.44530877,-0.05644533,-0.30316159,-0.47740525,0.43937135,-0.69387114,-0.1969353,0.65552807,-0.41268313,-0.89305598,0.028921045,-0.65775591,-0.67964011,0.19832548,-0.42590731,0.21026662,-0.67181444,0.59514058,0.75652802,-0.008853547,0.13634208,-1.7302872,0.5610379,-0.12429695,-0.19210538,0.036550153,-0.57737476,-0.089776978,-0.14719774,-0.75852537,0.98929095,-0.6560427,0.16542426,0.55758649,-2.0018504,-0.097618468,0.30598521,-0.23381145,-0.52091837,-1.0362142,0.47727537,-0.001976878,0.33468667,0.9319374,-0.90168893,-0.181844,0.15267383,0.024667207,-0.026464194,0.37172365,0.049502999,-0.29188433,-1.439592,-1.8704417,-0.80886358,0.33222127,0.56639349,0.17723095,-0.39432886,-0.46148759,0.038929202,1.4825248,-0.004766982,0.067207202,-0.3388114,-0.3433499,1.0031996,0.31497592,0.42394871,1.1649495,-0.29095662,-2.2394781,-0.26055136,0.38958696,-0.11769535,-0.11577122,-1.0808356,0.032422557,-1.5637782,0.28102115,-1.3870574,0.46950185,-0.10819302,-0.95736861,0.10960045,0.19521356,0.6814127,-0.083269119,-0.24195191,-2.9239213,0.27110213,-0.74020922,0.032465398,-0.13166182,0.14810371,0.60182279,0.077499457,-0.12916133,0.36595738,-1.9736948,-0.85579902,-0.37832069,0.39794159,-0.32528746,0.16075182,0.17328909,0.60881352,-0.064214736,0.35748759,0.48176563,0.84373581,-0.90276873,-0.18023238,0.57706475,0.066538185,0.14148161,-0.058983691,-0.375507,-1.2524866,-0.58160794,0.21738881,-0.44397032,0.15464392,1.0063913,0.42757371,-0.44214278,0.29244477,-0.42946494,0.49066997,0.45279327,-0.4311105,0.091286801,1.5763564,0.12640087,0.27781621,-1.1250193,-0.33133435,-2.0360081,1.1471148,-1.5157557,-0.1445765,-0.21755852,-1.5126227,-0.28631136,0.15444273,-0.037175149,0.25031906,0.46726754,0.33517599,-1.9153322,1.0540981,0.21948248,1.1050733,-0.16414523,-1.2997131,-0.13326621,-1.0671514,0.73978776,0.054525986,-0.97680491,0.4255273,-2.091665,-1.6779522,-1.5211178,-0.5402081,0.39246923,0.3990595,0.49696571,-1.1494799,0.99921858,-1.3004966,-0.26573396,0.38615733,-1.3934133,-0.036432534,0.074014641,0.53322345,-0.055219643,0.30785269,-0.28918621,0.43987247,0.067823701,0.79183543,0.22663093,-0.16987073,-0.85247755,0.7338655,1.136857,-0.66447192,0.61098665,0.57965809,0.51416016,-0.76499343,0.67052305,0.33518463,-1.1122712,-0.69762886,0.18126646,0.076810718,0.078662336,0.9389503,-0.44051361,-0.59459603,-0.57584393,-0.051366493,0.42133856,-0.22390825,-0.12699312,-0.46467644,0.29708833,1.0068642,-1.2897401,0.20593315,0.37692511,-0.7667172,-0.19247727,-0.14147821,-1.610937,-2.231858,-0.22612602,0.88556504,-0.027394548,-0.35970315,0.65381825,0.21466929,0.63704962,0.51390082,-0.24051651,-0.7142275,0.414276,0.047012657,-0.32173198,-0.45722955,0.21340188,0.28171781,1.2753329,-1.8518488,0.000417802,1.5890688,1.6423206,0.52983177,-1.4201566,-0.40348297,-0.7533167,-0.2460324,-0.01179783,0.28378367,0.86382502,0.52740502,0.42040437,0.074606232,0.19956204,1.0138359,0.70063752,1.1254724,-1.060811,0.25778651,0.30654073,0.16399322,-0.49861568,0.19014956,-1.8029975,0.54733801,0.053886242,-0.43883866,-0.20334455,0.16930041,0.1762916,-0.8251065,0.37954825,0.044074818,0.081740238,-0.282938,0.51300329,1.0693752,0.3037293,0.26006582,0.67128813,-0.012144595,-0.27668834,-1.0771366,0.22018231,-0.88814873,0.11880571,0.68368632,-0.85439777,-0.39912483,0.49039489,0.45100278,-0.7535845,-1.3649333,0.59504694,-0.62939501,-0.080676131,-1.5987995,0.26346469,-0.052365951,-1.0824937,-0.67553985,0.94384485,0.5199312,-2.1808772,-1.3451194,-0.5011816,-0.077899754,0.33271319,-0.10565633,0.22127768,0.53743458,0.46158183,-0.22166893,0.27125487,0.35017952,0.33033079,0.19093014,0.02694948,0.27079117,-1.6649823,0.49922496,0.46854937,0.15416877,0.038712353,0.63864392,1.1038699,-0.47875375,-0.89848888,-0.51667172,-0.11642168,-1.9819694,0.34386262,0.3417033,0.52094203,-0.9200713,-1.483353,0.23113771,-0.43587267,0.15481009,0.032019325,0.042333029,0.58914918,0.22502226,0.45752943,0.45378563,0.03393428,-0.24928869,-0.47196823,-2.4443045,-0.70129699,-1.1233807,0.3773818,-1.1539048,0.14783759,-0.14133912,-0.36083144,0.31017032,1
0.611274,0.37322754,0.31496051,0.56405675,0.55994129,0.58175707,0.55180001,0.55110162,0.56762862,0.55547029,0.55287951,0.54989469,0.5432269,0.52772582,0.5633958,0.55122423,0.54123425,0.5702135,0.56722629,0.52935833,0.52569067,0.55293417,0.52774394,0.53810108,0.55334067,0.55053049,0.56431031,0.55428517,0.54406118,0.54809272,0.53405392,0.53688425,0.52699834,0.53515708,0.54116988,0.52397001,0.5135802,0.54358649,0.51330417,0.53355587,-0.87395883,0.29627684,0.33721328,0.47279102,1.2788037,1.6497793,1.3178614,0.66533434,0.78499317,1.568342,1.3580751,1.1248293,0.44878632,-0.12837151,-0.22701344,-0.3565526,0.72274703,0.42470554,0.34398186,0.34671313,-0.6658473,-0.044723574,-0.49420416,0.3687751,-0.43661523,-0.044043515,-0.19138452,0.55572617,-0.01752454,1.3082629,-0.2299895,0.19156721,-1.1345872,-0.14138664,-0.004668211,0.91267604,-0.8517828,0.68080848,0.17390746,-0.8375684,-0.070411094,-1.0985188,-0.55892777,0.43616024,0.92222071,0.58545315,-0.013007803,-1.5584636,0.69938374,0.097535476,-1.0024928,0.42543101,-0.014631279,0.20344014,0.68559223,-0.025325023,0.28123146,-0.3059909,0.13727239,0.63418722,-0.62517762,-1.0681473,0.027092617,0.53676492,-0.30471957,0.1490391,0.12126722,-0.18261102,-0.15974912,-0.15854776,0.30077603,0.63704014,-0.2018746,-0.28284466,-0.4827289,-0.13298723,0.40200126,-0.94706362,0.38223854,-0.95146173,-0.28896362,-1.5973138,-0.87161559,-0.084913641,-0.59054977,0.48865575,-0.30382776,0.054815091,-0.064279974,-0.24282041,-0.59745783,-0.65465802,0.1114459,-1.0966667,-0.14825247,0.078834966,0.039678097,-0.012586862,-0.42636478,-1.7011199,0.44455904,0.41159272,0.78962505,-0.14618109,0.46354538,0.3244226,-0.10776472,-0.16422841,-0.3131617,0.29115605,-0.78336269,-0.038013853,0.48621744,-0.12696691,-0.70430732,0.17225572,-0.55823994,-0.28787979,0.24946845,-0.39815527,0.091118366,-0.65861994,0.61685157,0.68972093,0.094891772,-0.023720093,-1.4731987,0.67205256,-0.12386593,-0.12934101,-0.067093477,-0.51350391,-0.073338717,-0.14191504,-0.6549328,0.9869799,-0.71992916,0.12271692,0.42242786,-1.4792837,-0.15050372,0.28139061,-0.047389463,-0.55034649,-0.73727018,0.44010538,0.20535269,0.28387511,0.83947271,-0.77771753,-0.22588819,0.057738099,0.35097438,0.19030419,0.25269097,0.14217819,-0.13020596,-1.2301066,-1.4744614,-0.70288193,0.23505078,0.72642064,0.15748215,-0.37000254,-0.34154797,0.026631318,0.86059815,-0.12945697,0.067102984,-0.2341232,-0.2373901,0.95845985,0.17608584,0.28151876,1.2954335,-0.15645283,-1.7612838,-0.1138533,0.46447849,-0.043918625,-0.092135057,-0.7958582,0.10629301,-1.1695259,0.20913148,-1.1821588,-0.01802665,0.079035021,-0.80323577,0.19647034,0.013730377,0.44226393,-0.15832397,-0.35432309,-2.4650614,0.31569999,-0.38405657,0.012026787,-0.052358776,0.19964334,0.29711574,0.11740409,-0.18897472,0.67120999,-1.5777541,-0.70625436,-0.40353841,0.4277136,-0.40871981,0.13756546,0.14869538,0.45200464,0.036680885,0.35819304,0.50009578,0.73193908,-0.794469,-0.19040053,0.54126215,0.004079778,0.26003048,-0.096387357,-0.16417781,-1.1513472,-0.43787256,0.14263646,-0.18150218,0.034545898,1.0861597,0.30070668,-0.41572279,0.23337241,-0.34754869,0.59202343,0.50036144,-0.39264807,0.026243977,1.4934658,0.080655202,0.17878184,-0.79562581,-0.18627222,-1.7710234,0.74173087,-1.1893014,-0.092742264,-0.072055511,-1.5387295,-0.10663702,0.11153608,-0.1013706,0.4513824,0.30615255,0.39690897,-1.7263374,0.78134429,0.072596334,1.0921965,-0.081894562,-0.96089399,-0.070886008,-0.85564792,0.5108695,0.098674461,-0.79815102,0.36049452,-1.6756557,-1.3738627,-1.2323047,-0.46253008,0.47227126,0.58637935,0.32844621,-0.91741228,0.84087831,-0.85284096,-0.33014476,0.31518829,-0.9816438,-0.026062516,0.014986628,0.44921893,-0.067406349,0.35838896,-0.18092576,0.35693446,0.012973127,0.091783524,0.075805299,-0.15233707,-0.68613392,0.51296782,0.93110728,-0.42402282,0.53978711,0.44261038,0.47081754,-0.69250035,0.74337888,0.2689983,-0.86240041,-0.48974615,0.098838896,0.045421474,0.17972901,0.78814054,-0.38249561,-0.44194067,-0.35567716,-0.071256012,0.45890117,-0.18352108,-0.043230869,-0.36501431,0.11222727,0.97968447,-0.95821434,0.12908755,0.36590707,-0.62385672,-0.053788215,0.089557976,-1.3120402,-1.757512,-0.32566628,0.66665232,0.052105203,-0.28807175,0.51841789,0.18824275,0.58626109,0.34990126,-0.18921487,-0.44588462,0.27739578,0.10733282,-0.2778362,-0.40475577,0.12027434,0.1215148,1.1248378,-1.448949,-0.000831151,1.4774717,1.383356,0.49227396,-1.1578439,-0.27353859,-0.54384029,-0.14572582,0.072175466,0.1083782,0.86978352,0.84365445,0.3814238,0.14422545,0.23749357,0.77572143,0.63083071,1.0968267,-0.74085259,0.19542235,0.33972642,0.038772203,-0.25623786,-0.1823861,-1.4953918,0.34903607,0.022321748,-0.29336205,-0.11100832,0.35933065,0.18185426,-0.5611524,0.25247937,-0.14914873,0.41181698,-0.081934787,0.50081176,1.0259895,0.22204022,0.072473697,0.55420852,-0.070734143,0.063854769,-0.93785596,0.25290751,-0.73159349,0.10571069,0.76993418,-0.44385737,-0.30251464,0.30054116,0.26705623,-0.41523564,-1.0010643,0.53933847,-0.39644539,-0.036642276,-1.2702523,0.18144098,-0.19813877,-0.9144879,-0.47609794,0.92411202,0.28057739,-1.7841647,-1.0385967,-0.37021825,-0.02905418,0.28803638,-0.041110154,-0.005148046,0.42779243,0.27705014,-0.22537556,0.2833077,0.38573441,0.27998874,-0.031703204,-0.006332718,0.2597838,-1.3306838,-0.041275837,0.37424853,0.18201372,0.1644505,0.41950119,1.0647333,-0.43252152,-0.76364338,-0.42940268,-0.006065726,-1.5918736,0.27914858,0.3219766,0.38028264,-0.5441649,-1.1686625,0.29769123,-0.18219969,0.25038809,0.038744941,0.005586594,-0.097175539,0.12564625,0.34484029,0.34493196,0.042394195,-0.1164382,-0.43167657,-1.9556507,-0.62744534,-0.76947087,0.14506304,-0.77870077,0.15150231,-0.072301514,-0.38453102,0.18006939,1
0.60970658,0.35983589,0.3093257,0.58789575,0.58019769,0.60334086,0.57664633,0.57457149,0.5802089,0.57357943,0.57354867,0.57268047,0.57418269,0.55029815,0.57446909,0.56468618,0.57502747,0.59484756,0.58198035,0.55874932,0.55820441,0.56216079,0.56151474,0.55983251,0.57057381,0.55790633,0.56969386,0.56063485,0.56876105,0.5602712,0.5480302,0.56318778,0.5464834,0.55293679,0.56503028,0.53204316,0.53201497,0.55305749,0.53824574,0.54548085,-0.85195136,0.2893562,0.38901752,0.49929562,1.3973299,1.723958,1.3697261,0.73690248,0.84297919,1.6533914,1.441282,1.2029294,0.53079027,-0.11893572,-0.21167493,-0.32037061,0.81950951,0.50581896,0.37213901,0.46715289,-0.65055019,-0.05582241,-0.53071952,0.41496974,-0.61688435,-0.025007617,-0.20720874,0.41077924,-0.15638492,1.4258544,-0.24848118,0.27920565,-1.1712297,-0.1377431,-0.2310255,0.9724344,-0.91665977,0.88143647,0.22351152,-0.87095934,-0.10388442,-1.1564195,-0.51686573,0.43979117,1.0548782,0.49004558,-0.016821504,-1.6593121,0.68836832,0.079639763,-1.0843689,0.62361985,0.022788938,-0.069940135,0.68758559,-0.023245782,0.16040769,-0.28212938,0.25123754,0.70666051,-0.55832851,-1.0532008,-0.014596641,0.47298002,-0.33947071,0.093453564,-0.023984285,-0.21825439,-0.085447907,-0.20931348,0.080369025,0.61277008,-0.14778212,-0.51909518,-0.58526564,0.14147252,0.40903437,-1.0221957,0.40497315,-1.0762851,-0.29141399,-1.7363205,-0.94851017,-0.070292413,-0.69720346,0.27272812,-0.32349938,-0.025762931,-0.030551068,-0.17524847,-0.68453008,-0.5091058,-0.20285907,-1.0469961,0.10218817,-0.012795955,0.076629549,-0.035250574,-0.42733765,-1.5875409,0.29005626,0.44375715,0.75866997,-0.14410807,0.48418647,0.45918223,-0.087712765,-0.38028425,-0.34875834,0.40305296,-0.61710358,-0.11601414,0.59907889,-0.2487895,-0.71618229,0.044954754,-0.56531274,-0.47656429,0.18123831,-0.23619212,0.17985107,-0.59948194,0.64543682,0.59627604,0.086248234,-0.019665251,-1.5766605,0.68720049,-0.10983246,-0.15577212,-0.027329843,-0.54427421,0.058907628,-0.11027806,-0.59825158,1.0232518,-0.76026165,0.17712951,0.44493622,-1.6491208,-0.046820961,0.24373956,-0.17323714,-0.52636093,-0.81229293,0.44113997,-0.043193817,0.3190634,0.61688167,-0.78263676,-0.21515003,0.08147303,0.20149016,0.20180766,0.39035836,0.084211253,-0.33992285,-1.2927829,-1.6848974,-0.70216048,0.28938678,0.71770304,0.15955143,-0.35172909,-0.3833079,-0.010232449,1.2019116,-0.074174464,0.082208641,-0.040871143,-0.21811073,1.0576503,0.24218775,0.32249695,0.87571633,-0.23529202,-2.0460956,-0.16775674,0.1264095,-0.052982181,0.038254231,-0.81428903,0.12989993,-1.3008181,0.3204965,-1.131511,0.33967727,-0.0409595,-0.83646631,0.17736281,0.12807751,0.39472306,-0.12001994,-0.40141493,-2.4685264,0.32364693,-0.59144938,0.077054083,-0.051650316,0.16640218,0.4290719,0.1154788,-0.18019761,0.64586121,-1.5895824,-0.64137191,-0.44007277,0.4262493,-0.39896452,0.15373416,0.20579872,0.5746603,0.014889005,0.30732635,0.42786813,0.80991572,-0.79551578,-0.14943598,0.54061782,-0.084617108,0.19520481,-0.11475302,-0.24013352,-1.1327913,-0.47763258,0.15899462,-0.35779279,-0.083455503,1.0625517,0.35344496,-0.46019846,0.22558343,-0.21012698,0.28029758,0.49569726,-0.43274599,0.009765111,1.5533009,0.14345162,0.25306505,-1.1306638,-0.32867882,-1.7794305,0.88706565,-1.4138727,-0.057205141,-0.078683183,-1.5220361,-0.073362924,0.078216001,0.039630346,0.19119424,0.45434219,0.46396846,-1.7212185,0.82602853,0.1382501,1.1471063,-0.14727049,-1.0455091,-0.14836505,-0.86662519,0.63832521,-0.034781605,-0.90233809,0.35933372,-1.7569066,-1.2732227,-1.3047725,-0.4085134,0.42618173,0.029603601,0.42166349,-0.93714345,0.95129001,-0.98236859,-0.19506384,0.26316956,-1.1565728,-0.069729172,0.042265598,0.40348911,-0.060299031,0.27806991,-0.21686471,0.4110378,0.045467723,0.30088621,0.17693648,-0.18191645,-0.72467369,0.59205711,0.80225939,-0.55269712,0.46499085,0.5475716,0.44944292,-0.65008283,0.58537066,0.58452702,-0.82947165,-0.59485435,0.1404466,0.008794025,0.181114,0.90586066,-0.41527864,-0.50274646,-0.46645835,-0.053148475,0.33095747,-0.19256702,-0.2489167,-0.40725991,0.23251864,0.9990741,-0.99306393,0.17670947,0.37741172,-0.55480754,-0.077031404,-0.30799776,-1.3788097,-1.9181839,-0.28666028,0.8305012,-0.059811652,-0.26235285,0.73541564,0.095606789,0.60033572,0.42964709,-0.18885964,-0.46027282,0.31251591,0.090403914,-0.32076102,-0.52222908,0.10620429,0.37836605,1.1992924,-1.6008452,0.035952725,1.4821112,1.4441088,0.46443874,-1.2334428,-0.33317399,-0.58255142,-0.24584876,0.13150409,-0.018767416,0.82890362,0.88200736,0.51606345,0.12410469,0.22591677,0.78207773,0.64873779,1.0443867,-0.90685791,-0.030804753,0.25886452,0.2733416,-0.36742234,-0.20122051,-1.6499773,0.43153507,-0.011743788,-0.13053867,-0.10039151,0.092620492,0.2414556,-0.68947113,0.32800466,-0.090646558,-0.1056862,-0.12134768,0.44308457,0.90055561,0.45116851,0.18647698,0.5742569,0.025900364,-0.12206954,-0.97295409,0.30270472,-0.70917618,0.22604769,0.72875613,-0.61484528,-0.32942599,0.23123923,0.14694998,-0.57035661,-1.0287817,0.634583,-0.61681235,-0.066881008,-1.4038501,0.19887885,-0.13543896,-0.85228777,-0.58359045,0.85412604,0.21360692,-1.8075444,-1.2693894,-0.44360656,-0.086393982,0.25970638,-0.02592377,0.073177651,0.41309437,0.41224337,-0.19937834,0.19917455,0.39830744,0.3285836,0.22099054,-0.13632263,0.39138335,-1.4593893,-0.039187238,0.43238261,0.14100598,0.087484516,0.32170066,0.90564448,-0.41544881,-0.87656736,-0.51860863,0.053896233,-1.6709418,0.29503182,0.44449621,0.41352308,-0.72712016,-1.2473778,0.33282506,-0.39282477,0.07808882,-0.019235171,0.017192274,0.085944712,0.24909306,0.31844327,0.3369475,0.079451382,-0.13400511,-0.39251611,-2.1063063,-0.61710882,-0.89722347,0.27183285,-0.91048616,0.14181679,-0.15526965,-0.35169432,0.24902001,1
0.43716174,0.16872017,0.13257253,0.42728025,0.4399713,0.45454878,0.42618513,0.40925092,0.43888599,0.44302815,0.43410057,0.42558867,0.4249703,0.40307671,0.42627543,0.41589242,0.4114143,0.45358181,0.4490419,0.41233376,0.41899472,0.43035513,0.42399824,0.41640165,0.42809987,0.42364448,0.43089175,0.43014988,0.42443055,0.43816897,0.43021485,0.41626358,0.41842908,0.41899374,0.43079528,0.39805049,0.39894894,0.43146461,0.39764518,0.41296035,-0.85925573,0.10142656,0.27742684,0.40863591,1.3003886,1.6441343,1.2620946,0.63398397,0.73544776,1.55802,1.3580511,1.1006713,0.47879523,-0.1334649,-0.33926612,-0.42388347,0.70609111,0.44464809,0.33261347,0.36727399,-0.69040537,0.006382618,-0.69352657,0.29653448,-0.64207041,-0.036385819,-0.20544437,0.44009835,-0.08644259,1.1290737,-0.16342093,0.23571351,-1.07736,-0.15192468,-0.099217072,1.1082033,-0.96149951,0.71473849,0.065963581,-0.88192105,-0.10898302,-1.172905,-0.47557175,0.28797632,0.96938765,0.49684608,-0.068938062,-1.6253529,0.52357358,0.10955055,-1.0239815,0.49912804,-0.019746646,0.019452294,0.70494497,0.3429572,0.2642765,-0.19985972,0.188952,0.63690984,-0.58052945,-0.98747253,-0.022689499,0.44995838,-0.2787362,0.17986713,0.10320351,-0.12870711,-0.028533369,-0.22261527,0.25674433,0.51710808,-0.092647232,-0.29798442,-0.45937371,-0.38266745,0.11173296,-0.86488032,0.32569197,-1.3051385,-0.28329533,-1.6245379,-0.83949751,-0.0411027,-0.69701636,0.22878467,-0.27353543,-0.022850484,-0.042593844,-0.064071238,-0.61787373,-0.68362427,-0.32285529,-0.92754769,0.065466404,-0.007018931,0.12196487,0.08893089,-0.42939317,-1.3982557,-0.070383966,0.46351576,0.66454172,-0.096035078,0.42502746,0.3124527,-0.080527097,-0.7843641,-0.31392598,0.32036352,-0.69091725,-0.19754411,0.48361039,-0.14480174,-0.65133798,0.060834862,-0.48627946,-0.43116361,0.099281013,-0.18518086,0.10879759,-0.77902621,0.37846518,0.68063903,0.1534255,-0.002788758,-1.4349681,0.36659789,-0.042100057,-0.20738813,-0.052626703,-0.47084391,0.042014707,-0.020878859,-0.60679185,0.76293486,-0.69168472,0.15595877,0.20093529,-1.6481026,-0.11737924,0.27859068,-0.076830715,-0.36143127,-0.75483787,0.4938097,-0.000400528,0.49973953,0.63969457,-0.75639075,-0.21105969,0.073479541,0.26670331,0.17675887,0.17599022,0.17183906,-0.10198393,-1.1307334,-1.4606169,-0.6636042,0.28638357,0.47086403,0.006953597,-0.32941523,-0.3506397,0.022876859,1.0874586,-0.15400305,0.060113076,-0.032346249,-0.19562793,0.73572052,0.19493668,0.29046607,0.50373852,-0.13854522,-2.1107116,-0.21037644,0.21656242,-0.026060026,-0.16400653,-0.63466603,0.2163642,-1.1877103,0.21315391,-0.98543632,0.2139568,0.13724031,-0.75604868,0.21197823,0.139764,0.13763562,-0.11312228,-0.62169564,-2.3492918,0.19547704,-0.39959002,0.083991304,-0.093794361,-0.051076904,0.35140461,0.11903182,-0.15276855,0.48035645,-1.3869336,-0.63760376,-0.33274764,0.41115293,-0.36810893,0.1709137,0.14109451,0.38329694,0.007983811,0.32950836,0.42550811,0.66297376,-0.81574667,-0.20174161,0.51903015,-0.056354754,0.17321545,-0.019566052,-0.22414219,-1.0796595,-0.42593092,0.13926709,-0.47595748,-0.11759955,0.79243487,0.39139906,-0.4517059,0.20439294,-0.2492158,0.32769135,0.35835189,-0.33305094,-0.008144498,1.396409,0.13881476,0.30189317,-0.81401461,-0.179361,-1.6829565,0.83025694,-1.2303685,0.036664814,0.005773887,-1.5198574,-0.10573144,0.067140996,0.054950178,0.15489841,0.35672832,0.1428156,-1.5725565,0.61178958,0.30475184,0.93501294,-0.10518947,-1.1173869,-0.12504435,-0.81332088,0.54032516,-0.020593584,-0.79389626,0.21101084,-1.4763249,-1.2966675,-1.1286058,-0.32305285,0.36944142,0.020998478,0.35967648,-0.79042989,0.81900537,-0.9113462,-0.17253928,0.46395802,-0.9483552,0.003288206,0.10843118,0.33988324,0.063656844,0.27249688,-0.15336776,0.44616351,0.048968621,0.13209093,0.14035185,-0.05194382,-0.59415883,0.52733278,0.86366725,-0.37033254,0.55073893,0.42930889,0.49579257,-0.55680692,0.44946718,0.23102038,-0.68409753,-0.53896385,0.14259338,-0.068806395,0.12646046,0.82609326,-0.44153184,-0.45659536,-0.45889071,-0.040078655,0.3513273,-0.14400887,-0.20916745,-0.30187678,0.25749791,0.85252249,-0.95691311,0.15825036,0.36717373,-0.49503762,-0.0893794,-0.1862717,-1.2775539,-1.874613,-0.40403634,0.78265536,-0.083461627,-0.25340903,0.73735845,0.002353668,0.46833196,0.3570241,-0.1026869,-0.35861379,0.25957724,0.075093254,-0.22025052,-0.86506081,0.20533569,0.26618433,0.96041954,-1.5255024,-0.029086236,1.1812688,1.291021,0.40470397,-1.1723971,-0.18864858,-0.36782807,-0.18765789,0.046751972,0.012497246,0.55962598,0.43573886,0.42852363,0.036895812,0.23209193,0.770953,0.69640309,0.81202948,-0.69785267,0.11556077,0.10621467,0.31860691,-0.38300368,-0.18310554,-1.4869857,0.41184911,0.037675813,-0.18513939,-0.18980893,0.11256295,0.15918902,-0.61529142,0.28776398,-0.18998474,-0.087935187,0.031735107,0.24790546,0.73295152,0.25394812,0.14509939,0.51161206,-0.076251201,-0.093933225,-0.82007754,0.27444047,-0.75215405,-0.002677843,0.56691253,-0.59839076,-0.36033598,0.36938146,0.19077516,-0.44271719,-1.0730792,0.51942116,-0.56335163,0.006382962,-1.3851014,0.25497711,-0.18950556,-0.85856736,-0.37437937,0.75564885,0.30912191,-1.6637402,-1.1372259,-0.38402924,0.012573149,0.22095573,-0.079715014,0.069835737,0.36225533,0.34565872,-0.24165398,0.25294816,0.37863871,0.28056821,0.062047198,-0.21721432,0.22018616,-1.2990751,0.044236001,0.25471959,0.073634177,0.21966569,0.40240207,0.63122714,-0.38135064,-0.70923299,-0.44709361,0.11330338,-1.5654544,0.323515,0.45545846,0.41957927,-0.57118702,-1.0357841,0.23343335,-0.38090351,-0.006461933,-0.046206519,-0.020687513,-0.054444492,0.15586346,0.39481211,0.2142498,0.069415517,0.054380238,-0.26873666,-2.0636406,-0.5852977,-0.71577466,0.13477623,-0.75384241,0.22023132,-0.12206256,-0.27189586,0.27004558,1
0.49364865,0.22093734,0.18132174,0.48896325,0.48623142,0.5076195,0.48089173,0.46890467,0.48490727,0.49803308,0.47854483,0.48093095,0.47900358,0.46042526,0.48378938,0.47837502,0.4699204,0.51165122,0.49380168,0.45903295,0.45497397,0.47447473,0.48255283,0.46565127,0.47420812,0.47973537,0.49106067,0.47817636,0.47072989,0.48873776,0.47514969,0.47439569,0.46752509,0.46638036,0.48049513,0.45207125,0.44875652,0.47407961,0.44867265,0.47058961,-0.86016148,0.15105176,0.3619892,0.43093589,1.3438137,1.7256935,1.3456755,0.68494385,0.79966944,1.6125072,1.4098089,1.1620215,0.49444583,-0.13982157,-0.24430002,-0.39682651,0.70444149,0.42625076,0.33925921,0.32113981,-0.59044951,0.028318571,-0.48242542,0.21651872,-0.60680115,-0.18280651,-0.14525466,0.55755371,0.040225983,1.3414575,-0.16763805,0.21612814,-1.1771883,-0.14934564,0.039242871,0.89191788,-0.96265566,0.75619566,0.15815252,-0.89640087,-0.070421189,-1.2244207,-0.61123502,0.41109964,0.90124691,0.55644894,-0.025377136,-1.68267,0.70262891,0.11990743,-1.0479064,0.44655654,0.052544959,0.15510777,0.66264075,0.058089852,0.30978757,-0.23780368,0.26311633,0.59777826,-0.59951258,-1.0907246,0.017595232,0.55884856,-0.28423545,0.33073747,0.02153413,-0.20414039,-0.17820376,-0.25214183,0.41510054,0.90559494,-0.18599448,-0.30257431,-0.69569135,0.29738525,0.39605054,-1.0440829,0.35405666,-0.95685017,-0.2836853,-1.8474565,-0.97697055,-0.021413224,-0.62144959,0.32325312,-0.44220379,0.16223592,-0.050857551,-0.05541794,-0.74908423,-0.5887168,0.026083261,-1.1438621,-0.11443308,-0.050513476,0.16302575,0.15095034,-0.50919533,-1.5557427,0.23722821,0.47347364,0.77235192,-0.17743222,0.48803303,0.30833822,-0.073819727,-0.26795501,-0.41933316,0.38279039,-0.48999825,-0.18797019,0.50180644,-0.21168533,-0.70184779,0.058843933,-0.55469334,-0.62668681,0.27853784,-0.33258715,0.097296499,-0.57959551,0.52827102,0.76972395,0.11190649,-0.077110581,-1.5654219,0.68914688,-0.15913573,-0.14672561,-0.10338309,-0.54835218,0.072338194,-0.18378928,-0.61971945,0.93867815,-0.83973199,0.13230668,0.42937362,-1.5255368,-0.16645241,0.31754467,-0.17484173,-0.42520386,-0.86789083,0.51881117,-0.000571311,0.31074977,0.91556478,-0.81874347,-0.29496425,0.10713128,0.25106406,0.18784526,0.25590855,0.098799795,-0.10728959,-1.2316387,-1.6989163,-0.73956662,0.20918097,0.59806538,0.090018496,-0.31037766,-0.32939589,0.043198131,1.3998374,-0.16259436,0.027665947,-0.14356792,-0.12461407,1.0087827,0.17817777,0.26759335,1.603255,-0.13212803,-2.4033923,-0.1968545,0.39133728,-0.023722488,-0.31572175,-0.74741572,0.050782897,-1.3154614,0.33513421,-1.2601285,0.31522143,0.077073626,-0.83470345,0.16305324,0.050645888,0.60138184,-0.22509062,-0.30012658,-2.4372518,0.30586615,-0.5677982,-0.007905766,0.07563214,0.11246227,0.58317739,0.071946234,-0.2775774,0.50661623,-1.417588,-0.73029953,-0.34871078,0.33191893,-0.37381822,-0.013537928,0.15038493,0.34848046,0.050523482,0.46348715,0.50587058,0.85171026,-1.0425224,-0.21594605,0.34317118,0.075239524,0.23023966,-0.034939889,-0.22556293,-1.1643225,-0.49917462,0.10305851,-0.44600335,0.068788081,0.97898686,0.42017728,-0.488083,0.19464311,-0.38313451,0.46494582,0.44279808,-0.38309279,0.10710348,1.4884771,0.22217143,0.35394499,-0.75745964,-0.16271272,-1.8310013,1.0056252,-1.3445642,0.077347249,-0.13913977,-1.6353023,-0.19280438,0.14481261,0.023946702,0.55526775,0.62868124,0.4733009,-1.7307657,0.96269619,0.16613448,1.0633281,-0.059467509,-1.0896128,-0.097046897,-0.82850301,0.59876484,-0.079316646,-0.88309264,0.28043848,-1.7054472,-1.3311687,-1.4279165,-0.49621758,0.45672402,0.58561081,0.36770964,-0.91235209,0.84029406,-1.0196123,-0.31746584,0.34803206,-1.0633736,0.054503314,0.007088144,0.49723974,0.21394828,0.30513895,-0.099174879,0.58671862,0.081455916,0.6400755,0.21894908,-0.14289835,-0.69989306,0.51447177,1.0369314,-0.58787906,0.74401766,0.42894697,0.59903783,-0.64977229,0.36810845,0.55214471,-0.95560342,-0.49717513,0.075504445,0.053808838,0.16453445,0.7569496,-0.40241387,-0.43046072,-0.3921493,-0.038960017,0.42958197,-0.29008856,-0.12446065,-0.31035131,0.20449474,1.0456657,-0.92462343,0.16610967,0.34062672,-0.64749604,-0.075108252,-0.27930772,-1.4023796,-2.0122633,-0.20261489,0.69697201,0.009750769,-0.23511449,0.65479523,0.18340804,0.49623212,0.39158195,-0.1580433,-0.56920803,0.27106723,0.045322102,-0.36289185,-0.57574129,0.13431695,0.27569905,1.2929776,-1.609539,-0.068218105,1.582423,1.6120697,0.46943027,-1.3302152,-0.27208972,-0.43280822,-0.18859482,0.039563049,0.32236695,0.80169028,0.99260271,0.53660572,0.13781691,0.23912916,0.76654124,0.69701254,1.0057967,-0.96950042,0.27912638,0.3544046,0.15517952,-0.37315115,-0.16828516,-1.554989,0.40157151,0.085518159,-0.33646417,-0.33492488,0.050974548,0.094329514,-0.68906546,0.29048216,-0.25230086,0.19920558,-0.028994761,0.37182006,0.91859627,0.22877282,0.15091981,0.60305846,-0.066700637,0.05679604,-1.0288852,0.20963362,-0.76589227,0.21855544,0.86701822,-0.48602149,-0.36448857,0.42428136,0.41677278,-0.65178615,-1.015574,0.5163427,-0.63803673,0.10359982,-1.3977565,0.28923842,-0.15929656,-0.8560375,-0.52769226,0.85731971,0.40866038,-1.9344671,-1.3088781,-0.40300715,0.026910715,0.31154358,0.008464383,0.075625338,0.42323387,0.31550306,-0.22113432,0.22430106,0.30429444,0.34668869,0.10936254,0.026421681,0.1949577,-1.5613914,-0.051953591,0.45806423,0.095063038,0.08272098,0.58418936,0.9599964,-0.44314733,-0.83730072,-0.45113593,0.13874274,-1.8132229,0.33727807,0.38722488,0.36747053,-0.77348316,-1.3762401,0.22296873,-0.33268565,0.095799163,-0.036589719,-0.012864612,0.50529844,0.11826566,0.37907064,0.34873673,0.073346093,-0.19545949,-0.41193742,-2.1645768,-0.65617394,-0.92349833,0.16412374,-0.79888874,0.17587157,-0.13352787,-0.3347922,0.21551582,1
0.57008535,0.31709668,0.26320574,0.53712821,0.54735792,0.56075621,0.5368976,0.52535391,0.54974627,0.55035502,0.54058945,0.53321195,0.54067373,0.5167681,0.53792036,0.52581871,0.5185867,0.56305742,0.56309867,0.52076608,0.52593118,0.52863908,0.5382548,0.52048361,0.54114568,0.53175002,0.55300343,0.54743111,0.54159307,0.55403763,0.5417459,0.52893519,0.52144009,0.53043127,0.55019039,0.50446391,0.51240575,0.54526722,0.51587278,0.52617848,-0.95341289,0.22987914,0.53307617,0.58497739,1.4268596,1.8657123,1.5144892,0.86539471,0.98413277,1.7701929,1.5474863,1.3333063,0.53576612,-0.14031531,-0.35530633,-0.39224005,0.87253511,0.56025302,0.43242881,0.41918266,-0.88741225,0.030141732,-0.46683213,0.27613044,-0.78008807,0.001091324,-0.17224473,0.64213467,0.037507445,1.1181332,-0.17121224,0.31515181,-1.2688916,-0.14438497,-0.20593376,1.1477579,-1.1440942,0.78418481,0.042727396,-0.93643337,0.057202652,-1.0094652,-0.61013615,0.47118306,1.0896761,0.60735118,-0.05292666,-1.6998564,0.4952223,0.17781986,-1.0569935,0.60312819,0.012798391,0.011167582,0.69439161,-0.068925969,0.36830091,-0.13311493,0.12250842,0.69747531,-0.90970349,-1.0845934,0.020073496,0.54760176,-0.50333363,0.25094718,0.23222409,-0.17756347,-0.012425184,-0.25211129,0.42940843,0.53350198,-0.19748317,-0.32273981,-0.62542963,-0.19454411,0.21126743,-1.0704238,0.39311191,-1.223724,-0.3044109,-1.7981493,-0.90718764,-0.078012086,-0.50304222,0.50760376,-0.4339208,0.088787898,-0.060698077,-0.025744654,-0.77490878,-0.76837087,-0.49683604,-1.1794065,-0.025420412,-0.018756106,-0.075685859,0.091537431,-0.43895963,-1.6878996,-0.076016724,0.58416224,0.79924029,-0.34673363,0.41386634,0.28738284,-0.055094361,-0.67193651,-0.50739062,0.30914754,-0.74725628,-0.25663215,0.57985353,-0.23403898,-0.76019537,0.039775968,-0.54888362,-0.56963664,0.2292479,-0.29730752,0.090912394,-0.71766019,0.79089218,0.86116707,0.19028097,-0.079141647,-1.5584229,0.21604478,-0.092398547,-0.1711659,-0.096285395,-0.56605589,0.17184629,-0.09788081,-0.77991873,0.90180135,-0.80239296,0.14425546,0.36386809,-1.6231674,-0.21293068,0.28643581,-0.1755763,-0.31186953,-0.91765171,0.44911835,-0.025904447,0.46893138,0.89979827,-0.86584586,-0.23330358,0.11123432,0.17169341,0.12950271,0.3995232,0.09552443,-0.370386,-1.3469844,-1.8247225,-0.86007369,0.3659876,0.50878567,0.10874628,-0.42741364,-0.3975215,-0.013688356,1.4041709,-0.30605963,0.027756859,-0.20384194,-0.15348238,0.85598648,0.2183232,0.38616034,0.8100273,-0.24715313,-2.2854633,-0.17907745,0.30204344,0.06186261,-0.092318095,-0.71802855,-0.002672784,-1.3558744,0.32226545,-1.3802125,0.000550687,0.05460817,-0.92677468,0.16879302,-0.1088253,0.2928918,-0.12221237,-0.71843815,-2.429987,0.23702809,-0.79292446,-0.003939375,0.12656137,-0.10364784,0.50250638,0.20344985,-0.29795104,0.4007223,-1.3810368,-0.71488345,-0.38341475,0.38811424,-0.4554376,0.19975509,0.19554296,0.40776682,0.099715181,0.49153435,0.33479744,0.81909192,-1.0828338,-0.19464609,0.43102962,0.004602488,0.19790678,-0.13480668,-0.20281063,-1.1546724,-0.43992999,0.143664,-0.37710822,0.22556216,0.90805364,0.45148599,-0.52410805,0.2258946,-0.39211842,0.44256079,0.42678285,-0.40664092,0.11355081,1.6209893,0.18668555,0.39292753,-0.94968098,-0.29631251,-1.8766644,0.89175177,-1.0664318,0.004048318,-0.23578171,-1.7548047,-0.40882826,0.10333032,0.057695612,0.23101845,0.48934445,0.11084008,-1.7757777,0.92700922,0.17128907,0.99067771,-0.23767269,-1.177896,-0.0912292,-1.065727,0.60751063,0.052592695,-0.99539268,0.21715766,-1.7521148,-1.3984008,-1.3185529,-0.4839803,0.44054228,0.44160229,0.42425182,-0.87450755,0.78783476,-1.0150174,-0.2761896,0.4577865,-1.0424545,-0.193195,0.11372093,0.32945043,0.044791993,0.29082334,-0.2324228,0.38344774,0.081105947,0.070892513,0.064470924,-0.11870027,-0.86336595,0.62191033,1.1892035,-0.50802362,0.6652627,0.49674422,0.38514787,-0.75079685,0.37653801,0.16342178,-0.8081255,-0.53214061,0.1071133,-0.034188777,0.053018719,0.67999673,-0.36012095,-0.616171,-0.49647889,0.061132237,0.49751687,-0.095971771,-0.098279335,-0.33878517,0.27774787,1.0543742,-0.94266075,0.17667983,0.33687833,-0.67522275,0.043067642,-0.32358077,-1.2012241,-1.9027278,-0.42477834,0.80006444,0.12684892,-0.24700865,0.77063072,0.19644396,0.57977265,0.40867898,-0.16285491,-0.42404264,0.38326088,0.071739197,-0.36994788,-0.7615521,0.21801035,0.2405358,1.3372084,-1.6726243,-0.042877,1.5469877,1.9003358,0.44106594,-1.4183526,-0.23117922,-0.40975782,-0.203159,0.058438331,0.034113586,0.70483166,0.56888235,0.67958522,0.044946678,0.24259798,0.93128192,0.71869123,1.0427507,-0.97152722,0.28010437,0.026628137,0.18621054,-0.39397851,-0.18776751,-1.6733587,0.51730371,0.14811818,-0.32592982,-0.21209215,0.03292942,0.17142922,-0.65249902,0.29381073,-0.21968384,0.14992395,-0.078783564,0.35423687,1.0566568,0.258506,0.10364047,0.61494547,-0.10743639,0.037794366,-0.98670572,0.26440188,-0.91578484,-0.046783388,0.7500729,-0.7564162,-0.25554568,0.41714135,0.24920076,-0.48497942,-1.1348811,0.68653393,-0.71863627,0.30900747,-1.4457384,0.29561639,-0.21294007,-0.96261573,-0.56301272,0.93070805,0.33448207,-2.0019774,-1.376906,-0.45472002,-0.000288217,0.22356795,-0.049283519,0.13190061,0.32304159,0.36697039,-0.28718439,0.32734972,0.40947506,0.30702421,0.014482357,-0.52424669,0.22093247,-1.5734614,-0.035093296,0.31627041,0.10335027,0.18981533,0.71601921,1.2860849,-0.35450438,-0.77246934,-0.47413152,0.096005641,-1.7571851,0.40982583,0.41116166,0.48008558,-0.83676875,-1.424093,0.28987816,-0.29452154,0.58703965,-0.15411082,-0.068378218,0.013287872,0.14926255,0.40270042,0.11857569,0.12350043,-0.10675526,-0.2492229,-2.1490901,-0.57952088,-0.86283642,0.16930918,-0.84791201,0.25777614,-0.19858304,-0.38430443,0.15494376,1
0.47614032,0.21166889,0.18504484,0.46921504,0.45827818,0.48719198,0.45622969,0.44336817,0.46371633,0.47298557,0.44151515,0.44241902,0.45013937,0.43574983,0.45051515,0.44641823,0.44165108,0.47685999,0.46912286,0.4194046,0.44385478,0.45876491,0.4551506,0.4326126,0.44615632,0.45238242,0.47623545,0.45526046,0.44276005,0.46720439,0.44302824,0.45253909,0.44084635,0.43571374,0.45538938,0.41108391,0.41971761,0.45132488,0.41389757,0.43672338,-0.8229934,0.17477569,0.35300094,0.40609777,1.2936428,1.6770402,1.3143681,0.6589185,0.77929342,1.5825398,1.4010484,1.1483469,0.46805972,-0.12039415,-0.21763076,-0.24821404,0.69551992,0.43380791,0.37283272,0.30087805,-0.52496886,0.026453424,-0.37425882,0.29559201,-0.46394497,-0.12942472,-0.14361103,0.52580905,0.12800348,1.3274459,-0.13295987,0.24142644,-1.0770687,-0.1206467,0.009379163,0.89259368,-0.87984592,0.73671138,0.30988413,-0.81319737,-0.027303971,-1.0033844,-0.54018611,0.3217842,0.88461804,0.49248815,0.00495306,-1.4751544,0.56532049,0.1419692,-0.87228113,0.53842872,0.037341092,-0.042812541,0.71169376,0.099470153,0.40908659,-0.27572319,0.19157553,0.64356315,-0.57509857,-1.032092,0.014082171,0.47821411,-0.37423742,0.14932573,-0.044827953,-0.18384488,-0.03986533,-0.18776791,0.36162904,0.65550506,-0.11307404,-0.47631538,-0.60464001,0.22752607,0.48208067,-1.0063778,0.36513862,-1.1113002,-0.26156241,-1.6263156,-0.9506579,0.039564606,-0.54644316,0.26304713,-0.47496682,0.030731216,-0.044099886,-0.1886573,-0.61651295,-0.36950707,9.04E-05,-0.977727,-0.062119015,-0.041711785,0.063354306,-0.22563884,-0.39992788,-1.4190543,0.23902512,0.44423428,0.71358907,-0.1461236,0.36447668,0.23608688,-0.010158896,-0.45398355,-0.27220839,0.27102134,-0.52016187,-0.052159175,0.44971925,-0.19382024,-0.69391549,0.020852733,-0.48858714,-0.5031687,0.23762792,-0.36534011,0.16834952,-0.58158565,0.49000028,0.628869,0.072340995,-0.023132766,-1.4392779,0.56587648,-0.082900181,-0.059372276,-0.034767307,-0.4948768,0.02324163,-0.072013438,-0.5946548,0.88867855,-0.67924023,0.17038636,0.41936156,-1.4769821,-0.1624106,0.22599193,-0.13830508,-0.51160878,-0.87217599,0.48535955,0.19166878,0.24706359,0.63985193,-0.66547656,-0.28227755,0.044033431,0.32149604,0.16281027,0.33397371,0.065398321,-0.17244416,-1.1414279,-1.531009,-0.57934606,0.26080844,0.64930922,0.035443425,-0.31071165,-0.24633478,0.072173283,1.2249757,-0.06203207,0.085941419,-0.2233277,-0.22737364,0.8877061,0.12785129,0.30301535,0.65757155,-0.13484906,-1.9477031,-0.15607101,0.37293714,-0.059433486,0.023062937,-0.72627002,0.15697148,-1.2898651,0.36763227,-1.1348393,0.30951744,-0.025500581,-0.76193249,0.14183655,0.14957748,0.57118183,-0.15725814,-0.29581419,-2.4281259,0.26092106,-0.49448755,-0.023661699,-0.05687999,0.19148283,0.42759413,0.12395545,-0.20619808,0.52986813,-1.4603652,-0.68920606,-0.54145199,0.52450794,-0.35087085,0.19157401,0.21690799,0.41779882,0.064389072,0.29337376,0.45014256,0.71662515,-0.84296429,-0.19364971,0.76896256,0.055813171,0.23186898,0.005568106,-0.26908159,-0.99847424,-0.46330205,0.14952067,-0.24786118,0.30469555,0.98553056,0.3084614,-0.37228024,0.22113167,-0.3006165,0.35070178,0.55060548,-0.39490965,0.03049536,1.3956087,0.18263677,0.26157802,-1.0203722,-0.25514218,-1.7418693,0.90586519,-1.2704222,-0.10555863,-0.12587577,-1.604483,-0.13239802,0.16288644,-0.053458527,0.11567789,0.35579634,0.21134841,-1.6337665,0.78220338,0.3115696,1.0874642,-0.088535175,-0.93432999,-0.078915529,-0.88702738,0.52435875,0.017731979,-0.84159881,0.3249912,-1.6598921,-1.2801951,-1.1875768,-0.42765963,0.27833772,0.1700815,0.4071492,-0.80272615,0.8026467,-0.92655802,-0.24303366,0.22027285,-0.98839498,-0.046307988,0.029828053,0.46855515,-0.23998818,0.28311348,-0.12898889,0.40880057,0.091597572,0.55640173,0.18963364,-0.14785059,-0.54235446,0.49132061,0.91454852,-0.51364219,0.50116122,0.55574489,0.5205676,-0.64675432,0.70296681,0.57303292,-0.93299931,-0.57031447,0.046200801,0.095402554,0.19041283,0.69289815,-0.36917412,-0.46137208,-0.3578372,0.017514549,0.5527876,-0.090484545,-0.046629213,-0.28188002,0.24371603,1.0076615,-0.84959149,0.19278753,0.34574795,-0.54646766,-0.071503513,0.038145319,-1.3898772,-1.6847978,-0.28756195,0.64351606,0.016506799,-0.28383279,0.60099483,0.14039698,0.53058153,0.37635189,-0.13195497,-0.37338611,0.26019877,0.057251625,-0.20844471,-0.53906214,0.16856185,0.28956902,0.98808289,-1.5330552,-0.15892066,1.4528432,1.3714942,0.39770529,-1.0872402,-0.26341933,-0.42923892,-0.13588703,0.069008194,0.23992176,0.73205686,0.67225772,0.42327812,0.064090073,0.19430345,0.72170764,0.65379906,0.83136606,-0.78341883,0.17604835,0.22737455,0.05680038,-0.38759345,-0.16662705,-1.483956,0.35511109,0.031877391,-0.30685732,-0.1262127,0.41116181,0.15399599,-0.67281085,0.2625525,-0.20965989,0.11888874,-0.10107097,0.64294863,1.0116237,0.32233548,0.14861143,0.56329298,-0.015761159,0.013931544,-0.90965712,0.21529779,-0.63977563,0.073783919,0.62774855,-0.44818914,-0.37017784,0.35572818,0.26516026,-0.50260174,-0.96042269,0.53719026,-0.5182777,-0.072484791,-1.1498582,0.18829648,-0.048189729,-0.93680847,-0.48238397,0.87988228,0.32962376,-1.7531278,-1.0302436,-0.36575738,0.024888342,0.25516126,-0.034541845,0.082181014,0.41369513,0.25921923,-0.21369644,0.26530346,0.31894132,0.3953858,0.035444781,-0.12250954,0.18635881,-1.3754098,0.054860763,0.41099456,0.10978211,0.19631533,0.44574016,0.79662979,-0.33428395,-0.81436181,-0.46713796,0.1184578,-1.6701087,0.27221707,0.3157894,0.34230223,-0.68559313,-1.1919451,0.3238,-0.28489503,0.10510917,0.039740451,0.016731352,0.37334299,0.22132604,0.35453549,0.45572275,0.075173274,-0.13193448,-0.37341106,-1.9826671,-0.6460517,-0.91781348,0.10556345,-0.84409881,0.13145962,-0.12932932,-0.34921148,0.12364618,1
0.45710966,0.19488651,0.16206761,0.44202322,0.44913504,0.46798748,0.43054646,0.41840357,0.45919442,0.45354047,0.4360069,0.42805201,0.42988217,0.42085737,0.43782178,0.42369074,0.42336959,0.46787328,0.4664591,0.4207986,0.41394955,0.44782889,0.44097507,0.42105144,0.44524366,0.44011509,0.45383024,0.44576961,0.4412469,0.45058745,0.43765986,0.42727977,0.43056321,0.43337822,0.45143664,0.40276292,0.40999216,0.43961781,0.41536212,0.4291141,-0.83942533,0.12889236,0.30129826,0.39201537,1.249166,1.6474004,1.2873098,0.6229496,0.75115693,1.5254496,1.3450401,1.084049,0.42227197,-0.096827857,-0.16280916,-0.28737763,0.56543672,0.37338331,0.34412837,0.29492158,-0.62699139,0.054774143,-0.50486606,0.2420004,-0.42875552,-0.019567929,-0.14088713,0.57276458,-0.001790822,1.3195636,-0.12722379,0.23068963,-1.0367391,-0.1469184,-0.013561081,0.700046,-0.80818963,0.64569449,0.1543096,-0.81550306,-0.001382254,-1.0312138,-0.49572867,0.34989646,0.71170104,0.53024691,0.006089465,-1.524,0.64418101,0.15192635,-0.91570586,0.42218977,0.012720313,0.095196158,0.65974939,0.002398722,0.31439885,-0.27546254,0.22336736,0.51304799,-0.48538798,-1.0159953,0.067325428,0.42615992,-0.26375964,0.14193687,0.013439863,-0.20336434,-0.079960003,-0.19416729,0.37966076,0.61321455,-0.14612219,-0.35853314,-0.49206063,-0.08083719,0.55995065,-0.98000509,0.34880275,-1.1248611,-0.26997358,-1.6167678,-0.8455497,-0.067287087,-0.59469968,0.24564235,-0.35885319,0.095806301,-0.040642366,-0.19013114,-0.61346692,-0.54563242,0.094762869,-0.99307752,-0.1627184,-0.044021159,0.1280472,-0.23908156,-0.43489161,-1.4557304,0.45805511,0.43986258,0.68228823,-0.1397742,0.40344343,0.17744294,0.014562383,-0.28213078,-0.29617611,0.21762785,-0.38543764,-0.15725525,0.42506585,-0.28278908,-0.674532,0.1075142,-0.47288805,-0.47139412,0.22788988,-0.36248472,0.091436662,-0.61902446,0.50081718,0.60159773,0.039767802,-0.023139894,-1.4805107,0.5409711,-0.077154905,-0.17292896,-0.057117455,-0.48906213,-0.012402674,-0.11744653,-0.60200018,0.90924215,-0.49614239,0.15157504,0.42238361,-2.065912,-0.014502078,0.2742672,-0.15535548,-0.55029362,-0.85289049,0.42369884,0.10327534,0.41428667,0.71683097,-0.74574465,-0.22788915,0.095287308,0.22953583,0.095263816,0.46636444,0.12577012,-0.19496948,-1.1307472,-1.5206577,-0.54608566,0.28512982,0.72265941,0.071414709,-0.26224911,-0.27660027,0.048892207,1.1357956,-0.043703333,0.015229177,-0.13860027,-0.25890356,0.87503421,0.11221526,0.28218871,0.88970673,-0.17446382,-2.1721001,-0.15392451,0.40650177,-0.002734385,-0.31200787,-0.80245483,0.08386974,-1.1716063,0.34163326,-1.1233635,0.27268291,-0.034790494,-0.77686232,0.11159031,0.064855173,0.45767549,-0.11280286,-0.20256987,-2.3517411,0.25026116,-0.57292843,0.000852905,-0.11034346,0.17551872,0.40973228,0.11612272,-0.22813521,0.46505031,-1.47223,-0.76138133,-0.46033514,0.43212926,-0.30843818,0.11271724,0.22468983,0.43963188,-0.042248767,0.35677892,0.4075951,0.69331318,-0.81667167,-0.17637207,0.70425397,0.21515642,0.17576209,-0.13913774,-0.30394939,-1.0590947,-0.48271084,0.1654222,-0.44549716,0.048429251,0.94168091,0.3249476,-0.42365083,0.14583211,-0.28728858,0.26526859,0.54439718,-0.27175117,0.08804547,1.3751111,0.19954664,0.25057912,-0.85182303,-0.24300683,-1.7552276,0.97405654,-1.3828725,-0.044132441,-0.11673477,-1.4216814,-0.14057124,0.096051022,0.06245555,0.2501604,0.53841776,0.34581023,-1.6196939,0.82516497,0.15348409,1.1612957,-0.015191916,-1.1140114,-0.092158675,-0.75824571,0.56118596,0.014641404,-0.79152638,0.32195249,-1.6056241,-1.1957421,-1.2343749,-0.42202252,0.37695947,0.32893717,0.3328315,-0.87496758,0.76497656,-0.95311004,-0.28325844,0.33519977,-1.0373937,-0.030836171,0.083522707,0.43453145,-0.084131688,0.27226245,-0.11205406,0.4877851,0.070130013,0.46831357,-0.031234045,-0.18354306,-0.70526785,0.43097132,1.0372343,-0.56056851,0.69127941,0.43559542,0.51557344,-0.6452896,0.55788082,0.51449013,-0.88158762,-0.56359243,0.093591854,0.049625151,0.10134395,0.70645285,-0.35467836,-0.46609569,-0.41781911,0.02221901,0.54061222,-0.21766627,-0.052598931,-0.3136985,0.21646976,0.96298385,-0.89447236,0.17464508,0.31418899,-0.46869189,-0.051261514,-0.004743114,-1.2762319,-1.8593946,-0.3109774,0.60163867,0.065834329,-0.23417801,0.62876791,0.12560105,0.48255819,0.32249811,-0.12873219,-0.38575727,0.22044869,0.077883556,-0.29836977,-0.4154951,0.19525169,0.17517108,1.1002237,-1.4465947,-0.13572988,1.3617619,1.3313187,0.45088869,-1.116701,-0.25535667,-0.4351058,-0.24595925,0.17022935,0.26428396,0.77106899,0.67853945,0.46786243,0.11838137,0.17355648,0.78070456,0.65407205,0.89043385,-0.78823775,0.28639421,0.27353799,0.037374839,-0.3385258,-0.16013755,-1.4611642,0.36287713,0.025237633,-0.37371883,-0.26363844,0.21049522,0.02899085,-0.66036361,0.19531143,-0.18357623,0.2174633,-0.11774237,0.56864476,0.96037263,0.21535784,0.070154995,0.56849456,-0.12396193,-0.088450007,-0.82318354,0.21379763,-0.66171062,0.14631949,0.75658631,-0.404136,-0.40221351,0.42481399,0.32784277,-0.49882504,-0.95325816,0.51848537,-0.46874064,-0.001158592,-1.2706416,0.21485865,-0.14341179,-0.69605309,-0.46701333,0.86404216,0.31490365,-1.7438771,-1.1908548,-0.40988082,0.024779133,0.29945222,-0.037588719,0.046902515,0.40286976,0.25623268,-0.20091313,0.2918053,0.35417596,0.38704586,-0.041583374,-0.090359032,0.21788663,-1.3785572,-0.002916202,0.40190569,0.098389499,0.16532956,0.51171798,0.80736768,-0.3702732,-0.79892963,-0.39303473,0.037172683,-1.5268341,0.27225414,0.36161152,0.36655092,-0.70541853,-1.1908473,0.22664657,-0.26910591,0.015324786,-0.04315152,0.045124076,0.32953429,0.073395811,0.3670373,0.31515223,0.057253316,-0.11510503,-0.44518387,-1.9945512,-0.62497586,-0.91679955,0.083561003,-0.85738409,0.21031189,-0.020420372,-0.35639489,0.067696042,1
0.57854736,0.30618608,0.23875099,0.54546338,0.54634416,0.55419523,0.54058933,0.53032482,0.54161131,0.56177104,0.54300356,0.53848726,0.53200042,0.52533793,0.5328728,0.54622334,0.53151441,0.56339777,0.55895948,0.53094852,0.52928925,0.54195166,0.53912175,0.5346427,0.53593588,0.52726173,0.539711,0.52986729,0.54185057,0.5528419,0.52575648,0.5302484,0.53163087,0.52683681,0.53865641,0.52585322,0.52229548,0.54726243,0.51577008,0.53004122,-1.0100007,0.20919934,0.47571832,0.48335123,1.3186814,1.7760487,1.4404128,0.75860178,0.89727175,1.6642179,1.4437013,1.220035,0.62162191,-0.15981477,-0.29715914,-0.42486453,0.96135378,0.58635092,0.43945596,0.38248572,-0.87288898,0.037456352,-0.54038566,0.35200843,-0.76277715,-0.089211896,-0.24356131,0.66661251,0.2207254,1.5977342,-0.34610003,0.29040775,-1.231024,-0.032942608,-0.005416121,1.3698018,-1.0532447,0.82970738,0.20535444,-0.9416793,-0.10954076,-1.4705729,-0.48081633,0.43470538,1.3101177,0.73191291,-0.017789947,-1.9099463,0.81331402,0.11720473,-1.1898491,0.43182331,0.016397387,0.094511658,0.64244008,0.14395379,0.30323917,-0.56550372,0.33145627,0.78271645,-0.50384492,-1.2122095,-0.014087133,0.51249593,-0.33591354,0.53576601,0.076877341,-0.22981624,-0.065924779,-0.26805016,0.38288867,0.89658511,-0.32021287,-0.2132244,-0.75316513,0.31046513,0.65251797,-1.2949529,0.47155452,-1.1180042,-0.31931055,-1.9950883,-1.2965851,-0.095812745,-0.73899335,0.000222325,-0.30953556,0.095536023,-0.050923381,-0.46691233,-0.94289178,-0.59520698,0.10518172,-1.1783574,-0.13555616,-0.19772114,0.16321582,0.39913952,-0.55150425,-1.9281378,0.53583193,0.61249673,0.88367796,-0.22439016,0.4842698,0.3141332,0.06260705,-0.1467198,-0.43465912,0.39015126,-0.54073513,-0.32249194,0.70005888,-0.52750891,-0.87743229,-0.033090629,-0.72846282,-0.8002423,0.35006034,-0.49030983,0.15715383,-0.62419903,0.50709063,0.72883958,-0.024570437,0.077467918,-1.8459203,0.71344984,-0.16167364,-0.20928137,-0.009443618,-0.54430211,-0.05285418,-0.12255184,-0.62163931,1.2157252,-0.68082905,0.16651919,0.48845202,-2.1268101,-0.21760556,0.23982799,-0.10822414,-0.76119858,-1.1883059,0.45704803,-0.055829018,0.40177229,0.88888025,-0.74765003,-0.23659571,0.16286939,0.13188981,0.068309799,0.43730807,0.02100385,-0.27945393,-1.4504318,-1.8138334,-0.82706559,0.34355342,0.77709216,0.1120608,-0.41220415,-0.37011701,0.009629011,1.720968,-0.056384757,0.20721805,-0.29065242,-0.40936142,1.1490093,0.19212632,0.40545222,1.7810405,-0.24096507,-2.603554,-0.2301138,0.55106664,-0.004363177,-0.087759592,-1.24635,0.013370097,-1.6946633,0.22189671,-1.6024843,0.42309088,-0.079183966,-0.90942109,0.25827938,0.23196594,0.68390656,-0.2675612,-0.033379734,-3.0126686,0.19028014,-0.66920817,-0.083698153,0.016150862,0.40347138,0.58608615,0.14733952,-0.1791271,0.54725158,-2.126524,-0.93435949,-0.29195726,0.36567861,-0.42392322,0.003929243,0.21064067,0.57558292,-0.043103456,0.43456358,0.50798631,0.94761658,-0.9590857,-0.18376896,0.51633668,0.098873988,0.27963763,-0.13670754,-0.34579813,-1.2655034,-0.43026006,0.15838051,-0.51537037,0.17883301,1.1182344,0.36007628,-0.4380433,0.31858695,-0.52256858,0.64366573,0.61068505,-0.45327663,0.072687775,1.8954754,0.10800949,0.32214564,-1.1977255,-0.2405085,-2.1625028,1.1639346,-1.7619443,-0.30973685,-0.039502099,-1.7467649,-0.37262863,0.20753025,0.063365236,0.33523467,0.53367299,0.63905084,-2.0505764,1.1961972,0.16938365,1.2983199,-0.084373608,-1.288604,-0.069655105,-1.0765681,0.69544756,0.16472322,-0.97578132,0.43229333,-2.2473817,-1.3880541,-1.7216046,-0.35118169,0.35286376,0.28592899,0.45078552,-1.2831354,1.0092336,-1.4519455,-0.42930767,0.34635124,-1.3351278,0.053514495,0.15563199,0.5972203,-0.066247389,0.28176403,-0.1591225,0.62977004,0.058026373,0.71399748,0.21016696,-0.17341867,-0.77997398,0.72901964,1.1927882,-0.6807735,0.69564271,0.61901456,0.58510774,-0.83248615,0.70634216,0.49822491,-1.2126796,-0.65977085,0.11826986,0.077897877,0.34383541,1.0188571,-0.50117964,-0.60075915,-0.55541736,0.033290751,0.6883983,-0.34596568,-0.12666932,-0.42149842,0.3032487,1.1941739,-1.4104775,0.14047325,0.33555335,-0.69456881,-0.082754172,-0.29696211,-1.6140728,-2.4239931,-0.21684889,0.83581388,-0.002672941,-0.30457154,0.55489284,0.13842498,0.60312331,0.51860607,-0.28065744,-0.90586829,0.43799222,-0.010431506,-0.27803212,-0.47442383,0.15616961,0.35314077,1.353219,-1.8987126,-0.027984031,1.5566002,1.9933693,0.66021603,-1.3520532,-0.37712085,-0.78358579,-0.35546169,0.011323097,0.41883659,1.0382178,0.99789679,0.84307492,0.16717252,0.27063298,0.83467448,0.77004611,1.1833436,-1.0612037,0.20573416,0.37764484,0.02082321,-0.44091767,-0.16697028,-1.8183627,0.54083985,0.02951815,-0.28218195,-0.18912491,0.30512846,0.27643782,-0.61286396,0.17345983,-0.11611406,-0.042052448,-0.39784604,0.46882123,1.1689882,0.32349697,0.20220378,0.67573738,0.20589802,-0.16821706,-1.1379216,0.35597777,-0.77663225,0.2082988,1.0297238,-0.79048765,-0.49395585,0.48951977,0.35818881,-0.91291308,-1.2997843,0.62652355,-0.68370301,-0.08360149,-1.5735972,0.22070418,-0.021269798,-0.92154825,-0.65336668,0.99785107,0.45426649,-2.2538712,-1.4181108,-0.50894523,-0.005460704,0.38168228,-0.026056401,0.14518113,0.47361961,0.40921843,-0.25798538,0.24431545,0.36551702,0.34522474,-0.020613335,-0.04186438,0.31515831,-1.7412251,-0.081375554,0.63428241,0.085650556,0.11854301,0.62464547,1.0037107,-0.47518826,-0.90152264,-0.55347514,0.007102244,-2.0241923,0.33737502,0.25812835,0.47792369,-0.93220723,-1.54515,0.4137744,-0.44959199,0.042290226,-0.099732608,-0.020297341,0.66473156,0.20050362,0.45218873,0.54107898,0.055426069,-0.39839846,-0.42386526,-2.6191902,-0.72608334,-1.2253895,0.32112885,-1.1845834,0.19572194,-0.15831995,-0.40919387,0.080926269,1
0.54775763,0.30060285,0.25424144,0.52273113,0.50559479,0.5382328,0.49768728,0.49264801,0.50822574,0.50959331,0.49847475,0.48852205,0.49222207,0.46849501,0.49631613,0.48317352,0.48167241,0.52196229,0.50988609,0.46303034,0.47071797,0.49415761,0.49130541,0.47764963,0.49164057,0.48741752,0.51025629,0.49793464,0.48561317,0.48755795,0.48638961,0.47362027,0.47293687,0.47152615,0.48774773,0.45106447,0.45697409,0.47090387,0.45581272,0.47606122,-0.83032203,0.22047129,0.37444365,0.43842965,1.3032836,1.7061784,1.3389645,0.69197977,0.8111589,1.6071156,1.414333,1.1532334,0.39871204,-0.083806969,-0.13889578,-0.23399839,0.59457177,0.3759253,0.3373459,0.31451651,-0.50475675,0.071367502,-0.36080647,0.14127016,-0.5943253,-0.013279371,-0.18032762,0.58519369,0.23278925,1.1631775,-0.2071761,0.23283334,-1.0963763,-0.15530515,0.007554442,0.6236558,-0.90222752,0.69046801,0.45862472,-0.88045245,-0.034409489,-1.0848786,-0.52578968,0.42243859,0.73915738,0.48690534,0.029712807,-1.6009778,0.50353259,0.14813158,-0.91316456,0.5264622,0.068270549,0.022003148,0.57503158,-0.030611526,0.48212051,-0.33611429,0.23556688,0.53770596,-0.54573917,-1.1298479,0.03962177,0.5708943,-0.31390542,0.199855,0.041809745,-0.25010282,-0.15386835,-0.24132101,0.20575133,0.86209899,-0.16285188,-0.39775956,-0.6511755,0.42760611,0.41867074,-0.97794384,0.41533932,-1.1251957,-0.32519582,-1.7299961,-1.0090333,0.016896084,-0.52147192,0.20509708,-0.47809967,0.15076625,-0.069003947,-0.28101969,-0.67707616,-0.28975052,-0.019230857,-1.0621756,-0.11043999,-0.15214369,0.18152137,0.11396118,-0.47939399,-1.6115623,0.34164301,0.47404724,0.73557442,-0.12820375,0.32782781,0.24687892,-0.055386841,-0.37288484,-0.33748326,0.25412244,-0.24372588,-0.1582488,0.3478106,-0.28574395,-0.70146143,0.025038622,-0.54696816,-0.54362428,0.27506068,-0.45740288,0.070297778,-0.47572774,0.63564748,0.62586254,0.012027256,-0.11335821,-1.5460342,0.69946378,-0.19846351,-0.086688675,-0.050047416,-0.51022017,-0.035449572,-0.17687711,-0.589724,0.92211592,-0.76344466,0.17292327,0.34912717,-1.6562665,-0.20608667,0.249097,-0.16339719,-0.47314015,-0.93628538,0.46586996,0.089313924,0.5087052,0.69354701,-0.70112038,-0.27082676,0.067844018,0.32090414,0.10061811,0.15373775,0.17014158,-0.24120177,-1.2134961,-1.6294482,-0.60455364,0.30161667,0.58457589,0.058927283,-0.34299135,-0.32913625,0.025404997,1.5487835,-0.11890447,0.062509954,-0.19752376,-0.26457727,0.97653449,0.13585559,0.27759042,1.2131561,-0.20502001,-2.3250763,-0.13761878,0.33478969,-0.077464364,-0.16397834,-0.8179208,0.093757942,-1.3490839,0.36239794,-1.1760395,0.58921617,0.056008931,-0.83980924,0.049883261,0.060106173,0.70344388,-0.18399918,-0.14588886,-2.5166204,0.30889687,-0.70705616,-0.066812553,-0.035524942,0.051864833,0.60461938,0.11849282,-0.21591121,0.68162972,-1.6013298,-0.79469907,-0.34322673,0.31203917,-0.42329708,0.12533425,0.11831919,0.37048689,0.075274467,0.32461491,0.53109705,0.69942713,-0.90511066,0.54434633,0.47138956,0.13643767,0.25707778,-0.049793981,-0.30848336,-1.0949755,-0.49327907,0.12441173,-0.22316812,0.34577808,1.008394,0.35010839,-0.3913264,0.20836179,-0.31900954,0.36644834,0.44953278,-0.39296919,0.11003593,1.403224,0.057991363,0.19918075,-0.91880083,-0.26954636,-1.8674499,1.0567482,-1.368014,-0.030317366,-0.060471497,-1.5302048,-0.11101368,0.22197412,0.24474129,0.077980578,0.33149108,0.58392537,-1.7541611,0.97339332,0.20757177,1.0826834,-0.11399761,-1.0229361,-0.098254316,-0.94878083,0.51270694,0.26438028,-0.86320704,0.17011645,-1.740767,-1.225215,-1.37191,-0.43875211,0.25389394,0.22341746,0.3110089,-0.95481658,0.75108463,-1.0686233,-0.19754353,0.30164003,-1.1162905,-0.058417313,0.011291001,0.58990711,-0.13580403,0.20529859,-0.17403001,0.33115366,0.10708082,0.82760334,-0.094677746,-0.12081876,-0.65174466,0.4050712,0.85328221,-0.58731931,0.58676875,0.51641923,0.56353402,-0.6108976,0.51941609,0.58536041,-0.95764476,-0.62496358,0.11836787,0.21282449,0.22868675,0.62228239,-0.34848717,-0.51985586,-0.39835617,-0.000747986,0.37247354,-0.19549775,-0.040387318,-0.32850257,0.17712331,0.85730863,-0.93805021,0.20040679,0.30650675,-0.58937705,-0.10072257,-0.14253551,-1.3853118,-1.8039335,-0.058416009,0.59973019,0.073572353,-0.2796737,0.66562897,0.16903886,0.42862949,0.33603334,-0.13011299,-0.56578797,0.25531539,0.096534148,-0.2647056,-0.49824291,0.26944721,0.1311712,1.0094572,-1.558748,-0.12462884,1.5411325,1.2646081,0.40477252,-1.2533914,-0.24694125,-0.63144803,-0.16400658,0.067378186,0.37215337,0.78049177,0.82586014,0.448313,0.072324663,0.16253455,0.88031983,0.66053736,0.88943422,-0.86276746,0.077367067,0.26160634,0.010850564,-0.39725342,-0.17385055,-1.6264343,0.3597863,0.07551533,-0.40655947,-0.2338801,0.088548601,0.1074419,-0.6706382,0.29139999,-0.24843059,-0.11934166,-0.12228031,0.32510343,0.94104958,0.198643,0.12112523,0.56782824,-0.095024139,-0.10636192,-0.97342807,0.31494337,-0.71904731,0.22149879,0.7270627,-0.59576654,-0.46681929,0.33356336,0.28617844,-0.6095016,-1.0840825,0.56529391,-0.5957523,-0.10261376,-1.4792213,0.21302879,-0.069950692,-0.74214721,-0.63932353,0.81256974,0.37318039,-1.7869835,-1.2628528,-0.37822127,0.061272059,0.32155067,0.01008971,0.088590182,0.41918465,0.23998244,-0.1405894,0.24333614,0.3036159,0.50213665,0.23208985,0.14796574,0.25004971,-1.4802628,-0.025993811,0.47958052,0.060074128,0.12910512,0.54344273,0.7879734,-0.36541909,-0.79384035,-0.55391479,0.073273718,-1.7983427,0.23661903,0.1830475,0.38039884,-0.7519362,-1.3197496,0.25827527,-0.35818797,0.035221547,-0.10071142,-0.044924505,0.67778575,0.077159405,0.3612985,0.44255129,0.045769773,-0.12776217,-0.43859705,-2.0853615,-0.73750222,-0.91242963,0.12443914,-0.92165244,0.042696357,-0.057951368,-0.36623603,0.12949049,1
0.50107288,0.25157675,0.18120021,0.4865298,0.48623723,0.50159508,0.47928649,0.46978635,0.48159969,0.48409298,0.46857011,0.46809548,0.46970913,0.44890696,0.46933377,0.46400905,0.465397,0.48759246,0.48196709,0.45733899,0.45844615,0.46418202,0.4585858,0.45368081,0.45925218,0.46618682,0.47415888,0.46476451,0.45984304,0.46678108,0.45578611,0.45674756,0.4459911,0.45472431,0.4602645,0.42931679,0.43532842,0.45314127,0.43167746,0.44963527,-1.0052867,0.15825853,0.25945061,0.3961871,1.2692856,1.6650741,1.2594293,0.61977792,0.69947946,1.5472164,1.3900396,1.0797082,0.4243184,-0.12996085,-0.44087109,-0.50446784,0.80336124,0.47435826,0.32026643,0.33160263,-1.0958781,-0.051890824,-0.82657069,0.1486726,-0.68446153,-0.001132958,-0.12487537,0.49362862,-0.022309154,1.3096548,-0.20725816,0.24241553,-1.2154971,-0.22361255,-0.062230755,1.0028673,-1.0902225,0.64918828,0.098344475,-0.98654938,-0.14466143,-1.4942051,-0.64568132,0.34500498,1.0639234,0.42912626,-0.066082783,-1.8836865,0.65801609,0.10291499,-1.2315049,0.38389695,-0.014672644,0.054341145,0.71998727,0.40425399,0.21333233,-0.23336333,0.27571574,0.69599962,-0.60967535,-1.0979426,-0.007121071,0.56263322,-0.38671297,0.27587023,0.1545973,-0.18781711,-0.044992596,-0.26400521,0.29376855,0.77652115,-0.18304157,-0.22905517,-0.53496724,0.046117619,0.32039988,-1.0158045,0.40380692,-0.99260563,-0.34640306,-1.897995,-0.930462,-0.096612923,-0.79559684,0.19485119,-0.37650055,0.060770996,-0.08271981,-0.18927713,-0.68202686,-0.80887389,0.17968987,-0.99958253,-0.075411074,-0.013137892,0.064532571,-0.00244683,-0.45559031,-1.4829148,0.81498063,0.49896663,0.77124667,-0.1488106,0.44901615,0.35721993,-0.092552185,-0.25508255,-0.47927564,0.41702563,-0.56510854,-0.12874243,0.49902499,-0.20392275,-0.68685693,-0.009403534,-0.45987588,-0.54779065,0.28490424,-0.34153631,0.033392768,-0.84654212,0.49870384,0.77811635,0.13287589,0.040309716,-1.6788107,0.5871709,-0.1045834,-0.2061566,0.003031865,-0.50888371,-0.019768948,-0.11035732,-0.6713559,0.91026795,-0.72125268,0.14692077,0.35526061,-1.5651566,-0.15560298,0.33970758,-0.09033265,-0.31525165,-0.82546628,0.42401889,0.029462501,0.15803246,0.8201471,-0.79307461,-0.18185523,0.13497102,0.64373577,0.20598398,0.46923852,0.11659431,-0.23621033,-1.2623786,-1.725632,-0.88108635,0.28029084,0.55862355,0.20775431,-0.32864439,-0.34222788,0.054567762,1.4826977,-0.048153553,0.061499532,-0.068117619,-0.19329154,0.95202917,0.1973435,0.32313427,1.0190618,-0.18469757,-2.1984122,-0.19306795,0.35848355,-0.020954521,-0.26599535,-0.73500115,0.10330252,-1.2909398,0.11166734,-1.240407,0.31471723,0.13554102,-0.83881736,0.19818458,0.071043834,0.57180947,-0.094948187,-0.054077052,-2.4976234,0.24389128,-0.54566497,-0.025278725,0.006822482,0.021194726,0.4989861,0.13702124,-0.17301087,0.6696409,-1.5857587,-0.7084592,-0.37404323,0.45367235,-0.39326569,0.20614403,0.21310961,0.41317785,0.007315237,0.37768495,0.48112345,0.7744754,-0.99916005,-0.29499787,0.58347505,-0.033533648,0.23529962,-0.10137368,-0.20129599,-1.3385993,-0.44430527,0.14532456,-0.43452093,-0.015418619,0.94742984,0.3865971,-0.50998437,0.12861909,-0.34903926,0.38947868,0.47482768,-0.45740357,0.036496457,1.5628467,0.14566997,0.32752013,-0.9532342,-0.29920709,-1.7528089,0.97719061,-1.2477684,-0.02233997,-0.093872361,-1.4641681,-0.15810561,0.18715116,0.33169252,0.23656133,0.50688207,0.57297099,-1.8006134,0.9224236,0.34847471,1.1791497,-0.089054041,-1.2047415,-0.17684117,-1.0184482,0.61726713,0.056005687,-0.84913707,0.23416851,-1.6626517,-1.3198236,-1.3216636,-0.47775289,0.40992728,0.45807287,0.3358897,-0.97319478,0.8564992,-0.91911077,-0.22222903,0.38527402,-1.0855962,-0.034862794,0.078440003,0.53422368,-0.006457254,0.41486973,-0.14345399,0.47041509,0.052101403,0.544927,0.17544034,-0.054117423,-0.84611523,0.50582439,0.84886652,-0.48829705,0.58964485,0.48762876,0.41938734,-0.61907393,0.3959474,0.3000792,-0.79606372,-0.64551878,0.10712761,-0.034459949,0.17766522,0.76044512,-0.3771888,-0.46842819,-0.46610051,0.024235042,0.43382543,-0.11438583,-0.05478438,-0.36988476,0.2108739,1.032496,-0.94286376,0.17334163,0.33763018,-0.60547352,-0.018909063,-0.15093799,-1.3137966,-2.1337047,-0.19404255,0.70152861,-0.063992932,-0.22654137,0.66344082,0.12374914,0.54472512,0.34284717,-0.18414026,-0.54035819,0.35870034,-0.040956065,-0.26451331,-0.42324296,0.0727458,0.24366987,1.1393695,-1.6355956,-0.057951283,1.4463588,1.6238893,0.45352662,-1.4679884,-0.20627689,-0.55635017,-0.2439831,-0.013252772,0.12342569,0.80249137,0.61247277,0.45114976,0.19522515,0.24693021,0.85518485,0.70376211,1.0065416,-0.96434343,0.14220037,0.319015,0.17511739,-0.47028631,-0.16431583,-1.591567,0.43413541,0.034704052,-0.24012659,-0.16472378,0.14634484,0.20300879,-0.65858752,0.22112034,-0.21701632,0.097793922,-0.055910021,0.41173762,0.80645245,0.25467324,0.13868828,0.57189327,0.41944921,-0.014799136,-0.89691293,0.33806926,-0.86164725,-0.16212004,0.77781689,-0.65274233,-0.46519092,0.37122759,0.19269174,-0.55226094,-1.1698133,0.59193474,-0.61173892,-0.075703077,-1.7791033,0.26135102,-0.18027857,-1.0314547,-0.59728789,0.930107,0.52294481,-1.7765429,-1.317277,-0.44201112,-0.032688882,0.27842134,-0.04364353,0.13545972,0.38410109,0.30690774,-0.16815661,0.2777099,0.35309055,0.33937556,0.42595065,-0.1621661,0.26110679,-1.4938049,-0.043694161,0.3868731,0.059040997,0.062990777,0.48896307,0.97897667,-0.37188226,-0.80680186,-0.55648553,0.23339862,-1.9003332,0.35621703,0.31256053,0.44749865,-0.6501773,-1.2133576,0.39249563,-0.39418346,0.19919819,-0.024823517,-0.019538235,0.50257587,0.10482907,0.38705131,0.39781478,0.042137437,-0.031114936,-0.34772247,-2.2628412,-0.67367333,-0.77382421,0.23354693,-0.84350806,0.56163442,-0.063230909,-0.32068038,0.18707719,1
0.44356221,0.20766464,0.15215948,0.43265998,0.4368988,0.46739084,0.42238057,0.41508526,0.43734744,0.43179959,0.42628774,0.41188413,0.41429675,0.38764364,0.41425028,0.41075116,0.39458203,0.44048506,0.43953773,0.3968446,0.39880869,0.4202576,0.41292793,0.38813844,0.41712254,0.40933746,0.42304671,0.41754919,0.40481085,0.41330633,0.41044998,0.398298,0.39593264,0.39313632,0.40897286,0.35983318,0.37503183,0.38954198,0.37040913,0.39439371,-0.90948647,0.12197661,0.35962164,0.44990638,1.3659215,1.7167243,1.3714619,0.69784486,0.81696421,1.6320574,1.4387779,1.1760414,0.43331414,-0.11076218,-0.011643499,-0.35689408,0.61686701,0.40679097,0.34071141,0.29217151,-0.65806603,0.018440813,-0.4766745,0.24510166,-0.51084048,-0.12463172,-0.14144084,0.71842599,0.08437708,1.2597111,-0.12895834,0.22595015,-1.1383181,-0.17933345,0.060790949,0.63556963,-0.90499574,0.71280789,0.16928512,-0.88479578,-0.067500852,-1.2160826,-0.61424661,0.52298212,0.8141315,0.51651883,-0.030182041,-1.678643,0.75904596,0.12746722,-1.0703218,0.46642548,0.03731782,0.10809743,0.68973577,0.071890935,0.32171753,-0.26752564,0.12114831,0.55609274,-0.68096763,-1.0131104,0.030712228,0.58284056,-0.27099571,0.2796213,0.14187883,-0.18294844,0.07184355,-0.22216505,0.39995611,0.88718051,-0.16030946,-0.35847187,-0.676682,0.31208628,0.52545851,-1.0899022,0.36469969,-0.84130895,-0.28221241,-1.7290056,-0.89612311,-0.030517362,-0.61105549,0.21372268,-0.47258556,0.089527123,-0.081534773,-0.17496075,-0.74277353,-0.59314191,0.36342078,-1.0885316,-0.15136464,-0.08208102,0.11486308,0.16984792,-0.53338557,-1.5101765,0.45160276,0.4423328,0.71808952,-0.20510221,0.51740193,0.28415453,-0.06511198,-0.18312746,-0.3284882,0.36677492,-0.26053065,-0.099181749,0.39739847,-0.41376537,-0.74292231,0.083843507,-0.5478844,-0.67499506,0.29078767,-0.44080856,0.068297014,-0.53589445,0.52844507,0.68260652,-0.029286841,-0.009160243,-1.4622825,0.79012239,-0.05685737,-0.10749315,-0.000238415,-0.54652786,-0.0497704,-0.16402367,-0.65289658,0.9389168,-0.70529908,0.13536963,0.45011181,-1.4276983,-0.29677773,0.30423912,-0.19193432,-0.43414286,-0.80816352,0.44222707,0.24162197,0.34496114,1.0123408,-0.79897183,-0.21139809,0.082702637,0.38123915,0.1508016,0.43700022,0.085523322,-0.20854212,-1.2606869,-1.6486001,-0.7216171,0.26854542,0.35045686,0.041709378,-0.41506603,-0.20723593,0.090883292,1.2677641,-0.10988688,0.027418118,-0.23343715,-0.1216633,1.0484332,0.16072842,0.26193073,2.150815,-0.15639699,-2.4634869,-0.038246714,0.57559526,-0.038857866,-0.23684302,-0.71255457,-0.034607828,-1.3017864,0.31503689,-1.2861961,0.40125981,0.04857859,-0.83176887,0.098343559,0.21131606,0.60561919,-0.16921662,-0.098801404,-2.4914134,0.2695857,-0.62356019,-0.10058154,-0.061624199,0.21452892,0.45992762,0.043713093,-0.19352376,0.66937107,-1.6521431,-0.83825088,0.098745525,0.36812752,-0.36688018,0.20052156,0.36822063,0.44427013,0.03290407,0.35546529,0.46279421,0.8475256,-1.009842,-0.21767364,0.42765561,0.007794121,0.21637648,-0.1150694,-0.24225321,-1.173425,-0.41934294,0.15766311,-0.54913348,0.14294302,1.0386339,0.31530267,-0.4419083,0.1876117,-0.29747975,0.63844693,0.69090551,-0.40786019,0.11032481,0.97416794,0.16300841,0.22309391,-0.82088906,-0.34828418,-1.7877445,0.85879534,-1.4002153,-0.042790979,-0.058076665,-1.4554445,-0.17387114,0.16957572,0.21784785,0.43863153,0.56339025,0.53218979,-1.6913725,0.95181113,0.3493821,1.1208947,-0.043047275,-0.9970839,-0.11820066,-0.88628638,0.68236089,0.14888614,-0.80894685,0.27424872,-1.7333456,-1.3157601,-1.398946,-0.52553326,0.38634819,0.69765371,0.31647196,-0.90307957,0.79789698,-0.99657613,-0.22134127,0.44678086,-0.98782253,-0.07023745,-0.043846793,0.48146793,0.173435,0.27941847,-0.070749246,0.76948106,0.086042643,0.5566777,0.089027554,-0.17036119,-0.76629275,0.45352599,0.94074297,-0.55509204,0.65776819,0.45135602,0.42244509,-0.73794943,0.52010375,0.5009737,-0.98345363,-0.41630006,0.070751719,0.15398313,0.13118455,0.74707043,-0.40409258,-0.46151853,-0.35308552,-0.024309032,0.47731143,-0.26260182,-0.020912953,-0.34744704,0.14301614,0.9751147,-0.92406034,0.21417266,0.30670863,-0.60123008,-0.12167406,-0.13318031,-1.3853171,-1.8767489,-0.31502533,0.6186415,0.012396246,-0.26851526,0.63860834,0.15538135,0.49531835,0.32218951,-0.095200896,-0.41767076,0.27356365,0.11893564,-0.29119986,-0.35870719,0.15460698,0.18625462,1.0393156,-1.6352823,-0.14355111,1.6699963,1.5006177,0.42241219,-1.3010491,-0.23939025,-0.41602316,-0.11380851,0.1706053,0.32790565,0.68907022,0.96759272,0.47324556,0.16721272,0.15961593,0.83982462,0.64207602,1.3078223,-0.8317892,0.22571093,0.29967719,0.035022236,-0.38209066,-0.13877301,-1.5672525,0.35714212,-0.011692211,-0.30584404,-0.25175047,0.15203065,0.069559529,-0.62892765,0.24037415,-0.20345235,0.11744886,0.007548228,0.44292039,0.98614448,0.24991609,0.14279471,0.58713126,0.095539868,0.005176668,-0.96688312,0.31429619,-0.74576104,0.23878707,0.79838502,-0.34606194,-0.37144405,0.35191751,0.36444169,-0.58752531,-1.0862519,0.6418972,-0.51715732,-0.012846313,-1.3996487,0.2410596,-0.14247157,-0.93477845,-0.43824041,0.92061049,0.45708361,-1.7596359,-1.4395069,-0.34960422,-0.032692395,0.30252451,0.012650187,0.057655454,0.39096341,0.27842659,-0.22745204,0.22138259,0.31802499,0.35079497,0.47069138,-0.008936703,0.2224274,-1.4307243,-0.11366099,0.56284952,0.16881371,0.13757455,0.61857444,1.1011822,-0.43619582,-0.82790685,-0.44605574,0.46305701,-1.7740369,0.3048411,0.24996275,0.34484193,-0.81760138,-1.334321,0.41944739,-0.31418091,0.18838142,0.042076696,0.016033456,0.49897611,0.070472836,0.32977873,0.29046053,0.050014935,-0.096918024,-0.41110381,-2.0736017,-0.66179246,-0.95120126,0.12325987,-0.82940614,0.21492699,-0.045339093,-0.31817922,0.13873217,1
0.46750259,0.21919386,0.1747521,0.46952805,0.46547872,0.48512879,0.45832184,0.44475394,0.4662466,0.46302322,0.45645183,0.45154065,0.45489019,0.4200398,0.44278792,0.44400275,0.43782794,0.47382766,0.46744663,0.43480742,0.42888156,0.44751126,0.44394857,0.42723715,0.44235969,0.43588525,0.44155651,0.44018209,0.44075161,0.43811482,0.44062603,0.42861128,0.42355698,0.42202228,0.43744919,0.40050215,0.41160178,0.42591667,0.40588039,0.41891429,-0.739977,0.13373692,0.25417882,0.3875351,1.2764902,1.6023364,1.2355609,0.59738147,0.69155866,1.5135863,1.3423886,1.0623958,0.33808935,-0.082171373,-0.13619493,-0.22217675,0.55530244,0.36330459,0.3245922,0.27054772,-0.27303413,0.001734017,-0.32143232,0.19593504,-0.45344961,0.052148588,-0.1332936,0.55321199,0.10790633,0.93452096,-0.16322741,0.18920165,-0.99178576,-0.19804785,-0.095752649,0.76525378,-0.81023622,0.66993427,0.074753821,-0.75884938,-0.025062151,-0.88112813,-0.47764015,0.47271132,0.71067905,0.40374321,0.034857187,-1.3961389,0.61375087,0.093117781,-0.879179,0.46600422,0.020801822,0.15261036,0.67684251,0.19706072,0.30301502,-0.15796655,0.064195067,0.51021963,-0.72299141,-0.94010705,0.010442156,0.57345712,-0.27181292,0.21288602,0.13871433,-0.17546867,-0.10230301,-0.18690872,0.32427377,0.63024485,-0.14912002,-0.44404081,-0.54113936,0.044984221,0.40925726,-0.9104504,0.31388095,-0.79312694,-0.16766325,-1.5009521,-0.76718122,-0.06232556,-0.46719906,0.23675071,-0.46626309,0.069636181,-0.08153031,-0.18441516,-0.55064416,-0.56332725,0.49507713,-0.95403421,-0.16070147,-0.036472164,-0.001761258,0.035905465,-0.383232,-1.3583697,0.57082611,0.39124411,0.7238577,-0.16575947,0.37423432,0.28910413,-0.0532002,-0.075927332,-0.32878402,0.48713028,-0.56346941,-0.092276335,0.36359426,-0.14990413,-0.6567654,0.10592936,-0.39810383,-0.51382834,0.17494746,-0.40661758,0.10443699,-0.51525789,0.51773822,0.55985278,0.010589069,-0.19319938,-1.3471804,0.60762453,-0.056363009,0.038384512,0.068828218,-0.46606126,-0.033705972,-0.10535362,-0.55696738,0.89388704,-0.65487516,0.13618253,0.4086265,-1.2193093,-0.23155364,0.25525519,-0.16032168,-0.31385633,-0.75255764,0.48890087,-0.083029747,0.42641079,0.59779513,-0.67031944,-0.24398625,0.064900145,0.80066824,0.13968581,0.095158428,0.13420378,-0.27880701,-1.1146216,-1.509232,-0.6839202,0.27907103,0.46206608,0.009241417,-0.35784775,-0.39808464,0.10181281,1.1626315,-0.039619308,-0.014860269,-0.1861809,-0.16602302,0.99871808,0.14828663,0.24336952,1.219106,-0.12927422,-2.0024128,-0.17345434,0.36729506,0.023584485,-0.21730095,-0.61411357,0.040950254,-1.1401536,0.29873943,-1.2051384,-0.004133523,0.086084127,-0.78755182,0.128379,0.32119176,0.51474679,-0.22455809,-0.27526799,-2.2168756,0.23535129,-0.60467434,-0.056522105,-0.091369957,0.17433585,0.31843436,0.070332333,-0.15816359,0.47493351,-1.3992344,-0.85219765,-0.28491297,0.51172286,-0.35368848,0.23608711,0.17267086,0.20825301,0.005181535,0.27850837,0.40766385,0.74841923,-0.87631202,-0.1681141,0.57047647,-0.012294257,0.21680872,-0.02657827,-0.16528633,-0.98703814,-0.38603708,0.15424496,-0.36791995,-0.026015013,0.99244285,0.31990552,-0.35607105,0.11497995,-0.17083541,0.31245381,0.53719461,-0.32665062,0.006555803,1.3660766,0.069540218,0.057737481,-0.89646733,-0.13031965,-1.6579295,0.74297392,-1.2280281,-0.12244543,-0.14772499,-1.3196402,-0.32602018,0.177141,0.15651345,0.38546515,0.50471765,0.47020468,-1.4425057,0.80448103,2.0107024,1.036986,-0.046480596,-0.85513675,-0.002647139,-0.83697271,0.52309805,-0.037186816,-0.79552883,0.24797601,-1.6253517,-1.156064,-1.0874677,-0.41440183,0.27940196,0.61562747,0.35903227,-0.80685818,0.72592056,-0.87547827,-0.28317228,0.27808529,-0.89874864,-0.047160946,-0.047324628,0.39742512,0.092738569,0.35948774,-0.14842588,0.34484386,0.0635949,0.28006452,-0.048178364,-0.087681338,-0.66434276,0.43433696,0.83742571,-0.38714218,0.5487504,0.33249778,0.40878385,-0.65958697,0.57810628,0.42619735,-0.83500522,-0.36303121,0.074854881,0.037009098,0.13148987,0.63954192,-0.27614397,-0.42956465,-0.31846678,0.019437529,0.34944108,-0.25049812,-0.18155725,-0.29086199,0.091436796,1.1144748,-0.74419004,0.23809034,0.27785698,-0.55631173,-0.11492762,-0.026365153,-1.2305182,-1.6219172,-0.29405051,0.5885402,0.068158187,-0.29368657,0.49094599,0.2280328,0.44782874,0.28418085,0.10130586,-0.31572574,0.24107179,0.13836533,-0.33300924,-0.32159615,0.15763693,0.16865823,0.96427953,-1.5420402,0.043515205,1.2646056,1.2679152,0.40043288,-1.0846994,-0.18419297,-0.32710415,-0.10074914,0.14433007,0.12517273,0.6670379,0.8153246,0.40695465,0.1317306,0.19447169,0.69303793,0.61281174,1.0056493,-0.73313367,0.089538634,0.27459762,0.082935482,-0.30873415,-0.18106869,-1.3754699,0.3189775,0.012135645,-0.20014153,-0.26247463,0.15982915,0.19675127,-0.57432324,0.20080994,-0.16378859,0.2060066,0.026793465,0.47652006,0.90275943,0.14354628,0.077385277,0.5356521,0.22701493,0.008073635,-0.84741944,0.27735865,-0.73867112,0.10068249,0.71854049,-0.49657071,-0.33500198,0.2954722,0.15552109,-0.38300759,-0.91492748,0.54307836,-0.57522148,0.037649184,-1.0735061,0.18109113,-0.1576214,-0.61760265,-0.59727883,0.92637199,0.28923553,-1.5967752,-1.1187649,-0.33225983,0.02152523,0.24673176,0.040381908,0.03975787,0.30640119,0.24326481,-0.18236536,0.19857395,0.31257313,0.35032767,0.62221181,-0.24110362,0.25636226,-1.3225634,-0.055327304,0.33735526,0.11001455,0.21424146,0.39624631,0.9890064,-0.33376583,-0.59652138,-0.39585775,0.38839296,-1.5115857,0.42045411,0.29848078,0.30754492,-0.70579022,-1.0694205,0.28466243,-0.12496793,0.23428303,-0.025067531,-0.043212578,0.20505789,0.074961208,0.28104186,0.26271307,0.044475973,-0.099447221,-0.32217604,-1.7938473,-0.51327467,-0.7778824,0.058545746,-0.7474435,0.15979442,0.17669567,-0.17723165,0.15186028,1
0.48633772,0.24563569,0.21372199,0.45167041,0.44735646,0.48008358,0.44042748,0.43036908,0.44681448,0.44372785,0.44234291,0.43933302,0.43748805,0.4127562,0.44767997,0.43264258,0.4318276,0.45943773,0.4504348,0.41042668,0.4146027,0.43269974,0.43048954,0.4190897,0.43094596,0.42932892,0.44910151,0.43499139,0.43412882,0.4304108,0.42768854,0.42205471,0.41708201,0.41387081,0.42614493,0.38860473,0.39553282,0.41513097,0.40011227,0.41318449,-0.80100143,0.18749043,0.35098928,0.45946196,1.2721416,1.6552161,1.3030134,0.67778599,0.78268826,1.5863302,1.3679672,1.1450021,0.40262413,-0.10162391,-0.063933492,-0.33203098,0.60016519,0.38833767,0.33985579,0.31927383,-0.59213609,0.056433164,-0.41799375,0.3111057,-0.49358249,-0.053236298,-0.208379,0.71553886,0.017087668,1.4679443,-0.13537118,0.22761011,-1.077533,-0.16450916,0.073006816,0.82209337,-0.76557124,0.54560393,0.27690125,-0.83175361,-0.056037042,-1.0879765,-0.52609944,0.46993032,0.79098785,0.56567442,0.055613197,-1.5658773,0.67492157,0.14505033,-0.9052372,0.48933452,0.003588121,0.12622747,0.7031579,0.014249317,0.62830234,-0.37465301,0.12653968,0.54181337,-0.46634817,-1.0015652,0.044481762,0.49547496,-0.26655653,0.26312941,-0.061785519,-0.27722788,-0.12031084,-0.20070988,0.33440503,0.65358019,-0.15557864,-0.31213379,-0.62067145,-0.13319558,0.56498241,-1.0628645,0.39870635,-1.1882634,-0.27453643,-1.6768787,-0.83667976,-0.075113766,-0.62580413,0.19895431,-0.48959747,0.12482769,-0.097646818,-0.25548652,-0.64762396,-0.63018,0.35301191,-1.0278981,-0.17855023,-0.11718868,0.11701033,0.17318065,-0.45489025,-1.6225934,0.30982548,0.477633,0.73370093,-0.15027517,0.50813794,0.27028757,-0.060091838,-0.39019781,-0.28621992,0.36917266,-0.45565534,-0.058062866,0.39794731,-0.28824922,-0.68388814,0.071007296,-0.51460725,-0.55259782,0.21360633,-0.43800205,0.12017418,-0.52105528,0.58303571,0.68722236,0.007456011,-0.00777892,-1.7141961,0.7446124,-0.019898534,-0.076039098,-0.067203611,-0.55188316,-0.05003297,-0.18458024,-0.59951037,0.92103738,-0.55094385,0.13622081,0.48220515,-1.4794719,-0.15869772,0.26902419,-0.22029926,-0.58108759,-0.91567987,0.44999716,0.22110358,0.3064574,0.91991121,-0.69309163,-0.27882594,0.077175803,0.29846272,0.087601297,0.29224265,0.1204292,-0.13314635,-1.2197897,-1.5736821,-0.63850093,0.20960559,0.56081557,0.03458789,-0.37264907,-0.18725343,0.011873879,1.1789988,-0.19223966,0.073112622,-0.24498066,-0.2576547,0.94036365,0.12141003,0.29826754,1.527402,-0.1701566,-2.2107084,-0.17622018,0.54077393,-0.016115032,-0.21575046,-0.81875741,0.096737519,-1.292439,0.30540061,-1.2334566,0.15996024,-0.047480911,-0.84072626,0.095790148,0.16577856,0.51178676,-0.14504509,-0.45642751,-2.4898553,0.19411433,-0.6943627,-0.047652312,-0.0665427,0.12736782,0.40871304,0.14735039,-0.19681741,0.57257897,-1.5070101,-0.87715101,-0.29760858,0.42730376,-0.34805921,0.15984014,0.014131039,0.46830344,0.017081056,0.3382614,0.47771224,0.73849386,-0.84154165,-0.1871051,0.54543555,0.14239237,0.16777804,-0.048587319,-0.33840758,-1.0675793,-0.46432501,0.18033066,-0.35577041,0.39581364,1.0417101,0.34185603,-0.43629357,0.22793329,-0.29549566,0.48311651,0.46250805,-0.42215151,0.12590972,1.2736034,0.006088369,0.215295,-0.960163,-0.22183581,-1.81787,0.9285332,-1.4509504,-0.057185441,-0.13694996,-1.4704067,-0.27028531,0.072952211,0.20943245,0.26601806,0.47954535,0.42867953,-1.6088871,0.87915874,0.28944349,1.0558131,-0.10306858,-1.0941128,-0.057705827,-0.81684542,0.50091434,0.15103698,-0.78237259,0.26466948,-1.6941999,-1.3555024,-1.2540016,-0.4256691,0.42292768,0.90301335,0.32415169,-0.91537213,0.68357182,-0.97918582,-0.36034852,0.31591672,-0.99656367,-0.10807591,0.07707347,0.32349646,-0.01611023,0.23453392,-0.13628978,0.63079995,0.04060762,0.50455499,0.02188848,-0.16457964,-0.5514195,0.45986116,0.98559743,-0.60614467,0.5558036,0.53789437,0.43547308,-0.74512112,0.5952487,0.60441929,-1.0089129,-0.5557313,0.11502153,0.14455977,0.16037235,0.73441952,-0.36056438,-0.48439574,-0.43661845,-0.015093345,0.51617718,-0.31612828,0.014557697,-0.31281805,0.13782187,0.99176896,-0.82099903,0.20681322,0.30000833,-0.49636719,-0.076292902,-0.20193106,-1.2867763,-1.6194685,-0.27514178,0.64407855,0.067116924,-0.27949592,0.59254265,0.13375677,0.51715153,0.33072385,-0.090826474,-0.47219276,0.25952879,0.20965014,-0.24985573,-0.63545531,0.21040095,0.1539987,1.1001936,-1.4849439,-0.22515804,1.3727498,1.3816949,0.4382464,-1.162407,-0.29570401,-0.49499589,-0.2127008,0.16432622,0.43472865,0.71210027,0.96623445,0.39836049,0.03186202,0.18059821,0.81483686,0.6234163,1.1492252,-0.83078039,0.27240682,0.28093585,0.023177423,-0.36226991,-0.19589302,-1.5111154,0.34121075,0.016357688,-0.38113657,-0.24956265,0.18956554,0.1337755,-0.71911162,0.26549545,-0.14950602,0.34087491,-0.18361478,0.463081,0.92528361,0.2153151,0.079722069,0.56260329,0.67923486,-0.073993318,-0.89875162,0.24114354,-0.63098645,0.17305228,0.91884208,-0.49143252,-0.42310426,0.39731243,0.34204108,-0.5666163,-0.97034949,0.5847199,-0.36582977,0.00294962,-1.3589085,0.18443047,-0.17054856,-0.72610176,-0.44300017,0.85733998,0.36944509,-1.7979071,-1.2726289,-0.38137746,0.010145909,0.3584654,-0.10487978,0.030785866,0.44129282,0.26625171,-0.20685321,0.22453362,0.2534129,0.31763476,0.13336346,-0.1642848,0.16491738,-1.3863989,-0.015168805,0.44416407,0.086954966,0.15163851,0.53942424,0.87959749,-0.41017377,-0.81372285,-0.35561931,0.23657933,-1.5920165,0.32218766,0.27147704,0.37865704,-0.77854103,-1.3472658,0.25134772,-0.28872594,0.038829938,0.030558655,-0.050702177,0.32498232,0.15477824,0.35641637,0.32550216,0.025403988,-0.2299445,-0.42236534,-2.0315499,-0.58718407,-0.9513815,0.085732579,-0.88583672,0.001242712,-0.10485964,-0.38206342,0.11176862,1
0.45922971,0.22146401,0.18709639,0.44220209,0.43504989,0.45238501,0.42983165,0.41976571,0.43225658,0.43514344,0.42315233,0.41918045,0.42351002,0.40191954,0.42566121,0.418832,0.41135612,0.44612786,0.43193281,0.40141621,0.40092999,0.42546687,0.41075593,0.39948803,0.41282469,0.40860957,0.43021628,0.42244065,0.41106087,0.42286927,0.40982503,0.40144703,0.39300793,0.39491817,0.40966088,0.37833452,0.37982637,0.39714345,0.37219077,0.39966744,-0.80197632,0.16436681,0.33123195,0.42220983,1.3294425,1.6843896,1.3177577,0.67147398,0.77773488,1.598676,1.3892502,1.1505842,0.32120234,-0.11325566,-0.14621118,-0.2939423,0.51753253,0.32042405,0.32554877,0.25542682,-0.58252537,0.068018951,-0.40297952,0.3166191,-0.50269485,-0.031262271,-0.14403127,0.60448855,0.20631494,1.3524369,-0.18279372,0.19290595,-1.0778308,-0.1706903,0.025106948,0.70767468,-0.9019956,0.57746059,0.19701518,-0.84238964,-0.062882744,-1.0095738,-0.52503014,0.38450035,0.66414857,0.52976304,-0.001733723,-1.5717866,0.61398703,0.17195109,-0.89585376,0.47457674,0.0210292,0.072593197,0.66109127,0.05512464,0.43974075,-0.36350054,0.18322727,0.4770323,-0.57705015,-1.0749365,0.077862658,0.54929072,-0.26464728,0.20821154,0.050438851,-0.1771408,-0.15309548,-0.22407594,0.42094946,0.94469655,-0.13650012,-0.58528394,-0.66463304,0.16018635,0.38027167,-1.0325445,0.3830235,-1.0653603,-0.24938124,-1.6864907,-0.8622787,-0.069476083,-0.52752161,0.29637629,-0.39633366,0.23237717,-0.088583946,-0.24407464,-0.75757861,-0.54366553,-0.092473,-1.0326123,-0.13412678,-0.13728334,0.17929448,0.05054079,-0.51516676,-1.5339918,0.28552029,0.45009765,0.74767017,-0.10183997,0.43885326,0.32118434,0.013756655,-0.3135156,-0.36889714,0.21522844,-0.41710809,-0.16265742,0.31879368,-0.16924433,-0.6999492,0.015704751,-0.51204771,-0.59308064,0.23968087,-0.3694365,0.044926126,-0.48790407,0.47487092,0.73680019,-0.046141565,-0.13788663,-1.6291491,0.66928124,-0.14086001,-0.072012603,-0.038414225,-0.53618497,0.008680774,-0.1711434,-0.473023,0.91980618,-0.69223744,0.16511993,0.39979443,-1.6242573,-0.19012122,0.35166055,-0.22062168,-0.40852928,-0.88572454,0.46175906,0.15048438,0.51311994,0.70086938,-0.7385025,-0.27069274,0.046477433,0.2819801,0.18559793,0.40838766,0.1567145,-0.072773457,-1.1828074,-1.4921731,-0.65948164,0.22945344,0.50563079,0.040479898,-0.3658537,-0.22435886,0.14666194,1.5271934,-0.12336813,0.030343935,-0.28028059,-0.21316305,0.8690201,0.11730573,0.24725866,1.3954993,-0.064387083,-2.4161398,-0.16987842,0.41786909,-0.059361555,-0.32933813,-0.80326188,0.060152009,-1.2496428,0.29194754,-1.3328581,0.36571589,0.053900529,-0.7839753,0.088686287,0.096914515,0.61105818,-0.20773992,-0.45561278,-2.4319377,0.32515809,-0.62770003,-0.093761645,-0.027907044,0.046328962,0.54846007,0.13665867,-0.24958125,0.49511021,-1.4556595,-0.77043551,-0.33936864,0.39258021,-0.35371646,0.17193554,0.16552605,0.35461253,0.006989837,0.36952138,0.46011996,0.79027075,-0.95698822,-0.20587654,0.63313222,0.17090791,0.18252186,-0.060558368,-0.27353293,-1.0507807,-0.48014092,0.12770946,-0.34110078,0.13353211,1.0741173,0.34945303,-0.43691403,0.18233131,-0.31690004,0.45772499,0.46053937,-0.39815876,0.15488952,1.3819077,0.004373327,0.24696767,-0.84428859,-0.19486366,-1.7820832,1.0531945,-1.2909317,-0.11593691,-0.15065339,-1.5265764,-0.14180408,0.22314718,0.34028113,0.55871511,0.45964357,0.38767353,-1.6192536,1.0385201,0.20549925,1.2191846,0.017899508,-0.95718086,-0.039577603,-0.75904089,0.52997774,0.18376303,-0.83642083,0.20956749,-1.6800894,-1.4442508,-1.2528026,-0.40044212,0.42744878,0.519665,0.31984723,-0.90701842,0.68851101,-0.99896729,-0.25985622,0.35282981,-1.0256598,0.010340547,-0.006371056,0.52654928,-0.11475997,0.36674023,-0.068285711,0.54246807,0.049465366,0.75339097,-0.038888112,-0.16013469,-0.65584564,0.36799204,1.0065855,-0.61444044,0.62111771,0.40389991,0.55293047,-0.63131118,0.47752208,0.52925569,-0.93978298,-0.39094162,0.084473722,0.18413891,0.17209634,0.67660582,-0.36071289,-0.51339591,-0.35666379,0.018813029,0.50066429,-0.287063,-0.030074827,-0.30345529,0.15206437,1.1602585,-0.89219791,0.1644548,0.27542311,-0.55145931,-0.070825368,-0.28630379,-1.2773786,-1.7610306,-0.23130347,0.57500571,0.14937904,-0.26092702,0.65028906,0.18114805,0.44318238,0.26540196,-0.13946871,-0.4412643,0.2339066,0.097803831,-0.33017147,-0.60616142,0.17944291,0.11551616,1.0257523,-1.491389,-0.24067648,1.501083,1.52843,0.40867758,-1.1507201,-0.25238815,-0.44550574,-0.090633973,0.11135648,0.45042971,0.77631134,0.78420687,0.38502023,0.13683045,0.21586548,0.7549575,0.67339957,1.1290588,-0.8250314,0.27881071,0.3058106,0.063618124,-0.31719482,-0.18813263,-1.5430892,0.30733538,0.067791872,-0.33436379,-0.33850601,0.15123028,0.12337834,-0.65474731,0.23898473,-0.20864284,0.28272337,-0.093508273,0.68432182,0.87184572,0.19197573,0.09583801,0.5995127,0.31179965,-0.068100989,-0.89169526,0.23112676,-0.62977391,0.14596398,0.80707228,-0.54174912,-0.38879123,0.43058753,0.34648615,-0.51481551,-1.0416218,0.52509046,-0.54325569,0.050770495,-1.2955842,0.26642221,-0.18356389,-0.80876541,-0.59058893,0.93858731,0.45017684,-1.7777039,-1.3287071,-0.30935079,-0.014203426,0.298545,0.042276736,0.07383503,0.43273842,0.18519266,-0.16006035,0.24909185,0.36552137,0.4022893,-0.069797292,0.18265434,0.12386468,-1.416464,-0.063093215,0.43980423,0.10079706,0.14242545,0.6017043,0.87028897,-0.3726151,-0.80500859,-0.35413691,0.30501971,-1.5949731,0.28389215,0.22883454,0.33205462,-0.73913199,-1.2824515,0.3093898,-0.38781798,0.17932469,0.028049037,-0.038709901,0.59363961,0.05365127,0.28238624,0.50533134,0.024249034,-0.18011057,-0.41155073,-2.0708926,-0.64372277,-0.88336205,0.08845073,-0.8256942,0.037243858,-0.059647091,-0.2660124,0.11727465,1
0.55165941,0.3129907,0.27570468,0.5355835,0.5347299,0.55791789,0.52669841,0.50803119,0.53414077,0.52888703,0.52262706,0.51624197,0.51136374,0.49170768,0.52026528,0.50884217,0.50203347,0.53827208,0.54024458,0.48895645,0.49470395,0.52223593,0.5128659,0.49142215,0.5141924,0.5112654,0.5363071,0.5237819,0.50347507,0.51063478,0.51344723,0.50167978,0.49402419,0.48793179,0.50742149,0.47286153,0.47275192,0.49581429,0.47795001,0.50079268,-0.80367196,0.23884177,0.30271155,0.35900936,1.1782348,1.5321473,1.2036163,0.580392,0.68869191,1.4609108,1.2872372,1.0276842,0.37037396,-0.11849172,0.12475523,-0.20725171,0.55124742,0.35381466,0.33988702,0.27426007,-0.55651665,0.054516397,-0.45859179,0.28212094,-0.46968174,0.10625456,-0.049566895,0.78002167,0.032309473,1.6315174,-0.18117207,0.19925697,-1.0039599,-0.11184041,0.001825368,0.78021872,-0.76584762,0.64171809,0.29131323,-0.8611418,-0.044508372,-1.0668464,-0.50284421,0.44545537,0.70730221,0.57148737,-0.047620121,-1.688185,0.83222812,0.1495318,-0.87035269,0.38761002,0.040413264,0.12629424,0.73004168,0.045751512,0.46434197,-0.52101344,0.14869942,0.4894053,-0.32036182,-1.0140662,0.030904263,0.45495167,-0.2579748,0.27266312,0.12872672,-0.35017863,0.11034049,-0.2100241,0.43064976,0.69496036,-0.12515663,-0.1781635,-0.60027498,0.24679089,0.7451244,-1.0659634,0.3640123,-1.0877117,-0.297279,-1.6550498,-0.95547014,-0.036259376,-0.59765965,0.062369049,-0.38884503,0.14347452,-0.093675889,-0.29326123,-0.67320389,-0.44400886,0.24639574,-1.0114161,-0.127882,-0.28062707,0.12651631,0.040259063,-0.59842002,-1.6236739,0.78673911,0.46087164,0.74168569,-0.088998705,0.40500253,0.25321746,-0.025354363,-0.21779306,-0.27160734,0.34110644,-0.63294572,-0.23894334,0.36750808,-0.39079005,-0.72242934,-0.058452386,-0.59298575,-0.79008204,0.25339764,-0.4956044,0.098212622,-0.58484852,0.54790747,0.59704733,-0.14171322,-0.041890226,-1.7415934,0.69760025,-0.068622567,-0.01911141,-0.082457356,-0.59857875,-0.14383942,-0.16462488,-0.56197798,1.0452571,-0.30881432,0.20878777,0.43373328,-1.8747923,-0.078619048,0.21505979,-0.16794395,-0.68553096,-1.0308818,0.43926346,0.26161924,0.46987468,0.75601751,-0.67263919,-0.30320486,0.079294421,0.5066511,0.096784875,0.31855041,0.15109061,-0.13873735,-1.2198017,-1.6172318,-0.51194829,0.32664073,0.64065689,0.024199039,-0.28082216,-0.089696944,0.015657142,1.6742369,-0.012735158,0.13297173,-0.36597818,-0.26859578,1.1078932,0.1120698,0.24950588,1.7513614,-0.2568292,-2.4570382,-0.16007601,0.36027867,-0.053819109,-0.22611631,-0.98168516,0.30425951,-1.4360907,0.36218706,-1.350239,0.41252071,-0.09098465,-0.89591402,0.045413926,-0.04645142,0.50685358,0.00699167,-0.2426082,-2.6363218,0.2906006,-0.67953289,-0.044283051,-0.21555245,0.21617436,0.37612838,0.10432097,-0.15721998,0.76705778,-1.5950471,-0.87519485,-0.2995511,0.41724226,-0.39963531,0.17052664,0.1495668,0.38446409,0.087449916,0.28016585,0.30666602,0.90540838,-0.81773722,-0.21313266,0.60255027,0.11574206,0.25447154,-0.1872856,-0.27351218,-1.0203019,-0.42925251,0.12011608,-0.42302081,0.31960821,1.1260802,0.324159,-0.39450118,0.19767992,-0.30534422,0.50933051,0.5790506,-0.36500296,0.16866753,1.229339,0.043846808,0.23989546,-0.9257443,-0.33533499,-1.8351275,1.0277773,-1.7210882,-0.15054624,-0.098078258,-1.2541748,-0.027284659,0.16425723,0.003920272,0.12109828,0.5631234,0.65844053,-1.7631586,0.88000166,0.13059852,1.2756084,-0.10167523,-1.1354898,-0.11439459,-0.77772212,0.52211207,0.12933776,-0.74909425,0.3342213,-2.0026517,-1.364282,-1.3944916,-0.43533418,0.31263244,0.47615403,0.29967934,-0.86876577,0.74014223,-1.1810994,-0.37433702,0.38737497,-1.0429075,-0.10323579,0.13578698,0.44860095,0.04170616,0.21139364,-0.19092944,0.54408628,0.058514532,0.5615229,0.046532698,-0.084824987,-0.57705617,0.42392138,1.036605,-0.71190131,0.68217862,0.46999624,0.48448873,-0.80433309,0.69596678,0.70243573,-1.2176841,-0.47451937,0.11417311,0.19963953,0.19469276,0.7791096,-0.39240614,-0.49816251,-0.44707888,0.051652998,0.61810446,-0.25692216,-0.1029566,-0.30984923,0.19837515,0.9560703,-0.9786703,0.20445582,0.26093918,-0.33950889,-0.20691052,-0.021255538,-1.4082893,-1.6855112,-0.32784921,0.56690294,0.071807921,-0.32022896,0.55851245,0.12913544,0.38069412,0.30396411,-0.27817971,-0.58261329,0.24072485,0.029732,-0.2455477,-0.33580559,0.25646889,0.2033141,1.0495728,-1.5407131,-0.040991191,1.4693011,1.4846411,0.49047264,-1.2470533,-0.27973685,-0.51567447,-0.26097721,0.26081353,0.42975289,0.84392351,1.0699373,0.45426157,0.17098054,0.081879146,0.74262822,0.75144565,1.0302961,-0.7492218,0.2291016,0.34021491,0.000513747,-0.42261189,-0.23348716,-1.6691463,0.33419436,0.041534752,-0.30717286,-0.33096224,0.19064295,0.14281507,-0.65538442,0.14417437,-0.24098888,0.1560103,-0.27200407,0.63514084,1.133464,0.27684417,0.008486904,0.53272814,-0.21286342,-0.086154535,-0.88905716,0.37659734,-0.65619779,0.23848218,1.0737379,-0.52642071,-0.54684901,0.33179009,0.27592283,-0.72157413,-1.0735481,0.77235264,-0.45227832,0.097886406,-1.4252201,0.1272593,-0.092264213,-0.66914272,-0.4987807,0.95884353,0.23772109,-1.8951291,-1.353984,-0.43541601,-0.026371114,0.40846348,-0.10195835,0.06642247,0.44769421,0.21934958,-0.20090474,0.14138991,0.2739062,0.42694604,0.12411924,-0.033914581,0.2931042,-1.3891604,-0.099080518,0.47827709,0.097624876,0.15610202,0.54552382,0.74304712,-0.41085863,-0.85660446,-0.44744867,0.081412897,-1.6758513,0.27264822,0.20088743,0.36279014,-0.86219609,-1.4666646,0.25797796,-0.27094898,-0.046412706,0.050945789,-0.078582622,0.44831872,0.10007659,0.33833063,0.48422536,-0.001377372,-0.035925582,-0.50374818,-2.1766243,-0.68404567,-1.0366995,0.11351487,-0.89778405,0.18775466,-0.045598701,-0.51790613,0.14326486,1
0.49236298,0.25059846,0.19691804,0.50247806,0.49034637,0.51337373,0.4898459,0.48068029,0.48590365,0.48673177,0.48250785,0.48035342,0.48825151,0.46171027,0.48635444,0.46727967,0.47401649,0.50265372,0.49710038,0.46566057,0.46412611,0.4721598,0.47266996,0.46399122,0.47013915,0.47404411,0.48055071,0.46687657,0.48134071,0.46893096,0.47312519,0.45638949,0.45531973,0.45571321,0.46327987,0.43068826,0.43842715,0.45168442,0.43316478,0.44858316,-0.74216986,0.16715105,0.32402605,0.42617375,1.360289,1.6761672,1.2884368,0.66901553,0.76785576,1.6043043,1.3953841,1.1502223,0.4014315,-0.080771819,-0.27835032,-0.3604874,0.69013482,0.4372468,0.36519331,0.29655874,-0.61245954,0.039242171,-0.34194663,0.23339483,-0.59356177,0.05116117,-0.18250075,0.61291188,0.16718195,1.1489574,-0.2117698,0.22233203,-1.0450423,-0.15206227,-0.040805385,0.87950355,-0.96665794,0.63988948,0.11212388,-0.79597604,0.080909878,-0.80516171,-0.48404646,0.50178075,0.95074195,0.43306717,0.001631681,-1.4744253,0.55240738,0.10664628,-0.89112574,0.42082444,-0.017400317,0.035876419,0.69358069,0.10386287,0.33862168,-0.20686357,0.079304695,0.58928895,-0.81439745,-1.0316303,0.048096783,0.64604652,-0.4174546,0.24431157,0.29637483,-0.17633323,-0.18333605,-0.1874788,0.22416374,0.70842361,-0.18287095,-0.30004835,-0.53109556,0.11860519,0.16034116,-1.0360016,0.3229458,-1.2054074,-0.23109514,-1.6080378,-0.79681885,-0.11962061,-0.34998286,0.41529715,-0.47278708,0.17588322,-0.098877281,-0.096478954,-0.73561305,-0.62829089,-0.20747441,-1.0484422,-0.19175088,-0.09297955,-0.094209895,-0.004242837,-0.30310035,-1.5165195,0.38844055,0.47628325,0.78304929,-0.26014543,0.42730057,0.26851666,-0.034637488,-0.51277137,-0.44368619,0.3173269,-0.82464194,-0.10381699,0.42089489,-0.12309475,-0.6322453,0.16213346,-0.46690375,-0.32389039,0.27428022,-0.38969409,0.079829156,-0.54511261,0.49324286,0.81084949,0.091212876,-0.042409249,-1.405558,0.47546595,-0.065603316,-0.061110944,-0.079411119,-0.48038211,0.015417384,-0.18522811,-0.49757344,0.84961021,-0.66880977,0.14278179,0.47491783,-1.5899005,-0.18189004,0.3618232,-0.26487234,-0.23460534,-0.83020788,0.34375116,0.067469537,0.46254635,0.72013074,-0.79333562,-0.15778533,0.11859372,0.32903484,0.18536945,0.28945458,0.20372316,-0.32673979,-1.215032,-1.5490716,-0.76005512,0.27162477,0.65553397,0.14823401,-0.44351512,-0.35234991,0.15849406,0.97449839,-0.22470917,0.043310523,-0.15431486,-0.22568302,0.76239526,0.11869127,0.26218751,0.61653483,-0.15533443,-1.8646649,-0.13867107,0.34723973,0.015346838,-0.27563921,-0.73406613,0.014199182,-1.2074182,0.23409596,-1.1128902,0.035938472,0.0120463,-0.80272824,0.10218129,-0.10605115,0.3445766,-0.17424914,-0.71717387,-2.3213019,0.31931534,-0.36804098,-0.080072843,-0.14066139,-0.064209029,0.41010928,0.084309995,-0.19349,0.57478374,-1.4613341,-0.56246305,-0.43077141,0.36683822,-0.44614011,0.078310713,0.25614667,0.31418318,0.064322263,0.40724814,0.42692667,0.75843853,-0.7218796,-0.20753437,0.45405701,0.007962693,0.19106561,-0.15327376,-0.2219595,-1.0133051,-0.43707249,0.1185472,0.021228582,0.039377421,0.98815644,0.37349567,-0.41869116,0.19209138,-0.30298537,0.42695779,0.53081441,-0.33496854,0.092218988,1.5202488,0.076886423,0.33797693,-0.96803838,-0.14738022,-1.8799012,0.88773936,-0.99283373,-0.14505756,-0.12599656,-1.3000156,-0.21372437,0.24043955,0.25730309,0.1958105,0.51021343,0.16960002,-1.6267211,0.81378883,0.27634928,0.98983192,0.086883701,-0.94478273,-0.056093004,-0.93804932,0.52120519,0.088664979,-0.86018234,0.13039039,-1.6342015,-1.2375052,-1.0277089,-0.4066757,0.36853543,0.54184544,0.35180807,-0.85811532,0.7725358,-0.90486354,-0.26631677,0.44986281,-0.99543041,-0.22194208,0.026404724,0.33727413,-0.15942615,0.43560693,-0.10390674,0.52831328,0.069434389,0.28818253,0.027534515,-0.18276536,-0.81652409,0.48338366,1.0047865,-0.4894776,0.59951961,0.46471941,0.42365783,-0.63810301,0.43240663,0.45255888,-0.7086556,-0.3563019,0.11642615,-0.098495156,-0.01817055,0.65724617,-0.27682301,-0.56127083,-0.34799603,0.099448204,0.49220714,-0.19670179,-0.093996659,-0.34732744,0.18447456,1.0231736,-0.95254564,0.20716846,0.31921926,-0.45155168,0.054759286,-0.36527038,-1.0974442,-1.790473,-0.41186443,0.6350137,0.20578861,-0.23911701,0.55318218,0.30920631,0.53996885,0.31885332,-0.017369479,-0.39337984,0.28866944,0.094647154,-0.33544186,-0.86700296,0.17721209,0.23707756,1.0835543,-1.4972411,-0.08923886,1.5487617,1.5277474,0.29319084,-1.222777,-0.2319832,-0.42120096,-0.087482028,0.088873088,0.2032052,0.6313889,0.64538902,0.35689721,0.082494535,0.21759614,0.86631691,0.62933999,1.0519276,-0.79927337,0.27453965,0.14925739,0.092218332,-0.25730401,-0.18148427,-1.4409662,0.33121595,0.028171709,-0.31079534,-0.31235236,0.1713298,0.069635577,-0.50420111,0.17580849,-0.17320426,0.12343202,-0.12794872,0.41248652,1.0084352,0.21115258,0.094168976,0.57110751,0.26538122,-0.031824633,-0.85728788,0.23242357,-0.70594704,-0.044585288,0.62512946,-0.57217205,-0.28533778,0.37457043,0.21501967,-0.50144345,-0.93008494,0.54832602,-0.4185982,0.29773632,-1.1429361,0.20999408,-0.30367678,-0.78304267,-0.65437061,0.94543886,0.39147371,-1.7939892,-1.1952399,-0.34502229,0.010716508,0.20940602,0.024148338,0.076322235,0.30324316,0.27480215,-0.20373183,0.24480936,0.34394705,0.28360692,0.51079369,-0.099799052,0.22188756,-1.2772627,-0.083992377,0.23084161,0.15223086,0.170293,0.55198729,1.0116887,-0.41979551,-0.8088581,-0.40193653,0.11728805,-1.4219986,0.38334879,0.23772489,0.39500853,-0.69609952,-1.2309397,0.33539146,-0.33815211,0.53843975,-0.12538806,-0.040542442,0.046879619,0.12171005,0.32387927,0.24997601,0.07639873,-0.16850904,-0.27851328,-1.9056242,-0.61172879,-0.74806333,0.1267672,-0.89403611,0.025736436,0.039703444,-0.3062807,0.23927476,1
0.38735941,0.135893,0.095972076,0.35656857,0.35650399,0.37265313,0.35089332,0.34173185,0.34416378,0.35326058,0.34221202,0.34675243,0.3430503,0.31244901,0.33910042,0.3332718,0.3285048,0.35437816,0.3468855,0.308267,0.31603751,0.3411262,0.33434278,0.311059,0.3389343,0.32738116,0.34947577,0.34717819,0.32628047,0.33662412,0.3439444,0.33565766,0.31729564,0.31726313,0.3396565,0.30013779,0.30082449,0.31169116,0.30651906,0.32176366,-0.91263402,0.076075748,0.23044688,0.38181168,1.1396677,1.5933344,1.2123508,0.56599057,0.66673928,1.4691596,1.2784382,1.0282058,0.47346327,-0.18571907,-0.29754078,-0.27238265,0.84390843,0.50537246,0.32617748,0.30264303,-0.68504596,-0.10553838,-0.38917953,0.27794462,-0.62619233,-0.21190487,-0.22463004,0.59676796,0.12314229,1.0415165,-0.16178864,0.27938244,-1.1541255,-0.15585843,0.018686147,1.0887892,-1.0731031,0.74174392,0.11159558,-0.90686643,-0.021097243,-1.0580583,-0.57903028,0.53030896,1.1128056,0.56959248,-0.037441444,-1.6057243,0.61713451,0.087607071,-0.99565756,0.38975954,-0.030923396,0.025814518,0.6701535,0.42681938,0.37977052,-0.20399386,0.16377521,0.67071617,-0.88922405,-1.0470829,0.020489652,0.53417706,-0.32407004,0.16721621,0.24683996,-0.18759224,-0.090578094,-0.24421988,0.22714978,0.82843858,-0.23911239,-0.31844133,-0.52366853,0.25356901,0.36349759,-0.92052317,0.33176807,-0.80964041,-0.26482844,-1.6897863,-0.85386997,-0.081657909,-0.54440022,0.43358853,-0.39690039,0.025128417,-0.064146243,-0.116924,-0.66032481,-0.46300772,0.12363054,-1.0920839,-0.00625661,-0.030135527,-0.02328299,0.26705238,-0.43656173,-1.5673664,0.50907087,0.43730402,0.81694472,-0.25633261,0.4863975,0.27089754,-0.11833176,-0.11271593,-0.47617531,0.31054604,-0.72631776,-0.296058,0.53517383,-0.2227139,-0.762568,0.029107936,-0.4714714,-0.5145129,0.27329856,-0.37491196,0.1189305,-0.6942637,0.46268255,0.53701419,0.057302579,0.051021077,-1.6067489,0.4725064,-0.15256523,-0.15435506,0.007721901,-0.51022863,0.079650089,-0.13188554,-0.60248917,0.91611803,-0.64643598,0.1646329,0.4686524,-1.2613471,-0.21898875,0.29866827,-0.042948566,-0.25617933,-0.78541976,0.48538831,-0.021680996,0.2194871,0.7955246,-0.82398349,-0.20412113,0.16054685,0.086010255,0.15968306,0.1962412,0.079035088,-0.36288172,-1.1936871,-1.6319437,-0.81724238,0.24293251,0.53238457,0.21291402,-0.29605788,-0.49620745,0.075637564,1.2992934,-0.1680941,0.020361044,-0.27630487,-0.11604811,0.96580482,0.13748544,0.31404269,1.1121253,-0.13030645,-2.0192688,-0.16328725,0.49750197,0.012388057,-0.050699141,-0.62946415,0.098694243,-1.2689584,0.21188757,-1.5494379,0.066345751,0.20639864,-0.78765196,0.21807858,0.17705522,0.510939,-0.17419606,-0.43398273,-2.3634152,0.20772919,-0.55362922,-0.043872043,-0.1961551,0.19373634,0.33890742,0.061096378,-0.25929406,0.49967474,-1.3720676,-0.79993677,-0.3125217,0.3580693,-0.4764308,0.17935437,0.25447762,0.37883025,0.045741595,0.44170734,0.36295101,0.87929082,-1.051101,-0.2131933,0.49092886,-0.019206792,0.34184435,-0.11130513,-0.097345971,-1.093365,-0.38719544,0.15051702,-0.45707089,0.17579639,1.0971953,0.3153733,-0.39988023,0.19541539,-0.38432971,0.50202131,0.5735212,-0.36347973,0.18524408,1.6810145,0.11714229,0.3534227,-0.7350682,-0.21626127,-1.8444211,0.83190012,-0.94525808,-0.12908702,-0.2963877,-1.4744625,-0.25328374,0.29498464,0.10746737,0.45201361,0.54868191,0.26140356,-1.6532313,0.8462103,0.1992797,1.0649508,-0.02134113,-0.99919593,-0.10747526,-0.95812225,0.54644495,0.082643315,-0.87279546,0.31220347,-1.6260712,-1.3179957,-1.3498117,-0.4434728,0.41618475,0.55429935,0.29653817,-0.75645578,0.80765599,-0.96356058,-0.23333296,0.23621383,-0.97740096,-0.06437318,-0.024610542,0.46787697,-0.000137404,0.35281262,-0.054109849,0.60994238,0.063746765,0.20828566,0.049001455,-0.046667919,-0.77345276,0.57065797,0.99350166,-0.35416734,0.48858204,0.36219734,0.57467109,-0.70108801,0.53399825,0.45935121,-0.7746886,-0.47073489,0.11590128,-0.0364687,0.098862372,0.79867792,-0.36596256,-0.5884639,-0.36441118,0.022047102,0.440115,-0.18298645,-0.18039232,-0.31137955,0.1816866,1.0990947,-0.88967472,0.20254913,0.3265253,-0.73122585,-0.051934406,-0.25963521,-1.1661426,-1.8186172,-0.47196013,0.67452854,0.035742432,-0.2453388,0.56942004,0.19553652,0.57228756,0.37602991,-0.085375607,-0.57673842,0.3367064,0.10601065,-0.28975308,-0.5488137,0.1513726,0.28884226,1.186862,-1.6248705,-0.056012068,1.4960119,1.6735134,0.34716415,-1.239599,-0.1300118,-0.39606217,-0.081154391,0.021502536,0.19376883,0.7358129,0.71918839,0.656497,0.098406389,0.22520347,0.72284389,0.76238346,1.0133739,-0.83307505,0.1630661,0.30594933,0.066994265,-0.30329043,-0.17029195,-1.4561754,0.43780994,0.0597905,-0.2961235,-0.1106904,0.15558794,0.22194107,-0.68359607,0.17254257,-0.24168953,0.11682369,-0.11919139,0.44948357,0.99508172,0.29344469,0.11925813,0.61157799,-0.14465275,0.12812144,-0.94655037,0.24283634,-0.78848547,0.070391804,0.63768917,-0.57022035,-0.45993668,0.2294507,0.2958591,-0.53113234,-1.1359062,0.545461,-0.67011112,0.21233514,-1.3111024,0.34737223,-0.17701674,-0.80235529,-0.50902104,0.90049422,0.39959192,-1.9258811,-1.1807276,-0.31895545,-0.015096047,0.2046206,0.094179772,-0.028053366,0.35799897,0.2890667,-0.16074362,0.19550708,0.36614034,0.36088052,0.011791721,-0.016989969,0.27418175,-1.429812,-0.019944312,0.35686129,0.10365217,0.19991113,0.53682119,1.0579771,-0.31935164,-0.84459633,-0.44706404,0.16296792,-1.7468258,0.42058989,0.3621276,0.36260289,-0.73746246,-1.2204905,0.28464919,-0.28509572,0.32616547,0.021714276,0.011689574,0.15927368,0.08623872,0.31876737,0.44640997,0.069572471,-0.035074435,-0.3061012,-2.0649517,-0.5708164,-0.7850666,0.18362506,-0.72329998,0.16300099,-0.22931361,-0.32436481,0.1908049,1
0.55078816,0.29761061,0.24502279,0.52949041,0.52378851,0.53962499,0.53131193,0.51528794,0.51538926,0.51938486,0.51070368,0.51883423,0.51608229,0.49276358,0.52512562,0.50821537,0.51811343,0.5312528,0.52063191,0.49563509,0.49566841,0.50905919,0.50072587,0.49759263,0.5102331,0.50260997,0.50740457,0.49354222,0.50577056,0.50355941,0.49622154,0.50999451,0.4846977,0.48910862,0.49768817,0.47894436,0.47923374,0.49023435,0.47234401,0.48594058,-0.81049198,0.21820085,0.26970577,0.39250326,1.1744862,1.5475463,1.1971952,0.56967974,0.67958999,1.4649918,1.2553613,1.0244304,0.40882456,-0.14792722,-0.22731386,-0.30400962,0.61527008,0.37260112,0.35796914,0.30547243,-0.54924345,-0.016874604,-0.51949406,0.28390267,-0.5068534,-0.009409834,-0.22101966,0.48860216,0.10872012,1.1486088,-0.20111929,0.20393431,-1.0819932,-0.14313211,0.033503778,0.71058315,-0.95475769,0.68380082,0.19802967,-0.88805562,-0.078746915,-1.183318,-0.50198054,0.41973409,0.79568857,0.56233007,-0.04117661,-1.5904862,0.67112899,0.10212435,-0.96381849,0.40004468,-0.049085706,0.083130196,0.75564134,0.1989862,0.31935745,-0.23631786,0.20858024,0.54948688,-0.75145394,-1.0389606,0.021547601,0.52776933,-0.20091859,0.25025827,0.21562451,-0.13814184,-0.15177035,-0.24565339,0.35489452,0.69375694,-0.19995666,-0.48269123,-0.48047483,-0.030384779,0.41614789,-0.99524248,0.37610781,-1.1040289,-0.20123748,-1.6737876,-0.80032778,-0.088128954,-0.62377483,0.3975687,-0.4050864,0.051395945,-0.077419885,-0.14961541,-0.67628402,-0.59574711,0.42944533,-1.0455256,-0.12135495,-0.019849703,0.087913074,0.10185355,-0.43787062,-1.5520881,0.83254349,0.45912591,0.76495564,-0.14406881,0.47331023,0.27829164,-0.10144326,-0.19811401,-0.36530036,0.32574484,-0.64550829,-0.14554287,0.40127754,-0.23058724,-0.70159459,0.034176148,-0.45603168,-0.48788351,0.21383211,-0.39246133,0.078198761,-0.67695439,0.51216274,0.67085636,0.074955396,-0.046423428,-1.5502548,0.56155789,-0.10442041,-0.17968063,-0.039136741,-0.47462064,0.048360519,-0.1476088,-0.58704776,0.95354891,-0.69681931,0.13605173,0.51990527,-1.2998226,-0.19863798,0.23184969,-0.12078938,-0.42809069,-0.76884091,0.47034141,-0.078252673,0.28782427,0.88453931,-0.74171972,-0.23699234,0.076221518,0.24098964,0.23996705,0.31258729,0.084285662,-0.21849684,-1.1882274,-1.6145142,-0.80398011,0.21638478,0.58812851,0.17605048,-0.36795166,-0.36290997,0.05738645,1.1810782,-0.072848156,0.036076672,-0.21724397,-0.18564606,0.92948556,0.16293071,0.26866713,1.0322676,-0.081086718,-2.0439775,-0.19773687,0.55414569,-0.002230053,-0.11840348,-0.69625103,0.005831972,-1.2185302,0.15668015,-1.3768443,0.14210156,0.12379865,-0.81645596,0.1090855,0.13172624,0.51994628,-0.17203408,-0.12157554,-2.35289,0.24325828,-0.4925335,-0.027871743,-0.038605206,0.25156224,0.39864779,0.096125297,-0.21903551,0.47262031,-1.4412968,-0.77312285,-0.33625659,0.38238797,-0.40009975,0.13482022,0.15474164,0.40490931,0.034878008,0.39524868,0.43286034,0.8207776,-0.93006903,-0.19020598,0.6684072,0.070492864,0.22703685,-0.052772794,-0.19513834,-1.0812981,-0.42358693,0.12811388,-0.41121507,0.027482092,1.1997088,0.3592369,-0.44822174,0.094829217,-0.33202919,0.44625264,0.60390949,-0.41270739,0.053316351,1.6712254,0.10648373,0.20080645,-0.83904099,-0.22376205,-1.784242,0.94322032,-1.0927534,-0.14054541,-0.25115761,-1.3313831,-0.28716362,0.19716717,0.25491416,0.37272376,0.40000367,0.30734792,-1.570177,0.86678487,0.0587353,1.2413068,0.004749727,-1.0272861,-0.067141369,-0.8655265,0.56381226,0.075360134,-0.91770935,0.31968635,-1.6275827,-1.3255243,-1.2311445,-0.37396255,0.41615561,0.79430926,0.35641682,-0.78022677,0.75697339,-0.95035326,-0.26618284,0.34999529,-0.92928475,-0.077528037,0.048017591,0.48007306,0.13928686,0.41811568,-0.14725274,0.59312528,0.036777254,0.3565644,-0.037953466,-0.12766936,-0.71912062,0.44702554,1.0160159,-0.39491072,0.63308156,0.44923583,0.54100114,-0.66350454,0.64782351,0.40317494,-0.7025556,-0.45972571,0.090465918,0.019130871,0.16600691,0.75160855,-0.33741185,-0.50591409,-0.38863993,-0.034894533,0.51988941,-0.20192157,-0.15702569,-0.34109795,0.16412647,1.240056,-0.96068108,0.15215158,0.32222044,-0.61991042,-0.023529615,0.005019382,-1.2197104,-1.8269721,-0.29691073,0.64987147,0.074079961,-0.239678,0.56867689,0.16392522,0.5366829,0.33154929,0.008875668,-0.50241601,0.24451907,0.064052254,-0.3693518,-0.42214972,0.13500082,0.21032509,1.1755067,-1.4548892,-0.053727731,1.3759022,1.7131218,0.45487657,-1.1983476,-0.23802532,-0.48613933,-0.10722759,0.073354699,0.1967966,0.77962327,0.38680068,0.54067433,0.19122212,0.24296032,0.82344091,0.64590359,1.1038419,-0.85250127,0.16567674,0.32922149,0.056615315,-0.30959591,-0.1807363,-1.4369009,0.35307091,0.009284323,-0.30669093,-0.17526859,0.28653461,0.16931784,-0.63325262,0.20776983,-0.14948592,0.47827274,-0.069967911,0.62067437,1.037614,0.27924201,0.051900126,0.5983389,-0.069385365,0.11463326,-0.91030455,0.26602384,-0.74820542,0.034159288,0.72317886,-0.60645783,-0.42000413,0.41258165,0.27515703,-0.51558948,-1.1076781,0.54141241,-0.66706657,0.042789247,-1.3101673,0.28080431,-0.17671138,-0.73534513,-0.49242932,0.96763635,0.37660876,-1.7660117,-1.1826234,-0.36841261,-0.035906103,0.25524259,-0.018893324,0.067238763,0.44851306,0.26469964,-0.24274373,0.23834848,0.36110044,0.26919833,-0.054088071,-0.12330634,0.25649175,-1.4370338,-0.065338358,0.38774866,0.088783138,0.11920946,0.51293415,0.95036304,-0.33204925,-0.74457049,-0.39665973,0.34363985,-1.6424882,0.37801045,0.24438232,0.39789143,-0.68246382,-1.1894683,0.25503087,-0.23865992,0.20500514,0.049458221,-0.0258881,0.34415597,0.11724176,0.29607162,0.38133156,0.063180521,-0.12041333,-0.3392854,-2.047693,-0.61045623,-0.83216757,0.10820968,-0.74915582,0.19686484,-0.11244112,-0.25464442,0.15745896,1
0.59923393,0.34888208,0.28535697,0.56884027,0.55691743,0.57490194,0.56265497,0.54685509,0.54489386,0.55488145,0.54346657,0.55030179,0.5567224,0.53145164,0.56886441,0.54075307,0.54853892,0.57120371,0.5636785,0.5388577,0.5257166,0.54537189,0.53278691,0.53264022,0.54634905,0.53889632,0.54735869,0.5369488,0.54080617,0.54473794,0.53647923,0.54095423,0.52585822,0.52649891,0.54046333,0.51060027,0.50798476,0.53314149,0.51237094,0.52640486,-0.96342331,0.26596358,0.3907252,0.47329161,1.2836059,1.6558682,1.3281063,0.69575787,0.80696714,1.5945108,1.3520977,1.1482865,0.43094933,-0.19827139,-0.28323865,-0.34265077,0.71783155,0.44047409,0.39041942,0.33879334,-0.74145687,-0.080883451,-0.69098598,0.37546629,-0.6018998,-0.067563996,-0.26254195,0.60227537,0.02335462,1.637732,-0.20717335,0.22914299,-1.2857636,-0.15885405,-0.017361706,0.99501526,-0.97360373,0.7104156,0.24157037,-0.9405483,-0.10692263,-1.4768002,-0.65578908,0.42572057,0.97947383,0.63155699,-0.006276792,-1.8811418,0.74138021,0.1011188,-1.1705025,0.54232574,-0.051082678,0.18759465,0.67248476,0.020429529,0.27700502,-0.38104111,0.19744948,0.62964523,-0.58626956,-1.177961,0.01448597,0.55935669,-0.3040095,0.25840509,0.088628516,-0.25867066,-0.099845514,-0.27620843,0.3678042,0.77976477,-0.20954202,-0.32627597,-0.50817168,0.21566387,0.49380833,-1.0427719,0.44528848,-0.9577499,-0.34076923,-1.9878168,-1.1591203,-0.048556346,-0.7293222,0.28816828,-0.37375519,0.11122002,0.063841768,-0.2599057,-0.85118431,-0.49646127,0.44276288,-1.20362,-0.14242545,-0.034748964,0.1624926,0.24797225,-0.51897842,-1.8851206,0.67321771,0.56095397,0.80243605,-0.13974792,0.53987432,0.31868964,-0.034187853,-0.14375497,-0.37665629,0.30456647,-0.58953017,-0.19681168,0.48772073,-0.37029117,-0.79077226,-0.009649384,-0.6301657,-0.61214751,0.33736819,-0.37397036,0.066209912,-0.75648332,0.60342181,0.6404441,0.072508261,0.10930187,-1.763054,0.74144518,-0.081446111,-0.22474834,-0.068554506,-0.57534194,0.024693144,-0.15920031,-0.72344214,1.0915031,-0.70648408,0.11471774,0.45464075,-1.8722876,-0.1311346,0.29025757,-0.06000784,-0.60201877,-0.92247039,0.48273537,0.10166036,0.35092357,0.81127763,-0.77398908,-0.24729332,0.097660616,0.087733135,0.22160394,0.2897135,0.19185185,-0.2722947,-1.4078209,-1.8441894,-0.77823901,0.23817904,0.76261461,0.18436278,-0.41906521,-0.32716754,0.008875914,1.3098687,-0.057426836,0.070528865,-0.21555649,-0.30921236,1.1906776,0.22166176,0.30716503,1.3827872,-0.24023704,-2.2305589,-0.15200576,0.60839862,-0.049397457,-0.10840708,-0.95696831,0.10532077,-1.5219288,0.1589683,-1.2450756,0.3546941,-0.058634073,-0.87991238,0.14701442,0.19017334,0.67432082,-0.15942362,-0.17106573,-2.8420749,0.30699003,-0.68748707,0.011114061,-0.028058015,0.24055696,0.53211796,0.14061415,-0.14059874,0.67640972,-1.8552957,-0.88308674,-0.30718058,0.41434535,-0.4425824,0.20239437,0.19074252,0.54383522,-0.003678886,0.40087295,0.47504175,0.78683037,-0.88611138,-0.26817501,0.73050094,0.049501076,0.25064632,0.011726378,-0.30681133,-1.300501,-0.55897075,0.12551469,-0.50135255,0.34291255,1.191503,0.42083246,-0.44890779,0.29140127,-0.36082721,0.53201962,0.60822171,-0.40052345,0.048154257,1.6182964,0.099697962,0.23237367,-1.0233463,-0.31182218,-2.0202012,1.1097957,-1.5743737,-0.082572162,-0.1230754,-1.4714565,-0.11102258,0.13084644,-0.10547788,0.46450052,0.53246135,0.53048712,-2.0047095,0.94396991,0.13617055,1.3474579,-0.066189647,-1.2314155,-0.16713092,-0.99555463,0.65421849,0.15558097,-0.82583213,0.46150494,-1.9398043,-1.4953029,-1.4684393,-0.5051167,0.4248243,0.47489965,0.41451639,-1.033461,0.86337698,-1.1572254,-0.18671437,0.30132246,-1.2005618,0.047929108,0.09386462,0.56254685,-0.040448301,0.35984707,-0.17264682,0.52539188,0.020335957,0.61497855,0.13761474,-0.11631938,-0.71499002,0.51644719,1.0776809,-0.62194908,0.68742341,0.56505865,0.60433304,-0.72689319,0.72304159,0.51800168,-0.9733808,-0.72324085,0.11590391,0.079290234,0.16700169,0.91670114,-0.44178063,-0.50966728,-0.49737352,-0.077589266,0.61001915,-0.23307206,-0.038395539,-0.43755618,0.23495045,1.172242,-1.2018292,0.15637673,0.32581764,-0.69634795,-0.072619468,-0.094952345,-1.5780617,-2.1197984,-0.23168653,0.72428226,-0.072030962,-0.25117773,0.69666272,0.14006406,0.60192943,0.37155247,-0.22356705,-0.66712081,0.30646831,0.054201864,-0.24512447,-0.33808434,0.15375277,0.52142954,1.2250196,-1.764385,0.028491905,1.5898188,1.6303872,0.47737306,-1.4502039,-0.30390683,-0.59343123,-0.26006275,0.051604751,0.26916385,0.90826058,0.8910445,0.43923855,0.23378098,0.20697407,0.86379057,0.74184185,1.048888,-0.98485649,0.28631583,0.38877225,0.11459436,-0.48524505,-0.17741171,-1.7795831,0.44341213,0.016876673,-0.33448321,-0.14186969,0.37846258,0.24054186,-0.70443249,0.26019409,-0.15523797,0.25833586,-0.14267063,0.68493462,1.111441,0.26247638,0.096391939,0.64874774,-0.058703467,-0.054240502,-1.038076,0.32104117,-0.79692113,0.17988116,0.96144706,-0.71006554,-0.53104758,0.51135927,0.40733379,-0.65442616,-1.1668638,0.60677755,-0.59405041,-0.079037763,-1.6164351,0.27823371,-0.1823025,-0.91694576,-0.44507977,1.0621321,0.50010145,-1.971957,-1.1912824,-0.4427318,-0.057957355,0.28239524,-0.068507887,0.065604851,0.5259161,0.32145745,-0.20862362,0.24192007,0.39823759,0.37549862,-0.037878178,-0.070020273,0.37893951,-1.6445174,-0.06427443,0.4880957,0.098404258,0.12169318,0.5633238,1.0053024,-0.43676949,-0.83678555,-0.52267694,-0.023537859,-1.9723085,0.25536329,0.37886584,0.48184308,-0.80587959,-1.3868803,0.27616104,-0.35222194,-0.050912067,-0.008816015,-0.10862212,0.44604701,0.14443816,0.35403055,0.48167104,0.035169221,-0.15253596,-0.44345176,-2.4391093,-0.70038956,-0.97336823,0.1520613,-0.97240222,0.1951423,-0.13366897,-0.4135848,0.1622315,1
0.60144442,0.35575834,0.29739708,0.57334107,0.56531274,0.57842898,0.56108046,0.55689526,0.56050539,0.54996347,0.55944157,0.56096792,0.56119847,0.53547025,0.55366379,0.5387243,0.55464625,0.57743955,0.55333179,0.5506525,0.53762305,0.54699373,0.54167825,0.54234409,0.5482524,0.54819381,0.52476442,0.53708613,0.5483337,0.5508883,0.54001486,0.54521143,0.52465558,0.52618772,0.53619576,0.51650232,0.51727831,0.53875077,0.51510859,0.52031106,-0.77526087,0.27929875,0.29905319,0.43711311,1.2436006,1.6084218,1.2557341,0.6179229,0.71403623,1.5137917,1.3088355,1.0739158,0.36033803,-0.11755408,-0.036991775,-0.29373536,0.54224461,0.33537841,0.32700485,0.27450916,-0.49523705,-0.010832425,-0.41982293,0.26190105,-0.43589464,-0.061516341,-0.18654838,0.65943605,0.066761851,1.1370531,-0.16150093,0.1906918,-1.0528185,-0.21066274,0.005408114,0.66386545,-0.78525293,0.64480805,0.183909,-0.86086839,-0.044132799,-1.0412346,-0.5917204,0.46180838,0.7334944,0.48964643,-0.012154734,-1.6436509,0.73254472,0.098173171,-1.0216336,0.50770819,0.036829375,0.13785197,0.60860729,-0.012597114,0.40228355,-0.32903492,0.10032296,0.50935996,-0.56151825,-1.0094018,0.004594825,0.56872803,-0.26873249,0.17853484,0.060143277,-0.16450721,-0.11535001,-0.21158174,0.39272702,0.7955513,-0.15893124,-0.40427512,-0.58563197,-0.030372992,0.62258494,-1.0078636,0.38367185,-0.88698781,-0.21275926,-1.635565,-0.91028017,-0.090396762,-0.56905347,0.25142524,-0.39425164,0.10182907,-0.14915302,-0.2164396,-0.71824074,-0.49375093,0.37203494,-1.096725,-0.22060479,-0.059410002,0.12065516,0.18052085,-0.46167007,-1.5498091,0.446464,0.44573939,0.74346191,-0.1721987,0.45033687,0.30405068,-0.025238924,-0.17426875,-0.2542921,0.40645844,-0.49816921,-0.098952621,0.31464657,-0.33753812,-0.66408664,0.073850088,-0.50914937,-0.59056586,0.278914,-0.44690526,0.034579992,-0.43357038,0.47021934,0.57804227,-0.020123586,-0.056194723,-1.555307,0.7424233,-0.027165914,-0.12856714,0.011251036,-0.52085364,-0.024023473,-0.14622895,-0.50272322,0.98131245,-0.67441469,0.12698533,0.42360294,-1.5250542,-0.18568292,0.25153133,-0.1999453,-0.40614071,-0.81166917,0.34877625,0.051269367,0.35561118,0.64840406,-0.76737612,-0.29419082,0.011707142,0.73964489,0.07497035,0.27687582,0.075828589,-0.18737918,-1.2155385,-1.6031151,-0.63474083,0.24610169,0.46008956,0.11802697,-0.43488869,-0.37072688,0.069373399,1.1146562,-0.1100787,0.011887269,-0.25680283,-0.13022685,1.0206234,0.14341569,0.23819783,2.2925935,-0.13937217,-2.180238,-0.10922422,0.49274889,-0.027876789,-0.13595912,-0.74412799,0.010888554,-1.2102337,0.26199353,-1.1666013,0.37501401,0.000975452,-0.8152743,0.095806018,0.24976763,0.63621664,-0.20151892,-0.26275247,-2.4398882,0.29282722,-0.63979846,-0.019665126,-0.1008509,0.20960954,0.47297809,0.11034189,-0.10937765,0.5719679,-1.5623062,-0.7314111,0.16403821,0.46231309,-0.37952489,0.16703925,0.23586026,0.32939142,-0.036957476,0.29405111,0.44676876,0.70273829,-0.81675541,-0.20335574,0.52586561,0.051598802,0.2116591,-0.093271211,-0.16163464,-1.1550533,-0.42625767,0.1269131,-0.45144811,0.063086301,1.0377175,0.32949683,-0.39485362,0.1162627,-0.30344033,0.4455415,0.7960403,-0.39761651,0.004382178,1.0558984,0.16939253,0.23008618,-0.85387427,-0.21517405,-1.8069029,0.84621555,-1.4315767,-0.042031378,-0.051839858,-1.2806284,-0.20667237,0.15634005,0.21993148,0.70929652,0.33345485,0.61766219,-1.6421748,1.0731717,0.092571974,1.1089909,-0.070088461,-0.91275263,0.012056679,-0.82674974,0.64966118,0.049282819,-0.7390936,0.35156411,-1.7756793,-1.3351191,-1.3043356,-0.4928292,0.37857246,0.73129815,0.34418002,-0.96511269,0.79194295,-0.9580943,-0.28222626,0.30956891,-0.95362312,-0.009764163,-0.016851351,0.50353765,0.15627714,0.30817834,-0.13315272,0.44229451,0.034879126,0.60037452,-0.012284018,-0.15785661,-0.72488415,0.40797779,0.89635426,-0.60280061,0.61572176,0.42490411,0.38305074,-0.7116493,0.6540848,0.43639413,-0.92376798,-0.42174307,0.078074001,0.18902463,0.19686331,0.67608291,-0.31576347,-0.39086416,-0.31495011,-0.053891689,0.34193754,-0.22869831,-0.1529716,-0.39111128,0.17117031,1.0492899,-0.93925768,0.16406025,0.28946421,-0.52450818,-0.057764933,0.039266467,-1.3556628,-1.7877722,-0.248173,0.64569145,-0.030937791,-0.28727448,0.57896209,0.079326756,0.46282619,0.31899178,-0.039725527,-0.50329155,0.21647803,0.060812294,-0.33318907,-0.3882913,0.16934124,0.19620329,1.0878007,-1.49698,-0.08673124,1.4451244,1.4055144,0.50003767,-1.2272458,-0.28888959,-0.51960045,-0.1356895,0.14410202,0.33476514,0.6864062,0.8878684,0.37881547,0.24026281,0.20665875,0.81897587,0.57479656,1.1208876,-0.82522362,0.083475977,0.38511831,-0.016217187,-0.41669366,-0.11005759,-1.4562137,0.34162959,0.03089178,-0.30397221,-0.20171109,0.2598772,0.13392334,-0.577654,0.27182329,-0.18376718,0.28999534,-0.089973569,0.45071268,0.8793608,0.21034126,0.054681823,0.55517268,-0.19255093,0.069706827,-0.89675844,0.32798332,-0.66244912,0.26701516,0.76231056,-0.48399809,-0.39034963,0.38580301,0.25178042,-0.62232405,-1.0609467,0.58284426,-0.41422552,-0.006457968,-1.3418016,0.20232755,-0.12814119,-0.8056047,-0.46573925,0.82199955,0.29651916,-1.7832657,-1.3167236,-0.34876615,-0.008394619,0.30326265,-0.031210007,0.035591438,0.45080006,0.24568667,-0.16287258,0.19848792,0.33300808,0.38348839,0.023185194,0.008333862,0.23926479,-1.3257586,-0.04353502,0.64597243,0.12581944,0.13819794,0.45357478,1.0020452,-0.46842679,-0.71128196,-0.43310121,0.55186546,-1.6506515,0.31411409,0.1693982,0.38279223,-0.81045341,-1.2263186,0.22477451,-0.31250146,0.061100885,-0.003832258,-0.049088992,0.45162281,0.086811163,0.28473374,0.28539222,0.056712441,-0.15896869,-0.43759602,-1.9630154,-0.64993382,-0.91022253,0.03380651,-0.87136173,0.10609295,-0.13010126,-0.28912696,0.12552133,1
0.62640452,0.36851218,0.32791129,0.59676695,0.60182738,0.6161499,0.59280503,0.58599335,0.59153187,0.5965482,0.58336341,0.59205544,0.58199894,0.5603165,0.58681786,0.57928431,0.57626808,0.60252798,0.59917223,0.56671393,0.56178045,0.58390522,0.57811797,0.56360853,0.57741976,0.5714227,0.59101033,0.58046746,0.57603562,0.58122647,0.57820129,0.57968497,0.56419492,0.56075895,0.57609522,0.54058611,0.5462597,0.5648011,0.553774,0.5652864,-0.75985181,0.30811539,0.32140785,0.40931365,1.2581947,1.6558034,1.2836982,0.64420903,0.76070446,1.5536623,1.3785132,1.1109238,0.3593891,-0.13738002,-0.20724419,-0.18507488,0.63474476,0.43007192,0.33844817,0.2639797,-0.31626347,-0.009457933,-0.32892528,0.29934892,-0.60910451,-0.049623873,-0.23223375,0.96915948,0.24622084,1.1334698,-0.22882268,0.23872991,-1.133904,-0.13540715,-0.056297127,0.86115921,-1.0286925,0.63363254,0.047714397,-0.83842903,0.23639058,-0.55887008,-0.54463154,0.51992351,0.75905162,0.47998416,-0.026059046,-1.4147875,0.52684307,0.14605087,-0.79347259,0.43711379,0.01633206,-0.053709909,0.72359061,-0.058464624,0.40933397,-0.2190586,0.12960801,0.48738137,-1.0479145,-1.081357,0.025629412,0.7428664,-0.34343916,0.18022762,0.45588866,-0.17753822,-0.19678771,-0.23935202,0.13686916,0.72214514,-0.19433959,-0.23519786,-0.55307424,0.21034457,0.067328691,-0.89479822,0.38471517,-1.1414444,-0.18640183,-1.5808725,-0.97992641,-0.099012047,-0.1960118,0.53126085,-0.50270176,0.054098114,-0.099781878,-0.17506824,-0.59879887,-0.5339551,-0.30951929,-1.1603673,-0.087872811,-0.056263261,-0.1445156,0.17649041,-0.26560262,-1.6022105,0.28250325,0.43285501,0.75820357,-0.36656085,0.42011797,0.23947451,-0.095039606,-0.30515909,-0.37580833,0.25451785,-0.82250977,-0.23757531,0.4301846,-0.17965645,-0.72519815,0.1406132,-0.52922249,-0.41187429,0.15621188,-0.4240804,0.16317254,-0.59488875,0.64479589,0.58167189,0.10747643,-0.14780037,-1.3898997,0.55566305,-0.16292316,-0.067352422,-0.18171246,-0.56197,0.029329063,-0.19916692,-0.64502859,0.87544382,-0.78148413,0.18356863,0.38722095,-1.4293444,-0.2327016,0.3746739,-0.1008951,-0.33590239,-0.86179715,0.5081917,0.17014389,0.27361181,1.1123505,-0.7682271,-0.21098289,0.096274592,0.12520051,0.19984566,0.34869468,0.13509838,-0.36077568,-1.2145841,-1.558725,-0.75682062,0.27392787,0.57781059,0.14684476,-0.40861708,-0.41744137,0.059000522,1.0460231,-0.2621519,-0.044178881,-0.32007855,-0.25164783,0.90001082,0.14607215,0.28370604,0.84017819,-0.16622841,-2.0337477,-0.11112138,0.39001346,-0.050245553,-0.054282852,-0.71216476,0.10336257,-1.3745048,0.32836181,-1.2323902,-0.15774062,0.068887502,-0.82233965,0.045219894,-0.007308632,0.27208543,-0.19063458,-0.55951166,-2.3994682,0.36616302,-0.36811933,-0.029451571,-0.17883083,0.017221868,0.35695708,0.012333915,-0.19918582,0.6111874,-1.6411846,-0.62822247,-0.61295533,0.35278466,-0.45520031,0.161671,0.14790085,0.2779741,0.12837639,0.32826549,0.38582316,0.7813338,-1.0064285,-0.18074523,0.45956773,-0.057677433,0.29651436,-0.085993432,-0.099260792,-1.0498183,-0.4479396,0.15564893,0.30301625,0.28490752,1.1456971,0.35709086,-0.45740396,0.15577587,-0.22703868,0.33561465,0.57174653,-0.37148103,0.13139847,1.6552057,0.14621326,0.35909551,-1.1065415,-0.15386872,-1.7965007,0.75472564,-0.84206831,-0.22055234,-0.19564463,-1.3755329,-0.30691314,0.30240381,0.26523423,0.50185037,0.49309433,0.067701072,-1.710306,0.7808668,0.20194246,0.92671275,0.01578079,-0.80127859,-0.055458229,-0.98973125,0.52533966,-0.028273284,-1.0096468,0.34458911,-1.7811768,-1.2784637,-1.0813428,-0.4419418,0.65201402,0.59605956,0.35701925,-0.7947256,0.73441923,-1.0413203,-0.23682584,0.2089079,-0.93469626,-0.27136034,0.02781217,0.33884484,-0.1232148,0.40559432,-0.073160186,0.52355886,0.045594353,0.17893481,-0.14721027,-0.016404934,-1.068032,0.51884866,0.97636366,-0.33322471,0.53375137,0.51721096,0.31562799,-0.69939584,0.55311704,0.48702693,-0.68255192,-0.29996604,0.089852214,0.025978006,0.11909826,0.55762589,-0.28848881,-0.64549237,-0.37833378,-0.000390988,0.43973517,-0.077603549,-0.064392686,-0.19845358,0.25223967,1.0928664,-0.96286839,0.16926438,0.30745384,-0.53680462,0.11003174,-0.23882774,-1.1814598,-1.6643763,-0.46399823,0.64160407,0.22674769,-0.31274238,0.55370778,0.25013322,0.6782825,0.31629583,-0.12872928,-0.35714102,0.2813895,0.092808187,-0.23505342,-0.90346146,0.19907571,0.30964971,1.0910622,-1.53899,-0.071578458,1.8132578,1.5204045,0.3118003,-1.0524106,-0.084694818,-0.28950074,-0.047415279,0.053037327,0.059945613,0.65203345,0.92174798,0.37361777,0.063057989,0.1866232,0.7831372,0.7004078,0.89177668,-0.65439087,0.18665899,0.20279656,0.09737514,-0.32678157,-0.21811274,-1.6217922,0.40136638,0.12314926,-0.31573808,-0.13088445,0.26327425,0.27205834,-0.46505836,0.21981114,-0.25868395,-0.091046169,-0.13390362,0.5146054,1.0068841,0.19437626,0.053119279,0.55584955,-0.32629541,-0.046976477,-0.85056961,0.2368966,-0.87052518,-0.049350381,0.70072776,-0.70500791,-0.30412608,0.20943815,0.20442179,-0.35089383,-1.0461879,0.54923081,-0.50187981,0.30457416,-1.0317084,0.24577302,-0.24252518,-0.81462574,-0.53571969,0.88470215,0.38889164,-1.7486502,-1.2118582,-0.28742892,0.034118615,0.18491104,0.067498654,0.032762036,0.27431214,0.23772353,-0.20768023,0.28087333,0.3394286,0.36847103,-0.020732485,-0.53776515,0.22067122,-1.450384,-0.014655333,0.25585651,0.10907193,0.13245064,0.5828585,1.8723993,-0.34707594,-0.84101713,-0.43317017,0.22680143,-1.5603802,0.46419311,0.2964164,0.44165814,-0.70046264,-1.3401474,0.23520279,-0.25738573,1.1515315,-0.046840854,-0.12187422,-0.080315709,0.12188856,0.26508066,0.31139457,0.093623951,-0.060725763,-0.35348403,-1.8858809,-0.55888039,-0.73385912,0.12759817,-0.86721456,0.074924424,-0.1581192,-0.2596153,0.14270416,1
0.60743761,0.35210341,0.29631394,0.58038026,0.57626438,0.58500195,0.57329494,0.56123984,0.56079733,0.58230293,0.55748826,0.56027818,0.56160957,0.55020756,0.57405776,0.56078744,0.55980903,0.58276659,0.5717231,0.54239655,0.54228163,0.56301975,0.5473938,0.55198872,0.55977952,0.55784512,0.56200361,0.54230034,0.5571903,0.5666852,0.54497111,0.56610119,0.53858119,0.54816568,0.55399513,0.52760029,0.52651864,0.54012877,0.52756232,0.54362917,-0.95907187,0.27295786,0.38596505,0.40346149,1.314324,1.6566681,1.3328068,0.68351883,0.79828507,1.6075182,1.3923689,1.148087,0.38292807,-0.19330108,-0.36797813,-0.39471775,0.53359818,0.37765861,0.351349,0.29420072,-0.74793851,0.010234259,-0.816414,0.19524127,-0.57200181,0.073852375,-0.2156187,0.88440698,-0.007886976,1.4305565,-0.1877456,0.26518399,-1.1938778,-0.18627587,-0.080555663,0.76427674,-0.97486317,0.6331231,0.16351254,-0.93855238,-0.17270133,-1.3871516,-0.65469807,0.36142597,0.71235132,0.66497612,-0.024286529,-2.0388939,0.68162006,0.15081319,-1.1164349,0.422252,0.071019173,0.16140725,0.67041594,0.53314608,0.22076727,-0.57120359,0.14179023,0.54613811,-0.36470494,-1.2599165,0.027462151,0.43160433,-0.31350189,0.27107325,0.066496253,-0.19658075,-0.080179982,-0.27174121,0.34253317,0.96427232,-0.13656506,-0.23300482,-0.55944383,0.34918827,0.5408076,-1.0986773,0.39651746,-1.118315,-0.37339291,-2.007164,-1.1137673,-0.002114575,-0.79776371,0.072830051,-0.28834942,0.15469067,-0.062534437,-0.35839897,-0.5438692,-0.288104,-0.065350726,-1.153095,-0.15456074,-0.1965019,0.22955656,0.22292137,-0.64149147,-1.5652117,0.76180613,0.55434942,0.83562636,-0.15580168,0.46553931,0.26555091,0.003113106,-0.024672732,-0.46097955,0.29125693,-0.42445362,-0.18954903,0.42498842,-0.42474031,-0.77381241,0.006973691,-0.54415882,-0.76935643,0.24841949,-0.46034336,0.06068895,-0.88424182,0.49377561,0.5838756,-0.17011502,0.23999242,-2.0199702,0.36033759,-0.094522364,-0.12159596,0.008327007,-0.68469244,-0.14800577,-0.20366439,-0.55436707,1.0158067,-0.44502321,0.14549361,0.46648809,-1.816416,-0.29011121,0.36128268,-0.11409125,-0.79390681,-1.0609266,0.60875672,0.003071427,0.37140265,0.82070976,-0.81454206,-0.39143908,0.10740943,0.21790728,0.06362462,0.51868957,0.26985186,-0.10974437,-1.3217257,-1.6793792,-0.75403249,0.24428132,0.33786836,0.053579539,-0.30772614,-0.14377777,0.10742661,2.0308881,-0.14284346,0.15647918,-0.27623576,-0.24174438,1.1479585,0.15508592,0.33109385,1.3763925,-0.14831319,-2.5588136,-0.22473501,0.46690497,-0.0706871,-0.087928638,-0.95838594,0.14224713,-1.5730544,0.31307399,-1.4879953,0.48446536,-0.041086674,-0.84292728,0.066916391,0.20247211,0.66271597,0.081341252,-0.66314828,-2.851989,0.33021939,-0.46416637,-0.054627188,-0.077189468,0.21705748,0.72258317,0.13712332,-0.16808727,0.53473723,-1.6920425,-0.88456184,-0.51268059,0.40137541,-0.34815389,0.023949623,0.17923291,0.53880417,-0.00452571,0.48627949,0.4774667,1.0466298,-0.98961127,-0.24619344,0.47224694,0.19187889,0.16277437,-0.17842461,-0.24946584,-1.2621573,-0.5428378,0.16212754,-0.74769861,0.14788517,1.0680876,0.39546105,-0.56940973,0.22380297,-0.53313315,0.6474179,0.28306365,-0.42466497,0.13772467,1.3305396,0.10509282,0.31173775,-0.8827495,-0.27516666,-1.9706092,1.307394,-1.8699872,0.00456807,-0.2083876,-1.4359033,-0.18458793,0.21229511,0.29056197,0.77325618,0.528045,0.44559413,-1.9020426,1.1749185,0.77940714,1.2532521,0.050488301,-1.4769291,-0.11956262,-0.77505326,0.59801304,0.21731798,-0.83812416,0.42682731,-1.978843,-1.6652333,-1.6364686,-0.47301421,0.41034108,0.77461839,0.29927444,-0.89277178,0.80279201,-1.1441913,-0.22419226,0.33852065,-1.0724856,-0.067214467,0.24355491,0.34007925,0.1621235,0.37297076,-0.024419457,0.70260012,0.046623476,0.96512097,0.13436785,-0.10354388,-0.64860654,0.40963778,1.0456668,-0.74338782,0.81686383,0.47973061,0.47770604,-0.6954397,0.74460781,0.24568416,-1.1518087,-0.49128386,0.14983353,0.35942349,0.25424999,0.92120397,-0.39587754,-0.62403029,-0.5611214,0.002897475,0.5903213,-0.13320673,-0.015938327,-0.38697457,0.15445943,1.2096711,-1.1236179,0.16259056,0.31993204,-0.3738088,-0.004570006,-0.32442355,-1.4963682,-2.1107755,-0.089031219,0.66691428,0.046805039,-0.10583936,0.62031949,0.038402349,0.40752968,0.33633441,-0.36612773,-0.75744236,0.23487023,0.081573576,-0.25705647,-0.38303697,0.18744783,0.30018035,1.1211796,-1.6581737,-0.076566532,1.3990953,1.5936761,0.54771429,-1.5472592,-0.34022474,-0.4974829,-0.16349575,0.070299506,0.4827033,0.94504476,0.64258456,0.36633599,0.27525499,0.2582984,0.93849045,0.89637625,1.1092998,-0.98068547,0.14690231,0.46536964,0.069706857,-0.43368816,-0.22859091,-1.7940142,0.41006795,0.1213598,-0.29407763,-0.21928129,0.35743272,0.1898817,-0.86190981,0.24690269,-0.21733633,0.33954456,-0.28627974,0.88867164,0.88561165,0.27171725,0.17718203,0.68151015,-0.1611281,-0.065663733,-0.93156266,0.36431104,-0.59837127,0.076871365,0.9642486,-0.48632222,-0.72461092,0.55659539,0.22623539,-0.80554378,-1.454429,0.65379089,-0.37876824,0.21701574,-1.9118503,0.33702168,-0.16682477,-0.93627763,-0.44541502,1.0686083,0.51775068,-2.148675,-1.5055823,-0.41671014,-0.002544798,0.53246927,-0.059375178,0.075067155,0.61506903,0.25115481,-0.094850279,0.14019281,0.33206904,0.42775846,-0.018772036,-0.081781551,0.19612832,-1.6912336,-0.038112782,0.72498006,0.082331076,0.092010416,0.64268416,0.81456125,-0.35140806,-0.82464802,-0.40844911,0.005138651,-2.051194,0.33536348,0.41449645,0.40211633,-0.95182806,-1.4424338,0.30874741,-0.54033136,-0.030504674,0.10703371,-0.03945037,0.8407566,0.17534088,0.38144663,0.73694897,0.000476657,-0.15971315,-0.55973589,-2.6640012,-0.84884036,-1.0561801,0.33740425,-0.8320502,0.16800493,-0.26892257,-0.44412893,0.050534453,1
0.50890547,0.25249404,0.18773475,0.4902367,0.48885715,0.51446056,0.48670793,0.48100412,0.49710411,0.48964083,0.48432222,0.48334414,0.47379056,0.45424134,0.47989693,0.46111491,0.47644824,0.50350797,0.49193215,0.46429336,0.46915996,0.47625026,0.47836614,0.46418768,0.48202229,0.46814364,0.4899368,0.48298347,0.48575684,0.47963631,0.47669387,0.46916607,0.45921433,0.46360505,0.46856552,0.43451244,0.45169264,0.46339345,0.44495338,0.4678807,-0.93011159,0.16049419,0.20884156,0.32035339,1.2461741,1.6026632,1.1924657,0.55014658,0.64409959,1.484645,1.3146383,1.0249027,0.30718935,-0.11031283,-0.022110112,-0.36436218,0.65964824,0.42277461,0.32654437,0.27811986,-0.77479774,0.014410942,-0.38729706,0.11857405,-0.67321718,-0.019955665,-0.32784769,0.9244746,0.13454652,1.1722811,-0.21522591,0.15898207,-1.1501875,-0.22104549,-0.22976184,0.7915256,-1.0335104,0.60304844,-0.038461953,-0.89996958,0.51075524,-0.47505456,-0.70225686,0.33413759,0.79075223,0.46322933,-0.038394488,-1.6370831,0.60822058,0.10737117,-0.9848721,0.39239782,0.083038427,0.43858114,0.76462615,0.64050901,0.18075095,-0.30238622,0.1574291,0.61222351,-0.91609025,-1.0020026,-0.086933687,0.82974398,-0.54036671,0.35243216,0.32919455,-0.10846411,-0.15485427,-0.17613843,0.028014928,0.7201556,-0.23037983,-0.45656547,-0.36486015,0.15070082,0.12363169,-0.86739892,0.32044569,-1.2423553,-0.19539139,-1.6204461,-1.30952,-0.16389635,-0.20412649,0.33385381,-0.40516534,0.1199359,-0.071375303,-0.17714927,-0.5233838,-0.48259038,-0.28296936,-1.1618018,-0.29941201,0.055435658,-0.097074538,-0.05947873,-0.22298346,-1.5714029,0.19566277,0.42482907,0.77588785,-0.3744393,0.3136217,0.18852639,-0.05228968,-0.33376795,-0.3500163,0.40670007,-0.47612357,-0.26715469,0.36088294,-0.25397235,-0.77699369,0.12532398,-0.51439309,-0.38517421,0.069080263,-0.45687348,0.021901218,-0.67803389,0.46061283,0.73688281,0.22455147,0.015006258,-1.4412847,0.65754008,-0.066459164,-0.22490695,-0.12619367,-0.57242274,0.12654068,-0.25089121,-0.77531183,0.84297997,-0.80092847,0.11812214,0.37922415,-1.5500331,-0.18905026,0.32209724,-0.14403182,-0.20657122,-0.84765244,0.24398649,0.54599148,0.25059566,1.2530288,-0.78042459,-0.23984499,0.10163622,0.45071095,0.28169042,-0.002951413,0.20673624,-0.11649417,-1.2788119,-1.650893,-0.760391,0.29400939,0.30659589,0.20254815,-0.38042128,-0.40224063,0.051565431,1.0635509,-0.29950634,0.00688028,-0.33457825,-0.25633323,0.68849134,0.18571289,0.29047245,1.1228919,-0.20647882,-1.8727138,-0.047606725,0.30322018,0.019286677,-0.37992755,-0.76706415,0.038495116,-1.3080562,0.246133,-1.1631428,0.10293403,0.10125507,-0.81715703,0.039475035,-0.39674312,0.39018047,0.14510243,-0.78565645,-2.4542382,0.40622362,-0.17130202,-0.13383771,-0.14253187,0.13331586,0.45225799,0.16194226,-0.083174042,0.46885049,-1.5349067,-0.51809841,-0.7058031,0.55073947,-0.41683865,0.05970598,0.31079602,0.35808179,0.008740526,0.29191893,0.34946376,0.68080246,-0.93202823,-0.17908818,0.57054996,-0.097198561,0.22769526,-0.22531572,-0.253501,-1.2000077,-0.43382329,0.16757779,0.19873554,-0.070182413,1.0904683,0.32179594,-0.46901315,0.13767077,-0.2310017,0.19541532,0.55473191,-0.3437382,0.22885099,1.4341969,0.050815668,0.36793175,-1.2486609,-0.031217061,-1.9464285,0.74232692,-0.97463363,-0.13450256,-0.13509992,-1.3554689,-0.27430874,0.2932674,-0.028360054,0.056192636,0.50728059,0.10636987,-1.681062,0.9249332,0.53208637,0.96165574,0.028280484,-0.73566079,-0.10186414,-0.93748212,0.53419787,0.089887574,-0.77685869,0.54839706,-1.8920889,-1.3038723,-1.0798026,-0.5805999,1.0328926,0.80034232,0.26969218,-0.85095644,0.69619012,-0.98088109,-0.26541746,0.45156109,-0.9685843,-0.12698837,-0.038769681,0.29650784,-0.16263938,0.4177362,-0.042582877,0.49044883,0.04090438,0.34719881,0.14460391,-0.086373322,-1.100602,0.34913847,0.89961702,-0.30350059,0.48262644,0.35111654,0.066450864,-0.73918408,0.51441216,0.33226022,-0.7642411,-0.36183575,0.030428153,0.031710871,0.062433466,0.5541876,-0.34655026,-0.51808602,-0.38745254,0.030982558,0.45308721,-0.14608188,0.048069842,-0.095405653,0.13771655,1.0642307,-0.93075603,0.13918558,0.2682088,-0.45094305,0.078450628,0.021171451,-1.2537838,-1.9170902,-0.3080489,0.60548651,0.21225765,-0.31810555,0.6095624,0.23871142,0.79213762,0.28126091,-0.17798428,-0.49149632,0.29472312,0.20324248,-0.15248105,-0.8541373,0.11337425,0.21155477,1.4426854,-1.6089566,-0.10954741,1.8894302,1.5634235,0.43668595,-1.1531273,-0.073411375,-0.50050765,-0.16343902,0.095088683,0.0724985,0.75481218,0.53614002,0.33214658,0.040746927,0.23473094,0.91600877,0.66830277,0.94818145,-0.73350775,0.1761477,0.26338038,-0.10379326,-0.30776295,-0.13574943,-1.6488476,0.36707863,-0.01583112,-0.20556508,-0.10442308,0.40599594,0.36542773,-0.31405857,0.29115206,-0.26607859,0.12860617,-0.16934121,0.50727296,1.2570679,0.18220927,0.13895836,0.49664322,1.9197143,0.095092401,-0.72874725,0.2199917,-0.81858283,-0.038853854,0.75673383,-0.7766614,-0.55816567,0.37233502,0.16338792,-0.35615367,-1.1459173,0.53255421,-0.36818427,0.24907896,-1.4339739,0.3848848,-0.24350403,-0.89399183,-0.48615828,1.0151616,0.14466247,-1.88793,-1.1401635,-0.26640421,0.029732889,0.26888746,0.04501706,-0.07708206,0.25140208,0.21784978,-0.17706449,0.25984025,0.27328297,0.6005671,0.41739517,-0.62141883,0.38684076,-1.4026628,-0.062099271,0.23656514,0.070144556,0.10268315,0.49979016,2.2674942,-0.41667572,-0.81550479,-0.22607063,0.16651797,-1.6106951,0.47126353,0.27650523,0.3813405,-0.72064525,-1.2909005,0.30822808,-0.29383266,1.1959924,-0.16706689,-0.058708694,0.05285117,0.038621485,0.36332816,0.32191724,0.017559227,-0.093022503,-0.36430547,-2.0201151,-0.61503232,-0.83697444,0.041280609,-0.824386,-0.053322464,-0.066708796,-0.2741088,0.15435773,1
0.51619703,0.25591874,0.21349502,0.4887237,0.48878473,0.49784005,0.4803353,0.47543919,0.49015346,0.48557225,0.48010021,0.48171535,0.4843381,0.45591033,0.47678268,0.46950433,0.47927627,0.50032955,0.48862636,0.46788114,0.46020073,0.48252612,0.47237185,0.4706586,0.46602133,0.47571072,0.48103487,0.46952277,0.4731409,0.47515416,0.47177956,0.46250439,0.46406955,0.4585458,0.46765843,0.44123533,0.44836307,0.46550947,0.44930094,0.46051216,-0.93020773,0.18890782,0.38873625,0.45903996,1.354413,1.770412,1.367795,0.72655797,0.83655643,1.6518974,1.441628,1.2061595,0.45076188,-0.10434528,-0.24589729,-0.30115288,0.7164821,0.45990199,0.38832319,0.34854579,-0.72562313,0.10462734,-0.40685377,0.38065705,-0.68556458,-0.22752987,-0.2156328,0.72002387,0.21395603,1.1184596,-0.20196339,0.28050822,-1.270628,-0.18699865,0.004287722,0.88294566,-1.0504671,0.78750563,0.064839795,-0.92190218,0.070396103,-0.86797631,-0.61189848,0.53120869,0.91648692,0.52742404,0.009149388,-1.5801977,0.52444327,0.14001781,-0.98248792,0.385245,0.009836912,-0.009039316,0.74359983,0.030995183,0.40267706,-0.17110378,0.17004418,0.62820047,-1.0195678,-1.070066,0.001571737,0.63407624,-0.44152337,0.18797632,0.28446385,-0.20668395,-0.14194764,-0.24496928,0.33718461,0.77775389,-0.17717379,-0.28089225,-0.60627729,-0.052506238,0.41892534,-1.0723929,0.41172665,-1.0567304,-0.25284234,-1.7238665,-0.9176169,-0.09809567,-0.43719676,0.54118562,-0.44428337,0.09601485,-0.057745665,-0.18022095,-0.71719253,-0.71789265,-0.054264292,-1.1491963,-0.15011041,-0.024252363,-0.028687522,0.01763913,-0.35313874,-1.5982298,0.51689869,0.52882355,0.80949712,-0.32510757,0.52663249,0.39205879,-0.023391277,-0.39644676,-0.42109427,0.37531975,-0.92854565,-0.18304688,0.52967328,-0.18562935,-0.79330117,0.13981855,-0.48242205,-0.50893903,0.21628226,-0.33105057,0.13540879,-0.6206215,0.57106858,0.6792382,0.10241866,-0.18315925,-1.6052541,0.38088119,-0.062739201,-0.16854657,-0.14651884,-0.56479686,0.047569491,-0.16813688,-0.70312268,0.94702882,-0.71651345,0.1705575,0.47110915,-1.47859,-0.15429981,0.35101324,-0.12806031,-0.23764685,-0.8295905,0.46195912,0.012747243,0.25824806,0.8232584,-0.88527775,-0.30297846,0.068489581,0.22311944,0.081621349,0.40294549,0.068750255,-0.35685056,-1.2685057,-1.7649144,-0.77486205,0.29955226,0.55175561,0.097189948,-0.40675709,-0.41386485,0.045210592,1.0908337,-0.18875013,-0.019089738,-0.22646862,-0.17200562,1.0245665,0.19384694,0.33726975,1.5706025,-0.17862381,-2.1193135,-0.1101801,0.39324912,0.007097972,-0.15577562,-0.68564814,-0.030897275,-1.2907484,0.32797071,-1.2951288,-0.14590141,0.15049684,-0.89921987,0.114909,0.110577,0.4856723,-0.17902482,-0.6083501,-2.4651599,0.2995508,-0.70373726,-0.000712067,0.15873259,0.17954639,0.45883653,0.11035782,-0.21109736,0.68257195,-1.4744837,-0.67708009,-0.51129121,0.39926201,-0.43119508,0.12673634,0.10915734,0.29885054,-0.039679848,0.45066845,0.39654738,0.78527433,-0.9700979,-0.17405105,0.4451502,0.057858936,0.23430091,-0.10730495,-0.20258996,-1.1397371,-0.46395853,0.18034872,-0.16915634,0.078117788,1.0506059,0.3509551,-0.49413234,0.26401588,-0.31537181,0.45786116,0.52673399,-0.3339954,0.083731964,1.6823598,0.17655526,0.36044261,-1.0607003,-0.24055707,-1.8051863,0.93623048,-1.026558,-0.14308366,-0.24035478,-1.5477436,-0.37991893,0.16836689,0.36180818,0.26338595,0.66600257,0.26088974,-1.7167642,0.91333389,0.31655049,1.1338097,-0.032827079,-1.0317026,-0.06005618,-0.96408266,0.67224264,-0.17470409,-1.0406414,0.33017954,-1.8297305,-1.4510391,-1.2400863,-0.50556362,0.41957405,0.60103822,0.36595309,-0.93895936,0.87445569,-0.9377352,-0.32287478,0.37574321,-1.0130132,-0.2021002,0.033263255,0.40909931,-0.22564432,0.40106034,-0.15235962,0.57450169,0.11252035,0.27674887,0.11767415,-0.14829659,-0.92441028,0.5422101,1.1617447,-0.44729182,0.52780628,0.47874752,0.34395933,-0.74573886,0.64399272,0.37558332,-0.7808845,-0.39121425,0.13995081,-0.008274496,0.070252255,0.69089699,-0.34818438,-0.62721813,-0.42887676,0.033993322,0.50339621,-0.21058813,-0.10319903,-0.3212986,0.24455552,1.1146026,-0.93281186,0.25661832,0.36331087,-0.64950413,0.085720286,-0.27816513,-1.1720845,-1.806784,-0.36271387,0.74154353,0.17932135,-0.26890031,0.55749857,0.19325687,0.63971472,0.42232007,0.027592734,-0.45469472,0.28484657,0.09557718,-0.39712012,-0.58917636,0.18985815,0.31253082,1.2949665,-1.6138431,-0.12079658,1.5947448,1.890031,0.4338657,-1.1883054,-0.22553577,-0.41405147,-0.13831878,0.097964346,0.16199413,0.82090259,0.87894857,0.45470443,0.054228127,0.19684865,0.82133925,0.64749771,1.0855744,-0.95446849,0.29379863,0.1687941,0.091987446,-0.31201282,-0.17907268,-1.5833739,0.44837326,0.083094068,-0.33144695,-0.13510284,0.1404652,0.18281423,-0.61861378,0.25663862,-0.27350849,0.15815523,-0.078646168,0.3537285,1.0413164,0.2114287,0.15701114,0.65601236,-0.4424988,0.058299329,-0.91503364,0.19187039,-0.87159228,0.054288551,0.77881664,-0.58551633,-0.2513909,0.46633852,0.33633423,-0.49737316,-1.1089326,0.60355574,-0.60072255,0.22895397,-1.2515392,0.2715891,-0.24908142,-0.80895364,-0.61800265,0.96073216,0.34688699,-1.8830405,-1.2654302,-0.38295966,0.017973844,0.27099934,-0.020482764,0.17538217,0.36387473,0.30415964,-0.23081002,0.30178201,0.31215334,0.39712521,0.16345939,-0.28426164,0.2479514,-1.5597987,-0.030179139,0.34516418,0.13534406,0.10383428,0.58251339,1.3040178,-0.3367593,-0.86360562,-0.46369797,0.50488865,-1.5880361,0.44925362,0.43582991,0.39861438,-0.81761032,-1.2999203,0.27971429,-0.27164933,0.53481293,-0.056520134,0.021297902,0.11822453,0.13263033,0.32605439,0.21384598,0.10549982,-0.12465868,-0.32116511,-2.0515535,-0.60932976,-0.82719576,0.22291061,-0.85844922,0.079125568,-0.065467767,-0.23484126,0.23049279,1
0.55712605,0.29045954,0.24012995,0.51039588,0.49673238,0.52689904,0.50534821,0.4899103,0.5071643,0.49614757,0.49580085,0.49454063,0.49668747,0.47085685,0.4996849,0.48863041,0.49817905,0.5218116,0.50002229,0.4815554,0.47598356,0.48373318,0.48238444,0.48780143,0.4874731,0.48271856,0.48435193,0.47736639,0.49753642,0.48340762,0.49494082,0.47874391,0.48290116,0.47486243,0.48426378,0.45242572,0.46453542,0.48203301,0.46274185,0.47444811,-1.0004904,0.22294757,0.50247824,0.53718609,1.3959029,1.8509471,1.5037606,0.81178904,0.94278383,1.735809,1.5190325,1.2869976,0.60664606,-0.12306543,0.074295729,-0.28323671,0.77494574,0.45038557,0.4186348,0.36370042,-0.66623223,0.053585313,-0.40530127,0.27749407,-0.59272969,0.078745604,-0.14532542,0.68469644,0.016777843,1.525932,-0.18930888,0.2904951,-1.2517601,-0.17681149,-0.047444329,0.84101403,-0.8678931,0.80747384,0.14513969,-0.95608938,-0.063904479,-1.0669166,-0.57359904,0.65247321,0.97751212,0.51036221,-0.019387281,-1.6598216,0.60746342,0.16774425,-1.0404471,0.73167825,0.041292109,-0.004434858,0.6432997,-0.034624528,0.23792203,-0.24525383,0.1044438,0.65899408,-0.59363449,-1.0921834,0.000887901,0.55168986,-0.52268159,0.17179208,0.064496785,-0.27160519,0.14311616,-0.35537457,0.52078676,0.73432159,-0.15642649,-0.27009028,-0.55403447,0.073213905,0.53849798,-1.0811198,0.48303762,-1.158991,-0.40433058,-1.787991,-1.1406076,-0.056335613,-0.62905139,0.23172307,-0.52460718,0.082767911,-0.09880694,-0.37700415,-0.68526506,-0.69593304,0.23327479,-1.0865556,-0.078031868,-0.16013558,0.063445635,0.18510859,-0.51313519,-1.6544793,0.1203984,0.54308146,0.74015248,-0.18419644,0.50932795,0.36129761,-0.048321001,-0.59914637,-0.32288671,0.42451784,-0.80186749,-0.11813639,0.47201455,-0.40154824,-0.80343878,-0.007080036,-0.64050585,-0.58357406,0.23997454,-0.39709944,0.10313213,-0.65744728,0.50760591,0.68926221,0.016927276,0.045402832,-1.6879956,0.63368565,-0.1295691,-0.10589501,-0.095191702,-0.5971238,-0.026077934,-0.096732199,-0.6539368,1.0808346,-0.64892775,0.17068148,0.34630144,-1.7108865,-0.077818215,0.43988171,-0.16259751,-0.42735213,-0.94700873,0.46173197,0.34943885,0.54389292,0.77869755,-0.80010271,-0.23636203,0.055877697,0.15608846,0.080330454,0.29824394,-0.094667524,-0.23572576,-1.361331,-1.7955328,-0.77533895,0.29602784,0.5569852,0.096488222,-0.55198914,-0.45566285,0.048249997,1.4371194,-0.17161126,0.077253737,-0.20760511,-0.29370427,1.118955,0.19830051,0.34817877,1.3544786,-0.18721631,-2.3182015,-0.11798221,0.6647796,-0.12627588,-0.12118657,-0.84473044,0.19600222,-1.4767206,0.39584017,-1.2139683,0.34368342,0.035789941,-0.94478625,0.1374867,0.23405395,0.49294192,-0.21754245,-0.47714508,-2.6040945,0.23515859,-0.46001059,-0.00897317,-0.060960121,0.27064329,0.55103624,0.11968669,-0.2293728,0.62850201,-1.699175,-0.87731051,-0.14848536,0.35360667,-0.42222458,0.17344236,0.53226185,0.37274066,-0.10348471,0.39114392,0.36993557,0.68917888,-0.92137432,-0.2460369,0.45951232,0.037984423,0.16105196,-0.013364309,-0.26846939,-1.1704361,-0.49232465,0.1607632,-0.34072891,0.17127407,1.029213,0.41192028,-0.52590907,0.1869297,-0.24711534,0.63912797,0.55649269,-0.40513402,0.06862586,1.2397919,0.03153336,0.40701219,-1.2452047,-0.12007771,-1.9172372,0.94123149,-1.4042393,-0.050283641,-0.000414684,-1.4362872,-0.1424351,0.14044271,0.17261007,0.4577404,0.70492691,0.49518228,-1.8432488,0.95735872,0.14803764,1.0914584,-0.22421229,-1.0327028,-0.11076573,-1.0069048,0.70542526,0.20503612,-0.90493971,0.44379985,-1.8242377,-1.4138489,-1.4257964,-0.45137769,0.44463998,1.3027687,0.35717165,-1.0467553,0.84791756,-1.0282565,-0.17954794,0.44500554,-1.1212653,-0.15317941,0.032312598,0.5208329,-0.24158847,0.31867874,-0.20280361,0.29636675,0.077776507,0.37835243,-0.027688343,-0.11761335,-0.82916123,0.55478787,1.0501961,-0.55285865,0.72193772,0.49261844,0.22100914,-0.77555156,0.62602216,0.58442545,-0.8813374,-0.6823554,0.13157183,0.14733197,0.13572663,0.71475512,-0.43059981,-0.52451253,-0.50025046,-0.032916401,0.43867388,-0.14004895,0.088043042,-0.37094209,0.23166159,1.0465341,-1.1382663,0.22048731,0.33908299,-0.61118281,-0.00864711,-0.14648254,-1.6083082,-1.9853549,-0.36113775,0.68487465,-0.035543114,-0.30796066,0.74266005,0.19610244,0.59883511,0.41525096,-0.14409716,-0.49995884,0.29960257,0.013228439,-0.30688393,-0.7950604,0.2024771,0.23434919,1.0450414,-1.671767,0.04290941,1.5260706,1.0916483,0.39395773,-1.2946469,-0.31973046,-0.57380271,-0.29444256,0.21091668,0.32361361,0.78294027,0.9094218,0.53725493,0.15261164,0.11499232,0.84060192,0.60977381,1.1579294,-0.94247454,0.25069994,0.33182576,0.098021999,-0.59458423,-0.20907345,-1.6735601,0.45111734,0.037253112,-0.35812321,-0.16977885,0.1541853,0.20976365,-0.68784034,0.33688095,-0.31080186,0.69735599,-0.18965667,0.48403886,0.95467263,0.22070861,0.072260365,0.6180554,-0.14606276,-0.12001534,-0.99587822,0.28972548,-0.79166079,0.1563849,0.76853478,-0.55554414,-0.42691547,0.50413382,0.32306784,-0.5669207,-1.0849004,0.72028714,-0.62898701,-0.022896569,-1.5326105,0.13050267,-0.19609293,-0.88362288,-0.54159617,0.95940709,0.50334245,-1.9045947,-1.3030756,-0.46112007,0.000544556,0.29617012,-0.084289297,0.11721379,0.42878708,0.28630352,-0.28676754,0.40651646,0.26918671,0.43327922,0.083585754,-0.18090078,0.20656054,-1.5034829,-0.025740294,0.44693816,0.13038656,0.11773787,0.58236301,1.2836437,-0.46969497,-0.90067822,-0.42445958,0.36881989,-1.8097259,0.29508227,0.31271476,0.45432991,-0.83559811,-1.438939,0.22359651,-0.36353445,0.45524204,-0.01287999,-0.067374468,0.14497784,0.15657607,0.43053675,0.33619535,0.07370393,-0.051562972,-0.38248357,-2.218257,-0.68973374,-0.91268277,-0.051274404,-0.96116483,0.23914607,-0.13598931,-0.35654384,0.19494385,1
0.51984155,0.256403,0.22551639,0.48804241,0.48496085,0.48837572,0.48067313,0.48410463,0.47209454,0.48140651,0.47827435,0.470433,0.47605956,0.46416205,0.48471105,0.48165298,0.48945308,0.48552585,0.47840232,0.49743605,0.46129838,0.47515976,0.46286207,0.46904635,0.47152978,0.45994151,0.47628635,0.45641598,0.46522766,0.46820337,0.4521105,0.46924192,0.45769697,0.46979079,0.46342355,0.44951755,0.44470274,0.45834681,0.43735144,0.45146972,-0.83956927,0.21787731,0.28714824,0.33266842,1.2373281,1.6269426,1.2487018,0.59764564,0.71621042,1.5159745,1.3433044,1.0753175,0.43104863,-0.057284653,-0.21908508,-0.27265966,0.61027223,0.35213926,0.3523587,0.32858929,-0.75811023,-0.018754652,-0.4829573,0.28166294,-0.51424855,-0.19345498,-0.12675306,0.53374588,0.13101725,1.290079,-0.15812106,0.22439221,-1.1030241,-0.19288686,-0.10830206,0.72328705,-0.87977046,0.66727865,0.12057371,-0.87800246,-0.038013779,-1.1286882,-0.52183938,0.33428326,0.75760639,0.46992159,-0.083817497,-1.5980531,0.66348654,0.15158725,-1.0085398,0.49656659,0.010514088,0.018725537,0.72110742,0.008791283,0.21931916,-0.28323665,0.15589422,0.53788126,-0.63185108,-1.0348896,-0.05150494,0.53767872,-0.41483945,0.2735855,0.023166731,-0.15248363,-0.088689774,-0.20988436,0.32691148,0.61889929,-0.10814837,-0.40820456,-0.62722445,0.15111156,0.50347674,-1.05147,0.38714051,-1.1598402,-0.2804929,-1.6850688,-0.99179357,-0.053395975,-0.6015861,0.16718772,-0.38097271,0.051245578,-0.051815625,0.001588851,-0.71485227,-0.50325328,0.041671112,-0.9928146,-0.10202417,-0.078713819,0.14135024,0.10600513,-0.49943659,-1.5067874,0.20767152,0.46762201,0.78118134,-0.14500794,0.38301569,0.26579094,0.044413012,-0.3801713,-0.313802,0.28354448,-0.59330785,-0.025613524,0.44375539,-0.22467576,-0.67451417,0.013496593,-0.54061776,-0.56814897,0.21108058,-0.37097868,0.082908437,-0.65597689,0.46103916,0.89680159,-0.012943099,-0.14386585,-1.4654853,0.67253602,-0.050568637,-0.25185481,-0.10874636,-0.51204687,0.02857743,-0.12412508,-0.54710782,1.0599586,-0.74905002,0.11294768,0.37593764,-1.6973968,-0.10868509,0.2102416,-0.17592108,-0.34514371,-0.85010988,0.423538,0.088087738,0.37570992,0.66376477,-0.72017324,-0.31611162,0.052456703,0.0145178,0.20878977,0.29911864,0.13932219,-0.27503473,-1.1889344,-1.5893053,-0.79981583,0.26943383,0.59802079,-0.052816689,-0.33747715,-0.38628379,-0.040854216,1.2598938,-0.035538331,0.075138509,-0.037561387,-0.22378309,0.93546098,0.18187943,0.27444199,1.0199646,-0.19841798,-2.3321333,-0.1304494,0.33081511,-0.034507252,-0.096405566,-0.73201406,0.1211183,-1.3000115,0.28604871,-1.0045456,0.37916338,-0.13876647,-0.85305107,0.11982187,0.14378922,0.58226299,-0.23024753,-0.097551145,-2.3741999,0.31484193,-0.68876278,-0.08676438,-0.060289517,0.23506434,0.54373807,0.11795833,-0.16161712,0.62120652,-1.4401641,-0.69387925,-0.29616117,0.38999045,-0.32619894,0.16846007,0.30206305,0.31045216,0.000568934,0.34708935,0.49739274,0.74658179,-0.9188236,-0.2137972,0.74703419,0.14094514,0.23863846,-0.058888879,-0.225457,-1.1205542,-0.44977534,0.14231452,-0.37050262,0.073021084,1.0291413,0.34150001,-0.46134242,0.16858238,-0.25224951,0.32288045,0.51867312,-0.3381395,0.070785739,1.4296551,-0.02197893,0.20684992,-1.0411383,-0.27716011,-1.7650409,0.96310776,-1.3428621,-0.033633679,-0.012602463,-1.5714734,-0.083945394,0.15714341,0.021740034,0.65226626,0.5132612,0.38761717,-1.6993427,0.90485334,0.11262777,1.1816788,-0.10174682,-1.019067,-0.088098846,-0.89432174,0.6423794,0.019047335,-0.8566429,0.36550552,-1.7126631,-1.2399437,-1.310625,-0.413362,0.37507781,0.19288141,0.35771981,-0.95366704,0.78492761,-0.99196219,-0.24193579,0.45388916,-1.0645031,-0.073920794,0.036703847,0.56058222,-0.15852535,0.28358167,-0.15075219,0.51013255,0.079925701,0.60397071,-0.024071427,-0.12518956,-0.67100787,0.45555195,0.89125758,-0.60945684,0.56798708,0.29098827,0.50858653,-0.62671745,0.61148024,0.52171499,-0.86114985,-0.60980785,0.17205074,0.05670891,0.20247355,0.61563349,-0.41342601,-0.49781266,-0.45387337,-0.040804818,0.45508099,-0.089718089,-0.14638631,-0.33667701,0.13278273,1.0594075,-0.91603363,0.13821287,0.30432138,-0.52258003,-0.069496378,-0.039958864,-1.4181,-1.9003568,-0.23456295,0.67590493,0.018722266,-0.28646043,0.65550125,0.043371782,0.43599549,0.36365527,-0.092130654,-0.47330913,0.21983317,0.02754942,-0.24190988,-0.56163716,0.17865282,0.2093426,1.1054621,-1.5462341,-0.090867519,1.4203811,1.3515387,0.29527688,-1.2577229,-0.22976291,-0.47573775,-0.23998746,0.053243566,0.23037162,0.76578224,0.81181097,0.48798501,0.096318856,0.22863621,0.85240358,0.63655728,0.85993111,-0.84527785,0.08671014,0.22987005,0.11762288,-0.41806895,-0.13550179,-1.5616356,0.37766322,0.11232297,-0.34602749,-0.18945804,0.32759118,0.22215211,-0.68123281,0.26306599,-0.26557988,0.10556328,-0.069415122,0.72972202,0.85774505,0.17431083,0.14461754,0.57396632,0.13575538,-0.093642078,-0.91486812,0.28621399,-0.76994431,0.10149481,0.72552019,-0.49972966,-0.3806884,0.45508814,0.27909863,-0.48643768,-1.0768917,0.54478306,-0.66442674,-0.090815932,-1.4381478,0.21645087,-0.074152105,-0.78745276,-0.38739091,0.90569949,0.32818425,-1.7400533,-1.1242399,-0.38898957,-0.009277022,0.26862237,-0.083239362,0.22157975,0.40547875,0.24172993,-0.13886198,0.26967996,0.35099462,0.45925725,-0.16480622,-0.19847211,0.1557055,-1.4860053,-0.024620069,0.43357149,0.092142478,0.1338807,0.44401872,0.84512722,-0.3233965,-0.77984256,-0.52351236,0.25092989,-1.7060543,0.34175628,0.32606366,0.39894766,-0.76874465,-1.2158457,0.22648765,-0.35516298,0.05237636,-0.063942395,-0.00256294,0.44746506,0.14234246,0.37740722,0.38777557,0.065768257,-0.06485194,-0.34788337,-2.0596957,-0.64474928,-0.82367855,0.17626655,-0.88586688,0.11899442,-0.040410161,-0.29349983,0.1068167,1
0.49676073,0.25831553,0.20858461,0.45248133,0.47494677,0.49182808,0.46359277,0.43916321,0.47296154,0.46477115,0.45934978,0.45456761,0.45659801,0.43586111,0.45747375,0.45046631,0.44755757,0.47607198,0.46114278,0.44109064,0.42799705,0.45898917,0.44555867,0.4396649,0.46180722,0.43857682,0.4572174,0.45554566,0.4602544,0.4458327,0.45888788,0.44440648,0.4378618,0.42985797,0.43723455,0.41707706,0.41397369,0.42670858,0.42877805,0.43288666,-0.81154233,0.20095176,0.27908647,0.38079873,1.2566848,1.6157765,1.2394564,0.6082021,0.71950632,1.5275949,1.3304038,1.0902816,0.40189037,-0.12000683,-0.1690691,-0.25077325,0.569879,0.36690634,0.35993874,0.29881215,-0.5942291,0.045049492,-0.38809514,0.22570856,-0.64994353,0.047989458,-0.19578567,0.5145632,0.26013756,1.169428,-0.19280006,0.19198568,-1.0543559,-0.17745173,-0.059402291,0.66073769,-0.93401837,0.6880492,0.14607835,-0.85972202,-0.04779195,-1.0708226,-0.44659168,0.438842,0.64209747,0.54735118,-0.041039776,-1.5492443,0.4856258,0.15263994,-0.94923908,0.4569813,0.012600087,0.042623084,0.68786049,0.069513306,0.32921022,-0.30525866,0.15329807,0.50329268,-0.73893929,-1.0367827,0.053590894,0.55679733,-0.16645363,0.15613712,0.008342071,-0.14249584,-0.1128237,-0.23792118,0.36474013,0.80214119,-0.15062822,-0.48613864,-0.65818888,0.14954615,0.22502281,-1.032171,0.35656849,-1.131965,-0.23663963,-1.6707715,-0.82245231,-0.064946733,-0.56582785,0.34317404,-0.48036209,0.083034635,-0.073719874,-0.17976412,-0.70234883,-0.5291869,-0.2087443,-1.0364383,-0.077705733,-0.070598066,0.088114373,-0.005401909,-0.47322935,-1.5656508,0.35020238,0.47300833,0.72844255,-0.11639937,0.48302954,0.31630769,-0.046212859,-0.47652155,-0.4088724,0.41944617,-0.48853976,-0.17260276,0.41905943,-0.19968842,-0.73361999,0.063208029,-0.47799325,-0.54317504,0.25047457,-0.38112608,0.088778958,-0.52251661,0.49861267,0.86077058,0.010845642,-0.17207883,-1.5237293,0.64949149,-0.078600705,-0.10842802,-0.007618059,-0.44537675,0.006469541,-0.10447808,-0.58525848,0.96536154,-0.68511659,0.15202761,0.40733576,-1.3135409,-0.16661052,0.28570646,-0.17258431,-0.3646819,-0.80074418,0.57190275,-0.000501603,0.30216354,0.76756161,-0.70327652,-0.26174584,0.085772276,0.22224547,0.12741211,0.10666478,0.12925287,-0.31197262,-1.2232618,-1.5777476,-0.7657159,0.17324926,0.5512203,0.10553412,-0.37859145,-0.39844191,0.11342252,1.7905507,-0.099280998,0.060499046,-0.27531204,-0.25703505,0.90758479,0.19296753,0.26350343,0.99731314,-0.004474692,-2.0277278,-0.18444066,0.36241299,-0.020431496,-0.19569796,-0.71455646,0.007427432,-1.2833291,0.28984028,-1.3952024,0.31472129,0.066135138,-0.8294636,0.10034062,0.21606874,0.49737042,-0.1945463,-0.42112669,-2.3838804,0.21525016,-0.69912952,-0.036033571,-0.036400698,-0.080863133,0.49022275,0.009719335,-0.22959907,0.6534164,-1.5395119,-0.7809568,-0.2693131,0.3387531,-0.40789035,0.16693197,0.21961668,0.3189491,0.036034565,0.33943346,0.47834972,0.75385314,-0.89923555,-0.2114981,0.46884233,0.072693586,0.23599312,-0.088550135,-0.20551525,-1.0494472,-0.37872028,0.16803291,-0.25578451,0.12582514,1.0885165,0.37261516,-0.4606705,0.20435342,-0.33753422,0.45664895,0.40013179,-0.48935768,0.07988333,1.6103777,0.15233672,0.18395022,-0.93805462,-0.16665408,-1.8076124,1.0512257,-1.2318243,-0.11690319,-0.24934985,-1.5586267,-0.25468719,0.26208538,0.15584525,0.23932371,0.37150589,0.3424097,-1.6541767,0.96686721,2.0117819,1.1293099,-0.098219149,-0.99546504,-0.011702321,-0.83190292,0.54284441,0.010961294,-0.83210194,0.19382912,-1.7431901,-1.3427881,-1.2677019,-0.33457434,0.34640491,0.32190207,0.3765519,-0.88489377,0.72748196,-0.95115089,-0.24190319,0.35187805,-1.030126,-0.10020104,-0.003111491,0.54933304,-0.044740103,0.30108145,-0.18603705,0.51491952,-0.018090304,0.70285082,-0.126066,-0.1060525,-0.74523675,0.40380543,0.89084804,-0.45639759,0.63915628,0.3962805,0.58996105,-0.70061946,0.46064097,0.4972018,-0.87782323,-0.46904922,0.097897187,0.052883081,0.25951368,0.56194133,-0.30237326,-0.46399981,-0.40049762,0.020026334,0.44061363,-0.26991698,-0.21505305,-0.30499533,0.087416559,1.0246856,-0.92780495,0.21481791,0.2818225,-0.56892669,-0.024817776,-0.35009837,-1.3470002,-1.7594737,-0.21599792,0.65963,0.091379404,-0.25364152,0.57429945,0.21161373,0.46181265,0.32786012,-0.089046046,-0.49417719,0.23484965,0.036254071,-0.32267648,-0.66063076,0.18851461,0.17097753,1.0041363,-1.541757,-0.099455051,1.4596192,1.5047911,0.46713474,-1.1748166,-0.17317317,-0.43564951,-0.032623567,0.045554608,0.27120239,0.75548261,0.84002244,0.4929074,0.11801556,0.22137022,0.81120813,0.68035787,0.94892377,-0.84219062,0.087930173,0.23887077,0.079845071,-0.38942146,-0.20247862,-1.6341168,0.36459085,0.036907945,-0.28056329,-0.10109204,0.042994052,0.083058,-0.68938142,0.26793161,-0.19000384,0.058513694,-0.055567201,0.5481658,0.80833852,0.21364683,0.14401549,0.60492635,-0.46112719,-0.026143147,-0.93682504,0.2823967,-0.79103881,0.037677146,0.77698582,-0.70245779,-0.36990809,0.38506228,0.27182961,-0.48909703,-1.0791601,0.54025573,-0.66385597,-0.017896174,-1.2283694,0.32798967,-0.074295484,-0.76279914,-0.61185628,0.85130918,0.30639106,-1.7792411,-1.2002159,-0.3443583,-0.020537395,0.2475242,0.029521357,0.094215631,0.4172641,0.26261011,-0.16977885,0.31673688,0.30240473,0.37097153,0.12452991,0.029810607,0.14824006,-1.4936341,-0.005785719,0.46821108,0.11431953,0.21466239,0.52372509,0.80564553,-0.35242322,-0.78248274,-0.48292637,0.21614987,-1.5922167,0.34516275,0.30483115,0.42452592,-0.70042396,-1.1351399,0.25090602,-0.36468327,0.094450966,0.004292864,-0.031082269,0.6096099,0.068108335,0.3427636,0.29445261,0.039376937,-0.16392991,-0.34087327,-2.043932,-0.63942462,-0.82078683,0.11491153,-0.83755517,0.19380122,-0.075817235,-0.27075765,0.23345502,1
0.5419324,0.28391963,0.22134477,0.51215768,0.51395977,0.52552229,0.50568789,0.49921766,0.51271951,0.51353514,0.50117838,0.50925201,0.50679511,0.49090981,0.50723326,0.50095707,0.50257707,0.53192294,0.52133441,0.49229771,0.48408672,0.48185849,0.4962849,0.48333305,0.50332391,0.4905071,0.50704384,0.49127179,0.49924487,0.49746019,0.49159661,0.48693451,0.48437577,0.49120772,0.49691311,0.47345942,0.47276098,0.48493457,0.46022254,0.4817062,-0.9501639,0.19555399,0.36364132,0.42400599,1.2466345,1.6563011,1.3126038,0.66258967,0.78947115,1.5609126,1.3528655,1.1354126,0.50533152,-0.13501164,-0.29791614,-0.34413201,0.79856408,0.49376899,0.41925275,0.4010343,-0.70577377,-0.037551552,-0.48418203,0.3251799,-0.40150797,-0.004962869,-0.19733194,0.56106591,0.11871421,1.2050085,-0.20639555,0.29473418,-1.2509978,-0.12154265,-0.006218713,0.86106384,-1.0034907,0.77064562,0.16016874,-0.9405123,-0.062612951,-1.1600614,-0.63666064,0.46048737,0.98322153,0.51037973,-0.027606383,-1.6499166,0.74421549,0.13419048,-1.0650191,0.37129632,-0.048694313,0.044901554,0.68274152,-0.011570007,0.28134683,-0.25967658,0.20248073,0.6767236,-0.89110267,-1.0975972,0.045548316,0.53905243,-0.36677352,0.21734893,0.10566892,-0.17174855,-0.19488311,-0.21164249,0.3644377,0.68875432,-0.17595848,-0.20424575,-0.60568112,-0.085481942,0.42660207,-1.0566857,0.41608381,-1.0799948,-0.27284673,-1.7961696,-0.89590079,-0.1094234,-0.63752091,0.42145199,-0.38882217,0.087786369,-0.022832505,-0.26137194,-0.69964635,-0.6699912,0.39107209,-1.1078184,-0.24935824,-0.041133426,0.027020976,0.13372846,-0.39132077,-1.6428161,0.70338804,0.50346941,0.76881295,-0.22319922,0.52074832,0.37583232,-0.023380086,-0.35019642,-0.37862122,0.36677635,-0.59958965,-0.12921384,0.57456905,-0.25034085,-0.788243,0.085567206,-0.57378763,-0.46229511,0.20396298,-0.3802107,0.15667678,-0.72651654,0.54790568,0.70082325,0.21286242,-0.046106335,-1.5349588,0.51607561,-0.12652332,-0.14584836,-0.024237987,-0.54641306,0.093403399,-0.11378679,-0.65544009,1.0147376,-0.61561918,0.16586882,0.48272517,-1.2043746,-0.14127211,0.30724376,-0.13458538,-0.30476111,-0.82893348,0.58163351,-0.064154238,0.22993171,0.63501298,-0.86157542,-0.24484082,0.12086307,0.081842363,0.15501882,0.47038209,0.038484827,-0.23555441,-1.2812325,-1.718837,-0.85310936,0.26866525,0.5545373,0.17678757,-0.45415136,-0.38990703,0.087181166,1.0447342,-0.15349111,0.036910787,-0.25285101,-0.18591028,1.0424505,0.18989769,0.34422994,0.94399971,-0.10628518,-2.1271303,-0.1779533,0.48778352,-0.054899301,-0.23088856,-0.70024854,-0.036222346,-1.3026543,0.22864977,-1.3721564,-0.02405563,0.19876522,-0.88690495,0.18081725,0.16166982,0.47684583,-0.16073252,-0.094323084,-2.500186,0.25799701,-0.5912081,0.058755696,-0.14340526,0.24717015,0.33266091,0.041793335,-0.23892106,0.48889679,-1.5349741,-0.79997796,-0.36521673,0.47830954,-0.39656848,0.12138654,0.18730779,0.47765538,-0.002577672,0.39275587,0.47634238,0.72304958,-0.91116905,-0.15695706,0.78690439,0.043268159,0.20162457,-0.044605665,-0.23511074,-1.1542654,-0.47984719,0.1768712,-0.27696979,-0.048711866,1.1494937,0.3592099,-0.47617039,0.22583544,-0.36567298,0.47047529,0.62001723,-0.34074146,0.044742756,1.7454585,0.13192925,0.2012544,-0.96566576,-0.173839,-1.9110689,0.93264735,-1.1425312,-0.13280985,-0.22981504,-1.5649717,-0.41970462,0.14685754,0.27241415,0.28131205,0.54740846,0.28493202,-1.6715773,0.89097303,0.10946935,1.3138803,-0.008524451,-1.0909946,-0.093621083,-0.89187288,0.5742541,0.1785264,-0.88827288,0.30657545,-1.7532688,-1.4385251,-1.2538054,-0.49629712,0.3943561,0.70057529,0.47040761,-0.82586581,0.89635611,-0.9731949,-0.31667775,0.34519559,-0.9532392,-0.1628553,0.072145037,0.42972311,-0.033191055,0.4585712,-0.11063986,0.56159675,0.05168128,0.071089983,0.062615596,-0.17658582,-0.85995001,0.57251549,0.97929245,-0.38232949,0.64867431,0.46460271,0.4611527,-0.7386623,0.77964687,0.35436425,-0.81015545,-0.47350356,0.13681176,0.013347462,0.12171211,0.80128103,-0.32674766,-0.49004588,-0.41051033,-0.004573679,0.52060878,-0.24539529,-0.17731354,-0.3353135,0.17655084,1.3595809,-0.86067879,0.1684721,0.38733661,-0.64708948,0.03666044,-0.088279828,-1.2775658,-1.8483561,-0.45672095,0.73780745,0.096457824,-0.2898936,0.52923852,0.26891521,0.62939394,0.42677814,-0.012373477,-0.4045566,0.34130466,0.11443338,-0.38807863,-0.53011763,0.18014991,0.2042166,1.2058984,-1.673593,-0.01474,1.371816,1.7383435,0.49171907,-1.2288854,-0.2840614,-0.46529597,-0.18319738,0.044830956,0.11369342,0.82060099,0.80300629,0.51265657,0.12903938,0.22304589,0.85679638,0.65072608,1.1638821,-0.87867892,0.26344484,0.17699178,0.092183895,-0.37067422,-0.15883172,-1.6578666,0.43424684,0.035921074,-0.30698407,-0.17139104,0.22338723,0.22448006,-0.68082833,0.27288705,-0.1663852,0.51233613,-0.065957852,0.6999824,1.0170071,0.26219079,0.13265647,0.65076721,-0.14742622,0.16818146,-0.96929562,0.18611957,-0.84897888,0.0248321,0.70933437,-0.60314941,-0.33778125,0.41632715,0.26397961,-0.49150032,-1.1245255,0.53859258,-0.58685231,0.006562403,-1.2848811,0.26969662,-0.15428144,-0.91709244,-0.52908784,0.98855209,0.39189905,-1.8305688,-1.2326853,-0.36763427,0.003689041,0.25904354,-0.034323785,0.086518854,0.40908849,0.35406166,-0.26532292,0.32776579,0.33686331,0.33907917,-0.060383189,-0.30658194,0.28534868,-1.5516485,-0.04607331,0.37736672,0.14483592,0.12673287,0.53198594,0.98620677,-0.39144188,-0.81242323,-0.43993589,0.34585589,-1.6717719,0.41380626,0.38664046,0.44444153,-0.74097967,-1.2203413,0.27079323,-0.23935983,0.19068426,-0.059425257,0.026457995,0.20626655,0.16713795,0.36991996,0.37587291,0.082036853,-0.13300171,-0.34608743,-2.1242182,-0.61916012,-0.88606149,0.2446723,-0.78651971,0.28220201,-0.14700709,-0.25537056,0.18979935,1
0.59305459,0.34256026,0.28211764,0.55083787,0.54138601,0.55204737,0.52880907,0.51833016,0.53823614,0.54931879,0.5111655,0.52678537,0.51454699,0.5082857,0.53086406,0.5157454,0.50866055,0.53948981,0.54240811,0.51150417,0.50109249,0.53197253,0.51975399,0.50796843,0.51981068,0.51956618,0.54923677,0.52668846,0.50644088,0.54831302,0.52859092,0.52821064,0.507442,0.51372588,0.5287596,0.49169981,0.47928917,0.53082311,0.50023532,0.51868546,-0.97817248,0.26552182,0.53834492,0.56370842,1.4099824,1.833499,1.5282189,0.84493268,0.97652388,1.7490941,1.5268724,1.317502,0.47982609,-0.12916015,-0.25884271,-0.32504523,0.73827428,0.48879802,0.39855999,0.41957951,-0.81629187,0.006169065,-0.49515724,0.39609084,-0.70573366,-0.004715219,-0.22049554,0.67292118,0.15762077,1.3245052,-0.16913204,0.30058235,-1.3030246,-0.14485651,-0.044598628,0.80566424,-1.0399632,0.80542064,0.24278195,-0.89301986,-0.096600048,-1.2894919,-0.68226099,0.51208055,0.93090576,0.62248784,0.037615038,-1.8069615,0.61366963,0.19537888,-1.1255566,0.38926068,-0.031015158,0.17658921,0.86295033,-0.029845603,0.48363653,-0.3218219,0.22307397,0.67301089,-0.74461746,-1.2647088,0.068927564,0.54001927,-0.38572726,0.27008888,0.025448009,-0.21550065,-0.27576461,-0.23915477,0.47744209,0.66600442,-0.13144992,-0.32808012,-0.64547271,0.20497143,0.63486069,-1.1409004,0.41206858,-1.1379396,-0.34244534,-1.9442328,-1.0233607,-0.054764684,-0.71272492,0.20762968,-0.41685784,0.14924261,-0.035117403,-0.27186358,-0.87018836,-0.64133519,0.15476318,-1.2253816,-0.28153169,0.011433452,0.029631302,0.23155989,-0.51765358,-1.8892361,0.3488754,0.58873272,0.87708348,-0.20150104,0.51222515,0.31248918,-0.015195467,-0.32708228,-0.49876013,0.37438887,-0.56465256,-0.1900838,0.51889586,-0.39585352,-0.85572064,0.13873562,-0.58755273,-0.51160908,0.24602132,-0.51629591,0.21122092,-0.63515127,0.72913069,0.73438454,0.10093568,-0.020811787,-1.8328422,0.61129659,-0.14507866,-0.18746021,-0.016009446,-0.58378029,0.12069347,-0.23542438,-0.73481143,1.1235099,-0.69087821,0.1085587,0.44088513,-1.8084843,-0.18601181,0.38000366,-0.23934786,-0.5407263,-0.99326372,0.55989802,0.015375882,0.41868412,0.92140365,-0.90336907,-0.22298908,0.1132324,0.015128991,0.037640899,0.23527445,0.093501121,-0.30385077,-1.3762827,-1.9147182,-0.91593915,0.35129678,0.71101075,0.14851627,-0.38036272,-0.30955473,0.087426886,1.4943672,-0.10635385,0.035536207,-0.26722234,-0.25118241,1.004869,0.20437428,0.36414501,1.2289102,-0.15583782,-2.3612332,-0.20398483,0.51948774,0.049171511,-0.2353543,-0.87944525,-0.12073662,-1.353833,0.28917065,-1.3705595,0.40530321,0.012234192,-0.98878056,0.20070575,-0.020879865,0.70036602,-0.16476505,-0.080039836,-2.7005544,0.15312175,-0.88721466,-0.021554872,0.004806235,0.098954797,0.55919701,0.10615554,-0.29844588,0.3646844,-1.6668645,-0.79737592,-0.3419278,0.47465664,-0.42685294,-0.025609061,0.13724035,0.45458969,-0.017492644,0.49764413,0.54286534,0.81235069,-0.91644549,-0.21772471,0.56752503,0.16328964,0.13543871,-0.033227801,-0.31817305,-1.246516,-0.57095957,0.18506032,-0.34773269,0.3678965,1.0160692,0.4383328,-0.49618366,0.1902021,-0.46318507,0.59561241,0.54284811,-0.39089224,0.11178036,1.7749649,0.095741898,0.21432284,-0.97484404,-0.27955806,-2.0064428,1.1705652,-1.3963833,-0.069853783,-0.15366203,-1.5678786,-0.3426252,0.21686926,0.17714499,0.34282553,0.36054045,0.44803396,-1.9029269,1.0793358,0.044811483,1.1031535,-0.10870519,-1.298184,-0.11690238,-1.0570407,0.7774691,0.046812937,-1.0263575,0.39657429,-1.8884062,-1.6332597,-1.4911412,-0.56849623,0.36712909,0.6791997,0.4509334,-1.0179044,0.92413294,-1.1497442,-0.35901758,0.32353902,-1.1286095,-0.058462046,0.093742177,0.48930264,-0.038370945,0.38948652,-0.15926059,0.59006733,0.018473137,0.58032483,0.009805691,-0.11637406,-0.75335079,0.55789143,1.1778207,-0.71577078,0.59684694,0.44130626,0.56373858,-0.81702697,0.60914481,0.39553404,-1.0117782,-0.65845144,0.097199328,0.090157956,0.16877022,0.84916496,-0.39725578,-0.62730849,-0.56488502,-0.12341211,0.51126105,-0.33390123,-0.045109287,-0.37442231,0.25942814,1.1688489,-1.0671465,0.15693784,0.33171546,-0.678545,-0.04723192,0.006487288,-1.366956,-2.0260105,-0.14796847,0.73428714,0.078992262,-0.2582964,0.6045239,0.22834359,0.49576989,0.41797253,-0.082907759,-0.48540509,0.31977698,0.084856004,-0.34623364,-0.52891225,0.2507576,0.26605195,1.2704307,-1.8137984,0.022133084,1.4108542,1.7783518,0.4217943,-1.3479112,-0.33764058,-0.57506883,-0.18241818,0.049622968,0.398496,0.89833707,0.88854337,0.64924037,0.12168267,0.20501144,0.90382111,0.73812807,1.0738909,-1.0303512,0.28380194,0.29770204,0.046123207,-0.43335685,-0.19535962,-1.7836131,0.4883835,0.057321761,-0.29597837,-0.11514412,0.20402899,0.18609396,-0.84893048,0.2413661,-0.19214647,0.33068261,-0.16314524,0.48358858,1.0844485,0.24322358,0.12674616,0.71210235,-0.050991416,-0.001561397,-1.0411267,0.17584333,-0.84418654,0.037812963,0.82377851,-0.69621003,-0.37179968,0.56020772,0.39331207,-0.6560902,-1.2842754,0.54150331,-0.68626857,0.083917372,-1.6233832,0.29479685,-0.19558883,-0.91186798,-0.54869264,1.050011,0.44669539,-2.0431037,-1.3349783,-0.4249658,-0.034645587,0.32402366,-0.083084643,0.14131093,0.45179674,0.33827692,-0.25781429,0.25086099,0.32632062,0.4142803,-0.077617481,0.028550304,0.13385838,-1.6770345,-0.059329607,0.50116295,0.11027631,0.12519905,0.61025387,1.0631343,-0.38552731,-0.91413212,-0.50084293,0.086290002,-1.8597759,0.40143341,0.50719666,0.49517053,-0.83813113,-1.429227,0.34174943,-0.31150499,0.13438262,0.019615091,-0.063498005,0.6070407,0.19386746,0.40777451,0.34465256,0.099464677,-0.21050736,-0.42740658,-2.3756657,-0.61975539,-0.97574031,0.19843867,-0.99359649,0.14061728,-0.20082983,-0.32564428,0.13105352,1
0.51247573,0.2704595,0.20790124,0.49520999,0.48993015,0.5122326,0.48501632,0.46993494,0.48844281,0.49515569,0.48221549,0.47949091,0.47670025,0.45972234,0.47723761,0.46705121,0.47037923,0.49779212,0.49268773,0.46042198,0.46394327,0.47485957,0.47342989,0.45929024,0.46379751,0.46311718,0.4849804,0.47119746,0.47108537,0.48094887,0.46620992,0.46287662,0.46312064,0.48120141,0.47192788,0.43733704,0.44351694,0.45485139,0.43870136,0.45853513,-1.0090271,0.17720121,0.41417658,0.48546407,1.4121718,1.7693651,1.4155524,0.75370967,0.8575896,1.6938272,1.4975097,1.2288975,0.41088122,-0.15685777,-0.43979716,-0.5399366,0.71469331,0.46625972,0.36892632,0.35830808,-0.91663682,0.031960316,-0.67197639,0.19688162,-0.73760599,-0.15557942,-0.19386443,0.72229129,0.13027117,1.2242696,-0.20474222,0.24690707,-1.3337623,-0.20790446,-0.11335655,0.88349688,-1.1989872,0.64736831,-0.033008873,-1.0299637,0.055315755,-1.1340547,-0.70222604,0.32032874,0.86214274,0.49722716,-0.074150786,-1.8643384,0.65178406,0.12286296,-1.1764839,0.52981967,0.040089916,0.020381864,0.85954964,0.48648238,0.24098226,-0.22860685,0.23247597,0.62119859,-1.0637838,-1.1027002,-0.038462676,0.67818558,-0.46149784,0.25611389,0.39103818,-0.17067492,-0.14804302,-0.28192019,0.33280355,0.65943211,-0.25247493,-0.1886743,-0.55302471,-0.082917064,0.10269901,-0.97777563,0.34959203,-1.344908,-0.30046856,-1.876811,-0.95041931,-0.16251823,-0.6106714,0.35182199,-0.45527229,0.10420956,-0.067392245,-0.028863549,-0.76196724,-0.78454351,-0.024359614,-1.2463523,-0.16500643,0.046462595,-0.032642007,0.35197341,-0.37283853,-1.6439798,0.31291154,0.5626595,0.8951835,-0.31133592,0.41557458,0.25823843,-0.007539861,-0.39640579,-0.47943103,0.24051684,-0.92390311,-0.19688931,0.47954577,-0.18644059,-0.7656346,0.16790476,-0.53735811,-0.62704551,0.2157103,-0.43290535,0.025630701,-0.89306152,0.49651423,0.97132468,0.13600014,-0.033505898,-1.5986378,0.43189117,-0.025258265,-0.32646203,-0.051162012,-0.58727509,0.05780977,-0.13762772,-0.7438972,0.98885173,-0.80375946,0.13580517,0.23912835,-1.6405003,-0.34184754,0.30651516,-0.13549809,-0.32214758,-0.9291538,0.50274843,-0.013075858,0.34102863,0.88765156,-0.88662314,-0.26713791,0.13531242,0.60641825,0.19280156,0.49562064,0.2448214,-0.30351552,-1.2920835,-1.8031861,-0.94430304,0.30788139,0.61307728,0.18592247,-0.36887595,-0.34366527,0.083515465,1.2484816,-0.20639136,-0.010989716,-0.3032389,-0.15370023,0.86848491,0.20534404,0.36613524,0.81934774,-0.14774847,-2.1947639,-0.15010065,0.38013572,0.027878771,-0.20461597,-0.73299605,0.032408968,-1.3760669,0.20107135,-1.2738956,-0.000385374,0.06289164,-0.87168032,0.13141367,-0.076126605,0.43369418,-0.16558191,-0.41921586,-2.5931711,0.29756615,-0.63836831,-0.18235981,-0.017638072,0.067076415,0.50810069,0.18038879,-0.18804716,0.47401315,-1.531794,-0.77393788,-0.54110563,0.53046334,-0.42760554,0.13348635,0.12918743,0.37665755,0.038688038,0.44431558,0.39837635,0.87982297,-1.1401606,-0.2383011,0.71754336,0.16070451,0.20097198,-0.072279193,-0.092419632,-1.3292737,-0.49566007,0.19267476,-0.31802529,0.020627111,1.1289577,0.45933729,-0.53904551,0.20029995,-0.31147957,0.63501287,0.52878112,-0.55195367,0.10617714,1.7505345,0.15706964,0.37676635,-1.1209106,-0.30446285,-2.0085499,0.98335695,-1.1212063,-0.14187057,-0.21718338,-1.5560163,-0.40007752,0.17992094,0.1135366,0.4994612,0.63112307,0.1623643,-1.8334742,0.99136889,0.52103668,1.2122151,-0.055822276,-1.1438606,-0.055751674,-1.0487727,0.59757316,0.083581939,-0.95453572,0.24459851,-1.8745465,-1.4904544,-1.2527771,-0.54531908,0.59366578,0.65826803,0.39552352,-0.92441994,0.8372438,-1.0769287,-0.27003482,0.65460455,-1.0536617,-0.1257529,-0.007921917,0.40368938,-0.10338761,0.42842653,-0.21520489,0.52909362,0.044196352,0.3742024,-0.034629844,-0.10762876,-1.0134158,0.50545239,1.1441848,-0.52524793,0.66914451,0.50100106,0.40253133,-0.73356026,0.61201918,0.14044327,-0.82065845,-0.55354738,0.12729689,-0.045167148,0.10518808,0.6746673,-0.34123275,-0.54831928,-0.46315402,0.048201032,0.50363952,-0.025059134,-0.12670033,-0.32652834,0.16913755,1.2342862,-1.0441352,0.14001296,0.29192388,-0.63155872,0.076121137,-0.2691974,-1.2201134,-2.0813158,-0.34777284,0.76471353,0.070946433,-0.23896889,0.8257733,0.12443946,0.59687465,0.34106666,-0.13902001,-0.5196808,0.3472898,0.10070566,-0.3226411,-0.7596209,0.14807865,0.19872677,1.1977924,-1.6360915,-0.069735758,1.5738423,1.8017906,0.34592187,-1.497216,-0.21156782,-0.32800755,-0.17699057,-0.018605743,0.044923842,0.82775837,0.40090299,0.37888226,0.096971743,0.30860764,0.94163585,0.7173804,1.0376098,-0.96443367,0.30874908,0.15262821,0.084885418,-0.32883999,-0.13196659,-1.7832444,0.45077312,0.10558914,-0.41327724,-0.26135674,0.106985,0.14548789,-0.66605085,0.23864213,-0.25758329,0.24780855,-0.038958289,0.59023774,0.91165876,0.23139033,0.06364014,0.62622702,0.092285164,0.034661122,-0.94647807,0.27142799,-0.97855794,-0.006827205,0.79679257,-0.83288491,-0.56082439,0.52555192,0.26475328,-0.48520142,-1.2220902,0.62536597,-0.70012945,0.19802552,-1.6444963,0.33963388,-0.18076532,-0.91112995,-0.57560712,1.0106541,0.45994812,-2.0637727,-1.308233,-0.40514779,-0.10934714,0.21928713,-0.041976474,0.15322486,0.35512704,0.30056733,-0.23038121,0.37389451,0.41953114,0.38414061,0.19242696,-0.41863555,0.24227819,-1.5681068,-0.12466507,0.34917247,0.046837375,0.16423854,0.63882065,1.357645,-0.34672138,-0.86975598,-0.48801953,0.40383863,-1.9069086,0.59853733,0.18691954,0.41414458,-0.79843706,-1.35075,0.46664441,-0.37339401,0.68535244,-0.006915718,0.031798191,0.41690603,0.1400222,0.35144717,0.34081313,0.067157388,-0.11240496,-0.31101882,-2.2374651,-0.61564255,-0.88633227,0.18097681,-0.81625503,0.35565808,0.044755906,-0.27670759,0.16726169,1
0.49913868,0.19114447,0.14323412,0.45512205,0.45513535,0.47413322,0.44121909,0.44072169,0.45316613,0.46721506,0.45833084,0.4467476,0.44636172,0.44000185,0.44021127,0.44552529,0.44474709,0.47629839,0.46636787,0.43643171,0.44702101,0.45871323,0.45183033,0.4443205,0.45033562,0.45010054,0.4762944,0.45951948,0.46011692,0.4582147,0.46674538,0.44747549,0.45490474,0.4431392,0.46641523,0.42493892,0.43239877,0.46066803,0.45428264,0.44567978,-0.96649438,0.11236237,0.28974807,0.33041877,1.2212664,1.6183943,1.2230613,0.60123265,0.71924651,1.5052326,1.3234711,1.0766838,0.40257812,-0.16903815,-0.24207759,-0.26436138,0.75839442,0.45805204,0.38478953,0.34894922,-0.73339462,0.040486276,-0.38322178,0.34565154,-0.75191039,-0.10362551,-0.18889591,0.6465537,0.3146531,1.2572415,-0.16450693,0.25582325,-1.2674901,-0.23775034,0.040597007,0.99353272,-1.071209,0.67637384,0.13918003,-0.90509152,-0.009822704,-0.84787709,-0.65015405,0.49211603,0.99988645,0.53263766,0.034595151,-1.5991372,0.59788561,0.14464514,-1.0248829,0.5315389,0.057559621,-0.042450145,0.67128551,-0.039607387,0.53451514,-0.23506212,0.097641885,0.60931689,-0.94983393,-1.144769,0.060872294,0.625462,-0.40737641,0.13166192,0.081903957,-0.1919523,-0.087181054,-0.30410126,0.28838062,0.9249208,-0.20227991,-0.53716832,-0.51591402,0.35256204,0.29403445,-1.0773683,0.34109271,-1.185204,-0.35347646,-1.7634985,-0.98947138,-0.015546126,-0.35562974,0.3430728,-0.54637957,0.069898233,-0.06171127,-0.10869223,-0.77237904,-0.53763485,0.11818628,-1.1608944,-0.066665143,-0.085337698,0.015273988,0.30598858,-0.43914574,-1.4702023,0.33303201,0.50515467,0.80654585,-0.27016157,0.52225214,0.30308628,0.020427257,-0.57288849,-0.41183984,0.43708616,-0.686095,-0.16464524,0.48262367,-0.24069116,-0.85071987,0.094531298,-0.53666574,-0.68463701,0.22276449,-0.33471704,0.091265425,-0.5917536,0.70506948,0.65678531,0.038392957,-0.11296676,-1.5725045,0.65476948,-0.036119606,-0.04371538,-0.077262908,-0.57886213,0.05159628,-0.13948289,-0.67273563,0.9074145,-0.72392541,0.16181254,0.47398776,-1.4092159,-0.18936974,0.3946501,-0.15965016,-0.47135153,-0.80142432,0.53109175,0.21375795,0.29808429,1.0119216,-0.78338289,-0.33124983,0.1222042,0.16823015,0.20112918,0.29769534,0.11898639,-0.3670736,-1.3243119,-1.7178855,-0.76817036,0.24405389,0.52340114,0.30386379,-0.47720778,-0.44386542,0.069345482,1.452816,-0.31542537,0.04868409,-0.22750634,-0.21432421,1.062281,0.13024148,0.31058997,1.285149,-0.18923578,-2.4247863,-0.14138608,0.44802767,0.005247945,-0.17608026,-0.72847521,0.057802524,-1.4113287,0.27607325,-1.2526497,0.33876735,0.12591219,-0.85249943,0.12010726,0.17572179,0.63057989,-0.23013537,-0.35916191,-2.4981771,0.28834867,-0.71024239,-0.11721511,-0.084643573,-0.003086269,0.57899535,0.10388989,-0.26726997,0.62589222,-1.5251026,-0.88829499,-0.28887051,0.47102308,-0.4635227,0.21563835,0.28084975,0.43300274,0.04806526,0.39263821,0.36875424,0.76368803,-1.1100322,-0.30110312,0.40639722,0.081519969,0.25671682,-0.096000537,-0.23922513,-1.136145,-0.51639944,0.1824376,-0.36405107,0.3588739,1.060077,0.36779314,-0.47226626,0.19099922,-0.32536772,0.42303649,0.53233677,-0.37299949,0.090386666,1.5389192,0.17504662,0.33372623,-1.2704519,-0.12652127,-1.9354116,1.0066254,-1.1924573,-0.086496904,-0.2045992,-1.6449215,-0.30347973,0.24093117,0.27967101,0.43240714,0.6165669,0.11740063,-1.7996091,1.0103818,0.26874846,0.94626349,-0.03589835,-0.92234111,-0.10221212,-0.99706644,0.56058425,0.36864468,-0.93100452,0.32760024,-1.7932502,-1.4110622,-1.3497097,-0.4895739,0.63812101,0.72026014,0.34090745,-0.94719988,0.78783214,-1.004572,-0.22423559,0.3715978,-1.0575233,-0.11133829,-0.021650385,0.49577537,-0.033961631,0.368029,-0.1163469,0.3281574,0.095600948,0.60149711,0.20033553,-0.1500273,-0.88855219,0.47361171,1.1083248,-0.4253892,0.46643597,0.48283768,0.42190075,-0.62990218,0.64737666,0.44806153,-0.91275549,-0.51772428,0.08919432,0.013059795,0.15450874,0.59121251,-0.35347068,-0.7765823,-0.42493832,0.22445533,0.43395659,-0.30698478,0.14337638,-0.30425602,0.20179375,1.1461626,-0.92985439,0.2130352,0.37357509,-0.63747269,-0.010764623,-0.2568112,-1.3439672,-1.9039348,-0.20392588,0.65302932,0.098017976,-0.26869255,0.69397199,0.27369994,0.62702471,0.30468068,-0.21354772,-0.41884804,0.32060879,0.007541679,-0.2767663,-0.8707397,0.17306246,0.22569114,1.0598186,-1.7105954,-0.15887381,1.5821723,1.5078022,0.39487523,-1.2440543,-0.19848216,-0.41186288,-0.16192445,0.031630598,0.35098371,0.64933556,0.67168254,0.3904292,0.059565373,0.17056939,0.73260564,0.70944685,1.0795311,-0.91243696,0.24495259,0.36635289,0.087695614,-0.37975681,-0.12241285,-1.5813093,0.4207558,-0.001179509,-0.40950322,-0.22025821,0.31127691,0.25814992,-0.49659199,0.25047097,-0.21151069,0.20946287,-0.020633355,0.6527949,0.87739664,0.31756675,0.10750078,0.66657537,-0.38477102,-0.072183438,-0.96931511,0.21468335,-0.80010009,0.025379524,0.65612614,-0.69452357,-0.35000271,0.41567329,0.38443959,-0.49661678,-1.097086,0.54603422,-0.64551586,0.13321911,-1.4404147,0.27817458,-0.19702889,-0.75523371,-0.70065451,0.96042538,0.48294505,-1.7993858,-1.2102523,-0.36200833,0.067192055,0.26948351,0.031355429,0.081189372,0.28861576,0.29434824,-0.17652139,0.28199422,0.31052294,0.35260832,0.28844249,-0.19556004,0.32822615,-1.5262107,0.019801615,0.33515489,0.10387319,0.17731382,0.66179216,1.3969704,-0.41096529,-0.78993243,-0.38606513,0.18031582,-1.8588275,0.37233323,0.21690953,0.41900104,-0.86622804,-1.2355233,0.2447609,-0.44586617,0.76940751,-0.022591241,-0.011512943,0.52539867,0.14534624,0.33377048,0.39018109,0.057576053,-0.030618273,-0.37634122,-2.1504564,-0.69519508,-0.8224116,0.12983412,-0.84295589,0.00212884,-0.10608663,-0.20257649,0.09581089,1
0.64083242,0.35229939,0.33671844,0.60928124,0.61942279,0.63846135,0.60771537,0.59783733,0.60599452,0.60991609,0.60228312,0.60702395,0.6006484,0.57483935,0.61072981,0.60349953,0.60008979,0.64348525,0.61381966,0.57423782,0.60014427,0.61143953,0.60029244,0.5945816,0.60530472,0.60781085,0.61539,0.60371834,0.61110002,0.60489482,0.60027969,0.6020503,0.59196353,0.59155214,0.60068166,0.58023834,0.58036828,0.59207571,0.58004236,0.59370559,-0.82498467,0.30078629,0.43627131,0.49305719,1.3712701,1.821659,1.4244955,0.76569366,0.87656474,1.6880468,1.5194991,1.2456477,0.5402385,-0.089939326,-0.31931996,-0.35343447,0.90359282,0.56702876,0.42960146,0.4040589,-0.59042883,0.020101596,-0.53893995,0.16585445,-0.68010068,-0.28214383,-0.23569423,0.95941782,-0.005913109,1.2277652,-0.221567,0.31218237,-1.2845856,-0.22190061,-0.15157679,1.09498,-1.0411323,0.85058486,0.03370975,-1.0016066,0.19816272,-0.70384085,-0.79406309,0.46725997,1.1413244,0.53989577,0.048334926,-1.8697017,0.80005968,0.16934364,-1.088868,0.4870908,0.066290572,0.1055813,0.67796093,0.075147077,0.16351354,-0.17811692,0.1487152,0.7363888,-0.99204725,-1.0781248,-0.065650187,0.79814947,-0.45436195,0.18383569,0.24366333,-0.22941837,-0.17422801,-0.22327574,0.34801349,0.82157069,-0.2673347,-0.4376179,-0.62741011,0.20946774,0.46920034,-1.0486883,0.40625414,-1.3488661,-0.32273805,-1.9101028,-1.0713753,-0.10008539,-0.41546786,0.39564306,-0.5404771,0.08539772,-0.063694745,-0.039599679,-0.85033768,-0.60098958,-0.093521938,-1.2911475,-0.26729494,0.042016208,-0.10024488,0.22087149,-0.42723203,-1.7568944,0.17341158,0.51510608,0.91827899,-0.44888389,0.53452927,0.40867323,-0.039411262,-0.31135041,-0.36467993,0.27065301,-0.59176457,-0.18975037,0.57734388,-0.23514983,-0.66873568,0.14045908,-0.63833714,-0.69623882,0.19459113,-0.53519344,0.14056902,-0.5702709,0.55109477,0.69453788,0.065311626,-0.13254,-1.7566242,0.31245363,-0.075075924,-0.032866858,-0.22457729,-0.71292746,0.072763138,-0.25486112,-0.70992047,1.0620555,-0.83642459,0.24294618,0.60473359,-1.7877628,-0.12944862,0.41707399,-0.23795649,-0.35974839,-0.97230625,0.50038368,0.25459984,0.47703004,1.2109981,-0.90691948,-0.33537519,0.15782927,0.1230893,0.28904629,0.2993407,0.10240583,-0.25928473,-1.4782673,-1.9853892,-0.87826347,0.25672078,0.49648947,0.25002518,-0.4714036,-0.46269497,0.03788323,1.1022964,-0.17669813,-0.014244698,-0.29060504,-0.15836349,1.1929901,0.2553122,0.38314825,2.0728664,-0.22633612,-2.3792551,-0.17171827,0.22557926,0.067042604,-0.19006461,-0.79783565,0.009586357,-1.3419712,0.25493675,-1.4437352,0.23828846,0.11482196,-0.96688265,0.19074579,0.30697584,0.52860868,-0.11762679,-0.48639429,-2.7482896,0.37889805,-0.74068612,0.056945294,0.27007937,0.31291369,0.51031989,0.088371344,-0.19057478,0.61100161,-1.5336931,-0.73773032,0.042562142,0.4374848,-0.45838249,0.19872937,0.036128566,0.40224445,0.077662565,0.3648918,0.38798061,0.95382357,-1.0690897,-0.18687662,0.44371188,-0.014839816,0.24432833,-0.18351753,-0.17886491,-1.3243122,-0.45723307,0.16619101,-0.35214424,0.094678968,1.2065063,0.38834375,-0.60361582,0.13719054,-0.28563043,0.29909098,0.67368042,-0.39782572,0.11731386,1.4750673,0.18654773,0.2313008,-1.2366539,-0.29399157,-2.0661066,0.97655869,-1.1196724,-0.13725956,-0.064008787,-1.7753453,-0.44153282,0.19482619,0.086587802,0.55972487,0.73813534,0.43346244,-1.9072334,0.98159105,0.41096243,1.1231725,-0.029837072,-0.95305997,-0.049537364,-1.1072392,0.83532619,0.17316154,-1.0488918,0.57888532,-1.9601288,-1.3964713,-1.3798221,-0.64884806,0.88246417,0.4894132,0.35954517,-0.94398648,0.90727627,-1.123202,-0.27387208,0.50524688,-1.0333341,-0.22034205,-0.001507235,0.37654942,0.22007062,0.3864488,-0.11460238,0.43179744,0.075692579,0.23861831,0.27610093,-0.082477085,-1.0017862,0.6469934,1.0659423,-0.50590837,0.61417705,0.41269499,0.25887755,-0.86410832,0.79130435,0.46569583,-0.9348706,-0.51089579,0.089537241,0.089703426,0.17086856,0.69606507,-0.30303374,-0.6687007,-0.39304292,0.038242064,0.59013939,-0.4344579,0.13408647,-0.3011972,0.23725523,1.1336206,-0.94457525,0.20402966,0.38305926,-0.70913643,0.047795743,-0.12242049,-1.3924582,-2.1010118,-0.36977315,0.80910671,0.17769758,-0.30352297,0.68783796,0.1301237,0.83061993,0.39864361,-0.2090221,-0.43471035,0.35229838,0.063464239,-0.37603635,-0.69959152,0.13625343,0.14617595,1.4797236,-1.7430248,0.008869361,2.0549881,1.8648391,0.54516059,-1.2172006,-0.30164599,-0.29535261,-0.11768458,0.099396206,0.007117093,0.86398864,0.59432113,0.50669944,0.13036315,0.28351718,0.86946118,0.6629132,1.1630449,-0.85444385,0.42828017,0.16649054,0.034558184,-0.41032597,-0.19216405,-1.8356861,0.5173226,0.050858766,-0.39683777,-0.18633614,0.23748115,0.31651855,-0.56319916,0.22047237,-0.28029579,-0.17473644,-0.1884366,0.68552589,1.2855277,0.25513285,0.14323364,0.62185866,0.027012497,0.070874669,-1.0454494,0.28609207,-0.96470296,0.14689222,0.81811655,-0.76567858,-0.33704472,0.42012829,0.22525136,-0.46654493,-1.2356091,0.61345625,-0.70622665,0.21880013,-1.4849743,0.34378734,-0.14980017,-0.80486315,-0.78751379,1.0239426,0.43218854,-2.1945584,-1.3009639,-0.42750213,0.003698951,0.28442475,0.038676858,0.10298973,0.46281856,0.34279802,-0.18663199,0.3809517,0.39349365,0.2688354,1.8905504,-0.63593233,0.20830692,-1.6486595,0.001006728,0.62902045,0.14884898,0.11662737,0.73178864,2.0517685,-0.46085131,-0.9963001,-0.47282678,0.12584144,-1.9577518,0.50465828,0.40041852,0.43884993,-0.88254058,-1.3611201,0.28951585,-0.15956193,1.0950212,-0.080062509,-0.10932528,0.085227817,0.1226913,0.38959605,0.24515477,0.11171641,-0.14779958,-0.43680921,-2.2216501,-0.63214403,-0.89538878,0.076611772,-0.87606555,0.10154728,-0.026508033,-0.35161355,0.26515779,1
0.5269894,0.26727188,0.20511922,0.51050103,0.50175679,0.51997066,0.50392324,0.49183372,0.50452572,0.50438631,0.50249517,0.49914438,0.49447948,0.48571855,0.5083828,0.49659678,0.50224382,0.51965404,0.51290315,0.49101985,0.49102831,0.49844328,0.49381715,0.49278146,0.50195569,0.49315876,0.49846914,0.49544907,0.50823468,0.49931979,0.49119282,0.49933702,0.4894042,0.48644781,0.49691504,0.47102326,0.472063,0.4904407,0.47437936,0.4889392,-1.0219266,0.18485647,0.36519843,0.45210373,1.3174716,1.7324677,1.3376333,0.71477592,0.80737239,1.6452339,1.4585335,1.1880716,0.37515891,-0.17528158,-0.30382299,-0.3661111,0.73075145,0.41691896,0.38174856,0.32799357,-0.59879267,-0.006828757,-0.53199899,0.23288628,-0.56175154,-0.2102059,-0.2233658,0.6885823,0.18539354,1.2657861,-0.22751142,0.26257357,-1.264609,-0.27674535,-0.006469583,0.92744499,-1.058355,0.5347988,0.091441482,-0.99252045,0.021708108,-0.97142845,-0.6905551,0.43495214,0.9646911,0.63704681,-0.022432704,-1.8092979,0.91315043,0.12603146,-1.1471288,0.53099102,0.027370438,0.13103147,0.72941047,0.33318394,0.062617272,-0.26447558,0.23146395,0.66766328,-0.95864099,-1.1387714,-0.012668975,0.65118873,-0.48456293,0.24283764,0.18162261,-0.24337347,0.075900406,-0.3166396,0.3932125,0.8012104,-0.22385363,-0.42414513,-0.56394327,0.22190695,0.38662884,-1.0410448,0.35746449,-0.9918322,-0.33548069,-1.8674345,-1.0984397,-0.10854,-0.54570496,0.024714231,-0.41141528,0.11203414,-0.069573037,-0.13987085,-0.75823528,-0.64456475,0.33521026,-1.1653488,-0.19616723,-0.038224153,-0.018202215,0.35902736,-0.46053848,-1.759468,0.66120082,0.54105723,0.87958509,-0.28486565,0.51616549,0.3680765,-0.021785751,-0.076341763,-0.34995693,0.34015718,-0.86614382,-0.089534223,0.44091922,-0.33517739,-0.82906753,0.05042778,-0.58108276,-0.66382468,0.31446978,-0.40041456,0.049340107,-0.64161694,0.47758397,0.83300543,0.12164853,0.18258397,-1.6840591,0.64209509,-0.17201048,-0.16847351,-0.065195806,-0.62355381,-0.012807603,-0.14687796,-0.68760002,1.0174168,-0.82206035,0.11380027,0.41931295,-1.5899301,-0.1990474,0.3437852,-0.16521172,-0.4231284,-0.94234967,0.35192728,0.039117694,0.23886296,0.86155498,-0.83283842,-0.34759623,0.087609649,0.58679628,0.17253062,0.30196121,0.11458235,-0.17827863,-1.3702728,-1.7870947,-0.84004748,0.32266533,0.57441866,0.35498846,-0.3872146,-0.43559605,0.039110273,1.2151434,-0.1354728,0.035374179,-0.31247303,-0.21717465,1.1227902,0.14450987,0.33944017,1.912147,-0.19639252,-2.3373079,-0.12287346,0.6663658,-0.018798731,-0.24588095,-0.81449103,0.082675174,-1.4503018,0.18525559,-1.3882852,0.39464375,-0.013598986,-0.84856379,0.1287026,0.061400861,0.64576298,-0.19100158,-0.33423305,-2.6435406,0.3720111,-0.63924539,-0.10739464,-0.019983776,0.29851872,0.54103297,0.052935626,-0.16033031,0.51543957,-1.5333456,-0.83150423,-0.28767291,0.52448404,-0.50413835,0.13422936,0.1629246,0.42588228,0.061415181,0.42831713,0.32457018,0.7743057,-1.1236308,-0.25666946,0.71900392,0.20657507,0.23463985,-0.18857105,-0.10744213,-1.2720131,-0.42806944,0.15879774,-0.44408748,0.26226684,1.1913643,0.37853318,-0.441405,0.20217344,-0.44307381,0.40911141,0.72494423,-0.40449354,0.064999595,1.5640376,0.22806492,0.41535166,-1.116111,-0.19853476,-2.0645528,0.9709003,-1.2887623,-0.12967817,-0.18985657,-1.4781184,-0.34271309,0.2673938,0.039426319,0.45395872,0.63898349,0.39554262,-1.9576581,1.0319519,0.38429564,1.3162758,-0.12382473,-1.0427177,-0.051283635,-1.007007,0.69688123,0.18606985,-0.87278092,0.46913183,-1.9111937,-1.5919584,-1.4643548,-0.53228503,0.71661878,0.63444984,0.31213444,-1.1332928,0.76789987,-1.0959654,-0.145702,0.64319456,-1.1081039,-0.086510129,-0.022842806,0.57550782,0.086586311,0.3402307,-0.16207588,0.35463241,0.059505731,0.50451833,0.086350054,-0.10605515,-0.80907124,0.50916362,1.180261,-0.62478065,0.71961409,0.49881449,0.48695827,-0.79025465,0.71984798,0.26015466,-0.94115794,-0.50214922,0.066132031,0.13599126,0.1183342,0.8773995,-0.36378261,-0.53741509,-0.46400917,-0.04258718,0.70891058,-0.25231427,0.025413249,-0.3457813,0.24580777,1.2738476,-1.0195738,0.20540282,0.32993728,-0.71548307,0.04924304,0.40458521,-1.4341338,-2.0203807,-0.23551641,0.69204372,0.010163896,-0.25269878,0.75024652,0.10180849,0.60146248,0.30558002,-0.14355859,-0.62485862,0.3019371,0.11602689,-0.2922014,-0.45236903,0.12929688,0.35008422,1.4204327,-1.6643836,-0.16478501,1.6617436,1.7485412,0.4583993,-1.4110305,-0.26503709,-0.44828385,-0.13771372,0.069627039,0.24227475,0.90521502,0.83833337,0.4128274,0.21542406,0.2156136,0.83627015,0.70022994,1.2287672,-0.97369111,0.28533188,0.38723519,0.045400754,-0.35699207,-0.17635201,-1.6134861,0.4409627,0.07415767,-0.48138067,-0.20488328,0.45186892,0.39904237,-0.51120633,0.26375681,-0.28461185,0.22926381,-0.15709521,0.64821225,1.0127672,0.1772303,0.056369625,0.66059828,-0.041241724,0.18444879,-0.98741686,0.29791516,-0.84198689,0.25286901,0.84423512,-0.58225679,-0.78763402,0.44618267,0.39861378,-0.70471978,-1.198783,0.70990586,-0.65018272,0.18760492,-1.5520729,0.32847005,-0.19977838,-0.78093982,-0.65565556,1.0974338,0.40798843,-2.0524011,-1.3257958,-0.35837069,0.001040706,0.28518191,-0.037236433,0.037872598,0.42814562,0.305682,-0.19148648,0.29766658,0.35776249,0.37061015,0.25486714,-0.14417978,0.30147114,-1.537279,-0.013152067,0.52895415,0.048247728,0.15097971,0.53532332,1.5082794,-0.41578108,-0.93195242,-0.43251094,0.26765573,-1.9649571,0.43130174,0.20255628,0.45510876,-0.87668145,-1.4216707,0.43651474,-0.39058095,0.51917946,0.016472045,-0.025868174,0.52736968,0.10359076,0.36658725,0.44904599,0.038610592,-0.069610298,-0.43283236,-2.2289217,-0.79500067,-0.94443929,0.14941075,-0.92815125,0.042270347,-0.095628865,-0.30151546,0.15232661,1
0.66780531,0.37238175,0.33368534,0.63759553,0.62701702,0.64687574,0.63825369,0.61276782,0.62746537,0.62799025,0.62753218,0.64085472,0.6228025,0.64222288,0.63438809,0.61918676,0.63237256,0.65514129,0.63100767,0.61558151,0.62474704,0.62853736,0.62245691,0.62101924,0.63563669,0.62592423,0.63446414,0.6231811,0.63099581,0.63483906,0.62852049,0.63379002,0.6178025,0.62513936,0.63383985,0.60160857,0.6145792,0.62839365,0.62310529,0.62245381,-0.94784403,0.31276575,0.48214293,0.52805549,1.4589152,1.8795779,1.4313097,0.82487452,0.94786364,1.760945,1.5368397,1.3190365,0.47898027,-0.18876177,0.23202293,-0.39812779,0.78704166,0.48629552,0.44413352,0.36243165,-0.77911681,-0.024223145,-0.40480596,0.43356162,-0.50045472,-0.097456671,-0.067013979,0.78656334,0.024769068,1.2004911,-0.22904438,0.35298592,-1.2680744,-0.19719921,-0.05214237,0.97384846,-1.0357574,0.63795465,-0.014363006,-1.0668617,0.52279609,-0.52439427,-0.73663664,0.6232844,1.0455732,0.58921635,-0.03783194,-1.7763757,1.0998548,0.22359899,-1.1143942,0.25196174,-0.026361056,-0.16454539,0.77782965,0.052416548,0.24731913,-0.35008788,0.098712578,0.70617795,-1.0420153,-1.1392866,0.009247221,0.69235349,-0.64525187,0.20916268,0.28861812,-0.28395426,0.061230958,-0.28780556,0.3060537,0.64074051,-0.21985584,-0.44321305,-0.56223726,0.026360169,0.5601266,-1.0972617,0.46838394,-1.0257311,-0.38206869,-1.8866261,-1.3106871,-0.12488577,-0.26255101,0.60110992,-0.51930469,0.11325676,-0.108443,-0.27052861,-0.81589812,-0.83396912,0.39942068,-1.2130587,-0.4137789,-0.098909773,-0.1805573,0.24501853,-0.39211315,-1.8349054,1.0475663,0.56597519,0.91292226,-0.40795207,0.46274915,0.35384035,-0.013731509,-0.29104841,-0.23683256,0.41779184,-0.81570297,0.05833365,0.47096229,-0.42730618,-0.85348868,-0.029350134,-0.59095049,-0.63324624,0.21618386,-0.51476872,0.1161374,-0.81964719,0.47702608,0.74055314,0.23614872,0.041398123,-1.9267453,0.71290946,-0.073833287,-0.16443014,-0.12453113,-0.72243434,-0.005791936,-0.23269472,-0.72669649,0.92690837,-0.86041385,0.16112934,0.56400025,-1.726521,-0.21943495,0.40096414,-0.059789229,-0.37345764,-0.92463022,0.3273119,0.38085967,0.30982304,1.1807398,-0.82364535,-0.38494283,0.16719691,0.16872852,0.31506965,0.56852472,2.1373029,-0.052077733,-1.4900484,-1.9491482,-0.92642617,0.29793277,0.37091935,0.31480059,-0.57673609,-0.42256507,0.056762196,0.74771178,-0.28471765,-0.070799969,-0.44030717,-0.31556189,0.93167794,0.20086843,0.36920154,2.0500407,-0.2776123,-2.3605218,-0.0118744,0.75404471,0.035045199,-0.18644007,-0.88902634,0.034362219,-1.5366611,0.18667856,-1.5621237,-0.2836608,0.21745969,-0.85327274,0.039452001,0.08276543,0.49695805,-0.21208686,-0.28178272,-2.8248267,0.40348768,-0.68736434,-0.047969416,0.13815108,0.40630537,0.3834419,0.13798678,-0.11901803,0.51275635,-1.8489778,-0.94000673,-0.30566192,0.78099549,-0.45679426,0.017072216,0.11275855,0.39593196,-0.017036341,0.40505666,0.15103289,0.76744699,-1.0488724,-0.26383045,0.89085066,0.025934478,0.21613508,-0.1761312,-0.093782477,-1.2160227,-0.53690183,0.14969464,-0.21692407,0.18016034,1.3674405,0.41138926,-0.47826934,0.23715734,-0.3952508,0.81989014,0.88437575,-0.26639235,0.094151102,1.3418202,0.16087805,0.37382001,-1.2881873,-0.23916712,-2.1634839,0.71877444,-1.1208693,-0.19971639,-0.19727206,-1.422425,-0.48064214,0.20613399,0.35889909,0.82707667,0.82487518,0.33425742,-1.9720218,1.0007125,0.22739239,1.4038146,0.086507447,-0.91095251,-0.12324239,-1.0600988,0.60865277,0.16354166,-0.86706901,0.48281991,-2.0181668,-1.7901635,-1.4431227,-0.30735311,0.96065748,1.0626905,0.34992945,-0.98218465,0.84670717,-1.1880358,-0.37642086,0.54953444,-1.0890751,-0.27360958,0.036185402,0.43184611,-0.25878516,0.55378598,-0.14134406,0.45843393,0.045941394,-0.19496328,0.25391421,-0.072162911,-0.9867081,0.52406645,1.133023,-0.55579191,0.75053346,0.49870384,0.033840299,-0.93508255,0.84146219,0.25026143,-0.91472167,-0.47465438,0.11578449,0.12164152,0.020944864,0.93186754,-0.41010877,-0.67521137,-0.39470252,0.077396378,0.69588065,-0.30561191,0.12704557,-0.24931544,0.21935919,1.6227701,-1.2110032,0.18069229,0.36187685,-0.75996965,0.17783293,0.21700448,-1.379297,-2.1636775,-0.69991052,0.74972409,0.18938166,-0.2844815,0.69809085,0.25338015,0.79930413,0.32940781,-0.041955546,-0.43764547,0.34524983,0.0906692,-0.27537423,-0.71196842,0.16246879,0.26140133,1.4269931,-1.6160609,-0.11486773,1.7506882,1.874316,0.47540075,-1.292359,-0.16732882,-0.42766103,-0.1299749,0.21553162,0.093198121,0.69933528,0.54172921,0.22038391,0.23591739,0.16218348,1.027658,0.69097853,1.5480931,-0.9218511,0.47809899,0.34965116,0.032661684,-0.42003423,-0.088345021,-1.4921921,0.45209086,0.12642665,-0.37872991,-0.14777672,0.55081433,0.39879933,-0.49206197,0.10924456,-0.23441458,0.46663892,-0.20189425,0.85879081,1.1999742,0.20695116,-0.077035114,0.74729943,0.1214276,0.17532183,-0.90776378,0.26488322,-0.77178854,0.17131054,0.77299964,-0.56544685,-0.54552019,0.42395416,0.19241211,-0.47487125,-1.2946769,0.81698561,-0.54804826,0.30189332,-1.520044,0.31989866,-0.26319724,-0.81589198,-0.54733396,1.3917116,0.34377876,-2.019083,-1.4751451,-0.41299254,0.026376534,0.31266648,-0.081515655,0.12527686,0.44905016,0.27358997,-0.26843059,0.36339763,0.288674,0.32318985,-0.021474116,-0.52697515,0.34820744,-1.6532416,-0.011903908,0.44253165,0.15777868,0.13576598,0.65097433,2.2333741,-0.35944843,-0.93648303,-0.17658249,0.61597699,-1.7258672,0.41682971,0.35700688,0.50892305,-0.91709518,-1.486024,0.33578646,-0.52887404,1.2539998,-0.028117299,-0.21790692,0.23847109,0.1268945,0.31331646,0.61653793,0.082464173,0.075830296,-0.41280416,-2.4179401,-0.76931775,-0.98696268,0.14049122,-0.89093781,0.20742194,-0.052089974,-0.29459053,0.18018705,1
0.48484749,0.18925589,0.16867,0.48137507,0.47389355,0.48524886,0.47118068,0.45822498,0.47826785,0.47906607,0.46791127,0.46522588,0.46517482,0.4557206,0.4828473,0.46706992,0.4640072,0.50140369,0.48408508,0.45876282,0.45615172,0.47249639,0.46620277,0.47007322,0.48216122,0.46718562,0.49303299,0.47029114,0.47468817,0.48172635,0.47439101,0.47215205,0.46711475,0.46563488,0.47689629,0.45729482,0.45602128,0.47944328,0.45548293,0.46670002,-0.71833277,0.14609291,0.21881527,0.33415148,1.2316031,1.6189044,1.1887052,0.56437057,0.66786373,1.4793643,1.3296297,1.0412037,0.38245019,-0.099455275,-0.032692634,-0.13872699,0.58721125,0.35646653,0.33863747,0.29077625,-0.31090957,0.02132551,-0.28774741,0.23825331,-0.51436687,-0.042668134,-0.053290591,0.58160949,0.22218458,1.0977051,-0.21389513,0.26264393,-1.041388,-0.19801991,0.00224619,0.60027194,-0.95048952,0.45566338,0.12783997,-0.81738508,0.097226739,-0.98822111,-0.4771972,0.55868083,0.6981836,0.49549764,0.000116892,-1.6331706,0.68434948,0.16539389,-0.87272519,0.49563992,0.021955466,0.16770625,0.53555828,-0.071984559,0.24665663,-0.33989376,0.17673135,0.49321491,-0.88383919,-1.0899575,0.018304475,0.60934103,-0.38282081,0.30584225,0.21792533,-0.081730515,-0.13499929,-0.23224071,0.36659172,0.83494103,-0.24774089,-0.34966993,-0.51189208,0.42179531,0.77238357,-1.0486495,0.3582848,-0.7598418,-0.17426388,-1.5999285,-0.79190367,-0.13369954,-0.50269789,0.2564604,-0.32616174,0.093525887,-0.073209472,-0.16561924,-0.88835162,-0.39736715,0.5706073,-1.0721672,-0.1601925,-0.15567484,0.037774354,0.075928628,-0.49966162,-1.6417006,0.85239828,0.41492751,0.82520038,-0.2410731,0.43788728,0.26168942,-0.024577789,0.12567049,-0.40556949,0.40388718,-0.45744076,-0.22768022,0.39232662,-0.23705436,-0.71708292,0.012435654,-0.52593392,-0.73901647,0.27710974,-0.48794055,0.063726969,-0.59373319,0.42876852,0.63949251,-0.060189899,0.027345203,-1.6170954,0.48795718,-0.19420414,7.06E-05,0.13709259,-0.47756872,0.004282615,-0.14963087,-0.39790457,0.91882616,-0.68975711,0.081383586,0.60502434,-1.3019303,-0.303781,0.24752033,-0.1361274,-0.39218071,-0.94061238,0.44027036,-0.061736912,0.163872,0.83067918,-0.73595977,-0.25554663,0.10281341,0.16883843,0.13667598,0.53862393,0.10850064,-0.21813184,-1.1367145,-1.6546372,-0.84143758,0.23880182,0.53500044,0.17980774,-0.26984566,-0.44090009,0.065572053,1.598907,0.15335366,0.066159934,-0.36192349,-0.12229294,1.0100548,0.11641019,0.24934308,1.3678365,-0.089763641,-2.2016318,-0.18688616,0.58789313,-0.011018969,-0.1972526,-0.72110808,0.006573252,-1.3079754,0.26987743,-1.4288533,0.46926516,0.1884332,-0.79502517,0.064185955,0.38138998,0.69332743,-0.22955731,0.16014948,-2.3528953,0.22125748,-0.53156805,-0.11122274,0.075585611,0.38382477,0.41926807,-0.058787078,-0.1662519,0.5670718,-1.4791064,-0.7918731,-0.36466688,0.30747569,-0.42766315,0.23813714,0.20575832,0.29500237,0.061881576,0.33316797,0.35796508,0.88348103,-0.97162813,-0.17448762,0.6572606,0.086272188,0.25032458,-0.23262219,-0.21112859,-1.0671258,-0.38489497,0.13422567,-0.4839403,0.014851719,1.1375183,0.33855787,-0.30331329,0.15858378,-0.37730175,0.28940779,0.65966231,-0.38005123,0.067532666,1.6709692,0.15942028,0.30394447,-0.75526392,-0.33692676,-1.8518161,0.90351236,-1.1625717,-0.22516526,-0.19909461,-1.2884607,-0.28557208,0.36680546,0.20460957,0.32898808,0.66708159,0.68052793,-1.5616865,1.0012696,0.28879139,1.1592587,0.081816435,-0.92416942,0.02111198,-0.88289154,0.60722262,-0.012840092,-0.92544532,0.47583377,-1.7297971,-1.3076035,-1.3350281,-0.39036179,0.41565618,0.43892375,0.33801574,-0.79872018,0.68092352,-1.0343504,-0.14960755,0.43326241,-1.0015165,0.02387036,-0.055980545,0.57049763,0.28748295,0.44331399,-0.11589826,0.65298545,-0.007112894,0.47867996,-0.04709547,-0.14717071,-0.89939135,0.38977355,0.88976365,-0.50546134,0.76328772,0.3236562,0.4727926,-0.67909902,0.71473789,0.48467994,-0.90221292,-0.43635482,0.097111829,0.1766009,0.21296385,0.81992579,-0.18317084,-0.49165815,-0.32661194,0.02606288,0.40294409,-0.18376961,-0.16246367,-0.33361152,0.12714571,1.1137242,-0.88377124,0.21033588,0.32789114,-0.62503636,-0.031898506,-0.16926999,-1.2685114,-1.754843,-0.26499265,0.57791162,0.099598229,-0.24696741,0.52277517,0.17564897,0.44239593,0.26090303,-0.089266077,-0.56923974,0.24228489,0.043855313,-0.35326427,-0.065574527,0.12401013,0.11556868,1.282046,-1.5773478,-0.20891128,1.4018775,1.7875892,0.4733116,-0.99826527,-0.22581737,-0.39767548,-0.062518716,0.15855101,0.20895433,0.87102336,0.50019681,0.65098846,0.26383236,0.22577214,0.74083358,0.62649029,1.0685723,-0.85735625,0.075290427,0.36987835,-0.066873595,-0.33355874,-0.20369065,-1.5142543,0.34209293,0.031245489,-0.40011147,-0.28435567,0.32801279,0.012831047,-0.66302705,0.19331008,-0.20841993,0.18325862,-0.12053417,0.64756644,1.1885237,0.21744034,0.11055112,0.60438937,0.12886412,-0.004974975,-0.94367129,0.30859768,-0.72087467,0.071895614,0.65337443,-0.53341639,-0.40029633,0.25534463,0.16765136,-0.5640527,-1.0981995,0.65278494,-0.61801779,0.20491579,-1.2072145,0.33172053,-0.18284538,-0.72595549,-0.73072171,0.97023457,0.31263971,-1.8980451,-1.2081652,-0.30147803,-0.008931282,0.35963708,0.030819809,0.038663432,0.42067286,0.22250484,-0.18438146,0.22489868,0.33376038,0.3312884,0.63903499,0.043342546,0.15126432,-1.4795727,-0.060947523,0.52972555,0.12952459,0.14091399,0.51830971,1.1204944,-0.33791256,-0.98690903,-0.42725858,0.20186752,-1.7301532,0.35406601,0.16574527,0.35007155,-0.77924389,-1.2290456,0.27886972,-0.20886141,0.28954774,0.093448788,0.10649345,0.53132939,0.10508505,0.30308938,0.36276823,0.032495804,-0.18459094,-0.35764647,-1.9455485,-0.68419892,-0.90981549,0.037352446,-0.86316609,0.18320864,0.071923077,-0.26608732,0.16112992,1
0.46118701,0.20202655,0.18042378,0.43695557,0.43934092,0.45895204,0.44811893,0.42791575,0.45070681,0.44969186,0.44035009,0.4138537,0.43119818,0.41917115,0.44612956,0.43516749,0.428702,0.4653523,0.45387793,0.42563677,0.41907465,0.44157994,0.43564349,0.43163601,0.43527836,0.42690837,0.45005202,0.43582365,0.42659149,0.43918395,0.43408766,0.42394862,0.42668992,0.42898735,0.4404279,0.41942546,0.42054325,0.4356612,0.42141098,0.42788306,-0.77963549,0.18426681,0.26783818,0.32028577,1.2264994,1.6425822,1.2219281,0.60726595,0.70880085,1.5214176,1.3323534,1.0781572,0.36789981,-0.17845859,-0.15410414,-0.26054245,0.5821597,0.32340682,0.32504085,0.28001776,-0.50356388,-0.004404714,-0.3415159,0.19862659,-0.4839806,-0.02808642,-0.11547508,0.50173229,0.18775967,1.4212432,-0.22024597,0.25573111,-1.1015266,-0.2208804,0.006950766,0.57717383,-0.85052544,0.59169745,0.14833048,-0.84945595,-0.12630346,-1.0688299,-0.54205382,0.41698304,0.77009493,0.57452226,-0.008641817,-1.5747305,0.88896787,0.14558062,-0.97029871,0.21085086,0.013662547,0.065734282,0.65880269,-0.083374113,0.38160035,-0.380723,0.10045815,0.5234949,-0.76095313,-1.0143954,0.026499011,0.4413256,-0.2079339,0.21433264,0.006889563,-0.2113775,-0.030375391,-0.30747396,0.47523254,0.78622603,-0.16918457,-0.28078023,-0.66237414,0.001632512,0.54298884,-0.91426265,0.33206102,-1.014002,-0.33368295,-1.6195142,-0.89840066,-0.015051764,-0.50091708,0.29947087,-0.44716313,0.047786906,-0.11292087,-0.25163066,-0.71555889,-0.43562609,0.44606146,-1.0279852,-0.10778505,-0.058773763,0.12890017,0.26727739,-0.48874909,-1.5168985,0.70473063,0.38442171,0.77757543,-0.15038173,0.46542326,0.34920758,0.070989087,-0.15902427,-0.18609859,0.23799765,-0.63241923,-0.081191823,0.35740796,-0.16646567,-0.73268962,-0.036193814,-0.55935615,-0.49639797,0.20152341,-0.34397632,0.11889868,-0.69406819,0.5206064,0.63866967,0.13433915,-0.011856914,-1.5866718,0.6983577,-0.024691712,-0.19485909,-0.091971152,-0.53800559,0.029312544,-0.11312491,-0.51094264,0.9375692,-0.72046942,0.097190075,0.478542,-1.2603142,-0.17360419,0.34033087,-0.050227948,-0.42801344,-0.81123626,0.55471045,0.12482421,0.27619934,0.77621984,-0.61900514,-0.34365714,0.033103783,0.22305429,0.14942755,0.30252331,0.15089747,-0.10884607,-1.0998976,-1.4820316,-0.75301176,0.23140657,0.50862926,0.19829644,-0.36646634,-0.36823863,0.10830025,0.78725618,0.098140009,0.02094738,-0.3525025,-0.11219072,0.92514259,0.13893124,0.24001037,0.73478615,-0.018389467,-2.1501117,-0.12109526,0.76061499,-0.006142479,-0.1873779,-0.75812715,0.087204322,-1.2480848,0.24503694,-1.16395,0.10796994,0.044594381,-0.76490974,0.063196272,0.24474278,0.47832575,-0.26959828,-0.20179635,-2.366971,0.33100083,-0.49312627,-0.077685058,0.070679814,0.18048349,0.30437553,0.13140991,-0.26125187,0.3722201,-1.4247785,-0.75908494,-0.54521114,0.46631041,-0.47401968,0.19131935,0.16803309,0.39432281,0.029317632,0.45508182,0.40658215,0.68615776,-0.88167167,-0.22415529,0.78026122,0.098131888,0.24564505,0.11543647,-0.24261945,-1.0934688,-0.46295106,0.094547011,-0.41113731,0.34259388,1.1341735,0.33352304,-0.42889225,0.55460656,-0.33703509,0.51954365,0.76024157,-0.18060371,0.072420023,1.382708,0.39246061,0.19236659,-0.89653254,-0.27915758,-1.7954623,0.88786882,-1.1804379,-0.18283133,-0.27846104,-1.3797736,-0.070697576,0.1417843,0.055059865,0.69268054,0.66897297,0.30037192,-1.682671,0.78928441,0.30715048,1.2306664,0.052484661,-0.92103708,-0.11654554,-0.7477302,0.44021308,0.067700185,-0.82298034,0.50049305,-1.7001828,-1.5461357,-1.3472024,-0.42181414,0.49668908,0.63674784,0.24143392,-0.79280972,0.61150312,-1.1234159,-0.35542351,0.30189326,-0.90083748,0.076532483,-0.022867862,0.49222204,0.082600333,0.4632557,0.026025757,0.53261757,0.018126026,0.25901735,0.013670333,-0.094239742,-0.72627282,0.36731049,1.015008,-0.40295768,0.66686237,0.36443448,0.62003195,-0.72455233,0.81802082,0.53432316,-0.92653269,-0.54356343,0.063878328,0.118586,0.24602395,0.78467798,-0.37800083,-0.41545808,-0.36645803,0.061681837,0.58246535,-0.28186083,0.027043909,-0.24685907,0.15473913,1.2141707,-0.79511505,0.15414757,0.3143599,-0.60481882,0.029031422,0.093471587,-1.2836335,-1.7510582,-0.35652286,0.51245314,0.13948652,-0.33128667,0.64568508,0.16357854,0.5375427,0.2490938,-0.14811566,-0.43074933,0.17717405,0.27800012,-0.24880268,-0.54537803,0.1183328,0.166769,1.1330055,-1.447283,-0.22838871,1.5234092,1.4745561,0.38763386,-1.0163262,-0.20392863,-0.44677463,-0.08040192,0.16262916,0.27978262,0.76741701,0.78423953,0.37706786,0.18076092,0.19434381,0.69583464,0.66381675,1.0472966,-0.6529361,0.34319898,0.36878568,0.053240731,-0.32600608,-0.14507854,-1.4729018,0.29406491,0.062557787,-0.3846578,-0.21208173,0.54599655,0.27606142,-0.68169838,0.10699704,-0.24265097,0.31337696,-0.090619743,0.76790464,1.0463914,0.18439445,-0.026566092,0.58467054,0.047191441,0.22327279,-1.0199491,0.22131588,-0.6642642,0.086565152,0.74747252,-0.52763402,-0.48334152,0.45108357,0.42223653,-0.55598783,-0.98762834,0.61633068,-0.60783225,0.057926707,-1.207377,0.21654016,-0.16943994,-0.59428537,-0.5227477,0.92633981,0.49108392,-1.7590218,-1.1807773,-0.27467859,-0.014101464,0.24266909,0.004144035,0.011198713,0.45876992,0.19724856,-0.25846174,0.31801575,0.40249005,0.3983165,0.2538923,-0.22177657,0.26612708,-1.4067099,0.041246347,0.43581444,0.017783552,0.075031176,0.51493961,1.0352226,-0.32924557,-0.78002715,-0.29321373,0.033341318,-1.5830487,0.32665753,0.3450532,0.32297888,-0.68653286,-1.1253138,0.33753324,-0.3044394,0.18679567,0.097983405,-0.094259113,0.2988039,0.11549623,0.30882087,0.45978409,0.019571422,-0.18226424,-0.37897706,-1.9630994,-0.67626834,-0.95804495,-0.008328062,-0.76787591,0.21539865,-0.15422474,-0.25383374,0.10956003,1
0.45330697,0.15818055,0.13693032,0.45651436,0.44453958,0.45467585,0.44990787,0.43529153,0.44502932,0.43740782,0.4390476,0.43675089,0.44370636,0.42120567,0.46239057,0.4176172,0.43586856,0.46351892,0.43776053,0.44513333,0.42458296,0.43247971,0.42595565,0.44515723,0.43842679,0.4353925,0.44610494,0.42867073,0.44173989,0.43846741,0.42649621,0.45677406,0.42641354,0.42689556,0.44231296,0.4148185,0.41528866,0.44581938,0.40689814,0.43822467,-0.67704004,0.11886702,0.18096292,0.28755641,1.2056975,1.5921016,1.1525123,0.53206843,0.62706017,1.4545976,1.2871141,1.0094929,0.23881131,-0.10915129,0.45982888,-0.2480104,0.47799677,0.27863187,0.27220488,0.20760193,-0.4628118,0.015601773,-0.13084456,0.26969695,-0.47359508,-0.032958586,-0.083159856,0.75274533,0.16552122,1.3020165,-0.20987234,0.18484689,-0.93524909,-0.006216765,0.052974712,0.4882665,-0.7616967,0.53701925,0.14306992,-0.73828298,0.29495007,-0.56875467,-0.56116283,0.6733247,0.5988487,0.65662026,-0.021625336,-1.457754,0.94379568,0.092517138,-0.87382823,0.42688757,0.11667625,0.37392658,0.59732974,-0.011790588,0.14211617,-0.36757988,-0.005552713,0.53795719,-0.84125894,-0.89000487,-0.073983088,0.72908962,-0.43371063,0.12781495,0.13735043,-0.24427414,0.14670984,-0.20491616,0.16768774,0.92018092,-0.20627628,-0.3807725,-0.55941325,0.52113569,0.55053169,-1.0189223,0.3890729,-0.92296124,-0.18961366,-1.6692866,-1.0785875,-0.073544338,-0.31289113,0.082872495,-0.44141105,0.080916345,-0.12706324,-0.19872732,-0.76142389,-0.41215974,0.61955208,-1.1419291,-0.14692993,-0.21721229,-0.040364325,0.20511696,-0.48031783,-1.5142604,0.80788034,0.34136969,0.93873453,-0.27786538,0.42650533,0.18559447,-0.10655493,0.23201077,-0.27533102,0.58694291,-0.57420158,-0.11548798,0.29799426,-0.39280093,-0.64856094,-0.041395288,-0.61255413,-0.88598973,0.24841344,-0.5415321,0.01644443,-0.26742786,0.40792051,0.92523253,-0.1717011,0.29224554,-1.4501469,0.62222642,-0.2290442,0.056283534,-0.024790738,-0.62087631,-0.10606651,-0.26536083,-0.33162761,1.0017782,-0.77997148,0.11798382,0.47161976,-1.6869543,-0.18622954,0.34085917,-0.13535081,-0.56348604,-0.97375011,0.26246965,0.28610218,0.3009125,0.73898339,-0.75715566,-0.19734885,0.052059252,0.84250259,0.16943437,0.22258291,0.23139995,-0.27703065,-1.2207627,-1.5409385,-0.6864993,0.23805115,0.033853263,0.14362186,-0.47693604,-0.44708633,0.010068208,1.4316368,0.023031,-0.039838668,-0.36967802,-0.21224061,0.99582231,0.084518276,0.23696224,2.405376,-0.18123376,-2.3715141,-0.003958814,0.47084674,-0.011224672,-0.41557986,-0.83156848,0.20368537,-1.435205,0.26807871,-1.4721888,0.53330177,-0.069410056,-0.7716682,-0.060321786,0.43075165,0.53037834,0.20373099,-0.19709268,-2.4378314,0.54202539,-0.056054682,-0.19755986,-0.13638635,0.28578031,0.41015765,0.010443516,-0.15643488,0.64600778,-1.6146196,-0.46501222,-0.097836092,0.25951394,-0.45200351,0.23899275,0.26205975,0.34610254,0.02301684,0.28433961,0.20971093,0.87399024,-1.1647909,-0.28012681,0.38260525,0.086528398,0.37946838,-0.24096161,0.20704766,-1.0162715,-0.36839452,0.064673096,-0.22297215,0.25071037,1.2490757,0.24122819,-0.40969846,0.19976133,-0.24425611,0.58152109,0.72358,-0.52222914,0.066129804,0.81260514,0.25906914,0.40391588,-0.57702088,-0.042902857,-1.856828,0.7544865,-1.3673615,-0.27952912,-0.054716244,-1.1638337,-0.15437567,0.29798579,0.14233457,0.73502475,0.51768237,0.56481421,-1.6755426,0.9424836,0.16298752,1.3687323,0.10038473,-0.69728059,0.003081016,-0.96471572,0.51208538,0.23635992,-0.80168962,0.40441221,-1.9193152,-1.4170583,-1.4534619,-0.45568919,0.50153607,1.1768224,0.24820772,-0.86132753,0.59121799,-1.1258701,-0.14146589,0.62819451,-0.88451886,0.031762384,0.088013843,0.43615252,0.035098188,0.34564281,-0.001277134,0.4832285,-0.011690939,0.53676867,0.23703632,-0.16764414,-0.85621649,0.3272475,0.75860298,-0.59084082,0.5125922,0.32244939,0.082265496,-0.72601718,0.66915363,0.53846681,-0.93354994,-0.58864605,0.063260779,0.22417417,0.23218805,0.73040807,-0.32044312,-0.53956431,-0.27279276,0.035552755,0.45644689,-0.23628722,0.067635633,-0.32873017,0.084430158,1.0617793,-0.90173852,0.21278495,0.27543962,-0.68029308,-0.040929627,-0.12323834,-1.5455403,-1.7949799,-0.43621784,0.4833816,0.096955478,-0.30393913,0.46468067,0.01737684,0.52556068,0.20712516,0.064747855,-0.57349426,0.21219291,0.46281418,-0.037676901,-0.36337402,0.050824888,0.16286053,1.2353368,-1.5527377,-0.34648669,1.9318856,1.4031299,0.35067976,-1.0237083,-0.14164564,-0.56882834,-0.080818526,0.31426725,0.26559633,0.81503326,0.53009117,0.2995117,0.2938332,0.20296353,0.9415915,0.70265198,1.4010551,-0.7456426,0.060124397,0.39714953,-0.17289634,-0.3720831,-0.10420629,-1.525411,0.25379351,0.011747941,-0.43829495,-0.39244395,0.5904876,0.10295596,-0.43010324,0.15393633,-0.14705193,0.61405474,-0.23317271,0.73768985,0.89168876,0.11614111,0.0697117,0.59518445,-0.10634477,0.017718453,-0.86186492,0.34426683,-0.72126341,-0.015463218,0.5378992,-0.5048731,-0.54260415,0.2571134,0.22663693,-0.87036312,-1.2036201,0.70869762,-0.43628311,0.039047129,-1.2061726,0.36402106,-0.06248726,-0.76390183,-0.6982286,0.93421,0.32037747,-1.8250293,-1.2817435,-0.24601009,-0.022054315,0.36779407,0.092242762,-0.074227951,0.38720879,0.10743441,-0.10049743,0.27221763,0.29181203,0.48614675,0.33672231,0.18703173,0.51125693,-1.2595971,-0.1016323,0.86701024,0.12611558,0.10283621,0.46345764,1.5952978,-0.42135614,-0.79618216,-0.12548096,0.5895139,-1.645872,0.43709487,0.2785573,0.37920651,-0.96694779,-1.4906042,0.1671702,-0.3798821,0.94061571,0.10095193,-0.008697614,0.50637704,0.045282304,0.27596045,0.63927424,0.008666031,-0.18373272,-0.38232318,-1.9993737,-0.65569627,-0.93864739,-0.0786082,-0.9312669,0.010835811,-0.17196284,-0.45517266,0.028674468,1
0.49762914,0.22032735,0.21832415,0.48074314,0.47855133,0.49900147,0.47319186,0.46250451,0.47326174,0.48756972,0.47853863,0.46417803,0.46459508,0.45163691,0.46893674,0.47071016,0.46299416,0.49561867,0.48805773,0.45553708,0.46220869,0.48504812,0.47137469,0.46156415,0.47851461,0.47274274,0.49449897,0.48085958,0.47798604,0.48613745,0.47952434,0.48687628,0.45736319,0.46844661,0.48620945,0.44233865,0.4522,0.47283953,0.44789934,0.47129452,-0.69359946,0.17294836,0.25820512,0.33102825,1.2366624,1.6235111,1.2242457,0.58410501,0.69127232,1.4959993,1.3353194,1.0614086,0.31405658,-0.079494528,0.11486661,-0.17294289,0.62279493,0.36679178,0.31590328,0.26511291,-0.35936707,0.043016374,-0.2035239,0.31891045,-0.42228416,-0.093049571,-0.22024085,0.71434259,0.17867005,1.3102479,-0.16233204,0.30100787,-0.98864985,-0.18333563,-0.038060714,0.79294825,-0.820934,0.57342178,0.11863848,-0.74604565,0.14218453,-0.60255569,-0.56817275,0.79774588,0.92260766,0.62183344,0.12507722,-1.5061135,1.0662278,0.13120696,-0.85860515,0.43764508,0.02245911,0.026179904,0.61971784,-0.10349908,0.31723425,-0.37297234,0.12305039,0.5477801,-0.94618601,-0.98451918,-0.032141149,0.58905888,-0.47043574,0.21072446,0.070239834,-0.19142246,-0.017317459,-0.24013871,0.31147605,0.72316718,-0.23341247,-0.3822144,-0.58027446,0.13386446,0.57407314,-0.98581886,0.28536585,-0.74438763,-0.25192192,-1.5909746,-0.97534949,-0.14250796,-0.30489242,0.32838434,-0.45639467,0.12019483,-0.097406574,-0.24494085,-0.69123542,-0.57467878,0.73496473,-1.0954763,-0.33624992,-0.14490627,-0.090601459,0.1510551,-0.42608663,-1.668272,0.83520865,0.40140814,0.89212292,-0.2608754,0.44241855,0.23678076,-0.066393942,-0.058598936,-0.1989439,0.28992331,-0.82818687,0.026932314,0.35856071,-0.31136554,-0.67447013,0.051311217,-0.56251895,-0.56122446,0.27686584,-0.548554,0.14573658,-0.52533031,0.44662189,0.69442409,-0.010617551,0.13791734,-1.5126501,0.81524771,-0.088270061,0.054136723,-0.098809913,-0.57888454,-0.040805846,-0.18429056,-0.50918382,0.87443691,-0.74175525,0.08993189,0.54500902,-1.5442468,-0.24639174,0.32538769,-0.14416279,-0.4417823,-0.91477358,0.26184303,0.25477457,0.45102078,0.83245885,-0.69623482,-0.24689837,0.087496728,0.33696479,0.12543467,-0.028867185,0.04364942,0.024427578,-1.2317026,-1.6408879,-0.72418743,0.18431385,0.41063786,0.31499478,-0.45382813,-0.44801772,0.070071355,0.92862183,-0.02963135,0.016399805,-0.39437237,-0.27480328,1.0143238,0.13831642,0.25932595,2.0785913,-0.19644023,-1.9835596,-0.076269329,0.8573119,-0.005887769,-0.10255034,-0.90292728,0.022847213,-1.3942717,0.26372355,-1.1982638,0.1970178,0.087583341,-0.7878539,0.051458709,0.022062659,0.64533716,-0.2365576,-0.49843156,-2.4176955,0.35268405,-0.47085285,-0.084835604,-0.16180411,0.22520384,0.39846024,0.011076547,-0.10070344,0.56867266,-1.4536972,-0.81959891,0.1712797,0.5721817,-0.36698323,0.042727865,0.088006683,0.33848637,-0.023328677,0.31423169,0.23310965,0.55680501,-0.95999235,-0.23929113,0.59394616,0.17303059,0.15555772,-0.11414663,-0.17349547,-1.0282561,-0.45010892,0.15679279,-0.27645069,0.21947429,1.2130306,0.30897895,-0.39353415,0.22802356,-0.37975609,0.4296298,0.8693918,-0.44963783,0.058017928,1.2706037,0.25560653,0.19280285,-1.1335021,-0.24083886,-1.900115,0.74846959,-1.1503302,-0.24270856,-0.22035986,-1.1831166,-0.47781181,0.26169807,-0.039844245,0.64491433,0.64230728,0.36438015,-1.6675932,0.96907902,0.18103522,1.0875201,0.10273584,-0.82284784,0.013984449,-0.91928899,0.5115208,0.40470716,-0.79591697,0.42932522,-1.7904432,-1.3651265,-1.2549001,-0.47234777,0.85673273,1.2564038,0.29973504,-0.94643658,0.70413274,-1.0779712,-0.27988017,0.59551024,-1.0118775,-0.18761693,-0.097166806,0.46817809,-0.20369186,0.41623324,-0.13081135,0.41442114,-0.019802338,0.29858404,0.07463719,-0.10973728,-0.81054229,0.39096811,1.0428734,-0.55098009,0.7223863,0.33257964,0.23866305,-0.72468609,0.67442018,0.35868242,-0.86862534,-0.43788144,0.067518018,0.1275277,0.004824027,0.78505337,-0.36277136,-0.56937444,-0.38329878,0.012073457,0.59411597,-0.29231924,0.12822591,-0.28745744,0.099264242,1.2605972,-1.0147986,0.14482117,0.35702395,-0.66549182,0.16076654,0.43295678,-1.253758,-1.7398131,-0.25554013,0.58435702,0.14291009,-0.31746501,0.67872417,0.19337316,0.57882279,0.26578695,0.16056171,-0.56312072,0.20825456,0.29975033,-0.32005036,-0.55545461,0.16980106,0.16906226,1.2246052,-1.4697706,-0.078511201,1.476355,1.3199587,0.49486789,-1.0360072,-0.25771263,-0.44609183,-0.092815042,0.20677772,0.37440667,0.75884676,0.74822247,0.29942578,0.23211646,0.20400362,1.0812769,0.52619004,1.4713422,-0.84597427,0.21419343,0.43771702,-0.14202908,-0.39963609,-0.10131284,-1.1732135,0.32007274,0.028853035,-0.40468988,-0.25751141,0.60862178,0.34063625,-0.51642013,0.26360771,-0.22521728,0.52541077,-0.24031001,0.65001422,0.97214484,0.15062642,-0.04540265,0.60534745,0.25339293,0.10973664,-0.90100402,0.15923175,-0.7094357,0.36748725,0.60971689,-0.54278624,-0.59114063,0.44215244,0.24576928,-0.59988397,-1.1119863,0.66213083,-0.55100834,0.094770923,-1.2138981,0.18661982,-0.1799252,-0.62413621,-0.59393144,1.1010885,0.2286706,-1.8595042,-1.1348433,-0.39928448,-0.002170872,0.34071466,0.008687376,0.010643582,0.36548749,0.19575976,-0.25584382,0.25476307,0.31832978,0.27706382,0.60844964,-0.11935084,0.26637214,-1.3096483,-0.040470354,0.5650388,0.099195048,0.070389688,0.49593484,1.7938287,-0.42770571,-0.79926807,-0.24087267,0.35627329,-1.5391024,0.34131345,0.10280176,0.37761065,-0.74701035,-1.364764,0.2514002,-0.26760694,1.0005097,0.10411239,-0.028336734,0.42755386,0.054353807,0.26268902,0.3499451,0.005663377,-0.14841388,-0.45120376,-1.907482,-0.70233065,-0.91084045,0.043734998,-0.92988509,0.13129053,-0.009757206,-0.27879992,0.18540084,1
0.65243709,0.35560465,0.3152338,0.60197598,0.59695697,0.63566256,0.61303115,0.59711629,0.61627901,0.60744429,0.49362299,0.60507196,0.58696115,0.59004569,0.61132997,0.59747446,0.58622491,0.62349427,0.6284132,0.56967533,0.59148937,0.61204386,0.58707309,0.58783734,0.60298342,0.61076689,0.63816857,0.60959089,0.60236764,0.62139606,0.62487626,0.60240561,0.59572285,0.58871615,0.6195749,0.58641428,0.58327818,0.6014781,0.6051892,0.59856963,-0.94098634,0.28056329,0.54873568,0.54588479,1.4606273,1.88535,1.5111319,0.8634094,0.9871465,1.7738099,1.5644102,1.34137,0.56112444,-0.18570672,-0.21164531,-0.31777877,0.96930158,0.55799282,0.46164024,0.44561848,-0.4852218,0.027752601,-0.47483635,0.26166391,-0.6765247,-0.078077905,-0.21445134,0.77814472,0.11175191,1.227654,-0.25819406,0.31518909,-1.2599176,-0.13670018,-0.13650139,1.2128186,-1.0179451,0.80404127,0.098423123,-0.9863832,0.11377672,-1.0238742,-0.70300633,0.82988483,1.2791829,0.62268251,0.013697941,-1.8034444,0.82123393,0.15341495,-1.1279938,0.45025015,-0.018743381,0.075501874,0.57662326,-0.038161382,0.40171498,-0.30949053,0.092820734,0.83478439,-0.93416351,-1.2736555,-0.018404603,0.6882745,-0.57383102,0.47513032,0.23125088,-0.2346054,-0.10652291,-0.33422843,0.46067721,0.7832697,-0.24731536,-0.38509163,-0.59807205,0.10261167,0.5745213,-1.172542,0.39873582,-0.94445181,-0.45623595,-1.976229,-1.119571,-0.14220805,-0.52428246,0.24007431,-0.46800601,0.10031831,-0.11718947,-0.22555929,-0.90744913,-0.56183368,0.33218718,-1.2819126,-0.24277958,-0.080002367,-0.088514283,0.24810509,-0.41447678,-1.8760247,0.48528665,0.56875253,1.0313971,-0.29647005,0.58345592,0.39690468,-0.00210321,-0.3405354,-0.48908526,0.75195986,-0.73473096,-0.24154505,0.60776585,-0.46926153,-0.84205729,0.09241154,-0.60106456,-0.67953008,0.24286817,-0.5331974,0.11320563,-0.67854786,0.71847647,0.76409841,0.10533536,0.040452458,-1.7748036,0.56834078,-0.16557108,-0.07909476,-0.063943222,-0.65898132,-0.046862252,-0.15713291,-0.6543631,1.1424977,-0.8186183,0.2042547,0.55661726,-1.7177505,-0.20574179,0.4158473,-0.1626303,-0.47906849,-1.0520027,0.44219193,-0.031532273,0.36122182,1.0701232,-0.93710089,-0.34321073,0.16828141,0.22781296,0.12943882,0.4651612,0.016225055,-0.13790087,-1.5224316,-1.8935299,-0.83388031,0.30638987,0.59877831,0.17709459,-0.48176563,-0.45540738,0.040863574,1.1643357,-0.26204148,0.10310154,-0.23197092,-0.30453849,1.1726155,0.25100204,0.41374913,2.1422157,-0.30772352,-2.5463693,-0.17255898,0.72224265,0.10854119,-0.14666826,-0.90873051,-0.11055374,-1.591279,0.23210248,-1.1969339,0.14662674,0.019017298,-0.93842059,0.10730597,0.15406057,0.65836197,-0.15655154,-0.51300025,-2.8673728,0.2305797,-0.46812734,0.03406211,0.093246654,0.4092831,0.49577159,0.087080985,-0.26826286,0.41232574,-1.777665,-0.81476367,0.13340871,0.4282628,-0.4997611,0.060702428,0.12860407,0.42548296,0.064046621,0.41503814,0.3475852,0.7012192,-0.96966541,-0.30541447,0.64831728,0.11685744,0.23918921,-0.15881974,0.059735745,-1.2311438,-0.60352886,0.23026605,-0.46250647,0.23256713,1.1921782,0.43614191,-0.47302216,0.25845465,-0.49753937,0.51871151,0.83166504,-0.40596503,-0.003102079,1.6507418,0.12689602,0.38118887,-1.0157223,-0.33465898,-2.0984218,0.80940855,-1.3231239,-0.14408863,-0.10408237,-1.4161339,-0.60544109,0.25792703,0.4484691,0.45277244,0.62617725,0.35374719,-1.9882751,1.0982552,0.21088271,1.1260426,-0.069801375,-1.156741,-0.094608776,-1.1878377,0.72239339,0.12870644,-1.0765609,0.45862189,-2.0386553,-1.5183059,-1.5375947,-0.57232094,0.80060565,1.1562574,0.40678382,-1.1020234,0.90066469,-1.2670354,-0.4301725,0.49751952,-1.1586443,-0.20663191,-0.022595653,0.37326244,0.005000867,0.41718376,-0.18862489,0.56201696,0.058389336,0.19081733,0.16282272,-0.10034736,-0.80640793,0.67050034,1.0858855,-0.68729812,0.68628067,0.58869398,0.25444743,-0.83795977,0.61537492,0.25478858,-1.043584,-0.6933009,0.087786876,-0.019866034,0.028702453,0.82312214,-0.36309516,-0.72064656,-0.56742948,0.001343262,0.5970912,-0.32973382,0.16747606,-0.43441653,0.2835317,1.3180528,-1.0942222,0.2413407,0.40052411,-0.72138244,0.078263253,-0.067159496,-1.5153708,-2.286993,-0.40253624,0.82904708,0.042008676,-0.24515691,0.65688485,0.22764997,0.63023549,0.37305355,-0.15249577,-0.53758806,0.44267741,0.11793665,-0.3102589,-0.89540088,0.20575285,0.28525975,1.4524561,-1.828876,0.021773921,1.6223155,1.8773997,0.52654582,-1.2265429,-0.25764266,-0.51142728,-0.26359344,0.002316984,0.24722829,0.9181056,0.77038789,0.5968973,0.12234202,0.26168311,0.96403307,0.68884701,1.5535207,-1.0679393,0.17833866,0.39977071,0.13909568,-0.54101104,-0.13469072,-1.3709604,0.51749152,0.064925969,-0.34972212,-0.30834901,0.41265956,0.29471147,-0.68320727,0.27580172,-0.19107606,0.49813074,-0.20050168,0.75829244,1.1135286,0.36327305,0.060433604,0.75088048,-0.095727332,-0.036144406,-1.0683589,0.23259181,-0.87988216,0.31661218,0.67547053,-0.69998938,-0.4890641,0.4743326,0.27147859,-0.63318312,-1.319396,0.60686648,-0.65614498,0.19083202,-1.6223956,0.34704927,-0.097827099,-0.99522549,-0.76856959,1.1569147,0.46042144,-1.9850894,-1.3649349,-0.41628021,-0.032036725,0.32127988,-0.056538481,0.096342608,0.41136169,0.35815072,-0.19830386,0.31544188,0.30798799,0.35177681,0.41712588,-0.50981855,0.3417806,-1.6938198,0.002790878,0.64091843,0.15338233,0.13854821,0.73144954,1.5190318,-0.50411141,-1.0213938,-0.41155273,0.095484048,-1.7755482,0.42967457,0.48062128,0.52174866,-0.93467271,-1.4790909,0.31948578,-0.40436512,0.74304432,-0.046714142,0.046784565,0.37719747,0.068790153,0.41163182,0.38607883,0.059796974,-0.081962101,-0.42994273,-2.3658824,-0.81325775,-0.94354993,0.089472055,-0.94017255,0.10461682,-0.00593026,-0.3061749,0.25441542,1
0.53633642,0.23106387,0.19647352,0.497289,0.49656487,0.51544708,0.49466032,0.48193836,0.50661618,0.49899584,0.48847818,0.48573169,0.48505309,0.47637919,0.49779665,0.47975242,0.47158289,0.53112948,0.52457595,0.46818498,0.47538739,0.4993661,0.50179094,0.48365414,0.51607454,0.49843213,0.52903402,0.51245117,0.50673842,0.5122335,0.50087303,0.49385846,0.49858993,0.48977619,0.50080788,0.48036909,0.48582205,0.49626172,0.48325548,0.49613458,-0.89136088,0.17403722,0.29830259,0.33211267,1.2202122,1.6397891,1.241275,0.60020757,0.71997911,1.5094007,1.3310964,1.0911454,0.43236947,-0.19920282,-0.13144141,-0.293428,0.72912133,0.39968985,0.37649441,0.30768704,-0.28504854,-0.023449777,-0.29744127,0.3519724,-0.5157131,-0.025516357,-0.16921344,0.73398721,0.38982877,1.2542889,-0.27430642,0.25494352,-1.1458941,-0.19527084,0.070966899,0.85594571,-1.0222266,0.69758105,0.18647929,-0.88971686,-0.022725895,-0.99251634,-0.62295216,0.54831558,0.9337377,0.57921493,0.032198813,-1.6581976,0.84790075,0.1605185,-0.94470167,0.49887639,0.041182246,-0.00747605,0.70770538,-0.12270421,0.63578629,-0.37105408,0.10208555,0.63213015,-0.91483277,-1.1690875,0.021568149,0.64831805,-0.31810805,0.27750725,0.16148868,-0.24911229,-0.062480196,-0.29129308,0.29353625,0.921,-0.20443429,-0.33380297,-0.59312326,0.24066554,0.46497938,-1.0286945,0.31121504,-1.0236121,-0.3348304,-1.8091919,-0.89293945,-0.048186526,-0.38982454,0.35772431,-0.50692564,0.14252412,-0.093214914,-0.14374003,-0.78468794,-0.57359636,0.70002151,-1.0953944,-0.15579061,-0.10004801,0.009267837,0.12485093,-0.48620448,-1.6768348,0.99007291,0.48336542,0.87254167,-0.21224877,0.49628255,0.28848314,-0.013398811,-0.26288044,-0.32467803,0.35313973,-0.72131813,-0.053214341,0.41475052,-0.26004362,-0.86273336,0.063082851,-0.53409511,-0.66043252,0.27455419,-0.49600363,0.14739676,-0.59750241,0.67780238,0.72550493,-0.03470546,0.010728273,-1.6645949,0.70462334,-0.11027759,0.059933096,-0.043014228,-0.5818727,-0.026611259,-0.12914203,-0.57826442,1.0143998,-0.78139544,0.14071646,0.63528925,-1.2250575,-0.21713594,0.4083882,-0.1341823,-0.42936611,-0.91423684,0.49025124,0.22180669,0.33477294,0.81216902,-0.75483036,-0.43577185,0.09939748,-0.008602671,0.25310367,0.35068053,0.059477553,-0.26572269,-1.2009425,-1.6303756,-0.78452802,0.27481943,0.49922341,0.14084482,-0.47435561,-0.34866339,0.11084217,1.3423038,-0.23208618,0.036271475,-0.40212268,-0.21652171,1.0088629,0.16689448,0.29287463,1.0349591,-0.07135614,-2.1378357,-0.14390078,0.6652422,-0.025837675,-0.2963393,-0.76794308,-0.015223704,-1.4085815,0.29010755,-1.4629936,0.2004604,0.083542824,-0.82207406,0.083396092,0.22996695,0.56276965,-0.1870553,-0.40873849,-2.5437636,0.28993183,-0.65142715,-0.047501989,-0.047260657,0.11363154,0.48936927,0.044173367,-0.29080898,0.61276287,-1.5221251,-0.7865389,-0.41862309,0.61724758,-0.42110392,0.18546221,0.29160541,0.46945775,0.11800781,0.34706891,0.36804679,0.74033183,-1.0256143,-0.27884704,0.69422626,0.1882582,0.25118712,-0.031579696,-0.22462675,-1.1007439,-0.49960127,0.12870748,-0.4163149,0.52606297,1.3154385,0.36482871,-0.44964901,0.17065856,-0.38940829,0.3671236,0.7307052,-0.42661306,0.1258928,1.6642001,0.082930364,0.2212435,-0.96003568,-0.06475427,-1.9478661,0.97361612,-1.2830811,-0.14324138,-0.33519143,-1.2962253,-0.44012889,0.25147584,-0.033575952,0.66828734,0.73321664,0.25434405,-1.7909716,1.0230776,0.13571361,1.2913395,0.048942402,-1.0349009,-0.049946442,-0.96554601,0.51906079,0.2830283,-0.84122235,0.27780443,-1.8366928,-1.4977895,-1.3840407,-0.49576378,0.56799614,0.89563888,0.3581965,-0.87269217,0.71229881,-1.141443,-0.33631402,0.36144236,-1.0171857,-0.20007497,-0.023726769,0.53611749,0.2717416,0.37989882,-0.082266979,0.31578574,0.07624349,0.56099141,0.46012002,-0.077516675,-0.70202869,0.47488767,1.127888,-0.4500702,0.6394459,0.51236385,0.58237106,-0.73910302,0.66182905,0.50533044,-1.001568,-0.45015308,0.083944,0.15781477,0.091863871,0.75781846,-0.34355521,-0.55766243,-0.41035858,0.038451687,0.66116571,-0.27052116,0.12440141,-0.30514175,0.24998218,1.3242135,-0.9017089,0.22523183,0.42029977,-0.64945126,0.046353702,0.1205126,-1.3766211,-1.8241596,-0.30844957,0.59047389,0.14404371,-0.34831667,0.74030817,0.2685073,0.59454238,0.27636498,-0.21379116,-0.42391521,0.31223339,0.16217744,-0.28093246,-0.66244483,0.19561495,0.20316884,1.1483839,-1.6524781,-0.14352529,1.5523618,1.5837775,0.53719056,-1.1911705,-0.22574584,-0.31383249,-0.021524489,0.087070853,0.32252824,0.78610301,0.85173613,0.39270645,0.15208952,0.21199806,0.73330629,0.72880089,1.1969298,-0.81613642,0.27787545,0.41110593,-0.040113688,-0.36382437,-0.17653359,-1.4277641,0.38526809,0.023294814,-0.45193517,-0.1920075,0.57670617,0.26472974,-0.65672898,0.22674729,-0.21638763,0.36857975,-0.084538974,0.8168664,0.94128352,0.25031421,0.006540613,0.68913782,1.9170228,0.12762141,-1.0453722,0.27926812,-0.75509846,0.033045918,0.75352436,-0.67080188,-0.42324537,0.37520754,0.36339027,-0.53555787,-1.121779,0.63469106,-0.61182541,0.18022226,-1.3260634,0.34884077,-0.10023385,-0.75284183,-0.66509342,1.0324676,0.44107935,-1.9392668,-1.2205545,-0.35455114,0.032264054,0.26899844,0.030219842,0.027928872,0.41499892,0.26444432,-0.20959961,0.28816023,0.30648214,0.45371789,0.38986924,-0.094627649,0.41426092,-1.5205523,0.12431699,0.47049803,0.095614389,0.19052838,0.64856595,1.1494085,-0.42794967,-0.89824426,-0.33254647,0.43773532,-1.8153582,0.35659578,0.22307579,0.33437568,-0.78038764,-1.2142307,0.22420609,-0.35309482,0.4218162,0.035152256,-0.050614871,0.58353901,0.1037419,0.32559699,0.46642449,0.04878293,-0.14370666,-0.42584139,-2.1583328,-0.67339963,-0.99067056,0.098510899,-0.78488326,0.1199732,-0.070426919,-0.256479,0.13797517,1
0.52792734,0.22861862,0.19220929,0.48924381,0.48479247,0.50561994,0.4840821,0.46864355,0.48665869,0.49616259,0.48897886,0.47300979,0.47898021,0.46612614,0.4818809,0.48136377,0.45950776,0.51208645,0.49788263,0.44950277,0.46420217,0.49313197,0.48521256,0.47241628,0.48407328,0.47387356,0.50708401,0.49734712,0.47088903,0.50067449,0.50557899,0.46506619,0.48128527,0.47903264,0.49709499,0.46280593,0.46360606,0.47896963,0.47058001,0.49148041,-0.93860346,0.15955812,0.33756548,0.39662263,1.2820882,1.7016091,1.3192667,0.65540135,0.78013217,1.561887,1.3796757,1.1392289,0.42876357,-0.16247299,-0.18044144,-0.32753867,0.6706484,0.3868348,0.37689364,0.3527967,-0.50713861,0.008924451,-0.52970415,0.26752648,-0.52147448,-0.17280647,-0.16629183,0.56514102,0.039484918,1.3064884,-0.18570936,0.26458943,-1.2020841,-0.15955986,-0.062465254,0.88715458,-0.97826773,0.74799669,0.23893116,-0.88795358,-0.12546791,-1.2016455,-0.61169243,0.40716478,0.91042578,0.61345005,-0.00858858,-1.6489706,0.8827914,0.1547637,-0.96414268,0.59195113,-0.008289386,-0.031438954,0.62634802,-0.0634735,0.2465097,-0.30037248,0.13615073,0.59392571,-0.58277369,-1.1336942,0.051158428,0.45857349,-0.39426267,0.17740607,-0.051776536,-0.26389068,-0.075705409,-0.25304559,0.34068504,0.72427166,-0.15647334,-0.3615706,-0.5251503,-0.18578729,0.57399684,-1.051326,0.38787767,-1.11146,-0.36615917,-1.807952,-0.95668823,0.008637384,-0.57661676,0.30117145,-0.39608333,0.040540472,-0.051606368,-0.27144998,-0.67869842,-0.53036976,0.21982311,-1.0939398,-0.10135682,-0.036500104,0.094742373,0.17715402,-0.48021549,-1.6314397,0.51524276,0.47291896,0.77025294,-0.16891609,0.55856323,0.36207128,-0.009620391,-0.46833631,-0.19333902,0.30038199,-0.6358453,0.040935472,0.45518249,-0.23820348,-0.75438553,0.02273798,-0.55933475,-0.41041383,0.23083183,-0.34785351,0.15185738,-0.7203514,0.64947641,0.68978131,0.21010883,0.1291386,-1.6265047,0.62318164,-0.002547912,-0.13859788,-0.096007913,-0.61311591,0.11267021,-0.15310863,-0.62086034,0.97441626,-0.79633296,0.16981623,0.51010305,-1.3328502,-0.14042334,0.26854128,-0.052927557,-0.48145717,-0.82825267,0.5119136,0.21480575,0.14169672,0.85305333,-0.78722107,-0.39246759,0.058495983,0.14617987,0.15737075,0.26800323,0.11898153,-0.30848083,-1.1982678,-1.6098912,-0.67795336,0.25264186,0.64982975,0.32221296,-0.36888903,-0.32893941,-0.006043598,1.0435804,0.023406539,0.058389258,-0.22487101,-0.23399544,0.98628449,0.1548402,0.27525574,0.98797458,-0.1325669,-1.7232163,-0.11715959,0.60676289,-0.069887139,-0.19422504,-0.87938058,0.050228667,-1.3464512,0.26687452,-1.1129715,0.18594195,0.067112759,-0.85212409,0.15479061,0.23374587,0.34444824,-0.27776197,-0.50082439,-2.5387695,0.25981617,-0.50573581,0.014716849,-0.043194257,0.10565739,0.40808269,0.047531366,-0.29394594,0.6825971,-1.5377023,-0.69857842,-0.53877807,0.44021964,-0.3270275,0.11972602,0.22065622,0.49707136,0.062439732,0.39594552,0.49716181,0.70926446,-0.86290967,-0.23705967,0.75138003,0.20407283,0.24571013,-0.020155851,-0.31523281,-1.2101117,-0.54527068,0.13722804,-0.31061038,0.28523478,1.144856,0.35402435,-0.45740986,0.38887769,-0.3761988,0.79694402,0.68860072,-0.33869022,0.026320789,1.3817245,0.21346745,0.26181349,-1.0206392,-0.22060302,-1.8109125,0.90035832,-1.2976698,-0.077517301,-0.21221364,-1.5889778,-0.17385432,0.045949459,0.14246286,0.90770376,0.37273172,0.3040536,-1.7813202,0.81453496,0.15974887,1.2676595,-0.063901007,-1.1021751,-0.1169591,-0.91866922,0.56462312,0.021567166,-0.81950396,0.4387463,-1.6794093,-1.4513541,-1.3130397,-0.5027802,0.54186285,0.51336962,0.33859682,-0.78002673,0.81271064,-1.0462159,-0.27438241,0.33680683,-0.9886086,-0.12948579,0.027941233,0.4589904,-0.11736662,0.33396113,-0.069206931,0.22651413,0.053065006,0.29380363,0.093280278,-0.1678365,-0.60649163,0.4448477,1.0889223,-0.39730746,0.50564921,0.39577359,0.56864315,-0.65659207,0.71726447,0.47550642,-0.85871923,-0.68408144,0.14119284,0.067302346,0.15464841,0.74763745,-0.41153726,-0.46695587,-0.44279131,-0.027181331,0.62111318,-0.22563723,0.10516357,-0.30256221,0.21633643,1.2272713,-0.93353516,0.19439758,0.39808023,-0.65739179,-0.013190949,0.29913223,-1.3862308,-1.8897034,-0.32600659,0.65795779,-0.011548951,-0.30389658,0.7562685,-0.008744553,0.62152851,0.33703429,-0.12847556,-0.45688763,0.26651585,0.10264945,-0.16697913,-0.72384453,0.18105587,0.28970781,1.3073995,-1.5910468,-0.14406307,1.5069408,1.4580557,0.49301153,-1.1787229,-0.25282288,-0.5150876,-0.17620555,0.08822687,0.26584271,0.76303804,0.26040822,0.38131666,0.073422007,0.18848838,0.82814133,0.70758587,1.0045922,-0.75325286,0.26867047,0.29797965,0.11871564,-0.44368458,-0.13958542,-1.4533101,0.39696589,0.007920731,-0.39892939,-0.16023751,0.48101178,0.2567302,-0.70855778,0.27850538,-0.23367457,0.28263962,-0.056327797,0.80254459,1.0393726,0.13608748,0.004533857,0.58889848,-0.18228877,0.10585626,-1.0217613,0.2049399,-0.72166073,0.099656142,0.66990715,-0.50575042,-0.50054908,0.4092353,0.42709291,-0.50976521,-1.0794239,0.59567636,-0.59032673,0.000182517,-1.291788,0.26655257,-0.087935105,-0.84627807,-0.41437575,0.86407328,0.40969697,-1.800297,-1.0341346,-0.39511469,0.027019057,0.28425288,-0.090486601,0.066392474,0.46521682,0.27418315,-0.23316045,0.35716811,0.35875246,0.32204348,0.018806458,-0.35897934,0.25356349,-1.554159,0.016511971,0.45870054,0.040393092,0.11080862,0.54190862,0.98840809,-0.35588312,-0.89981472,-0.41218263,0.20443021,-1.7024122,0.26465937,0.3831923,0.36987156,-0.63814604,-1.1711359,0.17832895,-0.38591027,0.12427796,-0.027340047,-0.051769871,0.28393993,0.11440995,0.36450076,0.46577802,0.076993123,-0.11982249,-0.40852371,-2.095943,-0.6572175,-0.94517368,0.042994954,-0.80581522,0.24580191,-0.16102682,-0.37366229,0.18901637,1
0.59927416,0.33080879,0.28044674,0.61722505,0.61445618,0.63848436,0.61403602,0.60808849,0.63352013,0.63363063,0.61860704,0.61394835,0.61261857,0.6021384,0.61926997,0.61764151,0.60814989,0.66177046,0.64522648,0.59843981,0.61467433,0.63272697,0.61864096,0.62050021,0.63105768,0.61840367,0.63410288,0.63165039,0.62941611,0.64310384,0.64275694,0.6218425,0.620511,0.62068737,0.63659823,0.6036731,0.60549217,0.62982357,0.60719985,0.63429689,-0.94336802,0.26125693,0.36642265,0.43309727,1.3364959,1.7074018,1.3224046,0.68932229,0.78111613,1.6073692,1.3687799,1.1579336,0.44700727,-0.1379002,-0.27074105,-0.34972468,0.84453583,0.45809001,0.4157365,0.33332056,-0.55692124,-0.0515032,-0.66447628,0.28481263,-0.72298747,-0.12617649,-0.23637891,0.94179726,0.030992925,1.2204963,-0.20209225,0.28468573,-1.2838932,-0.19467425,-0.13261247,1.1865189,-1.1537309,0.68763196,0.11904445,-0.93529183,0.32350594,-0.68583196,-0.90510368,0.41972166,1.0692172,0.53250635,-0.076071866,-1.8988757,0.73460209,0.099571683,-1.1199206,0.4169029,-0.023418188,0.065075763,0.65791798,0.14114112,0.26348126,-0.29454979,0.18994783,0.76240921,-1.0546203,-1.1644797,-0.026152715,0.7161355,-0.46652925,0.2735022,0.30986735,-0.21751559,-0.17106232,-0.28103366,0.43599826,0.76324707,-0.22677264,-0.082280874,-0.44820967,-0.060364008,0.38361531,-0.9736743,0.4417631,-1.2175165,-0.37260976,-1.8657417,-1.0268139,-0.11417753,-0.34863976,0.44500285,-0.35487679,0.079528794,-0.12827373,-0.17375976,-0.76725388,-0.67338085,0.012075365,-1.2688016,-0.24468026,0.073301345,-0.094800398,0.16540481,-0.42356285,-1.7722807,0.2308732,0.50450784,0.87482345,-0.35020083,0.46283939,0.31080815,0.002268583,-0.2674343,-0.39649621,0.3441821,-0.54950166,-0.24761373,0.50019348,-0.24892969,-0.77687216,0.055914044,-0.55569375,-0.53551984,0.15076837,-0.46095857,0.008527303,-0.90087646,0.58657968,0.73446029,0.19944443,-0.007776834,-1.7199717,0.40145653,-0.076858245,-0.17177598,-0.14134564,-0.71816254,0.045730226,-0.17450716,-0.8129378,0.89365822,-0.77846557,0.1336036,0.47104353,-1.5948811,-0.16763975,0.39529043,-0.13524576,-0.35851365,-0.82378167,0.45632249,0.34586757,0.49501106,1.0319881,-0.84011662,-0.28390139,0.14474198,0.083281219,0.26688409,0.3133266,0.17245942,-0.14386043,-1.4256108,-1.8739357,-0.83861494,0.20966104,0.45991299,0.39227521,-0.47454563,-0.40466893,0.070538908,0.95007789,-0.23544282,0.01352369,-0.37299713,-0.24644898,1.1035705,0.23727208,0.30064094,1.9060858,-0.24406606,-2.1392245,-0.13694203,0.37248993,0.017320078,0.06767647,-0.76329792,0.049992882,-1.3405031,0.14972834,-1.1624107,-0.11535889,0.18380624,-0.94497299,0.12418734,0.12202503,0.37413973,-0.21615259,-0.61260706,-2.701766,0.26582557,-0.66276908,-0.032104254,-0.028976806,0.29633319,0.38992202,0.12762916,-0.16440791,0.5269351,-1.5907966,-0.71878779,-0.1348056,0.45479858,-0.50027579,0.11479861,0.043181777,0.45350766,0.076238602,0.35041529,0.39301926,0.79078209,-0.94175225,-0.2657432,0.52911121,-0.021222217,0.20519504,-0.21166329,-0.18692169,-1.3148075,-0.57319057,0.12381245,-0.28317603,0.16591746,1.1424257,0.42446548,-0.5575949,0.16071525,-0.41146579,0.46344942,0.6687541,-0.3607316,0.1362817,1.2053726,0.19035736,0.35366127,-1.085547,-0.17399348,-2.0500708,0.7279315,-1.0631419,-0.098786831,-0.17218573,-1.4132119,-0.47084948,0.22397445,0.18111384,0.36408129,0.46763265,0.24906084,-1.8839546,0.95191431,0.071978644,1.0617793,0.042700086,-0.91707206,-0.085050397,-1.054746,0.62697798,0.20833866,-0.83079702,0.63930655,-1.914948,-1.6865232,-1.3648242,-0.72298431,1.2212434,0.58335906,0.35588211,-0.80768603,0.81189704,-1.1324232,-0.21278942,0.365565,-0.8765825,-0.076957941,0.039611373,0.37723187,0.030968415,0.53951681,-0.077982381,0.38688764,-0.029962616,-0.084810495,-0.10647963,-0.024574466,-0.76746058,0.511123,1.123005,-0.34308016,0.53014052,0.42951638,0.30632547,-0.87300956,0.74438596,0.24824002,-0.82157153,-0.4821763,0.13005175,0.049589261,0.03596808,0.77803242,-0.38519007,-0.58538938,-0.46628335,-0.028262775,0.60566604,-0.14243664,0.39046633,-0.17575788,0.2667188,1.2619363,-0.99828333,0.20130649,0.32314613,-0.67240924,0.18483135,-0.21626863,-1.2682834,-2.0542388,-0.46699363,0.723481,0.085644446,-0.29382133,0.65563565,0.03785792,0.95564234,0.31639355,-0.21706484,-0.3090325,0.37008959,0.038799573,-0.20576438,-0.74037099,0.14856198,0.2488004,1.3374797,-1.6840057,-0.075962827,1.7849782,1.6964476,0.40181074,-1.2067335,-0.11698511,-0.30273896,-0.096123271,-0.041846491,-0.040785939,0.68393886,0.6843099,0.34847069,0.095796242,0.24032491,0.77784669,0.7804364,1.1606606,-0.69822717,0.46449298,0.23615471,0.12298885,-0.49222863,-0.14579558,-1.7764115,0.42074975,0.057567127,-0.31531253,-0.097015053,0.36912009,0.3300069,-0.35197425,0.22526306,-0.27060461,0.12477929,-0.050066657,0.617414,1.3923184,0.23449463,0.049944013,0.65467912,-0.28754735,0.23123761,-0.93007261,0.2030181,-0.95175231,0.12655298,0.72890192,-0.77873129,-0.4783988,0.40183353,0.25013313,-0.38803929,-1.2581127,0.49220103,-0.51853436,0.34128964,-1.6560794,0.41974008,-0.16833541,-0.95095301,-0.58720648,1.1295924,0.43343946,-1.9579052,-1.2952888,-0.3789686,-0.015836909,0.24892408,-0.021018812,0.042172432,0.52185071,0.29368818,-0.23106688,0.38798785,0.34164515,0.29937813,0.12134278,-1.0553213,0.13785192,-1.5394458,-0.003465353,0.36842984,0.052000657,0.14471404,0.74534953,2.1109633,-0.38114437,-0.90455306,-0.33994254,0.1553248,-1.8221729,0.46822128,0.45711476,0.50398815,-0.78148437,-1.2377138,0.39479041,-0.38441253,1.1106437,-0.074682221,-0.041272804,-0.2865985,0.13693258,0.31116167,0.32067561,0.092937864,-0.080413654,-0.36385024,-2.2777739,-0.6983276,-0.8147347,-0.005040007,-0.78379714,0.071540922,-0.15750882,-0.28286484,0.21643791,1
0.46494299,0.21778996,0.19634044,0.45456928,0.4198423,0.46278584,0.4563998,0.42674851,0.44900122,0.4336136,0.43637198,0.43360966,0.44190249,0.42137766,0.45958951,0.42976725,0.44668084,0.45055926,0.43655276,0.4411608,0.42828113,0.43198884,0.42160881,0.43432847,0.43367273,0.42411661,0.42906314,0.41818929,0.44066679,0.41548875,0.42616266,0.42812169,0.41197783,0.40758204,0.41749895,0.41832954,0.41214904,0.42348063,0.41063681,0.4086487,-0.8685627,0.19097701,0.38050437,0.40451926,1.3477329,1.6590998,1.3137368,0.71684396,0.85384154,1.6454899,1.4117441,1.1970155,0.27440679,-0.24711353,-0.2285116,-0.32514906,0.51316285,0.25720939,0.29309097,0.23101297,-0.77700806,0.025555961,-0.5968321,0.41114444,-0.64658087,-0.040279616,-0.11597943,0.60770768,0.23600222,1.6584866,-0.21532148,0.24442005,-1.1140411,-0.28357643,0.09677913,0.76089716,-0.93253446,0.47743613,0.16061726,-0.89628249,-0.12938415,-1.2519422,-0.48287129,0.61591351,0.7466718,0.79066396,-0.02154813,-1.6489992,0.93041229,0.097633317,-1.0355996,0.45550257,0.007968556,0.099103138,0.62345409,-0.20317814,0.35855079,-0.43988854,0.023101017,0.54773825,-0.7043317,-1.128407,0.054320253,0.41577965,-0.30309945,0.19730134,-0.020485571,-0.21405163,-0.019555338,-0.34466606,0.56302947,0.94413167,-0.19996041,-0.28022179,-0.37290928,-0.11063926,0.53251958,-0.96623528,0.2911143,-1.0750364,-0.40960252,-1.8104122,-0.99126571,-0.033046521,-0.4907589,0.26732907,-0.39891273,0.012249842,-0.1366881,-0.18474789,-0.84048283,-0.54434323,0.36778688,-1.0097268,-0.25290412,-0.081987306,0.11149567,0.4452998,-0.55170286,-1.5512905,0.81778485,0.39504212,0.83235955,-0.17550305,0.67292303,0.43416905,0.050728183,-0.24389029,-0.20653526,0.32565373,-0.63866568,0.27515286,0.29822674,-0.21216159,-0.75306249,-0.087181062,-0.59691137,-0.70187283,0.27670383,-0.3087019,0.070855126,-0.70258808,0.64682931,0.72393447,0.098977,0.30684805,-1.7875171,0.88985348,0.037092049,-0.21527308,-0.094248295,-0.51998311,0.020267917,-0.097477406,-0.66964501,0.99715334,-0.70970696,0.16114599,0.52628654,-1.1348187,-0.19382459,0.34981018,0.038438573,-0.58049375,-0.87298906,0.47948048,0.22275132,0.243029,0.88781917,-0.68607336,-0.33604136,0.074439116,-0.035032097,0.3378312,0.48507261,0.12819579,-0.035570949,-1.1870379,-1.560845,-0.77476197,0.0955268,0.55165696,0.36179152,-0.49143732,-0.21229641,0.16485322,1.0241995,-0.29480469,0.05746007,-0.39223906,-0.19970044,1.037732,0.12353324,0.23468122,1.9419695,-0.084446594,-2.1773293,-0.10309278,0.88980848,0.003866183,-0.12643336,-0.7110796,0.12151475,-1.4353329,0.18291304,-1.2219037,-0.05050227,0.21911272,-0.81434762,0.024505978,0.48814338,0.49302992,-0.26601905,-0.093486488,-2.4157879,0.26184985,-0.44773734,-0.02474577,-0.21553722,0.23377785,0.34381315,0.10999794,-0.1754895,0.54188877,-1.5189227,-0.90354592,-0.092179298,0.47000104,-0.5051747,0.13074176,0.26365373,0.49667704,-0.041225363,0.49830031,0.48389763,0.78448993,-0.89737409,-0.35637954,0.60472548,-0.15168403,0.27168584,-0.12582308,-0.22910911,-1.2174411,-0.51189852,0.087443694,-0.44086388,0.50300658,1.3524613,0.38633221,-0.45916921,0.28528881,-0.38635576,0.66384518,0.78930664,-0.46555781,0.098002419,1.5072354,0.36225563,0.14606334,-0.99558198,-0.28183419,-1.9409499,0.81972706,-1.4392226,-0.34797576,-0.15822241,-1.2326838,-0.20719743,0.14989656,0.13827394,0.88097924,0.47402331,0.37760413,-1.7133112,0.78693616,0.097643651,1.2249637,0.11228599,-1.0322134,-0.086105153,-0.83416045,0.52516359,0.36088175,-0.82320338,0.27525681,-1.667671,-1.7326374,-1.444302,-0.3064681,0.70181441,1.1473714,0.16573325,-0.82656038,0.68086874,-1.3154191,-0.29127318,0.4871355,-1.0104866,0.017817695,-0.031402946,0.43047276,0.37240693,0.54435462,0.077228263,0.43572298,0.029169634,0.29286513,-0.058313619,-0.037510626,-0.7924968,0.29405296,1.1541986,-0.45255923,0.74285769,0.44838566,0.52170718,-0.72143066,0.78068286,0.40609416,-1.0360496,-0.56048065,0.081607334,0.19302207,0.17968276,0.88545954,-0.33369482,-0.40925249,-0.53389889,-0.030072365,0.74017191,-0.20432147,0.26845893,-0.30272695,0.14988142,1.4064336,-1.1825038,0.10592448,0.46022153,-0.6991688,0.00617804,0.1075097,-1.2812911,-1.8392354,-0.41821527,0.52688396,0.080926597,-0.24969867,0.75664371,0.17996277,0.60610044,0.20683457,-0.094305485,-0.51235664,0.15249914,0.18099739,-0.052083563,-0.74591219,0.17548499,0.24798791,1.2099751,-1.622412,-0.046570364,1.4844191,1.4688511,0.52323663,-1.2665322,-0.248882,-0.47409594,-0.10697643,0.11760812,0.48309505,0.86126953,0.69209158,0.47869062,0.23354615,0.26758698,1.3280178,0.74176753,1.3821124,-0.80351341,0.34061879,0.47546312,0.09106791,-0.40395766,-0.13991773,-1.3445766,0.26148283,-0.041520648,-0.50217962,-0.20915693,0.69782054,0.35994935,-0.74776089,0.090061337,-0.20521611,0.48596409,-0.13726015,0.72614825,1.0462149,0.38612252,-0.13551743,0.56585956,0.00683856,0.26816073,-1.0475509,0.24273606,-0.6041643,0.26236707,0.6833787,-0.75579584,-0.44997746,0.36289364,0.44005013,-0.73119479,-1.1505556,0.55401713,-0.57239902,0.024558224,-1.6173873,0.28318819,-0.27383485,-0.6710614,-0.44340032,1.0836604,0.52302295,-1.7977287,-1.1106361,-0.34237903,0.066828616,0.28065482,-0.027679458,0.040101588,0.53211778,0.15036349,-0.24854544,0.31115133,0.41425785,0.29686069,0.10046789,-0.16819228,0.41378048,-1.4570813,0.027026795,0.52591348,0.0600725,0.18172257,0.60107601,1.1264017,-0.40387568,-0.8039729,-0.24928062,0.43031877,-1.9002426,0.30271423,0.27796257,0.3458299,-0.74163449,-1.2599372,0.20989451,-0.53867286,0.181095,0.070473649,-0.11684506,0.41474688,0.1113273,0.23838648,0.42616689,0.001866994,-0.082865305,-0.40531623,-2.2203555,-0.71041572,-0.9760837,-0.068754375,-0.7698912,0.044481367,-0.21554649,-0.28738832,0.069305897,2
0.585706,0.34360424,0.31155831,0.57500482,0.5546658,0.57600534,0.56519663,0.55218947,0.56618893,0.56271523,0.55684108,0.56225991,0.56265068,0.54155159,0.57611799,0.54775274,0.58170354,0.58136159,0.56567073,0.56209147,0.53811049,0.56002408,0.54789335,0.54767382,0.54610324,0.55050457,0.55465937,0.54600954,0.55286527,0.53807604,0.54525137,0.54869294,0.53259665,0.534958,0.53741962,0.5418818,0.52611959,0.54111367,0.52706611,0.52311605,-0.79169989,0.30811319,0.42728829,0.48197317,1.4026594,1.6814592,1.379247,0.77123153,0.9038291,1.7046118,1.4815549,1.2586176,0.4087708,-0.18898939,-0.085849188,-0.30199039,0.67609012,0.35655332,0.26563746,0.2480517,-0.53073651,-0.013231738,-0.61880612,0.44524062,-0.72039807,-0.15140378,-0.16316298,0.57904136,0.18606445,1.416775,-0.1552674,0.21620998,-1.0461634,-0.21535043,-0.1260256,0.857629,-0.88717252,0.5778048,0.086529955,-0.86763734,-0.12875174,-1.1809844,-0.52770406,0.6584307,0.97495806,0.67916715,-0.015214929,-1.6692157,0.66071856,0.12998883,-0.97350729,0.77989221,0.11591777,0.016993998,0.63996124,-0.16847579,0.37065026,-0.36570245,0.081764743,0.59605849,-0.62056679,-1.0696613,0.007440515,0.57239038,-0.3135165,0.1249337,0.099715576,-0.16809535,-0.070309728,-0.24749364,0.55274224,0.79770309,-0.1783468,-0.24206799,-0.39283562,-0.084976584,0.42605618,-0.95441097,0.32366511,-1.1216518,-0.35996076,-1.738122,-0.79039806,0.021274898,-0.45266488,0.48199365,-0.39282316,0.085186869,-0.088540316,0.060867667,-0.71237594,-0.34559557,-0.066125751,-1.0080233,0.025458246,-0.12337936,0.1563897,0.37622008,-0.39576232,-1.3503649,-0.079922438,0.41562164,0.90914345,-0.10587294,0.56498146,0.35548767,0.011681095,-0.41447687,-0.17014185,0.30018198,-0.32460585,-0.16058621,0.37242875,-0.26971626,-0.68350983,0.012036368,-0.56270987,-0.48318237,0.19119492,-0.060741723,0.003162611,-0.71346092,0.70026088,0.58962369,0.12320279,0.024279727,-1.8180873,0.36786869,0.037535116,-0.21575543,-0.030787025,-0.4922078,-0.089605622,-0.21894753,-0.58105236,0.89816445,-0.65259939,0.13998015,0.47878516,-1.4626418,-0.13444112,0.32804281,-0.076103151,-0.4713662,-0.7575165,0.47878751,0.30548632,0.1225754,0.76695019,-0.70909762,-0.21147439,0.06806393,-0.067009397,0.12451164,0.40026593,0.105167,0.096775025,-1.1603034,-1.5567062,-0.6240648,0.20107782,0.37089697,0.22352846,-0.45156017,-0.24609019,0.15427326,1.2236481,-0.25244227,0.046341706,-0.31931242,-0.074289396,1.1835201,0.12365913,0.23851749,1.9470308,-0.050436199,-2.0808928,-0.050107546,0.53286642,0.011344666,-0.03363464,-0.71975899,0.19408303,-1.2176306,0.33452678,-1.2422793,0.006390572,0.17469031,-0.78720856,0.13439915,0.29026717,0.41138694,-0.1775901,-0.87249082,-2.4392035,0.22498816,-0.37840125,0.00070592,-0.019561782,0.23168571,0.36612248,0.094136737,-0.12976712,0.49383587,-1.3003179,-0.71658021,0.070755571,0.36613142,-0.36182019,0.19143857,0.19974518,0.3694438,0.061035831,0.46208158,0.38732588,0.83635896,-0.85254484,-0.29007044,0.36913541,-0.12317469,0.25095972,-0.083401479,-0.16931249,-1.246328,-0.5367198,0.14845972,-0.51653206,0.44162422,1.0873816,0.36177927,-0.52110481,0.09004043,-0.35432869,0.70183027,0.42924249,-0.45049068,0.12433263,1.0152079,0.052900292,0.25067851,-0.72194678,-0.098329253,-1.8262794,0.79130787,-1.2366542,-0.13033085,-0.27184749,-1.4731326,-0.23651817,0.038819745,0.23552495,0.47695103,0.51680887,0.31474665,-1.6401386,0.73410022,0.025122533,1.2040075,0.033611059,-1.0694894,-0.067652635,-0.77921903,0.49236917,0.12519377,-0.91278517,0.36103472,-1.5040799,-1.6715261,-1.2802091,-0.346416,0.4274472,0.60325658,0.17026407,-0.75928771,0.7091409,-1.2413117,-0.13556957,0.33183146,-1.1069115,0.076376855,0.039685767,0.27334112,0.2157816,0.36696145,0.025718277,0.49687868,0.048507415,0.34323347,0.06998904,-0.09570466,-0.72995543,0.3935146,0.90848529,-0.5157966,0.61865211,0.46292561,0.49287274,-0.68662351,0.88028514,0.3688823,-0.96675396,-0.67449939,0.092217267,0.064359881,0.22914712,0.76166201,-0.3087354,-0.50958884,-0.487618,-0.009815706,0.55544096,-0.14685084,0.098484546,-0.32860661,0.2093145,1.1313984,-0.95659626,0.10565652,0.2705501,-0.53486162,-0.013464548,-0.30471358,-1.2156589,-1.6836313,-0.37738779,0.52075416,0.073296636,-0.28303644,0.77346098,0.15845671,0.48494607,0.24110793,-0.024125651,-0.33342078,0.2032481,0.05796884,-0.054873928,-0.73368323,0.12897538,0.13860583,1.1050258,-1.6041954,-0.15772898,1.5284742,1.4045234,0.44764245,-1.2628521,-0.23555124,-0.21789557,-0.1174897,0.13421835,0.2575894,0.60863328,0.213496,0.25823033,0.19272158,0.26163736,0.7292282,0.6847502,1.1675106,-0.82198906,0.34763122,0.23013747,0.31512633,-0.36083168,-0.11862062,-1.4489062,0.28181297,0.000574589,-0.33785284,-0.14587891,0.31482729,0.12924272,-0.65313065,0.24216744,-0.20676525,-0.041092128,-0.053937264,0.77475792,0.91151512,0.21056741,-0.004187992,0.54736286,-0.22481982,0.043326262,-0.93388659,0.1813491,-0.62610012,0.014957935,0.5627346,-0.76888829,-0.30609268,0.34587389,0.43056449,-0.45756572,-1.0481663,0.56737411,-0.53363788,0.089956835,-1.5460886,0.27862525,-0.22498648,-0.62757438,-0.49613589,0.91476929,0.54398316,-1.6913229,-1.2055877,-0.29565036,0.007267366,0.26620951,-0.063362464,-0.030360518,0.40691167,0.21457653,-0.15283795,0.29195035,0.31066912,0.32012373,-0.071332514,-0.4968428,0.24026257,-1.3869562,0.018015429,0.58504355,0.059619226,0.21044308,0.51004547,1.1674725,-0.32244465,-0.55239421,-0.3904829,0.47920388,-1.7661562,0.36729944,0.43782303,0.34287366,-0.6924752,-1.3314439,0.17799887,-0.49579477,0.18771979,0.072964452,-0.10189907,0.19246161,0.18160677,0.32338682,0.37655786,0.024037922,-0.02986344,-0.43129224,-2.0679348,-0.68644762,-0.76171875,-0.064078584,-0.63576388,0.16372731,-0.045893572,-0.23813531,0.13899602,2
0.59756744,0.34672275,0.31620738,0.58544064,0.5699864,0.59722948,0.57312417,0.55567032,0.56712723,0.56682533,0.55454838,0.56166923,0.5623889,0.54645085,0.57871038,0.55981541,0.56798446,0.5363521,0.57246852,0.54559267,0.53797859,0.56474179,0.5495646,0.55161339,0.55524212,0.55573446,0.56740749,0.55601692,0.55359,0.54797387,0.55105221,0.55378389,0.54354578,0.54432023,0.54519582,0.53096271,0.53008223,0.54336035,0.52982366,0.53807896,-0.86415982,0.31151238,0.39244068,0.4085083,1.3430309,1.7283622,1.302022,0.71106195,0.84497857,1.6399444,1.4054043,1.1903753,0.36393279,-0.25266874,0.025737174,-0.29254055,0.67981273,0.35108891,0.35242647,0.27520019,-0.52128398,-0.083402433,-0.53603655,0.32363537,-0.76757538,-0.036710482,-0.24329053,0.69683814,0.25728279,1.4484792,-0.17545111,0.24758548,-1.0758048,-0.32265717,0.063303992,0.94679081,-0.97518969,0.56396538,0.22490959,-0.8459872,-0.12555066,-1.1870195,-0.63211155,0.51490086,0.90575516,0.60306895,-0.077292345,-1.6560391,0.6262446,0.10276245,-0.99210948,0.49691114,0.036098212,0.001069803,0.52035511,-0.11714061,0.35434723,-0.43819982,0.080405377,0.5657841,-0.53527427,-1.0488114,0.052540522,0.40916148,-0.34343356,0.12969108,0.15090531,-0.19640851,0.003958121,-0.39092457,0.51111978,1.0660071,-0.12466005,-0.39016485,-0.38461241,0.083617695,0.51926017,-0.86564171,0.34735054,-1.0345961,-0.40776086,-1.7868303,-0.96928984,0.062705807,-0.42434868,0.20649065,-0.53609729,0.064254232,-0.15525264,-0.23319919,-0.65170151,-0.44852722,0.36151397,-0.99249738,0.014647543,-0.1913088,0.2300832,0.35269788,-0.54768932,-1.4367169,0.46113378,0.4333559,0.68616742,-0.081858203,0.60615075,0.32743815,0.047554165,-0.34366125,-0.26080489,0.4360615,-0.40536341,-0.20440105,0.39766264,-0.27475938,-0.74804223,-0.1485492,-0.54174644,-0.69701487,0.30166596,-0.18629155,-0.015084123,-0.62226105,0.61579198,0.61923856,0.02514342,0.13288566,-1.7965211,0.80665946,-0.035375457,-0.089518629,-0.026115086,-0.50687754,-0.12170064,-0.13543582,-0.72647953,0.85656136,-0.67185688,0.1085617,0.32123813,-1.3176225,-0.24215111,0.49200785,-0.006999709,-0.53764182,-0.77787405,0.64958298,0.41194662,0.34738469,0.73158711,-0.63475788,-0.31172648,0.056114092,0.059250478,0.22946185,0.27209562,0.066316053,-0.024334639,-1.1579435,-1.4803451,-0.81985867,0.27419722,0.42469153,0.18809551,-0.49018168,-0.40974653,0.19031152,1.4502161,-0.38254511,0.04807451,-0.35007322,-0.17288935,1.1563902,0.16747034,0.26885283,1.7777607,-0.089625254,-2.3005466,-0.12788096,0.62933016,-0.002399084,-0.13676843,-0.67189014,0.19438575,-1.4683491,0.26418722,-1.1781691,0.25164509,0.15299556,-0.73522031,0.046499513,0.38359454,0.43898666,-0.23714194,-0.27483338,-2.5130599,0.26187843,-0.48577911,-0.048339292,-0.21066113,0.10982176,0.42360723,0.2150719,-0.27478436,0.71381462,-1.5308322,-0.99455315,-0.11248919,0.43180823,-0.41074884,0.17734973,0.12451567,0.52997875,0.067884825,0.44869587,0.46575814,0.76519549,-0.88894433,-0.36729306,0.31957781,-0.26455399,0.29869512,0.003803063,-0.25140834,-1.1189519,-0.48407924,0.08248917,-0.56910473,0.51921678,1.1276748,0.41671756,-0.4704338,0.14284837,-0.3351528,0.61052531,0.53071648,-0.43128502,0.10217021,1.2255311,-0.004213281,0.15513453,-1.1059215,-0.19662906,-1.9021447,0.89234668,-1.4619285,-0.22323787,-0.16491435,-1.280292,-0.059826076,0.14366877,0.44543436,0.60523599,0.65430981,0.38427046,-1.7434334,0.81554312,0.049715694,0.92173874,-0.001588564,-0.97141886,-0.12957379,-0.73980176,0.55874228,0.46025395,-0.81103557,0.29452381,-1.643591,-1.7675165,-1.3954331,-0.42034304,0.43202344,0.8804298,0.21500656,-0.82407713,0.70359069,-1.2967817,-0.13915402,0.35610241,-1.0258713,0.036718667,-0.034799367,0.41355103,0.14328976,0.41103855,0.064605303,0.47455144,-0.003262566,0.58689684,0.067519307,-0.046122566,-0.5333631,0.45579323,0.9519093,-0.45918879,0.66946959,0.49002117,0.53333908,-0.68689531,0.70123678,0.56949264,-1.0126818,-0.53552645,0.12260021,0.25041598,0.26608112,0.81224132,-0.38165841,-0.44663852,-0.46668866,0.029911373,0.4422926,-0.087690488,0.18563133,-0.2544755,0.22693595,1.137892,-0.98273808,0.13681811,0.25774315,-0.63531667,-0.088539585,-0.48156419,-1.3808265,-1.7784876,-0.42504591,0.56331557,0.027532615,-0.28341287,0.61550629,0.21172993,0.46858796,0.22587535,-0.31311777,-0.38110027,0.21375221,0.010405436,-0.010791704,-0.5518378,0.16686551,0.11710879,0.98210704,-1.6125318,-0.049450088,1.4373106,1.0808713,0.28759685,-1.2631938,-0.24785106,-0.48577702,-0.13031153,0.070929781,0.52832961,0.69166917,0.91989839,0.33369565,0.1555019,0.1681278,0.70110679,0.76721597,1.0529692,-0.75889373,0.26079589,0.43084842,0.21407418,-0.43782794,-0.16958961,-1.5403011,0.2831935,0.01481986,-0.26823437,-0.17345548,0.32171357,0.1440106,-0.74982035,0.21366176,-0.21634638,0.12038814,-0.072201714,0.40904385,0.98333716,0.31727046,0.031896692,0.54948384,-0.18516569,-0.12630239,-1.0796688,0.21384704,-0.60335332,0.38373071,0.79205549,-0.76338351,-0.38723189,0.36818099,0.4118256,-0.54797375,-1.0236287,0.53325158,-0.51469147,0.01344962,-1.5491452,0.23990674,-0.1882346,-0.58940578,-0.4353137,0.86210167,0.61561066,-1.657696,-1.193522,-0.30138344,0.020131521,0.27362168,0.039390828,-0.061141144,0.43390778,0.19628063,-0.20310453,0.25311387,0.36133972,0.37910107,-0.005841956,-0.18006626,0.20167384,-1.3978384,-0.053839955,0.38357165,0.005278194,0.25489596,0.57867831,0.85015148,-0.42913559,-0.66196018,-0.32368767,0.05141576,-1.8857737,0.2646327,0.42856652,0.41321555,-0.72272569,-1.1466739,0.20401405,-0.63300073,0.034834966,0.069874853,-0.074061148,0.37965643,0.17513986,0.3047356,0.51520693,0.006139838,-0.052833535,-0.40230775,-2.2355671,-0.73197347,-0.82222962,0.004860167,-0.74357063,0.22464158,-0.2093402,-0.27241775,0.07554803,2
0.50624961,0.25949639,0.2324281,0.50445008,0.48115617,0.50499344,0.49440545,0.47070646,0.47426164,0.48084041,0.47478327,0.47631818,0.48087507,0.45943984,0.49368167,0.46687654,0.48527426,0.50308585,0.48855776,0.4617936,0.45983517,0.4743166,0.46094716,0.46313748,0.47421476,0.47143126,0.47785157,0.47043729,0.47333664,0.45865184,0.4660005,0.46224916,0.45780391,0.45164561,0.46182641,0.44921982,0.44836664,0.46427065,0.44861525,0.43834007,-0.76623839,0.22781833,0.21876192,0.2395342,1.1444196,1.572264,1.1117152,0.52715206,0.65227711,1.4484905,1.23233,1.004045,0.27894461,-0.2246623,-0.18716848,-0.30577257,0.46906859,0.26321322,0.34526947,0.21025927,-0.4043119,0.045398753,-0.53468287,0.38900137,-0.66382009,-0.15947932,-0.15872024,0.54733354,0.31359258,1.508582,-0.18884513,0.19235422,-0.96973509,-0.25226235,0.11892062,0.75877476,-0.94211179,0.38537756,0.33048043,-0.79483241,-0.12874,-1.0165204,-0.54477143,0.25259054,0.66351122,0.70660758,-0.05114257,-1.4966226,0.8049376,0.12036797,-0.87051046,0.45344076,0.009755943,-0.054978453,0.61424232,-0.12170647,0.39099735,-0.4654454,0.024226412,0.43218797,-0.5748713,-0.9319914,0.10188011,0.3396036,-0.27061763,0.15179932,0.023638248,-0.1542539,0.022130966,-0.37348846,0.46530038,0.97209811,-0.1366574,-0.37568599,-0.40163457,-0.011031389,0.30728415,-0.73033482,0.30726776,-1.0465201,-0.36087039,-1.6092376,-0.90401763,-0.000546416,-0.3535105,0.2397351,-0.38480058,0.090868369,-0.1350497,-0.32702422,-0.63041902,-0.40545774,0.33950812,-0.88096821,-0.12803417,-0.15415436,0.2113381,0.48450682,-0.47609934,-1.2302548,0.64597559,0.36667618,0.67951834,-0.12197919,0.59828627,0.42154804,0.066699229,-0.34158432,-0.15133657,0.27787212,-0.34556395,0.000638455,0.2635788,-0.15667006,-0.66586208,-0.090484589,-0.47489738,-0.61660504,0.24547105,-0.20092863,0.008612642,-0.68876672,0.54428768,0.64075202,0.014480952,0.12061473,-1.6226122,0.69477248,0.008217402,-0.19935748,-0.074826792,-0.49763152,0.013680069,-0.14469522,-0.6266647,0.78942704,-0.68557113,0.10921016,0.38253784,-1.2783126,-0.18625507,0.32751834,-0.014635004,-0.46694994,-0.82962573,0.45160562,0.42045355,0.12508698,0.61626285,-0.59900397,-0.27389911,0.080915168,0.097804241,0.25337318,0.40498367,0.14126037,-0.058079857,-0.99486452,-1.2805306,-0.60950571,0.17982221,0.42462844,0.32116166,-0.43160537,-0.25270146,0.14617896,1.2054207,-0.19170848,0.024923183,-0.39526516,-0.24253549,0.96613085,0.075217381,0.2011985,1.2294438,-0.042107757,-1.9677805,-0.092585266,0.64241523,-0.029813085,-0.1913228,-0.64610124,0.18467586,-1.3274217,0.21053037,-1.1528236,0.37480113,0.038425643,-0.69988918,0.008327656,0.19584455,0.36470965,-0.24644262,-0.36901283,-2.3087244,0.29319191,-0.44502673,-0.1113241,-0.12579714,0.14646775,0.40394032,0.19829217,-0.28899464,0.6619817,-1.3790253,-0.84199619,-0.33389229,0.32634258,-0.39252493,0.10607098,0.16646641,0.5231241,0.046281166,0.40539676,0.3706786,0.71836907,-0.8299576,-0.34572846,0.67598873,-0.056233205,0.27052763,-0.063780889,-0.24599117,-1.0662911,-0.43229601,0.049377177,-0.46088716,0.59748679,1.1074812,0.35624611,-0.43759742,0.20167659,-0.37704766,0.71301782,0.53648406,-0.31589711,0.1095667,1.245349,0.20188737,0.16925049,-0.94650447,-0.17002788,-1.6960412,0.85618746,-1.1880991,-0.30643785,-0.255274,-1.3514438,-0.041619383,0.16225001,0.1820876,0.14332837,0.52012712,0.21755657,-1.565203,0.76186538,0.093465164,1.0491581,0.057414077,-0.95800573,-0.19855401,-0.71495056,0.47168067,0.31301585,-0.7488603,0.27543315,-1.4732929,-1.5268475,-1.3178984,-0.36312553,0.50000441,0.40632266,0.15196845,-0.75382137,0.5496074,-1.1766851,-0.21135917,0.35295707,-0.9999184,0.043639995,-0.061259877,0.48588908,0.035371669,0.37854624,0.10783003,0.34313667,0.082833096,0.60801619,-0.00848078,-0.055916786,-0.58812791,0.27918389,1.0094467,-0.38122451,0.58821726,0.47434279,0.56154138,-0.5808894,0.69431865,0.40934259,-0.94582802,-0.50923002,0.07579653,0.1047905,0.23052654,0.74266374,-0.37873426,-0.42525283,-0.4499681,0.058298543,0.7404446,-0.24953006,0.26893523,-0.23410073,0.13743885,1.0821757,-0.96498454,0.15480307,0.33586133,-0.63096797,-0.038009513,-0.038472809,-1.2354145,-1.6920066,-0.24932458,0.43760005,0.073139466,-0.27782628,0.6200704,0.115957,0.49310493,0.19221878,-0.28184012,-0.43318334,0.1261531,0.12460661,0.038757756,-0.50494117,0.16451864,0.12707083,1.0929965,-1.5180461,-0.046924226,1.4483049,1.2375879,0.33637697,-1.1349113,-0.19606285,-0.3403632,-0.12863953,0.044750966,0.39058876,0.62844086,0.79454082,0.34729344,0.12491166,0.1840934,0.66068858,0.68447655,0.97385967,-0.67312467,0.37068558,0.30054522,0.14969942,-0.31538108,-0.15872809,-1.2533259,0.20436859,0.034899969,-0.38387364,-0.2303701,0.57841504,0.14363679,-0.6396237,0.16198382,-0.21153209,0.065480866,-0.10769537,0.71178401,0.89048457,0.30619285,-0.015927382,0.46910077,-0.14760432,0.070501782,-0.97462243,0.24832833,-0.54192466,0.28043601,0.63338017,-0.76862705,-0.38910091,0.34907165,0.50221437,-0.49682373,-1.0214039,0.46682146,-0.51510227,-0.067557827,-1.345735,0.26026717,-0.15068591,-0.4842529,-0.3387959,0.84197938,0.62453306,-1.6392187,-1.0814419,-0.30612934,0.037748616,0.21099934,-0.013067728,0.012121264,0.4693425,0.13256267,-0.20531008,0.32012042,0.29735583,0.41053799,-0.084755488,-0.095197923,0.21213026,-1.2467917,-3.75E-06,0.3890053,0.010138443,0.16166797,0.63924718,0.77271074,-0.3300983,-0.70114166,-0.27314541,0.11895279,-1.6899837,0.24913876,0.26289523,0.28471372,-0.6442278,-1.1039295,0.2167491,-0.55118448,0.045332879,0.002147488,-0.12102842,0.54126394,0.13279492,0.2471506,0.46216327,-0.009720615,-0.10515077,-0.33087617,-2.0078576,-0.67177987,-0.78648615,-0.085882217,-0.7493313,0.2474353,-0.25483733,-0.27096438,-0.007836048,2
0.56257659,0.30582896,0.27733499,0.55437267,0.53888315,0.56798881,0.56078196,0.53697395,0.53708875,0.53823626,0.54282928,0.53986657,0.53251839,0.52120864,0.55585361,0.53674698,0.55351865,0.56341326,0.54608393,0.52080047,0.52373946,0.53461266,0.53035259,0.52607787,0.53759718,0.52539098,0.5263651,0.52962267,0.53709668,0.52589357,0.53076231,0.52884597,0.51679587,0.51843834,0.52883959,0.51261693,0.50948358,0.52356189,0.50766623,0.50653946,-0.87656969,0.25845438,0.4450596,0.48338604,1.429858,1.6722333,1.3743223,0.79146242,0.90846062,1.7239175,1.4611274,1.2671559,0.23418309,-0.22421405,-0.28600487,-0.40290061,0.61251265,0.37292743,0.31281891,0.25227812,-0.62573743,0.03198836,-0.63033855,0.38552535,-0.93178695,0.008025572,-0.22352698,0.83803481,0.44190255,1.4628912,-0.15886003,0.16559879,-1.291351,-0.2947439,-0.017036278,0.92146051,-1.1164651,0.51829034,0.24871252,-0.90954942,-0.082539327,-1.0070189,-0.66099566,0.50637746,0.91889608,0.69752878,0.021999381,-1.7468987,0.66092557,0.10236531,-1.1074673,0.73011333,0.059640072,0.087083608,0.72871178,-0.030398514,0.56282997,-0.34508294,-0.001592692,0.54443014,-0.85877174,-1.1586137,0.051311277,0.62372112,-0.3519305,0.23235683,0.038509462,-0.16725628,-0.173775,-0.34085345,0.52215779,0.95298743,-0.21618412,-0.28887564,-0.48890477,0.10414133,0.48118114,-1.0153017,0.31826967,-1.0736375,-0.35182422,-1.8175702,-1.0601646,-0.039711718,-0.34819195,0.33923542,-0.49369046,0.17824453,-0.15810198,-0.051528588,-0.74486136,-0.51366824,0.062786356,-1.1914228,-0.29075909,-0.025372893,0.15502504,0.31442776,-0.41451916,-1.6925151,0.27839231,0.45677039,0.88232946,-0.21430758,0.56270504,0.35420504,0.056650117,-0.20046642,-0.30185464,0.45836329,-0.56014293,-0.1929604,0.31997046,-0.17830977,-0.73671949,-0.001113191,-0.49824262,-0.63063824,0.26843941,-0.33714357,-0.048765704,-0.70512837,0.75958312,0.59869993,0.11757723,0.011077069,-1.8526422,0.75952274,-0.011724561,-0.22222623,0.021768898,-0.60824275,-0.028779788,-0.16437675,-0.79465503,0.97751212,-0.74611604,0.12109454,0.47943541,-1.6882205,-0.25060791,0.43084383,-0.17766979,-0.35212883,-0.90392405,0.50100446,0.39872882,0.65148896,0.99768341,-0.82087028,-0.23781121,0.075545304,0.045889851,0.18475051,0.24073938,0.21703365,-0.12684317,-1.3325573,-1.7323415,-0.79085976,0.21039362,0.58845741,0.37391302,-0.48453489,-0.28075081,0.21013021,1.2602875,-0.044503648,0.017207623,-0.38660324,-0.19164754,1.1774789,0.14583747,0.22986785,1.8594285,-0.061999377,-2.1472771,-0.098480925,0.61412513,0.058583431,-0.12322801,-0.73810863,0.11631549,-1.4912242,0.20163393,-1.1971204,0.42880419,-0.042299457,-0.88997293,0.060303867,0.26747969,0.63669717,-0.27607733,-0.42226616,-2.66504,0.38940737,-0.45837522,-0.092383288,-0.048406206,0.27492839,0.57247704,0.069262102,-0.14961523,0.48847634,-1.4272819,-0.75770032,-0.12518343,0.36828095,-0.52110791,0.14032951,0.17059478,0.46880999,-0.036693748,0.53745753,0.42841417,0.86532688,-1.0827291,-0.35031295,0.42265534,-0.089940593,0.22888091,-0.032286614,-0.22276099,-1.332998,-0.54408389,0.096304752,-0.45322052,0.48086596,1.0755064,0.46244544,-0.46510598,0.17054701,-0.39572665,0.57074237,0.53780806,-0.48792523,0.14108771,1.5608187,0.1558008,0.22082052,-1.1067713,-0.22419721,-2.0255945,1.0374534,-1.2735935,-0.29969084,-0.23215222,-1.4553446,-0.3111645,0.21121244,0.16702956,0.73594391,0.62887561,0.20155263,-1.9155189,0.9936626,0.058567312,0.9997226,-0.028215073,-1.065749,-0.076069064,-0.87894595,0.62939805,0.25546575,-0.87259817,0.40128836,-1.8538964,-1.8968892,-1.3743407,-0.46531302,0.61515903,0.88228762,0.19370802,-0.98559844,0.6751883,-1.2892543,-0.054872461,0.34664795,-1.1516922,0.003666477,-0.001293781,0.49764234,0.098126635,0.47791582,0.012151176,0.72085601,0.019073712,0.7699042,0.094283417,-0.12070687,-0.8537339,0.36817104,1.0888324,-0.57039124,0.74603617,0.51021069,0.62253988,-0.71690285,0.67593855,0.28582782,-0.92891717,-0.5087142,0.074042641,0.059187911,0.14890489,0.80787766,-0.39310873,-0.55755794,-0.55307972,-0.011959273,0.62147522,-0.23199549,0.24131197,-0.31170803,0.18056846,1.1558928,-1.0041512,0.1773176,0.25527731,-0.65985829,0.013770962,-0.20712195,-1.3805416,-2.007215,-0.11233963,0.57867175,0.13739082,-0.30483758,0.90042496,0.3805809,0.58094859,0.2194577,-0.20886102,-0.46824786,0.22873734,0.061400898,-0.16412759,-0.52633911,0.20563117,0.11499238,1.3783653,-1.7464494,0.032251865,1.6717386,1.6367209,0.50198245,-1.4280317,-0.22797616,-0.36205071,-0.12212427,0.071068659,0.49836355,0.80595815,0.88992286,0.38699493,0.26125282,0.2488742,0.7371918,0.71612334,1.1204618,-0.95489061,0.35058945,0.37243697,0.12912077,-0.33792904,-0.20644569,-1.6166999,0.27410406,-0.020573132,-0.38187534,-0.18813756,0.19373186,0.2070208,-0.67623037,0.36540446,-0.24434601,0.28308284,-0.081213988,0.42935383,1.1469371,0.33510336,-0.01329116,0.59110713,0.29339921,0.021946199,-1.0354306,0.27649987,-0.74229294,0.30604267,0.68060654,-1.0497322,-0.37203041,0.49325225,0.46665516,-0.54879063,-1.148159,0.59765404,-0.64240462,0.24468416,-1.6926588,0.35731217,-0.3787815,-0.60915077,-0.58120793,0.98379862,0.5619992,-1.9980307,-1.2559699,-0.34648317,-0.024850287,0.2281667,0.017972805,0.042154193,0.3976512,0.19162935,-0.17043412,0.30144468,0.34909651,0.46645612,0.002408303,-0.24184772,0.2033706,-1.523015,-0.046319772,0.36447737,-0.026197527,0.17674467,0.73521668,1.5093613,-0.39146447,-0.83960664,-0.32852361,-0.09137921,-1.9319304,0.37875611,0.3482469,0.38389909,-0.77952099,-1.4669385,0.28448707,-0.60022175,0.69950044,0.060293887,-0.089432895,0.51547891,0.10986172,0.26881054,0.36281535,0.009489248,-0.088856034,-0.38215652,-2.2325447,-0.77363807,-0.93396604,-0.073980987,-0.88317066,0.11815974,-0.19575222,-0.24726357,0.03702056,2
0.58310795,0.3312487,0.31597817,0.56944275,0.55053902,0.57287312,0.56098008,0.54263836,0.55162072,0.55417168,0.55159146,0.54795009,0.55087966,0.53421229,0.56457937,0.54555309,0.56225753,0.56739593,0.55251676,0.54682893,0.5383091,0.54288834,0.53494042,0.54090452,0.54767799,0.53883088,0.55162281,0.5460909,0.55803627,0.53664511,0.54390442,0.54558098,0.52529871,0.52810621,0.53495526,0.51885581,0.51773834,0.53896785,0.52102482,0.52381289,-0.93542969,0.29835036,0.4264006,0.42640758,1.3698189,1.6794406,1.3320475,0.75272739,0.86884904,1.672811,1.4195926,1.2235364,0.37030283,-0.22485259,-0.34005651,-0.4367801,0.75069922,0.39393669,0.33676445,0.2880353,-0.55230939,0.010314196,-0.67003942,0.42269674,-0.87048894,-0.12037911,-0.23355775,0.67004001,0.32471383,1.6202139,-0.18212324,0.24075964,-1.22964,-0.3370977,-0.020193141,0.95824766,-1.1229457,0.57775956,0.23213349,-0.92192364,-0.10409671,-1.2454765,-0.57347494,0.31506664,1.0334418,0.70204788,0.039303884,-1.7711976,0.56730503,0.1078774,-1.0913908,0.55317426,-0.008302767,0.17884254,0.83144581,-0.088129625,0.56264776,-0.30091542,0.041820105,0.62482136,-0.56285471,-1.1860751,0.059098478,0.56386137,-0.32888794,0.25099844,0.40045992,-0.09745951,-0.2245575,-0.3595823,0.66750789,0.83402157,-0.1707426,-0.19846773,-0.3829782,0.025640324,0.39050367,-1.033587,0.34024185,-1.4651699,-0.41655627,-1.8798233,-0.82037824,-0.040127471,-0.47082731,0.40308639,-0.51501489,0.084615529,-0.10601163,0.11069632,-0.90336436,-0.6378485,-0.073032603,-1.0572215,-0.28375527,-0.11100192,0.21308443,0.27957934,-0.57800639,-1.680823,0.40883011,0.49435145,0.83324033,-0.17650145,0.73626792,0.34138435,0.18983415,-0.22668302,-0.34005278,0.21841384,-0.40130687,-0.41292077,0.44169176,-0.24656412,-0.77665234,-0.016893165,-0.53173977,-0.66961396,0.24779131,-0.36669677,-0.027779985,-0.66604733,0.94309211,0.64485657,0.006854095,-0.082005918,-1.8735741,0.57213557,0.020954791,-0.26041478,0.0006002,-0.54294765,-0.004684624,-0.11081456,-0.76043981,0.85584915,-0.28061637,0.096589133,0.47257924,-2.2387953,-0.22048163,0.40575993,-0.14991623,-0.33556619,-0.8404727,0.4904221,0.14906238,0.36172837,0.81130266,-0.84182686,-0.077316001,0.10994716,0.12752379,0.069792859,0.36730516,0.23747775,0.15022337,-1.2601774,-1.6057756,-0.78460896,0.23949011,0.67067099,0.37868997,-0.49568063,-0.40678024,0.16440824,1.2727286,-0.024084598,0.076334752,-0.22384338,-0.27452707,1.0961859,0.13674831,0.27002072,1.2545031,-0.22031124,-2.5084803,-0.18022129,0.50996727,0.021102794,-0.092640661,-0.67869455,0.079178579,-1.4133228,0.14213766,-1.2825246,0.41732648,-0.095225416,-0.92679083,0.092569701,0.25270286,0.50751591,-0.20149255,-0.36304289,-2.5048683,0.2764554,-0.67163563,-0.064938456,-0.24098763,0.21527055,0.46199945,0.20275208,-0.20524617,0.65047443,-1.3679917,-0.89296108,-0.3832126,0.45371068,-0.46886462,-0.067206651,0.12011842,0.61216015,0.027475476,0.57243562,0.44791964,0.95145369,-1.0684874,-0.31796682,0.51218057,-0.044594355,0.19570196,0.066284724,-0.35029531,-1.2751491,-0.55368304,0.11883485,-0.48923132,0.67168856,0.98437268,0.45704052,-0.49017513,0.2654354,-0.45837796,0.83658445,0.52644533,-0.42676872,0.17917481,1.6275374,0.19694915,0.18649985,-1.0076115,-0.25468069,-1.9167595,1.0678191,-1.4886289,-0.19596073,-0.24038458,-1.2047044,-0.25572059,0.048879966,-0.008515567,0.83641028,0.57127512,0.15918486,-1.7778475,0.88710696,0.18617949,1.0977262,0.14668807,-1.2335007,-0.15067415,-0.87468624,0.53926152,0.35564476,-0.88091147,0.30740061,-1.8066744,-2.0021524,-1.3144566,-0.36676639,0.62367404,0.43884125,0.23737618,-0.92239898,0.74497014,-1.3380828,-0.26111498,0.33298278,-1.0461947,-0.052843779,0.043255016,0.4237473,0.38425553,0.45303583,0.071325749,0.7477079,0.009470621,0.60576093,0.18621485,-0.098095872,-0.71338606,0.44540709,1.4162846,-0.77205235,0.66465586,0.47379512,0.71264994,-0.67740601,0.60801691,0.22542404,-1.0268774,-0.59849882,0.11586495,0.069893673,0.15706715,0.85750377,-0.39097098,-0.57206625,-0.56830442,-0.016492927,0.70608783,-0.32337868,0.14331518,-0.3330816,0.19968092,1.1176312,-1.4891949,0.15247941,0.32775599,-0.56575954,-0.04067814,-0.15266629,-1.2090462,-1.9482596,-0.2065212,0.61582553,0.10835865,-0.28865668,0.852808,0.35930413,0.52125889,0.26639098,-0.15758449,-0.25393164,0.29126579,0.08605852,-0.083731316,-0.71758294,0.25048223,0.14233916,1.2316794,-1.5983046,-0.13402297,1.4649392,1.6800861,0.48316759,-1.4249399,-0.27205312,-0.61684656,-0.21161944,-0.034156729,0.38768536,0.75608689,0.63446826,0.35969612,0.15708856,0.25459546,0.76306814,0.72969055,0.85398954,-0.88408482,0.57625341,0.16180518,0.14181548,-0.39037329,-0.16317074,-1.7165486,0.3442429,0.028078776,-0.54247183,-0.22404996,0.50765294,0.090848304,-0.83304036,0.32087269,-0.15891495,-0.1812056,-0.089493826,0.59015435,1.0863917,0.45520335,0.047563344,0.62658662,-0.038725622,-0.30433556,-1.0882767,0.2651968,-0.73402721,0.075504072,0.74879998,-0.97621876,-0.25264382,0.55419648,0.55435038,-0.70595491,-1.1515318,0.48977739,-0.62502015,0.27882493,-1.7039425,0.32365179,-0.51995587,-0.73925787,-0.52677929,0.94869554,0.79401201,-1.8524737,-1.2721779,-0.40418082,-0.037809364,0.27961206,-0.10325538,0.07541623,0.37842351,0.26890028,-0.18068506,0.24894741,0.33072215,0.47766295,0.048234031,-0.26526919,0.098764397,-1.4703484,-0.034311399,0.39479607,-0.001298927,0.31178856,0.84446084,0.98917079,-0.41456676,-0.95747721,-0.32166672,-0.27987197,-1.7194778,0.44398573,0.29439297,0.46195689,-0.69517303,-1.3360846,0.28668341,-0.74675357,0.22295433,-0.026736647,-0.059020169,0.5244686,0.15502343,0.31361043,0.35154173,0.085433088,-0.097416639,-0.36073315,-2.3524787,-0.67777514,-0.91240382,0.024435673,-1.0681509,0.19940607,-0.20708576,-0.28567934,0.08142855,2
0.52047956,0.26867217,0.2399959,0.51656485,0.50142014,0.51567376,0.50910795,0.4901433,0.48851252,0.49474442,0.48752487,0.49409735,0.49563718,0.47780547,0.51066434,0.49104851,0.51210678,0.51632279,0.50000113,0.47859752,0.47033894,0.49360937,0.48429832,0.49321222,0.48925745,0.48855746,0.48591438,0.48023385,0.4921872,0.48033404,0.4858321,0.48265672,0.46940833,0.47358063,0.48166794,0.47306538,0.47088119,0.48046833,0.46054435,0.458808,-0.90258759,0.23023614,0.48673946,0.47930914,1.4266069,1.6347588,1.3958421,0.8048377,0.93705577,1.7491193,1.4761244,1.2959216,0.42168236,-0.21204226,-0.10494917,-0.40629122,0.78260267,0.41226128,0.37028334,0.33276078,-0.74323112,-0.005460004,-0.58586907,0.44005027,-0.80260432,-0.11759366,-0.27795559,0.63876671,0.11743438,1.6144391,-0.1884717,0.22393972,-1.2086577,-0.27626714,-0.099049389,1.0497659,-1.0035923,0.69526738,0.21250415,-0.92085159,-0.15424865,-1.2706401,-0.61436051,0.37499765,1.0826975,0.63131833,-0.083337151,-1.6288166,0.68431675,0.061090436,-1.1562407,0.53739673,-0.0082005,0.06926167,0.77573657,0.020561688,0.56084096,-0.31881174,0.054883733,0.69242752,-0.59940034,-1.0873945,-0.005369432,0.51881063,-0.38016057,0.25719714,0.16318019,-0.21978427,-0.12531708,-0.32302174,0.52158201,0.7068491,-0.20736545,-0.54500514,-0.46815303,-0.06900081,0.40700945,-1.0421128,0.38445163,-1.2311127,-0.35275382,-1.805698,-0.96424216,-0.023169661,-0.53872693,0.34596807,-0.47362989,0.009375237,-0.083899327,-0.10435976,-0.85625523,-0.66235602,-0.13934045,-1.0018569,-0.17326126,-0.015961722,0.12363467,0.12039925,-0.42740172,-1.6103735,0.38925925,0.4753074,0.80410135,-0.15370615,0.48384386,0.37622699,0.03795423,-0.51531363,-0.26033223,0.39246976,-0.60827476,0.007194415,0.48714799,-0.25107953,-0.7888599,0.020005308,-0.53232366,-0.40174076,0.23454337,-0.18776238,0.029444396,-0.67362219,0.84985709,0.69969732,0.21560948,0.035011172,-1.813405,0.70292974,0.040632807,-0.21410254,-0.059091475,-0.53943056,0.022308031,-0.26199895,-0.78464484,0.95831984,-0.63885719,0.12659685,0.4489601,-1.2287199,-0.17795472,0.30631948,-0.17447194,-0.39331505,-0.77416271,0.55379075,0.2500121,0.42084995,0.79784942,-0.70907021,-0.25715676,0.044679027,0.11245673,0.20510794,0.26275998,0.18768698,-0.20542175,-1.2500221,-1.7700373,-0.71507961,0.20027055,0.70486498,0.29880333,-0.47406849,-0.37438986,0.14471953,1.0392712,-0.21839389,0.12418923,-0.14688335,-0.23881383,1.0482394,0.15949807,0.25354713,1.0585334,-0.10807062,-2.0130479,-0.10769831,0.35778269,0.051257446,-0.31892908,-0.73299134,0.10019563,-1.3562329,0.23593462,-1.135905,0.18173161,0.2311215,-0.92146873,0.13528986,0.32852036,0.3720271,-0.19667076,-0.48441687,-2.564903,0.3627457,-0.55730397,-0.063033104,-0.07440941,0.16773629,0.46144721,0.15076226,-0.17507911,0.76082075,-1.5263674,-0.84362823,-0.46279734,0.42747858,-0.37829578,0.13044938,0.12814581,0.45238045,0.006805681,0.58683646,0.46321082,0.93118513,-1.0069062,-0.28321832,0.58100063,-0.17037849,0.27304348,0.037917789,-0.36793759,-1.2034522,-0.50605232,0.16932374,-0.4155333,0.49531478,1.1626136,0.43194023,-0.43788004,0.31317765,-0.38362184,0.61441302,0.53696901,-0.48463607,0.070817903,1.5788941,0.27315634,0.12184402,-1.0314931,-0.20748861,-1.9685,0.96719098,-1.3875722,-0.24725689,-0.10262319,-1.5117637,-0.097061276,-0.033660755,0.26346749,0.58130676,0.45923939,0.31511462,-1.7707736,0.79069221,0.11521196,1.1946622,-0.082134232,-1.1781712,-0.094368994,-0.83578283,0.51315266,0.040974274,-0.8316263,0.3203305,-1.6740377,-1.729408,-1.2965395,-0.41616365,0.2858941,0.51349092,0.26765919,-0.87968421,0.85107136,-1.2111061,-0.29087412,0.27795321,-1.1992862,-0.081936754,0.028761577,0.44843748,0.15634194,0.36453721,-0.07014548,0.45256442,0.069442548,0.37616038,0.15323156,-0.13077,-0.62386596,0.51765579,1.0490737,-0.42961249,0.6241321,0.54040247,0.51127422,-0.76472878,0.79295397,0.43388036,-0.87454164,-0.60917485,0.16590929,0.012225702,0.17466165,0.91526425,-0.37400329,-0.47568607,-0.49471337,-0.028731991,0.59103596,-0.29138649,-0.011983097,-0.40397936,0.13121592,1.1467657,-1.0655669,0.18633673,0.29957286,-0.58329183,-0.097633153,-0.18847719,-1.3122903,-1.9352881,-0.28494725,0.66382855,0.10198564,-0.34757257,0.71636409,0.26384076,0.57799166,0.32393402,-0.18997853,-0.37562644,0.26241967,0.084823415,-0.09729813,-0.87286091,0.19666469,0.14618397,1.255794,-1.7339532,-0.048669428,1.521987,1.4833429,0.55891079,-1.3587451,-0.30865332,-0.52779186,-0.20844817,0.076254651,0.24600518,0.7759968,0.88395566,0.33727798,0.1268615,0.22584477,0.80554712,0.72606999,1.2080035,-0.87829638,0.27019799,0.2074911,0.27538764,-0.33590695,-0.0646189,-1.7724104,0.36204332,-0.041926246,-0.39512885,-0.23420078,0.30463567,0.12985176,-0.7110123,0.28906888,-0.22602601,-0.091343164,-0.096140519,0.53672338,1.1013521,0.39157474,0.003945571,0.59515536,0.2308203,0.02350878,-1.0065069,0.25586638,-0.6812101,0.19749294,0.81113511,-0.95566207,-0.27507177,0.38441992,0.43097526,-0.5145064,-1.0231541,0.54666805,-0.49418473,0.068225957,-1.4932768,0.23404753,-0.27698585,-0.53253955,-0.53650087,0.90312308,0.48409736,-1.8474444,-1.2626462,-0.36755413,-0.041220229,0.2164889,-0.083174393,0.048238602,0.43235958,0.26780102,-0.18684919,0.3067787,0.31867725,0.39457256,0.022774577,-0.20975153,0.288654,-1.4469509,0.39486715,0.34218571,0.015625453,0.28517812,0.52887416,0.99026489,-0.34374332,-0.81116939,-0.4213919,0.04135377,-1.7910055,0.42907575,0.28979874,0.4234165,-0.73241305,-1.2553385,0.34392375,-0.52876347,0.072296336,-0.054141849,-0.065291122,0.30360645,0.15285948,0.34202063,0.33080509,0.066945627,-0.044453435,-0.2847656,-2.1940687,-0.75292701,-0.90204865,0.11913055,-0.87289184,-0.016338333,-0.17437847,-0.29385102,0.08086881,2
0.56521386,0.30334917,0.27491719,0.58610892,0.56938732,0.5942468,0.58437479,0.56521982,0.56373131,0.56999493,0.56552827,0.56465739,0.57237691,0.54823124,0.58718657,0.57040858,0.58733124,0.58939302,0.56501293,0.56773818,0.56325316,0.57787162,0.55527627,0.5676679,0.56046164,0.55017006,0.5636431,0.56494701,0.56413472,0.55127674,0.56005466,0.5633567,0.54455644,0.54950583,0.55623269,0.55212957,0.54790103,0.55896044,0.53972495,0.53151619,-0.67705452,0.26129058,0.54464716,0.58557481,1.5858746,1.669421,1.4975973,0.91504329,1.0534205,1.8662977,1.6396482,1.4103547,0.16444394,-0.072221324,0.31106594,-0.058514565,0.47812784,0.24896422,0.37741631,0.17410308,-0.64562672,-0.11309574,-0.28405833,0.69461882,-0.26951399,-0.078471847,0.024259746,0.69000655,0.40248597,1.6376777,-0.18444891,0.40941566,-0.83781487,-0.0447326,0.2763429,0.66493315,-0.55030727,0.58210564,0.26787966,-0.9670586,0.10876632,-0.93498152,-0.5182566,1.3331739,0.70419896,1.1779747,0.025240388,-1.6932982,1.8187034,0.16039509,-0.71915412,0.62088352,0.25996959,0.058649797,0.53740036,-0.13683628,0.45143235,-1.4926131,-0.020685151,0.78561127,-0.83353269,-1.1624998,0.071545273,0.69134265,-0.37237918,0.21299733,0.057152636,-0.19388367,0.21651553,-0.094995067,0.45571986,1.0671751,-0.41942951,-1.3735318,-0.67499876,0.30383748,1.1846416,-1.4883783,0.62180281,-0.74744546,-0.38520518,-1.8289853,-2.4977276,0.046093982,-0.21822089,0.24206956,-0.15490919,0.13578166,-0.30314824,-1.4456525,-1.1780152,-0.15746804,1.4712254,-1.2302871,-0.47689167,-0.85799062,-0.04885973,0.37848499,-0.42411399,-1.8864293,1.4521501,0.27802092,1.3347654,-0.3862924,0.73844165,0.60327935,-0.004393116,0.59126925,0.24720347,0.95440775,-0.25060993,0.010150641,0.16019462,-0.6542421,-0.58410048,-0.14138716,-1.1033701,-2.0232236,0.5595634,-0.97896361,0.06315355,-0.52277219,0.42002866,0.69961834,-0.46469223,0.46365309,-2.566752,0.98522878,-0.09214054,-0.01111573,0.5517866,-0.43494242,-0.25411037,-0.40085688,-0.15612137,1.4462848,-0.98242199,0.10781213,1.0262614,-2.5291765,-0.62507135,0.32666594,0.25143898,-0.90253901,-1.8645358,0.12471414,0.52451038,0.83552849,1.0131906,-0.64338076,-0.34810132,0.049538501,-0.075524546,-0.025885418,0.49598253,0.032290526,0.39864495,-1.3883622,-1.7549422,-0.67995971,0.43906718,0.10025606,0.25820655,-0.50633788,-0.4577601,0.23460332,1.4542178,0.42288089,0.079132959,-0.80998909,-0.56923103,1.5542346,0.1643635,0.23156731,2.531085,-0.22371002,-3.2628059,0.31708544,1.6389407,-0.08095964,-0.23483691,-1.6737659,0.13506959,-2.5511189,0.40389654,-1.1998163,0.57716882,0.38163233,-0.61000311,-0.042546939,0.43849203,0.98627007,-0.40850568,-0.096654996,-3.7849057,0.53049994,0.030856311,-0.38641745,-0.53643513,0.98709732,0.30524021,0.25948179,0.20208108,0.43638992,-3.2276549,-1.4882356,0.074424922,0.73811173,-0.34987056,-0.31501162,0.28643051,0.56175244,-0.13780189,0.40193382,-0.13795626,1.0048414,-1.9108198,-0.37621704,1.1546198,0.007524185,0.5084936,-0.34909636,0.37027401,-1.2297369,-0.32782266,0.26626971,-0.29927406,0.80723351,1.7129277,0.44159099,-0.007602662,0.28438914,-0.5975365,0.82573122,1.2803979,-0.56948495,0.000560261,1.1774241,0.56538177,0.3783488,-1.6133232,-0.068794698,-2.6772542,0.76284343,-2.2821879,-1.1638207,-0.12742904,-0.60406315,-0.56174982,0.37875825,0.42663813,0.96954477,0.95932162,1.1896883,-1.8887819,1.1748441,0.4027594,1.5826138,0.25160122,-0.88986593,-0.006818302,-1.277236,0.4164359,0.14877069,-0.9258045,1.1870718,-3.4086883,-2.4173267,-2.4263339,-0.34925732,0.90669668,1.3410208,0.1843587,-1.4999192,0.70953465,-2.2133117,-0.12153187,1.144545,-1.3267553,0.30989736,-0.011927512,0.64783335,-0.50071293,0.85899669,0.14732558,0.12889951,-0.042401485,0.29626358,0.16470347,-0.023403592,-1.1285298,0.23277526,0.71770895,-0.54730636,0.97432768,0.68404359,0.12081558,-1.0032662,1.5619497,0.37800884,-2.5822601,-1.0697865,0.038626708,0.42219487,0.33890808,1.4178789,-0.11501113,-0.38648292,-0.38079914,-0.011420468,0.8653459,-0.36977029,0.045010883,-0.36946428,0.07212963,1.8146186,-2.2006459,0.16459604,0.30282539,-1.0207059,0.37522364,0.68156135,-2.4692366,-2.7730422,-0.46296349,0.41600844,0.11492379,-0.4600749,0.72397214,0.46685424,0.65952331,0.12710977,0.55008912,-1.7901847,0.17678168,0.3394205,0.071974739,0.013837457,0.14125225,0.23952039,1.6037966,-1.8052385,-0.14826161,2.0379632,1.9222962,0.97506785,-0.86609125,-0.31543666,-1.020656,0.03803961,0.22307451,0.51250988,1.213762,0.9925307,0.3584038,0.74054611,0.420376,0.88089806,0.68762553,2.2767031,-0.73674995,0.15805762,0.95936012,-0.67730504,-0.41143495,0.020625427,-1.28327,0.19747883,-0.060441617,-0.69835472,-0.45864064,1.3063164,0.69865847,-0.36638504,0.15352151,0.029548973,0.59776968,-1.3513316,1.4623553,1.6084287,0.39082339,-0.30639187,0.70843697,1.9091383,0.26162395,-1.1542823,0.55853003,-0.41216907,0.15317284,0.25606552,-0.29165769,-1.4418921,0.17929338,0.51144683,-2.0106957,-1.8747283,1.0490682,-1.1981099,0.19676989,-1.7586967,0.45028064,-0.060391597,-1.3154887,-0.46580529,1.3994421,0.48017514,-1.8984661,-2.0700922,-0.27273312,0.12687209,0.5225783,-0.07619752,-0.1436151,0.87836242,0.074113011,-0.17959681,0.014034092,0.38296226,0.49995664,0.000353776,-0.25402439,0.92274249,-1.4644358,-0.078987524,1.1854892,0.28041974,-0.008955702,0.59141284,2.1100693,-0.41767102,-1.319438,-0.54179108,0.84665865,-2.0563693,0.15678769,-0.59073812,0.30925804,-1.1511576,-1.8662548,0.36937511,-0.3982591,0.73472172,0.45527819,0.19575191,0.20558822,0.01560501,0.36891913,0.81727958,-0.13747661,-0.32371208,-1.0187624,-1.9734583,-1.0818648,-1.5892861,-0.22700065,-0.96750891,0.19035104,-0.33668345,-0.61285925,-0.024046738,2
0.55865514,0.35244948,0.31522417,0.50846571,0.50364101,0.53313315,0.51390326,0.48656166,0.51002645,0.51006913,0.50111818,0.49606925,0.50217807,0.47920507,0.50227845,0.49028945,0.49785525,0.5222339,0.50654578,0.48173738,0.48611784,0.49693191,0.49044937,0.48453999,0.50873506,0.49397248,0.49641144,0.49759242,0.50884527,0.50131845,0.49123356,0.48491621,0.47885746,0.47412762,0.50044972,0.46159106,0.46915072,0.48680335,0.46979564,0.47748697,-0.928105,0.29677108,0.65046877,0.59987277,1.5191087,1.7937441,1.6053436,0.97127181,1.1090088,1.8955616,1.6321186,1.4598567,0.41957426,-0.22370464,-0.18784583,-0.34444129,0.7827791,0.40042827,0.41835701,0.31784111,-1.0074296,-0.002088896,-0.4609749,0.41513485,-0.7787959,-0.010622248,-0.21431881,0.70788348,0.28444803,1.7437302,-0.23178242,0.26506802,-1.2263073,-0.29482985,0.034067102,1.0868659,-1.0437514,0.71569699,0.3192901,-0.96047211,-0.16398133,-1.2415469,-0.57418728,0.41043466,1.1290741,0.81704855,-0.000725833,-1.7858114,0.85317826,0.11322804,-1.1239543,0.67319131,0.07811515,0.10371388,0.68993914,-0.082335688,0.49921292,-0.52301729,0.1184341,0.6643067,-0.62665951,-1.1839664,0.093574375,0.5534125,-0.37823892,0.22620024,-0.099582963,-0.16558059,-0.036997661,-0.36556509,0.5000475,0.9752664,-0.20890582,-0.55893689,-0.60219961,0.22872365,0.65133166,-1.1803666,0.46771723,-1.1280518,-0.37775528,-1.8903388,-1.1280196,-0.042824894,-0.46440455,0.21056604,-0.49698231,0.15780444,-0.16283241,-0.2730377,-0.85417092,-0.49607739,0.17338687,-1.1014656,-0.10362992,-0.22000368,0.20947467,0.20309928,-0.56154066,-1.9370136,0.720487,0.49128765,0.88002771,-0.17637616,0.54229128,0.23220414,0.055588447,-0.30159536,-0.27705288,0.39393699,-0.52405351,-0.19516091,0.42805636,-0.4220174,-0.81880671,-0.12227727,-0.62310016,-0.8510226,0.36329019,-0.28128907,0.032252837,-0.59459186,0.78903437,0.65683204,0.055875417,-0.023981679,-1.9596035,0.85191423,-0.025195826,-0.12281978,-0.047644041,-0.5924207,-0.045042843,-0.19235568,-0.6903255,1.1926767,-0.83869272,0.1274863,0.62667286,-2.0910528,-0.28482538,0.36956602,-0.186142,-0.63883865,-1.1298946,0.50710446,0.18547995,0.40954739,0.97454828,-0.74047047,-0.26599106,0.05045069,0.18864945,0.18417409,0.30046985,0.11634794,-0.039740279,-1.3821939,-1.7606676,-0.71788865,0.29582459,0.76645625,0.27740335,-0.4557088,-0.39621204,0.13759066,1.5859783,-0.004137665,0.087539248,-0.52421618,-0.2737987,1.2152356,0.096575089,0.2872856,1.2909627,-0.12010342,-2.5628033,-0.090277016,0.5877834,0.045058474,-0.22921899,-1.0336087,0.090859622,-1.7047387,0.34149319,-1.4790094,0.42208317,-0.064048477,-0.87182122,-0.058935352,0.24094987,0.63245231,-0.29669684,-0.10908696,-2.9332561,0.42984658,-0.5896287,-0.060722664,-0.045565106,0.26647657,0.56862617,0.17271128,-0.18696246,0.86418223,-1.8805274,-0.90235049,-0.28407407,0.49164745,-0.49396801,0.23032025,0.37106904,0.48508045,0.02346582,0.56246895,0.49248746,0.93667197,-1.0004102,-0.3378976,0.59212625,-0.16715264,0.28924429,-0.084440157,-0.27623489,-1.202173,-0.48549092,0.12097455,-0.43151325,0.5700739,1.3330439,0.41950879,-0.47683758,0.2460157,-0.37503353,0.63120025,0.60346168,-0.46114171,0.032968499,1.7765713,0.15246233,0.11922516,-1.1012,-0.27429974,-2.1704381,1.2211379,-1.7710057,-0.39709413,-0.13443707,-1.670476,-0.14170717,0.17413707,0.33771992,0.81022722,0.65522289,0.45258605,-2.0655057,1.0534215,0.11136235,1.2894396,0.032241974,-1.1260709,-0.041281119,-0.91170871,0.62747079,0.41855747,-0.94432414,0.44272885,-2.1244864,-1.8853018,-1.6143206,-0.35836917,0.43746841,0.66990823,0.26102552,-1.2139728,0.83854651,-1.5390974,-0.25898558,0.32052284,-1.3630607,-0.068793289,-0.031811383,0.61324251,-0.032776579,0.45054173,-0.01103,0.44929895,0.10552326,0.77619851,0.058450058,-0.19262069,-0.81700343,0.47880739,1.1799829,-0.83172822,0.65243924,0.5291391,0.5940401,-0.80727017,0.69802493,0.62489456,-1.3367851,-0.53982955,0.085810862,0.17236918,0.24825197,0.98854953,-0.3843348,-0.53937352,-0.50526309,0.055209056,0.75117445,-0.35036641,0.031892709,-0.44582856,0.19033337,1.3482676,-1.1377753,0.15988076,0.3262215,-0.7489292,-0.090396874,-0.14849897,-1.7247474,-2.2424493,-0.15666659,0.65044254,0.12965532,-0.32618096,0.81214488,0.25732633,0.5763855,0.30382687,-0.22427022,-0.67000288,0.30975157,0.031700887,-0.17108014,-0.58452553,0.23881549,0.12565801,1.4892814,-1.714119,-0.10102139,1.7708331,1.835176,0.54110461,-1.3720472,-0.35433084,-0.50694412,-0.18094791,0.15439686,0.44118619,0.95906371,1.0271472,0.46325788,0.23558784,0.23790455,0.79906756,0.75874382,1.1106179,-0.99935937,0.28692433,0.37325376,0.19935176,-0.40056017,-0.076818086,-1.8015029,0.36590382,0.066187017,-0.51640594,-0.19682001,0.40734935,0.12677698,-0.79421473,0.22797227,-0.17615321,0.18579912,-0.3201372,0.63091248,1.219026,0.33072186,0.062926002,0.68074739,-0.15031172,-0.076667935,-1.1753304,0.34476018,-0.64075261,0.29453135,0.93416643,-1.0317794,-0.54671293,0.47716445,0.47552699,-0.71989197,-1.1205916,0.72441655,-0.61058772,-0.076599866,-1.6361864,0.20845252,-0.14934333,-0.4900834,-0.62096417,1.1625165,0.55516469,-2.1645203,-1.2924465,-0.37332058,0.006377355,0.32167637,0.03599681,0.071895428,0.52407718,0.26675344,-0.18418586,0.2071809,0.34661326,0.4655531,-0.053912882,-0.11870652,0.26233119,-1.5727549,0.23942804,0.5225479,0.058454402,0.24723706,0.65188032,1.0488057,-0.4653253,-0.89180613,-0.44485906,0.050322421,-2.0794449,0.33364326,0.24102272,0.46543646,-0.90631032,-1.6207186,0.24070543,-0.60694933,0.11954686,0.1275975,-0.064315245,0.60366386,0.14457171,0.39010778,0.49982563,0.012375701,-0.34391433,-0.4533276,-2.4679198,-0.85322398,-1.1412349,0.076188155,-1.0917485,0.33920339,-0.1625185,-0.39767346,0.045320325,2
0.4736765,0.24161938,0.22034827,0.4813697,0.46489465,0.49971461,0.49004853,0.47173643,0.46928146,0.48053628,0.46857834,0.46831766,0.47295111,0.45465332,0.47957087,0.46334431,0.48194462,0.48512864,0.46966457,0.47026071,0.4604215,0.47020984,0.45531332,0.45392567,0.46623665,0.44947559,0.46500331,0.45596561,0.46796909,0.46354422,0.43408006,0.46388298,0.44209915,0.45259264,0.46100351,0.43572366,0.43069556,0.45583045,0.43072087,0.43177602,-0.75310516,0.21089675,0.31269354,0.34023565,1.2447914,1.6440616,1.2295303,0.63751531,0.76032722,1.5696213,1.333673,1.1301502,0.29400513,-0.21185815,-0.25827861,-0.30525392,0.62126255,0.2948375,0.33413166,0.27340716,-0.70394492,0.023758216,-0.57885361,0.35486203,-0.71917081,-0.091030508,-0.1451534,0.51617402,0.28365451,1.3399073,-0.15915494,0.19111253,-1.0417114,-0.22993135,0.015110839,0.90015972,-0.94330162,0.56184191,0.2321988,-0.84356272,-0.13474226,-0.99790221,-0.57451367,0.3356342,0.89305168,0.66716254,-0.010515511,-1.4821863,0.59211063,0.13655065,-0.89097655,0.4790675,0.022605896,0.044547807,0.63278377,-0.074519552,0.36602005,-0.33783066,0.067440383,0.54940206,-0.6181258,-0.98469454,0.087724432,0.43063042,-0.25079668,0.22753981,0.12291536,-0.1417639,-0.12844826,-0.29030716,0.46831006,0.69129908,-0.12720421,-0.35489765,-0.40701926,-0.15094781,0.42213809,-0.848728,0.33417407,-1.0773528,-0.3410832,-1.6644214,-0.88341528,0.013259443,-0.41823551,0.2739858,-0.39788646,0.031709388,-0.096813127,-0.089920796,-0.68660378,-0.47383487,0.059998721,-0.89360493,-0.1288193,-0.081352852,0.17446204,0.31445456,-0.44369167,-1.2696199,0.31421375,0.40868357,0.68981898,-0.12365268,0.61053574,0.39414644,0.05200306,-0.36614066,-0.2282099,0.15922068,-0.54110092,-0.10417006,0.34177226,-0.13190694,-0.66636574,0.001258958,-0.46120787,-0.48487169,0.18736452,-0.1371465,0.066368118,-0.66908818,0.62205803,0.54857731,0.050765697,-0.18359999,-1.5691295,0.54233611,0.009871393,-0.20402899,-0.053876236,-0.50781518,0.032229044,-0.10629904,-0.62981623,0.80260539,-0.45471925,0.13624603,0.47679371,-1.5971105,-0.069748335,0.3199715,-0.097431093,-0.33942682,-0.75306022,0.4805108,0.21978414,0.40579632,0.79273736,-0.65859443,-0.23185244,0.089000553,0.072433293,0.2887035,0.30073625,0.15991263,0.017709792,-1.0683424,-1.4338155,-0.64942604,0.27270237,0.58601856,0.32965708,-0.4257879,-0.24346489,0.14790438,1.0475707,-0.023278726,0.027180158,-0.27487975,-0.23840855,0.91074711,0.11026253,0.21790895,0.67356658,-0.055764437,-2.2661352,-0.080489814,0.40296847,0.044046283,-0.053976588,-0.57785058,0.14311253,-1.3137434,0.19228959,-1.0529082,0.22340465,0.067235626,-0.75186849,0.058505282,0.18528372,0.3153125,-0.24819224,-0.25959629,-2.3254025,0.26134261,-0.40511519,-0.029332988,-0.11175166,0.18271944,0.35217637,0.10068396,-0.24860501,0.5869208,-1.2858297,-0.55901825,-0.24854779,0.30738419,-0.31735024,0.048336081,0.2149232,0.48699495,0.026122086,0.5197885,0.36615193,0.73827326,-0.87892973,-0.27894935,0.54884666,-0.058100589,0.21479669,0.047046762,-0.21333534,-1.0529442,-0.46538046,0.10586753,-0.3097977,0.61097628,0.96898949,0.38523757,-0.39115205,0.21183568,-0.32531554,0.52765638,0.47734487,-0.37811649,0.10687011,1.4423176,0.11072529,0.15747556,-0.82228768,-0.14644453,-1.7922058,0.89121079,-1.1482856,-0.26860517,-0.2038161,-1.3965163,-0.12026261,0.12540482,0.12962425,0.45335704,0.34283316,0.10601342,-1.5760416,0.64798421,0.14084436,0.95883441,0.013186414,-0.91211361,-0.1090835,-0.78720063,0.50293648,0.30637577,-0.81483388,0.34552667,-1.5432642,-1.58587,-1.2052305,-0.36293656,0.4127079,0.09406805,0.21076544,-0.74188858,0.62079817,-1.1735271,-0.23972456,0.33897379,-1.0538213,-0.020078469,0.025779352,0.41102016,0.065737948,0.32540533,0.10132293,0.44968608,-0.0106127,0.39450982,-0.003738508,-0.10101038,-0.56737077,0.37966043,1.0456198,-0.50971317,0.39463902,0.48242435,0.5153476,-0.52593702,0.62406498,0.35253599,-0.91713935,-0.5091567,0.04041104,0.075247124,0.18363415,0.67465019,-0.33892137,-0.47305241,-0.46619123,-0.02226432,0.60630924,-0.17163198,0.12905133,-0.26024336,0.154493,1.0308802,-0.91125453,0.15822417,0.32297462,-0.54599154,-0.044424903,-0.22254995,-1.2247885,-1.6913306,-0.21426183,0.54755396,0.10027876,-0.31865636,0.71112597,0.16648796,0.46016181,0.26802534,-0.19977967,-0.32605606,0.21529596,0.081924543,-0.044284601,-0.64491016,0.19480482,0.1465987,1.1951443,-1.5852089,-0.074793391,1.2980053,1.516121,0.33556312,-1.0661418,-0.25683948,-0.288212,-0.14601564,-0.019497745,0.31005627,0.64667118,0.621337,0.3984859,0.087060072,0.2376903,0.665043,0.64180493,0.85135359,-0.70330596,0.36558229,0.16965052,0.31387627,-0.26033941,-0.13585965,-1.375844,0.27859476,0.021739461,-0.35926995,-0.071713038,0.41081798,0.16593263,-0.66295993,0.2093578,-0.20583706,-0.20574453,-0.066934429,0.54178184,1.0199672,0.25435141,0.003893169,0.49122709,-0.18774833,-0.083215803,-0.96883464,0.18656895,-0.61065418,0.11959783,0.63705176,-0.80131668,-0.2642172,0.37199029,0.44606975,-0.42655027,-0.93438554,0.52024394,-0.4641827,-0.052294828,-1.2787714,0.28820547,-0.18639143,-0.56058502,-0.46330273,0.89804542,0.52531266,-1.6466134,-1.0886056,-0.28878525,0.025831815,0.21870714,-0.049713854,0.086448044,0.35933095,0.1619426,-0.17591904,0.25284243,0.2956177,0.38488373,-0.046425141,-0.22485235,0.2272415,-1.3311577,-0.001263578,0.31077361,0.029235445,0.19534762,0.53782809,0.85005176,-0.28893492,-0.76263893,-0.34044859,0.26941696,-1.6725312,0.30766654,0.37251329,0.37183759,-0.65155786,-1.0419188,0.20534401,-0.61166918,0.15879717,-0.011424847,-0.11045635,0.26765025,0.13493763,0.30740258,0.33495802,0.063003123,-0.11339949,-0.27260646,-1.9729977,-0.62198424,-0.75396597,-0.012447108,-0.74134856,0.077598453,-0.15188982,-0.20970422,0.10479767,2
0.64428961,0.40380424,0.33892742,0.75958169,0.64737666,0.71500385,0.67263246,0.6194365,0.69051433,0.68553364,0.66202539,0.68263614,0.68440282,0.64595914,0.68140715,0.67690659,0.69334537,0.75531387,0.67753303,0.65661299,0.63431704,0.67317045,0.65413171,0.66125154,0.61604524,0.69447041,0.68942308,0.66115063,0.6835897,0.62067789,0.65758789,0.63081646,0.62953174,0.60529739,0.6360836,0.66949737,0.6180886,0.66599369,0.67860866,0.65586257,-0.97448462,0.3252784,0.57887518,0.55065858,1.5177349,1.8066549,1.5186436,0.90862358,1.0498514,1.865489,1.613466,1.4057146,0.36699623,-0.25684288,-0.28442112,-0.31778941,0.65925574,0.33986494,0.34886616,0.30263931,-0.42703819,0.057327207,-0.4781076,0.58459663,-0.94438308,-0.053623777,-0.19388284,0.70125467,0.58623868,1.6227509,-0.20750667,0.28567952,-1.2061294,-0.28451744,0.032878101,1.0710523,-1.1374748,0.61814952,0.28660125,-1.0198292,-0.19297025,-1.0945872,-0.53438443,0.53856361,0.92617744,0.9406082,0.022606995,-1.7849059,0.6703679,0.11509273,-1.086391,0.52516484,0.094150305,0.087448314,0.69569969,-0.20340763,0.62856483,-0.48589531,0.10042456,0.56132793,-0.91538548,-1.1785352,0.11558667,0.60282457,-0.34846196,0.38023841,0.12586851,-0.12979579,-0.10921713,-0.29703179,0.51551807,1.1808366,-0.30758226,-0.50311881,-0.6604408,0.31344706,0.56793505,-1.1272006,0.27355656,-1.1130266,-0.37907451,-1.8728337,-1.0865886,-0.037048265,-0.47789052,0.20730257,-0.43241653,0.11417554,-0.21041337,-0.089796558,-0.897964,-0.54702377,-0.015920147,-1.1566166,-0.020034254,-0.15440047,0.1334765,0.34010908,-0.58452845,-1.7841115,0.71399546,0.47429523,0.95988703,-0.22097979,0.64258742,0.37236857,0.14271554,-0.27099809,-0.36077386,0.34885657,-0.61735547,-0.21657288,0.40121239,-0.18401118,-0.8672899,-0.046363514,-0.53849113,-0.88295364,0.32761782,-0.24917713,-0.021434978,-0.6945411,0.9190352,0.81191593,0.017362943,0.017709142,-1.9702821,0.62762874,-0.012114745,-0.26597044,-0.055489972,-0.57326639,0.016253905,-0.23348981,-0.65509754,1.1311879,-0.79102719,0.15247658,0.61830992,-2.0269125,-0.39033639,0.34770015,-0.061237648,-0.5428018,-1.0992391,0.45341668,0.27079123,0.30641714,0.88384497,-0.83259833,-0.28776115,0.036420152,0.21024232,0.18657675,0.26439369,0.23757842,-0.12664166,-1.3296083,-1.6822467,-0.83912909,0.26632959,0.59952003,0.38597772,-0.44823918,-0.66129112,0.11473133,1.6788757,0.076785311,0.084309757,-0.41686738,-0.24907573,1.1733695,0.078476265,0.23860464,1.6928114,-0.13979939,-3.2108865,-0.06521365,0.6510812,0.039573546,-0.14558777,-0.79959714,0.085689969,-1.568521,0.26278204,-1.595894,0.38063538,0.032795571,-0.94193369,0.071615495,0.36629057,0.68209594,-0.30925649,-0.12638085,-2.753484,0.39308333,-0.61637217,-0.26002336,-0.18396692,0.16925097,0.59358627,0.64122385,-0.24076371,0.57084262,-1.5603682,-0.97470278,-0.11695401,0.37441915,-0.51034772,0.12401074,0.25850782,0.50212312,0.051517688,0.64188677,0.4209688,1.0403154,-1.1362321,-0.3492409,0.45626926,-0.052861966,0.33603096,-0.012086527,-0.23138388,-1.3146267,-0.44310755,0.10647849,-0.5275107,0.60362887,1.2329125,0.44506517,-0.4961307,0.24048117,-0.49575889,0.76618749,0.49437585,-0.69175208,0.19097883,1.8174396,0.22641614,0.14155278,-1.1015626,-0.22786595,-2.157402,1.2018561,-1.3916383,-0.38699177,-0.16395023,-1.5018735,-0.34024081,0.27716523,0.20308369,0.94035578,0.79966116,0.51276523,-1.9859548,1.1070223,0.040478408,1.2273185,0.051417172,-1.0736256,-0.032701686,-0.96201962,0.61812723,0.38101405,-1.0132462,0.31683078,-1.9650068,-1.8928062,-1.6977644,-0.36466187,0.52255988,0.39692318,0.2021606,-1.044665,0.74411958,-1.5668392,-0.21245337,0.31056848,-1.2867835,-0.065533482,-0.18622011,0.6424315,-0.15763709,0.47324884,0.054602493,0.76183212,0.12317161,0.76725483,0.028477646,-0.12246205,-1.0868653,0.45035186,1.2377925,-0.68176299,0.68483549,0.46657124,0.57920223,-0.77517515,0.62957406,0.39990497,-1.1030985,-0.53180724,0.15077446,0.044310957,0.24284838,0.91636032,-0.38954863,-0.67216754,-0.56258857,-0.054294817,0.69636291,-0.21807292,0.099244259,-0.35571173,0.14447942,1.3629276,-1.0113463,0.17685834,0.19411796,-0.74027622,-0.028474607,-0.21951437,-1.5316597,-2.1600709,-0.16746305,0.6039595,0.14700006,-0.26468351,0.7510016,0.28740567,0.46662331,0.29552728,-0.25647378,-0.64218187,0.27986422,0.24172676,-0.11178607,-0.67905849,0.21574104,0.14895938,1.4950637,-1.7917554,-0.055914961,1.7603493,2.1153374,0.48336652,-1.3341862,-0.30532217,-0.36735299,-0.19033325,0.070343629,0.50768781,0.96552169,0.61895323,0.56876439,0.17103837,0.26861867,0.81149101,0.76800227,1.1440108,-0.97629982,0.40719303,0.31734172,0.24118125,-0.30970135,-0.16905496,-1.6973802,0.30788884,0.058793418,-0.64938855,-0.30817068,0.26530632,0.063831374,-0.82498908,0.26764056,-0.20364839,-0.075269274,-0.16070746,0.84057391,1.1679617,0.28641123,0.003250747,0.64231455,-0.30040506,-0.105517,-1.2177783,0.3919189,-0.72401816,0.18056317,0.81170917,-0.99184555,-0.44409281,0.50945932,0.52877265,-0.67288643,-1.2735041,0.72283435,-0.83688784,0.12241137,-1.7864851,0.39015701,-0.29562095,-0.7286756,-0.91044718,1.2433985,0.62292492,-2.0356386,-1.3665624,-0.36349621,-0.057765197,0.26552913,-0.018775482,0.062761143,0.47032833,0.23124176,-0.16444802,0.24672021,0.42904341,0.65124232,0.078617245,-0.15289141,0.19910853,-1.5493612,-0.15382639,0.61107516,-0.070563048,0.14800788,0.78237092,1.247823,-0.42272401,-1.0745883,-0.43275332,-0.048872463,-2.1541836,0.40571481,0.27865487,0.29482895,-0.9387781,-1.4510961,0.28986385,-0.62961167,0.36437735,0.12454948,-0.058065545,0.79415655,0.095216773,0.33292791,0.50010806,0.045890026,-0.1350047,-0.36143252,-2.3625805,-0.78619707,-0.9267205,0.055090163,-1.0033408,0.41433483,-0.10673975,-0.27875233,0.086242341,2
0.55807352,0.32098785,0.26959476,0.59759569,0.56448001,0.61853492,0.62761831,0.57842994,0.59328783,0.59239805,0.57063717,0.57194293,0.57025421,0.53545952,0.58572888,0.60023355,0.58922035,0.65040183,0.59646511,0.59279901,0.55366862,0.60467356,0.56358099,0.54653084,0.56525743,0.59348577,0.55231166,0.56947994,0.57890344,0.58382517,0.55672908,0.572505,0.55994713,0.54403234,0.56905806,0.57019591,0.56151158,0.60044098,0.52763754,0.55466902,-0.92816007,0.25830948,0.377913,0.38383862,1.320261,1.661793,1.3234849,0.69622868,0.82738549,1.6397744,1.4153687,1.185491,0.27613148,-0.26044953,-0.22094241,-0.23806182,0.50249845,0.27221215,0.322245,0.25629497,-0.62186098,0.066480786,-0.44997522,0.42096737,-0.82410645,-0.070362166,-0.026554376,0.62721503,0.64137489,1.3599474,-0.2411682,0.18683773,-1.095539,-0.26450741,0.14012003,0.67516297,-1.1168216,0.4505485,0.2674166,-0.96538866,-0.17070666,-1.0756565,-0.48162758,0.46681756,0.67111665,0.9966445,0.072085813,-1.6543566,0.57576013,0.32840782,-0.86615705,0.59069932,0.061854124,0.10490516,0.48287064,-0.16512355,0.37016132,-0.5522595,0.025442708,0.465505,-0.86130238,-1.1802744,0.25760192,0.47723201,-0.19846296,0.41002375,0.23871,-0.076962389,-0.05482161,-0.36184078,0.55486226,1.1380191,-0.23939419,-0.41356888,-0.46448219,0.38215768,0.57090122,-1.0271478,0.30851302,-0.70838439,-0.39776576,-1.721743,-0.93869239,-0.014624471,-0.39717698,0.16030996,-0.33763424,0.10295936,-0.13436654,-0.11509289,-0.76143157,-0.19595173,0.066278338,-1.0059383,-0.1311532,-0.21242231,0.11976002,0.49323469,-0.56157786,-1.4976906,0.53648007,0.44678834,0.88669485,-0.15845327,0.74469,0.41158533,0.12788227,0.03501904,-0.31882143,0.20060512,-0.55060112,-0.33405179,0.27972314,-0.18015641,-0.8233422,-0.14328529,-0.61427224,-0.76891613,0.33300301,-0.33130252,-0.027021708,-0.7191506,0.7031334,0.60602653,-0.064014375,-0.030884251,-1.8476276,0.71149826,-0.13517758,-0.27552211,0.005071096,-0.53370667,-0.021878136,-0.035254128,-0.48512781,1.0426975,-0.62950569,0.16020128,0.57520342,-1.700516,-0.45126924,0.37651223,0.085322075,-0.72347885,-1.0415902,0.52009553,0.38119835,0.35397041,0.96310592,-0.68937737,-0.2799488,0.06752634,0.1563106,0.22336972,0.46469569,0.099097937,-0.23046225,-1.1502002,-1.4875103,-0.85038972,0.22295371,0.59914875,0.35647568,-0.27899992,-0.3648946,0.19106647,1.4878765,0.071652912,0.14260152,-0.43405458,-0.27334964,1.0408478,0.081922829,0.22494613,1.4310929,-0.005791649,-2.5659447,-0.12671663,0.85414696,-0.022551829,-0.078557849,-0.72236967,0.033388481,-1.5118408,0.20030251,-1.5051479,0.55213231,0.052736919,-0.78406781,-0.03672193,0.37877059,0.59176958,-0.3089571,0.18006444,-2.5839763,0.1636005,-0.54870468,-0.1705703,-0.20257264,0.1552514,0.44596916,0.45672476,-0.26115906,0.45777404,-1.4686366,-0.91006172,-0.16234881,0.27520359,-0.56124985,0.083973408,0.34213907,0.68347299,0.069721237,0.55234814,0.39085254,0.89014852,-0.88219005,-0.34632829,0.58220398,0.005047947,0.33203021,-0.065534942,-0.19907235,-1.1314211,-0.42307681,0.093725719,-0.57931781,0.5936439,1.1542135,0.38554204,-0.3464568,0.17514235,-0.53751284,0.55544585,0.50519651,-0.36797538,0.19869378,1.7687676,-0.080046579,0.07176853,-0.89029789,-0.034661889,-1.9717432,1.0231676,-1.2801262,-0.39827484,-0.23781341,-1.4292619,-0.27780518,0.43153685,-0.064250857,0.71791559,0.42376065,0.55033636,-1.8407451,0.94924521,0.00585185,1.0250599,0.15901248,-1.0621005,-0.1002569,-0.89137363,0.47873393,0.5504235,-0.99790925,0.31658334,-1.7276255,-1.6159514,-1.5861481,-0.30898994,0.74455637,0.43354771,0.19681737,-0.78488737,0.59672219,-1.4125421,-0.11595569,0.54725987,-1.1567557,0.0423312,0.041130479,0.46901223,-0.022080377,0.46004534,0.13232216,0.52492344,-0.021393448,0.72223639,-0.1599559,-0.028335363,-0.77580333,0.2899304,1.1048586,-0.52319145,0.6281876,0.48696446,0.60196096,-0.62809968,0.50875467,0.40778825,-1.0515026,-0.5917384,0.15668136,0.069566295,0.28376207,0.89579177,-0.27634126,-0.57329106,-0.57470471,0.069655724,0.591829,-0.24626499,0.14031559,-0.20877455,0.2670379,1.2194409,-1.1772656,0.084539786,0.24163023,-0.68482685,-0.047639932,-0.27342048,-1.3383228,-1.8584814,-0.14570995,0.52762645,0.15740666,-0.28329068,0.65186179,0.29446864,0.38759625,0.19410926,-0.12634349,-0.48965168,0.18066728,0.080618277,0.012982816,-0.13210973,0.19822004,0.10376064,1.4145302,-1.6318724,-0.15038729,1.5350169,1.8416982,0.4666684,-1.0807034,-0.21778515,-0.23754023,-0.05059056,0.025116475,0.5730952,0.904477,0.78686494,0.69439864,0.15304038,0.25200608,0.7813611,0.78067428,1.052272,-0.70371777,0.37736812,0.47843367,0.1484511,-0.3400571,-0.2093499,-1.4530929,0.21159717,0.072299615,-0.3982766,-0.027007855,0.48195568,0.12681425,-0.82332838,0.11970791,-0.28315204,0.002118841,-0.15350667,0.60994089,1.0673355,0.31660926,-0.035516568,0.61755484,-0.2746312,-0.092807107,-1.0904084,0.26827967,-0.61896509,0.047098681,0.48724914,-0.8484475,-0.45939964,0.30843914,0.51127911,-0.61485219,-1.2238671,0.63662374,-0.80755681,0.17302193,-1.5169181,0.40396893,-0.19608724,-0.75626189,-0.53564942,1.0434413,0.66702247,-1.8538036,-1.2931852,-0.29102966,0.002549012,0.29026756,-0.011616731,0.079205118,0.48202312,0.15165293,-0.21401119,0.26464358,0.33982718,0.50043869,-0.053159852,0.080749542,0.14686385,-1.5116751,-0.045869648,0.53593433,-0.083316624,0.20023018,0.80408311,0.91477948,-0.35684362,-0.90765667,-0.35232526,-0.17831638,-1.8827404,0.30842128,0.33492735,0.34291685,-0.75158548,-1.2399949,0.1392681,-0.69214475,0.16681975,0.13311541,0.010733761,0.67876595,0.28855976,0.23628648,0.68586993,-0.011786673,-0.24911106,-0.42224735,-2.2254674,-0.82656264,-0.86400539,0.095025495,-0.85402745,0.34307697,-0.057987615,-0.29042935,0.075119667,2
0.61464363,0.37288833,0.32056397,0.66511559,0.62617469,0.66557276,0.66141272,0.61126018,0.64557433,0.64456809,0.63701069,0.64360762,0.66442537,0.62321103,0.65831339,0.6638236,0.66149247,0.72135639,0.63708591,0.58981037,0.61685574,0.63019258,0.59981918,0.62845099,0.64308858,0.65762389,0.62311292,0.64423501,0.65988535,0.64688182,0.63338816,0.62796021,0.59827256,0.60681081,0.64154804,0.64708889,0.62340677,0.64431071,0.61800325,0.61646962,-1.0106233,0.31057376,0.65093368,0.5819329,1.5622232,1.810066,1.5953171,0.97389162,1.1231773,1.9238245,1.6654135,1.4658959,0.39912823,-0.25675562,-0.18551615,-0.17896286,0.6700986,0.35317105,0.48914343,0.28779095,-0.68250531,0.029842123,-0.40470853,0.53725207,-0.81497204,-0.19960326,-0.1009293,0.81684065,0.57948411,1.8340156,-0.33657023,0.31461239,-1.278906,-0.32646462,0.0963514,0.99200153,-1.1416343,0.66330582,0.2820496,-1.0545818,0.011571437,-1.0707605,-0.52773249,0.55447018,0.90580559,1.1468599,0.056443539,-1.8561554,1.213546,0.27087778,-1.0862528,0.58411926,0.13891612,0.086523339,0.93878329,-0.20692211,0.51867872,-0.84050095,0.17675662,0.62793487,-0.91517675,-1.2674423,0.14623514,0.56728888,-0.303119,0.18396851,-0.005844502,-0.1829277,-0.019540802,-0.36519009,0.60465926,1.0756309,-0.39672506,-0.66011238,-0.60763186,0.42356777,0.8333745,-1.2631053,0.42124632,-0.9241336,-0.38900292,-1.9413056,-1.6031449,-0.05441986,-0.43558913,0.17868766,-0.51165986,0.15931077,-0.14616019,-0.40019041,-0.99720275,-0.41719326,1.0836191,-1.2007928,-0.32978112,-0.33147663,0.11344509,0.34844887,-0.67563885,-2.0347948,1.429359,0.48846477,1.0394534,-0.27486765,0.68751156,0.53234804,0.17723131,0.22242354,-0.14512929,0.51678562,-0.92179298,-0.00368534,0.37279004,-0.27062881,-0.89721704,-0.17174217,-0.70409399,-1.0897288,0.4052456,-0.601578,-0.02436443,-0.62633955,0.88664383,0.97414625,-0.15245348,0.068981409,-2.1373618,0.84283197,-0.08266712,-0.15656061,-0.11478125,-0.62197769,0.078034751,-0.23339856,-0.64256996,1.3696015,-0.85608208,0.13227187,0.73937917,-2.2339716,-0.64290893,0.40470034,0.017976418,-0.84317923,-1.4282029,0.4367367,0.39920464,0.46323919,0.99739921,-0.77826828,-0.3536585,0.07245636,0.27409008,0.1630477,0.76724136,0.16835693,-0.18467066,-1.4305737,-1.8006046,-0.8502357,0.33649695,0.56415045,0.40621382,-0.35108215,-0.76025999,0.20062445,1.5705032,0.36337537,0.07666,-0.65111315,-0.39623636,1.3579288,0.13363755,0.28713226,1.9892205,-0.053629287,-3.1728783,-0.020992,1.184803,0.002706675,-0.17050445,-1.1733317,0.021762691,-1.9596853,0.3372578,-1.6939962,0.43770316,-0.051624916,-0.87794703,0.000922702,0.50410318,0.71744013,-0.34701985,0.40839326,-3.3306837,0.48280829,-0.48679769,-0.23188177,-0.41359356,0.56729233,0.50911593,0.45008171,-0.11922982,0.62596989,-2.1943903,-1.1631651,-0.51917744,0.47750646,-0.45019695,0.074391969,0.36915994,0.55264169,-0.028373282,0.57099932,0.29983559,1.0287397,-1.3267081,-0.40019155,0.91554838,-0.12361598,0.34404555,-0.2066461,0.11705096,-1.2551311,-0.45961484,0.092978872,-0.48206684,0.57920951,1.4632168,0.40738845,-0.371804,0.48063359,-0.59877515,0.93264806,0.8579073,-0.29989696,0.18789165,2.0029235,0.61792171,0.065508313,-1.4163464,-0.13366826,-2.378783,1.1466074,-1.7539622,-0.7252022,-0.16299975,-1.1680038,-0.36958283,0.33098078,0.009292156,0.75971043,0.70642757,0.5595293,-2.1981924,1.1158674,0.080584727,1.4593561,0.14783908,-0.97013569,-0.11067314,-1.0402579,0.74399936,0.46265203,-0.99677861,0.64263618,-2.534905,-1.9999757,-1.949496,-0.35219041,0.84706151,0.84665275,0.28206149,-1.4601059,0.79351318,-1.8126585,-0.32023591,0.69052643,-1.2731917,-0.026632778,-0.1860494,0.72319722,-0.32293624,0.67337888,0.062992111,0.60787487,0.084557526,0.69057435,-0.14635175,-0.14020255,-1.1834506,0.41210365,1.3387116,-0.59051841,0.91343319,0.52839386,0.55089676,-0.8565945,0.98161232,0.46434361,-1.536011,-0.48456284,0.10556218,0.1618408,0.32512167,1.2714365,-0.40473804,-0.65133536,-0.51858824,0.29561099,0.91105568,-0.24882093,0.088326946,-0.36216274,0.16960405,1.5422133,-1.480155,0.14800292,0.76064306,-0.84043556,0.006369501,-0.058602951,-1.754047,-2.5077794,-0.25379729,0.60156989,0.2208629,-0.37188381,0.89046824,0.38008785,0.44498616,0.25977695,-0.21820472,-0.82343358,0.22310983,0.47391629,-0.17201713,-0.095469296,0.2326456,0.12171163,1.6616575,-1.8515946,-0.081259526,1.9005425,2.0510514,0.48824987,-1.2469852,-0.30333465,-0.64329898,-0.11733476,0.2159224,0.53125221,1.1038496,0.91666603,0.7623297,0.42753434,0.30047423,0.80503547,0.75700349,1.4069111,-0.96290004,0.35263944,0.57198453,-0.029075995,-0.34954855,-0.17701541,-1.5721555,0.28131849,0.16354753,-0.51951534,-0.17899513,0.95875669,0.32419643,-0.74327028,0.26474836,-0.25803906,0.47441608,-0.44549516,1.0133787,1.4011507,0.36908653,0.019767437,0.68868136,-0.2529842,0.11123777,-1.2674859,0.39288267,-0.6688115,0.20311001,0.75180268,-0.90974402,-0.70701015,0.4099299,0.47906533,-0.98465168,-1.5706325,0.85306221,-0.92407751,-0.056205556,-1.8490943,0.36098725,-0.38680926,-0.77305335,-0.65112674,1.3500478,0.56048763,-2.3203287,-1.7603602,-0.36405492,0.014408213,0.36097682,0.051325802,0.023535594,0.59225279,0.22781409,-0.29246575,0.24827966,0.42473397,0.64395899,-0.045668513,-0.078889012,0.83465999,-1.7096262,-0.035563361,0.62577271,0.055365734,0.20962603,0.79448628,1.402276,-0.47350806,-1.2718151,-0.26069334,0.10731359,-2.0489137,0.37677178,0.12461755,0.24563429,-0.9879086,-1.618804,0.32933328,-0.66518205,0.5446974,0.22588789,0.034562662,0.70233297,0.33128825,0.32821125,0.61107606,-0.050681382,-0.31016809,-0.61832583,-2.5576408,-1.0198426,-1.3798921,0.03837166,-1.3447373,0.40641159,0.86436594,-0.41005123,0.024999477,2
0.57451904,0.32417098,0.2737551,0.67205024,0.59769952,0.68532419,0.67788661,0.59489739,0.62585032,0.63252336,0.64422894,0.65366232,0.66033971,0.61748099,0.6649316,0.6427837,0.6720463,0.70359623,0.61392993,0.58014381,0.63314229,0.60590816,0.61539268,0.62260425,0.60579646,0.54411209,0.64057732,0.65090144,0.65374303,0.63463664,0.60119843,0.58296418,0.59538275,0.58790946,0.61301315,0.65743726,0.63579053,0.62676752,0.6152178,0.61740345,-0.70473856,0.25895765,0.2324549,0.24724865,1.2212329,1.6371009,1.1373992,0.56463546,0.66978145,1.5237588,1.2979312,1.0636461,0.33381742,-0.2066329,-0.095977336,-0.22365636,0.59900051,0.30563468,0.34760576,0.28988439,-0.22312021,0.021472979,-0.42232123,0.34934652,-0.67876625,-0.067763694,-0.18760867,0.66240668,0.21056691,1.2681931,-0.28038198,0.21750686,-1.0096327,-0.28342021,0.099065289,0.87316734,-0.90283132,0.52542931,0.315826,-0.83078331,-0.16759694,-0.94154501,-0.57382441,0.47724512,0.82384086,0.58304757,-0.06913048,-1.4906359,0.59920824,0.10403618,-0.93340844,0.57236087,0.016569767,-0.044010364,0.68724126,0.10147022,0.47200584,-0.35952556,0.10747594,0.55436528,-0.56267184,-1.0168722,0.061686028,0.41683012,-0.091260701,0.07557568,0.043138728,-0.15553612,-0.17259735,-0.32442063,0.3341879,0.89814973,-0.12065682,-0.70626199,-0.48581752,0.1990748,0.36773017,-0.87599736,0.30612555,-1.1381315,-0.34523919,-1.6599703,-0.85328209,0.022948157,-0.48195064,0.35420054,-0.38566503,0.06718941,-0.070571668,-0.23694685,-0.79154491,-0.31150407,0.030891912,-0.8958593,-0.051953815,-0.13309343,0.18323731,0.29716274,-0.40023845,-1.3434228,0.071566731,0.41287467,0.74512714,-0.091709755,0.45291835,0.30258656,0.026549619,-0.41067863,-0.21751878,0.29123738,-0.32914916,-0.086303979,0.3410961,-0.13215226,-0.61192882,-0.040006544,-0.63422316,-0.48147169,0.2269517,-0.22774658,0.017417785,-0.51865268,0.71055627,0.53280723,0.092682078,-0.15309641,-1.5439852,0.72301632,-0.19218917,-0.038385168,-0.079480223,-0.53096998,0.045766696,-0.094574243,-0.59832716,0.85436577,-0.6483103,0.13000636,0.46817002,-1.474556,-0.050786309,0.28386912,-0.097664922,-0.51720846,-0.73332489,0.50378013,0.40245551,0.39883542,0.63423145,-0.60732692,-0.24027213,0.063911423,0.019152816,0.24284041,0.17800847,0.24466491,0.036654055,-1.0395174,-1.4456551,-0.62728709,0.25742432,0.64502788,0.21917395,-0.45763958,-0.17949647,0.13877842,1.1676776,-0.21345401,-0.046729937,-0.32761729,-0.25882977,1.0813236,0.18919858,0.23122217,1.9537475,-0.074256375,-2.2255666,-0.087386206,0.43110269,-0.011327967,-0.35963219,-0.6423158,0.13738219,-1.329765,0.23387651,-1.1082416,0.25203493,0.087183915,-0.73590231,0.078113377,0.10883126,0.42261365,-0.29209486,-0.6216836,-2.2922933,0.32598534,-0.45379043,-0.072575197,-0.25607872,0.14020041,0.43556786,0.48183936,-0.15912329,0.52021849,-1.3231208,-0.64739895,-0.1953398,0.3001892,-0.43700629,0.13486773,0.27589595,0.49285048,0.037219636,0.46065328,0.43587488,0.65847218,-0.81297725,-0.29596034,0.45987767,-0.14022577,0.22919945,0.070199728,-0.22753334,-1.0430751,-0.47087064,0.07284493,-0.25110751,0.49996573,1.0205456,0.33109516,-0.31647503,0.18617815,-0.27610978,0.47799441,0.44258538,-0.37526584,0.1424152,1.3054224,0.049103431,-0.022643752,-0.93705869,-0.13020928,-1.7430625,0.89198327,-1.193993,-0.24681452,-0.18282603,-1.3702173,-0.011301465,0.09914159,0.25599486,0.39862782,0.34858397,0.31128323,-1.4944148,0.75509381,0.043660492,1.0433151,0.026898179,-0.94122344,-0.025278222,-0.73026091,0.58769548,0.19840218,-0.75332725,0.25427151,-1.5666808,-1.5109562,-1.1138707,-0.3509396,0.35480636,0.33243465,0.32060322,-0.77552032,0.66669989,-1.0949082,-0.18732168,0.28202701,-1.0197093,-0.025887908,-0.026121119,0.42008856,-0.062038578,0.28352392,-0.018030636,0.42120382,0.095883481,0.63730717,-0.043300971,-0.11578067,-0.57073843,0.3242583,0.89495438,-0.49369344,0.56060272,0.56124175,0.58963656,-0.59457129,0.6461817,0.4394986,-0.83895344,-0.57908309,0.26399022,0.12215904,0.26984337,0.62298894,-0.33445105,-0.48856306,-0.41557699,0.032080263,0.50647056,-0.20033474,0.067148775,-0.29810768,0.15781875,1.0366113,-0.89603907,-0.11513245,0.39837235,-0.63583809,-0.041636731,-0.41271383,-1.2579823,-1.6545556,-0.20541325,0.49849218,0.082769625,-0.28396201,0.74278259,0.20366935,0.4796786,0.22754766,-0.068284035,-0.29191217,0.21743804,0.035528272,-0.050347205,-0.70281118,0.15495414,0.071129538,1.1219178,-1.4945678,-0.18532531,1.4481308,1.4341789,0.53653723,-1.1348739,-0.26658124,-0.33791703,-0.083650216,0.007150576,0.30261391,0.67385817,0.74050653,0.30466855,0.087316602,0.23957112,0.68232936,0.7164591,0.96178591,-0.61049557,0.25109637,0.18950473,0.20216762,-0.34678894,-0.19729918,-1.3947744,0.25849354,0.073475987,-0.46876287,-0.08569289,0.25536993,0.09503527,-0.66642725,0.29664126,-0.1811216,0.006826703,-0.041229732,0.57868713,0.96521509,0.28537369,0.081693552,0.54495364,-0.27350309,-0.14965567,-0.964899,0.24580795,-0.59355623,0.31112784,0.59166187,-0.74034631,-0.23527652,0.35744265,0.40019304,-0.46092018,-0.9248814,0.52655351,-0.5740307,-0.042562649,-1.2117221,0.24734305,-0.022117659,-0.63903612,-0.41862142,0.8041625,0.47114015,-1.5729951,-0.98479414,-0.33506194,-0.074153677,0.26372591,-0.023262229,0.042899385,0.42788354,0.19771954,-0.13704102,0.21617135,0.27281889,0.42113519,-0.038240299,-0.057778627,0.18915573,-1.2782098,-0.099559486,0.39474002,0.082857907,0.21545233,0.52691317,0.90710342,-0.29746744,-0.68490475,-0.35921192,-0.049799405,-1.6439916,0.28794602,0.34662309,0.42980736,-0.62907684,-1.2095981,0.25511876,-0.59874523,0.065595046,0.041218642,-0.049982384,0.43741113,0.083872512,0.26916891,0.4269948,0.012142453,-0.20473489,-0.34531695,-1.9424102,-0.63278401,-0.77523357,-0.20647849,-0.79621935,0.041576549,-0.084390409,-0.26267332,0.062037107,2
0.52277786,0.26678991,0.23688853,0.50858647,0.51216304,0.53193796,0.50237882,0.47628969,0.48931038,0.4993065,0.48456353,0.48512429,0.48477471,0.47279346,0.50934547,0.47480994,0.48702377,0.5064559,0.5051471,0.45630771,0.47312665,0.50091338,0.48996803,0.48332351,0.48968536,0.50021571,0.51574993,0.48923284,0.4901545,0.49380946,0.4849095,0.48557425,0.47172466,0.46939552,0.48136455,0.45861292,0.45506299,0.48275101,0.47091427,0.46934557,-0.89082611,0.20666547,0.3928681,0.4229537,1.3240139,1.6979294,1.3198283,0.72066212,0.84992349,1.6503224,1.4071945,1.199808,0.31360677,-0.25792098,-0.31308237,-0.27219471,0.56280047,0.30577627,0.35928038,0.29320696,-0.78218919,-0.014560796,-0.57179493,0.43796009,-0.80247259,-0.063239709,-0.20642644,0.60970861,0.4273023,1.4415153,-0.20488568,0.2175335,-1.2047598,-0.25817707,-0.022030309,0.87381744,-1.1582276,0.44513711,0.27550238,-0.86976206,-0.12365292,-1.165949,-0.52919137,0.51074219,0.77232921,0.83574033,0.056773141,-1.7319125,0.63447386,0.17396104,-1.0461525,0.6645593,0.064504877,0.165052,0.59649122,-0.065994412,0.35174304,-0.48387331,0.064971231,0.53827524,-0.68198544,-1.220952,0.080701202,0.54299426,-0.34525883,0.25604168,0.17115486,-0.090347022,-0.20006001,-0.25774387,0.44405264,1.0870242,-0.21031512,-0.4169392,-0.50371093,0.45118695,0.47799253,-1.053547,0.36968863,-0.9010278,-0.35773534,-1.7949269,-1.0432261,-0.049694613,-0.47929373,0.44220203,-0.36466786,0.22805704,-0.12504458,-0.22846064,-0.85175484,-0.40243986,0.44382089,-1.1330453,-0.3010506,-0.054200329,0.20769694,0.38725325,-0.49229622,-1.7272152,0.69756484,0.45496839,0.88191175,-0.17430116,0.66395205,0.42225164,0.088810757,0.072635055,-0.36818665,0.26119834,-0.40963665,-0.17101613,0.33840612,-0.27105567,-0.79308861,-0.008313819,-0.55939132,-0.603338,0.33505946,-0.35477546,0.009224173,-0.65395325,0.64472508,0.59568214,0.032671392,0.042656776,-1.8618017,0.63994801,-0.050467938,-0.23787153,-0.017141165,-0.51155663,-0.012109532,-0.19914028,-0.64797372,0.99346262,-0.52773166,0.12725292,0.50673223,-1.6257259,-0.27266657,0.31658003,-0.088327326,-0.54210424,-0.97157305,0.46917084,0.21079937,0.2004656,0.88023639,-0.82400954,-0.32954022,0.063423678,0.017286852,0.080427982,0.33602771,0.15109748,-0.2128236,-1.2042668,-1.5893009,-0.82680178,0.20990995,0.64890826,0.26238558,-0.30703846,-0.3194775,0.14386857,1.7300954,-0.116192,0.02361583,-0.42469066,-0.2543276,1.0565399,0.17418668,0.25487095,1.0899488,0.012765899,-2.3677013,-0.098895006,0.58484286,0.026559291,0.091604009,-0.82639575,0.075448409,-1.4822742,0.2183976,-1.428091,0.54022896,0.061657067,-0.86876929,0.063853927,0.12441593,0.77527654,-0.22645782,0.043469667,-2.6246037,0.30696559,-0.57059246,-0.065867506,-0.043817408,0.35383707,0.60944378,0.15754861,-0.17374934,0.31571144,-1.6604587,-0.85053939,-0.33193564,0.44787547,-0.50712228,-0.043686137,0.17455748,0.51964283,-0.005836841,0.63039601,0.43293393,0.88969529,-0.92583168,-0.37790689,0.65120977,0.050991789,0.27778971,0.051267162,-0.26381058,-1.262206,-0.4765608,0.12795517,-0.47587293,0.5374617,1.1126065,0.36712715,-0.40684533,0.10362644,-0.37826747,0.74127769,0.51589328,-0.40148157,0.18488443,1.7149429,0.031492114,0.25086951,-1.0099896,-0.13318688,-1.9819241,1.0547365,-1.4407564,-0.28119621,-0.20006403,-1.2000107,-0.32562685,0.29887637,0.12861039,0.6102972,0.65121478,0.37416792,-1.8787102,1.0131507,-0.006205756,1.1663843,0.097826384,-1.1609929,-0.14683306,-0.88985199,0.55383694,0.57199252,-0.88827014,0.43189609,-1.9177051,-1.7379349,-1.5100646,-0.3173613,0.63320112,0.57626736,0.1903013,-1.0165709,0.66430116,-1.3054479,-0.13669384,0.23364326,-1.2689824,0.088218369,0.065918401,0.59252101,-0.025035601,0.44385943,0.01386643,0.59752846,0.071133584,0.90129393,-0.001638096,-0.099201255,-0.9078182,0.37524131,1.113394,-0.62307346,0.61911196,0.45949829,0.56291944,-0.58859414,0.67402333,0.31217259,-0.99744225,-0.52455169,0.11458881,0.21329388,0.24941309,0.91549611,-0.3108682,-0.58043128,-0.5471375,-0.037630733,0.59531009,-0.18940894,0.099998564,-0.29861271,0.18808372,1.2187889,-1.0071226,0.13945635,0.33513269,-0.66946161,-0.036225721,-0.29597408,-1.3989193,-1.9484215,-0.097866759,0.56677794,0.10779089,-0.22108661,0.76767761,0.2583158,0.44468477,0.22061975,-0.2083877,-0.57716829,0.19465563,0.037853248,-0.12515083,-0.36139947,0.19308917,0.17815869,1.2611904,-1.6577396,0.017449241,1.4145486,1.7778274,0.40909111,-1.313809,-0.31495586,-0.46087632,-0.097543575,0.069650926,0.51981342,0.88193703,0.64602935,0.43645641,0.26417929,0.32005459,0.79327768,0.68706256,0.97128338,-0.97792041,0.35276759,0.41312116,0.059068613,-0.28939611,-0.21621646,-1.567044,0.26844805,0.082093626,-0.34784979,-0.029229812,0.5132829,0.1665128,-0.74666107,0.20874238,-0.22953722,0.14917982,-0.19197929,0.72289026,1.1030322,0.2949971,0.004840737,0.6521312,-0.1922978,-0.01911941,-1.0987133,0.27055028,-0.64301282,0.019889705,0.7181353,-0.87411374,-0.37866893,0.41295969,0.51422811,-0.67144048,-1.2691926,0.60805672,-0.63610435,0.052992225,-1.6589787,0.35855561,-0.27608463,-0.61832428,-0.53106487,1.0335318,0.61358029,-1.8177032,-1.2656972,-0.38500997,0.031607069,0.24582914,-0.03464514,-0.047409981,0.49245003,0.20198014,-0.11515731,0.20619266,0.35418084,0.51015794,-0.080264829,-0.010233946,0.21972072,-1.5271162,0.055269703,0.55503482,-0.009618018,0.23295623,0.72714287,1.0858688,-0.38596618,-0.90490764,-0.35130802,0.005319275,-1.9126021,0.32361856,0.22375032,0.350757,-0.72190344,-1.356593,0.27437052,-0.56815475,0.1408934,0.013145752,-0.13458209,0.86988997,0.16652621,0.28839236,0.51989406,0.023552369,-0.26636237,-0.44098234,-2.2482042,-0.7812463,-0.98337871,0.142589,-0.941432,0.26233169,-0.213743,-0.22500312,0.071250916,2
0.51801431,0.25688431,0.23856676,0.50025862,0.50197625,0.51815867,0.49825665,0.48474008,0.47576988,0.49759966,0.47634953,0.49441236,0.48181701,0.46460822,0.50536931,0.47704846,0.49028403,0.51845193,0.501692,0.46170452,0.48211411,0.49597654,0.47899145,0.46817255,0.49748617,0.48319644,0.48689783,0.48519534,0.48795426,0.4756169,0.47651494,0.50646365,0.46816042,0.45691392,0.48661914,0.45939797,0.45570984,0.46957564,0.45291638,0.45248494,-0.84266812,0.19093798,0.37094373,0.40644926,1.2716175,1.6788977,1.2560699,0.67618179,0.82158351,1.6106476,1.3580439,1.1625623,0.35767213,-0.28893852,-0.16449815,-0.34079051,0.62577134,0.37556341,0.38347214,0.25572553,-0.81848019,-0.052584551,-0.53512621,0.39603975,-0.78630763,-0.080823071,-0.21818481,0.67919618,0.2976189,1.5358608,-0.21860941,0.24569549,-1.062025,-0.1309939,0.050223798,0.92704499,-1.0772483,0.46891972,0.2302525,-0.95434648,-0.060300309,-0.99170482,-0.59335107,0.71800518,0.89413595,0.64874345,-0.01093033,-1.6759431,0.632985,0.15451267,-1.0211332,0.54053628,0.025503427,0.13006023,0.80738395,0.046416089,0.387903,-0.44251293,0.030092793,0.55626643,-0.74461365,-1.2101184,0.047266971,0.49668032,-0.36513001,0.25535434,0.27380601,-0.10901253,-0.1136743,-0.30866081,0.48626345,0.92840981,-0.21254517,-0.25512791,-0.55636245,0.44958106,0.61001718,-1.0444643,0.47342288,-1.1210006,-0.39885089,-1.7966172,-0.91610777,-0.00624908,-0.46895498,0.48386788,-0.46384722,0.12311262,-0.12696481,-0.063157849,-0.73055255,-0.38759738,0.40820628,-1.0961344,-0.1946601,-0.26652387,0.16849758,0.32831776,-0.46559581,-1.621009,0.28987557,0.4865942,0.95063895,-0.099771634,0.52729034,0.33505231,-0.001254119,-0.15110044,-0.28769818,0.37730736,-0.56995344,-0.39466223,0.36270601,-0.25598255,-0.71212268,-0.078509182,-0.65673995,-0.69572771,0.30896932,-0.36443293,0.010724973,-0.63725966,0.81649077,0.62458044,-0.005513746,0.061453626,-1.7919092,0.68256402,-0.003716148,-0.17431715,-0.062945016,-0.58591628,-0.12780997,-0.11838903,-0.64355934,0.91051763,-0.66594845,0.14732517,0.4360024,-2.0197124,-0.18440051,0.4098466,-0.032530002,-0.38738865,-0.86124587,0.58690834,0.14521804,0.31847453,0.87480605,-0.73417813,-0.29524285,0.079878114,-0.056769438,0.048209459,0.36399481,0.16747436,0.17184156,-1.2019546,-1.585354,-0.75351489,0.2428152,0.63019776,0.2880936,-0.5012126,-0.29615411,0.17996921,1.1858907,-0.17574665,0.029818635,-0.36437285,-0.30089962,1.1124232,0.097379811,0.24715292,2.4093838,-0.056934249,-2.6820025,-0.064169794,0.69620806,-0.036249936,-0.18271673,-0.79037935,0.097695202,-1.5674474,0.13727649,-1.1761091,0.51562572,0.16179597,-0.80242205,0.024583939,0.20240326,0.56692123,-0.24213289,-0.55290949,-2.6274478,0.35745367,-0.40801421,-0.014965355,0.03618452,0.2688168,0.47312173,0.12774049,-0.025036111,0.54298317,-1.4631118,-0.92219609,0.44468835,0.38434398,-0.57192057,-0.023320436,0.098561049,0.53673947,-0.016003173,0.46486658,0.51045185,0.73695582,-0.9796018,-0.36689895,0.51111394,-0.047125805,0.32089329,-0.104171,-0.22626823,-1.1923554,-0.55282289,0.10033366,-0.19970632,0.54339689,1.1100217,0.40833724,-0.40301704,0.20412186,-0.43475938,0.53456652,0.57684463,-0.47651595,0.099138632,1.2025104,0.095452718,0.22170886,-0.97835571,-0.18189086,-2.0050066,0.85645556,-1.4078655,-0.25100827,-0.23343036,-1.0664088,-0.22959113,0.11942098,0.10421062,0.55554277,0.48846856,0.24690643,-1.7034379,0.87408584,0.056091968,1.0406691,0.040325709,-1.0938752,-0.10125922,-0.88479084,0.58348894,0.1213102,-0.92504609,0.27101561,-1.7832059,-2.0376601,-1.251236,-0.40172577,0.45482731,1.0043684,0.25220177,-0.8165496,0.67392796,-1.3541906,-0.18120769,0.29426855,-1.0239656,0.040114682,0.05874566,0.3648355,0.25195709,0.49222356,-0.02633341,0.59265637,0.026489455,0.64127582,0.074572831,-0.093590885,-0.73274225,0.40208584,1.1047288,-0.69127858,0.59573603,0.56149566,0.68132651,-0.66656393,0.6044746,0.30184421,-0.95764154,-0.75268537,0.11764633,0.051445134,0.23265453,0.78299081,-0.37538087,-0.58166569,-0.50045419,0.000543989,0.4076544,-0.21977638,0.13795829,-0.31923318,0.13406211,1.131516,-1.5625393,0.11876559,0.29835832,-0.68001819,0.034205295,-0.25667715,-1.2540311,-1.9234111,-0.20939161,0.60574049,0.091422513,-0.29468256,0.77836812,0.28439987,0.49022433,0.25376177,-0.070016026,-0.32175875,0.22185169,0.11623561,-0.050668307,-0.58519,0.18614782,0.14318202,1.2903829,-1.609266,-0.002077645,1.4452343,1.5893985,0.38373026,-1.3274112,-0.22180176,-0.65539503,-0.098045796,0.019717488,0.40496266,0.70525742,0.65910488,0.16713512,0.23156661,0.24325456,0.92650342,0.76608449,1.4064808,-0.77941096,0.33269784,0.40844351,0.14524546,-0.48387423,-0.12711215,-1.3745813,0.31165645,0.045258731,-0.37813678,-0.14625858,0.44610175,0.2013011,-0.79331034,0.36353201,-0.20339645,0.21769716,-0.091914892,0.79627937,0.91577852,0.28377134,-0.006308915,0.6499064,-0.10428588,-0.36057931,-1.0087407,0.25884515,-0.7274245,0.19854094,0.49941069,-0.89085817,-0.35540619,0.36906379,0.43558547,-0.77390015,-1.1670383,0.56333506,-0.73022056,0.041471139,-1.6906018,0.31174415,-0.070140868,-0.69652689,-0.47686249,0.89614731,0.61822528,-1.7515148,-1.3234683,-0.35242668,0.004795981,0.27044994,-0.060797125,0.030506577,0.39731467,0.17620596,-0.1395535,0.16509214,0.25025195,0.41032374,-0.083586372,-0.35866773,0.23776178,-1.4483608,-0.006395904,0.60787362,0.083488978,0.23545395,0.6497072,1.106649,-0.35402465,-0.87467432,-0.46696314,-0.040793531,-1.7919232,0.29032379,0.30008912,0.43190101,-0.6915316,-1.4282519,0.22910781,-0.82272053,0.22793235,-0.033760056,-0.10005579,0.48691329,0.13279535,0.28254011,0.5533188,0.041373499,-0.20182011,-0.4005264,-2.1900392,-0.86095691,-0.97839856,0.028320134,-0.86095053,0.17459592,-0.19311622,-0.37193331,0.087947644,2
0.57816637,0.33186316,0.28509861,0.60626364,0.54431283,0.61919391,0.58402133,0.55725074,0.58760226,0.58022004,0.55704987,0.55431199,0.54500681,0.52945864,0.57282025,0.54667878,0.57263094,0.59452879,0.59768307,0.54401219,0.53450799,0.56633157,0.55626988,0.55949199,0.55249131,0.55336797,0.54166412,0.5388692,0.57858813,0.55944252,0.56575382,0.53424561,0.56002086,0.52532876,0.54755819,0.52019775,0.52106351,0.53601217,0.52020955,0.53590822,-0.87719285,0.25749314,0.35701793,0.38697118,1.3159676,1.7313862,1.2905445,0.69542181,0.82643366,1.635649,1.4058075,1.1791298,0.30536813,-0.25041363,-0.085766092,-0.12397833,0.63488805,0.31781098,0.38381803,0.23440297,-0.65857339,-0.0198704,-0.46467841,0.33221194,-0.86046386,-0.065443784,-0.19656584,0.62809855,0.42528701,1.4520841,-0.23831156,0.24028896,-1.0705122,-0.28200674,0.083857864,0.97327983,-1.153958,0.51749897,0.1644952,-0.91996884,-0.10438102,-1.1082411,-0.50755483,0.64657199,0.90783578,0.81389982,-0.02122725,-1.5886233,0.85665482,0.28250161,-0.90102524,0.46332467,0.031849883,0.011137431,0.74339533,-0.21493632,0.4733198,-0.53865266,0.06595809,0.52985096,-0.5997234,-1.1554399,0.0851385,0.45909008,-0.29568398,0.14717297,0.1109956,-0.22022136,-0.068313986,-0.36683381,0.54989296,1.1149056,-0.2486531,-0.21933052,-0.5451287,0.33249241,0.61261767,-1.0171894,0.36351234,-0.88144159,-0.4503293,-1.820392,-1.0079621,-0.004238367,-0.39545038,0.27252156,-0.42192027,0.17478532,-0.19408339,-0.15202604,-0.789702,-0.39391392,0.44255304,-1.0362577,-0.00449279,-0.22252104,0.10638261,0.44302446,-0.58790457,-1.6634825,0.92176288,0.42927051,0.8171677,-0.1124826,0.5396955,0.2449694,0.099349685,-0.17359139,-0.23674251,0.44409612,-0.5297659,-0.1683647,0.35224256,-0.22550993,-0.8081491,-0.13269719,-0.70964676,-0.71000421,0.39791197,-0.33933723,0.000447624,-0.58270448,0.80532348,0.72681391,-0.003443683,-0.11129099,-1.9477515,0.79262656,-0.19156966,-0.15739466,-0.030084789,-0.52718008,-0.046130046,-0.15841338,-0.62431014,1.0305344,-0.71527147,0.12338539,0.6574018,-1.586712,-0.36485577,0.39659825,0.032719105,-0.72237921,-0.95451659,0.59990597,0.2558251,0.21720842,0.83271712,-0.63600063,-0.28001654,0.051053949,0.2860215,0.19644995,0.39519301,0.077874854,-0.1604794,-1.200243,-1.5569816,-0.92418253,0.1474968,0.55868864,0.27273449,-0.41776323,-0.4711293,0.18076661,1.8574104,-0.063623138,0.10728006,-0.38023511,-0.30954,1.1070791,0.095333837,0.25188053,1.8407215,-0.023485381,-2.8095918,-0.074895576,0.74124366,-0.03565621,-0.17835647,-0.80203986,0.16155775,-1.5450425,0.2335503,-1.4749599,0.3573873,0.069004245,-0.74242145,0.001048271,0.22327831,0.5868094,-0.27073964,0.05790934,-2.6428378,0.27106565,-0.49105316,-0.14103374,-0.15000339,0.23148152,0.41013899,0.20164564,-0.25744331,0.54831326,-1.7266278,-0.98388314,-0.27881941,0.30497986,-0.5402298,0.10221453,0.33007926,0.50383443,0.094304979,0.51643777,0.37005532,0.95720321,-1.0962739,-0.43500131,0.56374973,-0.17708343,0.34711152,-0.19651948,-0.16109064,-1.0817752,-0.43280122,0.1061797,-0.4327561,0.59491926,1.2736816,0.43768147,-0.40335524,0.1463173,-0.51481342,0.53987384,0.61857229,-0.37634376,0.1290666,1.6932949,-0.002156131,0.25484428,-0.91948497,-0.25248745,-2.020622,0.91854882,-1.3886186,-0.37306905,-0.22153986,-1.3063948,-0.22462431,0.37810642,0.17832437,0.58211035,0.55806112,0.4368484,-1.883611,0.95034754,0.41200408,1.1465775,0.020217054,-1.0353286,-0.1837628,-0.98549938,0.51688427,0.036308706,-0.90107894,0.39574626,-1.8173853,-1.746583,-1.6058142,-0.33844262,0.4839803,0.51745754,0.23344617,-0.90993214,0.64313149,-1.4597203,-0.28108981,0.35614321,-1.0620078,0.037047081,-0.015426427,0.63193238,0.031208564,0.47039917,0.056321256,0.52861613,-0.01673596,0.578704,-0.041670959,-0.087134331,-0.6829859,0.39734682,1.0884387,-0.48106131,0.63939279,0.53623533,0.61623049,-0.70910519,0.66967535,0.40581411,-1.1589421,-0.48046851,0.12630568,0.16697422,0.25054404,0.89229727,-0.28794643,-0.54656863,-0.53263479,-0.001285866,0.62826121,-0.25996956,0.14884743,-0.24740019,0.34024572,1.2586126,-1.1798478,0.12632845,0.30687895,-0.71998376,-0.045167461,-0.2331717,-1.4449643,-2.036201,-0.35596809,0.54153681,0.16257077,-0.2552416,0.63281852,0.36060706,0.47990459,0.21252644,-0.12240299,-0.47333416,0.17285481,0.079760782,-0.10191,-0.44130173,0.21140155,0.17108017,1.2692547,-1.6745176,-0.16180292,1.655947,1.8074527,0.41810638,-1.1587846,-0.24308965,-0.39894068,-0.061254881,0.08423686,0.43458751,0.8907057,0.80709314,0.64532721,0.23683456,0.19826612,0.79500461,0.75173736,1.2499433,-0.77392405,0.27387089,0.45868343,0.13538748,-0.41751999,-0.23872173,-1.5050828,0.28463891,0.038453422,-0.41851491,-0.090067878,0.51924002,0.19495896,-0.74781018,0.096827015,-0.28428078,0.04721088,-0.23024927,0.7986908,1.1473575,0.40817016,-0.056011349,0.61549789,-0.11609036,-0.022275103,-1.156081,0.3478981,-0.59504515,0.20758006,0.77670544,-0.99472803,-0.42052069,0.26376104,0.44162685,-0.63497066,-1.2412479,0.61104876,-0.72236419,0.069713473,-1.5669124,0.37862885,-0.28267387,-0.55333936,-0.59864455,1.0326639,0.58574098,-1.892211,-1.3474315,-0.28552383,0.021024548,0.23038316,0.061650176,0.035835996,0.55108893,0.22053768,-0.20185432,0.29116225,0.39051962,0.46231222,0.010444902,0.00611382,0.23492493,-1.5054278,-0.060445763,0.52888608,0.000810614,0.19847542,0.67620087,1.0911231,-0.3701371,-0.98099959,-0.31129956,0.044114616,-2.0128217,0.33909455,0.45050544,0.36420181,-0.77847946,-1.5197927,0.30441383,-0.59461659,0.12860429,0.1177976,-0.12394734,0.62679023,0.027210608,0.28817403,0.59018385,-0.008586939,-0.15931267,-0.44666943,-2.2627788,-0.76545501,-0.95168817,-0.10958224,-0.89099979,0.294357,-0.1788812,-0.29962257,0.007187784,2
0.53247893,0.29067206,0.24694455,0.52666962,0.48897859,0.52730763,0.50921583,0.4887659,0.5016728,0.49792415,0.49740177,0.49067754,0.48981285,0.4662621,0.50910103,0.48783255,0.49473226,0.52058625,0.50827038,0.48505601,0.48230088,0.49788514,0.48596728,0.4909499,0.49109614,0.49174291,0.49808294,0.48312765,0.50699049,0.48243463,0.49464414,0.48738825,0.47928351,0.46684006,0.48489666,0.46450302,0.46174881,0.48414695,0.46421576,0.47329861,-0.9881596,0.2085169,0.46728462,0.4782691,1.4199508,1.7458584,1.4060163,0.79249156,0.93491203,1.7312117,1.4815753,1.279846,0.37749434,-0.26940271,-0.19309315,-0.37667766,0.63281906,0.35846153,0.3776091,0.29221588,-0.84773189,-0.024948392,-0.5317167,0.32800889,-0.9076373,-0.065023914,-0.15084016,0.65763474,0.3253327,1.4548488,-0.17968304,0.20958254,-1.203488,-0.28225628,-0.001999512,0.88704896,-1.1239163,0.52555442,0.41142198,-0.90943515,-0.15717684,-1.168707,-0.54486173,0.33422115,0.89804155,0.692128,0.039711483,-1.7543005,0.62207818,0.13789383,-1.1076062,0.70083761,0.087008372,0.13856494,0.70176911,-0.20454641,0.3570874,-0.56721199,0.007479422,0.57386601,-0.6862191,-1.1760088,0.08464995,0.54854178,-0.30851564,0.11350887,0.03553794,-0.21055378,-0.030207232,-0.33397809,0.41953379,1.0685254,-0.23248425,-0.30283296,-0.52462995,0.3495023,0.35212478,-1.0969657,0.47005653,-0.94381237,-0.41473487,-1.8393606,-1.0484951,0.004198827,-0.51144511,0.32619965,-0.41677436,0.23859024,-0.14953002,-0.18308134,-0.7779395,-0.40428093,-0.02176114,-1.1663197,-0.17605415,-0.17077547,0.16288847,0.4673427,-0.55090737,-1.713609,0.46733135,0.48744783,0.80886239,-0.11684343,0.62912804,0.47610387,0.032801747,-0.17205851,-0.33722165,0.29544169,-0.31565407,-0.29803723,0.35057592,-0.31020418,-0.83840817,-0.060339663,-0.60995114,-0.6395908,0.37394816,-0.40431327,-0.026512831,-0.6849944,0.70552963,0.67426068,0.048092831,-0.16520777,-1.9196247,0.69255519,-0.038280223,-0.20615816,-0.040282607,-0.56054246,-0.05653403,-0.12592563,-0.74592233,0.95613235,-0.82020783,0.14310895,0.48738915,-1.9943283,-0.20003262,0.43020427,-0.053193145,-0.59005404,-1.0209011,0.54050267,0.30113965,0.21220696,0.93256265,-0.78421724,-0.26409158,0.077710629,0.29730499,0.13311866,0.45497388,0.14408599,-0.11132889,-1.333811,-1.6454244,-0.70256448,0.3072477,0.64775813,0.39790785,-0.40531847,-0.28242344,0.18459728,1.5155693,-0.015501805,0.029581338,-0.43997061,-0.29775903,1.1051682,0.09821061,0.27565187,1.1231301,-0.073632821,-2.7606544,-0.10554308,0.51677489,-0.020859776,-0.10516971,-0.88482702,0.16170411,-1.5664527,0.26062021,-1.266528,0.65973419,-0.060152113,-0.83905154,0.073723331,0.24696502,0.66206706,-0.24139839,-0.19561312,-2.7996089,0.36808774,-0.60704893,-0.036207885,-0.14398852,0.12601754,0.66312581,0.12070334,-0.22832376,0.74796182,-1.6294414,-0.9415369,-0.37961102,0.30139169,-0.51853776,0.1341826,0.36604184,0.49113518,0.092845924,0.54238981,0.4920575,0.80307734,-0.96754014,-0.41971362,0.38724667,-0.037092507,0.30069607,-0.057585407,-0.32258922,-1.2154222,-0.4845081,0.17060626,-0.42707562,0.48343816,1.1665908,0.43665123,-0.46145332,0.078635558,-0.34667313,0.6590063,0.43350101,-0.37151521,0.13260283,1.5784817,0.16490948,0.19192311,-1.0423783,-0.23498157,-2.0089068,1.1860735,-1.4948528,-0.25413245,-0.20102888,-1.4012439,-0.16689034,0.31009895,0.13795683,0.59301871,0.53359747,0.3245331,-2.014832,1.037195,0.060194626,1.1043382,0.000482697,-1.0988883,-0.16739045,-0.91553664,0.5924893,0.17219383,-0.88461453,0.33965987,-1.8737414,-1.8421172,-1.5180534,-0.38602194,0.53627264,0.46800452,0.2197759,-0.97417635,0.72462225,-1.4062647,-0.042087182,0.52228391,-1.3000993,0.022791738,-9.98E-05,0.52959782,-0.1370884,0.38865286,-0.071151569,0.39797002,0.076741412,0.94404,-0.000289589,-0.078776866,-0.72552836,0.37303478,1.0674175,-0.71598613,0.69201994,0.57845354,0.67270601,-0.6322943,0.56538123,0.36513188,-1.0898676,-0.57431901,0.13140391,0.1817939,0.15914665,0.79024023,-0.34723711,-0.55837238,-0.53567982,0.049629934,0.50829417,-0.14576595,0.1512142,-0.33189234,0.20446125,1.0460433,-1.2329054,0.19851118,0.32613605,-0.70775265,-0.070739411,-0.14649059,-1.4890912,-2.0618122,-0.11203131,0.59681165,0.10728376,-0.27945411,0.87452745,0.23575526,0.43801054,0.23726334,-0.35000426,-0.42781454,0.18259466,0.1034469,-0.1401177,-0.26548451,0.21590041,0.15770857,1.314804,-1.6623342,-0.025682189,1.6548524,1.636668,0.40374598,-1.4212768,-0.26147142,-0.42259404,-0.10038576,0.12162858,0.46579581,0.86128783,0.7083903,0.27484316,0.27798522,0.1987063,0.84356195,0.7575103,0.96447712,-0.99991512,0.34462434,0.41883451,0.13747722,-0.38917947,-0.23345521,-1.7716782,0.29360333,0.062505201,-0.37028438,-0.10459782,0.32376242,0.12121214,-0.54325271,0.36084479,-0.25292677,0.075201988,-0.19629765,0.58256507,1.0797749,0.32728869,0.034074288,0.66248488,-0.24014032,-0.093633071,-1.1398212,0.35649788,-0.64895999,0.12852918,0.74471265,-0.98521358,-0.48292774,0.3953695,0.50918221,-0.61593735,-1.218389,0.6467979,-0.64198613,-0.003992498,-1.6970237,0.29781353,-0.1195187,-0.51240951,-0.5815112,1.0010878,0.5730179,-1.9530998,-1.2784021,-0.34508649,0.044941578,0.3007462,0.094125375,-0.06571833,0.5145337,0.23218377,-0.12823407,0.23670183,0.34785008,0.51710391,0.1698398,-0.10666533,0.1766431,-1.5792255,0.026923295,0.46363303,-0.075722776,0.25731817,0.72394353,0.93894076,-0.4211767,-0.9392724,-0.40929252,-0.27809694,-2.0409925,0.30790156,0.25944108,0.46121514,-0.69856161,-1.58311,0.3008388,-0.6901505,0.21071059,0.093028031,-0.16055553,0.68002152,0.13586238,0.35426626,0.59493339,0.00024535,-0.16633771,-0.45263287,-2.3220596,-0.76100612,-1.0036737,0.33619124,-0.960361,0.43955165,-0.25424856,-0.32215336,0.11561666,2
0.51055801,0.26254755,0.23531604,0.50162649,0.4997046,0.52452737,0.50978315,0.49029571,0.48431078,0.49724424,0.48526454,0.49343711,0.48896354,0.46287668,0.51693487,0.49562985,0.5111503,0.52778369,0.49462581,0.48171067,0.4771702,0.50319433,0.47307405,0.4848941,0.48212948,0.49686977,0.49102014,0.4764179,0.48154265,0.46333089,0.47423494,0.48834497,0.46430397,0.46825778,0.4714047,0.47871199,0.46100065,0.47780642,0.45340377,0.46022654,-0.74177611,0.22568411,0.42868108,0.45121145,1.4182444,1.6426357,1.3606414,0.76510888,0.8980329,1.7021794,1.4732006,1.2540728,0.31338948,-0.18471669,-0.12009813,-0.33662736,0.54008996,0.29264468,0.33798856,0.24632739,-0.7965793,0.007482151,-0.45813704,0.42970139,-0.69565225,-0.058242869,-0.19938505,0.69408017,0.22541842,1.4987723,-0.2155816,0.24494307,-1.0054119,-0.17382668,0.061424896,0.82637584,-0.91941619,0.5028882,0.25588468,-0.88714755,0.002675355,-1.0336139,-0.5671007,0.89661348,0.70535308,0.69245511,0.038772959,-1.5985928,0.70739079,0.14066766,-1.0430261,0.55153835,0.077598259,0.22816727,0.56688523,-0.097505197,0.38481277,-0.43320617,0.00030512,0.54772741,-0.65475309,-1.1089011,0.030025067,0.5211398,-0.33267212,0.39746261,-0.032974809,-0.13513619,-0.11288179,-0.23126763,0.42272833,0.85571975,-0.27063739,-0.33851987,-0.60132414,0.39241308,0.67583674,-1.1213305,0.42176318,-1.0082489,-0.39637133,-1.7128339,-1.0167087,-0.05221726,-0.5125469,0.38639453,-0.47517049,0.15179633,-0.13056555,-0.064458124,-0.71497446,-0.43217883,0.63220417,-1.0844005,-0.27066821,-0.17406814,0.15920718,0.34190404,-0.42986816,-1.5818833,0.55593932,0.46753407,1.0446765,-0.16519696,0.49374536,0.34144333,-0.001571588,-0.005194873,-0.31015071,0.44979042,-0.7639761,-0.079175085,0.3116881,-0.27360958,-0.63538563,0.022964628,-0.66123343,-0.66281235,0.30800077,-0.36200225,-0.008973421,-0.54166061,0.72132796,0.62568361,0.05887403,0.094945908,-1.8276336,0.72005272,-0.014802838,-0.1554604,-0.12432257,-0.56164801,-0.027768666,-0.25997514,-0.53613824,1.0065922,-0.7486434,0.11270447,0.51739579,-1.6586921,-0.31877422,0.35599494,-0.096851058,-0.51351899,-0.95162344,0.46165493,0.1367851,0.2890287,0.74806237,-0.7579875,-0.25976047,0.029441414,0.7174446,0.026582077,0.32252631,0.17615251,0.10962386,-1.2172997,-1.6293218,-0.69080436,0.15473464,0.67362535,0.32419047,-0.44585758,-0.29070646,0.11743548,1.1199578,-0.076104164,0.062931478,-0.35848591,-0.26978928,1.0824777,0.080029093,0.18025562,2.244545,-0.04690408,-2.7302701,-0.003701299,0.71989816,0.008410855,-0.15333131,-0.84404695,0.040364683,-1.4458129,0.27202326,-1.0011719,0.46528223,0.20818549,-0.85525984,0.039299935,0.2379538,0.64505827,-0.28205734,-0.52623159,-2.5967948,0.39267796,-0.39765683,-0.10389513,0.050812192,0.32779717,0.53517359,0.12304835,0.00455299,0.53126216,-1.5297617,-0.84457088,0.44620213,0.24620548,-0.43175381,-0.041417912,0.039432064,0.46177709,-0.068619557,0.50280738,0.52300787,0.60843211,-1.0944965,-0.33023435,0.38981447,-0.028630439,0.24302435,-0.092610739,-0.235194,-1.1869469,-0.49477035,0.096751951,-0.04642266,0.45182171,1.0776722,0.40777692,-0.40041777,0.16542387,-0.35567307,0.51250452,0.53364468,-0.61710119,0.052121624,1.2689791,0.1581412,0.30390552,-0.92758662,-0.095839739,-2.0739503,0.888291,-1.38477,-0.22082379,-0.089204542,-0.94073647,-0.24654543,0.067486331,0.21178144,0.56850499,0.47449696,0.48478007,-1.7175064,0.97308373,0.042056322,1.1262883,0.075531043,-1.05404,-0.031212382,-0.91316861,0.58243912,0.1880435,-0.88706076,0.295847,-1.8103522,-1.7487483,-1.3825581,-0.33350417,0.47601101,1.0654112,0.20900339,-0.93123412,0.70307416,-1.2716622,-0.15512492,0.43655568,-1.1260502,-0.032615818,-0.11552888,0.31815839,0.097232983,0.48427963,-0.043179505,0.40682504,-0.009530742,0.65770727,-0.030640407,-0.15705141,-0.76737988,0.3939406,0.95926148,-0.74018192,0.66109848,0.49291623,0.49497405,-0.70625132,0.60978568,0.40895677,-0.98301136,-0.78499937,0.098748542,0.13170759,0.22915302,0.76494074,-0.33712628,-0.53646368,-0.51514351,-0.057286546,0.43042564,-0.40408984,0.011402898,-0.39540496,0.10029188,1.0887359,-1.1745483,0.2113291,0.26776648,-0.67592126,0.02204074,-0.15810211,-1.3662751,-1.9835947,-0.07791885,0.56213987,0.086866617,-0.25774541,0.70938373,0.19612437,0.52257073,0.22771297,0.0406757,-0.53414428,0.18796815,0.13315418,-0.14319919,-0.49418396,0.19893815,0.10763757,1.3979712,-1.5759944,-0.18778564,1.4345907,1.6445386,0.48904967,-1.274605,-0.30279678,-0.47666454,-0.1493637,0.15335575,0.51272738,0.86498255,0.68102419,0.2218508,0.2495959,0.29826158,1.2703207,0.64688748,1.472531,-0.84383893,0.30324835,0.43478245,0.088675827,-0.41296437,-0.13545497,-1.2289554,0.25675857,-0.012290735,-0.38813332,-0.37341464,0.58690047,0.22376692,-0.76389533,0.49603021,-0.21381094,0.32170343,-0.17025939,0.74031425,0.83176351,0.29660046,0.013094353,0.59446335,1.9206697,-0.24726196,-0.99438661,0.22917713,-0.64403379,0.25695381,0.49398577,-0.79660857,-0.45237035,0.40198165,0.41534701,-0.73232555,-1.1320761,0.5819844,-0.59913927,-0.051949911,-1.7434857,0.23573679,-0.10734141,-0.68273425,-0.46194822,0.98963857,0.45441407,-1.7689366,-1.1966542,-0.37615758,-0.021236677,0.37777841,-0.091675691,0.045851246,0.39521083,0.17048758,-0.13560691,0.17030407,0.24235924,0.30398864,0.11825974,-0.34643483,0.096117541,-1.4355026,-0.10009521,0.69483018,0.092041768,0.12589622,0.54970115,1.1265094,-0.37641883,-0.77719015,-0.4622978,0.26583201,-1.8221767,0.29692301,0.23622404,0.41141647,-0.74798179,-1.3968482,0.23844238,-0.63664478,0.16804628,0.017397612,-0.018853154,0.50708139,0.043633312,0.2216402,0.49470943,0.021217013,-0.30256224,-0.46850505,-2.0950143,-0.75722969,-1.0061224,0.026022956,-0.87733132,0.53127456,-0.20900518,-0.31641787,-0.008931458,2
0.57013428,0.32021967,0.29861715,0.56243432,0.5459137,0.56599081,0.54473573,0.52673417,0.54244041,0.5410794,0.53411263,0.53297877,0.53497863,0.51404864,0.54437667,0.52857351,0.543226,0.55423689,0.54293215,0.52535862,0.52145219,0.5344401,0.52283859,0.52575803,0.53789473,0.52439535,0.54059374,0.53347898,0.5401454,0.52573639,0.53104568,0.52989161,0.51969278,0.51103789,0.52374744,0.50499237,0.50962055,0.52579659,0.51349938,0.50940853,-0.84046841,0.28246465,0.32463408,0.31389719,1.2234572,1.6076024,1.1972553,0.61010438,0.75295353,1.5326965,1.2923121,1.0890567,0.30272734,-0.23548038,-0.16715747,-0.23963323,0.5139699,0.29793483,0.39396963,0.2345928,-0.5003106,0.014866395,-0.48594239,0.36027187,-0.73794353,0.018215761,-0.17512886,0.68853432,0.23897304,1.5548729,-0.18683955,0.22536616,-1.0224707,-0.22090706,0.042798877,0.76394147,-0.92465311,0.46795756,0.22292295,-0.85035175,-0.13170695,-1.085045,-0.49675864,0.62808383,0.69608015,0.67305815,-0.016062185,-1.5004975,0.8241688,0.1254243,-0.9430176,0.52935582,-0.007870004,0.064967342,0.80875635,-0.024086326,0.30559573,-0.45190141,0.064206943,0.51575917,-0.64495355,-1.0297214,0.080151737,0.40412247,-0.27337205,0.16304241,-0.029979883,-0.14969197,-0.089947566,-0.34135816,0.50192165,0.81782675,-0.13376838,-0.16307774,-0.46821487,0.022550583,0.47529554,-0.90715706,0.30050567,-1.0582165,-0.37368184,-1.6818333,-0.92548525,-0.013488809,-0.47486341,0.1720283,-0.47561219,0.083522394,-0.13715714,-0.11397152,-0.8375836,-0.42092478,0.51317072,-0.92287469,-0.18377769,-0.14878574,0.13652909,0.37079635,-0.47777107,-1.4295244,0.7776292,0.4019233,0.80158365,-0.12245666,0.46567178,0.25893861,0.056925349,-0.026280403,-0.18627556,0.40235764,-0.51137352,0.057457268,0.29038733,-0.23440427,-0.75476336,-0.10358429,-0.49942183,-0.73181373,0.25162974,-0.28564611,0.14812042,-0.61663765,0.61137533,0.68970418,-0.069740325,0.086235046,-1.7627184,0.83428717,-0.062472381,-0.14267573,-0.072040334,-0.52932155,-0.081104144,-0.083413817,-0.681054,0.90880257,-0.47289503,0.11001805,0.50457245,-1.3482459,-0.17165284,0.33732423,-0.10998306,-0.530509,-0.86859465,0.55112368,0.10365215,0.31511891,0.71844316,-0.6699723,-0.32285306,0.037157878,0.013707032,0.3104606,0.097299278,0.16425978,-0.070854582,-1.1119995,-1.5319078,-0.67331547,0.19208373,0.5759716,0.28516987,-0.42888588,-0.33876175,0.18487883,1.1653084,-0.23524073,0.033707153,-0.41611356,-0.21234623,1.109781,0.1102087,0.2181994,1.5991539,-0.068161629,-2.2387435,-0.11988664,0.82653415,0.046617985,-0.11070561,-0.73316354,0.097178459,-1.4652457,0.23278183,-1.2263581,0.24190648,0.044712018,-0.75556111,0.0062293,0.54231036,0.48763254,-0.23445509,-0.16843362,-2.4791725,0.21797839,-0.45577285,-0.044365551,-0.27971303,0.31248003,0.40678674,0.13097753,-0.14589685,0.563218,-1.4771791,-0.93652302,0.2254383,0.31856251,-0.42867854,0.1086195,0.15589041,0.45851317,0.038432885,0.46461156,0.35418725,0.80410433,-0.87827879,-0.32165757,0.35081935,-0.082060106,0.20853925,-0.10218735,-0.18325281,-1.0457654,-0.48028696,0.10591889,-0.43586564,0.5196228,1.3316075,0.3556132,-0.41364092,0.15112785,-0.39105374,0.55068481,0.66871297,-0.40035152,0.10766573,1.5346277,0.24688983,0.14361103,-0.86931098,-0.11016445,-1.8924112,0.8545264,-1.4216707,-0.35085243,-0.18188313,-1.1986383,-0.24880946,0.21717724,0.050978258,0.68640262,0.46731579,0.2640889,-1.6088305,0.70578289,0.012633169,1.0677135,0.055761937,-1.0483049,-0.039584104,-0.74178445,0.51951867,0.163544,-0.76914275,0.32477018,-1.6323529,-1.7282152,-1.353164,-0.31220764,0.44529626,1.0002486,0.18136637,-0.848629,0.6568253,-1.2464869,-0.32406884,0.28132641,-0.96366823,-0.055011921,0.040162846,0.53833538,0.23465258,0.4345119,0.042370301,0.40502769,0.012438344,0.40420088,-0.10114527,-0.040453151,-0.90018606,0.31972295,0.95365715,-0.55783045,0.72705269,0.48075977,0.48819599,-0.69545722,0.68230319,0.40739965,-0.99074054,-0.48491657,0.053641502,0.11053313,0.21075071,0.8287977,-0.29588473,-0.50425667,-0.49884167,0.003016926,0.65510798,-0.20450993,0.12320194,-0.26259586,0.17499101,1.28201,-1.0839154,0.11724488,0.37834337,-0.60815489,-0.03908385,0.049072355,-1.3177594,-1.7244656,-0.2837269,0.50428206,0.092531271,-0.2820684,0.7442171,0.21560089,0.47602886,0.19843347,-0.15171003,-0.40967438,0.16661564,0.16414821,-0.079427905,-0.58323234,0.1694676,0.058583215,0.99021173,-1.5505928,-0.070300527,1.3126551,1.2691523,0.346342,-1.1668208,-0.27402204,-0.37958729,-0.089948118,0.13546415,0.47019231,0.90349966,0.74581426,0.3528927,0.23776649,0.22155596,0.64926177,0.71378946,1.3601127,-0.79333788,0.23909429,0.41732156,0.18307738,-0.39375719,-0.18050204,-1.4555695,0.23722349,0.054406304,-0.32827514,-0.14308719,0.78225571,0.15563138,-0.69420236,0.17203556,-0.11236524,0.325082,-0.18182409,0.54264128,0.95278496,0.28837314,-0.020399323,0.60708231,-0.11438067,0.10467817,-0.97884846,0.27523431,-0.52314585,0.28779352,0.69495225,-0.86320144,-0.40113974,0.36901098,0.39140964,-0.59526473,-1.0833392,0.55348557,-0.60760015,0.076647967,-1.4195355,0.30908009,-0.13192253,-0.44302604,-0.49052,0.88751733,0.48155731,-1.7394693,-1.142154,-0.30874729,0.034822024,0.25796461,0.049318429,0.037500892,0.51521212,0.15091535,-0.20175698,0.17793337,0.30154625,0.33345318,-0.099720575,-0.21553572,0.36519077,-1.3807659,0.012547056,0.49965355,0.067847595,0.21408913,0.56960756,1.0453073,-0.38327906,-0.71754622,-0.32239738,0.17384823,-1.7752427,0.33705887,0.18739896,0.40823501,-0.67694348,-1.298617,0.20267645,-0.64030337,0.11704638,0.074460834,-0.048733667,0.39383572,0.12192634,0.27921399,0.35059699,-0.014493838,-0.16879712,-0.37884188,-2.1349437,-0.69584394,-0.88945299,0.089646831,-0.76664847,0.2099814,-0.1023718,-0.27068377,0.083335094,2
0.56039977,0.31145954,0.27095616,0.53952539,0.52329183,0.55495846,0.53913438,0.51497495,0.52155608,0.52580202,0.52348918,0.52997118,0.53185499,0.50554717,0.55313945,0.52062625,0.53328216,0.54312938,0.52715468,0.5134142,0.50335544,0.52547145,0.50990599,0.51987267,0.52731115,0.51189625,0.53521448,0.51345551,0.52294701,0.50977862,0.51635528,0.52426714,0.51452726,0.50607961,0.51986688,0.50207585,0.50339168,0.50610077,0.49804199,0.50057995,-1.0039711,0.2361742,0.45119268,0.45457336,1.3699055,1.734919,1.3757153,0.77419674,0.90754014,1.6947104,1.4191881,1.2484168,0.29880884,-0.30067512,-0.18273328,-0.2544052,0.6487776,0.35221189,0.33301756,0.27783149,-0.80350995,0.000734396,-0.53857976,0.3503269,-0.89713585,-0.13426942,-0.090485714,0.53005016,0.35947016,1.5596172,-0.18276045,0.23436981,-1.2229381,-0.25005445,0.026685994,0.94182086,-1.2280216,0.53546238,0.21195596,-0.97319722,-0.12679736,-1.2399217,-0.59907109,0.60360384,0.9290204,0.81116259,-0.094600677,-1.6932828,0.72972733,0.10532679,-0.94404179,0.44450891,0.004270073,0.043059018,0.60718435,-0.15017708,0.55255812,-0.48581457,0.035723999,0.56337827,-0.81482822,-1.2016602,0.096805543,0.45472687,-0.32527664,0.25618196,0.13380331,-0.19407235,-0.060682096,-0.44436046,0.65740019,1.1638464,-0.24418768,-0.18116564,-0.44405943,0.31733155,0.53349018,-1.0376228,0.38484845,-1.0444964,-0.46062413,-1.9553851,-0.98845232,0.091734029,-0.40094802,0.34117648,-0.41816601,0.093345433,-0.18948004,-0.091319859,-0.70176429,-0.41351488,0.23328632,-1.1207093,0.070156917,-0.13020875,0.20490855,0.33880427,-0.58718419,-1.6247802,0.77956593,0.46472326,0.81988078,-0.13099974,0.65109074,0.33566576,0.10689491,-0.17214228,-0.28894448,0.3899461,-0.52145743,-0.26813757,0.34515035,-0.1683853,-0.90030766,-0.17171164,-0.54932773,-0.78167641,0.33991513,-0.23784718,-0.032310251,-0.78134596,0.76893735,0.66779476,0.0715345,-0.087525368,-1.8904655,0.75619447,-0.14932719,-0.13268371,-0.056947216,-0.54831356,0.041340441,-0.038152285,-0.64262384,1.0977422,-0.65660369,0.12532245,0.60101557,-1.5737761,-0.23451269,0.47018018,0.12690336,-0.60079998,-0.84941059,0.68604589,0.23766097,0.29846689,1.0367144,-0.64840645,-0.31835899,0.057924036,-0.072159007,0.30830103,0.30981487,0.13687335,-0.17394772,-1.2477287,-1.6230197,-0.84235644,0.24406506,0.65252501,0.38278824,-0.44781917,-0.37960833,0.23679671,1.6462407,-0.098168433,0.089433774,-0.36319172,-0.2041961,1.2689705,0.12221492,0.24900585,1.6937459,-0.17450392,-2.6655195,-0.1395119,0.79561234,-0.040231854,-0.08230152,-0.70886463,0.13042241,-1.6147854,0.13756284,-1.3621943,0.24566942,0.20168789,-0.81340325,0.015513462,0.31490448,0.50725752,-0.2837908,0.003745392,-2.6886621,0.23984759,-0.61605233,-0.085519373,-0.1733263,0.16135593,0.39222074,0.12871785,-0.27238664,0.54613328,-1.7241254,-0.99883914,-0.26909244,0.39948046,-0.49801773,0.24117507,0.25413746,0.56736898,0.097285591,0.58109945,0.41953593,0.87604761,-0.98493469,-0.39631641,0.64497125,-0.1843892,0.36342806,-0.024585387,-0.16813621,-1.1481888,-0.49250871,0.10463084,-0.44706154,0.48914525,1.3595557,0.44488952,-0.49225554,0.25500435,-0.47320911,0.67589486,0.69990158,-0.42953259,0.12511584,1.8182456,0.21018043,0.17899036,-0.96423185,-0.11374711,-2.0477448,1.0007983,-1.3676121,-0.34476745,-0.2479547,-1.4009515,-0.14758056,0.28318265,0.30401322,0.61215752,0.5154745,0.43883944,-1.9258039,0.9262929,0.062724277,1.1598879,0.12328358,-1.0128912,-0.14464378,-0.8988893,0.53495467,0.27620324,-1.0207691,0.29526639,-1.8568304,-1.759353,-1.5037675,-0.39913779,0.59356225,0.7653572,0.19101433,-0.78950191,0.65743476,-1.5543867,-0.20268589,0.35086975,-1.072126,0.01447607,0.00410826,0.44581217,0.13123485,0.63881022,0.12654859,0.45821214,0.020822605,0.43563992,-0.009438179,-0.050512489,-0.82288426,0.36042291,1.1872741,-0.43054089,0.66597116,0.4596239,0.69708902,-0.71136469,0.64003992,0.47113448,-1.0400772,-0.52832204,0.095715038,0.093977466,0.35763761,0.82160288,-0.34523848,-0.54811835,-0.55438888,-0.019333169,0.62354362,-0.24360432,0.24174492,-0.20383495,0.16697237,1.4340864,-1.207514,0.169551,0.26844454,-0.79501426,0.061949812,-0.25244933,-1.4197134,-1.9726635,-0.38910478,0.55761373,0.12619212,-0.26604694,0.72436994,0.3352713,0.4363161,0.20493455,-0.27075589,-0.32569256,0.21926896,0.055929985,-0.069717236,-0.48175949,0.17705789,0.15236285,1.3746549,-1.7911401,-0.090093076,1.684291,1.9098181,0.36836937,-1.1551914,-0.18925914,-0.30457166,-0.03996709,-0.001792157,0.47982764,0.9327811,0.90850878,0.72706842,0.15160947,0.19101958,0.72763836,0.88896424,1.2739959,-0.74230111,0.43885627,0.58177584,0.27457067,-0.47109133,-0.22962056,-1.6633568,0.27555364,-0.000669155,-0.4126575,-0.18444777,0.41013876,0.19836453,-0.83992052,0.18370381,-0.25225249,0.25965604,-0.1073864,0.71483362,1.1654429,0.28392026,0.006624102,0.66128802,-0.030900791,0.04153689,-1.2200445,0.3274681,-0.74017137,0.20832515,0.74153006,-0.98614895,-0.39733416,0.38068527,0.43522841,-0.61656809,-1.2927541,0.57990205,-0.7238518,0.12290418,-1.4693316,0.44021082,-0.1639487,-0.67551184,-0.53464723,1.0761206,0.66981936,-1.8513331,-1.3649732,-0.29052487,-0.022145338,0.22890061,0.070656851,0.050520662,0.52728623,0.20614539,-0.24574834,0.34588605,0.41450372,0.51445568,-0.017433852,-0.093182445,0.18317342,-1.583849,-0.007054612,0.48739693,-0.002872257,0.2348074,0.75212067,1.1155462,-0.39358842,-0.8464179,-0.35461703,-0.043126285,-2.007659,0.34378356,0.59680021,0.38953653,-0.76434255,-1.3200611,0.17101558,-0.66807127,0.22156431,0.16469069,-0.066063046,0.4947353,0.14820334,0.28329664,0.66277933,0.037621059,-0.063403212,-0.42150247,-2.4190841,-0.76893896,-0.84814656,-0.004363475,-0.80916542,0.23618953,-0.1821734,-0.30012009,0.074187994,2
0.6217258,0.3751865,0.35983616,0.59515572,0.57018578,0.60085344,0.59869957,0.5745694,0.58186591,0.58107519,0.58152473,0.58072066,0.57954639,0.56453693,0.58288026,0.57262337,0.59354508,0.5914638,0.58754575,0.57833552,0.56844795,0.58410597,0.57931799,0.57598996,0.58415699,0.56538498,0.57588673,0.5733481,0.58487689,0.57038838,0.56823206,0.57377309,0.56418091,0.55595386,0.56865013,0.552472,0.55925184,0.56983972,0.55890095,0.54903322,-0.75252742,0.35055995,0.60774606,0.57180309,1.509279,1.7256627,1.5263709,0.91979301,1.0668122,1.8466506,1.5754594,1.3984035,0.2870529,-0.18345179,0.22203082,-0.23924577,0.51891452,0.32281515,0.42576751,0.24214657,-0.63370794,0.050967984,-0.16416147,0.28360733,-0.69408697,0.080966458,-0.10091432,0.77863157,0.5003314,1.4675156,-0.16101824,0.32266223,-1.0855398,-0.22528595,0.019564573,0.6889379,-0.83608681,0.44286156,0.4570336,-0.8961333,0.045819163,-0.64289176,-0.54744864,0.65375698,0.73258376,0.89653867,0.26448616,-1.5945312,0.93666136,0.34034404,-0.90371722,0.84934545,0.15846176,-0.093365543,0.68409324,-0.18414515,0.41028443,-1.09097,-0.013854742,0.49388301,-0.79215926,-1.1041574,0.11898424,0.67203522,-0.4163312,0.38749158,0.12035005,0.016541928,0.015140951,-0.40736657,0.33955896,1.1536036,-0.25124601,-0.88229752,-0.56024426,0.37489188,0.71279716,-1.2647345,0.5443238,-0.87177348,-0.35678482,-1.7776062,-1.7198703,0.02635283,-0.1827613,0.053789452,-0.52017498,0.30151075,-0.21439947,-0.65624571,-0.90396649,-0.34679914,0.30145359,-1.2471749,-0.49258667,-0.51792365,0.080739327,0.41608962,-0.59589899,-1.6909457,0.83071923,0.49498117,1.030036,-0.23899829,0.52463192,0.37922177,0.13864373,-0.17467788,-0.29571059,0.33145988,-0.40936318,-0.38743511,0.25689134,-0.79424357,-0.62946045,-0.066444203,-0.84027803,-1.3462522,0.42395008,-0.94692016,-0.042422056,-0.423666,0.68675554,0.73339492,-0.576316,0.12366011,-2.097106,0.77026373,-0.22531414,-0.16708851,-0.085837588,-0.58030158,-0.13430002,-0.31211519,-0.44357872,1.2136697,-0.69652808,0.1637685,0.50241488,-2.5615478,-0.26737267,0.59578091,0.083427936,-0.90760708,-1.3902528,0.33640236,0.59087926,0.47685397,0.91093493,-0.66002601,-0.22799736,0.10196507,0.14602241,-0.070493221,0.51775581,0.081181437,0.005955346,-1.3971033,-1.6152506,-0.85158288,0.25135782,0.18881121,0.28351948,-0.58416092,-0.32437247,0.25700724,1.4439929,-0.27685583,0.10539769,-0.84973562,-0.39058831,1.1738482,0.096460342,0.28337914,2.407002,-0.076385245,-2.7498541,0.18193382,1.3721278,0.055388898,-0.02673886,-1.2611234,0.20056112,-2.108608,0.39157951,-1.2426382,0.71471143,-0.2772454,-0.76930839,-0.07754451,0.33640864,0.87269878,-0.27860278,-0.22802,-3.3128726,0.40234491,-0.50276417,0.62712044,-0.32275671,0.45411909,0.65171409,0.12861882,-0.15167606,0.6497277,-2.0731435,-1.0041246,-0.20491382,0.28978193,-0.49520361,-0.17147927,0.43147206,0.51857328,-0.031688187,0.45544204,0.18753807,0.66545033,-1.3807361,-0.34760281,0.42743436,-0.03881067,0.35597,-0.22635792,0.68786681,-1.0122416,-0.47721896,0.1707668,-0.25818774,0.5556314,1.271418,0.45290247,-0.48298728,0.14134796,-0.451581,0.60719949,0.85423982,-0.50916696,0.14058211,1.5049522,0.17047828,0.11152197,-1.3551483,-0.18431248,-2.1135221,1.0591727,-1.9376549,-0.5814079,-0.28947702,-1.4570842,-0.45183665,0.27142304,0.18879855,0.72285432,0.43619844,0.64491725,-1.9203299,1.2028737,-0.045450527,1.3120613,0.088371135,-0.84305274,-0.056765676,-0.94885194,0.80220163,0.28332895,-0.91358507,0.43592489,-2.6184626,-2.2941065,-1.8647312,-0.34483716,0.88009208,1.1533666,0.23879735,-1.4924929,0.67256546,-1.6259384,-0.16343413,0.53716242,-0.98231781,-0.079312772,0.02431017,0.66031253,-0.29094246,0.46395022,0.028035313,0.81200486,0.077107847,0.79614043,-0.011597667,-0.23227984,-0.96587908,0.34412819,0.83835649,-0.80895156,0.85378742,0.55744857,0.42449805,-0.69242811,0.85794717,0.3090868,-1.7538106,-0.56026512,0.10357086,0.31284001,0.17910092,0.81910062,-0.18993628,-0.77285868,-0.45903647,-0.011721235,0.53985602,-0.30351985,0.38111508,-0.38677865,0.20470354,1.3496568,-1.6106448,0.21873771,0.31498688,-0.98149645,-0.011184955,-0.23350409,-2.0305502,-2.2408414,0.098530889,0.58398688,0.075462103,-0.19985957,0.87333393,0.22838341,0.69628227,0.216819,-0.13942119,-0.93741655,0.20277956,0.076316588,-0.028673172,-0.64020681,0.23450494,0.12603769,1.3752561,-1.8443384,-0.032679621,1.634845,1.8075758,0.39571536,-1.2405977,-0.067758083,-0.94155526,0.002896845,0.20352651,0.77004468,0.83825082,0.70790827,0.38064224,0.41043842,0.299366,0.81150931,0.67125767,1.5650899,-1.0021857,0.074653983,0.44967943,-0.54802787,-0.48562437,-0.042096175,-1.212191,0.28002867,0.053057656,-0.45122731,-0.10683154,0.78031063,0.091528058,-0.67696059,0.44869468,-0.17036629,0.47305924,-0.76963472,0.75896943,0.99644858,0.2688669,-0.008386033,0.67379516,-0.16534391,-0.50438547,-0.92628843,0.3733193,-0.47259134,0.36218578,0.74840176,-0.84382135,-0.84631252,0.40468457,0.30314752,-1.2685149,-1.7191103,0.70223248,-0.56877339,-0.12362613,-1.6878285,0.38974306,-0.22470239,-0.77924824,-0.55306458,1.1211774,0.54769623,-2.1882319,-1.7645206,-0.11304881,0.079236962,0.32158363,0.14053386,0.029863033,0.41858834,0.17304623,-0.11393943,0.17193505,0.18230595,0.40717846,-0.12888762,-0.037723333,0.2080639,-1.5199368,-0.028000286,0.74743909,0.066050448,0.23209624,0.75922322,1.5517337,-0.55361223,-0.84366798,-0.058980465,-0.21151511,-1.5324101,0.080067605,-0.14414304,0.41354954,-1.0187821,-2.0352807,0.30904749,-0.71176118,0.67109102,0.12886614,-0.075373255,1.0560458,0.14830181,0.24496131,0.81703818,-0.060042933,-0.34731758,-0.73695076,-2.4073751,-0.92278481,-1.4840684,-0.096608214,-1.2455236,0.49892235,-0.16056621,-0.41438857,-0.016930785,2
0.74353606,0.50077486,0.46030527,0.69456053,0.68004155,0.70672441,0.70423102,0.68983293,0.69435143,0.68440729,0.68687558,0.67729652,0.69346356,0.66545844,0.68794692,0.68468392,0.69832301,0.71317822,0.68838894,0.70896912,0.67327338,0.69068813,0.67953712,0.6771071,0.67492425,0.67001635,0.67704761,0.67511785,0.68352044,0.66994882,0.67670608,0.68598926,0.66688502,0.6751163,0.67965555,0.66861057,0.66822636,0.67845607,0.65496534,0.65792727,-1.2838418,0.43952093,0.6732012,0.52609861,1.4431105,1.8727005,1.5581568,0.91688991,1.1020384,1.8487029,1.5606942,1.397675,0.44495904,-0.24658868,-0.48043123,-0.38963929,0.57287598,0.36636764,0.54742944,0.38081568,-0.62442017,0.19063279,-0.69766569,1.0519006,-1.1222093,0.098008707,-0.0270105,0.78757471,0.34477445,1.4473712,-0.19933055,0.31780514,-1.2964952,-0.2086169,0.28221354,0.51616234,-1.3710355,0.54883844,0.19774112,-0.90044349,-0.14184764,-1.2144902,-0.63646775,0.36161625,0.60866886,1.1581013,-0.054207608,-1.861284,0.34134811,0.30035713,-1.1617932,0.59208518,-0.030808724,0.49059859,0.68591797,0.086811081,0.74470353,-0.63374108,-0.011602022,0.47048289,-1.0427154,-1.5950329,0.28927976,0.50818306,-0.286158,0.26966342,0.1932103,-0.084388152,0.018835187,-0.45961612,1.0767102,0.87535846,-0.095130093,0.014881641,-0.81150901,-0.033436641,0.26249158,-1.0107865,0.44535834,-1.4744788,-0.4235898,-1.7940162,-1.1648086,-0.022214547,-0.53573608,-0.33245793,-0.50965023,0.4451192,-0.17216069,0.64468092,-0.96024853,-0.71737647,-0.42837819,-1.0845113,-0.46363488,-0.17824039,0.035746835,0.52308816,-0.66932291,-1.5749974,0.028986812,0.64792943,0.80437428,-0.16252014,0.86499941,0.54755783,0.17195824,-0.83151662,-0.35096571,0.0700479,-0.84549069,-0.50483501,0.34163913,-0.22633721,-1.0820959,-0.083482355,-0.46185365,-1.3843873,0.46348947,-0.4862892,0.06531933,-1.0069339,0.97629672,1.4009743,-0.88629395,0.03100645,-2.119493,0.34232298,0.16609487,-0.10296212,0.0608542,-0.6230433,-0.17006171,0.011111692,-0.88938522,0.7076202,-0.068795204,0.21024907,0.34796724,-2.6992402,-0.17358468,0.84658754,-0.16942099,-0.62287027,-1.1455455,0.75065756,0.40917856,0.45698419,0.7953921,-1.15765,-0.11029617,0.21290435,0.31006181,-0.2090978,0.67758203,0.3495293,-0.48572904,-1.1936815,-1.7242036,-0.78341424,0.32644933,0.3865425,0.60033756,-0.46184424,-0.24615933,0.43739253,1.3861833,-0.37407359,-0.087406456,-0.77808124,0.009873509,0.7570321,0.021008238,0.3638674,0.92797458,0.21173859,-2.8485043,-0.19157776,0.79887652,-0.030895274,0.058122955,-0.74634832,0.12498479,-1.3800632,0.13267547,-1.4795817,0.44036248,-0.45471311,-0.89116645,0.015399016,0.1205775,0.54374671,-0.1513336,-0.67155582,-2.284023,0.19188663,-1.051286,0.19730064,0.17463775,-0.068577155,0.56094396,0.22493154,-0.42032322,0.44691798,-1.0819393,-1.2918475,-0.47442669,0.83439708,-0.58580357,-0.04491429,0.090442963,0.93559366,0.2468973,0.66103709,0.032395214,0.88950872,-1.1964782,-0.43899477,0.3882826,0.41082788,0.12938143,0.11851162,-0.2690466,-1.2319753,-0.57013845,0.19727044,-0.40837499,0.73705608,1.0678202,0.63699245,-0.60667276,0.13526466,-0.57180107,0.81213742,0.55435538,-0.51697421,0.30144534,1.4413915,0.16587523,0.19601724,-1.562371,-0.222855,-2.3792477,1.0121411,-1.4570279,-0.27344945,-0.24332371,-2.2515109,-0.22758836,0.56362832,-0.14557566,1.1027876,0.57387024,-0.13364491,-1.7912363,0.9435159,-0.023567285,1.8272707,0.088520035,-1.4104329,-0.12439948,-0.76658404,0.552194,0.49171603,-1.0926658,0.16875292,-1.9486275,-2.2750368,-1.6128464,-0.40955636,0.81118155,0.28839666,0.32621178,-0.91474438,0.69027025,-1.3970838,-0.26034489,0.63989043,-1.3028419,0.033626504,0.11459567,0.41585809,-0.16820018,1.1725295,0.22346348,0.41637006,0.1182806,0.46550205,0.040375493,-0.026202939,-0.94701803,0.41191739,1.5777075,-1.2448726,0.87333351,0.59410632,1.034734,-0.65679997,0.37945405,-0.094095975,-2.4460127,-0.50689077,0.074277692,-0.063206077,0.04310976,0.62367374,-0.49750209,-0.80802387,-0.67575932,0.079681247,0.58485252,-0.062706441,0.24894744,-0.096004725,0.23084603,1.1337823,-1.9175156,0.20594826,0.31576568,-0.7291503,0.070365272,-0.16984518,-1.3117055,-1.8349863,-0.27790549,0.72411698,0.29049575,-0.25090337,0.879053,0.5508182,0.49369863,0.30804849,-0.47420529,-0.69921988,0.23348208,0.1702109,-0.13501737,-0.64299601,0.30655187,0.15270111,1.0143003,-2.2019916,0.016277248,1.414675,1.5501893,0.27537519,-1.6208463,-0.04389593,-0.88107669,0.017365254,0.10883824,0.45253471,0.94675177,0.46669015,0.27602422,0.34713411,0.18685856,1.0186592,0.88644278,0.89753479,-0.80811882,0.42074358,0.083129302,-0.077641755,-0.40755874,-0.20681708,-1.805426,0.38825864,0.21484761,-0.38071582,-0.21371096,0.63144886,0.13003151,-0.95457435,0.19365586,-0.10858853,-0.31472254,-0.06040787,0.27583572,0.8647567,0.32621849,-0.19262965,0.91886491,-0.3572638,0.58455265,-1.1290455,0.15992656,-0.81469655,-0.10078934,0.39029974,-1.2155273,-0.32071367,1.0119066,0.69392157,-0.46089047,-1.1482352,0.53488332,-0.66870528,0.057725176,-1.4318793,0.45297229,-0.23585856,-0.62750256,-0.30378681,0.68747252,0.90376604,-2.6793964,-0.7527796,-0.18610202,0.10823711,0.22625485,0.024749005,0.82349801,1.1578598,0.20981374,-0.20607284,0.23716642,0.40745372,0.42697558,-0.12394027,0.044629566,0.33805257,-1.6611453,0.053784311,0.3136189,-0.098822832,0.43785197,0.77545643,0.86814153,-0.35927692,-1.047547,-0.19678971,-0.11909258,-1.7949231,0.26757094,-0.16365933,0.5788241,-0.63955373,-1.7127453,0.15729631,-1.0986872,0.28375924,0.21703327,-0.11417803,0.49810073,0.24317285,0.3827332,0.35660246,0.046670213,-0.32628065,-0.61618292,-2.0525136,-0.70388341,-1.3149458,-0.026717043,-1.6024246,0.76609206,-0.12729049,-0.41073006,-0.007044409,2
0.58590257,0.33431917,0.30623809,0.55459309,0.55297548,0.57652569,0.54220951,0.52431154,0.53905118,0.5515914,0.53390187,0.53333431,0.52840024,0.51779461,0.55148828,0.52586114,0.53100908,0.56365168,0.54904842,0.51921833,0.52760386,0.54379255,0.53030014,0.52293098,0.54318029,0.54332286,0.55782247,0.5477466,0.53705227,0.53552431,0.53568125,0.53131294,0.51238751,0.52116621,0.53726923,0.50978291,0.50777155,0.53604835,0.5192163,0.51785433,-0.9112013,0.28938925,0.54172564,0.50809997,1.416909,1.7476169,1.461558,0.85317171,0.98973799,1.7742022,1.5125828,1.3378911,0.4051168,-0.26451543,-0.18034375,-0.32640994,0.69886196,0.37668818,0.39864597,0.34307951,-0.76935571,-0.058068309,-0.51588643,0.47562754,-0.80289793,-0.020815007,-0.17987803,0.69901431,0.35406905,1.5479907,-0.24308082,0.32409334,-1.1714519,-0.15838429,-0.025105104,0.94393879,-1.0806977,0.64125144,0.2603161,-0.90937513,-0.078212731,-1.0800731,-0.55916363,0.69906509,0.93693095,0.82292187,-0.038654666,-1.6554252,0.80653441,0.15514947,-1.0410173,0.56067646,0.047983654,0.00814328,0.63358957,-0.062876597,0.47671092,-0.63793087,0.090849549,0.57238597,-0.67619163,-1.1567277,0.083412431,0.50647753,-0.45206833,0.25396055,0.17681973,-0.18620209,-0.17672212,-0.3268941,0.44730663,0.98081326,-0.18025957,-0.37410295,-0.50599259,0.26051158,0.49261242,-1.0867426,0.41849613,-1.0353316,-0.45451599,-1.8611914,-1.1023787,-0.064883918,-0.42852023,0.27219716,-0.43160433,0.11825026,-0.16068245,-0.23522201,-0.89852178,-0.46358848,0.19747271,-1.1069582,-0.28028405,-0.16906616,0.10742566,0.39279413,-0.55027014,-1.8718426,0.56354177,0.49217287,0.91060865,-0.14584912,0.55602026,0.38162076,0.031651054,-0.27268347,-0.20910828,0.39336073,-0.66445976,-0.19979119,0.45103645,-0.28666064,-0.83929193,-0.089560322,-0.65784311,-0.71961331,0.32063073,-0.46787715,0.045697313,-0.65380514,0.6843639,0.72259849,0.041526102,0.07890524,-1.9196935,0.78114426,-0.036494941,-0.20373233,-0.084635884,-0.60501307,-0.066249579,-0.15036726,-0.74646902,1.1361068,-0.69265139,0.18554798,0.61422706,-1.9170961,-0.29251969,0.31903642,-0.077898905,-0.51735711,-1.109355,0.47765848,0.1625044,0.29762974,1.0482581,-0.71448439,-0.3404671,0.069994584,-0.026732553,0.15637708,0.10618481,0.090894125,-0.1412558,-1.2576567,-1.6679385,-0.81888568,0.30394316,0.78313816,0.30139422,-0.48902476,-0.32355332,0.15684757,1.3621038,-0.14197457,0.092555463,-0.4099136,-0.33590582,1.2312894,0.1786291,0.27187416,1.4727015,-0.085587196,-2.3919485,-0.062158305,0.69575274,-0.014512966,-0.082392178,-1.014429,0.14310601,-1.6992106,0.24450392,-1.3984414,0.26309976,0.020832032,-0.81037569,0.0796417,0.39938721,0.56958812,-0.26135904,-0.14405529,-2.9065142,0.39929807,-0.63499314,-0.079829693,-0.000966802,0.34133282,0.44149882,0.18822218,-0.16954426,0.81500381,-1.8442322,-0.92159247,-0.18552157,0.43502736,-0.49168521,0.094499744,0.20341349,0.51360697,-0.037586551,0.50396109,0.42744568,0.93449926,-0.97925186,-0.38349596,0.6431455,-0.041947387,0.2905013,-0.17673142,-0.19940579,-1.1701273,-0.51970303,0.1064847,-0.29866689,0.55201346,1.2342193,0.3910259,-0.40120244,0.16543953,-0.37871128,0.72950268,0.71296394,-0.36896831,0.08175391,1.8589089,0.16896632,0.15467083,-1.0749179,-0.13645877,-2.1455641,1.1038055,-1.5238805,-0.52541935,-0.14458174,-1.3885024,-0.24168999,0.20668052,0.38372141,0.6618855,0.68971056,0.3777675,-1.976274,0.94977856,0.053216252,1.1657625,0.024386209,-1.0452057,-0.1419265,-0.9700287,0.68167281,0.20573628,-0.87499958,0.4867686,-2.0978763,-1.7877469,-1.4904044,-0.34421772,0.46292526,0.66703308,0.30375716,-1.0882003,0.86366314,-1.5263392,-0.29530436,0.40715355,-1.2179954,-0.073347226,-0.02722618,0.53440297,-0.10514612,0.49066654,-0.018042132,0.42843825,0.033103749,0.54219973,0.087214552,-0.090916112,-0.83126354,0.48894241,1.216125,-0.6829952,0.66985011,0.55647224,0.50021082,-0.76793683,0.73268521,0.52709156,-1.1298357,-0.55524617,0.10270933,0.12562713,0.24176005,0.94518089,-0.3506476,-0.58051741,-0.54785097,-0.031412017,0.65031302,-0.19668359,0.063079536,-0.36282718,0.22373834,1.3498141,-1.3357155,0.18524101,0.40194654,-0.69050235,-0.056909196,-0.21420565,-1.5292222,-2.0625095,-0.38669747,0.65008652,0.11034717,-0.27593273,0.71514648,0.2665897,0.541861,0.27538708,-0.1651486,-0.49583256,0.2672019,0.05242569,-0.14068392,-0.55638129,0.22201891,0.17329226,1.4438308,-1.7336985,-0.03787946,1.6444206,1.7340966,0.51819098,-1.1683074,-0.36195567,-0.50929004,-0.17721908,0.052150838,0.34034809,0.90688092,0.92823386,0.54004967,0.19583106,0.25326324,0.89959031,0.72753555,1.2777334,-0.90089351,0.31217587,0.36291683,0.06995023,-0.39256614,-0.18214707,-1.5143481,0.358711,-0.008205786,-0.46487474,-0.17057988,0.5336954,0.14812835,-0.75064099,0.25243607,-0.18278384,0.18979751,-0.30803809,0.62378478,1.3275752,0.36218917,-0.028582772,0.63327032,-0.045875266,-0.15226761,-1.1391424,0.35253724,-0.65291357,0.24166113,0.859649,-0.95453715,-0.5310021,0.40265396,0.46854991,-0.60699081,-1.2578706,0.61767745,-0.62031424,-0.08124049,-1.5988677,0.23429544,-0.20880112,-0.59515899,-0.55346847,1.1006013,0.59197021,-1.9580525,-1.3833022,-0.39334577,0.032096989,0.29000008,0.018489603,0.022966707,0.52813327,0.27145085,-0.21742779,0.26987213,0.35889828,0.45810539,-0.11761188,-0.27708468,0.16326021,-1.5350562,0.012195523,0.47285464,0.10277942,0.25209638,0.63482547,1.1639812,-0.35867321,-0.9977386,-0.4146806,0.056759473,-2.041944,0.42197892,0.29250991,0.41346464,-0.79204226,-1.4823465,0.34780246,-0.54697835,0.1288612,0.064160772,-0.08124195,0.37349641,0.19080849,0.36785239,0.47506791,-0.02202912,-0.2268714,-0.47195554,-2.300606,-0.78852844,-1.0726135,0.098799869,-1.030913,0.19743724,-0.17211387,-0.32396474,0.051813841,2
0.62562257,0.38001657,0.35419211,0.58867311,0.56816638,0.60503936,0.58128172,0.5629825,0.5736267,0.57937026,0.57326424,0.5696125,0.5697881,0.55699456,0.58838648,0.56690061,0.57941604,0.59595054,0.57963884,0.57054162,0.56566721,0.56825966,0.56721318,0.56702268,0.58246595,0.55670846,0.57246256,0.56311131,0.58715189,0.56205267,0.55855864,0.57701945,0.57283151,0.55440056,0.56128639,0.54875767,0.54794765,0.56861925,0.54326522,0.54834211,-1.0639102,0.33946055,0.70164835,0.63872528,1.5876226,1.8101821,1.6414578,1.0152302,1.1857511,1.9402838,1.6677914,1.4990574,0.41298398,-0.19192113,-0.35902011,-0.3854031,0.71169811,0.38613856,0.42259455,0.33943704,-0.71539462,0.0174389,-0.60242921,0.40272021,-0.72930288,-0.096452266,-0.19705927,0.72285593,0.338231,1.6558273,-0.22988364,0.22799245,-1.2856926,-0.28151545,-0.12444457,0.99322855,-1.0248951,0.63194364,0.37668818,-0.9564746,-0.13164641,-1.2242678,-0.47607476,0.36059549,0.9675228,0.84369826,0.021575063,-1.8702896,0.81096083,0.19172889,-1.1792771,0.86793905,0.088429704,0.12190546,0.83267903,-0.21492691,0.39020398,-0.67191911,-0.013949923,0.64427698,-0.59336174,-1.2647649,0.1019472,0.59203339,-0.36942717,0.27712718,0.009224565,-0.21689884,-0.10704093,-0.37551892,0.44038519,0.71329337,-0.21866395,-0.51498586,-0.60720158,0.20746082,0.79776394,-1.3176073,0.49348623,-1.5061256,-0.42813545,-1.8985504,-1.1670887,-0.009335699,-0.51055801,0.38084856,-0.52305812,0.14948958,-0.1061332,-0.37663049,-0.80836916,-0.34340659,0.33017498,-1.2631398,-0.38019824,-0.18873462,0.23546869,0.37601358,-0.59885716,-1.9252006,0.53660548,0.54221112,0.92110616,-0.19303836,0.53573,0.34742382,0.092519619,-0.362398,-0.18002623,0.54820198,-0.29504153,-0.015091307,0.40255567,-0.42748117,-0.90681398,-0.061951414,-0.6513508,-0.74682248,0.3300941,-0.46197385,0.014038004,-0.7043528,0.88105619,0.76248121,0.15740256,0.17066705,-2.0072913,0.69315499,0.011762638,-0.21023822,-0.14846355,-0.61437476,0.02188861,-0.2576046,-0.64360994,1.1806695,-0.86336696,0.15345356,0.52536756,-2.240756,-0.20187581,0.39149392,-0.2614066,-0.75537038,-1.2374859,0.52157372,0.23969263,0.62555683,0.74257892,-0.84431201,-0.31421784,0.11683509,0.18251927,0.060616538,0.3669385,0.13901103,0.04541707,-1.41798,-1.7725859,-0.78935605,0.27076769,0.59062183,0.2922819,-0.47318861,-0.30975226,0.16878855,1.4483161,0.61273485,0.085814983,-0.46052948,-0.35911962,1.2144527,0.13416797,0.30397171,1.0684335,-0.092192769,-2.6581509,0.10560142,0.6121338,-0.022672486,-0.041040033,-1.1539974,0.085823819,-1.7629735,0.34030908,-1.4517993,0.57362694,-0.15861486,-0.91932064,-0.057045989,0.21860689,0.62214524,-0.27000162,-0.1618703,-3.1493883,0.3773585,-0.42989156,-0.015196767,-0.003336802,0.24543869,0.67871082,0.047087222,-0.25630382,0.56972635,-1.9372053,-0.9499324,-0.42475638,0.58654153,-0.47693118,-0.039222449,0.31563413,0.49670094,0.03330699,0.54062033,0.58559966,0.81468534,-0.96131933,-0.39610583,0.74716574,-0.007554151,0.17460859,-0.022901885,-0.33167881,-1.3094133,-0.54497987,0.18125892,-0.41510382,0.52325422,1.2514584,0.46940714,-0.63703805,0.24145907,-0.50420088,0.73047161,0.7026214,-0.41927376,0.13029917,1.6488179,0.32571864,0.23087987,-1.2172472,-0.32444072,-2.2751596,1.2560431,-1.7521007,-0.37213075,-0.17632619,-1.6198326,-0.25292939,0.15889072,0.21514958,0.82211602,0.44627312,0.28750461,-2.1733391,1.0449665,0.014655357,1.416329,-0.004992724,-1.2163703,-0.13425784,-1.0523341,0.7132659,0.17801046,-0.89869756,0.71118879,-2.2826447,-2.1750584,-1.6977592,-0.32043362,0.53603566,0.74811429,0.26271909,-1.2779801,0.9230758,-1.5073438,-0.17004046,0.42782074,-1.3330367,0.033621717,0.054865319,0.57600725,-0.16039209,0.45372477,-0.079512239,0.52259398,0.040249541,0.88074762,0.00617687,-0.13895512,-0.97696328,0.4320111,1.1535547,-0.9221549,0.84898221,0.57741433,0.63996303,-0.74818653,0.97192049,0.24955086,-1.3720882,-0.68680453,0.082514875,0.20894665,0.13678131,1.0022577,-0.36913866,-0.60471439,-0.66596234,0.002055604,0.59234482,-0.23634034,0.092766754,-0.46596003,0.21193995,1.3377459,-1.2931315,0.12840024,0.31569272,-0.68182862,-0.088267595,0.093261689,-1.6894734,-2.2472467,-0.10726321,0.66087788,0.14701761,-0.354287,1.0840657,0.27845886,0.54106998,0.29256061,-0.16933542,-0.7197578,0.22238725,0.13122405,-0.072740287,-0.49996766,0.27008691,0.11342517,1.4709799,-1.7198094,-0.1391027,1.6536922,1.7585607,0.37800658,-1.4126995,-0.34168369,-0.57867688,-0.1490266,0.1727882,0.4375349,0.9840073,0.85342222,0.36362168,0.25551429,0.25697052,0.83001983,0.73588395,1.1637479,-1.144056,0.34571809,0.35443184,0.11726843,-0.44130296,-0.14182717,-1.9299691,0.36302549,0.096934795,-0.48482317,-0.21408348,0.65968323,0.27772418,-0.82321376,0.43628955,-0.26401511,0.38766903,-0.43453556,0.83143139,1.4131877,0.30370808,0.002331395,0.67958158,-0.074841432,-0.022262421,-1.1511952,0.28915763,-0.67247409,0.10694886,0.68307066,-1.0371904,-0.61072254,0.50947887,0.56052095,-0.73007947,-1.466669,0.72457939,-0.52001035,-0.13009243,-1.8329093,0.28052148,-0.23939165,-0.64136136,-0.52227235,1.140226,0.58877718,-2.2407727,-1.3237245,-0.42724308,-0.004386471,0.34760523,-0.035475947,0.063161388,0.56184673,0.25447029,-0.19692263,0.26343876,0.30370617,0.55030894,-0.07817129,-0.2396377,0.30019811,-1.6973555,0.21179967,0.60384846,0.012831515,0.18076342,0.70684141,1.3863672,-0.44492692,-0.99172449,-0.36921242,-0.19568703,-2.1304631,0.33921856,0.32314247,0.50357485,-0.89015365,-1.6197944,0.29976794,-0.64877534,0.35797316,0.010771476,-0.11422272,0.7193948,0.16480367,0.3792271,0.36792347,-0.010292035,-0.23147495,-0.52483785,-2.5860913,-0.87698072,-1.2445712,-0.023741331,-1.2033635,0.41103572,-0.19810165,-0.34531236,0.051875629,2
0.53329378,0.28401765,0.2541438,0.52177107,0.51319391,0.52355427,0.51343322,0.49099183,0.48709625,0.51191139,0.48914385,0.50384414,0.50067014,0.48512286,0.51370108,0.50938457,0.49713722,0.53050792,0.50400668,0.47563702,0.49051762,0.50502908,0.49065024,0.49808794,0.50207442,0.49261385,0.51201594,0.50981873,0.50014555,0.49059582,0.49095339,0.50338584,0.47312331,0.47360387,0.49312109,0.48627487,0.47721457,0.48751909,0.46702027,0.47319752,-0.84360105,0.23702592,0.41407609,0.42019579,1.3345362,1.708406,1.3264525,0.72468042,0.85923505,1.6639636,1.4179199,1.2178218,0.36364317,-0.23535281,-0.16828847,-0.29028955,0.6144895,0.32615751,0.40383002,0.28498963,-0.79296076,-0.059319261,-0.52312499,0.5305168,-0.66047353,-0.1908339,-0.24461618,0.66813242,0.23277353,1.504862,-0.15229937,0.23807846,-1.1144712,-0.25249088,-0.029739108,0.92971796,-0.98625147,0.48691255,0.23924617,-0.86435527,-0.062512934,-1.010504,-0.61770391,0.55985034,0.88874215,0.77301258,-0.069684498,-1.6658356,0.88697767,0.18199536,-1.0265828,0.48111802,0.049213395,0.038288042,0.64200193,-0.080793828,0.44836217,-0.45675355,0.11534083,0.58929574,-0.66831219,-1.0953661,0.01532495,0.55964935,-0.33896202,0.25272,-0.031456068,-0.19609663,-0.11189149,-0.27283782,0.39870575,0.79448664,-0.18131508,-0.58991623,-0.36693433,0.26566321,0.46161938,-0.98019147,0.38195792,-1.0907447,-0.37549788,-1.7647525,-1.0103883,-0.036989857,-0.36134467,0.42274356,-0.3936511,0.094489373,-0.087776721,-0.12355144,-0.79355919,-0.5710746,0.27013147,-1.051107,-0.25570387,-0.048600554,0.11741927,0.43016887,-0.42935848,-1.5121142,0.60142279,0.45501161,0.86367786,-0.2291739,0.58668846,0.69785923,0.048665598,-0.14505747,-0.19083324,0.21764959,-0.58485657,0.056410328,0.35858333,-0.25697893,-0.72157735,0.00132225,-0.56980556,-0.55614305,0.24869126,-0.29628739,0.055071842,-0.71064979,0.76216257,0.75106537,0.11430891,0.026780337,-1.6860206,0.78078759,0.007675916,-0.2124832,-0.066552356,-0.55612767,-0.009159571,-0.16214222,-0.66824788,1.0209534,-0.72370875,0.09897849,0.52090299,-1.442275,-0.19521025,0.3148317,-0.13469112,-0.45387858,-0.86780906,0.36912122,0.31162727,0.49478796,0.86204278,-0.71678156,-0.32670614,0.10155012,0.001962217,0.20944455,0.42570508,0.14800462,-0.10370132,-1.1809812,-1.6603519,-0.70947057,0.23075065,0.6179049,0.34150147,-0.41821924,-0.28951693,0.16406111,1.0405502,-0.1076001,0.038908631,-0.33719486,-0.23580162,1.1607534,0.16669844,0.24718696,1.7843356,-0.10308427,-2.2148702,-0.027791943,0.59491462,-0.002823343,0.016969547,-0.70056456,0.15535201,-1.4191291,0.24009284,-1.106266,0.22260448,0.14923246,-0.79945791,-0.013470396,0.21661051,0.54394996,-0.24460185,-0.13399325,-2.5020964,0.38312247,-0.55389553,-0.1227662,-0.12822558,0.20755352,0.45517215,0.12548187,-0.16045651,0.5991767,-1.5227013,-0.67324567,-0.1999554,0.51407754,-0.42349896,0.038590834,0.10775686,0.40209311,0.003274778,0.48142803,0.41409415,0.80336314,-1.0005184,-0.32874507,0.65138531,-0.045851771,0.24053726,-0.097125329,-0.20930344,-1.1956872,-0.4797706,0.095214128,-0.31375849,0.46990281,1.2613919,0.34524569,-0.42423996,0.2282652,-0.39199066,0.65017933,0.6049642,-0.51327491,0.1110866,1.4391445,0.14463997,0.1763908,-0.99587649,-0.22198653,-1.9544787,0.93045878,-1.2046748,-0.3188951,-0.2006893,-1.3785506,-0.18193978,0.14724022,0.15001605,0.53985375,0.44499591,0.40671068,-1.774996,0.87327719,0.075901911,1.1382889,0.033574145,-1.0172312,-0.12140128,-0.95354825,0.55771321,0.20161554,-0.87141693,0.38172609,-1.6945597,-1.6225538,-1.3408384,-0.43046927,0.51674682,0.71652132,0.22708663,-0.92052364,0.68522334,-1.3196468,-0.21695717,0.35979468,-1.1015686,-0.12145142,0.015672721,0.47709668,0.051309794,0.45404911,-0.032587759,0.52165562,0.017601419,0.43122649,-0.067646019,-0.15275474,-0.69685787,0.41386524,1.0750873,-0.56442738,0.59561396,0.490365,0.45538452,-0.68488193,0.80533952,0.42318964,-0.9799968,-0.60258853,0.10393252,0.090071633,0.15717189,0.77041197,-0.37093583,-0.51632518,-0.51471168,-0.001544122,0.64487714,-0.041572854,0.14863154,-0.33440274,0.19374841,1.255729,-1.1125642,0.11427341,0.42305428,-0.6633364,-0.002158232,0.18451583,-1.2494361,-1.8668596,-0.31203294,0.56239218,0.10831362,-0.31789854,0.75047219,0.24564928,0.60374677,0.21772835,-0.11891332,-0.4255994,0.18638706,0.1838249,-0.08224003,-0.48241007,0.19323888,0.14199907,1.2489437,-1.6095767,-0.072735861,1.573842,1.5522548,0.47926152,-1.294068,-0.26924756,-0.41265273,-0.19036798,0.08959344,0.32738495,0.77769506,0.7618205,0.34853703,0.18448159,0.26951954,0.91298711,0.63028646,1.2652512,-0.85524732,0.33783692,0.2584224,0.12770668,-0.32458046,-0.078969322,-1.4000294,0.29755849,0.040041838,-0.43010357,-0.12591314,0.58999509,0.26136318,-0.6022765,0.15870723,-0.24018499,0.111087,-0.084286928,0.73237491,0.92722625,0.33546969,-0.040300131,0.5393585,-0.090734713,0.12474118,-1.0756254,0.28216758,-0.67121363,0.24790782,0.70053321,-0.81642473,-0.42558062,0.41515172,0.46672985,-0.54012328,-1.0450642,0.59346938,-0.56964016,0.10627639,-1.6121583,0.25304663,-0.18331023,-0.5706898,-0.53748697,1.0107861,0.52335984,-1.7724679,-1.0794361,-0.37065369,0.041515484,0.21736817,-0.04309684,0.006441344,0.46974975,0.2081269,-0.18671973,0.31934988,0.33672354,0.39029536,-0.088117443,-0.11957943,0.31786734,-1.3871944,0.23077339,0.47584078,0.028111948,0.17588957,0.6119712,1.1937367,-0.34888223,-0.81481415,-0.38802409,0.2105504,-1.9350075,0.36608055,0.2266314,0.31068021,-0.75631207,-1.3861067,0.28006026,-0.56897193,0.28759035,0.021846849,-0.085690551,0.4578948,0.17060706,0.3158356,0.36524734,0.013537539,-0.13731122,-0.36482584,-2.1044948,-0.73223305,-0.92335445,0.045182034,-0.8388899,0.21943752,-0.12100442,-0.29899618,0.10453156,2
0.52302563,0.27531785,0.22724466,0.55645376,0.53366482,0.5883323,0.55622244,0.54117548,0.52939719,0.55939811,0.51461196,0.53257895,0.5403502,0.51574945,0.55947375,0.56987816,0.55118608,0.59127456,0.53063452,0.52157408,0.50070453,0.53898335,0.53815341,0.53012538,0.52047914,0.50617158,0.51088631,0.52607954,0.51725626,0.51751673,0.52469152,0.53918809,0.51423126,0.49212036,0.51392186,0.52576113,0.50775611,0.50796473,0.51504153,0.49774113,-0.97679716,0.20306475,0.47916561,0.5143925,1.5008461,1.7038041,1.4517359,0.84144354,0.97328579,1.7781965,1.5526822,1.3304623,0.29452986,-0.2971493,-0.26005405,-0.38122779,0.68737721,0.37680945,0.29434538,0.25399932,-0.7953887,0.009144648,-0.63254315,0.58550572,-0.84992301,-0.036233604,-0.19621751,0.85380363,0.4319132,1.7474418,-0.21546635,0.20978932,-1.2675709,-0.30495578,-0.027514718,1.0454288,-1.2298223,0.4503091,0.13935716,-1.0179977,0.14808521,-0.74772185,-0.67523795,0.45337883,0.93590999,0.92505759,-0.057110641,-1.8803964,0.99661601,0.1203945,-0.69673622,0.6298036,0.039515704,0.048865288,0.44639051,-0.42153665,0.40389043,-0.49629265,-0.04328721,0.55728751,-0.8589083,-1.1985081,0.009518579,0.64586794,-0.38282344,0.14369234,0.25767672,-0.15201133,-0.040252596,-0.38369006,0.50425744,0.9842118,-0.32701802,-0.22645992,-0.46658114,0.26762745,0.45199996,-1.0777905,0.30618232,-1.0626158,-0.37351981,-1.9180297,-1.118745,-0.018124411,-0.23321225,0.36859053,-0.47346431,0.1721105,-0.26708937,-0.003852725,-0.85802102,-0.6254347,0.21276554,-1.2126279,-0.20686498,-0.079117194,0.059339672,0.49261165,-0.5280996,-1.8208231,0.70053256,0.45884851,0.85366642,-0.28677821,0.85154641,0.4640123,0.14308017,-0.22175907,-0.31771785,0.40209949,-0.88975692,-0.25071698,0.33800909,-0.16229403,-0.79800427,-0.030803956,-0.5676865,-0.74151289,0.29477942,-0.45843494,-0.084192485,-0.79808462,0.85303134,0.78391713,0.1371928,0.12857193,-2.100636,0.58809841,-0.061010286,-0.2436132,-0.10394955,-0.64424163,0.021057889,-0.15294448,-0.75451624,1.0350806,-0.77197242,0.10105962,0.56905305,-1.5105531,-0.41725746,0.52555448,-0.010926291,-0.4841961,-0.9890852,0.5399304,0.48381332,0.39398602,1.2131182,-0.862077,-0.3183783,0.14590742,0.10486247,0.31098172,0.54354912,0.24500443,-0.19417767,-1.3652955,-1.7248373,-0.86608362,0.27633059,0.55308282,0.5226692,-0.51583421,-0.51153129,0.19683391,1.4741523,-0.1859967,0.005212955,-0.5173943,-0.23498692,1.2481465,0.13192178,0.30561823,1.3770219,-0.2515766,-2.7007477,-0.06822893,0.71297425,-0.000196641,-0.06304194,-0.76368797,0.14400244,-1.5879723,0.071939118,-1.5050248,0.32645714,0.16744676,-0.89249468,0.020118127,0.038184151,0.53544456,-0.26334876,-0.36169612,-2.8604691,0.42079154,-0.53762496,-0.16103785,-0.13951705,0.19217218,0.53116161,0.37446499,-0.25769621,0.6554693,-1.5923102,-0.77519268,-0.37687758,0.31204167,-0.51701903,0.27406883,0.3200202,0.58176613,0.057867594,0.51331848,0.34950936,0.99391729,-1.3797516,-0.41762733,0.66763145,-0.25162348,0.38415265,-0.074333221,-0.13384265,-1.2913973,-0.48952866,0.1263319,-0.6609304,0.54019213,1.384104,0.4811846,-0.56230879,0.08031927,-0.47139198,0.89500028,0.71712303,-0.5140416,0.1503675,1.6729225,0.18522739,0.088663451,-1.1785487,-0.27162308,-2.1343708,0.97100365,-1.2483535,-0.42222181,-0.13562693,-1.6547115,-0.29422796,0.26811767,0.36130601,0.59202087,0.54829967,0.33069408,-2.1895299,1.0466158,0.085074902,1.2240021,0.10026948,-1.0160815,-0.19032469,-1.0118585,0.57734257,0.61412847,-0.89079249,0.5668478,-2.0004716,-1.9730736,-1.5378668,-0.50179791,1.0369334,0.61194122,0.15657955,-0.97647053,0.68937361,-1.4869252,-0.19946009,0.80421555,-1.0810524,-0.083100148,-0.29380977,0.56478548,0.2080887,0.549465,0.097758189,0.57044256,0.024836484,0.47661805,-0.079858154,-0.020392813,-0.80666065,0.41300556,1.3327899,-0.53182495,0.6628381,0.45633775,0.53437829,-0.77846384,0.78240639,0.4215436,-1.0286754,-0.44289362,0.12335449,0.087947197,0.18960704,0.87119085,-0.39600986,-0.67908967,-0.57871389,0.068691775,0.84240592,-0.20814916,0.36340269,-0.30818295,0.20485348,1.4047145,-1.2787297,0.14059444,0.31405425,-0.80692965,0.096584305,-0.077304579,-1.4763339,-2.0822828,-0.36743045,0.52363741,0.26297653,0.17711651,0.89499402,0.27474111,0.90445709,0.21494462,-0.36311793,-0.50446069,0.22266987,0.084453098,-0.078902543,-0.63051486,0.17347093,0.45547181,1.472313,-1.8201015,-0.09199848,1.932595,1.934381,0.51730621,-1.3883859,-0.14478976,-0.25945497,-0.067234568,0.060810957,0.44695243,0.87888885,0.70699137,0.44487053,0.21244386,0.23859513,0.74525404,0.84319967,1.2879039,-0.8725605,0.46824089,0.44819081,0.086798966,-0.30800593,-0.13416933,-1.6595572,0.26702744,0.019558266,-0.53937703,-0.21961091,0.26113117,0.35219258,-0.61479861,0.24298459,-0.29314747,-0.11143252,-0.17623185,0.80255377,1.1601118,0.42128456,-0.14317432,0.64645427,-0.020698711,0.10856799,-1.2096575,0.34095943,-0.7677061,0.31818861,0.81640029,-1.0223364,-0.50967568,0.44595379,0.45501968,-0.55756551,-1.2985525,0.59500921,-0.70226967,0.36072195,-1.7335734,0.3921262,-0.46914747,-0.78654975,-0.68628561,1.1752698,0.48914555,-2.219707,-1.3866374,-0.30755198,0.053803422,0.22747949,0.073724709,-0.079366803,0.46161249,0.22725606,-0.20501296,0.56920141,0.38732171,0.59828067,0.25248313,-0.3653813,0.17913641,-1.5121293,-0.041819759,0.46603468,-0.030549869,0.26615089,0.85150743,1.7050513,-0.47638503,-1.0432534,-0.41600555,-0.023839541,-2.175837,0.42651683,0.21159264,0.29818314,-0.8129847,-1.4509462,0.22896293,-0.59182084,0.90875757,0.016669858,-0.15905988,0.43778396,0.11647731,0.2762357,0.4507992,0.011545438,-0.04623168,-0.40722635,-2.4815238,-0.83607602,-1.0130819,0.18734787,-0.88002926,0.21423769,-0.022821024,-0.35237753,0.00078287,2
0.5933286,0.34966555,0.29890913,0.63952911,0.59440529,0.67506641,0.65466905,0.60583204,0.6583246,0.60986382,0.63764703,0.62090266,0.62523019,0.57814914,0.62620246,0.63132757,0.6453504,0.67356837,0.62557322,0.62123585,0.60294938,0.60986924,0.61184883,0.63892245,0.58752972,0.60195649,0.61166227,0.6061908,0.65167934,0.61354363,0.63469326,0.58402836,0.6349442,0.59892011,0.59744859,0.58824492,0.59389055,0.60395843,0.57547218,0.59749997,-0.96163779,0.27897453,0.59721047,0.54367435,1.5317714,1.7770374,1.5420153,0.91470844,1.0639693,1.8755953,1.6289767,1.4175043,0.36757559,-0.2786738,0.14362377,-0.40226412,0.62634271,0.34187952,0.41157112,0.2742511,-0.80595863,0.046661053,-0.404571,0.38119197,-0.69923854,-0.031998783,-0.25030285,1.0581615,0.35062036,1.701025,-0.18647687,0.263989,-1.2027198,-0.36522734,-0.017222833,0.88929939,-0.85923529,0.48350605,0.27969009,-1.0706012,0.11692027,-1.0196642,-0.67571729,0.77349007,0.88996369,0.93057215,0.040463302,-1.8129941,0.98189664,0.16214724,-1.0914103,0.5909701,0.067131855,0.019525386,0.91802728,-0.23542167,0.49073154,-0.72972053,0.032836728,0.62437463,-0.77419829,-1.3471332,0.034921758,0.64009267,-0.46387121,0.43835315,0.22771859,-0.13974269,-0.075140938,-0.38806835,0.52982873,1.0518754,-0.296792,-0.54963243,-0.58152205,0.30491823,0.70045114,-1.160226,0.41284665,-1.1783565,-0.4223451,-1.9229295,-1.3646728,-0.016625503,-0.3238982,0.14569062,-0.49754763,0.34643665,-0.26267079,-0.26806644,-0.97442347,-0.55878901,0.36556804,-1.2286913,-0.33748883,-0.32284063,0.095239885,0.43607253,-0.65663159,-1.9087459,0.57253945,0.48010936,1.0997937,-0.18090348,0.56049383,0.3617962,0.14043473,-0.23057327,-0.33927876,0.61377162,-0.42915168,-0.20675907,0.34731862,-0.55120444,-0.80040485,0.023846187,-0.75569779,-0.95605075,0.34768906,-0.53491515,-0.062371783,-0.59690195,0.83282161,0.89216912,-0.18663502,-0.016524503,-2.3800838,1.0704451,-0.15052134,-0.31767425,-0.071834296,-0.64236379,-0.18787941,-0.32602981,-0.66908365,1.2972634,-0.83717453,0.19803357,0.64236784,-2.3507183,-0.37998748,0.62845767,-0.025663249,-0.78145438,-1.3104473,0.5515734,0.50954098,0.45414966,1.0371894,-0.7831192,-0.27107164,0.18255123,0.36439154,0.11028274,0.5687319,0.10466951,-0.018496811,-1.4430103,-1.7927077,-0.90121561,0.36639795,0.55096805,0.38747388,-0.57145965,-0.33366734,0.2872313,1.4706966,-0.28533727,0.013095932,-0.63230479,-0.31866908,1.3673351,0.14675207,0.36052251,2.5585849,-0.13174091,-3.2767801,0.092962809,0.8093403,0.092215277,-0.27821118,-1.0242395,0.1289212,-1.9418987,0.28225997,-1.2505375,0.4717201,-0.15574028,-0.84609801,-0.084218413,0.30182907,0.6844489,-0.3330633,-0.22762971,-3.1857142,0.42622876,-0.57192117,-0.25936639,-0.37414432,0.44175893,0.51797235,0.31649572,-0.12220174,0.58548486,-1.9030248,-1.0862856,0.13511901,0.43822953,-0.59483147,0.054094024,0.61730361,0.46553832,0.059344295,0.5463956,0.39593291,0.84850329,-1.3355281,-0.39180416,0.52591658,-0.033605687,0.3611806,-0.14006193,0.59820253,-1.246007,-0.47780049,0.1968776,-0.30447584,0.56537831,1.445702,0.42894289,-0.52369964,0.16770154,-0.57807308,0.72636807,0.84367728,-0.72397876,0.085019603,1.666342,0.16873805,0.20152803,-1.28889,-0.13197175,-2.3213959,1.051922,-1.7712789,-0.48915008,-0.079153568,-1.4424393,-0.42845821,0.23728916,0.23924041,0.66227293,0.51029378,0.64168477,-2.1263678,1.2079413,0.28242427,1.4605768,-0.013322245,-1.0469838,-0.090853244,-0.92464918,0.90473974,0.18364224,-0.97831643,0.3881048,-2.3276277,-2.3498683,-1.7537748,-0.46246284,0.61725563,0.91305083,0.18579718,-1.3403966,0.75544834,-1.5989467,-0.32149023,0.59795904,-1.0624757,-0.050846949,-0.095092684,0.59264356,-0.37132055,0.52788043,0.043823168,0.42814326,0.17722438,0.62171263,-0.027786594,-0.1787387,-0.93173277,0.37990478,1.0905162,-0.84296978,0.97859073,0.59519422,0.46846664,-0.95487356,0.79165661,0.47117585,-1.4560442,-0.57801419,0.15250698,0.22988209,0.23891373,1.043862,-0.3200922,-0.70215327,-0.56058121,0.17839436,0.80000579,-0.32957065,0.18953922,-0.38121757,0.13163683,1.5169699,-1.4410112,0.1752716,0.30747786,-0.99615741,-0.033238713,-0.15840411,-1.8299984,-2.3367193,-0.20377475,0.63426983,0.14983889,-0.21335487,0.92895675,0.42216122,0.66505051,0.23685232,-0.11893118,-0.55536175,0.22128735,0.022680677,-0.079154417,-0.67424959,0.2573455,0.10136284,1.4848409,-1.9239168,-0.21430871,1.8962972,1.956291,0.55958712,-1.4079781,-0.21692172,-0.35600239,-0.075747922,0.1593049,0.58108902,1.010054,0.82163113,0.40436831,0.35800165,0.37930393,0.90061134,0.8060019,1.6955931,-1.0416155,0.3076205,0.41471064,-0.069820374,-0.48120549,-0.09009663,-1.523481,0.2702848,0.099214718,-0.7027235,-0.22392428,0.6433934,0.18669705,-0.69465381,0.4349556,-0.21888812,0.20007813,-0.38800332,0.74360818,1.1956102,0.32939339,-0.063613899,0.72730941,0.10896496,-0.059730411,-1.0581023,0.31597447,-0.64398557,0.47394997,0.90785873,-0.89071441,-0.56339133,0.4586404,0.48319447,-0.7424165,-1.4320011,0.71503472,-0.50664973,0.18751234,-1.98815,0.4109861,-0.28280202,-0.65297246,-0.68559474,1.2137218,0.57548195,-2.1001358,-1.6093683,-0.25567597,0.044657264,0.38833451,0.11373501,-0.041858803,0.46478915,0.17531265,-0.12706514,0.21521007,0.2992917,0.44910067,0.02112712,-0.36211967,0.33901474,-1.6051435,-0.078981876,0.73918295,0.050384577,0.28735864,0.7661413,1.5492315,-0.53159136,-0.74081576,-0.32934365,0.030812688,-2.0396039,0.3577047,0.14532514,0.44221339,-1.05004,-1.8183742,0.32500568,-0.6916917,0.42304009,0.1890282,-0.026230428,0.57195324,0.20645133,0.29882103,0.59484202,-0.023021214,-0.3046717,-0.62365377,-2.5698233,-0.99480247,-1.1369278,-0.089744978,-1.0366586,0.57677513,-0.16999413,-0.34721249,0.035967585,2
0.62438881,0.37993568,0.33302286,0.60934895,0.59244347,0.62070984,0.61848402,0.59196711,0.60129261,0.60454702,0.58842182,0.5998174,0.60673237,0.5849067,0.56069744,0.59083056,0.60724217,0.62395072,0.60403335,0.58849072,0.57566404,0.59547806,0.58813453,0.59338677,0.60056603,0.597381,0.60184366,0.59175146,0.59801078,0.58853495,0.59027886,0.59559476,0.5895586,0.58194697,0.59160006,0.57694846,0.57378399,0.5908795,0.57730281,0.57811117,-1.0119867,0.32513094,0.69880468,0.68581372,1.6341252,1.7388613,1.6613498,1.0343846,1.1732286,1.9707377,1.7119775,1.5221102,0.44634116,-0.22236286,-0.21518634,-0.36685014,0.68600088,0.37090176,0.38576913,0.34107685,-0.93174112,0.091209851,-0.50715047,0.59168303,-0.84665549,-0.029203219,-0.32140636,0.68907553,0.48491871,1.564339,-0.31540126,0.28584149,-1.1650476,-0.20145425,0.07607314,0.9900049,-1.1192702,0.69692403,0.5073632,-0.87167042,-0.1407017,-1.1868695,-0.40244487,0.37832692,0.90074146,1.0393451,0.080833003,-1.7193389,0.65947479,0.19960637,-0.98996007,0.69029039,0.03801325,0.010978587,0.5426017,-0.14351067,0.29837903,-0.80926132,0.050152052,0.56365907,-0.51405293,-1.2575499,0.13511011,0.48758087,-0.18138637,0.50710607,0.1041875,-0.12156886,-0.073766381,-0.31033799,0.5685668,1.1101983,-0.2617932,-0.7610141,-0.61149836,0.58426762,0.46189824,-1.2441356,0.57912415,-1.3448592,-0.3821677,-1.8923184,-1.4525139,0.073121801,-0.46214816,0.11652698,-0.402652,0.14638893,-0.18685883,-0.49332684,-1.100177,-0.21337572,-0.45080018,-1.2020419,-0.009006634,-0.34722108,0.35121292,0.36358956,-0.64235079,-1.849178,0.27957338,0.52455539,0.82838279,-0.049795955,0.76270747,0.33469483,0.1017689,-0.53412259,-0.26601115,0.52200675,-0.53368622,-0.25103271,0.41491103,-0.32015485,-0.93893242,-0.12989372,-0.63718355,-0.88239926,0.39286429,-0.39947009,0.009904141,-0.64263421,0.87550545,0.87697703,-0.17054774,0.13613348,-2.0351291,0.57913178,-0.18795675,-0.061054029,-0.063464977,-0.55220068,-0.14202785,-0.25162083,-0.58638382,1.1135854,-0.86025012,0.17094508,0.6348114,-2.6012454,-0.50606662,0.33725774,-0.089543566,-0.75413811,-1.4247446,0.54991579,0.26091242,0.24334088,0.96247154,-0.75191575,-0.22789201,0.10659662,0.19863287,0.10678622,0.054696143,0.19650814,-0.3621003,-1.2691153,-1.5574192,-0.7394349,0.30307224,0.59100628,0.30111828,-0.50434101,-0.38783836,0.1601561,2.0089107,-0.22321615,0.067475483,-0.58311582,-0.39498341,1.1017795,0.14107037,0.31195599,1.1948098,-0.005921144,-2.7850075,-0.11945971,0.59948117,-0.017721709,-0.32903203,-1.2531244,0.21999848,-1.9262621,0.24701941,-1.8141648,0.84395045,-0.18267795,-0.79464346,0.03578965,0.24285832,0.7414434,-0.21128716,-0.52223259,-3.1397007,0.24850544,-0.472289,-0.28921184,-0.31064638,0.2171963,0.65621543,0.14102578,-0.25951105,0.50062561,-2.0998962,-1.0116301,-0.36304611,0.42626029,-0.47355306,0.009057723,0.77899635,0.64011776,0.096624985,0.52412075,0.42423877,0.91999489,-1.0530536,-0.3375681,0.67512733,-0.062057018,0.33914325,-0.18163915,-0.34037256,-1.1084912,-0.44936457,0.10932587,-0.51328206,0.66543847,1.338357,0.46469718,-0.4668991,0.13346219,-0.64386857,0.86960936,0.61101282,-0.6522271,0.15699968,1.7602372,0.025023766,-0.061979279,-1.2314111,-0.28390694,-2.2362909,1.1804996,-1.8807664,-0.56217462,-0.14696404,-1.6775674,-0.23223227,0.43687159,0.20892431,0.90754664,0.65598857,0.2524443,-1.9946344,1.0610561,0.26255795,1.2126806,0.074036479,-1.0792321,-0.15196142,-0.91887426,0.76969552,0.25094208,-0.95025969,0.34906158,-2.4011607,-2.0361955,-1.7354206,-0.22379209,0.59774375,0.54544151,0.30877942,-1.4877799,0.83262479,-1.6124024,-0.075055063,0.67672551,-1.1658864,0.000973859,-0.16500621,0.65877813,-0.29194945,0.36062235,0.032987371,0.51990056,0.063592076,1.0002854,0.032157354,-0.081296027,-0.92739892,0.45476118,1.2411835,-0.72189069,0.82730353,0.59439719,0.73179436,-0.65020478,0.75318646,0.33887365,-1.4296722,-0.50370407,0.16482168,0.15751408,0.33607745,0.89285976,-0.42421177,-0.6937927,-0.58796769,0.17262824,0.71997029,-0.2281127,0.077930912,-0.26438859,0.018944234,1.3882351,-1.5154729,0.16315612,0.28184289,-0.61310387,-0.088812545,-0.23830876,-1.7558484,-2.4069157,-0.069991469,0.6457119,0.2408765,-0.27808753,0.81612438,0.19874537,0.488343,0.29791838,-0.27053559,-1.0082345,0.27345496,0.10555068,0.005244382,-0.68702161,0.27993375,0.23704174,1.4286108,-1.7149484,-0.11516217,1.605044,2.0487666,0.31447393,-1.2650899,-0.28216109,-0.90808284,-0.016623452,0.10188206,0.61532462,0.91312999,0.8549751,0.66811693,0.27103925,0.25363386,0.71803463,0.82908517,1.1483359,-1.0053624,0.31137523,0.52326769,0.15898173,-0.35486582,-0.27204102,-1.731617,0.36973053,0.11392856,-0.46789914,-0.45569056,0.46287322,0.18772095,-0.94922298,0.31934884,-0.16522026,0.13808241,-0.51159573,0.89149213,1.2271671,0.41697302,0.054206822,0.6598444,-0.10780256,-0.233199,-1.1426378,0.38185656,-0.51499534,0.043577939,0.76171917,-1.0616614,-0.70569181,0.3804065,0.49404493,-1.0977639,-1.689021,0.6557098,-0.93829441,-0.24714255,-1.7788198,0.38469419,0.02200149,-0.61805046,-0.77347088,1.0805824,0.60106361,-2.3334472,-1.6796355,-0.34770176,-0.02552649,0.33403462,0.00138945,0.044131331,0.5518887,0.26721874,-0.18392672,0.15777914,0.37932226,0.60980022,0.038990244,0.17482935,0.19775787,-1.655085,-0.10214359,0.59932393,-0.12948094,0.33458877,0.82824367,0.97193235,-0.4385252,-1.1479615,-0.40033537,-0.14230499,-2.1715107,0.21243235,0.097717166,0.17071931,-0.77916527,-1.450947,0.3015683,-0.59924042,-0.001158997,0.029161358,-0.025736552,0.87028259,0.22866474,0.38090903,0.63627017,-0.065182216,-0.43127978,-0.46554416,-2.6124294,-0.92273879,-1.4451485,0.036386974,-1.28781,0.54063493,-0.085106201,-0.35079262,0.030315606,2
0.56868792,0.31711429,0.27139542,0.60120356,0.58905375,0.6368531,0.61271119,0.59278864,0.5971747,0.59849334,0.58555621,0.58220059,0.58780724,0.58106297,0.60630345,0.60827595,0.60273516,0.62647855,0.60805094,0.58185178,0.58214509,0.59098196,0.59230179,0.5755322,0.59186023,0.58281827,0.60978174,0.5911482,0.58376116,0.58698881,0.58226216,0.58250183,0.57463503,0.5855881,0.58462441,0.55545586,0.56829339,0.57244158,0.55622631,0.567141,-0.83884084,0.26248655,0.40568852,0.4345082,1.4113233,1.6063125,1.3409078,0.7433787,0.8605606,1.6948442,1.4778068,1.2337481,0.23667628,-0.19386807,-0.20957357,-0.45886981,0.49286008,0.33163777,0.37308133,0.20494586,-0.74944913,0.015560322,-0.45259494,0.42728868,-0.66608119,-0.1459517,-0.27424675,1.0610883,0.34527826,1.4091331,-0.26796272,0.16866857,-1.0883138,-0.33817959,-0.057135321,0.83675754,-1.097698,0.45862943,0.057311222,-0.96141529,0.35473388,-0.40518519,-0.6228385,0.38336486,0.63979417,0.79501373,-0.056284267,-1.6086158,1.0974745,0.084146172,-0.96826589,0.57950991,0.092317283,-0.01725319,0.71804237,-0.12826216,0.27227858,-0.50582582,-0.076467276,0.50144929,-1.0207347,-1.0550351,0.054242656,0.67301142,-0.30035275,0.20720229,0.38573486,-0.14138436,0.03570205,-0.27308738,0.3458311,0.77354348,-0.3241145,-0.4478671,-0.50647277,0.13024887,0.24932551,-0.94328535,0.20460016,-1.2523086,-0.3588506,-1.6274624,-1.1451833,-0.13083023,-0.12055853,0.20279045,-0.36939329,0.14503048,-0.19161034,-0.15220837,-0.80564624,-0.59854627,0.23875523,-1.1226285,-0.27073982,-0.17866963,-0.10702913,0.47508633,-0.42760172,-1.6201258,0.87383187,0.43047711,0.84597832,-0.36347279,0.57608461,0.38379353,0.11854869,-0.039963722,-0.26057068,0.30000234,-0.87257957,0.14172041,0.24334252,-0.12981477,-0.66990215,-0.018666795,-0.65137279,-0.774436,0.25861183,-0.52479929,0.011453796,-0.72840357,0.75714016,0.78757727,-0.054908339,-0.19538498,-1.8017728,0.53186315,-0.003792275,-0.079211503,-0.18410563,-0.63737142,0.011115612,-0.21579576,-0.75777185,0.96949565,-0.83218741,0.13668083,0.47593561,-1.6662325,-0.56645441,0.49287695,-0.11761783,-0.36946824,-1.1088325,0.42096886,0.57051837,0.34703606,1.031485,-0.78176433,-0.22046702,0.14093828,0.51727021,0.23316269,0.40765452,0.25583664,-0.01162675,-1.2418225,-1.6479651,-0.78505504,0.30005643,0.44292784,0.56868517,-0.35107011,-0.88880706,0.13237664,1.12012,-0.092277288,-0.038392615,-0.53489846,-0.2862255,0.96600598,0.095454499,0.20594351,0.97846568,-0.14182439,-2.5204186,0.040615007,0.46012211,0.056246251,-0.25316694,-0.77421343,0.19150624,-1.5689695,0.23048449,-1.3450114,0.35423258,0.072219469,-0.764516,-0.053341649,0.089123622,0.41327181,-0.044243544,-0.33386761,-2.7233386,0.48309559,-0.40601647,-0.19551481,-0.1124151,0.3126632,0.50740546,0.39951596,-0.10391443,0.48761523,-1.4876063,-0.75729358,-0.39509875,0.62855071,-0.35595301,-0.005259275,0.23343074,0.5283072,0.093802758,0.37933326,0.1464134,0.9689737,-1.4125375,-0.34419018,0.73621345,-0.040020343,0.28224319,-0.15362324,0.024912283,-1.1437441,-0.33814701,0.039070472,-0.31358814,0.46934488,1.3212585,0.40800285,-0.58094561,0.51647246,-0.36649731,0.47102562,0.69421744,-0.61031187,0.022246003,1.3628398,0.41085374,0.19775873,-1.4816071,-0.20697021,-2.0609384,0.84503078,-1.2148215,-0.51189083,-0.13137524,-1.3788891,-0.188078,0.30827701,-0.08705017,0.53336757,0.91000748,0.13675928,-1.8884621,0.95762438,0.33264312,1.2218761,0.11212719,-0.80822164,-0.098778844,-0.92678952,0.43424848,0.5540356,-0.84628516,0.6533525,-1.9512572,-1.8215296,-1.3793116,-0.42495841,1.1375788,0.59953475,0.17682752,-1.0630757,0.59003681,-1.2461519,-0.23919144,0.77330709,-1.041559,-0.21637623,-0.17824551,0.46313667,-0.14517845,0.47150826,0.036625244,0.53150094,0.14039007,0.59317523,0.16037279,-0.062035013,-0.98902619,0.35918397,1.1064807,-0.45970786,0.68541902,0.43404716,0.311719,-0.77300727,0.80176592,0.18573707,-1.0068048,-0.25746483,0.016198918,0.15396844,0.10756125,0.87435615,-0.29992461,-0.63286698,-0.507734,0.11122385,0.82264137,-0.2929695,0.28613269,-0.20011991,0.10059538,1.2782096,-1.0979091,0.15989192,0.22141635,-0.66574568,0.099493489,0.47511342,-1.3602383,-2.0198972,-0.27284464,0.60270774,0.30279082,-0.26803666,0.82689494,0.16781077,0.91537225,0.19617984,-0.31514537,-0.60389781,0.24375239,0.32790691,-0.1081425,-0.53443247,0.18031514,0.30328807,1.3533043,-1.4796335,-0.25943127,1.8244073,1.5779333,0.35866192,-1.2161934,-0.16935652,-0.36874819,-0.027896948,0.18305552,0.2897535,0.8027941,0.50143009,0.23133317,0.27716133,0.25133026,0.77844191,0.64340729,1.067034,-0.74667186,0.33021513,0.38828942,-0.056118146,-0.27847651,-0.17719828,-1.4413134,0.19210476,0.13132089,-0.54810017,-0.2801007,0.57991028,0.38448727,-0.45086884,0.19579303,-0.23915087,0.18531331,-0.43311885,0.83530521,1.180269,0.4022235,-0.097769603,0.52162129,0.073767588,0.086425781,-0.88204426,0.33225775,-0.7139343,0.010064557,0.79479599,-1.0587901,-0.46404481,0.31368786,0.36483943,-0.52501583,-1.30462,0.71812302,-0.71438599,0.24215159,-1.6453865,0.3793233,-0.32103354,-0.5593434,-0.59678382,1.1464611,0.45127425,-2.0821366,-1.2953023,-0.31552643,-0.038065836,0.25907508,0.061117932,-0.02310505,0.4094938,0.11758305,-0.20887841,0.3237986,0.33877009,0.48678276,-0.14006554,-0.29785103,1.0005343,-1.4009452,0.029320721,0.3884235,-0.007289985,0.15248343,0.74945128,1.9631395,-0.33666462,-0.96729422,-0.23161291,0.2447181,-1.8969526,0.46847495,0.099352881,0.34712386,-0.76838529,-1.4267952,0.26503435,-0.74707639,0.97726858,0.052879289,-0.003106378,0.55732119,0.078970753,0.28098634,0.38964057,-0.015163274,-0.066864043,-0.36009902,-2.1272984,-0.78235728,-1.0267807,0.13223848,-1.0000634,0.50898272,-0.043933831,-0.28548068,-0.049675465,2
0.5620572,0.31832987,0.27540487,0.55978322,0.54448497,0.57824194,0.56290746,0.53876781,0.56064272,0.5539763,0.55112958,0.53784955,0.53762925,0.51754147,0.55224788,0.52658069,0.54865605,0.56308663,0.56407243,0.53378165,0.53640032,0.53692663,0.53442824,0.53406936,0.53745919,0.52687144,0.53387344,0.53856868,0.54243463,0.5365327,0.53669572,0.54133821,0.51346421,0.52182317,0.52474451,0.49803793,0.50777078,0.52917159,0.50713402,0.52427989,-0.8801083,0.26396248,0.43544775,0.41980103,1.38861,1.6567383,1.3550816,0.75975835,0.88542938,1.7007525,1.4704623,1.2464385,0.27178097,-0.21078509,-0.36021474,-0.30521891,0.3799181,0.27970892,0.34873676,0.22219475,-0.84878367,0.098673306,-0.55738926,0.2885831,-0.82702684,0.011261541,-0.17878117,0.64514875,0.41853291,1.4448098,-0.17495662,0.18745635,-1.1224241,-0.37538409,0.031451747,0.61813921,-1.0269984,0.44926304,0.2977666,-0.88414645,-0.13131076,-1.1470532,-0.48841435,0.51841474,0.57292855,0.82957864,0.11581077,-1.649286,0.59615588,0.14349864,-1.0075306,0.61272597,0.043430287,0.14006425,0.53140509,-0.061018545,0.45994738,-0.37177661,0.020418476,0.4104057,-0.63279754,-1.1297592,0.12304778,0.48897845,-0.21315655,0.12161309,0.045629732,-0.096903548,-0.11727346,-0.31013387,0.52324927,0.94609302,-0.22958432,-0.43976694,-0.47849,0.27261451,0.42121392,-0.99225223,0.38892666,-1.139436,-0.35971692,-1.658631,-0.89949602,-0.065934718,-0.46598321,0.17352404,-0.47679532,0.17847875,-0.13645235,-0.079144157,-0.92131245,-0.48026443,-0.14092827,-1.119189,-0.31031615,-0.086923279,0.10690583,0.40417463,-0.54480672,-1.4896787,0.50865859,0.47489083,0.825131,-0.23298275,0.63328516,0.34437203,0.085797802,-0.32249901,-0.37175554,0.30457783,-0.53919011,-0.16757119,0.24418229,-0.23427325,-0.72261435,-0.070293412,-0.45308527,-0.6386044,0.28938207,-0.37413061,-0.046613306,-0.75303805,0.69507015,0.63414478,0.022282066,0.12319648,-1.7500286,0.66953307,-0.068290353,-0.34577632,-0.028930295,-0.54152977,0.030330924,-0.21286929,-0.62915558,1.0094161,-0.64904362,0.13227844,0.36455929,-1.4789183,-0.39705905,0.34436196,-0.12073611,-0.50846255,-1.033999,0.44285646,0.18195386,0.072757334,0.63502687,-0.74898744,-0.24180713,0.10349379,0.16143763,0.10910941,0.23807612,0.064455748,-0.13462988,-1.1805552,-1.6193539,-0.78140044,0.24969137,0.56128246,0.33432916,-0.38541919,-0.35679415,0.12858713,1.553961,-0.003029563,0.1003121,-0.36648071,-0.16333014,0.98486614,0.11115701,0.25970116,1.315134,-0.056017078,-2.2118635,-0.090962842,0.60350591,0.044892728,-0.16015723,-0.68575817,0.093615159,-1.4065458,0.21896622,-1.2527224,0.56958544,0.021760404,-0.87130678,0.01020788,0.24789134,0.61758173,-0.25668949,0.014010072,-2.5013001,0.23411186,-0.71020973,-0.13630286,-0.12012523,0.039230026,0.55292308,0.066625863,-0.27413979,0.54588985,-1.4165822,-0.88516575,-0.28461748,0.29372814,-0.46132833,0.044713236,0.29945332,0.49392769,0.011090613,0.54465336,0.41772437,0.95323861,-0.97631991,-0.32682535,0.52889431,0.072313972,0.22187103,-0.10859734,-0.25954354,-1.2345914,-0.37888727,0.10571967,-0.52237612,0.53313458,1.0473835,0.44205964,-0.49119046,0.1167601,-0.51504135,0.65972584,0.51812941,-0.44647005,0.17603293,1.7097436,-0.015148394,0.22687006,-0.88585204,-0.24997158,-1.8988134,1.0619872,-1.2982943,-0.31053081,-0.22177815,-1.4421291,-0.23918413,0.25976121,0.094750516,0.56345057,0.40779975,0.3611694,-1.7646499,0.96099901,0.18004578,1.0569463,0.07317201,-1.1051779,-0.062731192,-0.80101955,0.58769256,0.63420177,-0.94516206,0.20425174,-1.6928535,-1.7312104,-1.5307504,-0.31268668,0.43681282,0.55711532,0.15432014,-0.9382962,0.62822843,-1.2237765,-0.12657993,0.45027417,-1.0838397,0.018046046,0.049820233,0.51556015,0.14077644,0.43088901,0.033279534,0.44629219,0.10330933,0.68733227,0.15458997,-0.080637276,-0.84191674,0.30814663,1.1059883,-0.58616698,0.66481167,0.47858849,0.60288292,-0.62285507,0.29401198,0.2702882,-1.0616241,-0.54719567,0.073260501,0.13187875,0.17538793,0.81651908,-0.32352307,-0.5245111,-0.5964942,0.062884368,0.51174676,-0.29062533,0.095212057,-0.24813437,0.18681873,1.1158358,-1.0850692,0.15000741,0.21814814,-0.64156455,-0.050537832,-0.2490842,-1.2574819,-1.8600681,-0.061433151,0.47936842,0.17623079,-0.20956212,0.72340745,0.30672407,0.34016001,0.21469864,-0.22483851,-0.56141508,0.15671206,0.070679553,-0.10864464,-0.43930247,0.21559906,0.1570325,1.2216772,-1.6159443,-0.10507713,1.4568424,1.6434013,0.32745454,-1.3021104,-0.26449773,-0.40973955,-0.12798804,0.064666405,0.56152821,0.92842829,0.80018675,0.6268397,0.1859346,0.25607467,0.69715929,0.65677088,0.91901714,-0.89727902,0.30576068,0.26135632,0.039297223,-0.3398982,-0.21056938,-1.6041116,0.23034048,0.070180312,-0.47664505,-0.11445543,0.26313767,0.030004323,-0.79833478,0.42931595,-0.2476922,0.35111561,-0.15851521,0.77040178,0.85697722,0.37945855,-0.061022978,0.58805388,-0.082697615,0.032871112,-1.0265714,0.30702126,-0.61022347,0.006802738,0.74357527,-0.9355287,-0.41984263,0.48619124,0.43358126,-0.69803029,-1.1893114,0.55807096,-0.65256226,0.10588935,-1.7358611,0.29527202,-0.32763904,-0.46817097,-0.4794654,0.9768405,0.48650616,-1.857272,-1.2266122,-0.36206844,0.054201271,0.23717006,-0.032591939,0.086227134,0.37109369,0.14253229,-0.18657519,0.28475407,0.26450446,0.43730327,-0.15829834,0.077180013,0.22124532,-1.4856471,-0.11249561,0.45188645,-0.12483701,0.19817972,0.77269262,0.95932984,-0.37166595,-0.95986831,-0.3030102,-0.049989954,-1.8981601,0.3577086,0.37517819,0.13628431,-0.78789711,-1.4555814,0.31708968,-0.62531215,0.2313918,-0.024496261,-0.034349307,0.72117984,0.20412686,0.30337039,0.44212243,0.011736495,-0.18367453,-0.3623302,-2.2138624,-0.66296083,-0.99343336,-0.018719196,-0.9000839,0.45731229,-0.35006768,-0.22994877,0.04190778,2
0.61283994,0.37201315,0.32798365,0.62342823,0.60723662,0.63660687,0.61112702,0.59997076,0.60329688,0.60924268,0.60533714,0.60192221,0.60656649,0.58795953,0.61805069,0.60043478,0.61444193,0.63336122,0.60775137,0.58572328,0.59399557,0.60326469,0.60068381,0.59489644,0.60345763,0.5836637,0.60820591,0.60020971,0.60108054,0.5930146,0.60225224,0.59630394,0.58620882,0.58221799,0.58907521,0.57850051,0.57586682,0.59172177,0.57699925,0.58101523,-0.93716598,0.31496459,0.6415484,0.61619717,1.595005,1.7280712,1.5923581,0.97183472,1.108832,1.9162827,1.6804429,1.4624623,0.42488798,-0.22288527,-0.12665202,-0.36707929,0.78734267,0.43411413,0.35124224,0.31183991,-0.94788623,-0.051913954,-0.53752714,0.47637042,-0.80275756,-0.10987993,-0.27259877,0.70565295,0.28148341,1.5790924,-0.25342298,0.33475789,-1.1527222,-0.3530618,-0.053126782,1.1359451,-1.1051214,0.71327543,0.273314,-0.92584532,-0.11194333,-1.1457314,-0.56058657,0.76827556,1.1212845,0.81170833,-0.056876566,-1.8035131,0.76975811,0.060940929,-1.0092506,0.74194109,0.041158222,0.034092143,0.61039746,-0.16965404,0.38729888,-0.67264259,0.067206249,0.67495114,-0.61837268,-1.2688299,0.043561149,0.53628474,-0.28613076,0.074487865,-0.035761107,-0.21919228,0.000392072,-0.30510023,0.56433427,1.0717452,-0.28675026,-0.48958957,-0.53045142,0.14525595,0.60997224,-1.1832643,0.41811597,-1.0052658,-0.4171038,-1.8610567,-1.1736982,0.003051739,-0.4166919,0.29821911,-0.55839229,0.12747285,-0.19222099,-0.29013127,-1.0649135,-0.2897149,0.40113813,-1.1631761,-0.18555088,-0.23249143,0.19882841,0.37724215,-0.65706635,-1.8006014,0.38813347,0.5201304,0.89372474,-0.11699645,0.7179243,0.2956979,0.046189617,-0.13512933,-0.14914325,0.53569746,-0.56332004,-0.15639064,0.47809172,-0.28413865,-0.75374573,-0.085477844,-0.6392529,-0.65350974,0.35320565,-0.39680585,-0.055108055,-0.76238424,0.77243471,0.86487949,0.072531037,0.070637286,-2.0429418,0.81797928,-0.10546648,-0.22556521,-0.074449494,-0.64738572,-0.15479429,-0.29245257,-0.6571607,1.0968486,-0.8129847,0.1834462,0.68146181,-2.2344627,-0.4491615,0.39090914,-0.097828336,-0.69109255,-1.3038638,0.53042257,0.30148673,0.27291474,1.0612581,-0.76136416,-0.26893425,0.056743566,0.075343795,0.17870475,0.42157793,0.20836447,0.006871849,-1.3460951,-1.6607946,-0.83302319,0.3261804,0.53583771,0.29289314,-0.5814302,-0.50622129,0.18845692,1.7096171,-0.18394768,0.072862878,-0.45228803,-0.36578444,1.3129601,0.12363303,0.26120323,1.8583404,-0.050457574,-2.7613189,-0.08518517,0.6178273,-0.031437479,-0.27820575,-1.088402,0.27970195,-1.8028746,0.24670738,-1.3847845,0.54683912,-0.018759787,-0.81705987,0.070837185,0.2364105,0.62433696,-0.34689555,-0.3114877,-3.1009421,0.38941649,-0.32042044,-0.22041179,-0.068451203,0.37069207,0.55750144,0.28729039,-0.13790327,0.742033,-1.905588,-0.96319962,-0.43625978,0.55965817,-0.56717616,0.050947398,0.51353472,0.5777595,0.011741015,0.4566147,0.51103759,0.97504902,-1.0233561,-0.40356582,0.61727577,-0.095694073,0.26209122,-0.048341591,-0.2468574,-1.2095946,-0.52210999,0.10370838,-0.41849291,0.62290168,1.2819265,0.42741659,-0.53281283,0.137059,-0.48428702,0.75171435,0.6739068,-0.70627725,0.004374798,1.5493877,-0.17024954,0.011032693,-1.1141607,-0.17386863,-2.1602542,1.0828371,-1.5545886,-0.44302833,-0.16981401,-1.327394,-0.11218058,0.26482698,0.37086251,0.62584746,0.527839,0.47901866,-1.9582301,0.99749362,0.073012292,1.1895479,0.045482926,-1.0516958,-0.144352,-0.9067117,0.83538359,0.5895133,-0.87275654,0.53021228,-2.1148858,-2.062099,-1.6782668,-0.35716337,0.67069411,0.59629065,0.21794082,-1.2333543,0.89808279,-1.3794127,-0.16489455,0.57569069,-1.2258842,0.024644323,-0.28808665,0.50153917,-0.17396279,0.47993872,-0.000673993,0.3466236,0.057901632,0.77425194,0.27067745,-0.10291018,-0.9243561,0.51237512,1.1700252,-0.58423686,0.70571619,0.54068679,0.61281282,-0.76665831,0.885221,0.33869475,-1.2291664,-0.57950026,0.12159491,0.1669054,0.19926313,0.88934451,-0.354608,-0.61663073,-0.56291878,0.00933953,0.67038643,-0.22854047,0.25251722,-0.37108245,0.046688989,1.3062873,-1.3448532,0.207627,0.36942461,-0.74827224,-0.031570479,0.025412425,-1.7022564,-2.3147774,-0.18648213,0.65553331,0.12198354,-0.37790889,0.86518496,0.2448861,0.53769296,0.31748694,-0.14647023,-0.57436872,0.3031652,0.039531197,-0.0299052,-0.43075037,0.11025222,0.1676015,1.4760021,-1.7755274,-0.08692722,1.6614453,1.7852364,0.50149173,-1.2503437,-0.31852013,-0.66229868,-0.099664286,0.12494344,0.42757407,0.87937444,0.90234125,0.31013945,0.29166546,0.25569075,1.1332058,0.80790001,1.3331314,-0.96795547,0.35279524,0.45184603,0.16612718,-0.40515405,-0.21201637,-1.5478932,0.34712726,0.054199252,-0.43835598,-0.41536438,0.59629542,0.21069098,-0.72617024,0.30707419,-0.27595297,0.25749704,-0.40351081,0.77512974,1.4269577,0.35670972,0.054101367,0.63311052,-0.079043373,-0.097215325,-1.153861,0.31404012,-0.64757687,0.19670969,0.7389189,-1.0493582,-0.58641577,0.42394608,0.44405779,-0.68696284,-1.4646648,0.74561435,-0.66696501,-0.18031263,-1.9286554,0.31583756,-0.24156824,-0.72134107,-0.63994628,1.0189157,0.61505622,-2.0744705,-1.4530196,-0.42584741,-0.011669173,0.27641389,-0.006396702,-0.079163551,0.55997229,0.29312474,-0.20209759,0.36188877,0.34697241,0.49632421,0.051441446,-0.12985539,0.16086729,-1.576908,-0.12273534,0.49032581,-0.030822707,0.22725295,0.69339752,1.3132629,-0.4585734,-0.99287236,-0.49141496,0.16207522,-2.0732081,0.31937388,0.31859478,0.27762577,-0.83758283,-1.4237339,0.31447554,-0.4760074,0.1990121,0.087103702,-0.033643998,0.566989,0.14617783,0.37642831,0.52265972,-0.082506754,-0.29421884,-0.51355147,-2.3901954,-0.906443,-1.1334603,0.14760062,-1.029696,0.43847382,-0.27390888,-0.4491595,0.012664028,2
0.56034416,0.3190299,0.26681924,0.58826524,0.60648441,0.60049278,0.60303026,0.58809054,0.6023888,0.61838114,0.559349,0.56578165,0.55920637,0.57615077,0.59933054,0.59806001,0.57129645,0.61064184,0.61603904,0.56497562,0.56471169,0.58529663,0.5805366,0.56526172,0.57297635,0.56949979,0.57289338,0.61329126,0.55195212,0.58945453,0.55643725,0.57374161,0.54682618,0.5602985,0.57153702,0.52883351,0.55806434,0.57086778,0.55455029,0.58400542,-0.97223198,0.2529574,0.45324326,0.39935192,1.3974029,1.7688303,1.3962171,0.77850509,0.92126697,1.7312083,1.4910271,1.2758257,0.31115186,-0.24821946,-0.013717175,-0.38740301,0.47161654,0.26300445,0.38334286,0.25775915,-0.81472027,0.037102237,-0.61126107,0.41936135,-0.84165829,0.022354238,-0.10169575,1.0592388,0.31103906,1.8331791,-0.20288031,0.24115998,-1.1076486,-0.33035129,0.11673757,0.7527228,-1.0576684,0.45631665,0.41200542,-0.96365201,-0.17152482,-1.3695451,-0.60184383,0.5568707,0.65343899,0.88079017,-0.033346951,-1.7770972,1.0674703,0.16705915,-0.96788561,0.40469512,0.094421104,0.11869754,0.62668651,-0.29219812,0.51682413,-0.78162146,0.060469296,0.48163739,-0.3636398,-1.2741501,0.084591426,0.36933607,-0.29661885,0.1716876,-0.11789081,-0.33528924,0.027126968,-0.41992202,0.55501616,1.1775085,-0.22151372,-0.35815248,-0.63512534,0.18284716,0.67213076,-1.1372875,0.3894372,-1.0403806,-0.47803861,-1.938265,-1.123551,0.051677436,-0.52834278,0.11419953,-0.40034315,0.44224763,-0.23135293,-0.44863832,-0.7613706,-0.40912932,0.44523817,-1.1069568,-0.26723474,-0.31177613,0.23151082,0.23865458,-0.74300241,-1.7392039,0.87441581,0.51318604,0.82719558,-0.16013077,0.58478886,0.31109938,0.1154111,-0.11981964,-0.24581304,0.32529783,-0.27314496,-0.17803743,0.26127797,-0.35481289,-0.85780823,-0.23856126,-0.68733114,-0.94605482,0.39304969,-0.49369249,-0.085978262,-0.66420555,0.65224344,0.66499805,-0.16727224,0.098552078,-2.1731019,0.89138377,-0.079638481,-0.073036462,-0.086145498,-0.60845596,-0.18961418,-0.20413673,-0.68820471,1.2190031,-0.59894359,0.2438878,0.59398276,-1.8172542,-0.46897236,0.46046621,0.01839184,-0.92196238,-1.1862561,0.60210562,0.38036638,0.23421468,0.61861968,-0.62490916,-0.28731811,0.077802382,0.1555406,0.17055422,0.62044489,0.255409,-0.15368468,-1.2849083,-1.6452539,-0.71504742,0.22982097,0.50527442,0.15875101,-0.43714172,0.20485657,0.23173137,1.9248607,-0.06545949,0.1468858,-0.60137957,-0.37830025,1.3437641,0.13552772,0.27154028,2.1924343,-0.081374377,-2.877049,-0.046010721,0.63627434,-0.031374834,-0.52147222,-0.97279978,0.21356651,-1.7732093,0.29089499,-1.6073983,0.43722406,-0.008314893,-0.77038264,-0.083398469,0.19998962,0.56570899,-0.22299013,-0.13210836,-2.9300165,0.41327325,-0.63620758,-0.1129183,-0.39418361,0.38262817,0.52788848,0.258008,-0.17854488,0.59660608,-1.8163915,-1.0992665,-0.35072652,0.40305349,-0.43699032,0.017494276,-0.033498049,0.56967407,0.10683663,0.51359057,0.42687538,0.9160552,-0.92285532,-0.44844383,0.54424506,-0.018577823,0.32241026,-0.22229306,-0.21273901,-1.1900163,-0.47248858,0.095728137,-0.48339546,0.60451967,1.3666039,0.36882102,-0.44126302,0.091262408,-0.56906557,1.1134012,0.59650743,-0.4699564,0.092346549,1.5868212,0.067512766,0.14721449,-1.2107813,-0.3587932,-2.0593231,1.2300568,-1.7987835,-0.40790316,-0.32848746,-1.2550496,-0.017248191,0.23530227,0.31056976,0.63797265,0.66502422,0.64772516,-1.9924146,1.0346137,0.19962472,1.4011662,0.1010422,-1.1806662,-0.14531094,-0.78840345,0.59786612,0.17158812,-0.73360544,0.33869734,-2.1356077,-2.0587301,-1.7941847,-0.37671429,0.43033862,0.84019023,0.19041038,-0.94057292,0.74782425,-1.5330744,-0.28953296,0.48722744,-1.0829983,-0.083579004,0.15363903,0.5175935,-0.023668189,0.36876151,0.10972355,0.64375907,0.1492624,0.90699208,0.10482627,-0.071119323,-0.78100705,0.30816862,1.0864762,-0.52608979,0.86940873,0.60860306,0.59064287,-0.79039407,0.72001255,0.52494729,-1.4437504,-0.33018976,0.17757022,0.37550396,0.33727336,0.98724163,-0.39052597,-0.49643272,-0.55491561,-0.017575353,0.82330835,-0.30267003,0.15668866,-0.24396977,0.13996708,1.2864511,-1.2585541,0.16595738,0.25566015,-0.6440134,-0.051205244,-0.34133634,-1.6518574,-1.9953157,-0.27489904,0.47962308,0.1852327,-0.18757601,0.63288498,0.22576863,0.47816551,0.16814606,-0.36944804,-0.65939629,0.18188694,0.12193987,-0.005922064,-0.28148767,0.19653037,0.17020699,1.1995275,-1.6389344,-0.1342991,1.5945581,1.7529758,0.59196234,-1.3922305,-0.292474,-0.45184466,-0.11971492,0.13661055,0.741615,1.0460529,0.99706113,0.33704817,0.36733943,0.19034979,0.81364888,0.87349492,1.2492082,-0.85098624,0.36581191,0.52621442,-0.033713147,-0.37982064,-0.1981934,-1.7487482,0.2291553,0.038193174,-0.4724845,-0.2723169,0.78162634,0.12281992,-0.80021125,0.05533725,-0.26493153,0.39832807,-0.30754328,0.74444795,1.132666,0.28436598,-0.048353635,0.66196167,-0.047738753,-0.075132772,-1.1705669,0.41002244,-0.44857901,0.45957664,1.0216845,-0.93970138,-0.5765844,0.40721348,0.47005722,-0.78910702,-1.3127668,0.71732134,-0.43197465,0.09191937,-1.6306467,0.3399235,-0.15360269,-0.56582433,-0.43191215,1.0782051,0.50182074,-2.0247655,-1.4382874,-0.31194624,0.10756474,0.47176155,0.052198529,0.052579816,0.6448428,0.11182766,-0.17747283,0.1297452,0.32324368,0.40210783,-0.080920994,0.19567603,0.075891122,-1.6099343,-0.17432192,0.70524037,-0.097851038,0.21947277,0.74984354,0.86086535,-0.40103897,-0.86340868,-0.33518314,0.068443827,-2.0735779,0.13020723,0.32180357,0.20405908,-0.88949978,-1.5277834,0.2166104,-0.70783949,-0.037612438,0.073851593,-0.1810531,0.68655914,0.02838631,0.33789474,0.70656514,-0.061534449,-0.16968474,-0.59688175,-2.6151702,-1.0471048,-1.1558726,0.24567816,-0.99245679,0.40792909,-0.30140606,-0.49870321,-0.099520698,2
0.5994181,0.35577112,0.30914283,0.61361325,0.59816444,0.64866382,0.64357466,0.60115385,0.61960495,0.61825132,0.62749797,0.60546625,0.61115122,0.58091283,0.65529382,0.60826093,0.62219453,0.6564061,0.61468232,0.59271741,0.60968113,0.60738623,0.60287148,0.61005211,0.61126262,0.60752434,0.61015177,0.60340929,0.61941987,0.60063356,0.59998703,0.59991169,0.58590126,0.59556395,0.60718274,0.58020675,0.59731323,0.60567319,0.57322335,0.58206999,-0.98033088,0.29589471,0.52411461,0.52356815,1.4745998,1.7401277,1.4722369,0.85969841,1.004227,1.807326,1.5770243,1.3441949,0.3274546,-0.23210818,-0.26728785,-0.39050603,0.54661095,0.32597625,0.40328455,0.26249921,-0.9429009,0.12350584,-0.49910629,0.36798307,-0.86873001,0.017099578,-0.4329738,0.76685864,0.54588997,1.4601085,-0.19219559,0.24203497,-1.2219688,-0.38612589,-0.020142373,0.82074052,-1.1867045,0.53171676,0.2866357,-0.9527244,-0.029911984,-0.89187121,-0.56301135,0.28393179,0.73699039,0.80307299,0.10352957,-1.7401801,0.608998,0.17184164,-1.0381827,0.72484523,0.063802242,-0.037935428,0.79067206,-0.063389741,0.58235025,-0.43545693,0.022512479,0.48664832,-0.86568594,-1.2223628,0.099762246,0.59002632,-0.34699565,0.32984388,0.067264877,-0.14244339,-0.10700269,-0.32739395,0.43108416,1.0555394,-0.30969542,-0.5436275,-0.39983729,0.47955012,0.27342856,-1.110105,0.38432273,-1.2567769,-0.38894683,-1.7790518,-0.95732921,-0.017320365,-0.37727466,0.30519941,-0.48999697,0.26688528,-0.20328811,-0.10170983,-0.73510891,-0.5009135,-0.058593489,-1.1731174,-0.18380278,-0.15463349,0.12761474,0.35040405,-0.55389398,-1.5960338,0.52798587,0.49091253,0.824494,-0.22064275,0.63382822,0.42429966,0.088123597,-0.37998784,-0.41027421,0.31219435,-0.70946252,-0.23855916,0.31412876,-0.19644417,-0.80742145,-0.014975918,-0.49404925,-0.74207956,0.29979339,-0.43893039,-0.020485502,-0.7293855,0.91284478,0.73362094,-0.036423445,-0.10453746,-1.935501,0.48870158,-0.004664183,-0.10491419,-0.12419994,-0.55767024,-0.018279215,-0.17746083,-0.67882758,0.99862254,-0.69964242,0.13489836,0.47701266,-1.8734555,-0.40122396,0.53866303,-0.1678565,-0.56340623,-1.0629394,0.59058106,0.34101301,0.26410201,0.8638159,-0.78508961,-0.22474286,0.13560043,0.2423225,0.15437742,0.53969532,0.18568614,-0.1626119,-1.2812096,-1.665603,-0.85008466,0.16815284,0.45190012,0.52273321,-0.43972275,-0.49278384,0.21325386,1.6703128,-0.18330446,0.051389426,-0.39453191,-0.23186433,1.0229008,0.12938841,0.25726998,1.0087787,-0.024848733,-2.75053,-0.096396074,0.50515771,0.02303132,-0.052210223,-0.78827268,0.037025817,-1.503636,0.27251995,-1.3815845,0.62588805,0.001597412,-0.87699914,-0.000447512,0.12915407,0.61473131,-0.28078806,-0.29456738,-2.7276013,0.30000186,-0.57694703,-0.26184231,-0.20098537,0.063506499,0.65507066,0.2207377,-0.23993516,0.55184466,-1.486644,-0.85539562,-0.48392648,0.49554658,-0.55455631,-0.021424741,0.15483478,0.51560777,0.14104252,0.60813171,0.43115065,0.97308099,-1.1628807,-0.37341568,0.59515375,0.018390074,0.21905774,-0.056394771,-0.20487419,-1.2251068,-0.47043231,0.11158789,-0.42101339,0.60876864,1.1943991,0.4031955,-0.55426937,0.2571983,-0.42699689,0.6230073,0.49962249,-0.68779272,0.19579583,1.7211082,0.052263923,0.42488766,-1.0423295,-0.026541725,-2.0268424,1.1855595,-1.3664477,-0.32899886,-0.30225053,-1.5025936,-0.29774326,0.38020414,0.056337059,0.43188736,0.40415213,0.14247704,-1.944335,1.0619993,-0.02966083,1.1565819,0.055946782,-1.0396913,-0.094239071,-0.85932136,0.69087803,0.49128279,-0.95700252,0.31901839,-1.8817117,-1.8632102,-1.4746675,-0.40437648,0.72191978,0.49407324,0.16199979,-1.0493664,0.68355453,-1.2457378,-0.092367172,0.41174629,-1.1063168,-0.035221018,-0.20212729,0.54310364,0.058224641,0.44979945,-0.001750877,0.42558002,0.074302748,0.86763376,-0.025579244,-0.12449792,-0.99414313,0.33193797,1.1069831,-0.64711773,0.65722179,0.54777753,0.64603883,-0.63718444,0.55849415,0.27821508,-1.129885,-0.41042387,0.076417342,0.16334425,0.16036874,0.76275152,-0.31719023,-0.62463796,-0.59990758,0.12787561,0.59089559,-0.18650022,0.23414347,-0.27614105,0.20400539,1.22233,-1.0790889,0.20510688,0.29813021,-0.68511689,-0.00217274,-0.41222611,-1.4251318,-1.9762442,-0.06446255,0.53482252,0.29920313,-0.21309716,0.85467464,0.38810199,0.51360452,0.25236851,-0.34116411,-0.51264679,0.21520613,0.11905212,-0.17897215,-0.59548211,0.28623676,0.20956405,1.2615027,-1.7519475,-0.14764714,1.6437633,1.7597528,0.29510951,-1.384733,-0.25271094,-0.29994035,-0.0326313,0.10380822,0.45438713,0.87013185,0.80826163,0.44254935,0.22136772,0.27703813,0.7759409,0.72393328,0.98611444,-0.97288167,0.32688111,0.35086268,0.01736404,-0.3103269,-0.23614603,-1.7198133,0.26298997,0.12268494,-0.47410518,-0.28416348,0.31912258,0.15590961,-0.64449453,0.27807462,-0.31831503,0.1113596,-0.18474557,0.81685972,1.1536046,0.31122631,0.067340411,0.65528286,0.34253228,-0.13274929,-1.0896318,0.28190827,-0.69185889,-0.015522316,0.68256664,-1.0568522,-0.39814544,0.51927894,0.46117964,-0.63435227,-1.3111048,0.66297019,-0.61764085,0.20680186,-1.8859708,0.41098514,-0.27136484,-0.45474041,-0.67941773,1.0348291,0.52113396,-2.024956,-1.3583698,-0.33228087,-0.11284877,0.25422981,0.096132636,0.051048782,0.37937424,0.19968711,-0.15320526,0.25330266,0.34889847,0.50291026,-0.1064879,-0.034228295,0.26143053,-1.5664455,-0.000617919,0.43002656,-0.074423,0.21616955,0.7849533,1.192171,-0.43220979,-0.99845886,-0.37435663,-0.13131806,-2.0152471,0.37109658,0.3162874,0.22702681,-0.79050881,-1.4201436,0.26300222,-0.62309253,0.61517739,0.044740379,-0.104959,0.78598726,0.35609925,0.29353562,0.48044869,0.016312953,-0.10930367,-0.38400087,-2.349504,-0.84491575,-0.98986894,0.001659805,-0.95637429,0.48421353,-0.24496336,-0.24163663,0.042395622,2
0.53081536,0.27349985,0.22513427,0.5674789,0.56955445,0.58331537,0.58669126,0.55475181,0.54436302,0.5887152,0.54076397,0.54062963,0.55245113,0.53476954,0.57629883,0.55932188,0.54080558,0.60136825,0.57521224,0.52359891,0.57835162,0.564327,0.56828523,0.53539109,0.57696855,0.571123,0.54717386,0.58002865,0.53274715,0.57582951,0.53767121,0.5766561,0.51277417,0.53093815,0.56821299,0.51910365,0.54662746,0.57209778,0.52869165,0.53435564,-0.76964831,0.19751377,0.27133125,0.31116098,1.254017,1.6330211,1.1996173,0.61211836,0.72627389,1.5446095,1.3426733,1.0860053,0.23952276,-0.19894271,-0.086131282,-0.27578831,0.45791507,0.26599845,0.29644915,0.22560868,-0.3574754,0.012334066,-0.4382413,0.33673164,-0.75463897,-0.11180727,-0.10424681,0.70140803,0.25011328,1.3387386,-0.16291119,0.23373,-1.032266,-0.36352384,0.093915373,0.65834916,-0.85059947,0.45135492,0.21223615,-0.7349658,-0.077677362,-0.95393705,-0.52528751,0.54317689,0.65010089,0.51265341,0.071215376,-1.4658519,0.5573833,0.057480346,-0.88901871,0.70703685,0.031943373,-0.079220936,0.39446223,-0.28971916,0.53757161,-0.40452188,0.09206304,0.39493808,-0.56506377,-1.0718513,0.06505423,0.42339349,-0.26999143,-0.009853318,0.14470889,-0.14354709,-0.050776757,-0.34348977,0.50125694,1.0063548,-0.17082798,-0.2639817,-0.3465434,0.14537077,0.4685941,-0.94001979,0.39899951,-0.99437082,-0.37802696,-1.6226742,-0.91248322,0.031990692,-0.35164213,0.26176819,-0.56147909,0.16301882,-0.13946968,-0.21358921,-0.61179078,-0.39222658,0.35787129,-0.91287243,-0.084041707,-0.14602724,0.1513835,0.49933565,-0.48133457,-1.3549515,0.34369749,0.37123245,0.69009149,-0.13212653,0.54614878,0.32419616,0.006519012,-0.58494699,-0.22121115,0.43794155,-0.48946261,-0.22763637,0.26225281,-0.25757441,-0.67130613,-0.12061303,-0.50858128,-0.62699866,0.22884595,-0.26705593,-0.072155386,-0.57148755,0.5555951,0.47179285,-0.051614732,-0.048279654,-1.6456767,0.7701152,-0.2284247,-0.17855439,0.0135625,-0.49771798,-0.05592528,-0.11146423,-0.57623088,0.89183885,-0.62263405,0.13006333,0.42788836,-1.2736843,-0.169246,0.48691756,-0.086379804,-0.35818049,-0.77983236,0.61975682,0.24143419,0.42481634,0.59472656,-0.57850069,-0.23095293,0.045180794,0.071373314,0.15339616,0.18497467,0.024089649,0.041661635,-1.0989912,-1.4516293,-0.67468959,0.19192135,0.40183476,0.32965344,-0.63821244,-0.37334833,0.22005764,1.4416447,-0.29559264,0.072078101,-0.35769466,-0.18578339,1.0488153,0.10399918,0.21546255,2.0032234,-0.028094128,-2.2299125,-0.074166954,0.72701442,0.00798212,-0.089048967,-0.65878713,0.17183724,-1.4015385,0.25057298,-1.0799872,0.32846534,0.11572385,-0.74566144,-0.025018025,0.37461761,0.53696775,-0.26005957,-0.26428747,-2.3634222,0.26759031,-0.52749908,-0.22416848,-0.15792319,0.24473944,0.49619019,0.38019371,-0.30867085,0.69584346,-1.4550775,-0.95704222,0.12577727,0.10665536,-0.48716831,0.17735189,0.39176041,0.43161049,0.014686147,0.47810233,0.43926543,0.58488721,-0.83799875,-0.34054658,0.24201402,-0.12060751,0.20474738,-0.088073917,-0.20648319,-1.0163031,-0.43878725,0.034271944,-0.34533608,0.50976968,1.0544348,0.36632049,-0.42282009,0.085854635,-0.30567056,0.30706885,0.52183825,-0.37320396,0.020421136,1.3507005,0.078952529,0.051921029,-1.0085894,-0.10866003,-1.7918018,0.90827835,-1.2360127,-0.29725626,-0.25764579,-1.3022648,-0.22382988,0.13752118,0.41791421,0.68820113,0.50763804,0.27400979,-1.594633,0.90184671,0.022226723,0.85253358,-0.023843192,-0.92349869,-0.050469153,-0.76754129,0.57486087,0.40011668,-0.80206501,0.22177388,-1.5540011,-1.5936816,-1.3372869,-0.36448801,0.37269747,1.0498463,0.21174218,-0.8485927,0.62535727,-1.2165109,-0.094807059,0.123438,-0.97455949,0.076030023,0.037962075,0.45124173,-0.062857106,0.5212338,0.050527483,0.39459279,0.089396439,0.54910082,-0.056659482,-0.091807865,-0.64559972,0.3422789,0.90179831,-0.46669349,0.67551279,0.47873691,0.41317743,-0.60223931,0.63555062,0.46723369,-0.89950621,-0.44612652,0.1672807,0.1722233,0.27404425,0.76484084,-0.30776697,-0.49461558,-0.4576062,0.069635153,0.42332494,-0.10435082,0.25066027,-0.21842414,0.097789228,1.1094689,-0.87690222,0.15784465,0.24085787,-0.58961236,0.030045021,-0.37984395,-1.267108,-1.6755505,-0.18262625,0.46046036,0.077945955,-0.25330654,0.6808272,0.32290882,0.45374525,0.19820839,-0.097592086,-0.31737375,0.18907095,0.063144773,-0.08425431,-0.80760312,0.16941576,0.26081353,0.92928779,-1.4959407,-0.20786455,1.3100412,1.1095376,0.39400604,-1.1167991,-0.24696349,-0.41117865,-0.10574566,0.094398052,0.57309026,0.70890594,0.54392219,0.37547177,0.1608198,0.21635355,0.56694442,0.64397031,1.1339824,-0.70795709,0.2745069,0.29659793,0.12145324,-0.42698935,-0.17537622,-1.4167652,0.19963756,0.021015849,-0.32995817,-0.49744189,0.10078931,-0.062795684,-0.70487309,0.33853251,-0.23961568,0.18333134,-0.11779539,0.31575844,0.92927301,0.33688301,0.010748312,0.51735133,-0.27508318,-0.059699893,-0.99632633,0.296395,-0.57935697,0.41040835,0.70395786,-0.7969591,-0.34122866,0.3281492,0.30738115,-0.48458299,-1.0386895,0.54698467,-0.59857672,-0.060795527,-1.4297373,0.19300184,-0.2034367,-0.34769893,-0.49219179,0.83239132,0.54341227,-1.5852487,-1.1092201,-0.2981877,-0.01561214,0.19946857,0.049795996,0.001149878,0.34223986,0.093912974,-0.20684889,0.23684314,0.32030469,0.44913676,-0.10939129,-0.19778442,0.1765185,-1.287387,-0.10526855,0.49992642,0.005946466,0.25850812,0.54192847,0.97912711,-0.37551111,-0.65783101,-0.31119153,-0.090914063,-1.6783129,0.27452394,0.29628226,0.59469712,-0.67743063,-1.2023216,0.24399304,-0.57447827,0.26134792,0.063656345,-0.14424594,0.60403168,0.057451095,0.27222642,0.47506511,0.013710396,-0.061090671,-0.36174405,-1.9925898,-0.7658487,-0.74764311,-0.25963074,-0.74893123,0.19793586,-0.1058605,-0.24953811,0.090613618,2
0.48898596,0.23723499,0.18926874,0.53388578,0.5531159,0.56795478,0.53206801,0.51564139,0.54302835,0.53324628,0.55017638,0.48672491,0.512815,0.49933076,0.55440891,0.50580692,0.49563295,0.53853881,0.55897093,0.50760639,0.52109468,0.52622956,0.52190989,0.48170182,0.51627183,0.52640092,0.58235443,0.55227196,0.51811993,0.53857619,0.53468037,0.52781332,0.51121521,0.53299272,0.52187872,0.46403301,0.48902363,0.52453095,0.47681409,0.5223248,-0.82470071,0.17858566,0.29300714,0.33066905,1.3091449,1.6711657,1.2395846,0.64997113,0.76682496,1.6060492,1.3875964,1.1358999,0.25704235,-0.25315514,-0.23086639,-0.27305579,0.59012574,0.3120476,0.29261523,0.22822258,-0.74317938,-0.015995173,-0.48476815,0.4265933,-0.77046937,-0.045992997,-0.12131528,0.71228725,0.3667981,1.2964327,-0.15582313,0.35714751,-1.0858868,-0.30013597,0.049521994,0.80451149,-1.1218541,0.48276374,-0.013837144,-0.79667342,-0.037270062,-0.96396852,-0.52429551,0.6755538,0.77472198,0.74895293,-0.04474533,-1.4919503,0.81515259,0.12164517,-0.91779453,0.55881357,0.005987119,0.04242292,0.67844272,-0.10017788,0.46028015,-0.37732878,0.11908145,0.49241808,-0.81451946,-1.0332456,0.060125537,0.45389783,-0.29147023,0.002243519,0.062785588,-0.15457134,-0.10642043,-0.3552444,0.44871891,1.0087425,-0.24897563,-0.57252645,-0.28098232,0.10584302,0.35699061,-0.90705186,0.24547672,-0.78853309,-0.42258257,-1.692892,-0.88315552,0.014285453,-0.24727222,0.33049124,-0.46297425,0.053842857,-0.11276883,-0.020398267,-0.75403214,-0.44698614,0.39307803,-0.93943882,-0.085520983,-0.084463865,0.086727872,0.51596045,-0.45588967,-1.3767343,0.74271131,0.375963,0.8026678,-0.22482839,0.61167401,0.37297568,0.0714733,0.10388978,-0.21038057,0.51799965,-0.65817094,-0.11266065,0.31921056,-0.10022885,-0.71233904,-0.085367873,-0.55249441,-0.6939351,0.27644491,-0.26379219,-0.035620399,-0.61998487,0.76962763,0.75024849,-0.03100471,0.061521076,-1.723344,0.74236375,-0.075502448,-0.063106567,-0.002823949,-0.50546455,0.028406376,-0.049250022,-0.64019835,0.98068756,-0.61915457,0.081282198,0.5659672,-1.1405957,-0.33962554,0.32682729,0.002718076,-0.35475898,-0.82532465,0.55377424,0.2330433,0.19549337,0.98915172,-0.64091754,-0.22989251,0.014293566,0.11565614,0.3066853,0.14622436,0.18162864,-0.17388314,-1.097561,-1.5361596,-0.7827943,0.22162296,0.60465479,0.49604926,-0.46546388,-0.5422011,0.18830919,1.288622,-0.32340735,0.0856179,-0.34765464,-0.15591729,1.1124226,0.16080971,0.21478288,1.3499044,-0.074070752,-2.311455,-0.088767521,0.84210545,0.016963884,-0.11694016,-0.55256659,0.022357598,-1.4351907,0.18048677,-1.3320045,0.003861606,0.18931559,-0.76367003,-0.017086579,0.4228462,0.45705003,-0.30616656,-0.089499488,-2.3954074,0.21164948,-0.56658107,-0.11362018,-0.15087196,0.22839838,0.36086267,0.22846046,-0.25595361,0.65481943,-1.4219148,-0.90285623,-0.15871002,0.37396172,-0.53382874,0.19501615,-0.090492308,0.4638443,0.14810543,0.51192832,0.35264489,0.85515529,-1.0283263,-0.35796189,0.51016003,-0.1166595,0.28954613,-0.14344144,-0.13263673,-1.0756449,-0.37358066,0.066297449,-0.64643741,0.54041648,1.1897821,0.42528579,-0.4279682,0.1075826,-0.46932843,0.76804876,0.67390597,-0.41644105,0.096090376,1.7499281,0.32115763,0.069662273,-0.83813077,-0.25665963,-1.7971076,0.8101005,-1.1675622,-0.39175716,-0.24256563,-1.4015567,-0.32118204,0.27487421,0.22326683,0.60115081,0.58570153,0.29971591,-1.6734579,0.80261487,-0.042035505,1.0295963,0.1328682,-0.91996264,-0.074654028,-0.89642745,0.44116563,0.2125212,-0.90926039,0.28702587,-1.6172986,-1.4949031,-1.3883479,-0.347866,0.72649229,0.90717673,0.20226189,-0.74923927,0.60142148,-1.3140385,-0.16974749,0.48109835,-0.98477334,-0.092805453,-0.24341077,0.43221772,0.18956763,0.49839073,0.065943167,0.51575851,0.022057757,0.24242893,0.034431651,-0.083249055,-0.80290979,0.32835692,1.1257567,-0.37746173,0.55459738,0.4210158,0.53557897,-0.68682504,0.71177399,0.37328145,-1.0404519,-0.38119242,0.10191904,0.064117931,0.2511631,0.7384879,-0.2912375,-0.52043891,-0.50129366,0.20455608,0.55248147,-0.18348059,0.26400453,-0.20130879,-0.009360194,1.3047824,-0.963449,0.14538693,0.2532604,-0.75274754,-0.033928249,-0.12874778,-1.1506848,-1.7556449,-0.36611009,0.48393214,0.16978367,-0.27502677,0.71032345,0.34378722,0.52039242,0.1706855,-0.10806414,-0.37978929,0.21445657,0.34235683,-0.048331112,-0.45709252,0.13105796,0.076966994,1.2197543,-1.6569903,-0.13802488,1.5182534,1.8101614,0.50482029,-1.1322063,-0.12815671,-0.2243531,-0.016844429,0.005886398,0.38472295,0.79207462,0.88406134,0.59849715,0.14749128,0.22115561,0.78174883,0.72146988,1.2714028,-0.74748129,0.37986493,0.41412669,0.16339481,-0.3390756,-0.17865407,-1.3202834,0.22389244,0.028616548,-0.47740367,-0.44345251,0.49230018,0.26048553,-0.68606919,0.08218427,-0.26648939,0.28492367,-0.10099465,0.70847559,1.0709842,0.34543511,-0.13125408,0.53572518,-0.10938586,0.09598954,-1.0767386,0.29552677,-0.66938144,0.20165047,0.61343926,-0.7349515,-0.28885591,0.25951147,0.43587482,-0.54288715,-1.0852567,0.55755872,-0.71691245,0.2371306,-1.4712312,0.35633871,-0.20811442,-0.54378533,-0.58226854,1.0171876,0.62188494,-1.7534232,-1.0661447,-0.2733326,0.054209724,0.17733391,0.04757059,-0.000329772,0.46867108,0.17943081,-0.21087524,0.29909629,0.30676538,0.4324705,-0.014040887,-0.21865234,0.16943708,-1.4112349,-0.074248433,0.39046356,0.022827324,0.25216436,0.69084769,1.178941,-0.34368664,-0.77984625,-0.29366356,0.097574428,-1.9119645,0.38674825,0.27557775,0.33190709,-0.76267469,-1.3367757,0.26966509,-0.51799142,0.39611423,0.11023735,0.005454853,0.39545614,0.068467341,0.20327473,0.36916035,0.024544412,-0.080801889,-0.29376763,-2.100018,-0.64998257,-0.77276564,0.009293154,-0.71032047,0.31378084,0.15174493,-0.28595966,0.12075959,2
0.65962231,0.41527572,0.366781,0.62981331,0.61041403,0.63740724,0.6218462,0.61292392,0.62137675,0.61871231,0.61577678,0.61773497,0.62256533,0.5997498,0.63507831,0.62107956,0.62123978,0.64435416,0.62638414,0.61154783,0.60446429,0.6207934,0.60911888,0.60883796,0.62096047,0.62240744,0.6241222,0.62073141,0.62333447,0.61615551,0.6151098,0.62017882,0.60768658,0.60681462,0.61030018,0.60148323,0.5985285,0.61076993,0.59099221,0.60711086,-1.0742286,0.35672313,0.70723069,0.6201219,1.5578941,1.7693546,1.6365945,1.0051417,1.1511371,1.9296725,1.6656792,1.4916087,0.48375022,-0.23378898,-0.31224972,-0.33173549,0.87465024,0.48095566,0.43976456,0.38766259,-0.50028574,-0.010306692,-0.57252926,0.52981007,-0.80731052,-0.11915082,-0.21866386,0.7746197,0.28480259,1.5828929,-0.26730537,0.33240592,-1.2079006,-0.19942783,-0.088903293,1.3001459,-1.1877892,0.76984465,0.14552674,-0.97408128,-0.065740965,-0.98678571,-0.55420142,0.83925647,1.1846478,0.8727423,-0.029672397,-1.8000193,0.90634012,0.16174848,-1.1094773,0.59875268,0.030744396,0.071017921,0.80065835,-0.090205222,0.49538508,-0.54252529,0.055141039,0.69077957,-0.73736995,-1.2814569,0.026273824,0.60266203,-0.44310293,0.14812827,0.20650037,-0.21782695,-0.092055723,-0.32776457,0.44992056,0.84920305,-0.24357592,-0.69881833,-0.58202493,0.20994364,0.63719934,-1.2084575,0.42456993,-1.4213717,-0.41259181,-1.9605577,-1.1219182,-0.10034981,-0.34053749,0.24697399,-0.54390657,0.022721358,-0.10873827,-0.19150902,-0.9686901,-0.57016855,-0.071744427,-1.1494021,-0.33018607,-0.17920762,-0.017232001,0.36131805,-0.53908926,-1.904026,0.53336668,0.57237244,0.99041235,-0.28299898,0.64030969,0.39384761,0.12307386,-0.39995986,-0.14490782,0.51616508,-0.74946201,-0.046524487,0.56119275,-0.3214547,-0.83004105,-0.056230571,-0.7576282,-0.76664901,0.30881387,-0.64181376,0.097747318,-0.75561064,0.90616071,0.85612935,0.032405715,-0.10945418,-2.0180361,0.72408336,-0.052393425,-0.07038141,-0.15122876,-0.66481686,-0.1037173,-0.29805541,-0.79081416,1.2041042,-0.98367465,0.17737387,0.73782682,-1.8765765,-0.34186929,0.3602984,-0.19303612,-0.50224638,-1.1785862,0.48884892,0.14239165,0.38174599,1.1557881,-0.84059948,-0.3657105,0.14452726,0.17009263,0.20308958,0.48746723,0.077554375,-0.15889698,-1.4043365,-1.8265197,-0.85338598,0.31572345,0.60923934,0.4402442,-0.54476392,-0.41342953,0.11614144,1.4132779,-0.20704891,0.030009728,-0.39507112,-0.34245318,1.2642589,0.18343648,0.37683329,1.6873046,-0.16457769,-2.7583835,-0.075370975,0.62832808,0.029951112,-0.13459291,-1.0313313,0.010907926,-1.7560079,0.26416236,-1.5568987,0.19865604,0.049600586,-0.87419379,0.16486467,0.55453432,0.5856564,-0.22556622,-0.44108912,-3.0767133,0.33484349,-0.40670639,-0.03797337,-0.051629163,0.5082683,0.42449352,0.1975438,-0.18223278,0.50052845,-1.8053955,-0.97364968,-0.40364426,0.52474213,-0.52439338,-0.001389816,0.22871897,0.52894861,0.009810693,0.53173685,0.35792279,0.96240306,-1.08915,-0.3579374,0.82225192,-0.026932951,0.2805571,-0.11167019,-0.23645332,-1.2380927,-0.453493,0.14415801,-0.44073534,0.5674386,1.3568717,0.47717506,-0.57520485,0.22373736,-0.49306548,0.64432609,0.81371474,-0.49631235,0.1294215,1.9274645,0.22761902,0.26559055,-1.227962,-0.23306212,-2.2110002,1.0875068,-1.6489861,-0.56714094,-0.14525239,-1.5340487,-0.35215384,0.19664669,0.12087759,0.82968354,0.64508575,0.37264672,-2.0153165,0.98435032,0.14578743,1.3148698,0.087575987,-1.1575576,-0.093096837,-1.0389169,0.70557737,0.33386809,-1.0194376,0.44158423,-2.1822422,-1.9154484,-1.6646162,-0.35721967,0.76876187,0.84967256,0.2905972,-1.2474071,0.9740448,-1.5115004,-0.35113001,0.52497786,-1.2309291,-0.17479455,0.01376889,0.50422543,0.15477921,0.53758323,0.021186631,0.44739309,0.013747346,0.4300918,0.1570196,-0.11892921,-1.0448841,0.61369991,1.3121467,-0.66249537,0.96656841,0.52219379,0.48091051,-0.90301543,0.76272964,0.35553533,-1.2197117,-0.4951573,0.12488645,0.020567946,0.17127514,0.9341011,-0.35634935,-0.68749523,-0.64590675,0.012579486,0.67075109,-0.19644107,0.14870799,-0.41624105,0.25121519,1.5011013,-1.3688775,0.18243046,0.44782144,-0.73305273,-0.020626055,-0.14758036,-1.5336977,-2.259366,-0.39315468,0.74150765,0.26771182,-0.36544448,0.80182141,0.2691803,0.60180545,0.37062401,-0.099082679,-0.62696046,0.34122431,0.10188221,-0.16825122,-0.67989171,0.26149547,0.2161255,1.5737163,-1.9147494,-0.034765843,1.7756927,2.0464883,0.42130539,-1.239858,-0.34092805,-0.54975533,-0.15353324,0.08731994,0.39304137,0.93454719,0.91525173,0.60171306,0.19540532,0.2865696,0.90696228,0.76716894,1.4595281,-1.1028702,0.41321445,0.42555958,0.002781183,-0.38844606,-0.20858072,-1.4747691,0.43090901,0.085302845,-0.38527393,0.1820536,0.50041366,0.33706862,-0.80543327,0.20071374,-0.26578578,0.3281045,-0.30047184,0.86502939,1.4598825,0.36539716,-0.017336361,0.67480063,-0.34070829,-0.065688275,-1.1925114,0.28213862,-0.70919347,0.19110706,0.85317218,-1.086096,-0.49454695,0.41711989,0.45285562,-0.76378918,-1.4513178,0.74126667,-0.79606044,0.091757998,-1.7988846,0.28789723,-0.28165817,-0.57569408,-0.62495917,1.1938435,0.58078951,-2.259058,-1.4240978,-0.44431639,-0.024176184,0.29490262,0.005056732,0.055842832,0.49949366,0.32688859,-0.2835699,0.32241929,0.37396419,0.37168121,-0.001629815,-0.31639186,0.46528083,-1.6420894,-0.020104475,0.56516296,0.036574721,0.29045844,0.75724435,1.6061248,-0.46211201,-1.0950708,-0.45770437,0.25057259,-2.1523747,0.50017881,0.24648447,0.48456043,-0.97414464,-1.6808599,0.29141569,-0.51511145,0.56294465,0.11682403,-0.062644459,0.32991216,0.20971887,0.36635864,0.38145372,0.017679779,-0.33375525,-0.44756818,-2.4460108,-0.77036607,-1.270339,0.074626774,-1.029776,0.36946344,-0.071377881,-0.34238103,0.12354535,2
0.5939132,0.33775085,0.28704187,0.61901748,0.64696598,0.67240918,0.62634534,0.60991168,0.60897052,0.6420418,0.60836047,0.57610708,0.58186001,0.5890255,0.61613011,0.62482142,0.57803178,0.63473099,0.64353919,0.58077818,0.62399685,0.62802529,0.61958486,0.47219914,0.61849177,0.61219192,0.62978917,0.64867854,0.59979177,0.6503762,0.60517848,0.62859261,0.58144689,0.57590938,0.61736655,0.58399457,0.58104873,0.61060178,0.59185493,0.62258339,-0.91065836,0.27441809,0.39888918,0.39286774,1.3688612,1.6848285,1.3227829,0.73340845,0.85888875,1.6762019,1.4518561,1.2183714,0.22730857,-0.23999907,-0.31490472,-0.34496027,0.49893075,0.32585463,0.33860579,0.24571007,-0.31367835,0.1218385,-0.43443286,0.33009571,-0.96462131,-0.12103239,-0.1964684,0.72368973,0.56249809,1.4289967,-0.20369504,0.21133433,-1.1968468,-0.38949665,0.11410557,0.82801461,-1.1662077,0.43642008,0.35685995,-0.94418728,0.05826553,-0.73247957,-0.63034546,0.4080472,0.64857441,0.80241853,0.081213012,-1.6057379,0.524912,0.11808345,-1.0262051,0.69332039,0.079875067,0.053730894,0.75985497,-0.16874211,0.53719538,-0.3651714,-0.037756152,0.44102603,-0.9980967,-1.1980513,0.083902687,0.59910065,-0.43701446,0.21290067,0.27636075,-0.13045359,-0.043044671,-0.33383799,0.42880234,0.98372978,-0.29753482,-0.44399512,-0.47723016,0.6369853,0.22128357,-1.0240723,0.30730572,-1.0111238,-0.40108287,-1.7034986,-1.0463642,-0.02450018,-0.20494494,0.33316916,-0.53520036,0.22730759,-0.15681084,-0.066943854,-0.76484191,-0.47594792,-0.18701503,-1.1532948,-0.14564633,-0.080835387,0.06813696,0.11619222,-0.45117468,-1.5512037,0.59043562,0.44278753,0.84396648,-0.27941599,0.59000921,0.35264668,0.11658354,-0.23870488,-0.40568888,0.25816831,-0.65522534,-0.28598732,0.27633032,-0.19941218,-0.79716307,-0.018351361,-0.56894106,-0.71812582,0.29606241,-0.34335494,-0.087508291,-0.6984452,0.89441633,0.52784848,-0.012700225,0.00138386,-1.8820044,0.51326555,-0.038420241,-0.12576649,-0.099567726,-0.59897071,0.02754778,-0.1609095,-0.64117789,0.89272577,-0.70313203,0.12915547,0.37627652,-1.6437453,-0.36849976,0.49807656,-0.13590288,-0.38932431,-0.8710168,0.5789876,0.2900337,0.20430562,0.83624297,-0.770064,-0.27621326,0.1074499,0.11725917,0.24368034,-0.10714108,0.25890666,-0.27539337,-1.2224162,-1.6354841,-0.84978157,0.21539126,0.54472208,0.43892768,-0.4050678,-0.56111765,0.20266557,1.5650337,-0.14740369,-0.001527693,-0.42469424,-0.23974571,1.121204,0.078409255,0.22283883,1.3738267,-0.057535604,-2.5627177,-0.068182372,0.503883,0.029940646,-0.29153347,-0.66111004,0.13826625,-1.4933494,0.25533056,-1.4159334,0.52310282,-0.056471579,-0.86191577,-0.024700411,0.052395731,0.52145469,-0.23241018,-0.21535109,-2.5640864,0.33953631,-0.71893889,-0.25200516,-0.052760623,0.085109822,0.58982015,0.44157812,-0.25453836,0.59283477,-1.4311825,-0.76811945,-0.39195156,0.20795324,-0.58230364,0.039302148,0.26735657,0.52424556,0.19616732,0.58660161,0.37797496,0.88217545,-1.0830491,-0.34840706,0.22036198,0.086245686,0.30771601,0.000352541,-0.10620212,-1.151126,-0.39832172,0.10061457,-0.41675246,0.64626914,1.1353459,0.41878852,-0.47499639,0.11000381,-0.45200959,0.62866503,0.47848466,-0.44472176,0.14236602,1.7444398,0.18720505,0.27188122,-1.1275786,-0.15344681,-1.9472253,1.0620106,-1.1590279,-0.35922894,-0.21925658,-1.4509679,-0.24011794,0.32182142,-0.025992036,0.39359221,0.33414701,0.26274118,-1.92545,1.0145819,0.35879913,1.0044399,0.077386156,-0.95471859,-0.051094431,-0.96578705,0.55089062,0.45213476,-0.97574484,0.27053189,-1.8961596,-1.7381309,-1.448332,-0.43606958,0.74692774,0.30933905,0.16712177,-0.95958543,0.60147864,-1.2699022,-0.10229426,0.33702984,-1.0995545,-0.080385372,0.0043528,0.53643966,-0.098852471,0.40255144,0.019097004,0.65135568,0.072023273,0.79211038,0.092818692,-0.12365685,-0.81491643,0.36416101,1.1394507,-0.5867269,0.68737423,0.55931795,0.59193766,-0.68788612,0.55426913,0.2746166,-1.0141417,-0.38760749,0.12414551,-0.041315436,0.21525836,0.72260582,-0.32275748,-0.67375821,-0.55069631,0.049111411,0.61136526,-0.30266041,0.18424073,-0.2132117,-0.010498181,1.1044908,-0.93649435,0.2000517,0.21625598,-0.70166576,-0.023430966,-0.37625667,-1.3460915,-1.8701768,-0.093839362,0.53637969,0.25804019,-0.25790349,0.86692989,0.4290871,0.45677125,0.21189608,-0.25744396,-0.45917273,0.17691503,0.057606749,-0.1272981,-0.39561313,0.22057328,0.20670038,1.2922637,-1.7004901,-0.17884056,1.7068254,1.7169511,0.30752203,-1.4062262,-0.17166477,-0.26606715,-0.045159273,0.075213738,0.46412209,0.81056905,0.93705809,0.4781732,0.19333763,0.23785342,0.73690885,0.73163247,0.79629189,-0.96364051,0.36306977,0.31372952,0.070531614,-0.28890398,-0.21778311,-1.690837,0.21976435,-0.000100091,-0.42785555,-0.1217223,0.24028546,-0.003411338,-0.71586883,0.38050222,-0.295553,-0.1793775,-0.14996766,0.40386257,0.95301902,0.35112008,-0.008201158,0.6041621,-0.15427175,-0.075903885,-1.1331147,0.29028738,-0.77904975,0.065909781,0.68405271,-0.96191001,-0.36197904,0.42660758,0.51534134,-0.59170866,-1.1599816,0.67612624,-0.62463152,0.30137354,-1.6326895,0.4104062,-0.3010695,-0.35563546,-0.63038015,1.0384068,0.59993601,-1.9556341,-1.3007784,-0.31493244,0.067664593,0.23353922,0.061472449,0.094283491,0.33826476,0.14971489,-0.20168379,0.21455878,0.33265337,0.53485155,-0.034199372,0.038380809,0.25662816,-1.504004,-0.11616945,0.35002363,-0.086658433,0.23702684,0.81952721,1.1327969,-0.41424656,-0.93925422,-0.40199876,-0.18049866,-1.9487455,0.43683365,0.36854541,0.28007334,-0.79942679,-1.4211247,0.26658979,-0.66417235,0.49751368,0.10384084,-0.064107448,0.77514511,0.15309924,0.29359704,0.41331768,0.018408019,-0.15816684,-0.36892876,-2.1981654,-0.75571781,-0.84211934,0.080176085,-0.92137361,0.2473398,-0.19944298,-0.21628578,-0.011000969,2
0.54500127,0.31536129,0.28404298,0.53270978,0.51051509,0.5447818,0.51846921,0.50070381,0.52149665,0.53261143,0.50375271,0.50421596,0.49897242,0.48053741,0.51958913,0.52585566,0.50790274,0.5554142,0.52577877,0.50167084,0.48722905,0.5163393,0.49966067,0.50078499,0.50809485,0.49939549,0.512245,0.51616287,0.50686622,0.50045758,0.50252378,0.49925637,0.498285,0.48033106,0.49615324,0.48091298,0.48341572,0.49848056,0.47681445,0.49116635,-0.93219638,0.2691251,0.4547925,0.41993597,1.3747334,1.7346201,1.37445,0.77376419,0.90737349,1.7115284,1.465055,1.2564909,0.3084574,-0.21630634,-0.076400481,-0.39589435,0.56673419,0.3036626,0.38949895,0.2566126,-0.90350199,0.037326641,-0.50086111,0.51272988,-0.78460991,-0.019124031,-0.19148391,0.7446599,0.25809079,1.7481225,-0.1968988,0.25932351,-1.1029161,-0.24831924,0.023978844,0.82207829,-0.98040342,0.53299111,0.30182013,-0.92426121,-0.16137454,-1.2563787,-0.50046962,0.52078551,0.78872442,0.82037359,0.050772171,-1.6725845,1.0338784,0.14692707,-1.0658622,0.44234797,0.044749562,0.033749975,0.97845173,-0.079878815,0.44360811,-0.4962413,0.11355938,0.54594952,-0.52305257,-1.0798664,0.081476696,0.47411966,-0.24974477,0.27728847,0.061477803,-0.28209007,-0.064600468,-0.35884759,0.58049297,0.96780753,-0.26430658,-0.41541612,-0.59270543,0.30954406,0.5195598,-1.1277924,0.38738105,-1.010206,-0.44137031,-1.8181002,-1.2136168,-0.041309044,-0.46732104,0.24447325,-0.43187994,0.18087314,-0.18659207,-0.24805631,-0.98448348,-0.48314422,0.50358212,-1.0846156,-0.24169552,-0.1766886,0.14201185,0.2805115,-0.5997988,-1.8431618,1.1830724,0.44199756,0.82819825,-0.1964314,0.57927048,0.47388113,0.038551714,-0.15555657,-0.15802832,0.29831851,-0.50840181,0.18287353,0.34037805,-0.3706339,-0.79749095,-0.13490385,-0.73155099,-0.77384949,0.3716673,-0.37988436,0.019577578,-0.61938381,0.84553236,0.87212515,0.034960683,-0.065720275,-1.8958904,0.84404546,0.059374087,-0.27699575,-0.0370561,-0.55357569,0.041818649,-0.20818974,-0.71745855,1.0939752,-0.62621868,0.114359,0.61009133,-1.5700262,-0.40156913,0.30196461,-0.044119745,-0.55586547,-1.072684,0.42723504,0.21960312,0.36120898,0.95913249,-0.70482469,-0.26279277,0.040367663,0.055824067,0.26669922,0.33134359,0.091406748,-0.11198926,-1.287896,-1.723034,-0.77308965,0.25145122,0.69646662,0.3337411,-0.47954777,-0.32480708,0.10928974,1.5002534,-0.1205232,0.086098023,-0.36492902,-0.31788021,1.097384,0.11264923,0.23654975,1.6080825,-0.10173077,-2.7058821,-0.040128499,0.7381072,0.022789471,-0.081337973,-0.88821131,0.07937929,-1.6039729,0.26216662,-1.4826044,0.30272686,0.058096386,-0.86312532,-0.049125127,0.43855011,0.53098005,-0.27080506,-0.027920499,-2.7868087,0.27892986,-0.49172044,-0.2142462,-0.084118024,0.155356,0.48907351,0.13770118,-0.22948468,0.75600642,-1.8060511,-0.98436868,-0.2548053,0.35504225,-0.4444727,0.16468352,0.26193193,0.44588101,0.046201006,0.56195122,0.40119952,0.96743107,-1.0403467,-0.41019818,0.67040086,-0.069275804,0.2969321,-0.10047796,-0.2736285,-1.1967441,-0.39811981,0.10504416,-0.51059556,0.57752126,1.3269678,0.40319413,-0.4359135,0.2951434,-0.37864521,0.82643718,0.76934725,-0.42995247,0.070959799,1.755071,0.4001683,0.18549979,-1.0480366,-0.20659752,-2.1063631,1.060197,-1.6145731,-0.34930778,-0.23145775,-1.3987058,-0.21336418,0.2414142,0.0052775,0.68945122,0.72399276,0.52146363,-2.0109096,0.93023598,0.03179333,1.384784,0.090353504,-1.0174791,-0.12103827,-0.8728506,0.55587077,0.18829419,-0.85433197,0.37184751,-2.0133624,-1.9028884,-1.6322668,-0.31478518,0.77533841,0.8348856,0.22529498,-1.0789107,0.72406107,-1.5239003,-0.33257711,0.35471928,-1.1494895,-0.014403032,-0.003062252,0.68277049,0.10071047,0.43125188,0.016872326,0.50779366,0.034838744,0.64180118,-0.023835821,-0.12860946,-0.93097281,0.37355065,1.272501,-0.69310695,0.65416682,0.49159381,0.56532532,-0.8033604,0.89314079,0.45853856,-1.263515,-0.4511236,0.16476619,0.17870221,0.23973219,0.99806428,-0.40119857,-0.59199971,-0.54011869,-0.011269415,0.81977206,-0.26627281,0.2087307,-0.33091551,0.16768532,1.3262047,-1.1977701,0.13389167,0.29628989,-0.70401973,-0.066133417,0.11196921,-1.5340688,-2.1569035,-0.27280623,0.54034448,0.15858163,-0.27522928,0.7621153,0.22600195,0.50275373,0.22894223,-0.16432096,-0.61660516,0.20200969,0.18512511,-0.11416544,-0.43451324,0.20743051,0.12251329,1.270265,-1.7015312,-0.10366242,1.6156492,1.7974843,0.46778476,-1.3471087,-0.32520798,-0.5245446,-0.14429626,0.12638086,0.44525531,0.93912393,1.0192609,0.47743565,0.23744896,0.20783511,0.94619322,0.73026621,1.1470839,-0.90683615,0.3740547,0.3804664,0.12275358,-0.38775793,-0.21117018,-1.4432795,0.27892643,0.039245117,-0.3899174,-0.13947989,0.61270225,0.26183754,-0.74414861,0.10819642,-0.24718782,0.46035427,-0.2471405,0.90411282,1.0962574,0.35837418,-0.060221266,0.5976721,-0.13201126,0.20141684,-1.1908443,0.37263459,-0.60226583,0.20371933,0.81246197,-1.0004321,-0.48794284,0.38658929,0.53057337,-0.79216278,-1.3337938,0.69204319,-0.6723485,-0.020289687,-1.604097,0.23848903,-0.15957947,-0.43526021,-0.54714882,1.1299584,0.49925119,-2.0765631,-1.442642,-0.39081287,0.000976349,0.27556539,-0.013199739,0.016139019,0.59937406,0.16314445,-0.24833496,0.19091855,0.31061929,0.37341821,-0.023216918,-0.10287327,0.36625233,-1.5934486,-0.003676511,0.54579341,0.000236347,0.21674636,0.66113508,1.0461024,-0.43264827,-1.117879,-0.28202328,0.42826182,-2.0822611,0.33208454,0.20593701,0.36608228,-0.85776925,-1.5708492,0.3361859,-0.60097045,0.051053867,0.10286101,-0.074698791,0.70436072,0.14716953,0.31838861,0.44391072,0.017430598,-0.29270458,-0.43853331,-2.3558979,-0.79803699,-1.0937858,-0.011958685,-1.0035373,0.26700944,-0.060620271,-0.33917591,0.019580051,2
0.44103366,0.19578645,0.17733788,0.43589044,0.42727292,0.44235253,0.43146265,0.43138063,0.42543998,0.43021852,0.41753581,0.42433482,0.42426503,0.40928414,0.44169348,0.41227579,0.43294311,0.44012731,0.42523074,0.41073436,0.4059929,0.4291696,0.41353995,0.41804934,0.41883159,0.41091877,0.42140454,0.40988761,0.42236954,0.41506273,0.40652683,0.4154312,0.40105569,0.40296307,0.40782419,0.38601977,0.38400745,0.40205652,0.38690948,0.39406121,-0.77247351,0.16625451,0.19730943,0.27593997,1.143973,1.5400937,1.1111839,0.5226959,0.6518116,1.4398258,1.2418854,0.99698031,0.29714149,-0.20677923,-0.058283053,-0.27311665,0.54839617,0.24869639,0.2728833,0.24267225,-0.81140065,0.019307459,-0.60685319,0.34074497,-0.61369604,-0.18989334,-0.09473034,0.57865864,0.13085094,1.5496535,-0.15157479,0.21441461,-0.97661048,-0.23730332,0.022593193,0.8111012,-0.86993557,0.48652697,0.22642401,-0.74320883,-0.16849293,-1.1801074,-0.58081043,0.33222979,0.80130708,0.61691934,-0.062984399,-1.5217524,0.70617223,0.085361645,-0.91543758,0.49277282,0.026535403,0.027552422,0.59177756,-0.15837587,0.35670564,-0.49743775,0.093982108,0.48482913,-0.34119812,-0.97037095,0.092778258,0.43802679,-0.31002322,0.15028015,-0.012827953,-0.18356453,-0.037204392,-0.28111443,0.50730097,0.77653325,-0.10380098,-0.32030994,-0.30055326,-0.061059475,0.46854669,-0.85941261,0.35294309,-0.86676919,-0.34565711,-1.5705655,-0.86505842,0.010686014,-0.34851804,0.28256997,-0.42259744,0.12012263,-0.12592521,-0.15872081,-0.49743217,-0.32013187,0.23247954,-0.9069804,0.040898398,-0.14615273,0.19406214,0.35035348,-0.52045375,-1.3050358,0.33746287,0.39018509,0.70074344,-0.11327724,0.49655393,0.21882111,0.068401016,-0.27905917,-0.18657815,0.30887836,-0.10242221,-0.13932098,0.31416655,-0.30758083,-0.69125926,-0.010304727,-0.53408271,-0.60243118,0.24800915,-0.26069331,0.00660684,-0.57444143,0.69648916,0.49129608,0.010207821,-0.036922775,-1.6572779,0.72771037,-0.028662009,-0.12167381,-0.000663925,-0.42870072,-0.076692931,-0.1287197,-0.67615968,0.91453868,-0.40619013,0.11375909,0.49391532,-1.3466498,-0.097404733,0.3359606,-0.048228458,-0.59370798,-0.73393583,0.45410809,0.36767083,0.27415755,1.0493333,-0.54733342,-0.28408474,-0.003140304,-0.07144665,0.22786124,0.33372104,0.0768307,-0.009039752,-1.0837755,-1.3544534,-0.63679999,0.24638242,0.46823511,0.34225559,-0.42370424,-0.20375291,0.12362418,1.1192399,-0.14446323,0.051235322,-0.27986303,-0.18275195,1.1539185,0.090118274,0.19698004,1.7918204,-0.11301059,-2.2123144,-0.064076774,0.69791836,-0.057457574,-0.068481304,-0.67489719,0.25368696,-1.3623967,0.22846442,-1.0797347,0.22575775,0.041698564,-0.72267503,0.02780972,0.35415459,0.4152571,-0.24062937,-0.24986519,-2.5035083,0.23144022,-0.56798816,-0.082363971,-0.1604839,0.24128592,0.38211545,0.06170129,-0.22218265,0.84652948,-1.5264858,-0.87084568,-0.05369097,0.39395225,-0.28240836,0.22969466,0.13991567,0.44662127,0.04696456,0.38305426,0.4255023,0.79720986,-0.78645676,-0.34629112,0.55853301,-0.31030032,0.27721873,-0.04278148,-0.18478778,-1.1007538,-0.45504785,0.077740431,-0.47959793,0.45485097,1.1188234,0.31107321,-0.42551503,0.14633492,-0.33279794,0.72353023,0.56655782,-0.46711501,0.061642323,1.1408498,0.083684854,0.17424589,-0.98218954,-0.098587573,-1.7499444,0.78729445,-1.3514656,-0.20092972,-0.20911551,-1.4599365,-0.054639827,0.14051208,0.30196881,0.38939136,0.40354502,0.43705764,-1.6641856,0.70698649,0.001433443,1.0237536,0.049755216,-0.96535325,-0.13485998,-0.72283965,0.48236334,0.29618156,-0.72089666,0.29079297,-1.5069391,-1.5374004,-1.3229505,-0.43131527,0.48269582,0.51907665,0.15012208,-0.82245946,0.62818176,-1.1493403,-0.22372153,0.29787582,-0.99696237,0.009837905,0.033627853,0.36008358,0.097421631,0.37754139,0.069275439,0.3887547,0.072950691,0.42360306,-0.006208044,-0.097371437,-0.52027011,0.31256613,0.86679757,-0.46735007,0.40600431,0.42711261,0.50151175,-0.61641508,0.64445454,0.62281191,-1.0201041,-0.4695875,0.09228611,0.20723785,0.22744879,0.6793341,-0.35180277,-0.41805473,-0.48426306,-0.059314728,0.68254673,-0.18343714,0.26661038,-0.31010261,0.1306089,1.093758,-0.96459883,0.12712531,0.24771386,-0.53881603,-0.11695488,-0.24997193,-1.2270793,-1.6576905,-0.28797853,0.4848994,0.053036444,-0.28316084,0.57341462,0.22079864,0.5137226,0.19002438,-0.25386041,-0.2951028,0.1777854,-0.026895478,0.013466194,-0.3993839,0.13273072,0.12445961,1.1800537,-1.5130347,-0.15148294,1.4325432,1.1715705,0.29643989,-1.2150335,-0.20710997,-0.38250279,-0.12463749,-0.008967923,0.35732311,0.64992779,0.90087867,0.32944372,0.13482913,0.18087658,0.53249168,0.66095853,1.2416736,-0.66625881,0.24216081,0.34395802,0.15262696,-0.36276022,-0.14737277,-1.4074966,0.23514751,0.042905364,-0.36970025,-0.14544898,0.43969795,0.16784815,-0.64845902,0.10824034,-0.21183471,-0.093551159,-0.088772185,0.59983069,1.0818272,0.33484,0.007305315,0.49958336,0.048606768,-0.049134031,-0.98972392,0.25668499,-0.57892144,0.37240526,0.79291224,-0.67939752,-0.40048546,0.32235703,0.40530175,-0.50798607,-0.953807,0.45910537,-0.40870422,-0.052453257,-1.314182,0.26231256,-0.13649209,-0.54564905,-0.34106451,0.82430589,0.52361274,-1.5906347,-1.2085174,-0.32680884,-0.053900693,0.2761291,0.014504828,-0.020838954,0.44643807,0.17657691,-0.17785937,0.29123256,0.28800938,0.26911652,-0.10059901,-0.20850298,0.14428157,-1.2658864,-0.043338791,0.42588726,0.064093135,0.22851394,0.52523106,0.84135318,-0.40634805,-0.63019753,-0.357095,0.22074281,-1.853091,0.27257597,0.25758156,0.33579496,-0.68642402,-1.1106825,0.14711168,-0.50824016,0.016919196,0.077038392,-0.035163313,0.33327788,0.096287467,0.27254626,0.43585265,-0.007104622,-0.15643045,-0.44391388,-2.0639095,-0.702636,-0.7558459,-0.005701535,-0.70613891,0.008936018,0.276425,-0.34611341,0.023485199,2
0.55310857,0.31543282,0.28853747,0.54788685,0.53832763,0.58056659,0.55909532,0.52767861,0.53570056,0.55661905,0.52991819,0.53903031,0.5274089,0.51197839,0.56923568,0.54146004,0.54159176,0.57474756,0.53788656,0.520248,0.52242821,0.53004789,0.51653999,0.51981527,0.53566974,0.53891897,0.53103107,0.53982699,0.54229802,0.54377198,0.52074689,0.52362335,0.52430367,0.50984931,0.52250576,0.5079993,0.50172007,0.51919448,0.49864727,0.50585842,-0.73779237,0.28463978,0.31966043,0.34627259,1.2729449,1.6612178,1.2253585,0.63488328,0.7563895,1.57376,1.3514789,1.113946,0.34072542,-0.21042368,-0.19710328,-0.27157038,0.57921493,0.32899693,0.31677455,0.26871458,-0.51485997,0.035118751,-0.61395633,0.33217388,-0.6912117,0.085308418,-0.22899605,0.59355271,0.066013739,1.2976747,-0.15659881,0.19314773,-1.0114797,-0.341012,-0.081227675,0.81826359,-0.88906741,0.60180122,0.21166177,-0.78858501,-0.16011924,-1.121056,-0.47644478,0.33410269,0.86841565,0.5656904,-0.008071171,-1.4630675,0.59470969,0.12002259,-1.0334905,0.50795287,0.041984871,0.078039713,0.64959252,-0.023128983,0.35205725,-0.33017269,6.19E-05,0.52631193,-0.44574761,-0.96647513,0.015312452,0.39542413,-0.35244504,0.17035952,-0.027246328,-0.18632886,-0.089628085,-0.26889732,0.39354986,0.68850589,-0.10385288,-0.33181867,-0.43448827,-0.064287275,0.37979096,-0.89393181,0.33851463,-0.89974058,-0.29603833,-1.577976,-0.81645435,-0.042969733,-0.47421566,0.32198912,-0.33452988,0.082576804,-0.12386861,-0.19716787,-0.68287164,-0.53434294,0.31041628,-0.91394937,-0.16962956,-0.085128888,0.14911088,0.34586829,-0.4496226,-1.3743602,0.40539962,0.40928298,0.70005864,-0.12134399,0.43234682,0.31239706,-0.00982061,-0.35398319,-0.25693223,0.28708109,-0.34713256,-0.099528,0.37542385,-0.26272765,-0.65260458,-0.077829674,-0.47348082,-0.39856529,0.16859163,-0.29777753,0.004626526,-0.67773044,0.75739002,0.60714418,0.089193359,-0.043588806,-1.6236643,0.47836912,-0.024061175,-0.14549877,-0.015781928,-0.44813955,-0.001892369,-0.22974584,-0.67674935,0.82539642,-0.51252919,0.13876812,0.41105175,-1.2264407,-0.15966976,0.26559198,-0.13739739,-0.38364393,-0.77134699,0.48418316,0.11047038,0.22731614,0.97471356,-0.62274349,-0.28146461,0.07347355,0.022632578,0.19008978,0.17624708,0.11615247,-0.21260871,-1.0623853,-1.4670351,-0.65049338,0.23374073,0.53570068,0.22426763,-0.39614269,-0.25919229,0.097954817,1.2409087,-0.09290918,0.07869038,-0.25069043,-0.20755309,0.9933247,0.1606603,0.20248717,0.9109146,-0.082929671,-1.9481748,-0.098925389,0.36608139,0.036272593,-0.28530943,-0.63427722,0.06244494,-1.3173555,0.26485264,-1.2593189,0.39596796,0.010596402,-0.80248475,0.037143961,0.33675671,0.36926901,-0.16795339,-0.29541343,-2.3363011,0.2246743,-0.4990105,-0.014922772,0.00473275,0.11227572,0.48899579,0.087574281,-0.23935482,0.57740551,-1.3680984,-0.75260437,-0.15544075,0.5315547,-0.40007323,0.067837648,0.28630453,0.39577416,0.027325647,0.50952721,0.43880585,0.8616749,-0.81098682,-0.2828773,0.58294827,-0.078564212,0.23670514,-0.04478696,-0.24338609,-1.0820186,-0.39331946,0.11526746,-0.42984462,0.47563466,1.0052092,0.34724101,-0.44753569,0.24846815,-0.38077366,0.40020853,0.38244772,-0.3944937,0.10087381,1.3830814,0.016404256,0.14914726,-0.84436065,-0.16802403,-1.6392518,0.9212783,-1.2562567,-0.18341804,-0.12540735,-1.3074814,-0.18973956,0.12530832,0.27148527,0.38471901,0.34255275,0.19333544,-1.5732723,0.74669015,0.05897953,0.95879912,-0.020659076,-1.1114496,-0.058011711,-0.69652879,0.50434595,0.22698089,-0.73385072,0.24318007,-1.5030433,-1.491689,-1.3362443,-0.31066659,0.39305279,0.47327304,0.2196123,-0.84484029,0.73220634,-1.0782996,-0.12163873,0.23157662,-1.0313135,-0.045751259,0.033260107,0.38703978,0.076556928,0.29678518,-0.059547581,0.36525133,0.08158166,0.63949949,0.045776062,-0.098374359,-0.51402622,0.41782662,0.8677693,-0.45771599,0.64332825,0.44638637,0.46960121,-0.64138424,0.6893751,0.34516162,-0.85070193,-0.38428956,0.1566274,0.14978655,0.24618506,0.76891309,-0.34846732,-0.50722027,-0.47509384,0.045623574,0.4445127,-0.2162672,0.11353675,-0.30472478,0.14452581,1.0149217,-0.94335127,0.11528523,0.30498993,-0.47653913,-0.083611794,-0.24085823,-1.1491203,-1.6516836,-0.20429003,0.531838,0.12244672,-0.25201511,0.62636852,0.14601192,0.4296177,0.23036745,-0.13115028,-0.33898047,0.23262633,0.082453802,-0.12589817,-0.45143101,0.22942743,0.11616105,1.14913,-1.4643416,0.072088584,1.1643674,1.3705719,0.39919999,-1.2695591,-0.26285452,-0.44040838,-0.14092319,0.055072818,0.29787341,0.64507002,0.53789395,0.26050255,0.23477343,0.18161798,0.7143634,0.62754309,0.94313145,-0.84846675,0.17119154,0.25447676,0.16302773,-0.26601493,-0.196872,-1.4146396,0.30582783,0.042976335,-0.26344776,-0.16489431,0.38464409,0.1803925,-0.73290461,0.20251738,-0.20408952,-0.00909251,-0.049639802,0.47591722,0.97155243,0.32754251,0.006213389,0.50683939,-0.23195952,0.061166368,-0.94914198,0.29622915,-0.53551686,0.051864825,0.74510854,-0.87140799,-0.27792642,0.26092654,0.32825345,-0.41995454,-0.95849723,0.5402298,-0.51711547,-0.015593461,-1.4228264,0.19943637,-0.21393055,-0.34882182,-0.40319416,0.80732,0.2656464,-1.6019436,-1.1228697,-0.35526398,0.043109745,0.2723898,-0.026798911,-0.016758351,0.36767101,0.20165044,-0.14085454,0.20838539,0.31336924,0.34590763,-0.14247443,-0.18236628,0.19150819,-1.3086568,0.009820898,0.36223802,-0.041112445,0.2281974,0.47210753,0.76797187,-0.33279294,-0.8076517,-0.34384668,0.072976708,-1.7169088,0.30791876,0.21144257,0.42973354,-0.64367014,-1.176535,0.33125734,-0.55101335,-0.040094405,0.012744663,-0.020408265,0.4574489,0.15143801,0.31396493,0.35749492,0.02614441,-0.084181622,-0.26714763,-1.9765153,-0.59463209,-0.78308851,0.01176871,-0.76277655,0.066759586,-0.20903739,-0.22941615,0.12760875,2
0.50079983,0.25537685,0.22671866,0.49909377,0.50142825,0.51910114,0.49677455,0.47408527,0.48633009,0.49160177,0.47786698,0.48783213,0.47636953,0.46275225,0.49290168,0.47723162,0.47961128,0.5087294,0.48693031,0.47134632,0.46551314,0.4798404,0.46904278,0.47598624,0.4857437,0.49214232,0.49096629,0.46989566,0.4872331,0.47611997,0.47531426,0.48117471,0.46189493,0.45559719,0.4717741,0.45090702,0.44565663,0.47476971,0.44321537,0.46058941,-0.73355985,0.20859671,0.34574813,0.36045772,1.3041198,1.6539905,1.2722754,0.66762203,0.80359745,1.6045488,1.3853542,1.1521602,0.23564291,-0.16437434,-0.24856886,-0.35823655,0.56953502,0.32292488,0.34162343,0.29073143,-0.53049362,0.015027351,-0.58701122,0.43628126,-0.72088647,-0.17540321,-0.13285702,0.44388688,0.13938749,1.323149,-0.16832989,0.22161835,-1.0115222,-0.15293023,-0.082527488,0.87507302,-0.91078925,0.5701012,0.33937454,-0.67411184,-0.11059552,-1.0129794,-0.42293614,0.24053596,0.82311177,0.6194011,-0.018338371,-1.3767924,0.61558586,0.1431168,-0.91824722,0.58162194,0.056411747,-0.025927994,0.59409726,-0.081961915,0.34090963,-0.36333591,0.089943603,0.51643199,-0.56134135,-0.97982967,-0.02397307,0.42391762,-0.2919479,0.18582106,-0.004107857,-0.17692478,-0.12473565,-0.2914429,0.3695761,0.72569197,-0.088792518,-0.14061239,-0.30874109,0.2056326,0.30509466,-0.82455385,0.3276512,-1.181686,-0.34094831,-1.5259589,-0.85826015,-0.087078318,-0.40775487,0.22112209,-0.29652572,0.049563587,-0.090494104,-0.15988028,-0.75572735,-0.33384806,-0.014998242,-0.8867172,-0.081717096,-0.1355322,0.12484828,-0.12030858,-0.42058036,-1.3027246,0.34351832,0.37757188,0.66721511,-0.08434137,0.47449133,0.28619951,0.036775779,-0.46971381,-0.21053414,0.31676468,-0.35871682,-0.10711415,0.35798609,-0.22893316,-0.6762706,-0.082821995,-0.52040088,-0.51550174,0.21274544,-0.29204804,0.056725487,-0.65379351,0.83103776,0.52622795,0.05029029,-0.14648296,-1.5124122,0.61289549,-0.040000204,-0.1607324,-0.068196118,-0.51132601,-0.065791562,-0.05865673,-0.64319897,0.82497287,-0.68018115,0.18174508,0.38065207,-1.4452198,-0.097020306,0.24428506,-0.11444596,-0.33910656,-0.774427,0.45521432,0.16032869,0.177551,0.76399845,-0.66351563,-0.22637908,0.068485327,-0.060075127,0.15288617,0.2402612,0.14492182,-0.11422742,-1.0649813,-1.3644747,-0.67090112,0.26864433,0.65909231,0.35854381,-0.39577159,-0.16984202,0.063347653,1.1862619,0.034063689,0.05550959,-0.2738381,-0.31629428,0.9436202,0.14499985,0.21955048,0.64520967,-0.12465341,-1.9454777,-0.11543407,0.41984743,-0.018329829,-0.26917934,-0.71376008,0.15524656,-1.3504268,0.30644548,-1.1631081,0.42349645,-0.011926368,-0.78141618,0.035651047,0.17927018,0.38614792,-0.18181039,-0.44800621,-2.391871,0.22683632,-0.27635917,0.076154217,-0.17552851,0.1060059,0.41100037,0.17992279,-0.23587325,0.50914061,-1.4129317,-0.80034715,-0.39771861,0.47235039,-0.37879449,0.084341824,0.19531511,0.37506694,0.033219181,0.45822912,0.32305202,0.80449396,-0.64579326,-0.26037121,0.60814738,-0.089721188,0.21536189,-0.08461225,-0.28840724,-0.98660386,-0.41962779,0.085365638,-0.26526093,0.59574687,1.0471761,0.38877517,-0.41658136,0.19512369,-0.27409264,0.6451124,0.43951511,-0.30346334,0.10710002,1.3669713,0.13739643,0.12864971,-0.75704527,-0.091057979,-1.7591164,0.92290914,-1.2967172,-0.32262683,-0.15290624,-1.3444383,-0.062285639,0.17500606,0.11967471,0.58678287,0.57516801,0.25380337,-1.5980046,0.65065873,0.009459736,0.97183573,0.054702397,-1.00376,-0.13198513,-0.72154951,0.49549857,0.50566107,-0.84625119,0.30104169,-1.5709039,-1.648834,-1.1788762,-0.28824556,0.34354216,0.36930227,0.18992448,-0.83514559,0.6647228,-1.1795908,-0.14836086,-0.000393093,-1.049042,0.18495233,0.069615029,0.44729537,-0.001062732,0.36395788,-0.006399229,0.36373076,0.10537512,0.58020306,0.11900217,-0.059140686,-0.583974,0.40599608,0.95836657,-0.40682352,0.37246788,0.48402998,0.53415644,-0.56829202,0.62120402,0.36839247,-0.90272546,-0.51116937,0.13261196,0.13004439,0.16666225,0.61173141,-0.29377759,-0.52555466,-0.54696101,0.080708049,0.52351898,-0.13074575,0.13329929,-0.31219554,0.17189378,1.0002857,-1.0048702,0.13183631,0.297212,-0.55875218,-0.061436307,-0.20809899,-1.2019377,-1.6879051,-0.20227189,0.51863462,0.14402199,-0.28952575,0.66819817,0.1571348,0.45327032,0.22759034,-0.15240121,-0.3166033,0.2429744,0.097255297,-0.059556302,-0.53038687,0.21860547,0.18844201,1.1332709,-1.4208319,-0.13397537,1.3783616,1.3098036,0.34565434,-1.1512299,-0.26287675,-0.44888672,-0.17109582,0.077304095,0.2438688,0.65625352,0.75882745,0.35035875,0.14455913,0.18105297,0.54259336,0.66312432,0.70448524,-0.69778895,0.28609994,0.24504323,0.18045306,-0.34749922,-0.19079968,-1.4377489,0.2729679,0.037904058,-0.30754635,-0.093194529,0.3564066,0.16653575,-0.72559661,0.19049296,-0.19201003,0.17126736,-0.10829868,0.66828394,0.91090184,0.33737803,-0.002631599,0.52076095,-0.15800194,-0.13521758,-0.93555069,0.23005129,-0.55556756,0.015069664,0.63778722,-0.93228257,-0.36401862,0.29926953,0.34600213,-0.50506979,-1.0007558,0.53414208,-0.60715902,-0.096940242,-1.3403512,0.21667765,-0.12444513,-0.30519009,-0.38177258,0.81660062,0.43173662,-1.7134013,-1.0629457,-0.33156922,0.058458921,0.18856579,-0.026290277,0.070579216,0.38029832,0.2014181,-0.21833684,0.20011292,0.22987767,0.35408115,-0.11729781,-0.042059056,0.49764445,-1.2573845,0.060949638,0.34442428,0.019182265,0.23962952,0.53978199,0.76473439,-0.35414076,-0.71422309,-0.35159445,0.087019056,-1.6130431,0.28625211,0.14456569,0.2340523,-0.57856154,-1.1238961,0.22975504,-0.5007621,0.046106517,0.037612297,-0.067923561,0.4034096,0.16719198,0.3157652,0.3794499,0.000488115,-0.097359806,-0.25697201,-1.9444166,-0.589966,-0.79818237,0.050520089,-0.83131409,0.078244582,-0.040455714,-0.31881049,0.11815868,2
0.5261485,0.28114218,0.25003782,0.56446409,0.51557916,0.56318688,0.55247849,0.52829099,0.5235759,0.53241271,0.52777505,0.54316616,0.53281176,0.50182927,0.55541712,0.52694911,0.51989901,0.56650615,0.52546328,0.49134782,0.49646419,0.54362118,0.51586294,0.52242547,0.52899885,0.51617265,0.53709221,0.51150966,0.51794612,0.51055479,0.54228044,0.51608479,0.51088184,0.51118958,0.52127761,0.5000475,0.48215035,0.50044757,0.48380947,0.50694692,-0.65625221,0.24099982,0.23913592,0.27963391,1.194786,1.6110578,1.1447074,0.56225914,0.67420423,1.4971688,1.2855129,1.0355229,0.26450545,-0.17399064,-0.047683962,-0.31670946,0.49825433,0.26046023,0.27209023,0.24692431,-0.73104846,0.066979051,-0.52989149,0.3279354,-0.60461587,-0.095718786,-0.14959329,0.73462683,0.099336445,1.357475,-0.14033894,0.20591739,-0.90857798,-0.26482487,0.036514185,0.730901,-0.80088943,0.57067394,0.14023557,-0.80475789,-0.17050387,-1.0696288,-0.52784777,0.520316,0.7077806,0.59549999,0.003488328,-1.4499784,0.5629862,0.085184544,-0.96202779,0.36079419,0.034671295,0.027201192,0.71485293,0.12230821,0.42021847,-0.31432739,0.059474774,0.53374022,-0.47547027,-0.90699768,0.035234161,0.45638388,-0.33736613,0.28475571,0.025331462,-0.16101684,-0.087878823,-0.24481201,0.51701623,0.7604816,-0.13376445,-0.48482662,-0.39673284,-0.15297915,0.55358768,-0.93965375,0.33539546,-1.0009754,-0.32041073,-1.5776286,-0.85822862,-0.043134496,-0.49989149,0.17348616,-0.43838903,0.1256545,-0.15065812,-0.18906948,-0.6331197,-0.58115828,0.20110518,-0.87921745,-0.20398748,-0.15454535,0.11736555,0.14274843,-0.45019755,-1.2806743,0.36611095,0.38955721,0.69559681,-0.14519513,0.3861129,0.1442187,0.027590804,-0.34239414,-0.22055009,0.40064225,-0.52131045,-0.13338935,0.30949932,-0.21699694,-0.51125985,-0.053022262,-0.51761705,-0.48340008,0.20504954,-0.23762089,-0.042296357,-0.5533843,0.71832299,0.59121776,0.11340892,0.023584113,-1.736439,0.76192689,-0.020498294,-0.20851044,-0.025356857,-0.46318388,-0.10246982,-0.13112924,-0.63205504,0.8324632,-0.58604944,0.060008608,0.34752095,-1.3272483,-0.10993391,0.28488585,-0.094645418,-0.40385541,-0.83151591,0.41389054,0.26732159,0.37579474,0.75581282,-0.62496972,-0.2496769,0.072327055,0.072343849,0.065643199,0.059176639,0.14983413,-0.016686231,-1.0727726,-1.4566509,-0.66455549,0.22305462,0.58934408,0.19175644,-0.50580353,-0.19866621,0.087619737,1.1033081,-0.1331671,0.031516556,-0.21234243,-0.27499852,0.9623915,0.13542107,0.23906726,1.7612435,-0.12485538,-2.155087,-0.047209948,0.54207534,0.066450179,-0.29666063,-0.59529525,0.16355668,-1.29032,0.25656962,-1.1003807,0.10398859,0.16657464,-0.79563987,0.02851462,0.2891821,0.44462478,-0.17175299,-0.34596518,-2.3050528,0.27565888,-0.49026459,-0.058213148,-0.15317465,0.17888542,0.39314467,0.07936053,-0.15177676,0.55272317,-1.4384857,-0.89484406,0.092244878,0.44643393,-0.36846107,0.068526611,0.26429552,0.36561623,-0.076699071,0.53753072,0.44640866,0.70366341,-0.81391644,-0.28798798,0.37880489,-0.080369674,0.14359209,-0.022292342,-0.29500499,-1.0823203,-0.40930381,0.11648753,-0.45150009,0.49148884,0.90934604,0.32664055,-0.3434619,0.21637717,-0.18436861,0.37942427,0.39132884,-0.50315416,0.07307639,1.0094185,0.1282267,0.097440414,-1.0514349,-0.072461568,-1.6586624,0.79568809,-1.3033217,-0.19493482,-0.11497102,-1.3128239,-0.15651992,-0.004062608,0.28987724,0.78822309,0.46918565,0.33341411,-1.4454967,0.69156301,0.065037072,0.91339564,-0.051848568,-1.0735626,-0.10694768,-0.7533558,0.46969426,0.055392817,-0.67063421,0.335123,-1.5003918,-1.4367884,-1.1474158,-0.37925893,0.30357143,0.82091594,0.20034976,-0.75655311,0.71604335,-1.1325867,-0.23604511,0.26579648,-1.0240279,0.035349302,-0.073818356,0.36104405,0.1103152,0.41282585,0.018129688,0.38998729,0.067799747,0.56346542,0.006435745,-0.12074982,-0.79949754,0.38932979,0.927504,-0.58801478,0.48465592,0.48612645,0.28538978,-0.61949134,0.63569593,0.38462454,-0.84326726,-0.5462662,0.15017179,0.15267725,0.17173536,0.66355836,-0.34524018,-0.43136686,-0.45814002,0.34437966,0.42194402,-0.32183009,0.09672612,-0.29134732,0.032123506,0.99446028,-0.95869398,0.19162473,0.22041604,-0.4246456,-0.069681458,-0.36907929,-1.1616985,-1.6975552,-0.23778862,0.5323512,0.048900068,-0.30232909,0.52757668,0.11835411,0.43123564,0.24575205,-0.027139336,-0.352505,0.17753693,0.084884025,-0.10115561,-0.60326409,0.22091985,0.053214736,1.0485972,-1.504245,-0.053920783,1.1854496,1.1143299,0.47327083,-1.2301952,-0.31761402,-0.58386993,-0.24345899,0.057199061,0.39823505,0.67153776,0.77255058,0.26076812,0.11928076,0.24068283,0.60411364,0.58774287,1.0180963,-0.77464032,0.34115031,0.17138666,0.14566773,-0.3259252,-0.1449558,-1.1752169,0.26692998,-0.014233146,-0.29293695,-0.42412302,0.18613537,0.02752018,-0.69486821,0.14080302,-0.2434817,0.21064317,-0.060148954,0.57939833,0.83543652,0.30030596,0.006284875,0.46827385,0.12574807,-0.25362873,-0.87601089,0.30065528,-0.57216418,0.26651514,0.61571491,-0.64455515,-0.31787786,0.39974481,0.35417137,-0.51029444,-0.8563385,0.53758037,-0.49929693,-0.15460467,-1.4694189,0.18805969,-0.13784124,-0.34636271,-0.28414911,0.82647318,0.4164547,-1.5482607,-1.2635509,-0.35585564,0.027558256,0.25948539,-0.094918668,-0.020878181,0.27536905,0.17064041,-0.15929995,0.17443153,0.24184503,0.33140415,-0.12680915,-0.23003542,0.11802806,-1.2993138,-0.14568536,0.48283395,0.011564904,0.19456553,0.48202538,0.92313844,-0.35219377,-0.70846319,-0.46168336,0.27365291,-1.6111872,0.26923689,0.3071602,0.33694604,-0.66189939,-1.1574874,0.26887804,-0.5323779,0.087083526,-0.064215057,-0.025982577,0.26635793,-0.041349605,0.29010195,0.25968024,0.031318787,-0.20876426,-0.27730435,-1.9255054,-0.64906436,-0.8492313,-0.032479178,-0.87683558,0.17537756,-0.16692007,-0.18992394,0.050139587,2
0.54053122,0.30001557,0.25580019,0.56045914,0.53811979,0.59138119,0.55065089,0.53281355,0.57022339,0.56794989,0.52302808,0.53796339,0.52452207,0.52190113,0.57855511,0.55288005,0.55160058,0.59870172,0.53504968,0.54056966,0.58193964,0.52741843,0.55326617,0.56484032,0.5354951,0.55673218,0.52512932,0.52431208,0.55580074,0.55599153,0.52136129,0.54199755,0.52796614,0.50394809,0.52026933,0.47788537,0.51765633,0.54243696,0.49203402,0.51535255,-0.7850197,0.24847752,0.2721374,0.30371314,1.2423825,1.6534259,1.1896915,0.59897447,0.71914732,1.5328362,1.325469,1.0876131,0.25417167,-0.24733566,-0.18591435,-0.34736937,0.59856153,0.32666263,0.26804495,0.27210948,-0.88965636,0.07142356,-0.57561892,0.4045963,-0.81023949,-0.11703786,-0.056185648,0.52675927,0.2007447,1.4149275,-0.12340021,0.19952729,-1.0184971,-0.25085455,0.13191189,0.86299092,-0.98397112,0.48350045,0.13862729,-0.72604138,-0.16430898,-0.95433885,-0.61972439,0.15039931,0.83348894,0.6319555,-0.032525294,-1.4805411,0.51452446,0.02558551,-0.95044655,0.48247686,0.006455347,0.12518649,0.41112798,-0.20309317,0.36682886,-0.31134069,0.019454665,0.49167445,-0.64762819,-1.0141355,0.08111959,0.33877236,-0.21960545,0.24981475,0.046795979,-0.21368407,-0.008415535,-0.30098388,0.61371565,0.80786222,-0.087959692,-0.26398966,-0.24321821,-0.20815779,0.23722021,-0.74750954,0.24537569,-1.0045075,-0.38469964,-1.5864432,-0.74071324,0.021464042,-0.314596,0.31114507,-0.38071999,0.050111707,-0.12401095,-0.028104797,-0.64281744,-0.5472573,-0.17163461,-0.89374661,-0.041714452,-0.073597975,0.18670227,0.27339166,-0.40716174,-1.3186884,0.25395632,0.42357272,0.63248891,-0.088410333,0.74294186,0.25963509,0.044078022,-0.39438823,-0.18484272,0.17505142,-0.65942669,-0.30773634,0.33054969,-0.041091606,-0.66732109,-0.038084306,-0.50714117,-0.45874947,0.18715194,-0.10402043,0.018306624,-0.74248272,0.74601138,0.55467337,0.21637957,0.30699426,-1.5968407,0.49871579,-0.002504177,-0.13582078,-0.040243458,-0.5305227,0.06474524,-0.022377968,-0.68275744,0.7380833,-0.69902611,0.11940487,0.26203948,-1.2682711,-0.044516049,0.34258538,0.027268544,-0.38384211,-0.7274974,0.51663435,0.54949033,0.47205758,0.6906898,-0.67586571,-0.23362222,0.093433604,0.25781643,0.23235911,0.1698055,0.27629232,-0.16349463,-1.0330894,-1.3837703,-0.54075956,0.19264908,0.63627696,0.49131739,-0.38809338,-0.20679408,0.1277092,0.86113095,-0.3027119,0.02747751,-0.27893665,-0.15947515,0.88192385,0.087956011,0.25154591,0.4417696,-0.23649842,-2.0433326,-0.13342981,0.44672894,-0.027037445,-0.21760994,-0.56136382,0.24298766,-1.2635571,0.1894083,-1.0534353,-0.12350076,0.18363509,-0.74935573,0.056662254,0.14118224,0.15798184,-0.19595036,-0.30824679,-2.3020372,0.2242654,-0.54475749,-0.1011837,-0.1024975,0.10759194,0.25456893,0.39779872,-0.25478226,0.67813814,-1.2291292,-0.68851477,-0.45710191,0.25810865,-0.37813878,0.16838297,0.19375367,0.51975119,0.082272768,0.44949126,0.34198284,0.73861229,-0.76199287,-0.34104243,0.3671788,0.001713984,0.25228527,0.11342853,-0.31786579,-1.1108353,-0.45859993,0.085152388,-0.51809901,0.64026433,0.88648212,0.37905902,-0.4523319,0.078994088,-0.28891817,0.64903975,0.3701244,-0.36845079,0.098662615,1.2669678,0.38810986,0.17684603,-0.79959685,-0.064126797,-1.7278855,0.77974677,-1.105407,-0.17861727,-0.24656637,-1.4654369,-0.008335128,0.037705652,0.13366948,0.52444923,0.46452025,0.15451986,-1.5951899,0.57066977,0.1712157,0.90201592,0.057926022,-1.0189614,-0.069350414,-0.73513949,0.424027,0.44207543,-0.73849952,0.27966601,-1.4125693,-1.4639723,-1.13736,-0.41385937,0.56627166,0.04707253,0.18633164,-0.6536032,0.59733456,-1.0215923,-0.11203177,0.22883971,-0.97967172,-0.016592132,0.032391652,0.30569065,0.10970032,0.2778765,0.083862938,0.34399575,0.060416076,0.20420399,0.15445052,-0.044088632,-0.63541216,0.37347531,1.1339363,-0.389247,0.48747671,0.51162684,0.67318821,-0.65934724,0.5802139,0.4441579,-0.84114075,-0.53434831,0.12584586,-0.009962596,0.17845973,0.6372757,-0.45174134,-0.47530311,-0.49937937,0.078732237,0.62786007,-0.14375043,0.36205637,-0.22733335,0.10011968,0.80532074,-0.96007043,0.19556898,0.2083361,-0.60329872,-0.009942666,-0.3457098,-1.1883529,-1.6293943,-0.34144813,0.51241106,0.10142693,-0.29043353,0.64369649,0.1639117,0.5810594,0.21855208,-0.27998087,-0.2195549,0.20445988,0.12395895,0.042156845,-0.41010946,0.17674392,0.1708017,1.1327009,-1.6134608,-0.035011917,1.3908285,1.213065,0.37940818,-1.1706014,-0.14249951,-0.22025232,-0.16496865,-0.009577744,0.27134526,0.53651345,0.739645,0.28386357,0.075149283,0.15532678,0.60134268,0.76166433,0.74160099,-0.57400757,0.4277595,0.20973447,0.27176872,-0.3219848,-0.15910189,-1.4599454,0.25863174,0.027751541,-0.32958579,-0.23458186,0.13603358,0.11461784,-0.67346853,0.058778971,-0.25436643,-0.36049163,0.03662242,0.44489893,0.96019727,0.41840696,-0.043888547,0.48737478,0.30146456,0.09613318,-0.93193233,0.16294536,-0.63621056,0.004533134,0.60600626,-0.85121751,-0.34231058,0.4082264,0.53706551,-0.41776282,-0.89202058,0.48072869,-0.49613026,0.040617239,-1.320142,0.25567353,-0.13928872,-0.45764452,-0.31355339,0.78001827,0.59288788,-1.627787,-1.0423971,-0.32425019,0.024433512,0.18637772,-0.087030418,-0.091700941,0.29086551,0.18792741,-0.20173697,0.48468208,0.28618792,0.35298577,-0.006646551,-0.21912517,0.18443212,-1.2640263,-0.074822813,0.13326952,-0.010169188,0.23594528,0.58175105,0.6716795,-0.31616098,-0.56313425,-0.31970194,0.028066203,-1.6465414,0.31524307,0.31610498,0.26290315,-0.59678686,-1.0167285,0.1750935,-0.60535192,0.070595302,-0.003916698,-0.070435226,-0.027321607,0.07849738,0.27231601,0.32054442,0.013844496,-0.062249765,-0.28341663,-1.9186701,-0.63843656,-0.70969647,0.13799885,-0.62051785,0.0200174,-0.11970156,-0.31390947,0.10590504,2
0.55822229,0.32759124,0.28589839,0.5645141,0.55619252,0.58053064,0.56471562,0.54266411,0.56309104,0.56558764,0.55021477,0.5427705,0.54593647,0.53946489,0.56223238,0.54455554,0.550596,0.575688,0.55962431,0.53722161,0.5318312,0.54645598,0.53542733,0.53431904,0.53885901,0.53181016,0.54303968,0.54229879,0.53556204,0.5371626,0.53359967,0.53445578,0.52562541,0.52519315,0.5378949,0.50912702,0.51341802,0.53014612,0.51933658,0.52264076,-0.7847507,0.27876103,0.3519631,0.37676975,1.3217244,1.7264738,1.2917459,0.69994426,0.81152534,1.6308935,1.4095731,1.1757408,0.29493961,-0.16832401,-0.25439766,-0.38907546,0.5516274,0.30015588,0.29343125,0.22344206,-0.51668841,0.048197888,-0.5172863,0.40039182,-0.74676907,-0.17776474,-0.21995923,0.53912991,0.38690296,1.2657479,-0.17170599,0.20782585,-0.97816932,-0.19612589,0.1395053,0.85251981,-0.93301147,0.49584794,0.25170407,-0.6578685,-0.11893803,-0.92708719,-0.45985687,0.14799342,0.81383866,0.69585544,0.029879643,-1.4431933,0.53345537,0.10620511,-0.93873662,0.58587092,0.040446259,-0.007889547,0.55942655,-0.094537094,0.42418095,-0.38143218,-0.038364097,0.452178,-0.62383801,-0.92421103,0.11239088,0.35912263,-0.26934993,0.26866126,0.12449991,-0.16260009,-0.036678664,-0.28007147,0.54152954,1.0073518,-0.1169662,-0.36329648,-0.31198689,0.13838421,0.35924536,-0.87966543,0.25919652,-1.1769333,-0.32157308,-1.5306786,-0.83058226,-0.010747245,-0.29829252,0.25990537,-0.39921913,0.083783217,-0.093331315,-0.093284249,-0.67537057,-0.47652486,-0.13313964,-0.90093088,-0.085139766,-0.11008275,0.16815369,0.27937698,-0.42987329,-1.2818623,0.23143536,0.4257572,0.63176215,-0.16388306,0.63219059,0.2612009,0.07067968,-0.5578987,-0.18370037,0.15129788,-0.50438768,-0.14836793,0.31139323,-0.20905873,-0.68863165,-0.094038047,-0.48206431,-0.62008047,0.19186804,-0.10940532,-0.010676425,-0.66808045,0.73953724,0.63624471,-0.045181014,0.030459447,-1.5507674,0.55071741,-0.030476585,-0.15167886,-0.085939027,-0.51055032,-0.038660437,-0.11106594,-0.58716369,0.83648801,-0.52068287,0.1060483,0.3027088,-1.4746878,-0.13945457,0.27138186,-0.056377314,-0.42441025,-0.82385176,0.43914148,0.3753556,0.30400637,0.52000844,-0.66202068,-0.24910741,0.046255417,0.077002451,0.19784963,0.15494236,0.21965322,0.060773388,-1.0594835,-1.2649833,-0.61151135,0.22244027,0.42081383,0.36274767,-0.42336795,-0.32803923,0.14504746,1.2671206,-0.13228011,0.033961266,-0.31514114,-0.20589148,0.92282045,0.051544391,0.20162027,0.71202719,-0.051710814,-2.1953986,-0.075009629,0.52953088,0.003903178,-0.33201,-0.63703191,0.12542745,-1.2597477,0.23763554,-1.1511257,0.22738262,0.12208924,-0.71631098,0.059088018,0.1655806,0.39234069,-0.17440705,-0.53634328,-2.2957489,0.23412126,-0.52291679,-0.10568096,-0.063684344,-0.015797108,0.38402289,0.10508405,-0.23921753,0.41304398,-1.2323277,-0.7225309,-0.099496193,0.33938238,-0.41505617,0.14198913,0.21396634,0.51032513,0.035168696,0.47315276,0.34068248,0.66870433,-0.68762648,-0.30164742,0.41368002,0.026874272,0.23604006,0.084160477,-0.26423854,-1.0293064,-0.41593227,0.072837681,-0.41773251,0.65658659,0.9701398,0.39822197,-0.40911254,0.12752002,-0.36934,0.62264252,0.46536231,-0.30394861,0.11316082,1.3266991,0.14587948,0.099311933,-0.91208416,-0.18245974,-1.6891975,0.95051718,-1.195353,-0.31288508,-0.17611647,-1.3119988,-0.13433953,0.033974916,0.18513849,0.82436675,0.47966775,0.22585373,-1.5650465,0.70702827,0.20684651,0.92584074,0.11623421,-0.96370012,-0.11599487,-0.75257146,0.50904661,0.38246521,-0.82404995,0.19312944,-1.4960288,-1.6754651,-1.2461555,-0.29566747,0.45816883,0.19572198,0.17738347,-0.74889857,0.61414194,-1.2406229,-0.089454919,0.23849249,-1.0301738,0.036621589,0.026773281,0.40083256,-0.1585508,0.36093396,0.081755035,0.41992262,0.080561481,0.63485801,0.050471552,-0.12496904,-0.6130845,0.35342294,1.0605214,-0.49204326,0.49737054,0.46601105,0.55676562,-0.59060621,0.54108542,0.30475768,-0.93844789,-0.46574104,0.037518129,0.07196071,0.16766521,0.65586942,-0.35257411,-0.49097952,-0.52298898,0.041307099,0.57571602,-0.22985053,0.20483465,-0.27054384,0.16511714,1.0355314,-0.8993175,0.17514111,0.27277178,-0.56182772,-0.06488587,-0.10279804,-1.1960688,-1.6352022,-0.22904581,0.47862929,0.093389466,-0.31889272,0.70165682,0.1733712,0.40922347,0.2074174,-0.15468347,-0.36195841,0.20927155,0.066613413,0.000674315,-0.7218374,0.1886633,0.02759289,0.93683684,-1.3596494,-0.072011143,1.2904805,1.4093298,0.29191643,-1.0630411,-0.21048483,-0.19138406,-0.13456781,0.058161866,0.41005325,0.58639073,0.25275373,0.37502497,0.090515099,0.24845938,0.61713296,0.65897232,0.9439832,-0.72586739,0.47298706,0.16887785,0.19973814,-0.26748332,-0.17784442,-1.3648586,0.26818815,0.001924913,-0.45862031,-0.2068305,0.431979,0.01892817,-0.4823482,0.1569251,-0.18432251,-0.32212421,-0.14755875,0.57313693,0.85605633,0.33641508,-0.001563202,0.42238396,0.31796056,-0.12559262,-0.91444463,0.18277466,-0.54216343,0.037310004,0.59046662,-0.87709641,-0.3307758,0.38990715,0.52471507,-0.47897786,-1.0288634,0.51196897,-0.56138784,0.054496214,-1.4473701,0.28440249,-0.23263037,-0.51999426,-0.51593363,0.92103791,0.59758055,-1.6105732,-1.0567535,-0.33869585,-0.026945148,0.19244286,-0.03906006,0.058272198,0.35074127,0.17978741,-0.23434418,0.22851746,0.31403181,0.38716465,-0.23052731,-0.12409203,0.24785006,-1.2729856,-0.072118975,0.34512442,-0.042926587,0.25560194,0.66249216,0.7551434,-0.31461561,-0.7251699,-0.2891081,0.014619775,-1.5939106,0.24626639,0.2437415,0.18554251,-0.66463387,-1.0692084,0.17998861,-0.54212713,0.1758396,0.018327691,-0.030702434,0.42405599,0.076921597,0.28161579,0.42492822,0.00984557,-0.12409524,-0.2700507,-1.941554,-0.60925615,-0.73196614,-0.040716771,-0.76415294,0.1821283,-0.070291124,-0.19209513,0.072535723,2
0.59985292,0.35769114,0.32075092,0.59970844,0.57430792,0.62100136,0.58892202,0.57743871,0.577802,0.58755767,0.57065398,0.59152782,0.57671893,0.56730139,0.59981602,0.61481303,0.57845169,0.62162268,0.58387005,0.54904985,0.55713755,0.57489276,0.55497456,0.58561361,0.57867557,0.56422693,0.5767498,0.59848738,0.57176685,0.57518566,0.58052009,0.56212139,0.55815434,0.55228937,0.56036615,0.55777526,0.55320138,0.5650034,0.54648948,0.55161268,-0.98521805,0.30442658,0.52281696,0.49881566,1.4345326,1.8279489,1.4717699,0.85614645,0.99921274,1.7930856,1.5479343,1.3358266,0.38543388,-0.26025394,-0.42442644,-0.36354122,0.586905,0.3406865,0.39614663,0.32584414,-0.91562921,0.033727661,-0.67509824,0.44455436,-0.79093826,-0.21233073,-0.094964609,0.56283087,0.35244268,1.4344475,-0.20337556,0.22008494,-1.1694714,-0.37426335,-0.016595487,0.88183254,-1.2108788,0.57703018,0.4218224,-0.90747833,-0.16320843,-1.2191187,-0.56602138,0.22188428,0.79775339,0.80977374,-0.081834584,-1.7624797,0.70403939,0.18930396,-1.0576562,0.68738675,0.021238614,0.026636867,0.65576738,-0.091704249,0.37957546,-0.45027438,-0.015536644,0.49630207,-0.73612589,-1.1507206,0.060835153,0.44023865,-0.17042241,0.14427015,-0.006716639,-0.16684575,-0.1582872,-0.36035442,0.57346612,0.89494509,-0.20169695,-0.18667024,-0.40248904,0.32793969,0.43236396,-1.148671,0.3942281,-1.0017747,-0.43466738,-1.841068,-0.89973009,0.013749704,-0.41497502,0.24979693,-0.469708,0.11111588,-0.11464745,-0.11282778,-0.72748256,-0.42616308,-0.040342234,-1.0250629,0.002678916,-0.099831194,0.25908646,0.31506491,-0.57852274,-1.6646383,0.47340602,0.52567524,0.84161586,-0.13449554,0.68805331,0.30071223,0.072092317,-0.2767154,-0.28343111,0.24751127,-0.58447933,-0.2413238,0.36113167,-0.16387373,-0.81234372,-0.032505173,-0.54810101,-0.60768449,0.25099984,-0.2239463,-0.020415848,-0.88948178,0.89684653,0.82658958,0.077532105,0.10703797,-1.7920675,0.51414871,-0.11044438,-0.20005274,-0.062053263,-0.53514433,0.012966705,-0.13991176,-0.63136321,1.0306104,-0.51781774,0.17112565,0.48042053,-1.7815716,-0.30059108,0.30942768,-0.053274371,-0.5832032,-0.96052492,0.62193805,0.20017542,0.33253795,0.9907214,-0.70711797,-0.24474612,0.052180421,0.12264504,0.21843156,0.50949574,0.27789044,-0.15847531,-1.2120762,-1.6295515,-0.81798077,0.25534469,0.56687927,0.39893013,-0.33428091,-0.35803485,0.13551128,1.6131277,0.088336043,0.075057738,-0.29682845,-0.23977162,0.97688198,0.11247867,0.27631325,1.0046152,-0.075355642,-2.580718,-0.11925185,0.58919042,-0.015704047,-0.18727492,-0.70920676,0.05249913,-1.5139071,0.23631188,-1.2936429,0.54160583,0.10412142,-0.88180661,-0.009276208,0.24819937,0.48232603,-0.23059657,0.003324568,-2.5604486,0.15965514,-0.63993901,-0.15107898,-0.20198768,0.15320067,0.50355607,0.11596714,-0.34756094,0.50043565,0.56854928,-0.74348271,-0.2416414,0.55257481,-0.47368637,0.035333715,0.21801618,0.55062842,0.089526281,0.57955265,0.49178547,0.88834351,-0.87634814,-0.3940168,0.87104285,0.086942524,0.266675,0.021161336,-0.2254675,-1.2692175,-0.47526744,0.11291579,-0.5622009,0.62960744,1.1924756,0.44877917,-0.47450352,0.23125613,-0.49329579,0.76317239,0.52407229,-0.47411352,0.16923608,1.7011567,0.049641959,0.21113849,-0.75291121,-0.20584854,-1.9622298,1.089933,-1.3835244,-0.24660444,-0.2622115,-1.543368,-0.25916708,0.16931418,0.011020333,1.016531,0.5943743,0.36102995,-1.9265749,0.86105055,0.1105044,1.1212894,0.04392283,-1.2157698,-0.13493945,-0.9423185,0.57911921,0.40408099,-0.93475723,0.31345823,-1.695926,-1.7683924,-1.5907457,-0.38377458,0.55814701,0.28091174,0.19737557,-0.87695009,0.70206046,-1.2929074,-0.11011352,0.48840314,-1.1539875,0.10964038,0.061277151,0.47037366,-0.006918415,0.46396714,0.044604279,0.4412111,0.000486938,0.71283543,0.17269282,-0.088461928,-0.68866611,0.37407315,1.1591665,-0.66262424,0.61334866,0.57021523,0.6645667,-0.64063787,0.6589061,0.30131054,-1.0415519,-0.67192066,0.19561124,-0.008512735,0.26994407,0.90308934,-0.40495348,-0.62740499,-0.66021013,0.025061533,0.58012742,-0.23108116,0.26087353,-0.35897052,0.17423619,1.2778645,-1.0080947,0.11554969,0.37328988,-0.68567717,-0.068882152,-0.032448113,-1.4230728,-1.9942861,-0.16753219,0.58791947,0.14818029,-0.22793946,0.83153754,0.19048691,0.38516757,0.25208431,-0.32669616,-0.46184978,0.17850056,0.004152387,-0.045965865,-0.36975491,0.17443269,0.37460744,1.3254488,-1.7516651,-0.13940071,1.4776629,1.776638,0.36999702,-1.3476059,-0.22826655,-0.30337006,-0.15204549,-0.040445309,0.47582868,0.86873382,0.75326133,0.54762441,0.15096073,0.25201201,0.88844246,0.80020702,0.8855201,-0.84353274,0.31565601,0.32465506,0.31602561,-0.36931589,-0.2156195,-1.6775085,0.30700013,0.090529494,-0.42378652,-0.21664476,0.48953223,0.1309126,-0.61467832,0.17360488,-0.35008845,-0.039304584,-0.06500347,0.83292967,1.0632553,0.33638203,-0.011513107,0.63176346,-0.15304759,0.011035841,-1.1117104,0.28365618,-0.73471165,0.027479678,0.58708215,-0.91834378,-0.36552122,0.52453172,0.48172924,-0.56039941,-1.4134228,0.45928904,-0.67277086,0.043198466,-1.8092395,0.37900534,-0.25478023,-0.48925745,-0.47005585,1.0798579,0.59217745,-1.9349943,-1.1078479,-0.37364313,-0.086527534,0.26904035,-0.053456746,0.13080828,0.49575916,0.19772416,-0.21456194,0.32708931,0.31740141,0.44022065,-0.15166828,-0.029432371,0.16899474,-1.6082098,-0.13432102,0.42159271,-0.10620101,0.25626245,0.71606773,0.8615638,-0.33175805,-0.77670044,-0.42153457,-0.18544003,-2.0547721,0.33768609,0.40366912,0.29062417,-0.74167901,-1.2295316,0.20775872,-0.67556566,-0.001795247,0.023892822,-0.15404469,0.57740295,0.19132677,0.33522782,0.47515148,0.040531829,-0.1476931,-0.34334338,-2.3145499,-0.73835111,-0.82372129,0.057069637,-0.81350142,0.3220638,-0.18786041,-0.30379322,0.022551648,2
0.57466978,0.34032893,0.30291232,0.53564155,0.54225016,0.54718161,0.53897405,0.51911873,0.54621011,0.53356063,0.53287184,0.53041428,0.53305471,0.51556957,0.53194231,0.52027547,0.53012371,0.55948782,0.53534919,0.53280234,0.51275927,0.52574182,0.5157342,0.51988494,0.52756029,0.52528816,0.52171695,0.51817662,0.52849543,0.52192676,0.51883268,0.52440548,0.50153363,0.51133031,0.5219382,0.49518451,0.50105101,0.53199804,0.49397504,0.51233613,-1.0028001,0.29164732,0.52470303,0.47328961,1.3976883,1.7991266,1.4678332,0.8200466,0.9740746,1.7353572,1.5028511,1.3053148,0.42063433,-0.23790601,-0.18771234,-0.40663087,0.82531977,0.39636785,0.39286035,0.30999938,-1.0443997,0.069590196,-0.51033467,0.55547762,-0.72709602,-0.19898698,-0.25552315,0.75963497,0.33583865,1.6801237,-0.18944293,0.26749295,-1.1460615,-0.34337789,0.059830878,1.1585526,-1.0351875,0.65030777,0.28824776,-0.88965356,-0.11875191,-1.0929049,-0.57713926,0.45441478,1.1748211,0.85696745,-0.015160426,-1.6562392,0.70352608,0.11032613,-1.0242643,0.62235868,0.065232724,0.1566017,0.49163234,-0.18482816,0.52127236,-0.53243625,0.10445455,0.68317938,-0.69671524,-1.182699,0.049725924,0.47200334,-0.44067043,0.15885301,0.00385553,-0.26523042,0.047328904,-0.34350786,0.6670596,1.0895951,-0.22417055,-0.48771101,-0.4099032,0.045293294,0.45180404,-0.94984686,0.37866566,-1.2154771,-0.42089099,-1.8274802,-1.1311324,-0.013227943,-0.31251103,0.24719253,-0.43339068,0.0883426,-0.13339859,-0.26391768,-0.97688705,-0.5771538,0.24400869,-1.0735474,-0.18955857,-0.19271421,0.16907629,0.28555703,-0.5769909,-1.8113023,0.27194548,0.49489895,0.82463396,-0.16295829,0.80788743,0.3626965,0.10877583,-0.22399032,-0.18784282,0.28378674,-0.78107536,-0.22415143,0.4623701,-0.29635519,-0.84426773,-0.099864721,-0.63227117,-0.6830824,0.33125255,-0.22775874,-4.57E-05,-0.67513096,0.83458471,0.76770294,0.033264067,0.24754575,-1.9526114,0.79691511,-0.05402207,-0.32669768,-0.091494918,-0.59006739,-0.069496922,-0.22511198,-0.75991136,1.0538725,-0.79827428,0.15306982,0.46478784,-2.1069207,-0.3827866,0.34425694,-0.041947026,-0.59293491,-1.1116111,0.4369289,0.4531382,0.30725297,0.96522939,-0.72305846,-0.29413217,0.089793243,0.023877412,0.18729615,-0.02747038,0.15894578,-0.066876225,-1.3288481,-1.560699,-0.65273899,0.30884188,0.67932373,0.50823635,-0.37288442,-0.27415192,0.13086993,1.2348315,-0.093343273,0.093924642,-0.41801947,-0.36647564,1.1262758,0.13433462,0.31109071,1.3233013,-0.20726293,-2.7618439,-0.089360476,0.75933897,-0.018424492,-0.069254927,-1.0003319,0.22325632,-1.6463239,0.29883251,-1.3179798,0.2634865,0.010551956,-0.8513335,0.098397002,0.2976613,0.56798768,-0.26981363,-0.26713431,-2.9302478,0.38629651,-0.51418948,-0.17128797,0.036024205,0.30659258,0.49716747,0.28000739,-0.20489651,0.83885789,-1.7576605,-0.96026528,-0.38697863,0.53644347,-0.53276128,0.13003595,0.20107628,0.64392221,-0.033585314,0.51853645,0.46251974,0.80073929,-0.93200088,-0.39615983,0.64023119,-0.021401696,0.31515077,-0.013994453,-0.33223516,-1.2182394,-0.47443244,0.099975601,-0.43194818,0.7282759,1.2421917,0.428074,-0.48360538,0.10420689,-0.45885399,0.89502645,0.51310229,-0.44381136,0.10008261,1.602929,-0.038422227,0.2403976,-1.118504,-0.19156206,-2.1757612,1.0792625,-1.561168,-0.3790614,-0.25531536,-1.3846947,-0.1142107,0.12617184,0.041746996,1.0367107,0.47200307,0.38155159,-2.0038848,0.88569075,0.13004687,1.1156443,0.1276948,-1.116699,-0.10560698,-0.88349915,0.61099535,0.27332711,-0.88090408,0.38657209,-2.0813637,-1.8769251,-1.5667578,-0.40327811,0.69762433,0.76181626,0.24266022,-1.1574767,0.78117836,-1.4388,-0.18047711,0.60173666,-1.3043576,-0.040777974,-0.053025182,0.49867031,-0.20105736,0.38928398,0.052348986,0.49968722,0.080518007,0.63522995,0.091582514,-0.09487246,-0.9153316,0.43684918,1.3387811,-0.58794999,0.66144967,0.52080446,0.60302681,-0.82952893,0.69330871,0.54986775,-1.2222269,-0.55031443,0.13193353,0.10362904,0.16296412,0.87813652,-0.50510353,-0.5467186,-0.60550451,0.017051958,0.68640023,-0.30162078,0.4659099,-0.39507341,0.20433423,1.291137,-1.2557087,0.153026,0.29898018,-0.75892174,-0.086806774,0.02174437,-1.5572094,-2.1307404,-0.41880617,0.6167801,0.082390517,-0.32325,0.73462319,0.25166404,0.55080795,0.31031781,-0.34613526,-0.49598753,0.24531308,0.034930844,-0.018874303,-0.4692021,0.26557606,0.13641956,1.2725552,-1.7088404,-0.087776855,1.6693552,1.4963329,0.40679386,-1.298758,-0.31123441,-0.57291198,-0.2669993,0.076200545,0.54519093,0.82033241,1.0282636,0.3693774,0.21292524,0.21980032,0.81327915,0.78187454,1.0954458,-0.95061004,0.50040728,0.44216818,0.21000504,-0.39518166,-0.18593888,-1.5997814,0.34862578,0.074834093,-0.52999526,-0.2750563,0.54627436,0.15079248,-0.782507,0.21717341,-0.29274058,0.17631075,-0.29949841,0.69113696,1.1235468,0.48541051,-0.003281433,0.57192779,-0.13181442,-0.17764285,-1.1286446,0.29091343,-0.6112687,0.28595495,0.77298367,-0.93051767,-0.5522505,0.45045072,0.55291593,-0.66680658,-1.1457832,0.70803642,-0.5931797,-0.015635166,-1.7334783,0.27594885,-0.21825077,-0.59634566,-0.61018717,1.060993,0.68785465,-2.0608475,-1.3408957,-0.42144322,0.025892014,0.31018966,-0.026232,-1.98E-05,0.45727691,0.26808691,-0.24068211,0.44144031,0.36839759,0.45854658,-0.072817944,-0.14390519,0.28255984,-1.5052894,-0.047588546,0.38457221,-0.043537259,0.28078756,0.80233502,1.1597178,-0.46003926,-0.9828434,-0.3404341,-0.12627943,-2.079499,0.27793241,0.37707165,0.31033796,-0.80652112,-1.4799073,0.24542256,-0.51178163,0.28494525,0.036311455,-0.13672604,0.316847,0.14221065,0.34499195,0.51058626,-0.002763122,-0.18351941,-0.43624333,-2.4119077,-0.76188451,-1.0626594,0.10055742,-1.0361936,0.33672917,-0.070466571,-0.40871376,0.039770681,2
0.55012965,0.31877592,0.27974018,0.53089207,0.5212813,0.54282767,0.5302121,0.51208913,0.52733904,0.5271554,0.52177858,0.52308691,0.52257669,0.50713813,0.52740121,0.5159719,0.52655786,0.54406857,0.5262723,0.51379651,0.49909228,0.50882316,0.50690818,0.51048398,0.51770449,0.51124305,0.51176649,0.49853802,0.50789905,0.50811189,0.50513619,0.51038361,0.49439579,0.5039252,0.5055564,0.4890722,0.48522604,0.50194961,0.48452321,0.49164033,-0.8483516,0.26675031,0.33924001,0.29740712,1.2291732,1.6363311,1.2347114,0.62956488,0.76056826,1.5480493,1.3110027,1.1052867,0.2602272,-0.23408523,0.016784076,-0.24182728,0.5683915,0.29148465,0.33009923,0.24225204,-0.89659929,0.053341158,-0.45872918,0.45666063,-0.71783465,-0.051463556,-0.1749374,0.77058113,0.30337745,1.6539567,-0.13728955,0.22794211,-1.0629821,-0.35777023,0.087559529,0.76729184,-0.94495052,0.43749326,0.20883594,-0.86135751,-0.11557654,-1.0169489,-0.61145806,0.65851307,0.81078601,0.80091894,0.051465169,-1.6509678,0.83417594,0.087625466,-0.98314881,0.47590894,0.04937169,-0.012686536,0.68377948,-0.22923072,0.54279727,-0.42964676,0.032605991,0.49581644,-0.70010674,-1.0826323,0.10225505,0.39191967,-0.37975809,0.20661835,0.013044652,-0.13215536,0.01625368,-0.40232849,0.6040982,1.0764701,-0.21159914,-0.31003064,-0.47197449,0.076811388,0.81406844,-0.90324086,0.31053364,-1.080174,-0.40062883,-1.7584404,-1.0665758,-0.052095041,-0.34954855,0.16407356,-0.58535397,0.23087743,-0.15759736,-0.21272884,-0.8033492,-0.50518394,0.67839646,-0.97820932,-0.28302014,-0.17585,0.12215687,0.37547323,-0.58816439,-1.4388218,0.89951891,0.39980224,0.7415151,-0.18380055,0.57650125,0.35054034,0.065116957,-0.16528299,-0.22179453,0.45671988,-0.66395247,-0.13329893,0.30246821,-0.2702173,-0.7478646,-0.20395556,-0.56424665,-0.91572034,0.29831788,-0.31300783,-0.021848317,-0.59555525,0.61001909,0.59559625,-0.072335497,0.15258193,-1.860768,0.88533378,-0.076983035,-0.18922397,-0.026228409,-0.56140947,-0.043185286,-0.12687336,-0.70699185,0.91934234,-0.70571566,0.083851472,0.3866812,-1.4777793,-0.25265503,0.51771325,-0.058088586,-0.42858508,-0.98481739,0.60087502,0.43144733,0.42903322,0.751993,-0.70926321,-0.28130788,0.072038829,-0.021730289,0.19537947,0.40888119,0.030560359,-0.20641279,-1.1717552,-1.4760803,-0.76874524,0.25337303,0.38676,0.40258217,-0.56048679,-0.38565597,0.24524648,1.2300179,-0.23887467,0.015448576,-0.51054263,-0.21491019,1.1857606,0.10915779,0.21442559,2.2237773,-0.062604912,-2.4913826,-0.090149142,0.93664861,-0.007605377,-0.11970045,-0.71355736,0.061583102,-1.5449444,0.27110964,-1.3571491,0.23241748,0.064838029,-0.79497498,-0.044328693,0.34536961,0.55867803,-0.24939692,-0.14164111,-2.4980638,0.25414631,-0.61882269,-0.09726499,-0.19289051,0.30069879,0.40170282,0.1441367,-0.18729372,0.58810931,-1.477676,-1.0816754,0.008356839,0.39830896,-0.45465758,0.14731424,0.26658335,0.49700636,-0.080795832,0.52063829,0.29341835,0.77999878,-1.1185714,-0.35459366,0.54946882,-0.048334323,0.21111026,-0.029533586,-0.20971192,-1.1130826,-0.47918156,0.077813081,-0.53786039,0.63858271,1.1840577,0.41586262,-0.49773872,0.083081663,-0.38567317,0.56583202,0.78540158,-0.45315549,0.17390925,1.348195,0.23922589,0.11815358,-1.0641185,0.049195737,-1.9635949,0.87410218,-1.3902903,-0.35328639,-0.2055625,-1.2813842,-0.29070956,0.15132794,0.55180007,0.77252078,0.6664561,0.32649624,-1.6641093,0.80787903,0.029029142,0.97257781,0.048531815,-0.99992144,-0.063108668,-0.76885182,0.56713289,0.36217511,-0.82149291,0.4375709,-1.767308,-1.778724,-1.4481298,-0.42804247,0.54671335,1.186831,0.16498668,-0.92510885,0.63674653,-1.4094205,-0.22426426,0.31157097,-1.001593,-0.078087524,0.040382888,0.54793042,0.22367099,0.58080423,0.076268725,0.39383224,0.027342295,0.49053451,0.051402852,-0.091600403,-0.77321368,0.33009577,1.1231682,-0.54242849,0.5930621,0.54822212,0.35771468,-0.70455313,0.74683726,0.47588098,-1.1444153,-0.49233812,0.086390525,0.13645172,0.22080798,0.99090624,-0.33799559,-0.47117603,-0.5082562,-0.007939896,0.61232913,-0.23790146,0.23527381,-0.2467799,0.14776583,1.3096366,-1.0271958,0.17058504,0.26658204,-0.64358252,0.019138748,-0.11055984,-1.390429,-1.7733072,-0.32830283,0.45703501,0.10548943,-0.31830195,0.69969183,0.37786916,0.54931277,0.20302311,-0.14733806,-0.39894599,0.15711847,0.08040347,-0.12558205,-0.41459635,0.15890865,0.1168304,1.1092427,-1.5748558,-0.1943749,1.4447324,1.4311888,0.39605588,-1.1952616,-0.26051143,-0.24136192,-0.11672661,0.19032244,0.55055851,0.82183003,0.9496274,0.36989892,0.26684791,0.22799146,0.86074495,0.69987237,1.353108,-0.79264879,0.33569229,0.41703603,0.055839159,-0.42879596,-0.15485163,-1.4873987,0.25362957,0.024250943,-0.46556652,-0.17011446,0.38828754,0.081209168,-0.73647475,0.17089722,-0.20203201,0.22476265,-0.077348799,0.49874252,1.0965729,0.28501803,-0.063775219,0.51102769,-0.1185578,-0.049476705,-1.0481973,0.23724325,-0.61793113,0.38629857,0.72688586,-0.82110858,-0.44380689,0.4225516,0.43650809,-0.57993633,-1.085067,0.66559774,-0.5930118,0.088679023,-1.5042882,0.21978098,-0.31764704,-0.50310618,-0.47641364,0.98918831,0.64524543,-1.7620914,-1.2401931,-0.32453299,0.050104488,0.2706252,0.027298771,0.052905351,0.3762762,0.13630734,-0.25178897,0.34284756,0.34584874,0.44265968,-0.18656434,-0.061906498,0.28080058,-1.3894062,-0.029595673,0.47600275,0.018848807,0.21463893,0.70099211,1.2755806,-0.40471989,-0.67536253,-0.28406835,0.080363408,-1.8527184,0.30726138,0.23388073,0.32989749,-0.78001857,-1.2674986,0.19298124,-0.64620507,0.39031705,0.11302998,-0.073907763,0.4833132,0.12974884,0.292849,0.41025719,-0.008050343,-0.15335734,-0.36443028,-2.1935086,-0.73364991,-0.91657645,-0.072144687,-0.79800808,0.31440023,-0.15858406,-0.29909104,0.072926022,2
0.49885449,0.26655677,0.23009832,0.47845864,0.47408599,0.49813128,0.47286415,0.46905166,0.47978956,0.47451028,0.47073656,0.46371281,0.46903503,0.44721922,0.4736138,0.4565776,0.46559459,0.4898659,0.48146731,0.45408958,0.44958973,0.46167701,0.46064627,0.45590895,0.4739539,0.46052122,0.46883398,0.45782036,0.46312842,0.45983091,0.45683372,0.45282799,0.44506937,0.45238161,0.46949023,0.42944807,0.43533957,0.45080417,0.43551868,0.44437844,-0.85685247,0.22088039,0.35483003,0.3882063,1.2835816,1.7101922,1.2825522,0.67812955,0.80562454,1.5998547,1.3755755,1.1580244,0.31424919,-0.21552247,-0.35873872,-0.40205276,0.58608639,0.32026896,0.34841877,0.27591291,-0.36573493,0.088450544,-0.41904593,0.46351564,-0.74899614,-0.04111471,-0.22230569,0.7151432,0.5616039,1.5184824,-0.21765184,0.20726347,-1.1382098,-0.2933819,0.1562679,0.97782075,-1.0889781,0.50620151,0.30377558,-0.84417647,-0.02644401,-0.6973787,-0.55826044,0.51959026,0.78719622,0.89891523,0.051735666,-1.5895475,0.69817567,0.15868962,-0.86205894,0.65579379,0.06231267,-0.044454217,0.53671843,0.025770411,0.56765342,-0.41957527,0.015889842,0.43084943,-0.80452549,-1.1472672,0.14678022,0.55915296,-0.35603726,0.34127378,0.18668288,-0.13968942,-0.082233921,-0.35325044,0.45514119,1.1363857,-0.22760622,-0.34576815,-0.28959432,0.46759012,0.2966966,-0.99138671,0.31869373,-1.1209899,-0.37847558,-1.7157826,-1.0131007,-0.011526598,-0.14731762,0.3242892,-0.51451659,0.18229517,-0.15593639,-0.10950039,-0.68719262,-0.30051607,0.022119952,-1.0629349,-0.26558399,-0.13001564,0.052077308,0.38268507,-0.47333264,-1.5015967,0.60783434,0.43339869,0.74825901,-0.25971353,0.68231499,0.35076433,0.087683246,-0.45738244,-0.25936031,0.20230474,-0.57599396,-0.17514557,0.31467378,-0.23669125,-0.75051785,-0.050638307,-0.52952957,-0.63710994,0.27147183,-0.23516232,-0.016145982,-0.65362573,0.87404299,0.63221025,-0.005409673,0.1697661,-1.6873342,0.62355608,-0.03888553,-0.12896422,-0.1246687,-0.58432782,-0.042455032,-0.23037277,-0.66414988,0.93629897,-0.71340525,0.13833642,0.29876772,-1.6526253,-0.35612938,0.46137494,-0.093518108,-0.58051884,-0.90115929,0.47609261,0.41253012,0.48717573,0.85640168,-0.70648706,-0.25801745,0.082421303,0.34485421,0.22703931,0.6005488,0.15833306,-0.1560825,-1.178458,-1.4872072,-0.75297016,0.21563865,0.53417945,0.50506312,-0.47468197,-0.38610932,0.20848745,1.4279524,-0.17038688,0.062786788,-0.42058286,-0.24925297,1.0154524,0.11869851,0.2241386,0.82547218,-0.034136578,-2.3247247,-0.090368487,0.55844826,-0.026398487,-0.18121749,-0.74019885,0.10914125,-1.3990515,0.23418054,-1.1831925,0.48929861,0.050831459,-0.81238216,0.044243399,0.043193355,0.54538369,-0.2735298,-0.29400495,-2.5280912,0.33085969,-0.61356699,-0.12229502,-0.16788188,-0.012337551,0.55190688,0.46233058,-0.25706664,0.49446258,-1.427039,-0.72772223,-0.3897596,0.42964789,-0.49945116,0.089431949,0.11354452,0.60411143,0.051303204,0.54907352,0.36157903,0.68675041,-0.9492783,-0.32606971,0.64685726,0.068266571,0.27768055,0.024757801,-0.3088595,-1.1505501,-0.43372074,0.031517182,-0.37733167,0.73165578,1.115041,0.42348021,-0.47459829,0.1394702,-0.46570927,0.57686943,0.48743254,-0.43197638,0.10409488,1.6052845,0.18875307,0.084085241,-1.1339124,0.049136683,-2.0149989,0.95366561,-1.1375583,-0.29749328,-0.25498757,-1.4381109,-0.11989551,0.27365234,-0.06763199,1.1551623,0.44649768,0.17140482,-1.8185527,0.86342299,0.13954584,1.076172,0.22217566,-1.0246096,-0.046812277,-0.86813825,0.53653699,0.53982472,-0.88340777,0.29816353,-1.7226342,-1.6951954,-1.4092777,-0.37811828,0.78834093,0.25591058,0.15997986,-0.94619381,0.6389569,-1.2054985,-0.10454132,0.44257137,-1.1022201,-0.13652493,-0.007689305,0.52350807,-0.015677813,0.39875126,0.084720202,0.38746959,0.075189784,0.73608816,0.001305226,-0.14606528,-0.97467041,0.35088295,1.1932735,-0.54949355,0.74759758,0.59941435,0.57087314,-0.61553526,0.46201265,0.44136176,-0.95744729,-0.44661132,0.073999673,0.035991661,0.1829735,0.73747689,-0.37763482,-0.56358206,-0.5488795,0.03909459,0.5808301,-0.35965431,0.3353093,-0.28382167,0.14578566,1.1836722,-1.0920707,0.17337872,0.26701057,-0.62450063,0.020792447,-0.24644142,-1.3628381,-1.8297644,-0.17014398,0.53886056,0.19016671,-0.2710979,0.76462799,0.33484086,0.58822352,0.24268949,-0.34811515,-0.4999001,0.21420486,0.09474691,-0.090276867,-0.63174313,0.22949883,-0.0344567,1.1512181,-1.6691433,-0.21499464,1.6186171,1.4784003,0.35578394,-1.2947695,-0.21384773,-0.38225192,-0.075216807,0.039168719,0.51616597,0.75536084,0.62677777,0.38937473,0.15630725,0.21702465,0.71680129,0.69518697,0.84087789,-0.83001775,0.37713087,0.32319397,0.14833009,-0.32441968,-0.18554369,-1.4874315,0.2728495,0.051769018,-0.45934373,-0.25886053,0.48667833,0.16703922,-0.70856988,0.28786561,-0.25018129,-0.10950449,-0.20563146,0.75721502,0.8741532,0.32798606,0.00603367,0.51564443,0.2266795,0.012005374,-1.0337985,0.26159707,-0.58655107,0.085274935,0.52030915,-0.9816469,-0.40658048,0.31615764,0.47991368,-0.62549901,-1.2147355,0.58787298,-0.61148703,0.22625796,-1.5858425,0.31094718,-0.45162427,-0.58979332,-0.65324962,0.96813834,0.63568217,-1.9275929,-1.2464417,-0.32707733,-0.000269243,0.22443657,0.010658467,0.059338998,0.34268197,0.18870738,-0.22029513,0.28881693,0.37401205,0.52623844,-0.003063165,0.01322642,0.20590313,-1.4899489,-0.03610523,0.32565618,-0.019436944,0.27845955,0.80566514,1.26289,-0.43978143,-0.8713842,-0.30417755,-0.1646885,-1.8315105,0.29401127,0.34006128,0.32899159,-0.7496106,-1.4279125,0.19286394,-0.60882843,0.66954786,-0.009264773,-0.058409937,0.63752341,0.14616948,0.29561332,0.49739248,0.009515407,-0.16633561,-0.36269072,-2.204098,-0.76843345,-0.89854985,0.068329938,-0.91751683,0.45030934,-0.080797732,-0.23312873,-0.014274891,2
0.55153263,0.3030974,0.26212108,0.53509939,0.52694154,0.54137564,0.52906245,0.5128814,0.52660644,0.52054375,0.52451503,0.5238409,0.52234912,0.50999707,0.52858663,0.51375306,0.52610308,0.54334939,0.52785784,0.51047409,0.50517803,0.52085572,0.50807631,0.51310968,0.51430327,0.51680541,0.52295506,0.51291829,0.51628149,0.51440597,0.50918233,0.51080102,0.49995974,0.50039601,0.5141086,0.48878169,0.49070847,0.51082683,0.48967689,0.50225723,-0.90828007,0.24379243,0.36427855,0.31795153,1.255725,1.6742495,1.2512547,0.65335071,0.78892553,1.5822351,1.3565406,1.1337198,0.38139802,-0.24794942,-0.25112712,-0.32953709,0.61258686,0.34105587,0.38676596,0.27696577,-0.60577345,0.00542595,-0.57503772,0.34909806,-0.81315154,-0.055866759,-0.17506681,0.58253765,0.2888051,1.5215921,-0.18021931,0.22441734,-1.0799091,-0.33327532,0.009009209,0.92134291,-1.0434892,0.5459674,0.27648807,-0.90035743,-0.14648168,-1.1125827,-0.63138485,0.27460971,0.80477107,0.75024134,-0.087036014,-1.6507559,0.67441553,0.13974512,-1.0708396,0.47595707,0.011840224,0.039534509,0.70787603,-0.010011658,0.35181829,-0.38421708,0.043999739,0.52571976,-0.61982059,-1.0104016,0.075241476,0.39358419,-0.29054451,0.20523275,0.003495753,-0.16271523,0.040643662,-0.33798718,0.56886023,0.8596921,-0.18008056,-0.19995058,-0.39619538,0.064247116,0.36772993,-0.89200103,0.31393287,-1.2225925,-0.43021077,-1.7221572,-0.88888168,0.036743831,-0.36781663,0.20114237,-0.4762018,0.057740822,-0.10331862,-0.11286727,-0.62933451,-0.44940174,-0.15278001,-0.99422723,-0.11817639,-0.099471286,0.19483584,0.022997886,-0.57081968,-1.4431059,0.30790618,0.46471426,0.73673695,-0.17033809,0.55880487,0.35571763,0.032683983,-0.46942797,-0.22461471,0.34074253,-0.47329599,-0.18231687,0.37501886,-0.17385429,-0.75459367,-0.10418408,-0.53864348,-0.57595581,0.26209554,-0.22803611,-0.00822956,-0.81686676,0.82606089,0.66555196,0.11604121,0.096326992,-1.6666666,0.68609464,-0.010244165,-0.19905293,-0.052232035,-0.55552238,0.005266885,-0.15764679,-0.69022751,0.92684418,-0.77969354,0.10997663,0.41771093,-1.4364489,-0.21622746,0.33246204,-0.087077983,-0.56576711,-0.8161667,0.56279004,0.27904102,0.45536691,0.74965489,-0.67939216,-0.23921774,0.067610554,0.21339059,0.24714977,0.49930063,0.20053813,-0.099655122,-1.1317325,-1.4981072,-0.64367509,0.21674463,0.58337498,0.35671219,-0.41949236,-0.22390829,0.13796604,1.1516191,0.18464047,0.044632286,-0.35442877,-0.19822481,1.0898523,0.10236982,0.23534624,1.2019587,-0.15511246,-2.343586,-0.10614263,0.45122734,0.006500922,-0.1632376,-0.61539334,0.14489438,-1.4166425,0.22152251,-1.1056734,0.35551846,0.003646359,-0.82693273,-0.003652081,0.17126034,0.34310493,-0.23380305,-0.59296554,-2.4797049,0.23818424,-0.52310956,-0.015847541,-0.12070711,0.20694517,0.40866953,0.14011727,-0.29182079,0.63154554,-1.3586485,-0.74498034,-0.31052202,0.44685039,-0.40470058,0.1735355,0.26474497,0.53219688,0.091639876,0.51319385,0.45536247,0.84116817,-0.88855922,-0.32549244,0.55997622,-0.080844626,0.27433458,0.077804655,-0.25376153,-1.1803696,-0.43694255,0.11906733,-0.54750091,0.58222443,1.1188822,0.40064454,-0.49756843,0.18996096,-0.40726468,0.67164004,0.53135467,-0.46062565,0.12214204,1.4765481,0.11381163,0.30065075,-0.82461071,-0.13351335,-1.8866385,0.89181948,-1.3470682,-0.20239383,-0.24190007,-1.5004663,-0.12799768,0.10796395,0.061387323,1.0053068,0.59010679,0.34604904,-1.7747271,0.73536122,-0.020503471,1.0373242,-0.063569836,-1.0763049,-0.13451517,-0.76159918,0.54615766,0.30187708,-0.83520228,0.31392527,-1.5774086,-1.7727987,-1.4102722,-0.41484171,0.46880603,0.24158984,0.19831485,-0.83972645,0.65007788,-1.1445503,-0.21847731,0.37002736,-1.0662903,0.014008608,0.001101533,0.4706654,0.092567399,0.29346359,0.047315918,0.454445,0.075221121,0.53725702,0.019037664,-0.11237424,-0.65258127,0.39128232,1.0787584,-0.52003974,0.66586691,0.50905627,0.63945735,-0.73165876,0.76227152,0.41556814,-1.0418202,-0.56175292,0.11099727,0.078266844,0.19490677,0.71161753,-0.42968923,-0.50522166,-0.53850573,0.028130393,0.64054036,-0.17550449,0.2263822,-0.29504439,0.22057056,1.100433,-1.0238268,0.15464269,0.3289775,-0.65485704,-0.15091446,-0.10462908,-1.3430704,-1.6882379,-0.29383475,0.54027778,0.12673169,-0.28436655,0.71653157,0.16754389,0.50759214,0.2710734,-0.25796825,-0.3751412,0.22211449,0.070302553,0.003681101,-0.57012701,0.19510916,0.091479227,1.1599505,-1.5636916,-0.13703583,1.4695494,1.4015132,0.45909429,-1.3235747,-0.21876337,-0.2910707,-0.17061201,0.040403277,0.32491159,0.71910352,0.9110477,0.37989736,0.18203664,0.16701059,0.72412199,0.78096741,0.92353415,-0.82057381,0.34113568,0.1963726,0.18210256,-0.35269228,-0.20155509,-1.6312096,0.29368985,0.04119667,-0.41882157,-0.22737288,0.31067505,0.10616294,-0.72914684,0.19696966,-0.27711108,-0.055870287,-0.021155171,0.64481121,0.99463755,0.34437478,-0.008065689,0.56929523,-0.35080147,0.13575193,-1.0484445,0.28325853,-0.68551874,0.22457117,0.67794704,-0.86305463,-0.35507357,0.35579878,0.50997806,-0.53467417,-1.0813508,0.62364936,-0.56285876,0.084990591,-1.5152326,0.29256365,-0.12654492,-0.52090323,-0.38879213,0.89318812,0.56352818,-1.8031038,-1.0856375,-0.34282652,0.063156769,0.19993602,-0.041583028,0.002083395,0.42944184,0.20803936,-0.20444188,0.38421908,0.38436091,0.39358065,-0.14205573,-0.23032677,0.12146293,-1.4365401,-0.03035783,0.32209074,-0.055775143,0.24431804,0.64458776,0.81030726,-0.37964529,-0.73976892,-0.35370284,-0.060339645,-1.9071286,0.31495813,0.38566941,0.33969015,-0.72437805,-1.1944748,0.24124348,-0.63454139,-0.035779774,0.02249245,-0.061015487,0.38347411,0.1547488,0.30025131,0.32902402,0.036924317,-0.087674499,-0.3231079,-2.1482444,-0.70185274,-0.83514982,-0.068726063,-0.72639954,0.43920356,-0.14237128,-0.3522265,0.10273401,2
0.59252048,0.35964835,0.31714559,0.56217289,0.55454582,0.57582319,0.56781411,0.54818052,0.56274521,0.5575431,0.56002414,0.55447346,0.55271119,0.53711367,0.5674715,0.54533923,0.55080795,0.5814656,0.5658493,0.54347086,0.53994846,0.55282891,0.54413575,0.5416764,0.54168892,0.54684341,0.56542331,0.54933792,0.55565321,0.5500378,0.55172652,0.5407815,0.53362525,0.5377332,0.54663569,0.52073693,0.5246582,0.54709977,0.52162486,0.53672552,-0.94234115,0.30470315,0.69183707,0.64842069,1.5874181,1.8057466,1.6444849,1.010457,1.1574415,1.9499338,1.6850255,1.4983814,0.34304076,-0.21427192,-0.28805441,-0.4136681,0.64886701,0.39747196,0.42238373,0.34677169,-0.891065,0.040753424,-0.41814515,0.5061388,-0.93772435,0.028904274,-0.27049321,1.0111306,0.42165166,1.6619987,-0.217305,0.24300282,-1.3074015,-0.29436454,-0.014483953,1.0172291,-1.1801567,0.51887316,0.1865831,-1.0167757,0.18424377,-0.61513638,-0.61751926,0.47593591,0.84357941,0.9571256,0.021606125,-1.7104149,0.79829353,0.15968442,-1.0936456,0.60488117,0.12897392,0.079125613,0.83634764,-0.10294314,0.57929647,-0.53564924,0.056230187,0.53431863,-0.94787121,-1.2866259,0.051566973,0.67957854,-0.53166211,0.31618929,0.30762219,-0.24665001,-0.058613673,-0.28286341,0.44948408,0.90790606,-0.28003463,-0.56718433,-0.49794719,0.24194288,0.359604,-1.155298,0.39054981,-1.5012686,-0.39526725,-1.8745942,-1.4448709,-0.11575289,-0.24615583,0.22483477,-0.49534988,0.15603569,-0.16599989,-0.22242634,-1.0088514,-0.66660249,0.03687007,-1.2196267,-0.25665593,-0.15813622,-0.03488268,0.081405908,-0.44314769,-2.037015,0.77157992,0.51111341,0.97832644,-0.40428728,0.62874448,0.28975385,0.13112035,-0.13644046,-0.35888731,0.31351238,-0.98103201,-0.15608883,0.40395227,-0.3491933,-0.82914692,-0.10754731,-0.6754297,-0.86491251,0.303092,-0.47266346,0.042097542,-0.67059463,0.9616828,0.83790553,0.11738089,-0.14045466,-2.0440643,0.64720941,-0.008194104,-0.24841292,-0.14789727,-0.6940037,-0.002229564,-0.22311831,-0.81322783,1.2199551,-0.83035469,0.11285844,0.51841682,-2.2710795,-0.33858037,0.42420155,-0.11543915,-0.5858587,-1.1504054,0.43082058,0.41262144,0.45149955,1.0720925,-0.84250498,-0.32815439,0.083773255,0.084620506,0.16696687,0.35586911,0.10885143,-0.23113462,-1.5266206,-1.881102,-0.91373849,0.36062124,0.71774977,0.46233785,-0.37842175,-0.53102148,0.13749312,1.4460961,0.033288769,0.055365507,-0.50626135,-0.41005582,1.2403076,0.1880917,0.30695593,1.7407455,-0.15688103,-2.7715039,-0.014784105,0.52323562,0.072259203,-0.17462063,-1.0015934,0.1096912,-1.7538227,0.34774375,-1.3528447,0.18058048,-0.050311305,-0.96206933,0.00760963,0.3155098,0.4678854,-0.1904451,0.030932724,-3.2012219,0.43832999,-0.70864969,-0.074335217,-0.2007692,0.30360878,0.50994861,0.18011373,-0.22863002,0.76047426,-1.9642034,-0.96758395,-0.41379315,0.44985664,-0.46156371,0.03634499,0.24099702,0.621346,0.03997831,0.58008265,0.32224756,0.92478448,-1.1523418,-0.35484457,0.56490099,-0.14057527,0.30218685,-0.1240819,0.006429195,-1.2578659,-0.44232666,0.12092686,-0.29811907,0.63277787,1.3596985,0.42449155,-0.53810275,0.2158462,-0.41115096,0.70580465,0.56747365,-0.5079751,0.111783,2.0851097,0.15702958,0.23477416,-1.3536085,-0.23254555,-2.3112607,1.1738313,-1.5090778,-0.50611693,-0.18014288,-1.5968248,-0.30899006,0.19740354,0.19055411,0.89303881,0.45869532,0.36539149,-2.2119672,1.0564147,0.18179542,1.2815263,0.098147944,-1.0217562,-0.025615379,-1.1273019,0.72223586,0.44112813,-1.0067328,0.47223839,-2.3697612,-2.1089394,-1.7225453,-0.44824535,0.9518286,0.52873635,0.29338896,-1.3471565,0.8136977,-1.6076961,-0.27207598,0.50335717,-1.338959,-0.098547168,0.013374412,0.55715382,-0.035178788,0.40579605,-0.021508459,0.5906567,0.086042725,0.66265637,-0.033311807,-0.12897855,-1.1269869,0.46833149,1.3160365,-0.68446839,0.68614686,0.59999377,0.42692906,-0.9606334,0.72730762,0.41478437,-1.2585908,-0.47648773,0.14299804,0.071537144,0.26407933,0.85802215,-0.39224786,-0.6487357,-0.58221489,0.024511956,0.81209123,-0.32136896,0.30933931,-0.36741158,0.23180944,1.3385496,-1.2479041,0.20485865,0.30189586,-0.67046332,-0.006234555,-0.21390556,-1.6817032,-2.3503842,-0.37102747,0.67187953,0.22609085,-0.33204609,0.7993868,0.34726679,0.71751463,0.29466873,-0.36768615,-0.65279239,0.24906099,0.20709057,-0.15371816,-0.48594171,0.24683189,0.31293297,1.5867001,-1.8899643,-0.089632645,1.9568788,1.9581156,0.52931046,-1.3369864,-0.29041755,-0.73631948,-0.21746318,0.12444887,0.30786932,1.0765752,0.98903787,0.56695807,0.18158719,0.2895053,0.87409508,0.71538204,1.1286355,-1.0293782,0.37324217,0.34256834,0.11131163,-0.34646925,-0.21064198,-1.8957732,0.34314665,0.069986254,-0.39584455,-0.22036299,0.43798932,0.23988461,-0.71095687,0.29866037,-0.34563512,-0.05893521,-0.32864881,0.69413221,1.1362062,0.36500752,-0.003057867,0.65044159,-0.19353014,-0.089629605,-1.1472811,0.37267536,-0.84072745,0.17646837,0.79878026,-1.0102081,-0.51192963,0.38110664,0.4611187,-0.72737563,-1.4580064,0.79439807,-0.82582998,0.12986347,-1.7529404,0.32704157,-0.27292114,-0.53713757,-0.64846355,1.271018,0.6073575,-2.2847114,-1.6085556,-0.40924245,0.048045591,0.26021692,0.042169217,0.058831118,0.37469292,0.24839589,-0.27548346,0.28886062,0.33831352,0.65698957,-0.21918334,-0.4719221,0.25256872,-1.6812445,-0.01904727,0.4073472,0.042207211,0.29492557,0.83711493,1.8333855,-0.48196352,-1.0280833,-0.47928628,0.10400615,-2.099823,0.47927755,0.22435865,0.42819136,-1.0056577,-1.647999,0.31513306,-0.58346063,1.1463588,-0.003689442,0.007981926,0.48239306,0.16938418,0.38230616,0.39592516,0.045991298,-0.17125067,-0.45581925,-2.4899094,-0.84099543,-1.0832388,0.16278675,-1.2823054,0.48033607,-0.18550755,-0.36224473,0.041290812,2
0.48514223,0.24784923,0.212109,0.48576924,0.47503409,0.50190419,0.47573394,0.46187818,0.47745478,0.47658867,0.470231,0.47154772,0.47181189,0.4509694,0.47833231,0.4652186,0.47339267,0.49200827,0.47159094,0.46064773,0.45108259,0.47064364,0.45931339,0.45837432,0.46899992,0.45404327,0.47415635,0.45736539,0.47676671,0.45793939,0.45334977,0.45382315,0.45927048,0.45291641,0.45607653,0.43583691,0.44129884,0.45409325,0.43667018,0.44589919,-0.81703925,0.1985012,0.32342333,0.38464928,1.312379,1.6708736,1.2329508,0.6636095,0.78656,1.6049432,1.378731,1.1392388,0.18132326,-0.21138032,-0.25596535,-0.2670593,0.42672491,0.28836173,0.29409683,0.22376415,-0.41550401,0.056326643,-0.53970146,0.21179536,-0.82898808,-0.15805991,-0.13968852,0.60010892,0.36298773,1.2373408,-0.19805259,0.17427601,-0.99574745,-0.24762946,-0.059787445,0.55457002,-1.0046214,0.41301554,0.26067722,-0.78176463,-0.13427755,-1.0166544,-0.49890938,0.44873554,0.57143748,0.61808103,0.007680597,-1.4947455,0.65950525,0.1895301,-0.92769516,0.68155175,0.034140605,0.13540322,0.66659069,0.04826948,0.46077466,-0.4177044,0.026191397,0.42487693,-0.6413269,-1.0168068,0.067400366,0.4353447,-0.24013531,0.23637751,0.06521228,-0.16087674,-0.15447189,-0.3464666,0.36530349,0.74907339,-0.19522421,-0.28911737,-0.38435149,0.39480188,0.53474736,-0.94110334,0.28483698,-0.86751652,-0.33569679,-1.538785,-0.78968894,-0.11571405,-0.38054594,0.25019076,-0.3013052,0.13296321,-0.16513941,-0.14625929,-0.79692841,-0.35940585,0.10528743,-0.97416461,-0.18666092,-0.17848659,0.12148732,0.24434631,-0.48941457,-1.4256032,0.55539978,0.37787181,0.76495814,-0.13769503,0.46581924,0.313858,0.042480037,-0.10627958,-0.2555455,0.37743992,-0.59198868,-0.13131256,0.25191316,-0.2951473,-0.72547823,-0.12042794,-0.47655517,-0.67869383,0.27158499,-0.37684435,-0.012336005,-0.65641594,0.80849749,0.52583826,9.08E-05,-0.09174788,-1.614522,0.6480875,-0.074326321,-0.11401972,-0.016096517,-0.51613778,-0.018869821,-0.10831096,-0.54865801,0.93266147,-0.56824511,0.15685102,0.41900587,-1.4702718,-0.23650706,0.29533708,-0.13329157,-0.54232532,-0.87283039,0.50092876,0.037581354,0.57436335,0.84962368,-0.68499255,-0.19566816,0.059987575,-0.034296107,0.15768209,0.3529101,0.14699966,-0.10227027,-1.1139429,-1.5147842,-0.72512037,0.21802917,0.46108121,0.3652696,-0.38812906,-0.42453253,0.13606355,1.561435,0.17264828,0.079410478,-0.37345362,-0.22968973,0.97435689,0.10089246,0.21472543,1.3594784,-0.022797115,-2.1265795,-0.095006712,0.5560686,0.030247029,-0.11755162,-0.66022062,0.017484456,-1.4293675,0.21103807,-1.2667511,0.42065445,0.010096595,-0.7681818,-0.036594097,0.27799848,0.61748606,-0.25638622,-0.038487166,-2.4011848,0.14693163,-0.61636108,-0.020975003,-0.074832276,0.18032154,0.48462838,0.14534794,-0.21958347,0.37273806,-1.302456,-0.83128089,-0.20130657,0.49128735,-0.43303803,0.14100853,0.17263035,0.3488456,0.062719539,0.43733945,0.37232158,0.7305966,-0.77252442,-0.3351813,0.32739908,-0.041351624,0.23504102,-0.19498046,-0.1760648,-1.0902821,-0.42233196,0.11403627,-0.47332579,0.53682673,1.0836591,0.36251828,-0.35455796,0.18595301,-0.35050699,0.54433638,0.51091003,-0.4272697,0.059985276,1.7144065,0.12540376,0.1336713,-0.73837525,-0.14484246,-1.8545336,0.92898345,-1.2119851,-0.36103529,-0.084353268,-1.2450703,-0.22348519,0.28694662,0.012675047,0.48998174,0.49768472,0.45614797,-1.6637659,0.89469695,0.044209957,1.0003231,0.06248679,-0.97310209,-0.009965509,-0.78728044,0.52938056,0.21044421,-0.84226727,0.30561879,-1.5928575,-1.6241515,-1.3638563,-0.3391965,0.41694343,0.55542558,0.16259839,-0.85669494,0.61881548,-1.246407,-0.1115889,0.23979458,-0.99885476,-0.006062135,-0.014149794,0.54739451,0.049586747,0.36231592,-0.0262626,0.35542652,0.079403952,0.60077775,-0.046590459,-0.086374797,-0.6577251,0.30581209,0.96748304,-0.56090158,0.59286135,0.43870601,0.58901584,-0.64665645,0.64821029,0.25611207,-1.0385674,-0.46379268,0.083669312,0.079857886,0.16747189,0.75851017,-0.24221724,-0.48947594,-0.5619393,-0.029376073,0.47686651,-0.26388836,0.16708103,-0.27040303,0.17157325,1.0930032,-0.94768578,0.12640214,0.22588459,-0.6012575,-0.065586045,-0.12754536,-1.2157936,-1.6311263,-0.076940663,0.46758968,0.2031481,-0.21281594,0.65274096,0.27732995,0.37136281,0.18597321,-0.19065407,-0.42823803,0.14893231,0.17285731,-0.11754772,-0.33451033,0.17029175,0.11399959,1.1505611,-1.5316352,-0.1103453,1.3591738,1.4530454,0.41087115,-1.1682284,-0.21528144,-0.3595745,-0.11717075,0.027196337,0.45724002,0.90352237,0.77957988,0.48566261,0.21392572,0.21552593,0.60668772,0.68329489,1.010971,-0.81509602,0.14251463,0.37580526,0.083730936,-0.28843653,-0.20355463,-1.4793025,0.22970578,0.031674795,-0.32500508,-0.21591029,0.334223,0.082014717,-0.72787321,0.20989759,-0.21005711,0.13994187,-0.1642354,0.79075199,0.99067962,0.31157342,-0.023927234,0.54749626,-0.1530166,0.046321992,-0.94480419,0.26569709,-0.59642792,0.16685945,0.53347778,-0.96956199,-0.41031033,0.383371,0.32194674,-0.52235109,-1.0959189,0.55539632,-0.64851665,0.087870926,-1.4959154,0.27842438,-0.1074791,-0.3973403,-0.5946064,0.92006069,0.4401249,-1.7861507,-1.1125772,-0.30023009,0.050263286,0.24515766,0.014310393,0.075401939,0.39534599,0.13375774,-0.19369374,0.18392564,0.29416245,0.32347837,-0.061609123,0.088122442,0.19446795,-1.329437,-0.040028438,0.43697801,-0.013600554,0.21174027,0.56232423,0.95755357,-0.34776461,-0.69226521,-0.34537211,-0.067440286,-1.7642119,0.34320599,0.20658126,0.3026616,-0.73474133,-1.2687869,0.26381102,-0.55019754,0.087250717,0.075602576,-0.054462872,0.6964159,0.11176215,0.24318188,0.43974689,-0.025730878,-0.16761166,-0.30793193,-2.0502558,-0.69082844,-0.81908286,0.009914586,-0.767609,0.2321692,-0.11736597,-0.2753258,0.023517763,2
0.55096555,0.32147747,0.27701175,0.5346207,0.5329392,0.54933947,0.53211915,0.52140814,0.52861178,0.5313555,0.5254792,0.52697247,0.53279591,0.50236386,0.53171372,0.50900203,0.52258515,0.54585499,0.52925205,0.51378256,0.5099172,0.52154499,0.50507206,0.51395994,0.52942765,0.5109098,0.51325667,0.50502795,0.51374531,0.51571518,0.51278567,0.50427055,0.50152868,0.50260407,0.51529157,0.48886758,0.49626333,0.51030028,0.48240352,0.4952414,-0.92589927,0.26582003,0.51615745,0.50041687,1.4554954,1.7807286,1.4636276,0.85395521,0.98369205,1.7922679,1.5494475,1.3370928,0.41137072,-0.24157627,-0.23971979,-0.32658061,0.70722526,0.34594145,0.35078871,0.29762843,-0.55019128,0.05077374,-0.61949265,0.42361888,-0.95340466,-0.14167179,-0.15126997,0.6912151,0.37776482,1.476001,-0.20872131,0.24618614,-1.172291,-0.31222504,-0.070817336,0.98892456,-1.2241826,0.65083575,0.2160673,-0.91713065,-0.12903614,-1.2904308,-0.58493578,0.42957145,0.97169185,0.84726804,-0.005631769,-1.7391521,0.65145719,0.13134542,-1.0891045,0.53724569,0.04633379,0.13308743,0.60233855,-0.17957215,0.49883407,-0.36128652,0.010766007,0.59915936,-0.74122167,-1.2413578,0.0437706,0.44333246,-0.29057482,0.3094824,0.086136587,-0.17548117,-0.073455289,-0.31909138,0.63959348,1.0064037,-0.21171667,-0.22822869,-0.5012995,0.23171675,0.5512051,-1.1157496,0.32856467,-0.91660404,-0.41191322,-1.9059347,-0.90348256,0.005785693,-0.4672147,0.21950012,-0.41093484,0.16434255,-0.11974701,-0.16141169,-0.85881686,-0.47328159,0.17049247,-1.0751106,-0.002775908,-0.080417261,0.16935587,0.070166141,-0.51325756,-1.6115767,0.73491138,0.50259364,0.86208552,-0.18852937,0.46834981,0.34525529,0.078982487,-0.25900382,-0.34619677,0.46775964,-0.68398029,-0.30764949,0.42762628,-0.23942482,-0.80725193,-0.065161273,-0.54385275,-0.65093613,0.27546853,-0.25657707,-0.035958905,-0.83786106,0.92800087,0.65749657,0.1181064,-0.079604745,-1.8759379,0.55051816,-0.24468063,-0.29080957,-0.001811393,-0.51864827,0.020288786,-0.17560075,-0.70114356,1.0878872,-0.7380408,0.11657503,0.54868847,-1.6239617,-0.22052915,0.34074071,-0.062131934,-0.45811993,-0.90625072,0.64147788,0.17916326,0.079592824,0.76320803,-0.72909927,-0.29880476,0.065775126,0.11406213,0.19312587,0.48391235,0.11964133,-0.055678111,-1.2490251,-1.7084687,-0.75470459,0.14879748,0.5482167,0.25128591,-0.41210595,-0.4841733,0.11256498,1.7257688,-0.082007788,0.10911006,-0.31493497,-0.21809845,1.1935356,0.18948463,0.26326832,1.3852414,-0.056099132,-2.8773952,-0.11904241,0.67137104,0.029859724,-0.12437254,-0.68126619,-0.088772163,-1.5001355,0.25317997,-1.3386133,0.31935513,0.20916316,-0.91864014,0.040280681,0.45488524,0.52556717,-0.29076388,0.062923208,-2.6150441,0.16991848,-0.86038864,-0.12134683,-0.004158765,0.22926903,0.48265666,0.11294353,-0.33939928,0.6956799,-1.525111,-0.92716557,-0.29248941,0.46902239,-0.39841872,0.12980878,0.11671714,0.47274053,0.092101514,0.60586154,0.49159682,0.99771619,-0.96804327,-0.36021966,0.45569918,-0.1229113,0.25359052,-0.058931589,-0.24256271,-1.2776464,-0.45825228,0.12229066,-0.54160923,0.62865746,1.1409338,0.42860925,-0.53443003,0.11469455,-0.48788923,0.7001096,0.51809084,-0.45912087,0.15541932,1.8629345,0.1134994,0.22929259,-0.91665018,-0.33045399,-1.9729781,1.0919515,-1.4477677,-0.2369563,-0.30698478,-1.5426313,-0.33882126,0.15602732,0.24332777,0.67177922,0.50472689,0.44309202,-1.910589,0.95431924,0.16281633,1.1062297,0.007697145,-1.2054993,-0.10642432,-0.96909761,0.56651813,0.40848652,-0.99266821,0.36343601,-1.7632648,-1.6725227,-1.607976,-0.3689566,0.56698322,0.43017596,0.24531832,-0.83172697,0.77920425,-1.4355954,-0.20446444,0.27051011,-1.1809443,0.031484537,0.001329289,0.35306093,0.062367141,0.42966738,0.055970393,0.46825615,0.028803611,0.59160471,0.049913257,-0.11376464,-0.92676646,0.45859122,1.1597648,-0.58960086,0.71129489,0.52951282,0.59641635,-0.72925162,0.91047698,0.33470988,-1.0588256,-0.55319184,0.1078763,0.082663424,0.34972912,0.96280253,-0.32137945,-0.54025728,-0.57974946,0.015511628,0.61445051,-0.32459834,0.19797267,-0.3159323,0.17531966,1.2297422,-0.96916372,0.12970604,0.28354797,-0.69848615,-0.087148659,-0.34779751,-1.3400151,-2.016192,-0.30960637,0.61134601,0.11325004,-0.26624879,0.63333458,0.27585664,0.47053707,0.2887693,-0.23804718,-0.39245969,0.21642599,0.030461285,-0.055815674,-0.39009416,0.25062597,0.22052267,1.2843139,-1.8120877,-0.11961307,1.3845291,1.8278978,0.54028535,-1.3168881,-0.30196536,-0.33361465,-0.16388535,0.026851133,0.37664542,0.92953968,0.82698584,0.72043729,0.19787915,0.25627366,0.75029886,0.78086597,1.151737,-0.97964209,0.40802526,0.30655247,0.18510915,-0.38606119,-0.20264202,-1.7404075,0.34482571,0.007626474,-0.40462199,-0.21633531,0.44464409,0.012606934,-0.85818172,0.22294666,-0.32702285,0.018505704,-0.036643267,0.60577434,1.2060773,0.364793,0.027756518,0.65095317,-0.19543165,0.059870105,-1.1801324,0.29016089,-0.71807456,0.019457579,0.62591445,-0.91418833,-0.29615116,0.35842824,0.48321676,-0.56400591,-1.1907784,0.64142042,-0.77839881,0.08508788,-1.6756767,0.37236157,-0.24943946,-0.62513185,-0.57212919,1.0786691,0.56926799,-1.84405,-1.1419756,-0.37349808,0.081914693,0.26195902,-0.024218895,-0.043070767,0.4463895,0.2500571,-0.22122258,0.25744066,0.32272452,0.45098186,0.11902323,-0.26251286,0.14519951,-1.6965622,-0.074696742,0.52308798,-0.025180966,0.26050901,0.72050321,0.93197536,-0.35336983,-0.83473343,-0.39012977,-0.10266487,-2.1013861,0.3412627,0.5543344,0.37633908,-0.82381469,-1.3046322,0.22327548,-0.57801551,0.035911441,0.079666503,-0.028146867,0.45060658,0.15256232,0.35562778,0.48723322,0.097040042,-0.15574999,-0.41638395,-2.3320014,-0.74002171,-0.83037686,-0.062022772,-0.83120328,0.08098267,-0.075626135,-0.30270311,0.067902148,2
0.56897599,0.33716172,0.28873408,0.55773789,0.56713235,0.58026624,0.5568918,0.5428341,0.55277002,0.5507158,0.54472101,0.54486877,0.55129689,0.53248918,0.55580711,0.53639114,0.54275346,0.5650385,0.59666163,0.53206056,0.54175925,0.53765082,0.53039193,0.53340977,0.55518013,0.53844029,0.55859566,0.53741312,0.54338235,0.53039443,0.52781451,0.55455297,0.52801752,0.52012366,0.53918064,0.50656486,0.50861603,0.53896022,0.51395738,0.51853943,-0.99891531,0.27499959,0.57999051,0.58687186,1.5422994,1.7473249,1.5470757,0.9296729,1.0614392,1.8490407,1.6329386,1.4155366,0.34029645,-0.26538312,-0.32865536,-0.39942443,0.75100756,0.37371632,0.34959501,0.27876398,-0.43021157,0.014852782,-0.61922067,0.43455654,-0.74078321,-0.063419834,-0.31576085,0.71603072,0.36995891,1.5591542,-0.22977965,0.27563626,-1.2227609,-0.41137421,-0.05854103,1.1457725,-1.0979089,0.50925839,0.073799029,-0.97739559,0.11755649,-0.87723804,-0.59960848,0.68020976,1.0617007,0.74746138,0.009655533,-1.8046448,0.75790435,0.11278637,-1.1078695,0.70704412,0.030602545,0.004090622,0.34725815,-0.24374738,0.3569119,-0.47359025,-0.044956051,0.60785007,-0.81024635,-1.3427786,0.054225102,0.52786541,-0.38778716,0.21286161,0.25920627,-0.12256011,-0.12258646,-0.38488778,0.55562806,1.0570377,-0.29881802,-0.33628485,-0.36077067,0.31498241,0.43811634,-1.069268,0.26298586,-0.97556823,-0.41726223,-1.9239049,-1.0325646,-0.050081834,-0.32970452,0.32632241,-0.44303668,0.22667414,-0.19285239,-0.08008036,-0.89320487,-0.51719236,0.30763963,-1.1502107,-0.13992724,-0.12238828,-0.032269716,0.44162321,-0.55281121,-1.6503539,0.39856669,0.45498115,0.91223025,-0.2963849,0.74830067,0.34776425,0.092754468,-0.24349119,-0.39233315,0.50377536,-0.69416106,-0.36201417,0.41287181,-0.32034999,-0.82672346,-0.034793496,-0.57851934,-0.66267782,0.36330372,-0.35863408,-0.062815756,-0.79068488,0.81796104,0.68543285,0.044055995,0.27316132,-2.0102992,0.6514641,-0.11136566,-0.15465029,-0.090201288,-0.59117544,-0.10170572,-0.14059503,-0.68771613,0.99736273,-0.82089406,0.1531101,0.44149587,-1.7831047,-0.48298952,0.55250859,-0.037289925,-0.48162866,-1.0436869,0.57225931,0.33647212,0.42656273,1.0237477,-0.75714713,-0.22178683,0.078562967,0.17215067,0.24844772,0.4971064,0.10384793,-0.001658656,-1.3889438,-1.7020987,-0.8131423,0.19142883,0.62007129,0.55409157,-0.58514547,-0.74753422,0.19061705,1.4291469,-0.26626578,0.089564592,-0.35871452,-0.29860899,1.1125422,0.14704233,0.3001458,1.8050234,-0.1829022,-2.6642957,-0.077140093,0.85843694,0.063671552,-0.21640901,-0.77614141,0.000920668,-1.5939037,0.12361303,-1.2077994,0.39482436,0.10616493,-0.81602037,0.03988421,0.40827018,0.64087689,-0.23933449,-0.044503123,-2.7697616,0.21214479,-0.56552768,-0.11217399,0.079634883,0.22727683,0.52868253,0.24550514,-0.22848293,0.5602389,-1.6148227,-0.89898747,0.20847833,0.46884561,-0.4557465,0.061702035,0.22295436,0.60532701,0.062744848,0.54696774,0.40340155,0.74502558,-1.0520258,-0.41358379,0.67460221,-0.13922301,0.30100858,-0.046849161,-0.10762808,-1.3066726,-0.5135957,0.095827214,-0.61239624,0.52981287,1.237939,0.45036232,-0.48834771,0.14612599,-0.54389948,0.73265421,0.56739056,-0.49811435,0.13185784,1.717533,0.12785955,0.24455813,-0.94758052,-0.25044584,-2.0602331,0.96142918,-1.2528648,-0.31537822,-0.160367,-1.3961567,-0.46345615,0.38676509,0.37402874,0.80015844,0.68633652,0.38114959,-2.0196345,0.98856354,0.26510257,0.92130929,0.1354752,-1.0853752,-0.1115066,-1.0424625,0.6055001,0.33670944,-0.99113089,0.33151621,-1.8652875,-1.9309955,-1.5570136,-0.38687414,0.85596311,0.97919858,0.17994232,-0.97293365,0.72330081,-1.3654767,-0.13040303,0.6513449,-1.1230584,-0.15333566,-0.062505141,0.47592252,-0.1915116,0.49303466,0.053337336,0.45354235,-0.035903964,0.55873638,0.12793127,-0.077475697,-0.79699337,0.4167583,1.146405,-0.58696675,0.78108412,0.45031148,0.47092471,-0.7117672,0.58552116,0.3212195,-1.0544293,-0.56855774,0.11655684,-0.050286867,0.17700419,0.82704431,-0.31826219,-0.6247313,-0.61483365,0.040490016,0.66523182,-0.35739639,0.40382186,-0.33979812,0.20023325,1.3933141,-1.2498724,0.15783346,0.3373827,-0.70907855,0.093941264,-0.20580283,-1.4013687,-2.1261802,-0.25941175,0.57636458,0.19210447,-0.22744796,0.72368902,0.38985485,0.63343865,0.24653932,-0.17120767,-0.39889458,0.25445223,0.10204665,-0.073884174,-0.75865889,0.23204896,0.23002571,1.3097048,-1.8567338,-0.11059281,1.605845,1.7061119,0.30718324,-1.3467387,-0.19216594,-0.26157427,-0.09432999,-0.05187732,0.60810637,0.85124809,0.79473412,0.35949767,0.1961336,0.28069723,0.80853224,0.73898792,1.4576831,-1.011574,0.42603922,0.44825804,0.17749673,-0.41694036,-0.1419756,-1.4672943,0.32687169,0.006792437,-0.50539535,-0.23342511,0.4878726,0.18882337,-0.71952909,0.20732883,-0.34956554,0.27383807,-0.20974222,0.82662749,1.0133111,0.44381067,-0.046138354,0.69022352,0.04890503,-0.1655498,-1.1197835,0.25900683,-0.72110629,0.32831407,0.59016812,-0.85504067,-0.5614171,0.42891753,0.37927034,-0.52650887,-1.2781498,0.6156671,-0.75328338,0.30285403,-1.8679109,0.44904613,-0.44512513,-0.7540943,-0.57880455,1.1503807,0.6804713,-1.9184974,-1.2739152,-0.35468677,0.016932804,0.24118137,0.02999033,0.057520229,0.37132829,0.23007055,-0.18511486,0.40793169,0.33829826,0.36841306,-0.033576176,-0.48581669,0.28561571,-1.6278943,-0.070404842,0.57249129,-0.010390652,0.29096404,0.82040787,1.5968821,-0.49251848,-1.038501,-0.27072331,0.024724163,-1.9610597,0.33034873,0.55004853,0.31532133,-0.78504944,-1.344162,0.26307613,-0.68477559,0.85159993,0.0694215,-0.017392963,0.62288433,0.17859256,0.29180613,0.61554164,0.006602063,-0.12804833,-0.4547933,-2.4258432,-0.83540976,-0.83453065,-0.086354241,-0.83788985,0.19261941,-0.21387464,-0.23312487,0.094867468,2
0.58092445,0.32827201,0.28305027,0.61182785,0.59261388,0.6204499,0.59884667,0.58795017,0.60342443,0.59654164,0.58969527,0.59327239,0.59319061,0.57129729,0.60501194,0.58471763,0.59587801,0.61567128,0.60247791,0.58210897,0.57864165,0.59635413,0.58276099,0.58760655,0.59354097,0.58554602,0.60123086,0.58623397,0.58566439,0.58288854,0.5847252,0.57700729,0.57013321,0.5770793,0.5840497,0.56042469,0.56656516,0.58211124,0.57141703,0.57918769,-0.78081608,0.27142355,0.34775484,0.41736791,1.3737577,1.713779,1.2866627,0.71655619,0.82439768,1.661701,1.4484029,1.194183,0.24372716,-0.22557124,-0.31652832,-0.27722031,0.54745263,0.34080809,0.33501828,0.2728194,-0.67482746,0.088434331,-0.51180595,0.22579144,-0.97665215,-0.15381894,-0.33707523,0.72857672,0.34130698,1.2037741,-0.18558273,0.18207608,-1.110054,-0.27223811,-0.099164948,0.95056421,-1.1180793,0.50803626,0.063803822,-0.71802801,0.1090145,-0.55472267,-0.60514444,0.32444575,0.7259528,0.55342114,0.034808792,-1.5125941,0.47723857,0.1341674,-0.86278719,0.84568715,0.050663166,-0.10446027,0.60263425,-0.052894451,0.42916578,-0.29203808,-0.036907889,0.41032428,-0.95691848,-1.0218191,0.033609144,0.61861479,-0.35904282,0.19722736,0.28682053,-0.10051561,-0.14528233,-0.34992269,0.3423382,0.86120099,-0.19869384,-0.18989114,-0.31616312,0.34698582,0.1183252,-0.85683632,0.16286159,-1.0549319,-0.29277119,-1.5514519,-0.83263838,-0.07463719,-0.13381711,0.2865324,-0.47622266,0.21852225,-0.12331821,0.075985566,-0.48646584,-0.39655781,-0.53264272,-1.0588574,-0.074532591,-0.092268936,-0.035461456,0.37554306,-0.35569325,-1.3128703,0.086221844,0.40426132,0.71123445,-0.34186864,0.569278,0.28292578,0.062658735,-0.48199084,-0.35555595,0.13178508,-0.69335133,-0.38814592,0.34069893,-0.071880907,-0.71780926,-0.063823037,-0.4554908,-0.61467105,0.15973961,-0.22602302,-0.014174431,-0.74406809,0.83534372,0.60526365,0.02568835,0.000595164,-1.5269397,0.15713063,-0.003937405,-0.078828216,-0.16515096,-0.52029788,0.017860517,-0.087267876,-0.68719316,0.76839703,-0.71144766,0.13830757,0.3011606,-1.390017,-0.12412077,0.44426882,-0.12958886,-0.25947297,-0.83974349,0.58323812,0.38604939,-0.028487861,1.0753436,-0.62128311,-0.19485377,0.10000117,0.15692948,0.28973293,0.5016095,0.21236253,-0.15921605,-1.1359355,-1.5167558,-0.82313931,0.18226725,0.41243595,0.58561254,-0.51492137,-0.58575654,0.21570259,1.4765074,-0.10415827,0.002190169,-0.41574621,-0.16180167,0.83887488,0.16120094,0.23086163,0.33985734,-0.0759499,-2.1897528,-0.11138821,0.27117538,0.041377276,0.067669109,-0.53722125,0.11117824,-1.3636558,0.24157739,-1.2388548,0.14021388,0.17387664,-0.76043129,0.036357753,0.029314235,0.33718866,-0.20498857,-0.40360296,-2.2818544,0.21796972,-0.5926649,-0.20018278,-0.04234948,-0.031512752,0.47505903,0.24182655,-0.23566294,0.3472361,-1.2291328,-0.64886248,-0.34410045,0.32882118,-0.52246892,0.10375639,0.061079964,0.44459951,0.17426661,0.46263275,0.30112362,0.77441555,-0.90178305,-0.27481878,0.27574402,-0.15630776,0.25043634,-0.12046604,-0.19065872,-1.0375223,-0.45262015,0.057090037,-0.49464056,0.55707926,0.99189693,0.44208634,-0.50191081,0.17453422,-0.54505676,0.51613981,0.49189499,-0.51233459,0.099203467,1.5613427,0.1812343,0.39219812,-1.1579316,-0.14450473,-1.8725513,0.88701797,-0.92488527,-0.31911623,-0.2787618,-1.318007,-0.40517434,0.43117815,-0.065804437,0.80459201,0.3515749,-0.12445307,-1.6316535,0.82385498,0.18525563,0.78682435,0.13321376,-0.85751951,0.016709782,-0.7947427,0.49522793,0.35100782,-0.8529675,0.34688732,-1.6188273,-1.6304013,-1.2339051,-0.41877848,0.99421012,0.2606751,0.20044601,-0.75015873,0.62266296,-1.2447019,-0.046546839,0.19279112,-0.98399425,-0.16621557,0.027059251,0.34878424,0.10817709,0.4785268,0.024217818,0.52374303,0.002447138,0.54611522,0.037750997,-0.025834464,-0.82345825,0.40785348,1.0191251,-0.39918137,0.36520177,0.53819704,0.51882046,-0.61609203,0.40911877,0.20973,-0.81924498,-0.2836071,0.1151627,-0.030968092,0.062520713,0.56418145,-0.22367352,-0.60891068,-0.52096885,-0.027117029,0.49205586,-0.21562716,0.39106354,-0.12414654,0.27014369,1.0268518,-0.90969038,0.13771711,0.25720868,-0.62626457,0.026150603,-0.76125687,-1.1254212,-1.608816,-0.31865233,0.55481911,0.26138708,-0.22449143,0.82341188,0.40477961,0.62059611,0.23001009,-0.15073548,-0.21878983,0.20782992,0.069873601,-0.09420336,-0.68144196,0.19755453,0.25607795,1.0737081,-1.4538506,-0.074461162,1.5322223,1.5731499,0.296774,-1.2434263,-0.069087401,-0.090204597,0.031976074,0.031054148,0.20007075,0.59611362,0.071673632,0.32244876,0.15000014,0.20978743,0.90776873,0.71634108,0.68163103,-0.64691496,0.26049352,0.27220273,0.19640236,-0.29371408,-0.19854976,-1.61973,0.27190489,0.052694488,-0.30836383,-0.30912083,0.25334203,0.15037835,-0.61462408,0.14974241,-0.23530012,-0.35763112,-0.060862407,0.38877028,1.0029625,0.31723279,0.021108028,0.55916119,-0.11819106,-0.055845395,-0.95562321,0.22073309,-0.7003336,-0.016605727,0.48200279,-1.0644065,-0.29937163,0.31014377,0.33517885,-0.40246555,-1.0339408,0.46480533,-0.66097969,0.3552992,-1.5200622,0.34488755,-0.27477631,-0.59357095,-0.58857852,0.89539737,0.53466171,-1.7391341,-1.1822013,-0.26910609,-0.008957773,0.11428946,0.095500544,0.061407737,0.2510227,0.19470379,-0.22860622,0.25512555,0.34393227,0.34008279,0.019256867,-0.5510304,0.17702289,-1.3439584,-0.068491355,0.19013801,-0.035011318,0.26583976,0.7237317,1.6367911,-0.33487898,-0.75276649,-0.23146401,-0.12726165,-1.7395418,0.41700768,0.25045365,0.38922536,-0.70836431,-1.2256696,0.23584692,-0.55017626,0.92494273,0.021435544,-0.047797587,0.36246276,0.11317548,0.22553325,0.29877272,0.050414559,-0.09320657,-0.21368456,-1.991387,-0.59403026,-0.69123906,0.0853654,-0.7335856,0.16803207,0.043608204,-0.22574364,0.15020713,2
0.60099375,0.36886537,0.32152733,0.58162344,0.5791406,0.59621704,0.58766079,0.57022256,0.58268666,0.58357561,0.57657534,0.57930559,0.58314228,0.5594058,0.57347143,0.57435739,0.57729149,0.60014421,0.5856576,0.56849903,0.56264275,0.57473844,0.56776285,0.57088482,0.57605255,0.56845707,0.58466458,0.56975341,0.57031906,0.57272029,0.5670563,0.56407297,0.55896592,0.56204534,0.57743341,0.55687684,0.55345392,0.56843436,0.55077612,0.55957246,-0.88127381,0.30400589,0.33424449,0.3610526,1.2689995,1.6894008,1.251659,0.65464902,0.77427942,1.5857072,1.3651639,1.1302369,0.25510779,-0.21189696,-0.28195882,-0.28547838,0.43277216,0.23789087,0.32067719,0.26448679,-0.26463959,0.047214448,-0.58968127,0.3717173,-0.83250105,-0.027503973,-0.13120325,0.63225108,0.42376488,1.4180171,-0.17861967,0.18949673,-1.0582247,-0.23844332,0.051406417,0.54934454,-1.0947671,0.33566406,0.37298763,-0.81810504,-0.15183069,-1.1202294,-0.51225019,0.29045743,0.58303714,0.74816626,-0.029145643,-1.51416,0.68521804,0.13311346,-0.9249925,0.52337682,0.014007937,-0.028882768,0.64967889,-0.14213017,0.39098513,-0.35417417,0.033042349,0.42718849,-0.59875989,-1.1023633,0.10420614,0.39158946,-0.2393692,0.19934385,0.15442441,-0.17792399,-0.060482617,-0.33108026,0.51084882,0.90307295,-0.16404158,-0.041111112,-0.3794634,0.43890765,0.301487,-0.87328905,0.30533195,-1.0497581,-0.36661819,-1.724865,-0.86997706,0.030582674,-0.37213123,0.25459129,-0.32876587,0.070267968,-0.13830289,-0.11106256,-0.54707158,-0.28392473,0.14654435,-0.95650774,-0.083897367,-0.083611891,0.16899931,0.065408841,-0.50314713,-1.4018054,0.66836739,0.42831194,0.71540731,-0.13058384,0.62484068,0.39455369,0.070768774,-0.28276375,-0.27455497,0.16331635,-0.53571576,-0.14894572,0.24614602,-0.17778182,-0.72389835,-0.10774709,-0.54114151,-0.58928627,0.27981144,-0.25211754,-0.007925857,-0.70217496,0.81115144,0.61533713,0.08096128,0.10155502,-1.6783741,0.682796,-0.069648996,-0.25405386,-0.03622194,-0.48516685,-0.038119555,-0.10029332,-0.63494748,0.920021,-0.47192132,0.11483964,0.39155516,-1.4339161,-0.29693443,0.27476168,-0.031727936,-0.50660533,-0.82383692,0.57276392,0.17166758,0.21355501,0.71476507,-0.64878994,-0.23634963,0.034186672,-0.029055491,0.20231301,0.33917683,0.1898877,-0.14541434,-1.0519732,-1.4705524,-0.6307767,0.24119486,0.62321311,0.36268735,-0.38573694,-0.24938212,0.10943922,1.4787041,-0.10411428,0.11478204,-0.30642867,-0.19869894,0.99212003,0.12690309,0.21761294,0.89215344,-0.075234964,-2.2283514,-0.12402135,0.50897676,-0.002032617,-0.15730092,-0.62950283,0.048643596,-1.402896,0.20134443,-1.3137292,0.50350213,0.1326327,-0.74386072,-0.008781035,0.25649333,0.49295533,-0.16442968,-0.10887825,-2.3533239,0.15186915,-0.70153081,-0.062896043,-0.018566146,0.11496988,0.44031096,0.085550144,-0.30899772,0.65528226,-1.4113463,-0.83905232,-0.37464476,0.35259145,-0.45153841,0.1174022,0.14764392,0.47481301,0.17340583,0.54399955,0.41747791,0.80210477,-0.7793895,-0.32705069,0.54621887,0.000426695,0.27140108,-0.054499194,-0.23732972,-1.1323124,-0.43212384,0.12397015,-0.53845417,0.65122849,1.1129582,0.44533932,-0.4400703,0.063380972,-0.43988734,0.73528183,0.52281117,-0.34989819,0.11239222,1.6106102,0.26953214,0.38237283,-0.65061897,-0.20593166,-1.7818696,0.94974422,-1.266825,-0.23498252,-0.22818181,-1.3475144,-0.16013163,0.22137567,-0.13535583,0.61218983,0.54632515,0.20514613,-1.6995155,0.81095231,0.026680838,1.0406306,0.07067778,-1.0259045,-0.13895929,-0.80390656,0.47595477,0.19238791,-0.90077585,0.16359009,-1.5856456,-1.5771118,-1.3996329,-0.34320265,0.53921247,0.28102028,0.18080647,-0.72305685,0.57541454,-1.2701061,-0.12234537,0.30874938,-0.98637736,0.045764811,0.074967064,0.39501882,0.12502044,0.33208874,0.097170368,0.38054475,0.053616945,0.70264804,-0.10528658,-0.061161343,-0.58190793,0.29580954,1.0971891,-0.46260232,0.58763629,0.50836873,0.69373178,-0.60966027,0.54723024,0.33134523,-0.96621025,-0.52940625,0.05561262,0.063559927,0.25925732,0.68128222,-0.31885636,-0.50779772,-0.55580306,-0.040075719,0.6431551,-0.2481183,0.16234136,-0.20745447,0.13121405,1.0866743,-0.96659917,0.13409343,0.18668628,-0.60322589,-0.067641065,-0.21510845,-1.2218895,-1.7063168,-0.20669326,0.47603646,0.13297552,-0.17671128,0.64888507,0.18782297,0.44049495,0.19972751,-0.23855072,-0.4022148,0.14989199,0.091511637,-0.04066084,-0.43962893,0.21215424,0.11487145,1.0602372,-1.6272285,-0.11412591,1.3123469,1.5269041,0.43246925,-1.2529545,-0.19992372,-0.37230927,-0.12296322,-0.058667399,0.46317703,0.79056931,0.81101382,0.55192256,0.13425305,0.1936013,0.60169637,0.74359643,0.82325912,-0.81573403,0.33655483,0.34972763,0.1501689,-0.37046656,-0.21420206,-1.4960264,0.23732105,0.075608015,-0.41216192,-0.11955684,0.51959109,0.18794847,-0.81775141,0.10891083,-0.23798412,-0.061446294,-0.022594288,0.79364228,0.79433179,0.32594743,-0.030631412,0.57936835,-0.3226133,0.073607937,-1.0701691,0.28588498,-0.58016855,0.070817865,0.61485386,-0.96025932,-0.3239986,0.37014171,0.47019091,-0.58738178,-1.0832376,0.505638,-0.64186192,0.055906352,-1.5264385,0.37176374,-0.13923454,-0.36780584,-0.46553952,0.82416493,0.56748056,-1.7722955,-1.2707913,-0.29563376,0.056094296,0.23705916,-0.012324314,0.047920838,0.4156768,0.15302657,-0.18826906,0.19962952,0.34293497,0.40624946,-0.074991584,-0.005172305,0.24278426,-1.4960996,-0.03418161,0.37532809,-0.099327423,0.20155996,0.65988845,0.64760113,-0.30869323,-0.82153308,-0.31844667,0.013111636,-1.7839158,0.2704505,0.29662314,0.30965015,-0.65994525,-1.2450805,0.26052314,-0.60748279,-0.035428226,-0.017014556,-0.06812568,0.5625456,0.15503857,0.27489659,0.49198192,0.027227353,-0.14708698,-0.3369371,-2.1593742,-0.73487437,-0.89844775,-0.07454221,-0.78625882,0.12299339,-0.11735888,-0.2705555,0.036414817,2
0.58610594,0.36729881,0.32323313,0.55256194,0.5519141,0.55754632,0.54363203,0.53915107,0.54416579,0.54468113,0.5258981,0.53651929,0.53781807,0.5243935,0.53766537,0.54045665,0.54349923,0.56349146,0.54762101,0.52762258,0.52408409,0.54317021,0.53340411,0.53033352,0.53764915,0.5335902,0.54409075,0.53664541,0.5330357,0.53371608,0.5288853,0.53463733,0.52331877,0.5254432,0.53060061,0.51241875,0.51072967,0.53105456,0.51376128,0.51687241,-0.9315033,0.308348,0.632586,0.6256994,1.5372064,1.7246126,1.5967907,0.9698239,1.1034722,1.8922174,1.6376739,1.4535655,0.315512,-0.19735239,-0.15084749,-0.38228029,0.636222,0.33488032,0.33721775,0.28312278,-0.73754364,0.015610932,-0.51469672,0.47828773,-0.74070621,-0.044014931,-0.30595928,0.72389615,0.36056772,1.5176771,-0.21669815,0.22094953,-1.207726,-0.25428471,-0.14112158,0.8902362,-1.0069618,0.62469214,0.3657729,-0.9014647,-0.10119582,-1.1670338,-0.56514353,0.44142944,0.84446907,0.7803266,0.10477348,-1.7438896,0.80530059,0.11184181,-1.1228983,0.76596391,0.079890102,0.10119694,0.66847861,-0.12714028,0.48570156,-0.48078316,0.014857747,0.54215908,-0.70089334,-1.1763455,0.017891552,0.56364977,-0.38023674,0.42936313,-0.066592038,-0.16386256,-0.06336078,-0.31537646,0.52515936,0.90320396,-0.24141294,-0.46915489,-0.59695983,0.25416794,0.53176689,-1.1827788,0.41818088,-1.1145093,-0.34680575,-1.837935,-1.0875336,-0.092497826,-0.44261131,0.27860329,-0.57604223,0.18759307,-0.14409417,-0.26182485,-0.95649791,-0.51136518,-0.042518556,-1.1947145,-0.26283643,-0.16667716,0.19115151,0.33479798,-0.54286599,-1.8276563,0.60691571,0.47371429,0.81824452,-0.19795312,0.5612849,0.39603341,0.094815254,-0.52573842,-0.22189476,0.43432376,-0.30918851,-0.053777814,0.39625043,-0.39339465,-0.80224669,-0.066733614,-0.6617918,-0.74829137,0.32262456,-0.41489428,0.020779548,-0.65511739,0.84969109,0.74622506,0.023837781,-0.024230046,-1.9896121,0.6268388,-0.082181729,-0.31405497,-0.073338367,-0.6064291,0.044123325,-0.24121135,-0.68020236,1.1177951,-0.86363578,0.13145238,0.51932883,-1.9463075,-0.24948896,0.37167653,-0.17731909,-0.59986329,-1.1832049,0.46992543,0.14652167,0.24850205,0.92385191,-0.82243168,-0.25087586,0.030694032,0.10532114,0.14120932,0.25933433,0.02976954,-0.094847687,-1.3658067,-1.7324412,-0.74584252,0.25327033,0.63011801,0.36162227,-0.50304824,-0.34912345,0.13516684,1.5009966,-0.070004515,-0.009549202,-0.47024527,-0.29530114,1.1376917,0.14516674,0.25613952,1.4022815,-0.030565366,-2.7290673,-0.049011976,0.55160654,0.042924203,-0.09274023,-1.0054665,0.0358086,-1.6172016,0.32680815,-1.4889562,0.65741044,-0.076940991,-0.90798753,0.043586105,0.27150998,0.66601014,-0.25411391,-0.2435648,-2.7897718,0.33601677,-0.66150922,-0.10276145,-0.025772013,0.23714644,0.7141661,0.17512293,-0.1833535,0.67251837,-1.6966237,-0.91440427,-0.27581352,0.59688556,-0.45634159,0.019436859,0.36333245,0.44643694,-0.021960646,0.56823045,0.45953798,0.82874042,-1.0740064,-0.33061135,0.68607175,-0.081544325,0.2350965,-0.11347944,-0.25831246,-1.2804527,-0.47008985,0.10962699,-0.44655198,0.5261265,1.2002686,0.43830502,-0.49135929,0.2451129,-0.39425838,0.74838328,0.65338802,-0.44780114,0.084043451,1.6540693,0.12368442,0.19551528,-1.0248159,-0.20372953,-2.1645174,1.186939,-1.5491523,-0.29836506,-0.13658325,-1.7173336,-0.23359185,0.20370752,0.49518141,1.0142666,0.61491013,0.44015309,-1.9962045,1.0697098,0.071786642,1.2268571,0.089345619,-1.1695035,0.00199154,-0.94496411,0.66515738,0.40091267,-0.9131757,0.36022651,-2.0563579,-1.8254583,-1.6388794,-0.39135742,0.67347658,0.63253397,0.24579407,-1.1419482,0.81408918,-1.4605983,-0.085809149,0.33546165,-1.3023794,-0.043534055,0.038596299,0.66299123,-0.099374637,0.39682811,-0.036072478,0.51982003,0.07459157,0.90955848,0.041916281,-0.16727751,-0.97438383,0.45618406,1.1734639,-0.77709663,0.68928117,0.50327355,0.5693962,-0.73177719,0.77710497,0.32956424,-1.1939719,-0.53946286,0.064680941,0.20537859,0.21707097,0.91134042,-0.34031335,-0.5968188,-0.56878197,-0.036934271,0.61515355,-0.27211249,0.10733312,-0.34335676,0.25854048,1.3354813,-1.1901599,0.14966995,0.28830686,-0.64693183,-0.038087513,-0.082294405,-1.5785027,-2.1194985,-0.13202722,0.59540254,0.20076223,-0.31186509,0.82794029,0.25849801,0.4697037,0.29745799,-0.19405347,-0.54793614,0.21532941,0.23044255,-0.19597077,-0.61802489,0.2708219,0.17561741,1.3765564,-1.7580969,-0.059324473,1.5796982,1.6833757,0.49013045,-1.4069823,-0.33852279,-0.52679032,-0.15584235,0.13891728,0.4797236,0.95822489,0.84050024,0.45889151,0.27101809,0.2439186,2.6999209,0.70546025,1.3117951,-1.1363935,0.25830865,0.28282422,0.07896743,-0.35524058,-0.19922008,-1.7706265,0.34082636,0.016662937,-0.46885127,-0.20735826,0.25597286,0.2135924,-0.78799343,0.31507349,-0.20865355,0.16978231,-0.32282406,0.73618805,1.1114959,0.36476326,0.055266902,0.64327282,-0.15672937,-0.045460202,-1.1213409,0.34504473,-0.65658152,0.080264457,0.77501845,-1.0079554,-0.52129203,0.49919599,0.39722943,-0.67098367,-1.3341799,0.71748078,-0.73545831,0.031515118,-1.7297492,0.28280348,-0.21179211,-0.40429735,-0.63751054,1.1391602,0.44968063,-2.0679336,-1.4347353,-0.40069973,-0.009052668,0.26911223,-0.011085454,0.070766062,0.49143717,0.22411166,-0.18846659,0.14875224,0.31818205,0.52743399,-0.037523553,-0.061081484,0.19854033,-1.6286774,-0.071869932,0.5621472,0.007818693,0.23164803,0.64708233,1.1047481,-0.43203163,-0.83702588,-0.29205999,0.027251087,-2.0851011,0.35354355,0.3131184,0.42935434,-0.8789252,-1.5360252,0.34772462,-0.60694367,0.25109428,0.064351641,-0.050106622,0.7880066,0.16819814,0.36479485,0.52950925,0.017371088,-0.23092642,-0.42652977,-2.3374953,-0.78612643,-1.1103812,-0.002545444,-1.0486844,0.26251149,-0.18334566,-0.31650192,0.060150377,2
0.5437479,0.31913343,0.27412412,0.5207423,0.51339054,0.52739197,0.51362395,0.5085299,0.51463294,0.51283681,0.50859439,0.50357276,0.51077348,0.49498069,0.51781738,0.50282395,0.50534546,0.52516258,0.51459038,0.49639267,0.49008152,0.50275636,0.50107861,0.49891305,0.50634295,0.50152755,0.51186281,0.49636298,0.5057202,0.4977394,0.49428821,0.48740333,0.48771665,0.49503088,0.50003529,0.4823094,0.47795475,0.49924785,0.47210628,0.4907285,-0.92768055,0.26116759,0.5113939,0.51143658,1.4500923,1.7230946,1.4321567,0.84813571,0.97676557,1.7857981,1.5347307,1.3341062,0.34381104,-0.22017194,-0.24131621,-0.38174021,0.6101625,0.34594208,0.35023755,0.30074805,-0.53736138,0.057688855,-0.46893492,0.34408391,-0.92345762,-0.063381203,-0.29694924,0.68570161,0.35316539,1.4160627,-0.21928926,0.19744858,-1.2185808,-0.26807296,-0.11427028,1.0075216,-1.117076,0.59559327,0.32156113,-0.90199882,-0.076652624,-0.96364033,-0.5707916,0.31798726,0.82359123,0.73256612,0.026715979,-1.6251273,0.84604222,0.10650285,-1.0531952,0.66845584,0.086800858,-0.032670729,0.863949,-0.034538247,0.5144164,-0.4959774,0.10202895,0.56037164,-0.75853682,-1.1259878,-0.030587807,0.59428984,-0.45189023,0.37162894,0.065701425,-0.21821865,-0.13976328,-0.32837477,0.39561966,0.86629248,-0.22518599,-0.61364162,-0.53172773,0.46430343,0.32650164,-1.1191243,0.40205872,-1.3537939,-0.36432487,-1.7967098,-1.1581323,-0.037186891,-0.37464505,0.29760396,-0.49648806,0.17099699,-0.15439749,-0.18880977,-0.82901293,-0.4474532,0.26643598,-1.1046726,-0.12782739,-0.11405055,0.15027595,0.3017146,-0.51032281,-1.7645284,0.7922315,0.47896737,0.82472318,-0.19565451,0.52777457,0.30529201,0.11832031,-0.40282565,-0.25787586,0.27760297,-0.54537511,-0.056932744,0.41845214,-0.3271074,-0.81517059,-0.051043134,-0.62983167,-0.71212447,0.29480049,-0.17972825,0.026333261,-0.57295632,0.91883367,0.72152716,0.13829085,-0.012343677,-1.9455042,0.76762217,0.035151239,-0.17032494,-0.10222438,-0.59063286,-0.021490239,-0.23398019,-0.72528112,1.0812718,-0.82260382,0.1525631,0.50660169,-1.9522641,-0.25381169,0.36110896,-0.20255417,-0.54458088,-0.98564321,0.54788196,0.1016875,0.5909121,0.73918551,-0.71179497,-0.28229851,0.057988726,0.14776422,0.27825746,0.32658786,0.20374337,-0.13278672,-1.2914791,-1.738799,-0.7415005,0.26672292,0.5929634,0.37712443,-0.48681062,-0.36031625,0.16776869,1.4888464,-0.15811777,0.049772002,-0.36438695,-0.26499283,1.1174765,0.13758719,0.23748758,1.4533347,-0.013342015,-2.79966,-0.046510316,0.40420952,0.023306306,-0.22984758,-0.8391633,0.14590804,-1.5921152,0.29269004,-1.2880085,0.48086339,0.018061861,-0.84462094,0.014238169,0.063069642,0.58920342,-0.30710632,-0.27190536,-2.7995276,0.43697262,-0.73087919,-0.14101282,-0.15605758,0.17280379,0.6119656,0.13449462,-0.18928351,0.65617919,-1.597623,-0.83450317,-0.39968145,0.48450798,-0.51125085,0.095499903,0.32657051,0.39338654,0.037025247,0.52313846,0.45114446,0.86393052,-1.0733812,-0.35870019,0.47132421,-0.12126419,0.31068623,-0.1220004,-0.16689757,-1.1780937,-0.45690703,0.084044442,-0.32850215,0.61664677,1.2229998,0.40432805,-0.43462735,0.24531394,-0.4247719,0.66722578,0.56842119,-0.45888457,0.044333037,1.7141548,0.24181834,0.24580717,-1.0246098,-0.00914067,-2.0892861,1.1236125,-1.3476005,-0.33368826,-0.24251442,-1.5319487,-0.18125995,0.22356333,-0.10916615,0.4928799,0.27996528,0.20912686,-1.9977976,0.97009057,0.048139367,1.200832,0.016336162,-0.97810662,-0.043577671,-0.91317737,0.64871025,0.15615436,-0.85527718,0.30661514,-1.9498732,-1.9012493,-1.5110515,-0.38204798,0.49995658,0.27869555,0.25773624,-1.0870879,0.73840046,-1.3812808,-0.15706685,0.27882639,-1.1514091,-0.030580984,-0.040100738,0.66819662,-0.12436885,0.29533407,-0.060156651,0.4738557,-0.034193143,0.78956038,0.016006276,-0.20387593,-0.79194617,0.42585963,1.0381948,-0.6264956,0.6314047,0.50509584,0.61504036,-0.71886861,0.67507154,0.35253441,-1.0850183,-0.42961168,0.11742146,0.18105015,0.26007372,0.74856591,-0.31464586,-0.57495016,-0.49592084,0.003197826,0.61209589,-0.2210732,0.095877893,-0.36903882,0.18508251,1.1628628,-1.05089,0.13088827,0.34348339,-0.67437625,-0.055773534,-0.29254252,-1.5423357,-2.0403366,-0.11358867,0.59812683,0.1847574,-0.25375891,0.86524647,0.33329058,0.43695,0.28443438,-0.28070459,-0.56381279,0.22109325,0.088081531,-0.15067513,-0.59236276,0.24605906,0.24496752,1.2761527,-1.7153226,-0.11714223,1.6856477,1.5991344,0.48741892,-1.4355851,-0.29340625,-0.49288273,-0.11685183,0.086401805,0.32107329,0.90581357,0.9791038,0.40872967,0.27095613,0.22481814,0.72194713,0.74401695,1.1013,-1.086978,0.25880268,0.2774871,0.11806238,-0.31124142,-0.19576782,-1.748193,0.33753169,0.025336586,-0.40473384,-0.32714146,0.4463976,0.22882673,-0.73033416,0.29402736,-0.27324319,-0.10663994,-0.2385677,0.76104146,1.0779121,0.2890029,0.059172325,0.61560386,-0.074489102,0.021351896,-1.1159347,0.35144117,-0.66093075,0.20655273,0.7405498,-1.1155828,-0.41943115,0.47035509,0.43626389,-0.63379306,-1.1704831,0.69878203,-0.61113685,0.071980797,-1.6713727,0.31006807,-0.19114883,-0.35135603,-0.68343288,0.99656445,0.43838218,-2.0992517,-1.3019373,-0.32387474,-0.025008529,0.23164579,0.082743883,-0.001677055,0.46696383,0.22799014,-0.17000443,0.20978913,0.35842684,0.52329326,-0.063229084,0.024967089,0.47550869,-1.495725,-0.0139792,0.43109247,0.026707906,0.2325916,0.60865921,1.021595,-0.40161046,-0.94676638,-0.4275158,0.079753645,-2.0938926,0.38161886,0.29402974,0.39927834,-0.8449555,-1.3765553,0.39829648,-0.58276105,0.22781914,0.028874723,0.036708161,0.73623371,0.14697587,0.32781386,0.44897267,0.01045067,-0.18054941,-0.39636523,-2.2927074,-0.81596452,-0.98055941,-0.003936004,-1.0420778,0.22170584,-0.26773894,-0.27129391,0.05380455,2
0.53605008,0.31028193,0.26842758,0.51899672,0.51480258,0.52984077,0.51434451,0.50793278,0.51656175,0.50940144,0.51206803,0.50397849,0.50415421,0.48755154,0.51961046,0.49684119,0.51173925,0.52657795,0.51804507,0.49997401,0.49216437,0.50356674,0.49927175,0.49822149,0.51293397,0.49667549,0.50640988,0.49900043,0.49804544,0.49869817,0.49587959,0.50245243,0.48869377,0.49129969,0.50061107,0.48275799,0.4806641,0.49779183,0.47776893,0.48508504,-0.79835683,0.25538555,0.41074055,0.43465993,1.3746223,1.6715596,1.3434398,0.74409878,0.87181294,1.6829089,1.4507744,1.2323099,0.30447504,-0.21089619,-0.092721306,-0.32053012,0.50667787,0.2556566,0.28207189,0.23564957,-0.86502302,0.051477082,-0.55291945,0.37409359,-0.62935156,-0.056013282,-0.20733175,0.75540316,0.066663265,1.373009,-0.14911267,0.18014821,-1.1481922,-0.25496784,-0.045091659,0.79894668,-0.83337498,0.53601551,0.30622789,-0.81551158,-0.15542567,-1.1702528,-0.60164011,0.43093348,0.76399672,0.57777244,0.016133375,-1.5356041,0.87314296,0.071531683,-1.0800984,0.51753682,0.037985742,0.090142198,0.71822339,-0.064049602,0.39910728,-0.33276331,0.070580482,0.49518299,-0.52853608,-1.0640645,-0.017045483,0.48536602,-0.3408902,0.28009975,-0.11943301,-0.21727574,-0.14175583,-0.28373331,0.52891111,0.71885258,-0.17637604,-0.51469541,-0.40046602,0.17758547,0.58906204,-1.0109589,0.30719826,-1.0232842,-0.36809191,-1.7029659,-0.99464619,-0.01364545,-0.4794358,0.25465125,-0.46530265,0.08040832,-0.048320495,-0.1574925,-0.63127512,-0.48952985,0.43597728,-0.95622742,-0.23828787,-0.22385395,0.15607671,0.27078599,-0.47445256,-1.5042765,0.52089512,0.39149728,0.7499612,-0.22047105,0.55977005,0.24744871,0.015326492,-0.10559291,-0.18746902,0.42305648,-0.37146941,-0.014010876,0.32436866,-0.2727049,-0.65965444,-0.043492697,-0.62842929,-0.57674468,0.24751525,-0.30259481,0.008942774,-0.5047909,0.75899529,0.60872364,0.18622696,-0.014984444,-1.6847466,0.86246663,-0.12693676,-0.25445521,-0.067852482,-0.48087299,-0.00921388,-0.22268003,-0.71622318,1.0333169,-0.64505965,0.11609273,0.43679628,-1.5859623,-0.22627814,0.34723526,-0.15027863,-0.4843573,-0.86867332,0.48446149,0.200351,0.37005451,0.80374908,-0.66926926,-0.22391029,0.013506845,0.14801627,0.15180162,0.39201325,0.1122959,-0.036596514,-1.2203734,-1.6549528,-0.5964157,0.25145185,0.68710029,0.29042041,-0.48742414,-0.22670589,0.095987745,0.94916975,-0.26197284,0.033699565,-0.22043134,-0.22232553,1.223227,0.10822863,0.21883307,1.8055552,-0.15317573,-2.3562708,0.000114448,0.67393988,0.046256468,-0.12733001,-0.66452831,0.088272691,-1.409631,0.25385994,-1.0162867,0.25614268,0.11800451,-0.81858647,0.019746412,0.21692255,0.52747923,-0.23356822,-0.21229061,-2.3986638,0.34996936,-0.60568303,-0.084176071,-0.014852807,0.345272,0.45695308,0.13445893,-0.14403269,0.6857962,-1.5013449,-0.82501674,0.032907858,0.52809966,-0.32357362,0.062157653,0.25276652,0.32392347,-0.034470838,0.51865584,0.49448553,0.7322017,-0.8915503,-0.32319999,0.55165857,-0.077122778,0.18652627,-0.069365211,-0.24409075,-1.2399532,-0.46691176,0.10210375,-0.41105065,0.49710378,1.0628449,0.34639826,-0.42881191,0.33154014,-0.34104025,0.58898455,0.58150351,-0.40464783,0.061027244,1.389008,0.19815037,0.13917147,-1.0195596,-0.20228422,-1.8010989,0.93152076,-1.3380523,-0.19647956,-0.063797869,-1.2765353,-0.17903572,-0.015688762,0.33885032,0.5654707,0.47486421,0.48980045,-1.7222946,0.8236922,0.069971733,1.0631031,0.0013381,-1.0438157,-0.062794119,-0.83420825,0.55562276,0.3649233,-0.79188657,0.43401402,-1.6470948,-1.5619006,-1.3139138,-0.44207007,0.37330022,0.97063035,0.18046026,-0.93665779,0.72070879,-1.2255762,-0.16369863,0.15772507,-1.1332929,-0.031941019,-0.012051765,0.43976426,0.005330287,0.39346582,-0.024171274,0.39631185,0.085306853,0.44434321,-0.011677701,-0.16192394,-0.82442355,0.32164994,0.93675399,-0.74326122,0.58993018,0.46091884,0.36200613,-0.65414464,0.80901515,0.38563469,-0.99202758,-0.59286094,0.0809405,0.21652934,0.22782724,0.83208513,-0.31440946,-0.42094049,-0.44258821,-0.004753148,0.56505042,-0.18510017,0.15788603,-0.35209423,0.16228594,1.1762172,-1.0913224,0.15793332,0.29252267,-0.58427685,-0.044198498,-0.092411511,-1.2677395,-1.919806,-0.19219355,0.52996635,0.077308141,-0.24121588,0.68188161,0.21951753,0.43070924,0.25906864,-0.18493344,-0.42999619,0.19130525,0.090518385,-0.16101691,-0.42258772,0.19117206,0.17203733,1.2075084,-1.5990394,-0.007278994,1.3681422,1.190181,0.30434737,-1.3050398,-0.30728501,-0.50158083,-0.24544209,0.087639295,0.39549437,0.79840797,0.98213947,0.34703749,0.20793329,0.23226288,0.8076812,0.59265769,1.2176474,-0.90828699,0.26898065,0.26563939,0.13363904,-0.36276498,-0.13244811,-1.4551173,0.27469799,0.012065005,-0.33698627,-0.19618094,0.58120877,0.17579456,-0.6149897,0.2376394,-0.20907345,0.29302186,-0.12082317,0.44249317,1.1835833,0.27179962,-0.066736862,0.51757854,-0.12467812,-0.030760594,-1.0399383,0.27972949,-0.57611525,0.35611305,0.75172353,-0.75232685,-0.35179141,0.44108889,0.40684113,-0.57967067,-0.86705136,0.62291956,-0.45180738,-0.017385608,-1.6483195,0.2035321,-0.22402412,-0.36655551,-0.37181136,0.99224472,0.4058513,-1.6787899,-1.2278974,-0.34926698,0.030101277,0.25421065,-0.048788469,0.046890162,0.45968318,0.16445157,-0.18202887,0.14760503,0.21931347,0.33849707,0.031970501,-0.038714908,0.28962916,-1.3918219,-0.016312432,0.45889825,0.007328061,0.2099757,0.51963359,1.046806,-0.35180694,-0.72420502,-0.37376115,0.18834709,-1.8507915,0.29425752,0.29954052,0.34928888,-0.78869188,-1.2308718,0.30238134,-0.56771189,0.085749567,0.036722556,-0.088582315,0.39949846,0.12747477,0.30878523,0.32737619,0.03969574,-0.11635146,-0.37154937,-2.0604415,-0.70589346,-0.8455143,-0.051909074,-0.88063288,0.08371152,-0.076307967,-0.30327553,0.071118876,2
0.61926675,0.39245677,0.34146693,0.5843209,0.58234143,0.59622896,0.57713747,0.57266915,0.58123314,0.57714021,0.57860422,0.57944167,0.57460541,0.560063,0.58772719,0.56854224,0.58476704,0.60031515,0.58011651,0.56704283,0.56426293,0.57295299,0.56409335,0.56849581,0.57326877,0.57065022,0.57729393,0.57323313,0.56491113,0.56993586,0.56965649,0.57203603,0.55813468,0.56083536,0.57202065,0.55278724,0.5491097,0.56495273,0.55263925,0.55826432,-1.0407101,0.32068697,0.69779623,0.65396059,1.5891845,1.7431207,1.6631739,1.021261,1.1648034,1.9495046,1.6794953,1.4989184,0.34037235,-0.20822231,-0.27033663,-0.33117652,0.63624656,0.32802233,0.33627391,0.30175593,-1.0122471,0.037376992,-0.54646802,0.5871768,-0.82563031,-0.14694528,-0.23743105,0.84434819,0.48974153,1.5384202,-0.19409025,0.23373181,-1.2385474,-0.29224706,0.039197862,0.95572978,-1.1563964,0.61011589,0.30998605,-0.93218517,-0.082989685,-1.0173818,-0.47783959,0.60543656,0.862872,1.0515058,0.06149146,-1.7519772,0.92219365,0.16658621,-1.0026528,0.88385522,0.057336055,0.10267478,0.73348725,-0.16470772,0.55022258,-0.60151994,0.052587353,0.5457021,-0.78091717,-1.2181065,0.071641319,0.55336893,-0.43306679,0.19080524,0.1508525,-0.2110936,-0.06611076,-0.31918925,0.63109219,1.0499649,-0.23749092,-0.33056656,-0.51950079,0.37837917,0.54693264,-1.1635647,0.38803715,-1.0733899,-0.38635772,-1.9235361,-1.1710802,-0.037766535,-0.34764189,0.28238308,-0.50032061,0.097751223,-0.14298554,-0.11251789,-0.91359973,-0.46811557,0.087551735,-1.2083725,-0.21665379,-0.18102096,0.079627834,0.53742111,-0.61838728,-1.6986668,0.78607357,0.5176782,0.90753627,-0.26568687,0.7473858,0.33056575,0.12987915,-0.18423104,-0.19015135,0.34780553,-0.85332453,-0.14248984,0.38479871,-0.28802025,-0.88693637,-0.077927515,-0.63569736,-0.85208577,0.29738817,-0.47719032,-0.007299149,-0.82864094,0.97211587,0.73801959,-0.054590292,0.039335966,-2.021908,0.57308102,-0.095297068,-0.25905743,-0.05892387,-0.65043974,-0.026301516,-0.18536016,-0.55636448,1.1455448,-0.84618032,0.1077814,0.64875394,-2.1848137,-0.35403436,0.3395513,-0.043060891,-0.57966495,-1.2406704,0.50160259,0.22498481,0.32091582,0.88774508,-0.84757376,-0.28800064,0.033225469,0.10279927,0.1595709,0.53587109,0.174254,-0.19949177,-1.3672684,-1.6175387,-0.84518868,0.30221745,0.38408753,0.40256575,-0.38687497,-0.53984833,0.11934067,1.7893262,0.045184422,0.074497692,-0.51005197,-0.31142735,1.1539277,0.13162534,0.29132718,2.1560378,-0.10735846,-2.8549504,-0.11947057,0.73519719,0.01843966,-0.15470305,-0.93194699,0.094799511,-1.6451226,0.26343274,-1.6709454,0.47700939,-0.006718606,-0.88452083,0.010353225,0.019462585,0.65208787,-0.22686745,-0.081969962,-2.9511445,0.24268609,-0.50405073,-0.11875822,-0.16826531,0.37613496,0.47834417,0.047065292,-0.24906188,0.52701259,-1.5979998,-0.89678198,-0.28852415,0.41449618,-0.48107788,-0.021670818,0.21641254,0.54951966,0.024891974,0.60414994,0.35169736,1.0216885,-1.1637326,-0.33817348,0.72246933,0.041232288,0.28792617,-0.06578216,-0.2483305,-1.2262969,-0.47563243,0.13576092,-0.55682766,0.76214409,1.3269138,0.46539947,-0.56774086,0.19105791,-0.62400615,0.97429401,0.69823849,-0.46036083,0.13868956,1.7071698,0.069473043,0.13390699,-0.94861776,0.03168793,-2.1941271,1.0043775,-1.4872535,-0.44021255,-0.1670085,-1.5245395,-0.39871672,0.28350377,0.092698038,1.0519519,0.47022939,0.44059759,-2.0135615,1.0355728,0.067115843,1.2651453,0.13260557,-1.1509912,-0.095913135,-0.99565172,0.7067827,0.32602137,-1.0281501,0.45263904,-2.096132,-1.7841372,-1.6996465,-0.31255695,0.66836035,0.42850482,0.24264233,-1.0902963,0.75918669,-1.5145698,-0.19309461,0.5274868,-1.153072,-0.038591422,0.05632313,0.57198852,-0.11022729,0.50774425,0.063552156,0.58997697,0.1038693,0.62981701,0.025410704,-0.14665237,-0.85069972,0.38397759,1.2664727,-0.51053858,0.69814342,0.53794825,0.51193291,-0.81976336,0.82345271,0.1608703,-1.259884,-0.52615684,0.070797846,0.13198575,0.28085721,0.98933405,-0.35516044,-0.70044154,-0.67293036,-0.003880289,0.72978765,-0.30498874,0.25405133,-0.32380119,0.17631531,1.4672904,-1.2109052,0.16480112,0.24196459,-0.71419758,-0.047515526,-0.20585066,-1.5276487,-2.1159072,-0.25011668,0.60387462,0.21751472,-0.30335581,0.82788396,0.28933388,0.39254043,0.27054167,-0.23932129,-0.56511569,0.22371185,0.12153472,-0.10968705,-0.33321485,0.24014044,0.12593363,1.3894128,-1.8606045,-0.12151855,1.685833,2.0769563,0.44245943,-1.2070173,-0.28550053,-0.32399315,-0.099651381,0.096840858,0.53401756,0.94354361,0.74320048,0.73511255,0.31541625,0.27736655,0.77626359,0.77551681,1.2273571,-1.0093883,0.45772243,0.4120965,0.09080606,-0.37439471,-0.23169199,-1.5267351,0.31351176,0.091811754,-0.51405412,-0.18564615,0.53479785,0.22200795,-0.85327291,0.20407172,-0.25880101,0.017927572,-0.31759977,0.99060112,1.3006462,0.35388783,-0.001274054,0.65070868,-0.064552106,-0.10349412,-1.203957,0.30588895,-0.62496448,0.19067769,0.7163856,-1.1894633,-0.49378288,0.4141432,0.48897469,-0.8044101,-1.6094508,0.73654485,-0.82846284,0.18604115,-1.8284966,0.35373914,-0.37070477,-0.74740446,-0.57679451,1.2445438,0.68216348,-2.0588245,-1.4781147,-0.39185309,-0.014573039,0.27803141,-0.017526001,0.1026651,0.4584111,0.2328378,-0.29027915,0.31342915,0.35958433,0.53473133,-0.023813494,-0.20967078,0.22310056,-1.6280358,-0.033598304,0.58167124,-0.064903751,0.27306563,0.7796548,1.2996575,-0.43566161,-1.0374829,-0.449635,0.11012389,-2.1121416,0.34875751,0.3690539,0.39976087,-0.87028146,-1.5038221,0.32926959,-0.49298149,0.27015603,0.12568355,-0.036635119,0.68012452,0.17833409,0.31462634,0.5574398,0.013765479,-0.23213577,-0.43326086,-2.4404738,-0.80431896,-1.0395596,-0.002075296,-0.98925686,0.35743281,-0.096012026,-0.32541692,0.025366601,2
0.59306401,0.36780989,0.32433322,0.56230748,0.54857707,0.57759404,0.57134736,0.54149842,0.55196077,0.5646745,0.5492574,0.5358336,0.54545075,0.52551037,0.5469045,0.54395556,0.52405268,0.56489885,0.55655104,0.53066045,0.51791286,0.54031444,0.52759147,0.52500415,0.53197265,0.53957188,0.5512951,0.53480452,0.52962291,0.53694385,0.53791577,0.53140771,0.52286798,0.52928585,0.53333724,0.50813901,0.5173552,0.52835196,0.50891799,0.52360582,-0.99280465,0.29641017,0.58884358,0.54143739,1.4634497,1.7922413,1.5335896,0.90244865,1.048954,1.8301331,1.5854071,1.3860368,0.40860218,-0.2600584,-0.1990155,-0.37034562,0.7106263,0.374991,0.39671305,0.3396028,-1.0018643,0.033357546,-0.51032853,0.37045571,-0.90580851,-0.050387003,-0.16431229,0.70302743,0.43146524,1.6111431,-0.25315553,0.25835705,-1.1337574,-0.18391542,0.011535366,1.15862,-1.1015811,0.4276951,0.37319434,-0.90014964,-0.11812443,-1.1176169,-0.54513544,0.61903429,0.99927175,0.84617853,0.045968838,-1.6779072,0.81240988,0.17460549,-1.0219008,0.65326107,0.11188349,0.066145718,0.55950451,-0.1277086,0.52691263,-0.7164793,-0.022902034,0.58789182,-0.61870337,-1.1784421,0.10168467,0.53214496,-0.34885615,0.44724581,-0.11337573,-0.20432192,-0.035867073,-0.32252592,0.43143159,1.0747924,-0.31744683,-0.47718209,-0.7044394,0.59596062,0.65831161,-1.2353153,0.45664835,-1.1583501,-0.40874872,-1.8029592,-1.3265959,-0.00478741,-0.3242121,0.14876656,-0.49208087,0.21130705,-0.15990357,-0.42097843,-0.98302281,-0.40048745,0.23889461,-1.1922073,-0.063116431,-0.33069384,0.21672425,0.37167919,-0.58279121,-1.8756554,0.66912621,0.4923,0.85414827,-0.14478782,0.6149528,0.3393485,0.11626566,-0.29369742,-0.21409908,0.24370223,-0.26739305,-0.103847,0.3892197,-0.41987967,-0.86011791,-0.15436554,-0.73678511,-0.94069219,0.40340161,-0.20442337,0.034906246,-0.62896752,0.86542058,0.76973987,-0.081843555,-0.086717486,-1.9388002,0.68135393,-0.090477049,-0.27930427,-0.049259022,-0.55329102,-0.15754445,-0.31821007,-0.69707572,1.1009482,-0.84973752,0.18814835,0.51523191,-2.1718993,-0.23739037,0.39647204,-0.13951747,-0.70584929,-1.35018,0.49375337,0.24783923,0.3432759,1.0551603,-0.75028396,-0.22683072,0.10236687,0.1652673,0.15738694,0.2071175,0.036766194,-0.11777847,-1.2914715,-1.6444707,-0.72722703,0.30094779,0.54278672,0.3155399,-0.47795188,-0.2789706,0.18576865,1.718709,-0.076385334,0.05716252,-0.55147231,-0.42451543,1.1503196,0.16807213,0.29653728,1.4393127,-0.01206959,-2.873914,-0.050621726,0.6270799,-0.010507101,-0.17525694,-1.1829478,0.1370344,-1.8223176,0.32847178,-1.5790768,0.53613901,-0.11667218,-0.78668433,0.054723684,0.27310356,0.73053336,-0.26548749,-0.13368577,-3.0167229,0.3523995,-0.49993998,-0.13914753,-0.23014963,0.1772334,0.6025027,0.19310418,-0.21843439,0.89191246,-2.0168509,-0.95719093,-0.37570035,0.43656111,-0.4298622,-0.074952036,0.31826714,0.55949444,0.054453924,0.52188772,0.46927279,0.79375184,-0.98374534,-0.36990368,0.63356066,0.051691353,0.25933123,-0.19662434,-0.32044813,-1.2024132,-0.47146717,0.14021181,-0.47039413,0.63420719,1.2074955,0.45903605,-0.44688371,0.23161077,-0.5173158,0.69950962,0.6476078,-0.45907235,0.12592831,1.6927235,0.11189406,-0.008346714,-1.1623603,-0.042656861,-2.1638336,1.2067997,-1.7604505,-0.43815348,-0.30702448,-1.3471336,-0.2157612,0.31174004,0.20726478,0.96586943,0.56183028,0.43921483,-2.053071,1.0495856,0.043213338,1.1869636,0.08689978,-1.0823064,-0.16051227,-0.88867146,0.68103862,0.40993434,-0.9091593,0.40327561,-2.2807133,-1.9535581,-1.7261858,-0.38453841,0.64906341,0.66216034,0.2708703,-1.3744311,0.66955173,-1.5409418,-0.18190435,0.45072705,-1.3235693,0.001394913,0.045058452,0.62463915,-0.31520799,0.37778428,0.014931107,0.52697253,0.082969338,1.0272318,0.053261332,-0.16771777,-0.86518306,0.43166038,1.1330128,-0.59052658,0.8064096,0.52693784,0.67700672,-0.71500528,0.6199767,0.43600318,-1.5149908,-0.46339846,0.11958441,0.21573001,0.1715551,0.93159854,-0.41103476,-0.58599192,-0.58558589,0.054427642,0.62529039,-0.50883043,0.17689389,-0.33099422,0.054670222,1.2229145,-1.3976858,0.17218274,0.3274675,-0.7167877,-0.045673542,-0.33991146,-1.7126288,-2.3042552,-0.18849999,0.60036564,0.23457715,-0.2855615,0.81108308,0.36230552,0.47965923,0.27687079,-0.26515791,-0.81815398,0.26908642,0.081851244,-0.06471774,-0.41557422,0.28655735,0.18090986,1.3528419,-1.7583905,-0.06681253,1.7231014,1.7143525,0.39201221,-1.3371241,-0.31362948,-0.82866913,-0.091811799,0.13900632,0.56097752,0.90940833,0.95844316,0.39994749,0.28226811,0.22211605,0.89350146,0.78239501,1.078792,-1.1238354,0.24179406,0.46710008,0.23454002,-0.36974931,-0.2455188,-1.592561,0.35915267,0.057948269,-0.41211987,-0.20234291,0.40347144,0.19306047,-0.77720779,0.26187906,-0.20753933,0.31693375,-0.44880959,0.92316669,1.2269633,0.31446257,0.00865136,0.61817795,-0.12358931,-0.2357922,-1.1734349,0.34321404,-0.57854205,0.1088456,0.75095046,-1.1191498,-0.64094722,0.36209595,0.5049237,-0.88038146,-1.3528502,0.75811601,-0.71522081,-0.15073548,-1.7674584,0.34993041,-0.10102785,-0.26814088,-0.58005309,1.0490932,0.47765598,-2.3247643,-1.4136407,-0.37974983,0.026773656,0.32168233,0.068088114,-0.13673757,0.57610738,0.25313988,-0.2285862,0.21104167,0.30861107,0.43749923,-0.084528372,0.037975207,0.23014632,-1.5988324,0.012953532,0.54306829,-0.044618744,0.28049093,0.77281034,1.2280183,-0.44505852,-0.95233393,-0.41998664,-0.031925544,-2.212554,0.20473471,0.20167035,0.42840338,-0.86856997,-1.6495275,0.23326489,-0.62872523,0.22223756,0.20420414,-0.04165104,0.75544882,0.19535244,0.37501866,0.5422256,-0.070780247,-0.30896574,-0.4597182,-2.4307168,-0.87703633,-1.2621353,0.058603864,-1.2000761,0.46538478,-0.10449233,-0.38658631,0.040230617,2
0.54190767,0.31494856,0.2834886,0.52720726,0.52116239,0.54549998,0.51965761,0.50562131,0.51166987,0.51862919,0.50453478,0.51551002,0.51487631,0.49792358,0.52486449,0.51259351,0.51139081,0.53138393,0.5156036,0.49106902,0.49521518,0.50276017,0.49692515,0.49031726,0.50476354,0.49759936,0.51435333,0.49924493,0.49578965,0.49986595,0.49097624,0.49922451,0.48916709,0.49115598,0.50269377,0.47755736,0.47377533,0.49442393,0.4756878,0.4788869,-0.79324454,0.27168173,0.3054089,0.34325957,1.2441063,1.6551664,1.2371019,0.63591433,0.75225037,1.5607419,1.3416984,1.1091861,0.26320851,-0.20069893,-0.20561716,-0.29499018,0.48469228,0.26355544,0.33652475,0.2499429,-0.76918209,0.023588605,-0.54438114,0.30428752,-0.75005549,-0.095676228,-0.17820379,0.53125268,0.19569002,1.4985076,-0.14801532,0.20198269,-1.0142584,-0.19750997,0.16486378,0.6363017,-0.87788576,0.44002762,0.2734459,-0.6855495,-0.11927494,-0.93403924,-0.52026975,0.18167619,0.62756801,0.6590609,0.006512793,-1.4835209,0.66432786,0.11273385,-0.85608065,0.68652153,0.039884839,-0.001349501,0.59698993,-0.092296362,0.35792908,-0.42048171,-0.008635037,0.42652753,-0.60339963,-1.0719767,0.084424973,0.3502692,-0.18446629,0.18123831,-0.14367117,-0.1589607,-0.11341432,-0.32832322,0.47483042,0.82068479,-0.14162731,-0.23737945,-0.43265969,0.1711116,0.33422372,-0.81905723,0.29026175,-1.1582739,-0.35969821,-1.6069428,-0.86856055,0.009001598,-0.43828526,0.22107083,-0.32896614,0.03023275,-0.074647546,-0.073123701,-0.81425858,-0.37402919,0.10575727,-0.91937417,-0.10652958,-0.13591543,0.1808469,0.30817267,-0.40435669,-1.2747692,0.34301254,0.3837027,0.70241833,-0.057875551,0.57700741,0.30184174,0.024675172,-0.43554029,-0.15431589,0.15224916,-0.44813955,-0.11794741,0.29518953,-0.096807495,-0.71746421,-0.10990451,-0.46751696,-0.56375265,0.16670209,-0.24168672,0.050946623,-0.66850019,0.62836123,0.54777861,0.058917962,0.048665494,-1.6350931,0.63220716,-0.047619887,-0.11851595,-0.057668097,-0.58608234,-0.006306488,-0.017277539,-0.54038942,0.83741975,-0.66539103,0.1241387,0.32992041,-1.5052273,-0.11102286,0.28394201,0.001869246,-0.52566421,-0.79436624,0.50260258,0.32966802,0.56606883,0.69820023,-0.65465027,-0.20995791,0.077886268,0.13036355,0.27451116,0.46031865,0.19238243,-0.11496585,-1.0358895,-1.3471825,-0.62257326,0.22069578,0.63137966,0.25989467,-0.3681747,-0.24601537,0.10069751,1.1599296,-0.227312,0.009237543,-0.41605407,-0.26983562,0.9784205,0.07794188,0.19904993,1.0192547,-0.08724878,-2.0137193,-0.14849474,0.48668385,-0.019814584,-0.12596247,-0.67093527,0.15664789,-1.3403814,0.2342262,-1.1347582,0.4101817,0.025221519,-0.72214818,-0.025203142,0.22432041,0.34908345,-0.16334565,-0.29395774,-2.3635221,0.27722266,-0.44515318,-0.021422602,-0.22734484,0.073073857,0.4111926,0.10528105,-0.27161312,0.59175551,-1.2590971,-0.68862504,-0.27879018,0.33121362,-0.39304793,0.20103209,0.1921946,0.49533987,0.042145513,0.45287588,0.30186412,0.6623354,-0.77857345,-0.25291127,0.62738824,0.033276685,0.25516918,0.041544065,-0.24084523,-1.0282434,-0.50351381,0.036196187,-0.45580035,0.58839166,1.0771732,0.34585646,-0.42728677,0.23782283,-0.328549,0.62508398,0.50921392,-0.31136709,0.10022102,1.3888986,0.19864458,0.12601054,-0.87807614,-0.12249303,-1.7910858,0.92519033,-1.2271768,-0.31066293,-0.12465946,-1.3873265,0.014153793,0.21942353,-0.06653966,0.46366906,0.46763438,0.29913551,-1.6286861,0.67222691,0.24592488,1.0437778,0.083140031,-0.94025636,-0.042709157,-0.68013835,0.50276661,0.40253705,-0.78100705,0.24088582,-1.4808582,-1.6351427,-1.2151458,-0.35710239,0.44128448,0.21336541,0.21278554,-0.72795236,0.56920487,-1.1968771,-0.13370804,0.18308048,-0.98813289,0.043069206,0.022736287,0.39759848,0.004850835,0.36165434,0.049180452,0.45400816,0.064028502,0.57852697,-0.051063344,-0.051135324,-0.54128581,0.35189402,1.0251882,-0.3889547,0.4023366,0.48497707,0.706572,-0.60909212,0.58114892,0.4913888,-0.94607466,-0.52904618,0.13658917,0.055602476,0.20773195,0.65412903,-0.36546281,-0.46436656,-0.52878869,0.004501771,0.57036221,-0.30327067,0.26233372,-0.21049464,0.15482236,1.0620657,-0.95472383,0.15683496,0.30561957,-0.56885135,-0.077999547,-0.066384256,-1.2660809,-1.5789605,-0.29571843,0.46932662,0.11000738,-0.28185773,0.72318226,0.084233247,0.46814081,0.20255646,-0.23008773,-0.32766709,0.17983952,0.13121746,-0.046237439,-0.56340742,0.17282705,0.16433208,1.1310276,-1.4362007,-0.1734938,1.410031,1.3019296,0.2252882,-1.0899426,-0.18367173,-0.25746465,-0.13586289,0.024396699,0.3216123,0.67599362,0.74849296,0.30913448,0.14751561,0.18272626,0.59573042,0.75331748,0.76490963,-0.57816839,0.32244408,0.27113292,0.16481072,-0.31756273,-0.13376477,-1.4483286,0.25319529,0.008628134,-0.34218413,-0.22225334,0.58565271,0.17016064,-0.75457633,0.20108297,-0.19771838,-0.071957462,-0.092254885,0.7512449,0.89830327,0.2424835,-0.038813651,0.51654965,0.062591627,0.060184076,-0.92943734,0.19633275,-0.48551488,0.14680745,0.58994174,-0.98812008,-0.43681359,0.38650563,0.42780465,-0.47537547,-1.0047317,0.47942171,-0.54145384,-0.013092378,-1.3485405,0.22276583,-0.10625499,-0.30756301,-0.38869107,0.85091418,0.51511401,-1.6825553,-0.95937324,-0.31080097,0.067655303,0.17611818,-0.0270817,0.06827268,0.41021445,0.16423531,-0.15968044,0.2559309,0.30727696,0.38241085,-0.047741164,-0.17421156,0.18748717,-1.3246651,0.10902552,0.30607009,-0.036593676,0.20166881,0.56764734,0.6995616,-0.3452014,-0.70636612,-0.32004279,-0.092301577,-1.6719694,0.29306725,0.31144184,0.32415324,-0.57546329,-1.0283406,0.20187867,-0.50250286,0.06979084,0.041055243,-0.059352636,0.30873728,0.10698565,0.30392671,0.47342631,-0.016460514,-0.12964368,-0.35055387,-1.986199,-0.67855173,-0.74806243,0.004121119,-0.68875521,0.024438068,-0.11081469,-0.31285602,0.11046482,2
0.6389854,0.40447038,0.36179334,0.61132187,0.59633809,0.61508226,0.60166562,0.59350246,0.60649157,0.61288524,0.58986557,0.5856033,0.59138137,0.56869805,0.59559548,0.58262086,0.58051074,0.61283875,0.6093533,0.57735103,0.56648266,0.59653258,0.57786727,0.5777818,0.58084595,0.57926893,0.59414196,0.58138347,0.58066642,0.58096814,0.57810009,0.58109736,0.5705356,0.57098973,0.58575273,0.55918753,0.55886126,0.57442874,0.55630702,0.57158279,-1.0181788,0.34022111,0.63065928,0.56356812,1.4994421,1.8945198,1.4965898,0.94890928,1.0904281,1.8821929,1.6236765,1.4300427,0.45856744,-0.19206852,-0.24078771,-0.40267143,0.83705711,0.43075764,0.40415299,0.33872724,-0.77495921,0.015057308,-0.61142623,0.42644846,-0.80597281,-0.037509322,-0.15854573,0.80033702,0.1770044,1.4964324,-0.18609308,0.28315029,-1.2945585,-0.22588819,-0.08856909,1.0763685,-1.0514765,0.75049448,0.2006287,-1.0141343,-0.17569065,-1.3982694,-0.58326161,0.65469915,1.2189415,0.82183009,0.006766595,-1.8933647,0.91058528,0.064502165,-1.237132,0.69165379,0.030888475,0.23360261,0.76849842,-0.13736793,0.49224108,-0.52414584,0.14155626,0.739187,-0.47988397,-1.1755931,-0.008190982,0.57056606,-0.39663136,0.44706792,0.032677352,-0.20823325,-0.21252587,-0.3189199,0.51359665,0.9122594,-0.31313023,-0.36605728,-0.6892488,0.34047794,0.73721349,-1.2971148,0.43204468,-0.99187422,-0.40401214,-2.0483696,-1.1747702,-0.054707058,-0.57002211,0.33391187,-0.443773,0.11506077,-0.12930949,-0.27392751,-0.97530866,-0.34533328,0.46427917,-0.90404946,-0.12941696,-0.12633637,0.20306508,0.2056565,-0.61218685,NaN,0.69491911,0.51762843,0.97766834,-0.24752881,0.5308339,0.21626002,0.098098122,-0.005274802,-0.29276595,0.57461667,-0.54767883,-0.19720188,0.50449717,-0.54968679,-0.84959173,-0.054481816,-0.72685051,-0.76787168,0.28968614,-0.30212396,0.068757847,-0.70234334,0.91377079,0.74069893,0.15309754,0.006314017,-2.1386259,0.8086409,-0.04736897,-0.18160853,-0.039008547,-0.59366333,-0.089220181,-0.35949874,-0.64118326,1.1800283,-0.78095508,0.14505965,0.70204639,-1.8332288,-0.23289716,0.33444908,-0.20390785,-0.59049731,-1.0647429,0.49195942,0.05549261,0.27111515,1.1910028,-0.87890327,-0.32217708,0.062799998,0.05857525,0.09199097,0.32010567,0.043372646,-0.07097815,-1.4558021,-1.9044024,-0.80679965,0.27534452,0.56817657,0.22626352,-0.37354439,-0.62836373,0.078355491,1.4363987,-0.1309731,0.071266927,-0.3820428,-0.3003377,1.4028077,0.1842995,0.29184791,2.0484719,-0.10693599,-2.791642,-0.082559802,0.63663632,0.094529167,-0.35961133,-1.0054237,0.004059963,-1.7035291,0.30382335,-1.4909592,0.56155324,-0.02610264,-0.93756044,0.094900548,0.30527377,0.68721855,-0.29332048,0.015578538,-3.0275187,0.3064549,-0.53085762,-0.094672352,0.18422526,0.44866753,0.55022264,0.18706322,-0.23005994,0.60374975,-2.0132749,-1.07818,0.1688588,0.5929355,-0.47910625,0.054316655,0.38123667,0.40304989,-0.054221042,0.64170605,0.49332952,0.98125362,-1.0166633,-0.35178691,0.72049022,-0.11638366,0.29564238,-0.10384225,-0.28156379,-1.3396504,-0.50715423,0.16746952,-0.55227113,0.62030756,1.3895332,0.43486661,-0.49657077,0.10682271,-0.40471032,0.69463521,0.80064797,-0.4272747,0.090832949,1.5999465,0.10591119,0.2321299,-1.2162621,-0.297719,-2.2276409,1.1986701,-1.737514,-0.29885298,-0.093151741,-1.4109546,-0.30816817,0.18961377,0.40228575,0.52477145,0.63177538,0.6849373,-2.0525954,1.0930557,0.057749987,1.332826,0.01163542,-1.2711979,-0.11077075,-1.0353568,0.75598776,0.25295988,-0.99977922,0.46137851,-2.1891475,-1.9271685,-1.7082257,-0.40586948,0.45992059,0.88352048,0.29529887,-1.1903462,0.92792606,-1.6803638,-0.28249457,0.36221224,-1.3760417,0.01872951,0.040245712,0.49659058,0.13404806,0.51123416,-0.018127125,0.672382,0.038272567,0.73669714,0.20956329,-0.19403973,-0.93695647,0.51769972,1.0560721,-0.80366522,0.85867018,0.53890383,0.51039398,-0.89432961,0.84950912,0.51204956,-1.2684739,-0.61926675,0.11722018,0.32413429,0.23833841,1.0659192,-0.36833662,-0.60335845,-0.58087385,-0.031337056,0.5575242,-0.46979657,0.016429648,-0.50058663,0.20881389,1.463515,-1.2099192,0.14518571,0.29896593,-0.71619034,-0.08591333,-0.17386153,-1.6482115,-2.3560729,-0.23215637,0.69490135,0.055140428,-0.33879906,0.76699328,0.22223485,0.53518134,0.35470906,-0.1481829,-0.63765621,0.27785808,0.066683836,-0.16000372,-0.34433946,0.28314674,0.24845019,1.515034,-2.0324645,-0.081995547,1.6785281,1.9856346,0.58161443,-1.3468182,-0.39169654,-0.63105571,-0.18507701,0.079465397,0.53070539,0.97290254,0.85310966,0.54137033,0.32859662,0.2640754,0.81195718,0.74651748,1.6792569,-1.1973025,0.30788514,0.40263206,0.18799229,-0.42196956,-0.15682125,-1.6598212,0.41398543,0.058235336,-0.46186545,-0.19038394,0.48103145,0.23957309,-0.81127197,0.22439432,-0.2548787,0.14222936,-0.18506937,0.75803852,1.2242368,0.29767951,0.068787195,0.72612733,0.21202463,-0.017840154,-1.2195112,0.38601398,-0.66492128,0.357108,0.91085917,-1.028404,-0.46749133,0.43617243,0.49836904,-0.82365239,-1.2223343,0.67776841,-0.72215468,-0.036596298,-1.8465931,0.31756157,-0.24155006,-0.53956395,-0.6140728,1.1671494,0.52063912,-2.0301447,-1.5382485,-0.44550538,0.066721976,0.36008006,-0.051084388,0.05386924,0.58228618,0.29564813,-0.21429545,0.2293022,0.32526171,0.40376139,-0.047267728,-0.26376593,0.15162148,-1.7852691,-0.028452748,0.70592785,0.009885982,0.26019213,0.63624686,1.190559,-0.44490924,-1.0397689,-0.44774681,0.32365727,-2.1932573,0.36016524,0.33709037,0.47135669,-0.91229737,-1.7054701,0.30334872,-0.56880212,0.15315735,0.13111174,-0.093658321,0.79181409,0.084474549,0.37156901,0.37007239,0.051819239,-0.23849618,-0.44807005,-2.4760847,-0.80451906,-1.1024222,0.046203203,-1.0676354,0.24427459,-0.28606927,-0.40483031,0.08523944,2
0.58707148,0.35792205,0.31060404,0.55816627,0.5620504,0.60569525,0.56061661,0.55128503,0.56170654,0.56267285,0.55289847,0.5553605,0.54919517,0.53283691,0.55465555,0.54325747,0.5528419,0.5773474,0.57903481,0.53551823,0.54324371,0.5503934,0.5414111,0.53866786,0.56054878,0.53851306,0.55574012,0.53859365,0.54159003,0.54197717,0.53911948,0.5361411,0.52914292,0.53135014,0.54494929,0.51714289,0.52380526,0.53661394,0.51507998,0.5304811,-1.011595,0.28935486,0.56827974,0.4944489,1.4564307,1.8050482,1.535316,0.88092142,1.0190274,1.8063638,1.5622611,1.3718401,0.36175209,-0.25066495,-0.18738276,-0.31623167,0.77054518,0.39792746,0.37178275,0.30712557,-0.62885505,-0.029103503,-0.47917628,0.33534762,-0.91167593,-0.11515419,-0.091221943,0.868873,0.45126787,1.5629264,-0.29779729,0.28454319,-1.1671249,-0.16218391,0.072665393,1.0811327,-1.2460181,0.70061755,0.25870797,-1.0590789,-0.060565956,-1.132177,-0.61158293,0.65324461,1.0763828,0.97436202,-0.083394535,-1.8064864,1.0051472,0.13673966,-1.0623753,0.5938763,0.05438593,0.14123428,0.42859298,-0.13751402,0.38482845,-0.60406548,0.14275062,0.6152522,-0.9733417,-1.2508326,0.061399359,0.63881117,-0.35792401,0.3677434,0.22066936,-0.2006512,-0.050913885,-0.38413569,0.44666836,1.226282,-0.27994889,-0.33616206,-0.66863799,0.37692967,0.85957795,-1.2088354,0.4581368,-0.83084571,-0.4524703,-2.0453188,-1.3842862,0.014811471,-0.47895744,0.070648924,-0.45184761,0.044743255,-0.15441199,-0.15238112,-0.96443439,-0.58206296,0.53461683,-1.1839087,-0.1257017,-0.15663333,0.087416776,0.3579872,-0.56250721,-1.964914,0.87907445,0.45937836,1.0051072,-0.24650429,0.72854143,0.39370936,0.083753034,0.33799338,-0.24213094,0.41137162,-0.83614242,-0.32364279,0.46559346,-0.38033003,-0.88229978,-0.11022569,-0.730699,-1.0285361,0.38909179,-0.39643815,0.01175019,-0.60802871,0.75842571,0.87068021,0.10930482,0.072760612,-2.0805187,0.68940187,-0.1625033,-0.19550712,-0.070704967,-0.69554532,0.004431615,-0.14466582,-0.57362258,1.1857642,-0.9353649,0.19073412,0.62404871,-1.9624927,-0.23366481,0.39363703,0.084397219,-0.66559607,-1.1147524,0.53231329,0.23210107,0.30954874,0.99947375,-0.78553307,-0.39373016,0.071978614,0.096475244,0.34353971,0.50397968,0.1671761,-0.24552223,-1.3955431,-1.794795,-0.95820737,0.28221759,0.71142507,0.25285214,-0.48473102,-0.8000325,0.11533169,1.463431,0.32623088,0.040996306,-0.52795953,-0.37005559,1.4395854,0.16236173,0.29742754,2.3053071,-0.2031256,-2.7888918,-0.060666271,0.86713398,0.063969672,-0.11209071,-0.98659879,0.1562745,-1.8501813,0.24246918,-1.7993189,0.48887688,-0.014985353,-0.86344266,-0.002276644,0.20949924,0.62460184,-0.26163888,-0.058882862,-3.1485107,0.44465953,-0.33809695,-0.077270739,-0.20341158,0.50460303,0.52082312,0.49820638,-0.1929372,0.79618466,-1.841563,-0.94405478,0.053669468,0.3315551,-0.56978112,0.23907995,0.31331554,0.65905464,-0.002400618,0.62273717,0.3143394,0.87429786,-1.1910503,-0.39924937,0.53717917,-0.087562934,0.46236062,-0.009584669,-0.16996001,-1.2428002,-0.49237093,0.028686441,-0.32357684,0.65253341,1.5051482,0.40249136,-0.38079602,0.1661057,-0.55964768,0.77119005,0.77333724,-0.52082509,0.090488501,1.7732488,0.12729985,0.27862021,-1.1728536,-0.21340615,-2.3855631,1.0697231,-1.6585549,-0.54208511,-0.1155277,-1.3540392,-0.19193055,0.2582373,0.18481895,0.78279698,0.46686766,0.71480751,-2.2288685,1.0121623,0.11750717,1.2707154,0.063097112,-0.86699766,-0.11202922,-1.1284801,0.61752087,0.15008944,-0.99031347,0.52971047,-2.3393145,-1.8341067,-1.7096057,-0.40141523,0.6789071,0.8703931,0.26889148,-1.1363229,0.78247976,-1.8315618,-0.28986546,0.55851543,-1.3607926,-0.12662369,-0.020560291,0.57772058,0.1417235,0.46170375,0.12734109,0.54466665,0.062260833,0.461458,0.12035336,-0.059056859,-0.96537781,0.51211977,1.281486,-0.56633133,0.79575682,0.54632413,0.64025789,-0.9348352,0.79142511,0.45854017,-1.2537069,-0.51848751,0.10740547,0.14670666,0.32607532,1.0611289,-0.37928036,-0.69708699,-0.57984787,0.1202968,0.7106967,-0.42217231,0.038979374,-0.37945396,0.22632608,1.4685923,-1.4050536,0.15313283,0.32392398,-0.85118544,0.071929663,-0.21277231,-1.6261132,-2.3667474,-0.35861212,0.62005091,0.10725507,-0.41746402,0.68327922,0.22746718,0.6073373,0.27321994,-0.1489684,-0.88522243,0.28541401,0.10885707,-0.047493219,-0.25777939,0.21983474,0.17310458,1.6187304,-1.9718028,-0.069523647,2.0388927,1.9980496,0.49139342,-1.2178154,-0.30689687,-0.82914054,-0.14631233,-0.001162749,0.46935821,1.1606404,0.86799085,0.73605227,0.1865522,0.27140892,0.74643755,0.85741901,1.4633907,-0.87175494,0.2488448,0.57281971,0.084547654,-0.39066973,-0.21165699,-1.6074482,0.35763896,0.035221465,-0.45714009,-0.19574386,0.45503113,0.20636162,-0.81901449,0.063998967,-0.2809909,0.20813206,-0.30890936,0.84034681,1.1759725,0.3108629,-0.040495493,0.63208246,-0.0559447,-0.025409009,-1.3033525,0.36052251,-0.78494596,0.35243398,0.85704827,-0.98432624,-0.62523144,0.26147443,0.50603342,-1.0204368,-1.3925408,0.69533825,-0.99798065,-0.024927996,-1.5873729,0.39160243,-0.11251419,-0.6732226,-0.73002434,1.1245623,0.66694975,-2.183414,-1.8220792,-0.35849544,0.036557999,0.31868091,0.028710041,0.055356964,0.60530913,0.23634258,-0.25774673,0.23335919,0.38954923,0.56459498,-0.085521206,-0.30674094,0.22099978,-1.6129969,0.011092154,0.70603371,-0.035289355,0.22889683,0.87577975,1.3124478,-0.46321219,-1.1540538,-0.51406944,0.098828092,-2.194957,0.39086443,0.049009919,0.4407295,-0.88431644,-1.610031,0.26725349,-0.64330447,0.50854415,0.14207371,-0.061773404,0.58823413,0.006709255,0.35776421,0.50156105,0.00397818,-0.27607515,-0.46158025,-2.4542179,-0.89928114,-1.1422125,0.014253817,-1.1203319,0.19569348,-0.1785083,-0.47850913,0.11174023,2
0.55350715,0.31138879,0.28342053,0.53497332,0.53372037,0.55356264,0.53651905,0.52713633,0.53747916,0.54315382,0.53147876,0.52508938,0.52754074,0.50873476,0.53521252,0.52366769,0.51985246,0.55059946,0.5402503,0.5101096,0.52182007,0.53295511,0.51649636,0.51798403,0.52597976,0.51894951,0.53704846,0.52414346,0.52115923,0.52083325,0.51905489,0.51851714,0.50502306,0.51020753,0.51681703,0.50634414,0.50039864,0.51883644,0.49882495,0.50455964,-0.81523716,0.26938716,0.28379095,0.28974101,1.2136945,1.6189616,1.178702,0.58601868,0.70673263,1.511341,1.2955687,1.0695443,0.33093286,-0.20799138,-0.028509475,-0.28196293,0.54758739,0.29503787,0.33133134,0.24740632,-0.68851441,0.024346631,-0.48326024,0.22585508,-0.60051799,-0.10582533,-0.13008881,0.58534068,0.20805612,1.5048846,-0.1348142,0.22152804,-1.0390846,-0.28746971,0.10212095,0.79602647,-0.89416695,0.50879592,0.27402505,-0.85844034,-0.13496155,-1.1094055,-0.58588135,0.48155376,0.76918387,0.71064401,-0.062442444,-1.5629808,0.68272245,0.14070636,-0.9279092,0.43866912,0.024488486,-0.081223592,0.63275582,-0.074315146,0.54122651,-0.44041955,0.050129339,0.46707752,-0.49519774,-1.0118004,0.083726168,0.3423681,-0.24237487,0.23975179,-0.10794693,-0.18367581,-0.051366039,-0.33894372,0.51779234,0.94684684,-0.13858002,-0.24037632,-0.48831993,0.10334079,0.46310505,-0.86655456,0.32260993,-0.98931432,-0.36915779,-1.7133898,-0.95825404,0.05382023,-0.46757558,0.18950191,-0.51210237,0.13348508,-0.1668518,-0.18498391,-0.69267911,-0.3542915,0.18551169,-0.92717922,-0.098751791,-0.13026895,0.18958469,0.41995025,-0.51645112,-1.3922681,0.68318802,0.37613243,0.68612015,-0.11439686,0.48040837,0.30122763,0.024971593,-0.36287975,-0.19232884,0.49434382,-0.29620111,-0.14545926,0.31576377,-0.17678471,-0.71282804,-0.14986232,-0.55631441,-0.62280029,0.2573185,-0.23140725,-0.014692862,-0.5618484,0.59692144,0.5570507,0.030329585,0.18849802,-1.6429217,0.8656199,-0.1038134,-0.10725178,-0.10624722,-0.5494628,-0.034088291,-0.067580856,-0.59164,0.98216969,-0.64571267,0.14360273,0.41150036,-1.5010853,-0.072028339,0.41947725,-0.025036927,-0.59400856,-0.76837885,0.59606338,0.31350923,0.13626379,0.69171947,-0.57035869,-0.25592342,0.054192647,0.015142537,0.28877312,0.53862321,0.073332012,-0.15033346,-1.0733224,-1.4162508,-0.78762364,0.21080802,0.54313433,0.10184391,-0.46645761,-0.13233045,0.21658462,1.1843323,-0.099129662,0.042683393,-0.40232617,-0.23090538,1.1148658,0.044569664,0.22470172,1.2789302,-0.064596675,-2.3263726,-0.11948282,0.69677418,-0.027647553,-0.17425658,-0.72090656,0.19577557,-1.3989037,0.22463295,-1.1120687,0.37562653,0.023186374,-0.72286332,-0.006701496,0.31154945,0.42454696,-0.22187881,-0.18475765,-2.413132,0.32799628,-0.59699661,-0.055349663,-0.17842376,0.012470409,0.45307037,0.17779264,-0.25560966,0.691517,-1.3858184,-0.74358439,-0.24269837,0.48957089,-0.40708175,0.20411322,0.32795733,0.51035303,0.012733614,0.47210917,0.46622258,0.75743425,-0.81369227,-0.31066519,0.78960162,-0.14911072,0.24815439,-0.008517461,-0.22045395,-1.0500174,-0.47755897,-0.000892185,-0.39673585,0.50906289,1.1609079,0.35314107,-0.44106749,0.15869084,-0.34949866,0.47030103,0.61051798,-0.44922552,0.065858118,1.3869989,0.035862371,0.069222629,-1.0138726,-0.076772258,-1.785019,1.0028712,-1.3292849,-0.26358402,-0.056794323,-1.2987945,-0.01519113,0.09931162,0.23437783,0.4083752,0.48229676,0.43800393,-1.6412218,0.77020776,0.014570255,1.068244,-0.049919724,-0.95194989,-0.1505017,-0.71992278,0.53378165,0.31365728,-0.75603807,0.33637038,-1.6107188,-1.6221302,-1.3261669,-0.38491791,0.35986793,0.7234385,0.23374264,-0.81581682,0.61678541,-1.2423465,-0.29422855,0.30082855,-1.0044783,-0.050920673,0.007425576,0.505108,-0.092368826,0.51867265,0.05227197,0.46163768,0.03640341,0.59104061,-0.022759806,-0.10472996,-0.52722025,0.33430761,0.92332006,-0.45473409,0.612858,0.48981673,0.61797804,-0.65601134,0.74257171,0.57314336,-0.97773612,-0.52462298,0.072677471,0.17911078,0.29042512,0.82398152,-0.36989415,-0.44146788,-0.43731087,0.016378526,0.55627394,-0.20234574,0.078488022,-0.22801213,0.15938678,1.2541786,-0.97036755,0.10328601,0.26530918,-0.58460295,-0.027420305,-0.06594678,-1.3632686,-1.7585428,-0.24353993,0.50080073,0.080806941,-0.29127714,0.68984503,0.20532708,0.387808,0.20320471,-0.24492078,-0.41846111,0.15026294,0.023089312,-0.090235293,-0.510903,0.16929737,0.060943097,0.91176385,-1.5032328,-0.10701632,1.4818206,1.0610037,0.38500953,-1.1544368,-0.23573983,-0.33026543,-0.10540215,0.10271522,0.48012546,0.76915991,0.90839642,0.31843987,0.15829946,0.20190777,0.7300635,0.76945949,1.1343442,-0.680655,0.24981074,0.37170136,0.14932753,-0.38847533,-0.15230179,-1.534863,0.23889874,-0.005596746,-0.25321358,-0.17859396,0.48816103,0.11190636,-0.70957041,0.14209874,-0.24100837,0.14718862,-0.10497118,0.81384403,0.97669429,0.20048983,0.030339953,0.49932796,0.010820962,-0.025421761,-1.013345,0.30375853,-0.5476383,0.28292733,0.82221866,-0.71785951,-0.36207515,0.29315507,0.38171506,-0.49329591,-0.97166365,0.53275496,-0.43798754,-0.034755588,-1.33915,0.22829041,-0.098829985,-0.51939905,-0.38626453,0.95400393,0.46033788,-1.6552269,-1.0463675,-0.29558647,0.028135663,0.22322164,0.043665931,0.040255904,0.45805433,0.15722995,-0.19821963,0.23356403,0.35238498,0.41840154,-0.030374691,-0.14744689,0.20120741,-1.3643532,-0.022576176,0.44117373,-0.005012158,0.17236918,0.56144869,0.8796736,-0.37270856,-0.69373423,-0.34927538,-0.026306808,-1.7618407,0.22606,0.42705911,0.47943681,-0.62293148,-1.2228791,0.25131828,-0.56757832,-0.017737418,0.08780399,-0.077461474,0.42612344,0.10603413,0.30255884,0.50072837,0.010614542,-0.093786247,-0.43794644,-2.1297758,-0.74220109,-0.79002619,-0.043113954,-0.78960729,0.37890661,-0.1086358,-0.29812416,0.091683008,2
0.51524395,0.27734423,0.2456392,0.50786698,0.50722831,0.53009075,0.5070864,0.49869078,0.51524305,0.51117551,0.5071373,0.49924433,0.49721712,0.48117262,0.50770891,0.4807651,0.49762312,0.51738465,0.50092614,0.49317271,0.48783565,0.49614215,0.48814544,0.49173796,0.50184864,0.48944566,0.49591291,0.49149531,0.49824178,0.48754013,0.48300901,0.48346481,0.47812119,0.47672713,0.49728492,0.46519181,0.47496212,0.49129996,0.4655489,0.47747803,-0.70369339,0.23192625,0.229734,0.24627352,1.1975167,1.575666,1.1414653,0.55306876,0.66233194,1.4810083,1.2811704,1.0379703,0.24953821,-0.16251609,-0.18651286,-0.34870878,0.50668538,0.29107687,0.30606264,0.26385,-0.57277572,0.045599274,-0.51254374,0.26160285,-0.64582843,-0.072244428,-0.18064043,0.5014745,0.25674877,1.4375644,-0.15660858,0.19168541,-1.0269926,-0.20618095,0.04041101,0.79046738,-0.85306478,0.46017763,0.29388121,-0.80482066,-0.071223624,-0.96974272,-0.4754132,0.2561183,0.7473166,0.62467515,0.031360503,-1.4424129,0.5767231,0.11119562,-0.90637892,0.61003464,0.076861396,0.09552981,0.70145464,-0.049772996,0.34402001,-0.36923236,0.080324672,0.46792316,-0.56355006,-0.96848679,0.061446521,0.43756297,-0.25342113,0.18816546,-0.10662504,-0.12695459,-0.19779986,-0.27884641,0.4043383,0.74382031,-0.16462418,-0.40571851,-0.4880608,0.066354647,0.33144778,-0.85301882,0.36288998,-1.0634426,-0.3298834,-1.6021656,-0.8732751,-0.02810297,-0.54071581,0.28239065,-0.28994375,0.099308372,-0.037365414,-0.12405609,-0.63140792,-0.40515617,-0.18137988,-0.93675405,-0.070893355,-0.080132939,0.20573434,0.12697624,-0.45733285,-1.3284291,0.20560583,0.36214936,0.73688298,-0.13105363,0.45546609,0.26979604,0.047199409,-0.39005524,-0.19651654,0.21878941,-0.25802904,-0.14782567,0.31469697,-0.15632093,-0.63974065,-0.037636574,-0.50904417,-0.58627486,0.17841925,-0.25877857,0.026789434,-0.5541262,0.71878654,0.53253543,0.033240475,-0.21292984,-1.5206953,0.62917399,-0.07978496,-0.18025136,-0.097344942,-0.50996095,-0.012232423,-0.12224419,-0.55673409,0.87757057,-0.50246096,0.078702942,0.37702698,-1.6152617,-0.010217428,0.30847624,-0.11638249,-0.56692082,-0.83152688,0.52034646,0.17163143,0.45594412,0.65179956,-0.6768195,-0.24216166,0.088895902,-0.043628454,0.22564618,0.2241414,0.18339106,-0.05631059,-1.094051,-1.3620522,-0.70387888,0.22861537,0.66528857,0.14760008,-0.37051144,-0.22758234,0.12494217,1.1194028,-0.11894181,0.036616169,-0.36542454,-0.22657244,0.98399836,0.090905286,0.20527016,0.89727092,-0.053775854,-1.9543924,-0.10993341,0.49118689,0.054679953,-0.066812471,-0.69422877,0.15606891,-1.2972286,0.25923771,-1.0824072,0.50997812,0.050073996,-0.73660547,0.031217445,0.20410442,0.47594112,-0.14713402,-0.30185902,-2.3052504,0.3116155,-0.47634795,-0.074970931,-0.15986161,0.075638823,0.52252603,0.22241609,-0.21872026,0.56090701,-1.247144,-0.63113767,-0.1935381,0.35867473,-0.31628519,0.082988337,0.26924351,0.45022178,-0.020395812,0.52550662,0.41265801,0.79961383,-0.79597247,-0.2352547,0.46235675,0.015301645,0.20468719,-0.057861928,-0.23550478,-1.0588789,-0.48431766,0.054467432,-0.25407931,0.52496892,0.95542794,0.37238678,-0.42255992,0.16111811,-0.34712714,0.7240178,0.41530299,-0.36997029,0.097113967,1.4448429,0.11669575,0.10692425,-0.83655846,-0.19224174,-1.7864614,1.0468684,-1.2283711,-0.29588801,-0.092252225,-1.4009315,-0.073952153,0.13833819,-0.10561204,0.6290074,0.51896042,0.28585455,-1.5668033,0.71342653,-0.032718975,1.0054142,-0.11619544,-0.98061216,-0.11915755,-0.71185786,0.53510326,0.15529954,-0.82131433,0.25863126,-1.5643599,-1.6076062,-1.2027776,-0.29579434,0.33619195,0.35434872,0.21710359,-0.79557061,0.59507018,-1.1557614,-0.13290922,0.12521574,-1.0619011,0.037321523,0.042001948,0.45255882,0.026632681,0.30909002,0.035342194,0.38835201,0.090854853,0.7151708,-0.005170021,-0.11049945,-0.64904171,0.31789955,0.91916132,-0.54397684,0.45063171,0.49140459,0.5983637,-0.54841149,0.5700838,0.45360821,-0.93299073,-0.51231968,0.06676212,0.13853148,0.21953544,0.64874518,-0.32689762,-0.46129325,-0.44564399,-0.001896869,0.60954261,-0.16657409,-0.049914338,-0.27617759,0.14058775,0.99491882,-0.98737806,0.11140852,0.25693697,-0.51432705,-0.032779858,-0.11830345,-1.235269,-1.67816,-0.12717369,0.43050644,0.12906598,-0.30108497,0.77211964,0.13881771,0.46678296,0.20365788,-0.22642249,-0.49947926,0.21361621,0.058825113,-0.13937119,-0.69186372,0.17570922,0.11366381,1.1342958,-1.4487697,-0.013507316,1.378888,1.2920083,0.26453194,-1.065931,-0.28701615,-0.31559354,-0.14084119,0.089361042,0.397816,0.74287689,0.49626026,0.40762368,0.09630084,0.24149984,0.7167626,0.68697447,0.62177849,-0.72183639,0.27739027,0.20277767,0.12769309,-0.25434488,-0.18834226,-1.4534315,0.25310016,0.031240834,-0.29092175,-0.10239711,0.25733739,0.099051803,-0.69970018,0.26577717,-0.19439912,0.11078425,-0.13566114,0.38461021,0.86592877,0.22094123,0.037066951,0.52159941,0.26009601,-0.039037015,-0.94145739,0.2306695,-0.5197292,0.15901816,0.62375695,-0.69270045,-0.32380518,0.32902846,0.42915204,-0.5504933,-0.99748355,0.50054324,-0.51257145,-0.056745745,-1.2824262,0.26805744,-0.18339726,-0.41470996,-0.37929076,0.85073417,0.46381825,-1.7162281,-0.95210969,-0.30827427,0.050444309,0.26433262,-0.016115196,0.006274019,0.40742421,0.17982399,-0.0969036,0.19161698,0.32041982,0.40493804,-0.051698498,-0.24899292,0.16875237,-1.3009838,0.014070389,0.41560209,-0.011428745,0.17836359,0.63876867,0.72672641,-0.36500826,-0.68372542,-0.38002431,0.069734648,-1.6249958,0.27847606,0.35128325,0.35858071,-0.6203618,-1.1001128,0.25413144,-0.50220537,0.13618949,-0.007626347,-0.043708671,0.60880733,0.10943149,0.25320178,0.38260457,-0.010185984,-0.12076569,-0.34141859,-1.9315858,-0.62324518,-0.75932908,-0.01293893,-0.81961823,0.11017035,0.10788468,-0.2419191,0.043012988,2
0.59017241,0.3507387,0.31836554,0.56259745,0.55368733,0.58520257,0.55714822,0.54377079,0.55883121,0.55819845,0.55070174,0.55316085,0.54621214,0.53385013,0.56195879,0.54066789,0.545564,0.57738227,0.56121677,0.53414762,0.52788603,0.54886615,0.5356335,0.53459877,0.5459103,0.5420242,0.55409384,0.54631883,0.53609085,0.54637229,0.53785783,0.54154354,0.52824092,0.53339046,0.54671454,0.51515806,0.51895446,0.53871632,0.52053028,0.53441417,-0.93596506,0.30126855,0.57946002,0.56742233,1.4762456,1.7944359,1.5200025,0.893031,1.0322058,1.8218949,1.55827,1.3841814,0.33804125,-0.25029936,-0.13984782,-0.2422059,0.69065779,0.36836249,0.37472942,0.27752969,-0.51666987,0.044222921,-0.42955834,0.33913505,-0.95225227,-0.10961626,-0.22552302,0.70040017,0.54760349,1.6978208,-0.20729239,0.23306748,-1.2217489,-0.22963457,0.071127377,0.92440259,-1.1811097,0.55243593,0.23579009,-0.96390122,-0.021750741,-0.79815966,-0.60537124,0.47714666,0.94484031,0.77606875,-0.020481272,-1.6810776,0.73001933,0.16489634,-0.95375985,0.67001963,0.08216688,-0.046237186,0.65525007,-0.24016923,0.53143251,-0.5497455,0.065207027,0.5627768,-0.91463017,-1.1862173,0.098689467,0.54491717,-0.3874552,0.20298289,0.077656396,-0.18995112,-0.000602171,-0.38617596,0.52198732,1.2927365,-0.21164215,-0.48939961,-0.57463163,0.40768027,0.34262982,-1.0741369,0.38522521,-1.1039969,-0.42692867,-1.9258548,-1.1303965,-0.003574584,-0.30281988,0.32370988,-0.53106958,0.10562869,-0.1463342,-0.13621412,-0.79582977,-0.3297458,-0.067731991,-1.1842026,0.011073619,-0.20080563,0.10845442,0.37005788,-0.51827282,-1.785103,0.39949864,0.47977808,0.81959236,-0.20189549,0.6446811,0.44304949,0.09781114,-0.3529036,-0.2515164,0.41630664,-0.75841081,-0.3067866,0.36698434,-0.25649697,-0.8308363,-0.16199622,-0.62843388,-0.82829851,0.30489749,-0.26220658,0.000831699,-0.64180928,0.8695392,0.62329423,0.088731304,-0.1218245,-1.9987416,0.67705894,-0.078580409,-0.041263223,-0.093601979,-0.6557771,-0.039516691,-0.12640585,-0.60333711,0.99839079,-0.75621831,0.1676064,0.61965835,-1.9581869,-0.29967612,0.49736184,-0.025014911,-0.57317233,-1.0402652,0.62549126,0.51390755,0.44585213,0.92707336,-0.70112723,-0.27625385,0.069614664,-0.004943133,0.28126052,0.3323293,0.16278625,-0.124263,-1.2995483,-1.661062,-0.83216983,0.2328295,0.61014408,0.3506124,-0.52712023,-0.38208658,0.21720558,1.6219624,-0.17806643,0.051259562,-0.51362687,-0.3243686,1.2475929,0.16991678,0.27746311,1.2150359,0.003651165,-2.7036042,-0.11393554,0.75287735,-0.02289715,-0.018747408,-0.87776542,0.21331799,-1.6552616,0.26378465,-1.4952755,0.59077483,0.043053716,-0.81024712,-0.002584633,0.27317384,0.50412238,-0.22287367,-0.42425904,-2.9199286,0.39202824,-0.42992535,-0.12190126,-0.086267911,0.18797731,0.53643334,0.14924726,-0.23790987,0.79959476,-1.6596091,-0.87847513,-0.32788634,0.3767027,-0.49883354,0.31491405,0.34966975,0.58985519,0.11088891,0.58824396,0.39277998,0.83549351,-1.0999444,-0.34637725,0.61006218,-0.028396871,0.35685286,-0.16336808,-0.18584552,-1.1409606,-0.50653636,0.037414968,-0.36952275,0.66014081,1.338815,0.45384476,-0.47706872,0.13281083,-0.37809971,0.57397461,0.61013001,-0.36578009,0.10832946,1.8176749,0.13220789,0.10487869,-1.3442354,-0.08980494,-2.1604996,1.1687922,-1.39809,-0.4440304,-0.1826788,-1.7771208,-0.10662334,0.34855109,0.26201487,0.48918819,0.51720369,0.26856115,-2.0547905,0.99033874,0.056299299,1.166325,-0.026721016,-0.9910987,-0.1618427,-0.94110036,0.56107354,0.10039979,-0.96848452,0.27307275,-2.0298946,-2.024894,-1.5169606,-0.42609462,0.88779455,0.70550501,0.26653427,-1.0343796,0.71068048,-1.59992,-0.21762903,-0.12794507,-1.1939962,-0.037633091,0.007765769,0.56594056,-0.046483722,0.43803236,0.047656313,0.3903119,0.034742236,0.78234887,0.079107456,-0.12589586,-0.96209139,0.38390249,1.1884549,-0.5168398,0.62895072,0.58176368,0.76393849,-0.74409389,0.59720159,0.51058531,-1.1465325,-0.39869756,0.11884569,0.20463936,0.23797512,0.77816641,-0.40169045,-0.65691662,-0.57468724,-0.036806915,0.73279583,-0.27395666,0.17727208,-0.231572,0.20450614,1.3484154,-1.2197094,0.13933292,0.26534626,-0.7922889,0.00730031,-0.55924839,-1.6067588,-2.0890329,-0.29291835,0.59764242,0.23833264,-0.33674747,0.86304957,0.37236655,0.59547412,0.24775887,-0.38519758,-0.48994038,0.24695508,0.057748672,-0.15248567,-0.62719417,0.22092797,0.19555423,1.4165031,-1.8126202,-0.096146517,1.8785092,1.8233471,0.41287422,-1.212785,-0.16251288,-0.38524085,-0.005411312,0.10472526,0.49569279,0.915277,1.0137464,0.46744323,0.1444577,0.20248161,0.80320275,0.82060236,1.0640873,-0.78751385,0.42514443,0.4681285,0.26922119,-0.41474983,-0.21248525,-1.5901624,0.31734705,0.038831875,-0.43753004,-0.14075726,0.20621198,0.19360735,-0.59809941,0.28303245,-0.23096247,0.16406883,-0.27618477,0.66945124,1.1660677,0.26687658,-0.02084326,0.68134218,-0.014700264,-0.10241266,-1.2257038,0.35973296,-0.67949116,0.23939109,0.81644404,-1.0852354,-0.4834376,0.38394141,0.47396517,-0.60494971,-1.288893,0.72531283,-0.66251552,0.13347107,-1.5418881,0.35416299,-0.16344881,-0.41570967,-0.6332733,1.0963197,0.58847785,-2.0770364,-1.368243,-0.32668704,0.018239215,0.21956964,0.13352007,0.012990594,0.52353096,0.20678088,-0.24550447,0.39590392,0.39492938,0.46567702,-0.17730945,-0.19855067,0.23267764,-1.6040395,-0.031344436,0.34984729,-0.044298086,0.22280994,0.75629807,1.3297971,-0.47498351,-0.9341011,-0.34608197,-0.10231569,-2.0816815,0.35173914,0.434598,0.34486467,-0.80176294,-1.5247343,0.32364291,-0.66797018,0.84804809,0.091919005,-0.022706244,0.61117411,0.16405624,0.31627107,0.58014023,-0.003848104,-0.2031125,-0.43517479,-2.4394162,-0.8097775,-0.97391695,0.015616719,-0.9791714,0.39969862,-0.1118909,-0.25062209,0.065336615,2
0.52770698,0.27118599,0.25200883,0.49776405,0.49620652,0.51199222,0.49364877,0.47624123,0.49073029,0.50212109,0.48908049,0.4810124,0.49215484,0.46922809,0.50510359,0.47536743,0.48300043,0.53137136,0.51111615,0.47764146,0.48688996,0.48900139,0.48624402,0.46296489,0.50343633,0.48597205,0.49269399,0.48807511,0.49084023,0.48709154,0.47521019,0.49668506,0.47440207,0.47553006,0.49586371,0.45978385,0.45583928,0.4984954,0.46735519,0.46866763,-0.73038304,0.22754073,0.32101119,0.36633655,1.2714477,1.6609486,1.278023,0.64891982,0.77559435,1.5810956,1.3443675,1.1203763,0.21368326,-0.16434275,0.044567168,-0.19936478,0.48962289,0.24760111,0.39612201,0.19208367,-0.7066294,0.042035565,-0.25352865,0.46211907,-0.77742428,-0.18352619,-0.12039131,0.97037894,0.42822462,1.6729121,-0.25146741,0.18071933,-1.056934,-0.26118386,0.28122693,0.74537611,-0.99628818,0.43858111,0.15712497,-1.0216168,0.15083991,-0.52467835,-0.57248342,0.68150836,0.62044936,1.0221493,0.028150365,-1.6284496,1.2420406,0.15175061,-0.8535412,0.38410777,0.19244659,-0.025642853,0.67801893,-0.16729313,0.5336104,-0.48460424,0.040331356,0.43682155,-0.75623298,-1.1968377,0.095129564,0.67206597,-0.64856744,0.16927508,0.40771133,-0.10718439,0.083128631,-0.35239446,0.54856807,1.1490235,-0.34438401,-0.58911335,-0.45290357,0.49671268,0.7485826,-1.0314806,0.47409558,-0.9181416,-0.39263773,-1.8569697,-1.3823733,0.004710369,-0.11364028,0.26867178,-0.47289106,0.14169854,-0.1819438,-0.31895155,-0.97289872,-0.46833047,1.1194373,-1.1902386,-0.23134264,-0.14109686,-0.040611193,0.57444036,-0.44015512,-1.6443071,1.431684,0.33594695,0.96266806,-0.49279562,0.62995279,0.38856402,0.089825913,0.35138509,-0.12935948,0.35834318,-0.87398022,-0.18577003,0.23431137,-0.35314178,-0.63813084,-0.15462211,-0.74698579,-0.75962245,0.28422037,-0.44707596,0.012491355,-0.55816203,0.74261594,0.70512283,-0.22671598,0.1111239,-1.6931356,0.67675745,-0.14799425,-0.022549301,-0.0869212,-0.62577832,-0.093428321,-0.24039324,-0.52018237,1.0789561,-0.74448156,0.070619211,0.696468,-2.0705087,-0.35130322,0.38907695,0.12356479,-0.62678039,-1.0363557,0.48790073,0.58818328,0.53275931,1.302737,-0.72667158,-0.15256479,0.027688049,0.14448124,0.29027861,0.4837172,0.16066679,-0.035382129,-1.4052597,-1.6161939,-0.95214838,0.2390563,0.48934531,0.3593089,-0.46415174,-0.5722211,0.16147748,1.4148483,0.55196524,-0.018734423,-0.56601244,-0.36413282,1.2934947,0.066987656,0.20780195,2.5118186,-0.21024895,-2.959774,-0.041262604,1.1140687,0.063292146,-0.28375727,-0.75567508,0.094771251,-1.5301013,0.34502131,-1.3977395,0.27047831,-0.098361015,-0.81609046,-0.086822063,0.43033034,0.5718751,-0.21785942,0.082986414,-2.8067977,0.3621577,-0.34579709,-0.18607122,-0.3107087,0.47790694,0.41449741,0.24834521,-0.10789514,0.85410362,-1.9701879,-0.80341095,-0.4019188,0.44609261,-0.37101325,0.15397641,0.21747619,0.59262896,0.004398689,0.51164889,0.25248179,0.95950824,-1.0853151,-0.30113274,0.40999505,-0.26323515,0.38159335,-0.33049822,0.059503421,-1.1921651,-0.48895699,0.062397044,-0.10904412,0.76492864,1.473866,0.39128599,-0.32889923,0.13233575,-0.44890043,0.74291527,0.78238136,-0.3493064,0.078599595,1.4917797,0.20861557,0.095236495,-1.4991961,-0.088668711,-2.1343262,0.83559972,-1.3724587,-0.62153661,-0.063952714,-1.1813573,-0.33800575,0.38155913,0.70617044,0.45492992,0.64858425,0.78113532,-1.9614092,0.95390648,-0.046715613,1.1763953,0.1495524,-0.82006574,-0.14609639,-1.0466368,0.51355344,0.13792631,-0.96227556,0.65049112,-2.2619712,-1.9273731,-1.5731499,-0.42234805,1.1766847,0.87790561,0.20753159,-1.1502376,0.60262513,-1.6028821,-0.37622166,0.75591922,-1.1373032,0.008035498,-0.063167781,0.58532405,-0.49640226,0.58657998,0.10992941,0.77417266,0.052914001,0.35036731,-0.10976077,-0.065203473,-1.0513959,0.28084749,1.1620984,-0.40075991,0.6137659,0.62541556,0.31444383,-0.8523159,0.71779972,0.49021268,-0.93488711,-0.53297174,0.080733933,0.26137972,0.28310627,1.0875485,-0.33411348,-0.68346989,-0.35426778,-0.038299143,0.84669042,-0.33740094,0.31196287,-0.27124387,0.14566042,1.391858,-1.277465,0.1550843,0.21625149,-0.72867864,0.093436383,-0.10271698,-1.4764862,-2.0368438,-0.37033087,0.4602949,0.19877748,-0.40134746,0.57523096,0.30043983,0.86619705,0.15742755,-0.25329384,-0.52882838,0.12442811,0.14555204,-0.098228499,0.13898712,0.14593309,-0.017884329,1.4687039,-1.7920647,-0.1450465,1.8902777,1.9710246,0.41882899,-0.97310781,-0.15679225,-0.6014865,-0.026143059,0.1967594,0.37705588,0.97589421,0.97311282,0.36524689,0.33668405,0.21207425,0.67650181,0.68354106,1.453325,-0.73620743,0.55312759,0.61986369,-0.078501537,-0.32683143,-0.13649826,-1.4501848,0.17272656,0.032451972,-0.46431121,-0.064406089,0.83708692,0.35812956,-0.49128413,0.23232034,-0.285137,0.069730498,-0.36078808,0.87394845,1.2594854,0.20753811,-0.058924381,0.57073933,-0.026601285,-0.12835981,-1.1761079,0.37601268,-0.71442831,0.30147809,0.59693414,-0.81527567,-0.39011741,0.18894738,0.44165349,-0.73905194,-1.33007,0.72724974,-0.74402285,0.20635647,-1.5843544,0.37480435,-0.277293,-0.86034584,-0.58039975,1.2324486,0.57561922,-1.8567953,-1.5351115,-0.36223885,0.015034147,0.34655836,0.10997963,0.008833044,0.42580083,0.10429647,-0.30442309,0.40118992,0.34068787,0.48806882,-0.038608648,-0.43998128,0.27466655,-1.6206454,0.12536076,0.49842581,0.13830772,0.13489689,0.86049241,1.9563096,-0.39278308,-1.0284219,-0.35123393,0.6505084,-1.818017,0.36926574,0.20722596,0.18156001,-0.79241043,-1.3682985,0.28424996,-0.62505478,1.0521516,0.19791797,-0.033545248,0.45261696,0.14128493,0.23005076,0.5192706,-0.034604356,-0.092039913,-0.54693466,-2.1816027,-0.74102181,-0.91391385,-0.12118764,-1.1008569,0.19734743,0.43264338,-0.38656661,-0.017320599,2
0.50199199,0.27247199,0.23933277,0.47747469,0.46724844,0.50169957,0.47321457,0.46171114,0.48041934,0.47630325,0.48714074,0.46921718,0.46912044,0.4512274,0.4776108,0.466277,0.46819791,0.49646175,0.48150295,0.45836261,0.45154449,0.46875453,0.45891452,0.46147031,0.46873501,0.4576236,0.46000683,0.45850933,0.47042152,0.46709558,0.45129621,0.45290422,0.44551548,0.44896948,0.45302665,0.43510678,0.44372606,0.45285848,0.43315959,0.44082493,-0.88927811,0.23551571,0.34173667,0.35197821,1.3010848,1.6867757,1.2899474,0.67131007,0.80360353,1.6031578,1.3819358,1.1536238,0.34627011,-0.2196003,-0.25621814,-0.27659807,0.56466597,0.25345588,0.29795781,0.25229958,-0.39783272,0.056845237,-0.52333319,0.23924637,-0.83754689,-0.21334647,-0.026064783,0.50791192,0.39927202,1.410937,-0.15515304,0.22989683,-1.0889062,-0.26828262,0.17335138,0.79053706,-1.0606391,0.54304481,0.18522373,-0.93721986,-0.13358818,-1.165648,-0.53495169,0.8930527,0.79004323,0.76765221,-0.077575482,-1.6120775,0.62812811,0.083833255,-0.92935896,0.47126341,0.030445045,0.044503726,0.62115812,-0.078989908,0.58436811,-0.38703087,0.076240599,0.47064212,-0.66971433,-1.1682379,0.057289883,0.4332256,-0.246259,0.24855393,0.10809753,-0.12700358,-0.077600241,-0.3507821,0.55214214,1.10646,-0.18900061,-0.27305913,-0.37839583,0.16318975,0.47403967,-0.93614858,0.31527501,-0.88129765,-0.38132501,-1.800926,-0.84973764,0.039526146,-0.51895475,0.2846829,-0.4144612,-0.027461886,-0.10351353,-0.058897175,-0.58276093,-0.38339904,0.23602137,-1.0079296,0.0716068,-0.10782696,0.14277133,0.2340561,-0.5050782,-1.4398799,0.30168015,0.44576117,0.80139029,-0.12299689,0.56823188,0.28100142,0.081803352,0.068880081,-0.3213492,0.38856497,-0.44616768,-0.18241073,0.37302718,-0.18073519,-0.78873765,-0.10239208,-0.52701879,-0.58592921,0.24973336,-0.17615461,0.014782213,-0.48803788,0.76311147,0.60723644,0.13025159,-0.053545471,-1.8296739,0.67781776,-0.17461222,-0.11113811,-0.11485018,-0.49622887,0.037195697,-0.058766775,-0.56799752,0.91480583,-0.42181718,0.23856688,0.40294719,-1.4252177,-0.17922747,0.35350198,-0.009806141,-0.61703753,-0.7561363,0.67285788,0.038334548,0.32713419,0.86380351,-0.66504002,-0.26873544,0.033334106,0.012262581,0.23977034,0.26539487,0.10525503,-0.007169321,-1.1269304,-1.4970756,-0.87413323,0.25161535,0.61466098,0.15665561,-0.38758844,-0.53725469,0.17709893,1.4811078,-0.11511385,0.045375071,-0.39339754,-0.17764403,1.0146955,0.12026227,0.21723936,1.3096282,-0.059555933,-2.4861038,-0.19908434,0.78505588,-0.003522203,-0.2129558,-0.61585057,0.041223601,-1.4044493,0.23604944,-1.2886556,0.17731756,0.18198061,-0.76179594,0.054078478,0.37010902,0.47174433,-0.26849735,0.14219595,-2.4829712,0.18175884,-0.43102455,-0.094885699,-0.14133315,0.16956683,0.36948603,0.1438283,-0.32086259,0.5599001,-1.4331123,-0.7960549,-0.28816098,0.29868278,-0.49265844,0.18763176,0.28938207,0.57486004,0.080867171,0.57081485,0.44973531,0.77378333,-0.87541217,-0.2945905,0.49727607,-0.15447341,0.27991363,-0.063933492,-0.24561848,-1.1292388,-0.514153,0.040250562,-0.57719731,0.59674418,1.1974087,0.41150525,-0.49372005,0.18001799,-0.41720748,0.39393827,0.49792489,-0.44285172,0.093039796,1.7643218,0.069183037,0.086237676,-0.7853713,-0.017751038,-1.8644866,0.96681231,-1.3005099,-0.26714009,-0.27624026,-1.3223944,-0.19753811,0.2263038,0.13173157,1.0754132,0.4165813,0.24447134,-1.7407289,0.76197338,0.088947311,0.92742014,-0.052782536,-1.0148621,-0.15247762,-0.78489536,0.50120693,0.00696978,-0.99091977,0.31877536,-1.6277077,-1.7070431,-1.4213083,-0.36233622,0.41537493,1.1578839,0.2077852,-0.71933323,0.64009887,-1.2607424,-0.30289447,0.27639708,-1.0837861,0.082628459,0.040110305,0.35430104,0.16109791,0.54156351,0.14644928,0.53171504,0.12067769,0.5122624,-0.031575549,-0.0571777,-0.60356092,0.30939582,1.1082826,-0.41281223,0.71493077,0.52955228,0.71999818,-0.70964813,0.13145781,0.44133207,-0.99369049,-0.54820997,0.090732917,0.10281804,0.29530403,0.80067986,-0.331341,-0.53163272,-0.52613831,-0.015616259,0.31273454,-0.19210261,0.12638944,-0.22378218,0.17750236,1.1385972,-0.90326303,0.13486035,0.2683343,-0.67008746,-0.018798659,-0.21620902,-1.3190913,-1.7376077,-0.27355543,0.52012104,0.12552768,-0.26311091,0.66156292,0.20845263,0.73566937,0.23179686,-0.079788521,-0.32619488,0.22117083,0.084547207,-0.099883422,-0.30973393,0.21035373,0.16550747,1.3190497,-1.6867849,-0.16372341,1.4549631,1.5766745,0.4232606,-1.0301162,-0.21375343,-0.32936037,-0.062500104,0.024147309,0.54111993,0.78930551,0.81495011,0.53895837,0.13254999,0.23075372,0.84676534,0.80793333,1.09659,-0.67048246,0.33238706,0.58628422,0.25167,-0.39476433,-0.21412723,-1.5429418,0.26225406,0.010246633,-0.36215341,-0.087139323,0.4048515,-0.077515945,-0.86913902,0.12675288,-0.27750945,0.27728623,-0.024655052,0.61081213,0.94293374,0.27120495,0.010442948,0.61394095,-0.014502093,0.085194051,-1.0886649,0.24493755,-0.63973892,0.10557572,0.65886587,-0.84039772,-0.30607358,0.34884694,0.43963051,-0.58257836,-1.0809244,0.54914296,-0.69620168,0.091707565,-1.4314148,0.35302749,-0.20200886,-0.55669546,-0.44088694,0.83610684,0.56403929,-1.7535782,-1.2530849,-0.24724147,0.032130759,0.24799472,0.023537666,0.071442261,0.41561085,0.15420425,-0.23328961,0.32383138,0.40634006,0.34703156,-0.10095675,-0.08675541,0.18708874,-1.5676615,-0.024985606,0.41266921,-0.039138161,0.16624577,0.62248975,1.1126597,-0.35392809,-0.7396372,-0.33922562,-0.060884535,-1.7891569,0.32376248,0.4926202,0.39339164,-0.73808372,-1.1799288,0.231032,-0.61467409,0.077598825,0.14275217,-0.12595649,0.45652524,0.11342061,0.25639656,0.45433864,0.055444613,-0.16184227,-0.34641761,-2.1883759,-0.69600797,-0.80061042,0.046883125,-0.72159839,0.2465741,-0.097450189,-0.24787115,0.075106561,2
0.57518101,0.33465061,0.30437109,0.55203986,0.54378587,0.56437033,0.54907238,0.53249991,0.55161077,0.54690063,0.54062408,0.54127258,0.54032171,0.52294827,0.55287373,0.53358096,0.53888869,0.56176066,0.54590881,0.52105117,0.51343799,0.52734637,0.5279327,0.5260148,0.52845967,0.52044624,0.5385077,0.53093004,0.53131568,0.53114462,0.52704054,0.52386796,0.51718497,0.52079833,0.52731419,0.50789022,0.50502306,0.52131552,0.50692552,0.51825452,-0.84140921,0.29973149,0.3574717,0.34615022,1.2546555,1.6845748,1.3037721,0.6604386,0.79385716,1.5805643,1.3563191,1.1295439,0.3461847,-0.20167297,-0.24788612,-0.2984854,0.64329082,0.31075186,0.34295645,0.27076671,-0.46967217,0.10925805,-0.47272131,0.3828609,-0.8303805,-0.15904486,-0.19113843,0.67916757,0.39330205,1.609257,-0.16096008,0.24069467,-1.1307003,-0.29049945,0.18564892,0.84456313,-1.0540291,0.56096679,0.24411255,-0.94624138,-0.063240781,-1.1293414,-0.51780128,0.70541048,0.82806224,0.75236297,-0.02455844,-1.6812553,0.66098225,0.11900077,-0.92950773,0.45351303,0.052226171,0.055859201,0.67245477,-0.20886251,0.53766596,-0.42083278,0.1874305,0.50347054,-0.77882284,-1.1481372,0.12129226,0.41685635,-0.29864955,0.10159741,0.070498101,-0.16492555,-0.026874565,-0.33190408,0.60982883,1.2246518,-0.21011619,-0.42104095,-0.56156427,0.12955514,0.41796559,-0.98443723,0.297694,-1.0108888,-0.40609699,-1.8004974,-0.99868131,0.043169402,-0.44644317,0.38887349,-0.52295667,0.14484917,-0.1349076,-0.1320401,-0.62312889,-0.56560671,0.085385248,-1.0772947,-0.11491538,-0.094992578,0.21897838,0.3049171,-0.52198768,-1.4880658,0.37928182,0.42665988,0.82810569,-0.16465944,0.65305018,0.34375465,0.058916561,-0.37167561,-0.26942515,0.23184031,-0.62143248,-0.21471223,0.38117412,-0.22865365,-0.74915349,-0.11917945,-0.52376169,-0.71305215,0.24497095,-0.28230977,0.008291243,-0.64875579,0.72550321,0.61280459,-0.017971747,-0.14893118,-1.7876282,0.7902261,-0.068463571,-0.1456328,-0.10330243,-0.52284515,-0.024245176,-0.173558,-0.58894044,0.95742804,-0.77543926,0.13096637,0.4426069,-1.6352241,-0.24856791,0.39044586,-0.025383729,-0.66152281,-0.81494057,0.63489521,0.24523942,0.40674457,0.8057934,-0.64924854,-0.31709385,0.026111983,0.075052902,0.25967681,0.31593335,0.18532184,0.045739934,-1.2020601,-1.4620805,-0.85255313,0.20092224,0.679524,0.17795616,-0.44598448,-0.43306962,0.19402805,1.4654931,-0.23119441,0.014641599,-0.5147872,-0.19978258,1.2388833,0.098708667,0.22734734,1.867269,0.007144816,-2.5771189,-0.17838959,0.67123723,0.000460519,-0.0551458,-0.71090019,0.074414618,-1.3783625,0.26730907,-1.3526868,0.12680113,0.10075465,-0.8540327,0.047483787,0.12279616,0.40397727,-0.28005823,-0.50444144,-2.5572217,0.3463228,-0.48084089,-0.11126673,-0.00738506,0.17082222,0.44039333,0.17480031,-0.29836813,0.68051994,-1.3932426,-0.60211539,-0.15875338,0.35311976,-0.45062524,0.21177728,0.12099646,0.61603564,0.067047045,0.56127679,0.50813264,0.7861374,-0.96766639,-0.32677433,0.44932997,-0.090366334,0.29778385,0.055165291,-0.25800389,-1.1812588,-0.51275808,0.036301054,-0.40241724,0.62880993,1.1525996,0.37821668,-0.47185358,0.11130249,-0.41927132,0.52251852,0.54496121,-0.44927511,0.10785244,1.6603469,0.14359593,0.15351267,-0.81214547,-0.16946076,-2.019918,1.0627359,-1.3423989,-0.1579075,-0.29677752,-1.5274621,-0.16370326,0.14621112,0.087899119,0.76631981,0.42258275,0.4689019,-1.8353593,0.89293915,-0.041679155,1.1693317,-0.019857328,-0.98611802,-0.11829018,-0.8329801,0.58110625,0.16951537,-0.85208267,0.31365785,-1.7496946,-1.8749766,-1.4637043,-0.35577112,0.54612213,0.50447917,0.22029369,-0.80801082,0.70053083,-1.3376287,-0.35011852,0.32658294,-1.131616,0.056407902,-0.10689726,0.38742539,0.056223955,0.4313668,0.10150154,0.50829291,0.01238046,0.61210978,0.006939329,-0.10571656,-0.65142816,0.37695885,1.1766685,-0.56425744,0.79391247,0.66164488,0.76969886,-0.78132796,0.61066622,0.62822938,-1.0765918,-0.49689674,0.078023218,0.079047263,0.26462066,0.76068866,-0.40708438,-0.52488536,-0.50278866,0.053491585,0.69111127,-0.2039312,0.1068622,-0.29773608,0.19045566,1.2475127,-0.91235816,0.34815884,0.33716196,-0.77373403,-0.076816484,-0.23966122,-1.4382728,-1.8072371,-0.28429145,0.53622591,0.14111666,-0.39249203,0.76169252,0.23638791,0.55477393,0.25353104,-0.22822464,-0.43863112,0.18738095,0.089045383,-0.11716104,-0.73696607,0.20601578,0.20619698,1.2782325,-1.7253406,-0.11958148,1.6621053,1.6947175,0.44895542,-1.2063683,-0.20636454,-0.18235573,-0.066003703,0.12277518,0.54138851,0.81311458,0.95868379,0.46822175,0.15982848,0.25260064,0.76799393,0.804039,1.0045389,-0.72819149,0.42289826,0.3481774,0.13880305,-0.34144974,-0.20098279,-1.4381715,0.26259881,0.027927283,-0.43685502,-0.27123785,0.32244074,0.084649228,-0.72597784,0.1846651,-0.29226917,-0.049605593,-0.083620362,0.64142191,1.0059164,0.24286239,0.029148804,0.62335825,-0.19117439,0.15856302,-1.1157502,0.30681974,-0.64002347,0.27785668,0.78728288,-0.86684895,-0.37317839,0.44065517,0.59407598,-0.54805666,-1.0715662,0.56750548,-0.59706199,0.12890458,-1.4379486,0.29051012,-0.24316996,-0.51203883,-0.5199616,0.9807086,0.65158975,-1.8989993,-1.1391993,-0.31483704,0.12953019,0.24196005,0.019660354,0.061632931,0.40947556,0.18896958,-0.22555731,0.34605929,0.44073242,0.33447707,-0.13704465,-0.15556528,0.22876567,-1.5738834,0.018220527,0.42616853,0.041386612,0.14562447,0.7347123,1.0626423,-0.37249953,-0.83592135,-0.35493103,-0.008969516,-1.9315023,0.28722629,0.38988692,0.33218801,-0.76480931,-1.2324538,0.18906473,-0.55422181,0.16978374,0.082931519,-0.081106059,0.35483876,0.15242654,0.29517707,0.45556593,0.016140264,-0.22668266,-0.43066147,-2.2041411,-0.76140809,-0.81137341,-0.14243673,-0.69080651,0.27844894,-0.21844283,-0.26801357,0.058310457,2
0.56288409,0.31960261,0.2875329,0.54261863,0.53009295,0.55939585,0.53602928,0.51890326,0.53158557,0.53180802,0.52167773,0.53309953,0.51952851,0.50472581,0.53670746,0.51895654,0.52321202,0.54993904,0.53172314,0.48614764,0.49888906,0.52225214,0.5152458,0.50905788,0.52285904,0.51030612,0.53003359,0.52083105,0.51444107,0.51609886,0.52571726,0.50811422,0.50355953,0.49475712,0.51746804,0.49289876,0.4776687,0.49825951,0.49046934,0.5060187,-0.96551055,0.28049281,0.45911503,0.43612224,1.3797833,1.7881786,1.398043,0.76288533,0.90173781,1.685095,1.463124,1.2531743,0.40979713,-0.24425697,-0.44478843,-0.29622048,0.83257812,0.43118179,0.37440568,0.34306669,-0.81336057,0.012851456,-0.64565581,0.44460157,-0.99072599,-0.20886809,-0.097957075,0.51931292,0.39555538,1.2462481,-0.19846821,0.27584845,-1.2354217,-0.34571558,0.059080049,1.1605235,-1.2657671,0.61098641,0.019354835,-0.93936151,-0.069339409,-0.98211235,-0.67229205,0.21862772,1.1562276,0.78755951,-0.061518203,-1.6741797,0.46845838,0.13214411,-0.99196815,0.59150368,0.034209173,0.022227842,0.5527941,-0.13174763,0.52430451,-0.28179964,0.019101869,0.65530908,-0.90541494,-1.0457721,0.096003875,0.46924883,-0.3886252,0.22696166,0.27464887,-0.13876869,0.021842688,-0.37684256,0.64206874,0.98776579,-0.21982683,-0.33010003,-0.37226117,-0.15947187,0.24823616,-0.83282256,0.25802672,-0.97920716,-0.38267142,-1.7812264,-0.78874642,0.005424585,-0.37107292,0.40540045,-0.46520996,0.12360648,-0.085372023,0.089303911,-0.73412889,-0.64365983,-0.080390036,-1.1221036,-0.081381142,-0.049267244,0.064628534,0.56552202,-0.37338623,-1.3790994,0.41317999,0.48081416,0.72507071,-0.27629799,0.78570586,0.42499554,0.12234922,-0.37860501,-0.33968484,0.31104481,-0.87305295,-0.32806253,0.49896714,-0.097829446,-0.79993689,0.001677563,-0.45728961,-0.51163965,0.1756323,-0.15772402,0.014940047,-0.95315552,0.7492469,0.73535681,0.22890316,-0.030988513,-1.703072,0.081419557,-0.01613926,-0.18042579,-0.17984021,-0.64434457,0.080760904,-0.11478353,-0.70140421,0.80366814,-0.70026946,0.13648614,0.40887311,-1.3952067,-0.18351912,0.40092576,0.042216524,-0.42572325,-0.76017058,0.61677957,0.34361219,0.5196293,1.0368423,-0.75856727,-0.35190299,0.082014963,0.1020482,0.27300036,0.51901144,0.20713654,-0.18662563,-1.1848619,-1.5284767,-0.80342543,0.22040616,0.36111626,0.38063967,-0.41118774,-0.47035062,0.23216391,1.1738358,-0.028264821,0.036953684,-0.33905399,-0.15292385,0.91285342,0.14897503,0.29929948,0.39361,-0.11368939,-2.0270934,-0.1805255,0.59718049,-0.015484383,-0.11280578,-0.48825929,0.003650829,-1.2945167,0.18929522,-1.2471205,-0.060370684,0.25486472,-0.89308327,0.091060638,0.099209026,0.19379842,-0.20987248,0.008572131,-2.4300699,0.14259925,-0.6799171,-0.015344989,-0.068972968,0.020751916,0.36674258,0.087877095,-0.37629688,0.40913171,-1.2416821,-0.75741756,-0.27166778,0.34205765,-0.49055254,0.21291059,0.23009272,0.61278713,0.057488419,0.59791577,0.39353067,0.84654367,-0.97964859,-0.31405634,0.42316216,0.013903946,0.28845188,0.012080846,-0.27641478,-1.154042,-0.48463166,0.051114999,-0.57191509,0.62765956,0.98329347,0.43816018,-0.62415439,0.15725553,-0.45138299,0.73821795,0.388253,-0.37310272,0.15046284,1.568729,0.097989373,0.21843152,-0.95418423,-0.17012164,-1.8323011,0.84411633,-0.9459002,-0.2046165,-0.24076264,-1.6324207,-0.37404236,0.18566266,0.20601916,0.6990391,0.47249785,0.087827951,-1.7671379,0.70159066,0.090667166,0.77261835,0.082568832,-1.134346,-0.15188944,-0.86088008,0.49522442,0.29097229,-1.0105889,0.15459032,-1.5671399,-1.7174695,-1.3487344,-0.45230252,0.73037416,0.12399605,0.23553757,-0.54454273,0.77323127,-1.2447972,-0.22642931,0.41370815,-1.0060248,-0.18506569,0.013770926,0.20654905,0.12118611,0.49981326,0.19881526,0.35260561,0.11783164,0.2164169,0.18059762,-0.023130566,-0.77516866,0.47881258,1.2386415,-0.39900935,0.51446337,0.56885576,0.57335371,-0.69339037,0.57148933,0.18422303,-0.7618854,-0.51775163,0.10861143,-0.10723908,0.084940292,0.83896983,-0.39137,-0.61962414,-0.52217507,0.10592698,0.62998784,-0.12552111,0.3376992,-0.18697345,0.24608766,1.0793723,-0.94343621,0.17128259,0.30548382,-0.62930399,0.032056756,-0.49787837,-1.2018987,-1.7332803,-0.50781393,0.6567722,0.17082053,-0.25912744,0.71748781,0.25019854,0.59862953,0.30280846,-0.27826917,-0.24167967,0.25873411,0.12030172,-0.04396278,-0.64263761,0.24357952,0.26185471,1.2835581,-1.64184,-0.081246093,1.3836648,1.6997211,0.26408887,-1.2059181,-0.1328762,-0.063379139,-0.076922596,-0.01681659,0.25376907,0.51870626,0.48250058,0.44626313,0.085028514,0.19896263,0.68045348,0.7940554,0.77906668,-0.65691805,0.52379769,0.30315396,0.31525251,-0.35225895,-0.13207442,-1.6319894,0.35545808,0.07850942,-0.43182042,-0.29064181,0.27697971,0.028834015,-0.62411386,0.15518293,-0.32539847,-0.32060173,0.055290259,0.48165292,0.89603329,0.29608494,-0.007167369,0.59928107,-0.081778862,0.1307947,-1.1163369,0.24100554,-0.80695236,-0.098958798,0.42961982,-0.86538273,-0.2453227,0.41675496,0.51126468,-0.356484,-1.0962288,0.59679341,-0.62699252,0.35650057,-1.4661652,0.35592103,-0.44474959,-0.69352204,-0.51658863,1.0372149,0.67428696,-1.7249292,-1.1300408,-0.31789395,0.054288916,0.20607653,-0.072216868,0.097760007,0.24202083,0.25676268,-0.25840771,0.56713557,0.36784583,0.35699189,-0.031373359,-0.5563699,0.26547238,-1.5086987,0.002773183,0.12806636,-0.071372792,0.2333509,0.8487981,1.0506055,-0.33057815,-0.91422093,-0.27968284,0.008548521,-1.7888024,0.4515723,0.56051546,0.39452815,-0.70466685,-1.085245,0.18258187,-0.61989379,0.55814517,0.028174408,-0.048999608,0.05820328,0.19144601,0.23647162,0.35526466,0.10712095,0.043614522,-0.27910981,-2.2011297,-0.58914512,-0.60948676,0.12852907,-0.67252815,0.29196146,-0.086174585,-0.24587807,0.078223601,2
0.6151185,0.36822128,0.33529454,0.58193952,0.58178449,0.60726231,0.59258705,0.5689255,0.58833933,0.59902424,0.58652151,0.57654035,0.57483959,0.55777097,0.58450514,0.56683517,0.58174002,0.59954566,0.59375888,0.56994975,0.59109056,0.57319766,0.57620627,0.56130445,0.58541119,0.5635857,0.58605874,0.57317561,0.57771075,0.58159637,0.56929374,0.57582331,0.55376971,0.55845845,0.57910621,0.54486907,0.55062282,0.57191229,0.56235158,0.56022227,-0.92428279,0.31544593,0.42570657,0.37384021,1.3026571,1.7320306,1.3454905,0.71445715,0.85390657,1.6455767,1.3994095,1.2003729,0.36948389,-0.22092348,-0.058558419,-0.25299016,0.70578736,0.3349995,0.39529359,0.29593655,-0.75034547,0.064258628,-0.40150326,0.53114212,-0.54386187,-0.20932549,-0.14517492,0.67742318,0.34371078,1.6279969,-0.23999238,0.32168746,-1.1802074,-0.25302064,0.13514334,1.0235937,-0.98708147,0.59481889,0.19530353,-0.96433973,-0.05508488,-1.0105919,-0.60406876,0.67109084,1.0051669,0.83257079,-0.079571001,-1.62186,0.83393645,0.13051505,-0.95734298,0.40391791,0.039551698,0.11018527,0.74577284,-0.14591953,0.50993049,-0.47156101,0.065238848,0.60687667,-0.8087492,-1.086319,0.080816664,0.40620112,-0.31971982,0.4522211,-0.13344748,-0.21724497,0.034977138,-0.33962825,0.64898688,1.0388541,-0.21942766,-0.54180574,-0.51912832,-0.033311516,0.62443465,-0.97008193,0.28956115,-0.95847261,-0.43114662,-1.7937763,-1.0517052,-0.006464146,-0.38864362,0.33244017,-0.54431593,0.017596416,-0.156205,-0.23699585,-0.77426559,-0.64511013,0.25420114,-1.0407478,-0.17737454,-0.1234896,0.083374359,0.53365791,-0.52812779,-1.63315,0.80841833,0.43523845,0.79921281,-0.2339209,0.6924969,0.48217592,0.10904928,0.002046853,-0.13773707,0.33726346,-0.83902383,-0.10134533,0.38941279,-0.23787411,-0.80478787,-0.11486708,-0.62057841,-0.70970631,0.35169449,-0.14282641,0.006387168,-0.65183997,0.76210517,0.74219269,0.12578815,-0.051962256,-1.8161615,0.7919215,-0.012104578,-0.21918122,-0.12229374,-0.5806939,0.003119144,-0.20537841,-0.66053069,1.0314732,-0.72468269,0.14115402,0.52974087,-1.7033718,-0.19114265,0.34318009,-0.009116933,-0.54572809,-0.96901935,0.48396873,0.33692503,0.17171253,0.71300936,-0.65922326,-0.31882083,0.050156187,0.082218908,0.27155384,0.57538337,0.14942819,-0.044133149,-1.2224948,-1.6012124,-0.76227272,0.12782952,0.63699704,0.31329829,-0.43880942,-0.36271954,0.18531656,1.1049562,-0.19485882,0.006272191,-0.52442324,-0.26431209,1.1731479,0.068085268,0.26976788,1.4711838,-0.11031147,-2.3767228,-0.058373701,0.87521416,-0.057986364,-0.067843325,-0.74717593,0.055116028,-1.5100236,0.2689023,-1.3362648,0.00203228,0.08458931,-0.85376149,0.039221197,0.41277561,0.45594153,-0.35469744,-0.10824847,-2.6392267,0.32870433,-0.53715539,-0.25306728,-0.077709541,0.17658597,0.34756193,0.36030632,-0.16518006,0.72126102,-1.5435597,-0.89706248,-0.35689116,0.82971251,-0.52562827,0.15908042,0.14426351,0.53257734,-0.001092894,0.56630009,0.35386556,0.81941426,-1.0272076,-0.36186635,1.0766016,-0.073173791,0.25440279,0.090335622,-0.25249356,-1.1851577,-0.48746678,-0.004885346,-0.3635394,0.66809452,1.3449577,0.44182271,-0.39394915,0.19349945,-0.38857168,0.65089816,0.65336293,-0.46565387,0.1129227,1.6429877,0.25460854,0.13218185,-1.0682846,-0.14565143,-2.0463927,0.94297862,-1.354434,-0.3207798,-0.27536762,-1.5442333,-0.1773143,0.13512766,0.1998345,0.56345767,0.57192278,0.36721307,-1.8618083,0.8209939,0.41160902,1.2358236,0.089561209,-1.0391693,-0.14430237,-0.89067167,0.51450855,-0.071345687,-0.81652105,0.41321248,-1.8329756,-1.8191043,-1.4818997,-0.39702976,0.62609017,0.72405326,0.26352903,-0.89149487,0.7557472,-1.4251969,-0.35455936,0.49431574,-1.2022362,-0.094603725,-0.030773723,0.44788671,-0.021493338,0.51893473,0.068416283,0.56485337,0.076838881,0.34541389,0.014617439,-0.14759322,-0.80967438,0.39593539,1.2073414,-0.58100027,0.59181857,0.69894528,0.57291865,-0.82264143,0.86614686,0.57231069,-1.0756103,-0.54115123,0.10583337,0.11828734,0.22169833,0.98429787,-0.43463975,-0.49114826,-0.46188712,0.014532898,0.72213423,-0.20328102,0.17320329,-0.29145283,0.20231362,1.5545386,-1.046458,0.11705398,0.48138565,-0.73772812,0.018144898,0.01628831,-1.4874961,-1.9610221,-0.42804387,0.57232463,0.15427363,-0.33545557,0.78482115,0.29863989,0.64142495,0.27385423,-0.19668439,-0.46325532,0.15484181,0.12147143,-0.10617314,-0.27952495,0.21399818,0.16877928,1.2201966,-1.7101077,-0.027752696,1.66765,1.6163439,0.64878517,-1.1772794,-0.26392776,-0.28101325,-0.13168299,0.16663019,0.42137855,0.80526787,0.73075241,0.31068069,0.22245672,0.21793014,1.2098988,0.7306577,1.2187225,-0.83856291,0.52553374,0.37921023,0.23217314,-0.34628344,-0.14043817,-1.5665214,0.31073883,0.06281206,-0.5836463,-0.20374444,0.54971606,0.23043658,-0.67583889,0.15219665,-0.27173567,0.23789479,-0.074182406,0.93445098,1.1642088,0.30933678,-0.057041701,0.59212899,-0.36040136,0.11923949,-1.1529663,0.30590737,-0.63534665,0.2913788,0.78776085,-0.74597245,-0.41539031,0.39011756,0.56424683,-0.57338405,-1.0372895,0.64596432,-0.53174627,0.074801296,-1.4870975,0.28215879,-0.36189619,-0.56922305,-0.48882666,1.2280985,0.60262537,-1.8447422,-1.2948651,-0.33783728,0.052166991,0.28740266,-0.016464947,-0.022896914,0.51526427,0.2090074,-0.27991664,0.36344701,0.37442103,0.40530628,-0.014522269,-0.31393605,0.24079055,-1.485727,0.012481795,0.39887741,0.032784496,0.15755066,0.72857398,1.3488252,-0.43484199,-0.77017015,-0.27314916,0.18084796,-1.9191982,0.29708615,0.32116419,0.24703531,-0.82666934,-1.3317622,0.30994618,-0.57351327,0.45565349,0.12922576,-0.009333022,0.22403714,0.14300582,0.26021725,0.53822976,0.032223403,-0.17778671,-0.41845822,-2.2000666,-0.74062991,-0.88730681,0.22484699,-0.87393177,0.23853971,0.002398208,-0.3135938,-0.038320266,2
0.61169159,0.36945212,0.33206999,0.57822573,0.57475108,0.59898579,0.57810843,0.5576573,0.56928778,0.58107334,0.57108742,0.57320738,0.57202661,0.55001611,0.57186627,0.55800676,0.55939656,0.59509087,0.58872122,0.54465568,0.54540235,0.56898332,0.56146276,0.55226254,0.56482106,0.55580556,0.5760327,0.56234479,0.56302607,0.56484252,0.56497061,0.56360424,0.54504579,0.54993427,0.56156564,0.53854787,0.53301036,0.54956973,0.53639495,0.55049229,-1.0240079,0.32572347,0.66566533,0.62264895,1.5594876,1.8358524,1.6036565,0.97317994,1.1177241,1.8998325,1.6437479,1.4671084,0.46019137,-0.22294158,-0.35683835,-0.37353328,0.83945847,0.43346184,0.36227277,0.34311816,-0.94400138,-0.037896764,-0.66075045,0.42443368,-0.87534356,-0.26751059,-0.24560361,0.62246114,0.089415923,1.5409563,-0.22231567,0.23663273,-1.3719159,-0.4246332,-0.1284299,1.0428178,-1.0829461,0.75592995,0.20279413,-1.0279191,-0.15718251,-1.360992,-0.57758605,0.24750073,1.0607008,0.7322129,-0.11352351,-1.8598303,0.83277726,0.08872471,-1.1435051,0.94884121,0.03835427,0.065262102,0.89660132,-0.18246645,0.47699302,-0.39509156,0.14031474,0.70857769,-0.66636574,-1.2914777,-0.033642687,0.51214135,-0.37306011,0.31929475,-0.055320278,-0.24903339,-0.076845571,-0.35065922,0.5118404,0.66816252,-0.20486374,-0.59793186,-0.5859279,0.055668458,0.52007198,-1.1788094,0.37192833,-1.3122879,-0.43418229,-1.9960556,-1.0055454,0.03841114,-0.63990879,0.37232071,-0.47422054,0.036855713,-0.049271818,-0.10449182,-0.83888233,-0.54829407,-0.1751876,-1.1704299,-0.082613245,0.007197902,0.18775775,0.37677833,-0.52135789,-1.7255248,0.73989391,0.516204,0.86776996,-0.16002917,0.57272446,0.34412843,0.11431599,-0.43006629,-0.26509458,0.33651426,-0.6156202,-0.046501927,0.51721358,-0.24384634,-0.83914399,0.045470268,-0.73980427,-0.3747102,0.19861549,-0.35308248,0.058682386,-0.87862247,0.79146552,0.77524287,0.28709012,0.011303941,-1.9116495,0.66347402,0.040177539,-0.23317783,-0.11333974,-0.6111598,0.13093412,-0.23942295,-0.56097376,1.0715514,-0.78750408,0.25564218,0.64274025,-1.6944612,-0.16749349,0.35981742,-0.17675313,-0.48437935,-1.0038207,0.6185047,0.11977427,0.37399662,0.97572315,-0.78984928,-0.30674455,0.089189798,0.052264456,0.21322967,0.32842284,0.18805018,-0.018867448,-1.3881342,-1.8301394,-0.74441963,0.26697764,0.69589245,0.1904688,-0.3711305,-0.36312756,0.11799457,1.3375919,0.045879807,0.05700548,-0.28289998,-0.25554231,1.1431597,0.22825262,0.32146361,0.5739044,-0.12108969,-2.2874761,-0.10090391,0.45477107,0.022118185,-0.19946721,-0.88454694,0.15385646,-1.5337147,0.30358082,-1.1861053,0.43966368,0.071994692,-0.9644568,0.11378079,0.18588851,0.40296268,-0.24329329,-0.23378721,-2.7715201,0.34945285,-0.74277836,-0.1735222,-0.023907498,0.24299347,0.51080358,0.14790803,-0.30630386,0.5658679,-1.5478431,-0.68570191,-0.38941333,0.58735526,-0.44473052,0.073752046,0.24785446,0.4910689,0.030776158,0.61827254,0.54590666,0.80947566,-0.82728052,-0.29623941,0.63988912,-0.0905222,0.23526745,-0.010775881,-0.34387058,-1.3379455,-0.60312915,0.10918447,-0.4483639,0.57099128,1.2471803,0.42593148,-0.53735638,0.40212566,-0.3702302,0.79009634,0.65398014,-0.34300125,0.12827778,1.681277,0.24184164,0.26725355,-1.081174,-0.20629452,-2.0341303,1.1700518,-1.4385886,-0.24478096,-0.070466697,-1.7346257,-0.055522665,0.006781906,0.19609103,0.94339722,0.65892428,0.37207431,-2.0454407,0.84863067,0.13811392,1.3043975,-0.096180767,-1.2356178,-0.17557244,-0.91462034,0.59514332,-0.095225245,-0.94002914,0.47214165,-1.9560548,-1.8588412,-1.4614332,-0.39121664,0.40295935,0.3020235,0.27932176,-0.99802226,0.90514743,-1.4124756,-0.11680099,0.30318025,-1.2041875,-0.038768254,0.015831605,0.44933993,-0.024779331,0.47396073,-0.01673929,0.41258734,0.082757674,0.40176445,0.14789173,-0.15605497,-0.68690044,0.52479291,1.1155756,-0.63340563,0.58247888,0.61245793,0.65609866,-0.7510134,0.81133795,0.40300822,-1.0325592,-0.73990607,0.15384573,0.087965339,0.2605353,0.94801092,-0.4196865,-0.56341136,-0.56518257,-0.064277872,0.60586876,-0.33716017,0.031045556,-0.45370144,0.19572742,1.2604023,-1.0611912,0.12642522,0.47332275,-0.65039474,-0.042821854,0.16586873,-1.4569068,-2.1293232,-0.28757337,1.0973048,0.11152054,-0.31572399,1.1262614,0.19562618,0.58959329,0.37802321,-0.18737225,-0.44682416,0.27016133,0.21684685,-0.18513736,-0.54178858,0.29618368,0.29010093,1.542732,-1.7081209,-0.012693105,1.6624649,1.7263225,0.51754522,-1.3683913,-0.33352667,-0.46517342,-0.21235506,0.10969189,0.24502045,0.9180302,0.75898677,0.3585771,0.21450673,0.26295984,0.77515572,0.73506379,0.96374393,-0.92005754,0.26747936,0.29755935,0.22797889,-0.350339,-0.19076788,-1.8254912,0.40453166,0.074196599,-0.42677808,-0.22545156,0.51553911,0.32291281,-0.85879374,0.3048403,-0.26221895,0.094231918,-0.2027963,0.68786609,1.1898997,0.31266493,0.033250369,0.69836283,-0.12433372,0.14765058,-1.184834,0.26278138,-0.7053566,0.052006967,0.68939823,-1.0267055,-0.33600488,0.4556087,0.45814058,-0.56737733,-1.1841995,0.73153126,-0.5756315,0.037756629,-1.7949243,0.26987994,-0.33413008,-0.56107998,-0.55505818,1.074901,0.49959472,-2.0025754,-1.2406242,-0.44188589,0.052013617,0.26682824,-0.06031258,0.1171445,0.52228159,0.27839711,-0.19981238,0.31886041,0.41583812,0.37951356,-0.060084622,-0.26138282,0.24110144,-1.592955,-0.055471748,0.46047989,-0.005772021,0.24108815,0.56648791,1.1039981,-0.35331056,-0.86849827,-0.45618308,-0.10906062,-1.9790012,0.38326785,0.49435061,0.42788106,-0.74299097,-1.3644366,0.31477723,-0.61114311,0.06065926,0.066704072,-0.065966837,0.32182652,0.15365598,0.40796536,0.37926209,0.038397938,-0.21087,-0.40038896,-2.3941205,-0.7678566,-0.98963547,0.073735654,-0.97020221,-0.1026046,-0.21788108,-0.30267662,0.02850629,2
0.55849457,0.31309271,0.28034797,0.53553909,0.53072572,0.56273085,0.52852654,0.51592618,0.52737075,0.54669851,0.52570975,0.53374219,0.53111184,0.52539736,0.55012476,0.52088225,0.51831961,0.54177797,0.57680607,0.50627673,0.55002642,0.5194962,0.5293715,0.5075326,0.5492655,0.53222287,0.54080725,0.50913841,0.51405144,0.5350123,0.50803226,0.54905283,0.5121733,0.51591158,0.5307647,0.48370159,0.51192677,0.51399052,0.48799682,0.51076299,-0.95537686,0.25450677,0.55945247,0.56414396,1.4951003,1.6994512,1.5119233,0.88802576,1.0262253,1.828774,1.5929589,1.3831081,0.266013,-0.19841914,-0.16469118,-0.29570895,0.57893705,0.28032142,0.30978912,0.25522038,-0.50634593,0.051405992,-0.59228021,0.44193077,-0.6184932,-0.048001621,-0.20804241,0.79056811,0.41161323,1.7281737,-0.23176922,0.19829515,-1.2022817,-0.33971521,0.037216015,0.81366807,-1.0588083,0.61974567,0.29344144,-1.0097246,-0.096017249,-1.1941186,-0.47622755,0.47946507,0.78797925,0.95737028,0.047744915,-1.7902271,1.1422563,0.106381,-1.0315707,0.74759179,0.064636804,0.020186275,0.92647004,-0.2422141,0.62547958,-0.70633161,0.157305,0.55873775,-0.67280507,-1.2074094,0.075159326,0.5419991,-0.29162571,0.20171098,0.016847469,-0.16880859,-0.14051794,-0.31644607,0.50775707,1.0335383,-0.27365851,-0.41491246,-0.66176212,0.20777811,0.56194335,-1.2399057,0.36634594,-1.1513476,-0.37570602,-1.8984294,-1.2204008,-0.076779306,-0.56668448,0.15455677,-0.48630893,0.19426757,-0.15490848,-0.3511714,-0.91494685,-0.58374023,0.56652993,-1.106712,-0.23419034,-0.23706701,0.16745503,0.52945822,-0.62612224,-1.881506,1.1397452,0.43853492,0.93197739,-0.19505121,0.59341389,0.44991046,0.13862211,-0.062832326,-0.1979913,0.37803489,-0.62363935,0.12827262,0.33606318,-0.37611645,-0.86078173,-0.070572875,-0.61121309,-0.88112366,0.32261199,-0.57048029,0.021881351,-0.66867572,0.82038116,0.75220096,-0.081530176,0.12627691,-2.0776436,0.75353056,-0.022276871,-0.13407524,-0.11092284,-0.56498253,0.08615762,-0.2145009,-0.52619964,1.1804354,-0.68319714,0.11780518,0.67246026,-2.0327344,-0.41326031,0.40930322,-0.069291882,-0.73092163,-1.3115094,0.53422827,0.1678509,0.34482843,0.88904327,-0.81974775,-0.50772333,0.016791619,0.14168829,0.29696867,0.50519401,0.14260897,-0.055330224,-1.3437029,-1.687711,-0.83389938,0.28067279,0.61458278,0.10376616,-0.47782975,-0.6397599,0.19932571,1.7215776,0.062040135,0.080261655,-0.54230195,-0.30443788,1.2297305,0.11017615,0.24352387,1.4408766,0.014000259,-2.944808,-0.062611789,0.75900167,-0.004205476,-0.11664803,-1.0283933,0.12711166,-1.7316692,0.26616469,-1.7841882,0.48136911,-0.002039313,-0.84261268,0.039705526,0.23454826,0.62190044,-0.2564826,-0.17016128,-3.0505357,0.39912361,-0.52184796,-0.13847284,-0.22432445,0.23493186,0.57953799,0.39715707,-0.21543019,0.52068794,-1.7906775,-1.0523167,-0.3697468,0.61923856,-0.3767575,0.055845216,0.34697396,0.50835693,0.050981469,0.58100581,0.42413694,0.92870915,-1.1886157,-0.35346943,0.97901028,-0.096325323,0.29232711,-0.18531033,-0.15798524,-1.2173841,-0.4944191,0.09056323,-0.42128974,0.63955605,1.4250357,0.42035687,-0.50073516,0.23419219,-0.53562057,0.74650061,0.79620308,-0.49437088,0.1351884,1.8558276,0.40297812,0.20982587,-1.1157403,-0.23304112,-2.2502244,1.1178008,-1.655009,-0.55212486,-0.22128612,-1.2910477,-0.35703427,0.28335056,0.10088839,0.49310309,0.84878886,0.40600979,-2.0488083,1.0676669,0.11475768,1.4869025,0.080226928,-1.0779219,-0.10246667,-0.92230761,0.60151327,0.23370884,-0.98884988,0.45708764,-2.1992049,-1.5954523,-1.6516495,-0.29155737,0.55730045,0.73540026,0.26141226,-1.2469506,0.75079387,-1.5551643,-0.28780422,0.48565859,-1.0904918,0.073360451,-0.073733374,0.70783627,0.034583282,0.55936658,0.034760162,0.5198971,0.061543453,0.80287784,-0.019542823,-0.11743616,-0.91948003,0.37614167,1.2117189,-0.63553655,0.82042277,0.55453235,0.62811726,-0.74027491,0.81303078,0.3710748,-1.2602355,-0.46587259,0.082206093,0.17589928,0.30910638,1.0118963,-0.31907526,-0.53205585,-0.53083539,-0.023488723,0.75741851,-0.39195609,-0.019825295,-0.33343345,0.18247277,1.4986578,-1.3527282,0.15284298,0.36686715,-0.66060758,-0.054770544,0.26326102,-1.4879895,-2.2984581,-0.23567629,0.55677521,0.25058243,-0.31496674,0.9404068,0.311757,0.49959528,0.24195109,-0.21147096,-0.75684482,0.19930913,0.311079,-0.18217239,-0.55588388,0.22138578,0.12950701,1.5380673,-1.7800636,-0.090522394,1.769335,1.91058,0.55176377,-1.2532773,-0.25716189,-0.57310206,-0.031232856,0.15142551,0.56775892,1.0313461,0.73518121,0.73424959,0.23057297,0.31327468,0.8300491,0.77471393,1.3438182,-0.90844166,0.29096571,0.44836807,-0.068464622,-0.31336734,-0.19347772,-1.5438643,0.28108788,0.021213582,-0.53664994,-0.17892291,0.74509442,0.55215597,-0.77868468,0.27039513,-0.23105617,0.37674838,-0.44336838,0.96458554,1.1794537,0.32436556,-0.005562538,0.70957422,0.10286106,0.1515353,-1.1969671,0.3499772,-0.6312288,0.12225724,0.80757767,-1.0091199,-0.62396717,0.38465336,0.44626063,-0.87037146,-1.4870026,0.68023014,-0.9265551,0.035163343,-1.6896397,0.41900897,-0.29786652,-0.53382272,-0.60606998,1.1750848,0.56244153,-2.1902721,-1.5060207,-0.31320325,0.00699817,0.35930416,0.040347226,0.093119316,0.56767148,0.17489929,-0.21211673,0.089571282,0.39701357,0.573717,-0.02143728,0.1200679,0.53737736,-1.5955443,0.18317838,0.63069105,-0.001394594,0.1638207,0.66802663,1.1424096,-0.42380697,-1.0650852,-0.3896887,0.37153742,-2.0894744,0.389965,0.18160787,0.21362834,-0.90473664,-1.529403,0.34931362,-0.50955927,0.17420238,0.1723555,-0.090697788,0.78216147,0.18727985,0.35396487,0.5178991,-0.052131586,-0.29431671,-0.4844501,-2.4269066,-0.8964808,-1.2971656,-0.038638022,-1.1412776,0.2953127,-0.066483609,-0.25025573,0.013089886,2
0.63104904,0.38292101,0.3379333,0.60749257,0.62378335,0.62065399,0.60324073,0.59531772,0.60901511,0.61144376,0.60540986,0.60684562,0.60189092,0.5930174,0.6142993,0.59759772,0.59431779,0.62218404,0.61492181,0.5942086,0.5903964,0.6012252,0.59934998,0.59521651,0.60512435,0.59728432,0.61595106,0.60380471,0.59894711,0.61650622,0.60885119,0.60292077,0.58784807,0.59809226,0.61360878,0.57504284,0.58019733,0.60107589,0.57432115,0.59274292,-1.0096744,0.31963962,0.58953631,0.53185529,1.4729865,1.7986255,1.5380623,0.89290768,1.0305072,1.8328265,1.5688329,1.3810203,0.39299983,-0.22067712,-0.27076769,-0.51390523,0.72291368,0.39912379,0.42263007,0.33102617,-0.76341194,0.055708785,-0.47316957,0.2879408,-0.90774822,-0.072244897,-0.17397544,0.74666589,0.41390526,1.6081133,-0.22663835,0.31662434,-1.2590781,-0.23582818,0.05559469,1.0194778,-1.11227,0.71710676,0.23293991,-1.0113999,-0.049964465,-0.96956527,-0.51900667,0.58621907,1.0088177,0.75244975,0.015962046,-1.7259084,0.88034427,0.11066974,-1.0669522,0.5949505,0.084804766,-0.040054008,0.80494082,0.16288745,0.53086472,-0.75397229,0.30075905,0.61013198,-0.92401481,-1.2162802,0.081773356,0.65160179,-0.26833445,0.30697584,0.13974801,-0.13121942,-0.23218617,-0.29683647,0.53205347,1.0205919,-0.27278569,-0.53455418,-0.63884521,0.58255458,0.61547482,-1.2325513,0.40771016,-1.2061456,-0.34450999,-1.894474,-1.3698881,-0.10037067,-0.47219598,0.24115831,-0.40252358,0.17723437,-0.14624465,-0.22360237,-0.80959594,-0.49905622,-0.2245262,-1.1327286,-0.24829218,-0.271727,0.15402532,0.38903207,-0.58507216,-1.9844296,0.29946983,0.50948167,0.98913842,-0.20891505,0.57145309,0.15131581,0.16416967,-0.48238719,-0.28517687,0.36462352,-0.80238354,-0.23369905,0.46462074,-0.31520352,-0.82552516,-0.063138314,-0.61557978,-0.84927601,0.32390344,-0.54671204,0.02352743,-0.55189306,0.88565803,0.55773896,0.022781517,-0.085849881,-2.2097387,0.86925328,-0.094482318,-0.14251961,-0.10213716,-0.5929566,-0.022251256,-0.20782121,-0.63162237,1.2198637,-0.82689959,0.093769372,0.68008095,-2.2960465,-0.19633971,0.47092599,-0.18559401,-0.60781431,-1.2562059,0.57028377,0.10305453,0.42225456,0.88240826,-0.69953412,-0.42051426,0.04069297,0.30409756,0.2695955,0.4115288,0.20140332,-0.17684302,-1.3460221,-1.754115,-0.8322162,0.31223929,0.81419134,0.099388167,-0.50735068,-0.50339007,0.18908954,1.6457193,-0.13428891,0.018019326,-0.5492422,-0.31874025,1.3599086,0.19816202,0.3015911,1.4335319,-0.12074765,-2.7374883,-0.09718775,0.51375914,0.061966971,-0.008747216,-1.1728365,0.19439769,-1.7661088,0.3313458,-1.6895355,0.55135107,-0.15005346,-0.86006463,0.081764877,0.37998655,0.64045811,-0.18667945,-0.52148485,-3.2373142,0.54409504,-0.51016581,-0.003095828,-0.13972305,0.30197924,0.61780119,0.14659306,-0.20931454,0.58147025,-2.071398,-1.0938153,-0.43131405,0.3841233,-0.56012589,0.14371949,0.51717675,0.43751681,-0.090583891,0.59865367,0.45290437,1.0362988,-1.0816543,-0.27670798,0.59825975,-0.080981709,0.35323286,-0.22839046,-0.15722667,-1.1553464,-0.46952581,0.073944256,-0.39334673,0.61767519,1.3425632,0.45480168,-0.46885341,0.14381975,-0.47152182,0.5886277,0.62025207,-0.1155965,0.20671044,2.0491841,0.20789734,0.10693331,-0.97178972,-0.095561311,-2.2819042,1.2659068,-1.7165366,-0.60297358,-0.21543729,-1.804297,-0.17754366,0.29869822,0.11538275,0.34882778,0.54619241,0.44020498,-2.0848062,1.0678258,-0.10801404,1.3333223,0.021465447,-1.0177212,-0.11056098,-0.85669267,0.70756656,0.32454774,-1.0246998,0.3896665,-2.4393411,-2.0629501,-1.723061,-0.34432346,0.38519716,0.4284023,0.29481465,-1.3290399,0.85581923,-1.6337168,-0.21882769,0.20869017,-1.3016632,-0.048649922,-0.073092304,0.62412256,-0.1359717,0.43457335,0.030775333,0.54619157,0.041019347,0.7809751,0.10781498,-0.19227345,-1.1051263,0.48968261,1.260618,-0.61698586,0.74366599,0.48908657,0.65148348,-0.81464535,0.71435416,0.53483582,-1.3641933,-0.3882212,-0.04227829,0.12447947,0.3222985,0.91477323,-0.40573049,-0.56916523,-0.53270406,0.18104652,0.62185633,-0.33368161,-0.19899026,-0.33879524,0.29237014,1.4074471,-1.4788215,0.22721165,0.34350729,-0.69996959,-0.09976308,-0.10778449,-1.5637035,-2.4526312,-0.26460648,0.63839054,0.25533551,-0.30641884,0.8568669,0.2921181,0.59827536,0.33751112,-0.25999644,-0.72754335,0.29145813,0.009118877,-0.24956438,-0.66552305,0.23788293,0.2500686,1.5030203,-1.7722973,0.34788954,1.9217035,2.0018959,0.46967694,-1.3138665,-0.35856378,-0.71530402,-0.11485836,0.1212372,0.47450611,1.0612085,0.95318335,0.6897133,0.17182848,0.3030836,0.7506783,0.77847272,1.1876835,-1.0521133,0.28208441,0.3168909,0.070248358,-0.26421362,-0.22526014,-1.6760472,0.38165787,0.067769766,-0.25157541,-0.13038032,0.20568952,0.30072558,-0.83849603,0.2758809,-0.25141889,0.16374117,-0.39391726,0.65861654,1.2968175,0.091710776,0.08685711,0.72447121,-0.31328452,-0.14871573,-1.212757,0.3812649,-0.65183568,0.33501485,0.94861507,-1.0464377,-0.66162401,0.41645873,0.4647938,-0.83787066,-1.3293533,0.69056106,-0.66900718,0.12773328,-1.5603219,0.34313822,-0.24829574,-0.26176912,-0.55229729,1.0453906,0.53605258,-2.4183562,-1.6386061,-0.34633085,-0.001601235,0.28700873,0.16009884,0.11752018,0.54666954,0.2490063,-0.19007166,0.26218998,0.44886816,0.44359738,0.042079374,-0.066220373,7.38E-05,-1.5210292,-0.039663933,0.54137862,0.014216416,0.19711672,0.77345985,1.2192287,-0.47378165,-0.75059998,-0.49593848,-0.043292962,-2.164006,0.42867601,0.41606918,0.40929854,-0.8931216,-1.64267,0.28157753,-0.51913393,0.34336764,0.10828663,-0.17936116,0.58349133,0.19311184,0.36006087,0.43139547,0.002683777,-0.30888817,-0.47602347,-2.4737618,-0.84337199,-1.3661664,0.038248356,-1.2702947,0.35872871,0.065211013,-0.26170135,0.24821359,2
0.62084693,0.36053103,0.31725398,0.59765363,0.60994768,0.61271179,0.59460402,0.58027828,0.59228021,0.59534627,0.58936274,0.59519339,0.60075951,0.56987071,0.60250163,0.57633853,0.59316927,0.62685019,0.60984194,0.58991945,0.57632113,0.58504045,0.57786369,0.5771758,0.58447993,0.58874053,0.59333313,0.58140564,0.58137381,0.58752942,0.58239484,0.58741057,0.57756943,0.57382101,0.58242238,0.56676555,0.56570446,0.61006796,0.56021988,0.57302737,-0.88164616,0.29856947,0.4166255,0.41450769,1.3489063,1.7338564,1.3513572,0.73207492,0.84776974,1.6774731,1.4268894,1.2146177,0.29386753,-0.22091097,-0.26606354,-0.31560239,0.61535281,0.33452472,0.36677003,0.26552764,-0.80074483,0.053083815,-0.59663713,0.35631645,-0.81142277,-0.14983419,-0.17932244,0.61482084,0.32287413,1.5903472,-0.21240643,0.21800064,-1.1537104,-0.33991536,0.05079595,0.85471803,-1.0793806,0.64102125,0.22130039,-1.0043318,-0.10406994,-1.186476,-0.59835094,0.50613666,0.81512994,0.71158624,-0.044967435,-1.6867324,0.72318125,0.089609623,-1.0031321,0.48343182,0.05023605,0.067145266,0.78022009,0.026154406,0.64024985,-0.40114099,0.092933685,0.53777826,-0.78608936,-1.1280823,0.060789511,0.5231396,-0.24833459,0.28527582,0.025962768,-0.1255911,-0.24271974,-0.32914299,0.46863881,0.90705508,-0.21477279,-0.3866469,-0.5221765,0.29654795,0.35464934,-1.0828187,0.38425216,-1.1219414,-0.3775734,-1.8594376,-0.92577571,-0.027079016,-0.53148824,0.31225047,-0.47391796,0.13943937,-0.10113366,-0.066704735,-0.86311722,-0.53424788,-0.015180022,-1.0587381,-0.18599845,-0.097507916,0.14321257,0.29321712,-0.51286304,-1.5276077,0.55701101,0.45292649,0.8675043,-0.19390224,0.53284603,0.33665198,0.075189449,-0.3286908,-0.29530594,0.33048713,-0.77979267,-0.15216525,0.38972235,-0.1269718,-0.75047392,-0.057470582,-0.56021887,-0.61470354,0.21795645,-0.29689962,0.064727008,-0.70740402,0.82374263,0.57392609,0.11401851,-0.1725755,-1.7944952,0.73268598,-0.11316051,-0.11373171,-0.057817563,-0.57578212,0.12032024,-0.13737367,-0.62091947,1.0769308,-0.65439725,0.13199021,0.59371132,-1.6323555,-0.35284835,0.39060774,-0.11798896,-0.50026506,-0.94015533,0.6130029,0.10683145,0.4684971,0.8370325,-0.72120947,-0.22304387,0.036999527,0.080651402,0.31625068,0.44030821,0.26320964,-0.15106626,-1.2383634,-1.6834971,-0.76801205,0.25902092,0.73365444,0.28275633,-0.41622594,-0.35195816,0.20459765,1.4335454,-0.023403466,0.016817614,-0.34060049,-0.2462773,1.1546528,0.13425949,0.24361104,1.3004479,-0.11016399,-2.4502885,-0.15888286,0.4579587,0.021961015,-0.24138525,-0.68036979,0.080955967,-1.4249512,0.27238166,-1.2424242,0.32830441,0.16914999,-0.88866615,0.057566486,0.28186935,0.47227803,-0.24746883,-0.15544346,-2.5771713,0.35107893,-0.57659936,-0.14665262,-0.046762429,0.18250239,0.47309172,0.11904725,-0.25697255,0.62563986,-1.4660573,-0.90941536,-0.33241987,0.55827343,-0.48060644,0.089321248,0.27976757,0.40716335,-0.031038698,0.56811875,0.42034402,0.94251794,-0.94801092,-0.30679321,0.63787705,-0.10018407,0.23842078,-0.025940323,-0.2386391,-1.1988658,-0.58905262,0.054093715,-0.38887048,0.59932154,1.2244364,0.4066124,-0.49110955,0.23114716,-0.35679325,0.5163846,0.58717334,-0.41844416,0.060675547,1.9127527,0.19444597,0.1407827,-0.85769212,-0.059773937,-2.0173111,1.0904061,-1.2933731,-0.34951523,-0.1712192,-1.456266,-0.21519071,0.23040117,0.14921054,0.3000353,0.61586922,0.36042926,-1.801043,0.85911739,0.087850004,1.2217189,0.0504339,-1.1101102,-0.074631259,-0.86251861,0.5675292,0.23056035,-0.95118052,0.38579068,-1.7732433,-1.8245989,-1.3332136,-0.40254384,0.3521657,0.41392598,0.29183671,-0.83275354,0.75903243,-1.3187245,-0.24339829,0.31089953,-1.0920806,-0.12055856,0.005537812,0.47498831,0.052023247,0.52225059,0.02586782,0.44991678,0.10534566,0.59212869,-0.061531417,-0.11910442,-0.6785304,0.43527088,1.1299862,-0.55046284,0.61009514,0.5761022,0.65986639,-0.67536157,0.69697028,0.46093321,-0.90592825,-0.56088781,0.092695504,0.026499473,0.29309809,0.80864882,-0.32525387,-0.57820415,-0.4839257,-0.005222701,0.58992898,-0.33324897,-0.053620093,-0.30487657,0.17186968,1.2992486,-1.0159484,0.15644167,0.31626046,-0.60628939,-0.045314126,-0.22397614,-1.3376602,-1.9212934,-0.23465735,0.61220664,0.20724663,-0.27523795,0.76366335,0.26304749,0.48026115,0.25428498,-0.15168715,-0.392988,0.19277465,0.095056377,-0.25273386,-0.56258184,0.21053499,0.15280131,1.3020576,-1.7027307,-0.085069187,1.6136577,1.7581218,0.45941699,-1.2389469,-0.25973013,-0.30741739,-0.07920856,0.04259095,0.38212249,0.90414792,0.89659524,0.53682518,0.10815201,0.27988788,0.81578863,0.73287344,1.0583649,-0.80720741,0.32929116,0.2646372,0.20237201,-0.31764343,-0.18120001,-1.6675154,0.31694576,0.016909178,-0.35106054,-0.16294952,0.37287933,0.23783624,-0.80037332,0.19680417,-0.25017557,-0.03339494,-0.080940314,0.56579936,1.1573871,0.24055937,0.042646389,0.67627925,-0.55648488,-0.044062253,-1.111396,0.32690725,-0.69600683,0.099145353,0.75649351,-0.85856807,-0.34306878,0.46959457,0.4690643,-0.54084998,-1.0693351,0.53902757,-0.61882114,0.14010645,-1.4603407,0.36100534,-0.27733287,-0.51505673,-0.50174093,1.043804,0.59116656,-1.8889567,-1.2913307,-0.3203252,0.036160201,0.23313643,-0.007585987,0.097590566,0.46644804,0.19961917,-0.18584743,0.24752149,0.45122397,0.35742703,-0.027628027,-0.1040068,0.28871688,-1.5118023,0.010746495,0.37248304,0.04282533,0.21734835,0.64971775,1.0600077,-0.33187169,-0.89067405,-0.43478459,0.14822742,-1.8257872,0.41899717,0.41203141,0.38144925,-0.74290091,-1.3333899,0.29947665,-0.57417774,0.22396328,0.098010533,-0.019873492,0.4347797,0.13079394,0.27464756,0.45434886,0.038068,-0.15203531,-0.35281581,-2.2665238,-0.71249092,-0.89378345,0.054535195,-0.86560142,0.2279104,-0.17113638,-0.23610926,0.053001802,2
0.48781624,0.25673315,0.23668656,0.45278192,0.44950968,0.47575799,0.45552629,0.42849356,0.44697291,0.45202941,0.44283706,0.43661663,0.42948616,0.42088276,0.44874689,0.43477288,0.44197327,0.47727168,0.45749021,0.42023557,0.41970438,0.42684799,0.4388662,0.43215942,0.44323215,0.43070611,0.45069271,0.43912536,0.44748336,0.45755404,0.43084693,0.44057259,0.42591909,0.4300335,0.43370715,0.40099779,0.41479638,0.4365837,0.38272277,0.4246543,-0.78851634,0.20792429,0.29314238,0.42478836,1.1577864,1.6137162,1.2073281,0.64466989,0.75605595,1.5425332,1.31715,1.1198478,0.31089404,-0.18852699,-0.26416433,-0.34520209,0.60804427,0.33695,0.38676232,0.25035179,-0.75650686,0.034125987,-0.50021386,0.29215959,-0.83204353,-0.020504709,-0.25684279,0.54181808,0.38070658,1.2478507,-0.19777098,0.21259654,-1.1171515,-0.22186215,-0.032532152,0.85625029,-1.0821087,0.59827852,0.24990548,-0.89526713,-0.14719151,-1.11014,-0.53348869,0.35604751,0.82405889,0.61071944,-0.048440717,-1.5378951,0.57510179,0.13973261,-0.9752506,0.54287356,0.044043463,0.016776914,0.63608152,-0.032188319,0.44465613,-0.37408921,0.028687157,0.53222674,-0.63754487,-1.0247439,0.045113251,0.4248234,-0.27868956,0.19389853,0.025790066,-0.10370313,-0.24777293,-0.3093265,0.38357568,0.85242665,-0.20660996,-0.27109802,-0.49042907,0.42767435,0.39739388,-0.98746169,0.34866834,-1.0931454,-0.29602966,-1.7109789,-0.83621591,0.002684355,-0.50956082,0.25311676,-0.36977375,0.089719601,-0.067405358,-0.059328541,-0.67455918,-0.42207602,-0.087045312,-0.97832233,0.071916714,-0.084056005,0.16249199,0.25351557,-0.41245803,-1.5264428,0.53200608,0.41698483,0.8160038,-0.11695216,0.45306349,0.35560498,0.086683333,-0.2418915,-0.3076708,0.25630909,-0.53378397,-0.18023606,0.3723897,-0.13998792,-0.68990713,-0.015221599,-0.57324666,-0.63971686,0.23529142,-0.24959898,0.042495921,-0.62166172,0.7200141,0.56735259,0.10797046,-0.099239893,-1.6495781,0.54719508,-0.10962988,-0.18607432,-0.020471467,-0.48227024,0.14695053,-0.065834418,-0.56828296,0.90449589,-0.6524877,0.11717193,0.51416826,-1.4427876,-0.15986657,0.32800984,-0.098141156,-0.38085043,-0.84139764,0.58086437,0.10168091,0.45246693,0.82308143,-0.7042616,-0.29422274,0.048219372,0.075670682,0.25373867,0.38561791,0.1365675,-0.11165428,-1.1286846,-1.5671794,-0.75311625,0.23402585,0.61806124,0.22826463,-0.40055194,-0.25777489,0.19352821,1.5000582,0.16308983,0.047541723,-0.34325933,-0.19063634,0.98806578,0.060460851,0.23041269,0.93713462,-0.057900265,-2.1481824,-0.13591391,0.4142403,0.031124789,-0.088432096,-0.60529697,0.000836946,-1.3783717,0.18666749,-1.3137407,0.40213466,0.11630898,-0.78074104,0.023102585,0.31054068,0.50157648,-0.22230498,-0.08146584,-2.3813367,0.24427935,-0.64589006,-0.026329465,-0.096504994,0.075310662,0.4483206,0.029263683,-0.1863859,0.5464536,-1.3270009,-0.754475,-0.13967258,0.36656085,-0.43328473,0.24009705,0.20295538,0.38659474,0.087697104,0.50821292,0.42016414,0.80731595,-0.92509258,-0.26971287,0.52336735,-0.1088964,0.26980007,-0.045683578,-0.16997688,-1.0809048,-0.47420523,0.089608036,-0.36825436,0.48063532,1.1148089,0.31401318,-0.39985406,0.28183445,-0.34357432,0.55355906,0.52178264,-0.35000113,0.063392907,1.7299263,0.038182095,0.08286804,-0.83579314,-0.18351348,-1.8099147,1.02545,-1.213439,-0.31486058,-0.16941196,-1.4965765,-0.23943597,0.23818627,0.017274246,0.33685493,0.47251129,0.27321172,-1.6222799,0.84724444,-0.020042963,1.0934424,-0.013512054,-1.0194858,-0.015387259,-0.81214166,0.54681551,0.20940793,-0.86964256,0.26097167,-1.6317579,-1.5590568,-1.3029433,-0.37718269,0.32852381,0.20891207,0.23745826,-0.74691701,0.66093403,-1.2009497,-0.22075424,0.21192431,-1.0532602,0.030706245,0.05621573,0.51914293,0.10410415,0.37740779,0.031847946,0.56434667,0.097751468,0.57112527,-0.0872031,-0.12161919,-0.8261376,0.40325126,0.89355826,-0.5279125,0.54713035,0.48808616,0.62469065,-0.61978006,0.61376661,0.38504401,-0.87348002,-0.45810768,0.05031338,0.047093026,0.24660376,0.77792025,-0.32115981,-0.49176067,-0.44692618,0.029438987,0.43052286,-0.2391299,-0.046512939,-0.2591134,0.13217823,1.1365945,-0.87933838,0.11333591,0.25007877,-0.61481601,-0.009422679,-0.30056345,-1.2293363,-1.800693,-0.1891678,0.56825316,0.16677946,-0.25310144,0.75154465,0.30390626,0.40544593,0.24180083,-0.12950189,-0.42736501,0.2097961,0.077427953,-0.14347543,-0.53636855,0.15939847,0.15471981,1.2344662,-1.6405241,-0.018822648,1.4461571,1.5911901,0.43666884,-1.1687149,-0.20473872,-0.29459077,-0.071612403,-0.004820619,0.30084449,0.77943707,0.73248631,0.55072755,0.12829395,0.24697241,0.64239454,0.72704822,0.88496315,-0.76491457,0.15836245,0.23638724,0.18246581,-0.3168999,-0.19649924,-1.6129193,0.30530611,0.069664054,-0.35834095,-0.1466938,0.34735203,0.16548924,-0.54304224,0.19446343,-0.1921435,-0.22244146,-0.060119428,0.62922299,1.0651169,0.31084788,0.051601037,0.59709585,-0.12473062,0.046210133,-1.036888,0.26530427,-0.66489404,0.098475426,0.62185264,-0.94987047,-0.27498114,0.42269436,0.32668251,-0.51705772,-1.0217505,0.53119963,-0.59067094,0.10613797,-1.3717889,0.31572583,-0.14899223,-0.53356373,-0.46150652,0.91149318,0.46317148,-1.7744516,-1.0564172,-0.28933135,-0.019358594,0.20936649,0.04187138,0.10250913,0.44267648,0.18638611,-0.11714374,0.17921273,0.37620664,0.38596979,-0.065347493,-0.041006491,0.26046079,-1.433883,0.038877219,0.39091954,-0.001574675,0.17392477,0.53798819,0.87014961,-0.2692579,-0.73748195,-0.39657068,0.056805454,-1.8152889,0.41891485,0.28553733,0.33584043,-0.70596248,-1.2802922,0.18427914,-0.59043598,0.12925798,0.028441397,-0.019132007,0.52996206,0.070085198,0.30307814,0.43830186,0.03579947,-0.18937813,-0.30498356,-2.0835698,-0.64198899,-0.83697838,0.018775525,-0.76003355,0.31622702,-0.16357704,-0.28777739,0.086314738,2
0.47903752,0.22040635,0.17523894,0.43620026,0.43398297,0.45782614,0.43530786,0.42521667,0.44285107,0.43494195,0.42636627,0.43289348,0.43050975,0.41395694,0.43403715,0.4218483,0.43285728,0.45082107,0.4403376,0.42239496,0.41772449,0.42823467,0.42262042,0.42420304,0.43768066,0.41868961,0.43396953,0.4193424,0.43168372,0.42931411,0.42600816,0.43150741,0.418798,0.4193652,0.42423707,0.39154565,0.40946543,0.42634743,0.41291243,0.41455454,-0.84652424,0.1389108,0.39631844,0.41983756,1.3137589,1.6919048,1.307629,0.71393174,0.86120772,1.6317847,1.4072998,1.2030153,0.35234314,-0.19254446,-0.16681525,-0.32719693,0.61403799,0.28791815,0.46563804,0.2532604,-0.62551731,-0.015219685,-0.57601857,0.29956901,-0.69054681,-0.083814673,-0.18075362,0.63338816,0.14583267,1.7015145,-0.1782603,0.18783268,-1.1406636,-0.22536093,0.021334901,0.8502326,-0.94653648,0.5173192,0.23213045,-1.0073345,-0.057149056,-1.2618372,-0.55760729,0.40749183,0.81648022,0.68354154,-0.067426763,-1.6325831,0.86013091,0.15061592,-0.96846181,0.32207078,0.036677625,0.17904896,0.70228177,-0.06195708,0.5799526,-0.38308901,0.23103973,0.536668,-0.43062437,-1.0881395,0.056801081,0.52946281,-0.3395952,0.23877399,0.078990169,-0.25541911,-0.19593549,-0.3107481,0.52043015,0.79019493,-0.21553351,-0.26019362,-0.53634876,0.27879214,0.41152605,-1.0180658,0.39389932,-1.1008505,-0.39954731,-1.7779886,-1.0591285,0.027454384,-0.58668941,0.32146978,-0.42069149,0.10325044,-0.12922567,-0.078928478,-0.84177899,-0.50750768,0.1584616,-1.0326601,-0.24772355,-0.021717057,0.18104267,0.17761347,-0.53846991,-1.6711913,0.67171317,0.41755924,0.76324773,-0.14373137,0.45978805,0.37461326,0.12161152,-0.27024063,-0.34812963,0.31915712,-0.51470327,-0.24399678,0.36097151,-0.29269174,-0.7191726,-0.029918652,-0.52992439,-0.55534232,0.30918139,-0.30490276,0.021096751,-0.53392869,0.78362,0.46424967,0.13144957,-0.13397767,-1.802047,0.85236192,0.009611104,-0.16661215,-0.025769116,-0.49200496,0.01468984,-0.13961339,-0.61929333,1.1114986,-0.50047964,0.10751726,0.55016005,-1.6167462,-0.12634473,0.34370789,-0.096818641,-0.54178429,-0.8303591,0.57279271,0.077502102,0.27997094,0.8421241,-0.68854225,-0.27190483,0.063677013,0.005096397,0.27310139,0.20849691,0.22080863,-0.063440844,-1.2824134,-1.6251843,-0.7475307,0.23916112,0.82072771,0.17549089,-0.41331133,-0.16767004,0.14177135,1.2373573,-0.18935205,0.035341762,-0.27489722,-0.26170409,1.2188926,0.10621952,0.23189028,1.2736259,-0.19583426,-2.5921123,-0.11009697,0.53128082,0.050076406,-0.14285631,-0.81718826,0.13964511,-1.4046482,0.23904601,-1.2057462,0.37560511,-0.025646299,-0.83386064,0.10042897,0.2612935,0.45924044,-0.22940417,-0.19019178,-2.5701437,0.43208498,-0.61758089,-0.04084472,-0.27714071,0.28418797,0.42777377,0.19177434,-0.2089505,0.84713811,-1.6111658,-0.85330164,-0.30445886,0.48908246,-0.42172855,0.093831666,0.1464797,0.36990285,0.049792152,0.5782212,0.45783594,0.84882617,-0.98233742,-0.33710688,0.54038435,-0.15021044,0.25457337,-0.026429499,-0.25085142,-1.1128486,-0.48432699,0.088107072,-0.32872674,0.49971291,1.2024974,0.37631047,-0.45408583,0.22049016,-0.32738271,0.80099553,0.58141178,-0.3745074,0.081966273,1.7183077,0.12583718,0.19341105,-0.90032387,-0.25235236,-1.9434147,1.0956784,-1.3978515,-0.24619097,-0.12647957,-1.2937684,-0.063774116,0.097188525,-0.02420792,0.6485734,0.55168098,0.46985197,-1.8859802,0.88850355,0.10966919,1.2311552,-0.073522002,-0.94492215,-0.086242907,-0.78137803,0.67355686,0.19517823,-0.81971365,0.31402352,-1.8400335,-1.6594975,-1.3851436,-0.40736896,0.44368827,0.55917764,0.24784422,-0.93335146,0.67549706,-1.344985,-0.28511155,0.31619674,-1.0566504,-0.001353482,-0.048467979,0.48744714,0.18873967,0.38608569,0.006369667,0.50986433,0.067867629,0.46732661,0.002078023,-0.1396493,-0.64825755,0.42300561,1.0685142,-0.52123338,0.72221375,0.49357396,0.58618855,-0.74082309,0.65157712,0.56638485,-1.0430334,-0.42773643,0.05125282,0.11016585,0.2131076,0.82911509,-0.33688089,-0.42783922,-0.46304649,-0.008234024,0.69137031,-0.27527887,-0.12862144,-0.37916893,0.16274133,1.1886892,-1.090216,0.17001259,0.28778487,-0.64029729,-0.064964376,-0.033602633,-1.3638964,-2.0257335,-0.25374722,0.58200747,0.14909339,-0.23558538,0.68702024,0.28269279,0.46805662,0.28696412,-0.27344644,-0.49885038,0.1714025,0.044950884,-0.23184124,-0.52037561,0.20338607,0.13961691,1.2506409,-1.5641646,-0.069774032,1.6193939,1.6966887,0.5442009,-1.2473035,-0.31444451,-0.38967943,-0.1951033,0.098300919,0.37272128,0.92606252,1.0603985,0.54066068,0.22398473,0.23211767,0.7158832,0.74109089,0.9512952,-0.88286251,0.35446927,0.30549949,0.16439325,-0.31000862,-0.20119664,-1.6728923,0.29493949,-0.032106109,-0.44377679,-0.17951676,0.39256537,0.089833692,-0.70515513,0.20108907,-0.23749027,0.12770556,-0.22876325,0.52587444,1.0815024,0.21737365,0.01084627,0.64603835,-0.030776836,0.045565642,-1.0928003,0.34458458,-0.56964582,0.32586855,0.99259096,-0.80135798,-0.37115771,0.46484542,0.46656352,-0.65717781,-1.0564123,0.50006837,-0.48009321,0.15100299,-1.3674744,0.23780552,-0.24103183,-0.30537921,-0.53538167,0.98624736,0.46088305,-1.8974429,-1.2327361,-0.35063836,0.002579111,0.2953462,0.01989519,0.007820433,0.40511179,0.17994867,-0.16643082,0.1900273,0.37891406,0.35510525,-0.011012219,-0.010861829,0.22154778,-1.4800487,0.000284823,0.4058491,0.01301539,0.126624,0.55094695,0.86826873,-0.44010675,-0.86556947,-0.37632471,-0.067615628,-1.8360499,0.3024911,0.40405411,0.34790298,-0.75455576,-1.234561,0.2672019,-0.52274668,0.062556505,0.13946402,-0.078068689,0.32875907,0.11179964,0.2987344,0.3910681,0.055350766,-0.17048196,-0.44496429,-2.2616704,-0.74566805,-0.97210813,0.028927132,-0.89807862,0.24775696,-0.092468768,-0.29908723,0.13531347,2
0.56765604,0.32246247,0.28996891,0.51831567,0.52004391,0.53619599,0.5143435,0.50217962,0.51672834,0.51879704,0.50845772,0.50742352,0.50560427,0.4926869,0.5142656,0.49268001,0.50187671,0.53121388,0.52279288,0.4891634,0.49816343,0.50900805,0.50141013,0.49536347,0.50166643,0.50233072,0.51752019,0.50049806,0.50654531,0.51403767,0.50585526,0.44288689,0.49309552,0.49622029,0.50956202,0.47845954,0.48547405,0.43012172,0.48444039,0.49331602,-0.87272644,0.27707416,0.424752,0.3945078,1.3107769,1.7265477,1.3402712,0.7175411,0.85542536,1.6441967,1.3997233,1.1984211,0.45233697,-0.23864165,-0.004563861,-0.32180068,0.75577521,0.37237874,0.38630432,0.30151117,-0.84894377,-0.010625001,-0.47553298,0.35984746,-0.68174338,-0.1080469,-0.170169,0.70190746,0.31891531,1.4681668,-0.17781718,0.26903218,-1.1366228,-0.20174493,0.083883315,1.0336475,-0.92854977,0.64810598,0.22099997,-1.0204513,-0.1342572,-1.2066342,-0.53445244,0.60698175,1.0807227,0.71544904,-0.05248075,-1.6310718,0.70231771,0.10418919,-0.98322934,0.42671704,0.035282016,-0.022823203,0.63524014,-0.059017122,0.41964045,-0.48228538,0.16267394,0.62308472,-0.57629466,-1.1108214,0.067464605,0.43590626,-0.44286907,0.10488863,-0.04936371,-0.21623474,-0.057462558,-0.33561426,0.46532619,0.99260813,-0.17165658,-0.47928554,-0.61640602,0.029825166,0.6153934,-1.0356511,0.37265503,-0.98681366,-0.39900485,-1.861784,-0.99518341,0.037129689,-0.46778452,0.32504496,-0.4776808,0.14035194,-0.13420022,-0.21040979,-0.67056131,-0.49306804,0.54513955,-0.96370345,-0.12044469,-0.13170207,0.16597877,0.38663694,-0.54066086,-1.5439035,0.52087069,0.44723424,0.80946577,-0.15212786,0.5171991,0.26943359,0.079628102,-0.29649717,-0.19829015,0.4325372,-0.65912485,-0.084211692,0.42698905,-0.37196642,-0.7037006,-0.11144608,-0.62016863,-0.69503033,0.27412751,-0.23724857,0.012250265,-0.52166367,0.71373588,0.71329218,0.003593626,-0.13842815,-1.7941117,0.87785155,0.017009191,-0.17198151,-0.068020135,-0.51810694,-0.10098092,-0.19912769,-0.62958276,1.0051863,-0.6393981,0.15110528,0.59314382,-1.3498985,-0.12202744,0.3808322,-0.050810426,-0.54290235,-1.2299888,0.53835613,0.37649405,0.22997475,1.1540961,-0.65387022,-0.22214437,0.094126061,0.15512045,0.15643682,0.30086994,0.12832539,-0.053056382,-1.1982958,-1.5409347,-0.70363414,0.27742356,0.5910297,0.098504081,-0.47823727,-0.15529476,0.17372184,1.281299,-0.29808024,0.042894587,-0.40023971,-0.24850617,1.1378138,0.16696164,0.23336059,2.1825612,-0.10645115,-2.3789814,-0.081339374,0.69721651,0.015388998,-0.026374087,-0.75474626,0.098379418,-1.4950808,0.28095156,-1.2806817,0.28955698,0.079315253,-0.84154141,0.087803975,0.25710514,0.48912725,-0.21321061,-0.31697637,-2.5964787,0.27647275,-0.67203224,-0.012227938,-0.13435535,0.23535796,0.41819811,0.18089789,-0.23729782,0.9382605,-1.7060541,-0.8455596,-0.061592579,0.38075453,-0.42806387,-0.28604531,0.31595105,0.4929285,0.003539469,0.52766722,0.41213945,0.77876139,-0.97984648,-0.32851774,0.48175639,-0.10110148,0.23925948,-0.064761877,-0.22923477,-1.1739717,-0.53184491,0.11063878,-0.49147251,0.50781864,1.2064545,0.37602133,-0.41053551,0.1855571,-0.26547158,0.65492976,0.63924837,-0.35886484,0.12388078,1.3842762,0.10652515,0.12413223,-1.100122,-0.20033799,-1.956573,0.96898264,-1.4536614,-0.27106333,-0.23946464,-1.2953984,-0.17753109,0.14326727,0.34758943,0.73184979,0.43108594,0.48603418,-1.7537057,0.83409369,-0.046735708,1.0965658,-0.14529756,-1.0739695,-0.13273101,-0.86440951,0.60903668,0.050963521,-0.79733235,0.35388303,-1.7357346,-1.751516,-1.4471887,-0.37098861,0.41800803,0.74249691,0.25418621,-0.88563722,0.76598191,-1.3386288,-0.38216883,0.31220847,-1.1106985,-0.016746921,-0.044173397,0.4655816,0.094887115,0.44194707,0.044154014,0.41215038,0.058056511,0.54850751,0.074050143,-0.17526743,-0.73422873,0.45897949,1.0552559,-0.57650501,0.68918931,0.54649442,0.57068837,-0.75128436,0.64115047,0.59269786,-1.1571934,-0.53285307,0.097701997,0.15951055,0.2136251,0.92499566,-0.39632481,-0.488978,-0.49910593,0.00594233,0.61767173,-0.28504524,0.021699522,-0.37299269,0.20343009,1.2816256,-1.0219853,0.13500553,0.25881439,-0.6881932,-0.092654184,-0.12774582,-1.3810887,-1.8712423,-0.44101804,0.49820378,0.050063364,-0.36056113,0.7552098,0.24430987,0.48068231,0.29314867,-0.3324683,-0.42975435,0.23479871,0.028014489,-0.088749856,-0.62993288,0.23136523,0.14300659,1.2931802,-1.6768514,-0.077094875,1.5657165,1.6627504,0.49517715,-1.1593196,-0.26949045,-0.33159781,-0.13802943,0.11332606,0.43449497,0.72950369,0.92032331,0.36845326,0.1727052,0.23620269,0.80872208,0.71474123,1.2210107,-0.81476194,0.38329229,0.34233019,0.17153567,-0.38075548,-0.13256894,-1.4009084,0.34741971,0.050206825,-0.51851344,-0.16162318,0.40442196,0.13410619,-0.68769085,0.22773662,-0.22831306,-0.030838236,-0.11777772,0.65403581,1.2134204,0.29551071,0.014626276,0.59067428,-0.14974287,-0.10046949,-1.1036111,0.30260617,-0.59256804,0.42149881,0.81628799,-0.71138006,-0.33870974,0.33214641,0.51661634,-0.56486207,-1.0505755,0.63079602,-0.40850773,0.008921119,-1.5884817,0.26253632,-0.1672013,-0.57175338,-0.58911228,0.98309124,0.59891593,-1.7663552,-1.2096969,-0.36592063,0.034678455,0.24609664,-0.033562537,0.013557522,0.44680473,0.25334358,-0.22935174,0.29492864,0.33700183,0.43754199,-0.088418052,-0.23457956,0.19626018,-1.5328331,-0.021037741,0.48061872,0.013433896,0.16785781,0.65663558,1.0408599,-0.39437163,-0.72028714,-0.39903533,0.1599289,-1.8780481,0.27637109,0.33455133,0.242314,-0.74808013,-1.2139584,0.21200001,-0.62934089,0.063722059,0.059714563,-0.10551295,0.41117164,0.19085917,0.34725362,0.40791649,-0.011688937,-0.1420259,-0.42524314,-2.2418618,-0.72364986,-0.88355303,-0.025828796,-0.79553801,0.2435718,-0.43027931,-0.26392689,0.13512392,2
0.55025733,0.28647774,0.25616121,0.51484478,0.50437957,0.53537023,0.50910091,0.49347511,0.50942177,0.50968051,0.50902492,0.51024103,0.50075328,0.48450392,0.50784916,0.49164999,0.49995041,0.5237093,0.51463455,0.48467547,0.49044734,0.49862525,0.50144964,0.49605435,0.50773096,0.48373851,0.51368105,0.50372368,0.50406963,0.50298095,0.49769783,0.4977321,0.49310735,0.48117781,0.50648272,0.46760398,0.47264913,0.50004745,0.4862026,0.48421398,-0.79936874,0.23680091,0.37429434,0.38926038,1.2848417,1.6868343,1.2848378,0.6803053,0.81815046,1.6076274,1.3712592,1.1708436,0.33905408,-0.23756182,-0.21053587,-0.28004044,0.58800167,0.30660737,0.3267189,0.25827932,-0.44221577,-0.046899643,-0.46404535,0.31493628,-0.72309929,-0.033209406,-0.19054644,0.61681044,0.37914675,1.3815427,-0.13599907,0.2421138,-1.1331234,-0.23034789,0.064270005,0.88265592,-1.012401,0.53946477,0.21597256,-0.95628023,-0.16227204,-1.1717898,-0.5313614,0.51702619,0.84183484,0.73922211,-0.017340509,-1.6298701,0.67435241,0.10740881,-0.99219489,0.35204303,0.037101407,0.17594913,0.73136419,-0.087976895,0.46626002,-0.28247628,0.093442731,0.57813299,-0.75501698,-1.0822601,0.081256069,0.41299492,-0.32183307,0.15527724,0.10349216,-0.1485758,-0.1165118,-0.30288911,0.5164997,0.85896385,-0.18553424,-0.50021166,-0.60927844,0.095289618,0.48015663,-1.0146297,0.34134197,-0.79071307,-0.37215647,-1.7763807,-0.88232684,-0.038014293,-0.51402253,0.29286087,-0.46081924,0.10790051,-0.1143608,-0.095331565,-0.73726314,-0.56518579,0.29553062,-1.0173727,-0.16537549,-0.040930189,0.15443669,0.18219817,-0.4351944,-1.5549264,0.72424734,0.41316897,0.79075301,-0.17282134,0.49742025,0.36553416,0.08547432,-0.079391062,-0.29353011,0.21638764,-0.65878487,-0.1048937,0.3439495,-0.24181975,-0.73141456,-0.029478718,-0.54506558,-0.59370953,0.27608958,-0.27395251,0.047702581,-0.65014607,0.74301058,0.52220964,0.12634358,-0.16957739,-1.7148364,0.66124415,-0.014114626,-0.18097135,-0.031142903,-0.51082671,0.081618108,-0.14581434,-0.6057145,1.0030007,-0.65193731,0.11881546,0.52879512,-1.4693536,-0.16411225,0.34100074,-0.10561189,-0.39375859,-0.86760765,0.48031372,0.083322719,0.19934882,0.87925488,-0.7437101,-0.25341079,0.028844876,-0.020624116,0.15937409,0.28908864,0.14671047,-0.004802927,-1.2054166,-1.5582891,-0.75153077,0.25341144,0.55654824,0.20711955,-0.39040092,-0.33417919,0.18045013,1.2671144,-0.17783706,0.008819241,-0.37249199,-0.20654397,1.0665971,0.2494289,0.23233604,1.2047114,-0.034377676,-2.3312304,-0.10524718,0.64075559,0.025183776,-0.11414063,-0.69991583,-0.057634071,-1.3230374,0.2426565,-1.3422227,0.32330573,0.10382765,-0.86773038,-0.058809143,0.22146097,0.53159297,-0.25851136,-0.25144759,-2.3805184,0.27517554,-0.58477718,-0.019236714,-0.14740714,0.16395736,0.43405521,0.081464015,-0.25598586,0.36892277,-1.3882961,-0.77635151,-0.32945639,0.36724573,-0.44735438,0.14475267,0.17953861,0.4429538,0.059643827,0.58500105,0.42531812,0.83926404,-0.926337,-0.29376739,0.40900725,-0.022924973,0.17590824,-0.084254943,-0.22107777,-1.1493995,-0.53526139,0.10298573,-0.43511295,0.54826224,1.1617064,0.36266905,-0.45029551,0.16756496,-0.39710093,0.48044562,0.5469929,-0.39575306,0.06337513,1.6993325,0.14691417,0.11014102,-0.83408034,-0.090158939,-1.866816,1.0478776,-1.2373093,-0.25361359,-0.25624526,-1.3663833,-0.30284745,0.16657063,0.18508424,0.30173767,0.52859265,0.34975585,-1.7489966,0.8869018,0.007370204,1.100528,-0.071766794,-1.0610526,-0.050162822,-0.84145623,0.54597664,0.073862821,-0.90992498,0.29565591,-1.6889278,-1.6061753,-1.3605762,-0.33107185,0.38638169,0.71262032,0.20841755,-0.79658341,0.64503253,-1.2794971,-0.34606308,0.29700261,-1.0549077,-0.059417158,-0.014029032,0.46843195,0.11825284,0.38745058,-0.032911479,0.37974012,0.062791489,0.58488214,0.015558396,-0.17401469,-0.67952383,0.38909477,1.077997,-0.54045749,0.68461549,0.51872647,0.60248959,-0.68693233,0.57285756,0.40392011,-0.91399384,-0.42043942,0.073052458,0.13351245,0.20346171,0.83369958,-0.32208624,-0.51457071,-0.44927177,0.030933794,0.55337441,-0.25007513,-0.053589202,-0.28236982,0.15249628,1.2163342,-0.87096727,0.12466982,0.31281263,-0.64577055,-0.034166187,-0.097020566,-1.2816304,-1.7882805,-0.21002536,0.53925681,0.14742757,-0.2811307,0.68194622,0.23824909,0.45466283,0.25030512,-0.1496602,-0.46137255,0.1946746,0.13148063,-0.23517545,-0.32971573,0.21196446,0.13453011,1.2822679,-1.5992579,-0.023894878,1.4331378,1.6518257,0.39296976,-1.1706616,-0.30096987,-0.31414264,-0.11304377,0.12924773,0.37053367,0.78884721,0.65210992,0.50795114,0.18635756,0.21679112,0.89952034,0.662247,1.1537725,-0.8014639,0.3734163,0.27120608,0.19103684,-0.28475678,-0.11997789,-1.4771597,0.28553036,0.033798259,-0.36366832,-0.098280363,0.36205617,0.14555962,-0.56978881,0.19164255,-0.24148592,0.2614812,-0.087427273,0.597314,0.9870379,0.20860457,-0.029845122,0.61795402,-0.085375205,0.088879682,-1.0780222,0.26450846,-0.62668407,0.11734416,0.75906098,-0.81357986,-0.32445467,0.44517112,0.44030711,-0.54425806,-0.98466808,0.59825963,-0.58807623,0.1123499,-1.3884393,0.34377733,-0.22677957,-0.43278575,-0.51711011,0.99355775,0.48985443,-1.7337413,-1.2671881,-0.32020593,0.070966683,0.23295592,-0.019281294,-0.001862468,0.43344072,0.19133025,-0.20231731,0.20396307,0.29928198,0.3523173,-0.007251211,-0.16313943,0.1751731,-1.5047837,0.17566863,0.39638183,-0.016462076,0.0964377,0.64998609,0.87336725,-0.35104063,-0.80644405,-0.34816819,0.28918326,-1.7677321,0.38182688,0.40117395,0.33366621,-0.7697196,-1.2022883,0.27845475,-0.56683058,0.12082154,0.089825988,-0.14753145,0.50925976,0.13881813,0.32300997,0.33894408,0.084031731,-0.11358228,-0.35829443,-2.1414461,-0.70731407,-0.86325401,0.052918483,-0.76196742,0.20733172,-0.17029053,-0.22093177,0.10057685,2
0.60720193,0.36187351,0.32740241,0.59651864,0.559425,0.63921845,0.60088551,0.55284548,0.56335914,0.61364168,0.55918264,0.56427002,0.55353159,0.54613543,0.58509851,0.5836302,0.5518955,0.6330651,0.60139656,0.52782661,0.5585593,0.6003896,0.55823725,0.55793726,0.58808935,0.57656848,0.56678778,0.61202419,0.57357883,0.59839416,0.56154835,0.54211891,0.56197262,0.54828203,0.58666033,0.54914343,0.55639267,0.5433833,0.54700667,0.5535605,-0.77609509,0.30560386,0.31178468,0.30868295,1.2208645,1.5954926,1.2136773,0.60546005,0.73529041,1.5276177,1.2982239,1.0890995,0.32681018,-0.20798875,-0.22301117,-0.2492189,0.57501096,0.28804314,0.35151523,0.26406232,-0.48627317,0.025528606,-0.47317067,0.3748481,-0.54014719,-0.21112396,-0.13470662,0.42545786,0.41872534,1.2547783,-0.17260236,0.22869769,-0.98972631,-0.14529577,0.16702209,0.80427355,-0.98462135,0.54424268,0.32574517,-0.8104142,-0.097473882,-0.96714044,-0.52456403,0.15032887,0.78597486,0.68200439,-0.025168892,-1.4674191,0.76819301,0.10316394,-0.81672585,0.54183018,0.033050872,0.003152806,0.62760794,-0.099391647,0.37033066,-0.42190737,0.01264606,0.45098618,-0.60249293,-0.95424789,0.15993184,0.33124161,-0.26062086,0.16628307,0.07722199,-0.14514697,0.011281937,-0.29856327,0.4904435,0.90574795,-0.12386482,-0.63706136,-0.45853472,0.079458237,0.3058899,-0.83225143,0.25815481,-1.0511438,-0.38992989,-1.6544925,-0.94356269,0.021571923,-0.40946868,0.25725424,-0.36046642,0.12634319,-0.10384128,-0.13714276,-0.56502402,-0.3064214,-0.007777333,-0.90059197,-0.070443906,-0.17462784,0.18099464,0.28967565,-0.43636307,-1.3350179,0.40880674,0.4099364,0.65618759,-0.12394682,0.58370101,0.30744651,0.069309421,-0.39216217,-0.08541204,0.22231089,-0.58376849,-0.12667175,0.34447917,-0.16538692,-0.70821857,-0.11406136,-0.55731392,-0.59193033,0.20148355,-0.087658033,0.086423188,-0.72110939,0.66512841,0.63104779,0.065184757,0.072107457,-1.5086682,0.50880098,-0.11215916,-0.1104926,-0.066132806,-0.5650996,-0.02328472,-0.077447556,-0.53871441,0.8327415,-0.52346796,0.11594661,0.44831601,-1.5600851,-0.18225166,0.29706088,0.031228006,-0.43068188,-0.88114768,0.53671318,0.34320831,0.44092834,0.77589899,-0.60182458,-0.22520739,0.083823442,0.31466499,0.19552244,0.20983963,0.24610914,-0.036356971,-1.0183698,-1.2452029,-0.68476069,0.27386209,0.17734441,0.097129941,-0.42173201,-0.13302255,0.1839205,1.2595203,-0.10131983,0.016140342,-0.46161571,-0.2486857,0.87925804,-0.008301936,0.23730305,0.88971508,0.030783847,-1.8427898,-0.10972261,0.57247823,-0.038321182,-0.2943033,-0.64889753,0.17449823,-1.3669237,0.23749357,-1.2387547,0.36742619,0.039592963,-0.7182017,0.049304791,0.073796049,0.3710956,-0.23276597,-0.29546365,-2.3707387,0.24603972,-0.37089914,0.14189433,-0.080543242,0.23896539,0.36408362,0.29639798,-0.27035153,0.38970941,-1.3045638,-0.71787196,-0.29088643,0.62009788,-0.38284874,0.10098993,0.1979771,0.59799308,0.011626551,0.46826822,0.31231222,0.79308873,-0.92015636,-0.28217104,0.79156756,0.066094138,0.2137599,-0.032572944,-0.23138663,-1.0096319,-0.48579603,-0.019131891,-0.33595419,0.63192058,1.0382981,0.3491168,-0.36494097,0.25289309,-0.37655294,0.47461653,0.60101444,-0.29327074,-0.012447439,1.1509632,0.12326114,0.086160086,-0.77409285,-0.16762204,-1.8480307,0.87942994,-1.2468791,-0.3347761,-0.21609335,-1.5382633,-0.13042043,0.12530525,0.075790219,0.41461045,0.11160874,0.094839483,-1.6088414,0.63683629,0.10659042,1.0270532,-0.031875584,-0.92937016,-0.16328162,-0.7763055,0.51202542,0.0972877,-0.78899139,0.28934187,-1.5221198,-1.6612995,-1.2262954,-0.30899984,0.37796235,0.30987504,0.23017161,-0.70699185,0.58750731,-1.2234079,-0.24454443,0.31359464,-0.98159355,0.02450435,0.027715569,0.5145694,-0.095242076,0.37523258,0.12500909,0.33309898,0.093897626,0.61501199,0.049803071,-0.03443668,-0.56771547,0.36585155,0.96375978,-0.43655697,0.5326848,0.54543543,0.57637608,-0.59800053,0.68952698,0.31947589,-0.95586634,-0.5069834,0.19541745,0.11614213,0.16136682,0.784172,-0.37935048,-0.50846857,-0.46726841,0.078924082,0.65057838,-0.30915767,0.11209274,-0.2183158,0.011351317,1.2755426,-0.96005356,0.17229706,0.26522461,-0.60360491,-0.032672003,-0.017662913,-1.289755,-1.6821817,-0.2464435,0.52006769,0.053529054,-0.36135185,0.71804476,0.067571521,0.3887555,0.21260107,-0.26225859,-0.38458246,0.18583035,0.12834764,0.01939337,-0.63718826,0.18771225,0.1600903,1.0587659,-1.5886092,-0.086203545,1.2605704,1.3669564,0.33860117,-0.98050374,-0.2119696,-0.2103211,-0.11167672,0.036550157,0.38097543,0.56382751,0.64553869,0.34360901,0.067958206,0.23753852,0.64197868,0.69921088,0.88043332,-0.6256777,0.46394444,0.23469706,0.27085322,-0.29878637,-0.17756265,-1.3235213,0.26000294,0.10135081,-0.42144492,-0.13576308,0.64717621,0.1846628,-0.66291517,0.17612001,-0.17457326,0.15503246,-0.13124874,0.79189646,0.97169256,0.25410348,0.00629784,0.4839296,0.033070862,0.00076976,-1.0055367,0.19974393,-0.5079869,0.13680384,0.50679553,-0.76073045,-0.33639407,0.32159221,0.5223515,-0.44795793,-1.0664421,0.57380426,-0.49211442,-0.00222541,-1.1493909,0.29470375,-0.22386542,-0.52851099,-0.36291182,0.9585827,0.55823541,-1.6481022,-1.0569086,-0.32611972,0.069565408,0.22005001,-0.079036728,0.075975806,0.4276644,0.18818924,-0.25953507,0.3915928,0.31943592,0.3485215,-0.056642018,-0.17460033,0.22748496,-1.3359189,-0.026383411,0.36309636,-0.018041296,0.2047123,0.64495987,0.7715475,-0.30652222,-0.68243772,-0.29050505,0.065348208,-1.7374444,0.24011886,0.40427917,0.30047986,-0.59806573,-1.0284127,0.21341285,-0.53659475,0.016311973,0.023198731,-0.049086113,0.34364086,0.067800641,0.2967425,0.43160501,0.000232108,-0.076026946,-0.31872827,-1.9706063,-0.61773163,-0.73024839,-0.015928168,-0.70352483,0.20849341,-0.28464481,-0.24242118,0.075181931,2
0.57372725,0.31894353,0.27958062,0.52553052,0.53677022,0.46017891,0.52568173,0.51693201,0.52568239,0.53023267,0.52231073,0.52830762,0.52186561,0.50648832,0.53015149,0.51216584,0.51672947,0.54305297,0.54314095,0.50537407,0.51530063,0.51902688,0.51785988,0.50609636,0.52895427,0.51612568,0.53929853,0.51726764,0.51984,0.53141493,0.52009815,0.5251928,0.51284933,0.50970566,0.5232594,0.49283117,0.4981069,0.52226567,0.50457418,0.51272172,-0.88647819,0.26003274,0.46671438,0.45935339,1.3750262,1.7639613,1.3770432,0.78372538,0.92117214,1.7090019,1.4579425,1.2706146,0.34748936,-0.22591394,-0.22546445,-0.28810167,0.61199403,0.31379157,0.40568918,0.29646504,-0.84674871,0.0312602,-0.4949353,0.39743721,-0.61867291,-0.13100627,-0.19221558,0.65261543,0.35273498,1.6057913,-0.20255807,0.21886387,-1.2310556,-0.21802495,0.091975167,0.79717934,-1.0170456,0.5483734,0.27612242,-1.0107603,-0.12168437,-1.2451451,-0.50902891,0.55212212,0.84393013,0.90904361,0.001767743,-1.7197554,0.89713031,0.14267747,-0.99943244,0.52688301,0.044115778,0.11922969,0.81998503,0.024532296,0.45127684,-0.55965996,0.12291772,0.59511304,-0.67703515,-1.1711113,0.090033688,0.49254975,-0.36646259,0.19728048,-0.033298992,-0.19807354,-0.094539896,-0.29908407,0.49566519,0.87311679,-0.22903475,-0.46544319,-0.63948959,0.32431489,0.65043384,-1.1646041,0.39676607,-0.86296487,-0.40380904,-1.8550718,-1.13966,-0.034522992,-0.55072385,0.21949333,-0.40443179,0.1083399,-0.1154529,-0.25562665,-0.90520322,-0.40068209,0.59501785,-1.0826902,-0.23415267,-0.10799077,0.14598073,0.29705781,-0.50603414,-1.6975729,0.90506923,0.45142636,0.89359635,-0.21446146,0.48799917,0.2630313,0.11465995,-0.015311629,-0.21775907,0.3674483,-0.58898884,0.034835652,0.39281934,-0.30242348,-0.815274,-0.08011657,-0.72770625,-0.67449534,0.31512272,-0.33512247,0.056066707,-0.67980146,0.78193903,0.76223892,0.13819608,0.006746133,-1.9436601,0.89456773,-0.052141957,-0.22442469,-0.048874814,-0.57744884,-0.012574992,-0.1649771,-0.58761036,1.1390995,-0.66047716,0.11620194,0.64619482,-1.7123498,-0.19955622,0.21417886,-0.060778573,-0.64480853,-1.0150223,0.43453684,0.15433285,0.097573131,0.71541619,-0.71177578,-0.29254162,0.055283632,0.025025787,0.25072554,0.1878055,0.1109508,-0.01872392,-1.2880194,-1.6776533,-0.78776991,0.26391053,0.6347512,0.11917634,-0.38695383,-0.18564555,0.11143065,1.3828468,0.10540407,0.036046989,-0.37770203,-0.28310421,1.1452361,0.1286575,0.25358415,1.5956248,-0.08389315,-2.4580696,-0.095331565,0.72287279,-0.011357609,-0.15843832,-0.89792991,0.081305087,-1.580091,0.25040609,-1.3596234,0.35784301,0.079663672,-0.85140753,0.069466911,0.18960851,0.5959174,-0.2609393,0.016075701,-2.8581054,0.36744642,-0.45222691,-0.12185101,-0.14684367,0.24639447,0.51680696,0.07351809,-0.12739944,0.43750626,-1.7128526,-0.94709325,-0.43185854,0.51220065,-0.40913495,0.075865768,0.23155354,0.48658121,-0.005882467,0.59245151,0.45702362,0.83854425,-1.1033635,-0.32023793,0.8804636,-0.052699003,0.23589474,0.011620054,-0.16675192,-1.2574984,-0.51476365,0.10421613,-0.34848142,0.61601901,1.321413,0.35888407,-0.37548554,0.2632007,-0.46079984,0.73033422,0.78200722,-0.38286421,0.061687391,1.8176866,0.24267063,0.16281366,-1.1776247,-0.21555398,-2.1171701,1.0828353,-1.4711463,-0.3943418,-0.11353338,-1.4461714,-0.21068731,0.23123418,0.12291703,0.64052206,0.57620186,0.47433272,-1.9574927,0.92733115,0.086024404,1.2899998,0.014052626,-1.0964916,-0.094599754,-0.9354679,0.55893993,-0.060609311,-0.88408256,0.43390098,-1.9084485,-1.8076847,-1.6227392,-0.34912837,0.58851707,0.7966013,0.29043189,-1.0671556,0.73765665,-1.4811251,-0.33147767,0.38277918,-1.2235837,0.13534486,-0.003372632,0.52468634,-0.010590352,0.453486,0.019708278,0.60070956,0.058119457,0.71461833,0.04233744,-0.14082691,-0.8901695,0.40432191,1.1486852,-0.68785369,0.67393017,0.60191202,0.61548388,-0.76736832,0.74152446,0.54332173,-1.1250762,-0.62231803,0.063664906,0.19155583,0.21985291,1.0003814,-0.33793059,-0.50741851,-0.53798628,-0.011467693,0.72468311,-0.30701286,0.025252067,-0.37260875,0.1493597,1.4380281,-1.04335,0.11460851,0.45460588,-0.67254966,-0.041094892,0.15283141,-1.5393786,-2.0427055,-0.28315625,0.57467818,0.085410997,-0.2783767,0.76738173,0.2507627,0.52236462,0.26625374,-0.12951806,-0.60354733,0.20834254,0.10008612,-0.17341603,-0.2285752,0.20436706,0.15011497,1.5218545,-1.6841109,-0.049316477,1.6151737,1.7973368,0.50041461,-1.2404815,-0.34057134,-0.57288814,-0.20805788,0.11405908,0.45688799,1.0114663,0.79228359,0.53196281,0.19233173,0.23168008,0.75844717,0.71995175,1.2677732,-0.94210792,0.31943229,0.44926018,0.076645494,-0.32703298,-0.16718458,-1.4175458,0.32345718,0.023818841,-0.45099127,-0.15852764,0.71640557,0.27981648,-0.78565454,0.14962882,-0.240941,0.32994843,-0.22368318,0.75540173,1.1375488,0.24907424,0.044034995,0.6603449,-0.065493219,0.16562113,-1.1626674,0.2810832,-0.63563496,0.24756117,0.7600584,-0.7676301,-0.45884907,0.40019578,0.49567899,-0.74585074,-1.2474508,0.7113086,-0.69383329,-0.088093057,-1.5612783,0.26954445,-0.19431666,-0.53678817,-0.51477879,1.1378363,0.47275227,-1.9381013,-1.2796386,-0.40074897,-0.014063339,0.28451842,-0.004269883,0.09485577,0.55292445,0.19644955,-0.2050167,0.23208515,0.39509416,0.46512881,-0.10662712,-0.13437696,0.38011467,-1.6575888,0.011221429,0.53360158,0.05938695,0.1524566,0.68564039,1.1551969,-0.35106814,-0.92718047,-0.36470053,0.52880991,-2.0502963,0.29827482,0.26519084,0.37683743,-0.84916222,-1.4002285,0.33557934,-0.59811586,0.17273682,0.10663581,-0.085912243,0.47721148,0.14082924,0.35115403,0.48474982,0.00903827,-0.28754157,-0.48706889,-2.3229399,-0.77612817,-1.057302,0.069972768,-1.030605,0.097630098,-0.13034271,-0.32277137,0.058349073,2
0.55748546,0.30933794,0.27489656,0.56893504,0.53759015,0.58431917,0.55945241,0.54415727,0.55838358,0.54991758,0.54676318,0.54094434,0.54700464,0.52528965,0.55515021,0.5369941,0.54697073,0.58619404,0.56659532,0.52979493,0.52297091,0.54175687,0.52701044,0.54124016,0.5450964,0.53557408,0.54162586,0.53000563,0.54789984,0.5415166,0.5359571,0.52904356,0.53310418,0.52482367,0.54118973,0.51162302,0.51837039,0.53858685,0.51560163,0.52744937,-0.86877322,0.25842977,0.36547959,0.35794309,1.2873633,1.7091639,1.3046664,0.69328564,0.81061733,1.6127934,1.3931736,1.1745205,0.28770584,-0.18640529,-0.11490546,-0.39475763,0.46210605,0.23043351,0.35065961,0.19263944,-0.66532516,0.055515338,-0.52405232,0.19495811,-0.66400385,-0.04587508,-0.069943652,0.62582922,0.28515846,1.640159,-0.15826455,0.20512457,-1.0982685,-0.26067376,0.12580548,0.64517522,-0.87162298,0.50803578,0.4126516,-0.87461263,-0.21748552,-1.1936704,-0.57768458,0.24824007,0.675583,0.69629383,-0.040413097,-1.6054068,0.7626819,0.072953314,-0.97661495,0.61866379,0.07513281,-0.035002321,0.49879074,-0.010088757,0.2135769,-0.48638457,0.30749264,0.47867954,-0.45797962,-1.1123054,0.2072323,0.4884153,-0.18673401,0.12512338,-0.008731009,-0.19466111,-0.14183319,-0.2995837,0.40998834,0.88935643,-0.18182567,-0.44023633,-0.5717591,0.29191506,0.43657166,-1.011533,0.44877598,-1.0631717,-0.38463026,-1.7365656,-1.0313536,0.009133816,-0.611368,0.15156728,-0.40495616,0.24538469,-0.14786473,-0.30548257,-0.79167688,-0.3212592,0.096939109,-1.0123692,-0.15148631,-0.19548094,0.24560687,0.46034357,-0.5307405,-1.4882417,0.61174399,0.42189601,0.7890687,-0.11357794,0.58935529,0.21173972,0.094951645,-0.39777732,-0.27766594,0.13872398,-0.11919823,-0.18688221,0.27887782,-0.27856633,-0.70831698,-0.060003743,-0.62735796,-0.60132861,0.28667122,-0.3258965,-0.015589835,-0.53593779,0.55750191,0.53447407,0.029098272,0.16370724,-1.7029805,0.84045225,-0.05150681,0.014114752,-0.054903176,-0.50631773,-0.022748375,-0.17715859,-0.53337693,1.0061965,-0.74989617,0.06257762,0.39713272,-1.4585006,-0.15891819,0.37458155,-0.11122854,-0.71536273,-0.9485476,0.55624712,0.25542253,0.26831913,0.61342192,-0.65614051,-0.36408505,-0.0438153,0.040667843,0.23987558,0.12138633,0.1521391,-0.14255068,-1.160661,-1.492831,-0.66508347,0.3141053,0.59375328,0.12019269,-0.38174495,-0.22617719,0.14551927,1.4941312,-0.033538207,0.059538562,-0.41614684,-0.27862886,1.0338864,0.10978793,0.16864967,1.4609272,-0.049931973,-2.3131409,-0.077142835,0.47466904,0.006007957,0.15350653,-0.77541071,0.043131284,-1.4074109,0.27980426,-1.2278637,0.64285809,-0.048673078,-0.76299363,-0.007829487,0.1315915,0.58486021,-0.24003543,-0.26398429,-2.5325224,0.36240616,-0.6524241,-0.041994546,-0.11981039,0.22133508,0.6245743,0.10884462,-0.28572518,0.68287909,-1.5317539,-0.83949274,-0.33922005,0.41754821,-0.3248921,-0.007384569,0.53453088,0.466135,0.059818428,0.55523467,0.50529981,0.82441783,-1.0236845,-0.29696357,0.71046972,0.029846149,0.28595993,-0.063223213,-0.23684795,-1.1364186,-0.50153285,0.06048739,-0.45661509,0.60039586,1.1438977,0.43094888,-0.46937934,0.07440453,-0.43479648,0.4342182,0.53713024,-0.046080321,0.29128116,1.4845626,0.14581895,-0.003957868,-0.91291559,-0.1209016,-1.8628166,1.1459099,-1.4793897,-0.26774824,-0.14851359,-1.4712286,-0.044218279,0.20964007,0.049563654,0.66133767,0.43182009,0.3958196,-1.7337027,0.92009431,-0.18042693,1.1972839,0.032724641,-1.0518004,-0.08518824,-0.74526495,0.57284147,0.5018965,-0.81464607,0.34734544,-1.7120856,-1.6374896,-1.4688479,-0.3593035,0.35665035,0.1838319,0.16800681,-0.89082301,0.61966479,-1.2785623,-0.16885416,0.2036244,-1.1148447,-0.021188227,-0.051122606,0.5027402,-0.016698822,0.29240978,0.046641745,0.46899033,0.035200566,0.96609223,0.003594,-0.13102378,-0.73179334,0.3191666,0.9902705,-0.52444524,0.55860102,0.43598607,0.60041749,-0.5467428,0.60015619,0.43272689,-1.0332057,-0.51091051,0.047556899,0.36861521,0.3049894,0.78627086,-0.35172164,-0.4655785,-0.50329566,0.11294901,0.57586432,-0.83306861,0.031746414,-0.29823303,0.31349507,1.1930528,-1.0539367,0.23795994,0.20162007,-0.49419165,-0.072868705,0.013586089,-1.415103,-1.9455841,-0.029424578,0.48652709,0.13057795,-0.28453746,0.80191517,0.24714328,0.45274276,0.20252913,-0.33046344,-0.5172078,0.22918861,-0.12158075,-0.12161149,-0.54741669,0.1418689,0.16646352,1.1463796,-1.5138967,0.25133803,1.5371401,1.398082,0.37626117,-1.3365548,-0.25670603,-0.509835,-0.088208243,0.043778989,0.50666183,0.86240351,0.87669909,0.3565304,0.21162455,0.22152588,0.59805077,0.70946014,0.87713462,-0.80319142,0.24376053,0.34473568,0.11664581,-0.31963816,-0.15981586,-1.646511,0.23087004,0.06800323,-0.32262522,-0.003645428,0.51826084,0.41699287,-0.77566433,0.35574421,-0.22686532,-0.013500676,-0.2059038,0.51987261,0.92060912,0.093584374,0.028958244,0.6342963,-0.085849114,-0.068236783,-1.0492289,0.32103288,-0.51796085,0.2474758,0.79464161,-0.84362352,-0.46390077,0.42957646,0.47278929,-0.63400316,-1.1011144,0.54030973,-0.48957622,-0.056981273,-1.4351271,0.33685446,-0.10224105,-0.43918654,-0.2840488,0.91411376,0.50235343,-1.8113983,-1.1245681,-0.30530563,-0.11012918,0.36270857,0.017593646,0.18429512,0.56820923,0.11651438,-0.088128902,0.29693684,0.34069476,0.45078281,0.15424553,0.089716054,0.013557926,-1.3411826,-0.10803025,0.55539048,-0.083338335,0.08042378,0.74543703,0.81095743,-0.32925013,-0.56673849,-0.36354479,0.059425887,-1.8823299,0.20904687,0.31926718,0.45970219,-0.70475727,-1.2792304,0.11913171,-0.66442823,0.039072409,0.14263016,-0.13252212,0.74358821,0.20251831,0.30627826,0.58623672,0.012052989,-0.32461241,-0.4393073,-2.1790953,-0.76922077,-0.94332802,-0.10988086,-0.92907065,0.25945455,0.11326654,-0.28939936,0.21165155,2
0.64438605,0.37593424,0.33607787,0.66666138,0.63716024,0.68268466,0.67985976,0.64747834,0.6424492,0.65682089,0.65631878,0.65050578,0.66440213,0.64739418,0.67230821,0.69402206,0.66778374,0.72257388,0.65795392,0.63973391,0.6345467,0.67360204,0.63815451,0.63991308,0.61937141,0.6550625,0.669168,0.66677594,0.62597227,0.65724629,0.65252209,0.62009168,0.62361896,0.6603601,0.6577251,0.65346527,0.64065403,0.63590598,0.64280164,0.65701365,-1.0018183,0.31934145,0.39195812,0.29858181,1.2883556,1.7266464,1.3063916,0.68479598,0.81658947,1.6168654,1.3784049,1.166845,0.27078217,-0.26783186,-0.16007558,-0.69921249,0.54904372,0.17355326,0.30760822,0.09794125,-0.75776434,0.019628152,-0.51371378,0.32001296,-0.70649296,-0.13450631,-0.014183789,0.61783761,0.16541259,1.572801,-0.12006174,0.36782119,-1.2289497,-0.30548239,0.13294804,0.84680569,-0.9257499,0.54454565,0.35221711,-0.91997194,-0.28093123,-1.1558785,-0.6673004,0.15350421,0.80586529,0.67710823,-0.092647105,-1.7090118,0.80827403,-0.06293834,-1.0692996,0.5490104,-0.015888799,0.03475238,0.69987053,0.28648365,0.24519926,-0.39938387,0.50303704,0.54133922,-0.66299701,-1.1596522,0.090450883,0.4977771,-0.24180254,-0.056759253,0.08166334,-0.19665824,-0.094234347,-0.33110195,0.60028923,0.85761511,-0.13313213,-0.51297426,-0.5574013,0.069514282,0.57117629,-0.94829166,0.26562244,-1.2178369,-0.4386355,-1.7661295,-1.0024352,0.02174183,-0.47343788,0.32343775,-0.38111913,0.16421843,-0.14985068,-0.15239792,-0.81148529,-0.38299319,0.008771651,-0.96659178,-0.18376303,-0.078122027,0.21748035,0.57347131,-0.58517563,-1.4312023,0.57536072,0.41206875,0.80102974,-0.12852429,0.6052866,0.05981341,0.061268337,-0.29426557,-0.21878971,0.020010293,-0.51644152,-0.030260742,0.32576299,-0.21006344,-0.74065644,-0.1129784,-0.57983625,-0.59952229,0.27191216,-0.26218209,-0.0816167,-0.67645311,0.7738952,0.53076518,0.17654975,0.1708193,-1.72262,0.73153961,0.069349974,-0.20072497,-0.09466473,-0.5929994,-0.002684348,-0.2059691,-0.67382705,0.98198807,-0.75979424,-0.048771597,0.26305449,-1.7348983,-0.17114745,0.40149671,-0.1028813,-0.56342858,-0.81456399,0.55027068,0.35872492,0.67199421,0.72563219,-0.67417151,-0.50009251,-0.1514928,-0.042121969,0.28160954,0.11489469,0.2865079,-0.16397665,-1.1895139,-1.5136994,-0.71147978,0.37887001,0.56416416,0.041669235,-0.36257386,-0.46315211,0.17455,1.0933887,-0.035037301,0.024367437,-0.40937242,-0.17075038,1.1532599,0.1987756,0.15018144,1.0862548,-0.11182949,-2.4945912,-0.05246456,0.57128316,-0.01718249,0.35415235,-0.70894933,0.14510751,-1.4626695,0.21639195,-1.0584016,0.36006722,-0.029222928,-0.79861629,0.011036592,0.22563559,0.52952594,-0.27626401,-0.3759051,-2.5610099,0.41375268,-0.52316892,0.14848575,0.030802518,0.24695322,0.55689764,0.36745125,-0.21614154,0.69905704,-1.4292039,-0.79148895,-0.35262841,0.28307837,-0.46718621,0.16542561,0.62127322,0.44963539,-0.043002795,0.54010171,0.4911648,0.90083063,-0.96522462,-0.31348342,0.66854316,-0.096421659,0.258048,-0.14153835,-0.26518562,-1.2577317,-0.50131464,0.014268622,-0.52441812,0.65384072,1.1827618,0.40900439,-0.54064786,0.11317622,-0.41006282,0.48041928,0.59500605,0.21986341,0.47033373,1.4150728,0.065557964,0.18758231,-0.85016942,-0.089629173,-1.9047062,1.030172,-1.3516079,-0.21052635,-0.1188461,-1.5466599,-0.011057898,0.094627827,0.093566686,0.62398738,0.54955786,0.33512607,-1.8438221,0.79940093,-1.9841925,1.2046354,-0.057521664,-1.0510688,-0.14037097,-0.77223217,0.52292728,0.18469983,-0.86954468,0.45257199,-1.6938138,-1.7520328,-1.4369274,-0.43508714,0.33283341,0.43143332,0.095216602,-0.90998191,0.65701216,-1.1532024,-0.11476375,-0.41829404,-1.1077867,-0.16099447,-0.13616443,0.55165851,-0.030748174,0.33097792,0.036333963,0.28473487,0.058600366,0.61129051,-0.12757835,-0.18367496,-0.89856136,0.34441251,0.98385656,-0.62538075,0.44977945,0.46560565,0.5774585,-0.64715743,0.77537274,0.5871799,-0.97414577,-0.57588691,-0.14764598,0.11383342,0.25187716,0.89932024,-0.57003486,-0.41059813,-0.45664012,0.19456428,0.62608385,-0.27602234,0.15922391,-0.37135443,0.59110272,1.1977338,-0.94831377,0.18401207,0.18880174,-0.60735428,-0.1025314,-0.078049675,-1.3967345,-1.9045383,-0.22111763,0.50255191,0.075134218,-0.27609622,0.81546515,0.15726793,0.4286733,0.2551575,-0.37796211,-0.4221876,0.29769701,0.017335638,-0.067476615,-0.48079634,0.08865463,0.22442889,1.2162147,-1.5169823,0.51004374,1.5081023,1.4223993,0.22932117,-1.3153372,-0.239742,-0.37679073,-0.13932571,0.12137722,0.36032641,0.76609075,0.8366316,0.37857708,0.20072465,0.21474665,0.54010332,0.73614526,0.85511982,-0.86409831,0.30970842,0.22016916,0.131345,-0.34914252,-0.13780342,-1.6295012,0.18365833,0.038648028,-0.26184356,0.16654012,0.56196004,0.61933202,-0.55522615,0.29661438,-0.29744899,0.2461122,-0.13322912,0.73481774,1.0600612,-0.090591922,-0.087036677,0.57956278,-0.27117372,0.11168647,-1.0653152,0.32362643,-0.63901609,0.35703915,0.70272946,-0.75504971,-0.40189168,0.43434352,0.48533475,-0.60304749,-0.99344534,0.64819598,-0.44120044,0.024197213,-1.5428531,0.27629381,-0.21907657,-0.62984711,-0.2807155,0.94900644,0.51303661,-1.7963358,-1.2625084,-0.37513012,-0.063290656,0.25974175,-0.041537106,0.26695395,0.50626802,0.068896696,-0.13833112,0.34407073,0.38978407,0.40618816,0.076318249,-0.07119219,-0.241651,-1.3076255,-0.076632634,0.38161531,-0.018306136,-0.019802198,0.6332522,0.91665792,-0.36747101,-0.31536689,-0.343999,-0.13819873,-1.9878707,0.27899447,0.50886118,0.37465876,-0.73575062,-1.1942585,0.097864613,-0.60019249,0.044988066,0.096750438,-0.13496581,0.54037756,0.43973571,0.29899919,0.55899048,0.053989295,-0.099002689,-0.36118641,-2.211242,-0.77207309,-0.87570995,-0.08412385,-0.82740629,0.23435001,0.38280147,-0.33363011,0.427082,2
0.62124145,0.37001872,0.31635615,0.65093172,0.66480035,0.7167142,0.6516422,0.64138281,0.6949262,0.6782949,0.65706885,0.63082731,0.64008784,0.62013674,0.64360321,0.62607038,0.63080835,0.6831255,0.70913726,0.63784635,0.65134418,0.66031611,0.64438391,0.62889636,0.65968519,0.64843333,0.66566384,0.67726719,0.60691506,0.6671387,0.6324656,0.6450966,0.63793981,0.6504842,0.68042761,0.57400036,0.63485813,0.64901078,0.62312865,0.63605762,-0.80796647,0.2922776,0.36169916,0.3622902,1.3134155,1.7144057,1.291052,0.67924064,0.80285615,1.6257625,1.4081732,1.1699808,0.34909055,-0.20467821,-0.11914048,-0.25345069,0.59759748,0.3224583,0.36665434,0.2429464,-0.66838074,0.11262286,-0.37834027,0.35007817,-0.81385422,-0.066188075,-0.12963147,0.63424343,0.43641397,1.5515954,-0.20855936,0.29005036,-1.0443983,-0.26475596,0.10041272,0.75429511,-0.95345801,0.57591224,0.16801056,-0.90424061,-0.08391995,-1.0851016,-0.45447692,0.65856314,0.81486768,0.76074934,-0.000285896,-1.55251,0.77786744,0.13074805,-0.95919353,0.46651974,0.07424584,-0.021215405,0.68241572,-0.11934114,0.53958607,-0.46138653,0.10471557,0.5119648,-0.65255004,-1.0843197,0.091172233,0.47096789,-0.37608612,0.41118038,0.13119118,-0.16275038,-0.060825039,-0.29806751,0.62174553,1.0669547,-0.26121226,-0.36307567,-0.62012017,0.30901989,0.61501223,-1.0454905,0.35530895,-1.3316951,-0.36167359,-1.722555,-0.97528505,-0.033818435,-0.48588821,0.24767518,-0.47306791,0.11128614,-0.19068946,-0.13091476,-0.94020176,-0.48808563,0.12420988,-0.93985838,-0.080683999,-0.12535949,0.13812062,0.33171996,-0.53446448,-1.5949038,0.59803641,0.43312505,0.82296282,-0.1329482,0.59372532,0.43096679,0.14319149,-0.42720783,-0.26248646,0.36584803,-0.65878505,-0.11567499,0.35161525,-0.18659441,-0.74717176,-0.05372642,-0.51327425,-0.61726081,0.28589305,-0.26549253,-0.055502377,-0.53073144,0.70991611,0.77324426,0.078269698,0.01051791,-1.8828809,0.69344044,-0.092153624,-0.093462989,-0.039237794,-0.49139139,0.011905536,-0.2571151,-0.59625721,1.0093561,-0.56779277,0.12900665,0.63912266,-1.5484991,-0.39943492,0.34074554,-0.072259963,-0.44763267,-0.97015601,0.5314973,0.23143993,0.31902295,0.86540473,-0.61436689,-0.27424154,0.12199409,0.28544009,0.20789291,0.25759336,0.10859966,-0.28424686,-1.1574855,-1.4923136,-0.78825217,0.20507285,0.54656613,0.2133432,-0.51066303,-0.46247303,0.19988237,1.5714093,-0.007288106,0.049234159,-0.38440907,-0.27384812,1.1206625,0.075007394,0.21294104,1.5386944,-0.069911346,-2.6554229,-0.11785386,0.63644338,0.013158974,-0.1522311,-0.79475492,0.081199035,-1.4099553,0.3077637,-1.3827382,0.3299323,0.057644479,-0.79681152,0.057583679,0.36209148,0.48201591,-0.33141649,-0.46256122,-2.5846863,0.32497969,-0.50684357,-0.25191966,-0.19521654,0.21363509,0.46878129,0.59693462,-0.23501806,0.69894397,-1.4985644,-0.98117942,-0.28485629,0.21119183,-0.47832072,0.045745373,0.16864182,0.48156703,0.021990901,0.57062536,0.37292433,0.96074331,-1.1735513,-0.34957132,0.56716841,-0.066905335,0.30155975,-0.057973318,-0.24569502,-1.0632472,-0.42217147,0.047429562,-0.36369002,0.56277251,1.1380632,0.42487514,-0.42541766,0.046457894,-0.382824,0.49045339,0.6397655,-0.45416424,0.13620165,1.711213,0.34636617,0.058359545,-0.93403602,-0.23214161,-1.9786081,0.98560983,-1.3455253,-0.32105166,-0.24488693,-1.4338148,-0.10845848,0.18768536,0.099096395,0.60637319,0.38719854,0.38678944,-1.7886975,0.87320125,2.0064385,1.1677623,0.002139948,-0.9882682,-0.13631347,-0.8168022,0.55491418,0.23126918,-0.88602751,0.27710184,-1.8172572,-1.7290127,-1.474824,-0.26197365,0.44034472,0.52069604,0.27303091,-0.92382133,0.68145788,-1.363378,-0.29092529,0.39352107,-1.0646999,-0.048860446,-0.099351332,0.56248873,0.099993184,0.43345767,0.11824252,0.57653511,0.040441193,0.68870008,-0.10159422,-0.06813211,-0.70041847,0.34138641,1.1881024,-0.54487437,0.68898344,0.49786615,0.59485257,-0.73081279,0.70526493,0.52087337,-1.0075247,-0.37670714,0.058854233,0.059481315,0.27702713,0.81131923,-0.34725487,-0.534603,-0.47996426,0.12655829,0.6711129,-0.21318966,0.067154936,-0.29499683,0.14031357,1.2212189,-0.99738419,0.20633689,0.3342303,-0.65672046,-0.068548642,-0.26519474,-1.3006132,-1.9502357,-0.25355715,0.53940964,0.15953906,-0.33223301,0.64709151,0.29142663,0.56325477,0.24592628,-0.12844089,-0.46957892,0.20784573,0.14674276,-0.088782556,-0.7321409,0.20351794,0.1184224,1.3103344,-1.6297954,-0.08622241,1.5609483,1.7315049,0.50637668,-1.1179107,-0.27106348,-0.39719337,-0.087002262,0.071691625,0.45169055,0.82471627,0.89426631,0.53077173,0.11554219,0.23611753,0.754421,0.74004072,1.1417435,-0.78740305,0.40185225,0.28988898,0.11065629,-0.34341842,-0.20652823,-1.4974116,0.26970759,0.050111875,-0.49463028,-0.072186425,0.39388528,0.077621303,-0.72609472,0.16202229,-0.29531437,0.19687694,-0.21893796,0.81289506,1.1853621,0.25211829,0.012762218,0.61615175,-0.060055383,0.006668026,-1.082931,0.35172552,-0.59933341,0.20523664,0.81982213,-0.82682031,-0.39560115,0.36606428,0.48523331,-0.61878812,-1.2465166,0.6172955,-0.70613068,0.17739017,-1.4305199,0.310157,-0.30916908,-0.57121104,-0.6694994,0.98239172,0.57019293,-1.9168307,-1.4044285,-0.32140332,-0.030161262,0.22177809,0.051393427,-0.041209001,0.45934978,0.19763333,-0.19856995,0.34367663,0.36854076,0.50823152,0.14419627,0.024089344,0.19258891,-1.3668277,-0.12542403,0.4443492,-0.025966384,0.21893179,0.72292066,1.0500954,-0.36919907,-0.92629659,-0.33632159,0.20455417,-1.7692928,0.37866566,0.41838604,0.31911758,-0.78604001,-1.3753011,0.22307329,-0.53897804,0.18691126,0.064924039,-0.095491275,0.51290011,0.14896753,0.33000043,0.48400351,0.009977222,-0.13979006,-0.37249151,-2.2475128,-0.7551769,-0.98779285,-0.1314301,-0.91542232,0.42946362,-0.11466335,-0.29512945,0.018414678,2
0.53716624,0.30350646,0.2593118,0.56383443,0.53569865,0.56993973,0.55008727,0.54004061,0.54695332,0.55322623,0.53842914,0.54393554,0.54299593,0.52789843,0.55015111,0.53582442,0.55178487,0.57424587,0.55397594,0.53258842,0.52032852,0.54053527,0.52275449,0.53952074,0.53025907,0.52311027,0.5143801,0.51910889,0.53705508,0.5296694,0.52319789,0.51794982,0.51922381,0.51370597,0.5173229,0.51720166,0.5210095,0.5198462,0.49434882,0.50474906,-0.730156,0.24620329,0.47195584,0.53037286,1.4989902,1.7090092,1.4515065,0.83408809,0.95163333,1.7852057,1.56812,1.3267509,0.22757459,-0.17737894,0.41012084,-0.30854574,0.60505223,0.36495411,0.25556377,0.24228145,-0.49001351,0.006483034,-0.37561035,0.45038766,-0.59007299,0.044051684,-0.50054419,1.046168,0.27856773,1.5053475,-0.16743867,0.16812341,-1.0936595,-0.33712119,0.018314512,0.88747931,-0.65263033,0.50085688,0.2013588,-0.99859965,0.24491051,-0.92057914,-0.6615203,0.59951299,0.84121895,0.69022161,0.06293276,-1.6959373,0.96429497,0.013815075,-1.0121827,0.74541932,0.12344936,-0.15259838,0.62740076,-0.19639611,0.50516403,-0.58631527,0.19343878,0.57395029,-0.7303285,-1.0890559,-0.0255052,0.59282696,-0.37618953,0.20860997,0.13205738,-0.11917614,-0.10190163,-0.35465783,0.48076597,1.1078115,-0.2516146,-0.68486476,-0.58612537,0.15391797,0.62311006,-1.1362318,0.4310005,-1.4236754,-0.34825996,-1.7996325,-1.212324,-0.050461777,-0.43174747,0.30185583,-0.46370298,0.26908696,-0.15098332,-0.21663058,-0.86833864,-0.45311153,-0.26880771,-1.1367718,-0.24972001,-0.18102756,0.15217933,0.00489828,-0.54363269,-1.6308433,-0.35239941,0.38109457,0.99091816,-0.17230295,0.50435448,0.24888083,0.12066904,-0.70300347,-0.33120969,0.80247569,-0.64185953,-0.31521338,0.35097474,-0.48350579,-0.67308843,0.079555847,-0.66321605,-0.79122126,0.23964965,-0.41831011,-0.058357131,-0.42095742,0.49510789,0.48733872,-0.047548585,0.0349725,-1.9012579,0.91458488,-0.067952238,0.044741258,-0.025735397,-0.60366964,-0.091956496,-0.21979555,-0.44912347,1.2077959,-0.67795205,0.1794215,0.35106641,-1.9159715,-0.37303704,0.58844376,-0.054484271,-0.53322595,-1.0788364,0.57761908,0.56308675,0.44613302,0.63048542,-0.68663859,-0.32510287,0.011188034,0.33265269,0.079258032,0.32807353,0.09316884,0.082506627,-1.3434436,-1.6194504,-0.70809835,0.22710408,0.41648993,0.15922004,-0.60094792,-0.60869193,0.23562296,1.2957813,0.15825647,0.039315876,-0.4855119,-0.28951997,1.3488138,0.11013208,0.26061466,2.5157957,-0.037235342,-2.9354267,0.05810079,0.63569188,0.091170557,-0.17281125,-0.88196129,0.22609864,-1.6285245,0.32039213,-0.89392298,0.51261473,-0.020847917,-0.83045077,0.031142227,0.37887549,0.66822475,-0.26881328,-0.93928254,-2.7577691,0.47646689,-0.58778369,-0.25986332,-0.46255103,0.44708723,0.58630377,0.16578583,-0.092397325,0.66093272,-1.6083062,-1.0567994,0.61937702,0.29601136,-0.53670156,0.11091817,0.38205469,0.32757634,-0.049402874,0.4839614,0.45015359,0.70947272,-1.1662705,-0.37558562,0.31451929,-0.14492139,0.28330716,-0.099487305,0.38761473,-1.179265,-0.54629099,0.163387,-0.14880878,0.40962416,1.3127762,0.41874856,-0.5195893,0.1460892,-0.27381945,0.45830801,0.89385164,-0.63414204,0.12076092,1.292421,-0.079317763,0.26111805,-1.2103775,-0.11951826,-2.155935,0.93916625,-1.4755707,-0.35599923,-0.006797403,-1.6106763,-0.40180892,0.13657442,0.69146287,0.44993225,0.71043706,0.42318258,-1.8946612,1.1353492,0.76286954,1.4788356,-0.14196405,-0.94445914,0.005606741,-0.91543275,0.83031952,0.28698763,-0.83374745,0.53194296,-2.0800164,-1.9140291,-1.4991237,-0.50821471,0.33041275,0.9935478,0.22285014,-1.2167171,0.72404665,-1.3680756,-0.12996691,0.40394318,-1.0087361,-0.098553121,-0.18918565,0.5675689,-0.16573483,0.46645153,-0.029217944,0.40151981,0.044672467,0.56403208,-0.000398591,-0.13435312,-1.0689478,0.39825484,0.91622877,-0.81773615,0.87870955,0.5332526,0.23124787,-0.80176806,0.86395115,0.48870394,-1.1359658,-0.57706094,0.10132375,0.19872999,0.29893482,0.8066833,-0.27280205,-0.57844722,-0.43476701,0.028843638,0.71095502,-0.33033544,0.074451201,-0.35696322,0.17781147,1.3265684,-1.1761637,0.10264243,0.29005221,-0.79125875,0.081955351,0.20433161,-1.6344774,-2.1242366,0.019672796,0.51098752,0.050941408,-0.27794257,0.83390743,0.35591829,0.54818666,0.20994908,-0.092243426,-0.55733579,0.20344637,0.039041158,-0.11996599,-1.0133185,0.2172547,0.22484191,1.3147684,-1.739645,-0.11080367,1.7010365,1.4975266,0.35745174,-1.2582047,-0.23797454,-0.38662842,-0.091043964,0.1074227,0.55866504,0.92813802,0.97468776,0.44961867,0.18677323,0.31070501,0.55854166,0.71666223,1.5839574,-0.99578983,0.16746677,0.36342806,0.031180091,-0.4726972,-0.046083227,-1.5354199,0.26977152,-0.016369443,-0.52725291,-0.13678548,0.42538434,0.18367565,-0.55251199,0.71815646,-0.23570073,0.22445802,-0.3256855,0.39301682,1.0025057,0.1979918,0.070606396,0.64041191,0.9658342,-0.13671628,-0.97831076,0.34799704,-0.63212621,0.6899724,0.86340499,-0.65031552,-0.507635,0.42967299,0.42031151,-0.69748336,-1.2535726,0.63065708,-0.37227646,0.041272283,-1.7181084,0.25280678,-0.15353976,-0.63542473,-0.5172016,0.9994545,0.61423135,-1.90995,-1.3501682,-0.2300037,0.01648742,0.28024262,0.081923306,-0.023392268,0.27890259,0.18441553,-0.076951467,0.16896258,0.29015967,0.42652941,0.19855827,-0.14004909,-0.025229499,-1.3966731,-0.12414722,0.76943451,0.062344644,0.20181212,0.61350131,1.319533,-0.49777263,-0.66992712,-0.31051669,0.17973512,-1.6481749,0.43232784,0.27994773,0.41034979,-0.91646737,-1.5376095,0.20370923,-0.55217767,0.29862437,0.12008312,-0.061174497,0.66518193,0.11791251,0.34416595,0.5903852,-0.02862698,-0.077246547,-0.54413533,-2.2154162,-0.83427149,-1.0171218,-0.24921963,-0.95244294,0.016703442,-0.082794309,-0.28718451,0.03266117,2
0.67618895,0.42531762,0.33985722,0.69276822,0.71765524,0.74458122,0.72915792,0.67103094,0.75984287,0.73456019,0.68353271,0.69878578,0.6653145,0.69779968,0.69548321,0.68054008,0.71281016,0.75032765,0.69390595,0.680583,0.72666031,0.70746088,0.69117016,0.68977898,0.70321137,0.72687447,0.71387833,0.69385517,0.71939975,0.68637943,0.67981601,0.70880759,0.63838506,0.66145062,0.72650605,0.61471277,0.68985236,0.71057332,0.68546098,0.70513576,-0.77861476,0.29604062,0.21864825,0.28935674,1.1969937,1.6112003,1.1374364,0.54790795,0.67247951,1.4836181,1.2796102,1.0279659,0.27776849,-0.21651296,-0.22544312,-0.25425264,0.52812618,0.30554861,0.3274737,0.27176362,-0.45866677,0.10233584,-0.4096373,0.22486524,-0.8485412,-0.12583305,-0.17994612,0.50036252,0.56762683,1.3842447,-0.22933923,0.21208999,-0.98358798,-0.29588252,0.17240742,0.68105853,-1.0403864,0.45758364,0.26606402,-0.89629894,-0.15149428,-1.0117593,-0.41458216,0.47991917,0.69322425,0.73727095,-0.022290649,-1.5573279,0.59809363,0.13087234,-0.82649815,0.55520833,0.044896096,-0.072731286,0.6427809,-0.13714391,0.53329164,-0.4805539,0.055780951,0.38841006,-0.64772427,-1.0677582,0.17963892,0.35926795,-0.1230555,0.1000514,0.10347559,-0.077457823,-0.003130555,-0.33770326,0.53423518,1.2169236,-0.21883368,-0.38608789,-0.60924369,0.52461946,0.38508162,-0.9381417,0.29589137,-1.1131278,-0.36124808,-1.6401399,-0.88817084,0.065788716,-0.36864313,0.24142082,-0.34032077,0.25636151,-0.17200975,-0.17283532,-0.70910174,-0.21958615,-0.16468416,-0.94671392,-0.030517928,-0.18140027,0.16132195,0.42315236,-0.5811168,-1.3911456,0.26972228,0.40657961,0.76229995,-0.11484497,0.52812892,0.22299618,0.1055375,-0.40327808,-0.23630044,0.26973209,-0.38929474,-0.2530117,0.29037499,-0.069179729,-0.72454727,-0.085147411,-0.44323322,-0.70710766,0.26060566,-0.25355875,-0.041782796,-0.59904575,0.73476553,0.63815141,-0.094429106,-0.018013272,-1.7585324,0.56722754,-0.24165921,0.026847258,-0.050968874,-0.48404282,-0.06822411,-0.080241948,-0.5139178,0.87455928,-0.59969717,0.17218986,0.46655667,-1.5659481,-0.32421064,0.43900555,-0.013953231,-0.53832227,-0.85753417,0.63821965,0.30047297,0.20588651,0.82468277,-0.57805192,-0.1985351,0.065770671,0.088753045,0.2519595,0.2312099,0.18343702,-0.042546887,-1.0682155,-1.3508947,-0.7661593,0.18301839,0.44654471,0.15719736,-0.51351511,-0.41137677,0.28171039,1.7221406,-0.10757314,0.058843039,-0.51044941,-0.20133385,1.0841085,0.061821088,0.23437184,0.88161558,0.009343814,-2.5316584,-0.17614615,0.55041462,-0.039158422,-0.17623687,-0.68470687,0.11932165,-1.3285757,0.24647175,-1.3951395,0.42060325,0.049028017,-0.69229281,-0.040098533,0.31986928,0.48544362,-0.29583213,-0.43084067,-2.3705018,0.25443912,-0.53765923,-0.055283856,-0.087222368,0.070091471,0.48781544,0.54272294,-0.24376726,0.58293283,-1.2717824,-0.635225,-0.19204985,0.2252887,-0.51490301,0.25651449,0.25561047,0.57031924,0.079943955,0.50967956,0.42115861,0.85018754,-1.0191337,-0.3085317,0.39850256,-0.072972208,0.29458413,-0.11959191,-0.23946565,-1.0190166,-0.40653712,-0.001639463,-0.45092833,0.58364332,1.0547611,0.38509768,-0.42126665,0.20282966,-0.44296914,0.56195986,0.56204361,-0.3766633,0.097994246,1.6250753,0.10278291,0.16014048,-0.75274134,0.1612788,-1.8243375,0.97276247,-1.3353465,-0.33966601,-0.29955894,-1.5837793,-0.13680741,0.32600611,-0.042786449,0.49999601,0.40739739,0.22086084,-1.6428615,0.85393542,0.13652512,0.97513402,-0.015077807,-0.96895319,-0.12277725,-0.72818279,0.50008667,-0.05245702,-0.859626,0.19709221,-1.5778784,-1.6259092,-1.4167966,-0.25756687,0.40468112,0.25050521,0.26312739,-0.81076682,0.58104718,-1.1711189,-0.22640306,0.34537077,-1.0417608,0.10628098,0.003114581,0.52208656,0.030490907,0.41468188,0.10554473,0.55640119,0.097533137,0.80161786,0.079261988,-0.046968579,-0.88558346,0.29586256,0.99187428,-0.55741954,0.51259512,0.56456077,0.73447669,-0.61369336,0.54527962,0.50533426,-1.0747833,-0.37860015,0.097215474,0.12266675,0.31608051,0.63580912,-0.32091498,-0.51737344,-0.50228482,0.099364422,0.5154562,-0.22049771,0.040718816,-0.20078257,0.077013738,1.1015515,-0.97171444,0.20527086,0.26630643,-0.64291131,-0.062516339,-0.48496971,-1.3595128,-1.6857131,-0.20025755,0.44851467,0.19385414,-0.27888137,0.74438083,0.28247991,0.41771403,0.20432182,-0.37857074,-0.43290788,0.18002954,0.10335291,-0.12674585,-0.63207448,0.17853136,0.10161823,1.115153,-1.5573701,-0.13609464,1.4684556,1.5942295,0.46445161,-1.1124145,-0.15241307,-0.13948858,0.045107111,0.085451774,0.52743316,0.77909845,0.84382963,0.42764363,0.13374671,0.19495662,0.64110804,0.79759312,0.74750936,-0.64720511,0.29953414,0.36635095,0.13738184,-0.27514142,-0.23850474,-1.5108938,0.21799724,0.042376511,-0.4646312,-0.28773093,0.18881378,0.098931313,-0.7155894,0.10573207,-0.21503924,-0.088578932,-0.16981846,0.42904952,1.0011299,0.18066807,0.090934351,0.57285541,-0.12007894,0.045811057,-1.0640215,0.36963198,-0.52944154,0.14693804,0.69185686,-0.89650291,-0.36736616,0.33842683,0.45154205,-0.6198101,-1.075435,0.59247649,-0.62461817,0.15529379,-1.3310636,0.35339963,-0.22613792,-0.42747319,-0.53415906,0.8421759,0.57058227,-1.815244,-1.1357145,-0.2659319,-0.012722769,0.18180713,0.10366333,0.16646093,0.49881446,0.12827489,-0.17515321,0.31402504,0.43548226,0.40624294,0.080759555,0.20461661,0.24093625,-1.3909316,-0.040872548,0.37136099,-0.071592242,0.20116684,0.70521307,0.84201974,-0.40404093,-0.71694708,-0.36963317,-0.29678571,-1.8742139,0.2638678,0.38226742,0.46357089,-0.74485397,-1.2903826,0.19170776,-0.59690064,0.13258961,0.12728959,-0.10351202,0.53015673,0.19506663,0.22243808,0.59898913,-0.0275522,-0.21086109,-0.39058563,-2.1152186,-0.67586809,-0.80943209,-0.048303276,-0.70388454,0.34966183,0.081923127,-0.25986478,0.017991064,2
0.59304249,0.33840069,0.2742939,0.62523109,0.65237319,0.67356652,0.63005269,0.60628891,0.68106544,0.66927576,0.66567171,0.59382761,0.59528494,0.59529185,0.63235146,0.63404197,0.59888625,0.66715729,0.69624996,0.66108203,0.65185618,0.63933957,0.65454811,0.61561048,0.63304794,0.63999152,0.6440028,0.64976436,0.6369046,0.65137142,0.63224387,0.6250093,0.63994646,0.65318394,0.66164303,0.57858729,0.63233542,0.64372098,0.59436858,0.60529608,-0.74450189,0.2490153,0.22470218,0.26742536,1.2150415,1.6155479,1.1565976,0.54980487,0.66842699,1.4920325,1.3003426,1.0406321,0.26470971,-0.21351172,-0.2433143,-0.28555435,0.52622628,0.27468917,0.31312212,0.2389046,-0.4572705,0.11702222,-0.61981815,0.31208324,-0.72080207,-0.041215293,0.05191955,0.51975274,0.23702781,1.597038,-0.16872285,0.18944536,-1.0028598,-0.20148107,0.15159655,0.71745431,-0.9569934,0.52444327,0.09252499,-0.82328522,-0.16998491,-1.1007307,-0.47101578,0.2530055,0.75852072,0.69233519,-0.094126552,-1.5420873,0.79963422,0.11450161,-0.87576312,0.33313054,-0.04952354,-0.046435036,0.56739575,-0.15996365,0.4041881,-0.2889944,0.038668845,0.4896453,-0.69145799,-0.97972691,0.12970309,0.31540096,-0.13855056,-0.033132046,0.15104175,-0.15076321,-0.074351504,-0.35770664,0.58706522,0.79247141,-0.13901579,-0.22640097,-0.45331824,-0.17702791,0.41821283,-0.90418178,0.21903452,-0.99607974,-0.34863967,-1.658718,-0.72758859,-0.067785688,-0.48636457,0.16447127,-0.35756198,0.066569179,-0.067639112,-0.10421476,-0.680071,-0.58382618,0.15506117,-0.81598568,-0.042206481,-0.096949026,0.16497263,0.21035121,-0.49790817,-1.1560302,0.82334626,0.39825988,0.75599235,-0.10135164,0.57851815,0.39937979,0.074995264,-0.44525346,-0.15569368,0.2294953,-0.64527726,0.10350811,0.30014604,-0.13362733,-0.66988474,-0.030998319,-0.48771185,-0.56311727,0.12335333,-0.22415495,0.11584966,-0.73476434,0.65504664,0.7429986,-0.058412433,-0.12377113,-1.6337208,0.48501065,-0.030790417,-0.1272825,-0.016504506,-0.46707332,0.11659956,-0.021996021,-0.52014524,0.8659305,-0.57046801,0.13933364,0.49920452,-1.3169355,-0.23043597,0.26933968,0.009504572,-0.44051349,-0.79958755,0.51326627,0.071832947,0.16934335,0.7787236,-0.66665488,-0.29317743,0.050633393,0.31815755,0.3434329,0.2645871,0.12688069,-0.11706048,-0.98440218,-1.3452638,-0.73317891,0.18325272,0.60576057,0.12309641,-0.4571113,-0.39677596,0.15011433,1.0739785,0.057880662,0.043831047,-0.29395917,-0.18493408,0.83036733,0.056800358,0.17874984,0.75472361,-0.12015724,-2.1054642,-0.19178614,0.64037454,0.044523127,-0.23015378,-0.51540613,0.032057114,-1.3054849,0.15313908,-1.2499522,-0.074008644,0.29806432,-0.72823972,0.043389909,0.40590453,0.24587278,-0.25252214,-0.20213594,-2.2349739,0.11813428,-0.50826794,0.02964817,-0.22084737,0.016001023,0.22324076,0.54615939,-0.29261887,0.53674531,-1.2330068,-0.85080522,-0.24353077,0.46734494,-0.40020207,0.19347039,0.10271878,0.42812783,0.027487867,0.48998123,0.28350413,0.92202675,-0.83583093,-0.25711209,0.43707323,-0.004124783,0.2258722,-0.16304731,-0.23339538,-1.0510526,-0.48471832,0.074948929,-0.53729904,0.54743433,1.1531918,0.35499844,-0.48665032,0.47322029,-0.37303191,0.62154216,0.62032223,-0.2851963,0.054402608,1.5547405,0.35403502,0.16657767,-0.65466928,-0.19595397,-1.763505,0.81253618,-1.1237327,-0.31288218,-0.16570275,-1.3467407,-0.22698973,0.15378837,0.19063854,0.82008225,0.64280617,0.14254428,-1.4970305,0.64860386,0.46986967,1.1561182,0.10059319,-1.0352027,-0.065842487,-0.71092623,0.43556342,-0.081625655,-0.84105647,0.27578276,-1.4095747,-1.5364569,-1.2715534,-0.27391368,0.47402605,0.37235299,0.24806489,-0.62355512,0.63963699,-1.2363212,-0.29431,0.49947307,-0.93435007,-0.085636437,0.06301681,0.44473204,0.29101548,0.47835088,0.083555728,0.46457019,0.049938977,0.14970604,0.25900877,-0.03500957,-0.50865078,0.34072021,1.144924,-0.33687484,0.62124449,0.41552824,0.57392013,-0.59087145,0.62767208,0.31778222,-0.76266706,-0.38176709,0.031198073,-0.035951607,0.19066948,0.90713394,-0.33643538,-0.50584328,-0.54613245,0.15635101,0.68686777,-0.30823293,0.025363266,-0.1900129,0.1159022,1.1782649,-0.93142593,0.1383352,0.31436568,-0.55886519,0.003372967,-0.044492513,-1.0614727,-1.6417127,-0.30599993,0.52650207,0.11918519,-0.26545796,0.65081459,0.16462354,0.47540209,0.21947819,-0.047974214,-0.38452438,0.19757906,0.20637305,-0.14122541,-0.63656086,0.1728013,0.12869869,1.1372221,-1.5633988,-0.061197385,1.2314472,1.6014036,0.34824061,-1.0927358,-0.19180238,-0.30475181,-0.0672969,0.033446886,0.25339332,0.72032195,0.55887479,0.51974887,0.087015793,0.23481038,0.71840489,0.74983525,1.1086386,-0.5624305,0.32502848,0.28057078,0.23160596,-0.27169585,-0.17738461,-1.399325,0.26553923,-0.03469814,-0.30677769,-0.3271893,0.57452995,0.32789075,-0.78933728,0.036953703,-0.15093502,0.20360784,-0.069083795,0.5322724,0.90041649,0.23913044,-0.070563346,0.52849525,0.063370153,0.24391915,-0.92668259,0.22490944,-0.52949977,-0.053279988,0.6251477,-0.75915861,-0.38456947,0.33823168,0.36479586,-0.45076355,-0.98816073,0.46666709,-0.60743695,0.10601133,-1.2771879,0.33541384,-0.24166492,-0.45471454,-0.42828104,0.91177368,0.46751752,-1.6448609,-1.0574321,-0.29466686,0.042765528,0.1880493,-0.064891949,0.17455928,0.44488043,0.16237724,-0.23249954,0.29245806,0.40569776,0.25850037,0.003525928,-0.23950598,1.1626866,-1.3418832,-0.034839518,0.3456721,-0.011610216,0.13759014,0.51719022,0.76433152,-0.29695433,-0.68745995,-0.3260881,0.39770621,-1.5939484,0.35837829,0.43518233,0.40878654,-0.61646497,-1.0690652,0.1836137,-0.61225235,0.045545697,0.070217177,-0.12579486,0.25111079,0.12430482,0.25525257,0.29300463,0.018349614,-0.1627872,-0.28534743,-2.0128129,-0.56565976,-0.71393156,-0.10402995,-0.66664624,0.23138525,-0.01183334,-0.23348589,0.060368966,2
0.66891438,0.43242484,0.38292134,0.6415509,0.67862499,0.68206781,0.63802528,0.64344049,0.64883006,0.68888175,0.62623781,0.61870551,0.63560438,0.64142013,0.65455842,0.62691057,0.6110301,0.66739154,0.69821185,0.61900723,0.65949976,0.6250999,0.66555071,0.60766006,0.65140915,0.64402574,0.68106687,0.64786816,0.62392557,0.69998503,0.64508724,0.65308893,0.6249029,0.63037872,0.6560173,0.58125037,0.61336923,0.65984124,0.61906147,0.64031821,-1.0696776,0.35294721,0.66945547,0.60830283,1.5422446,1.8632529,1.6423881,0.97427994,1.1282066,1.9038849,1.6553968,1.4562138,0.19883826,-0.2251481,-0.29773813,-0.53220129,0.5131529,0.28473043,0.30907878,0.24271843,-0.95213193,0.030922804,-0.42585385,0.26417309,-0.86514544,-0.090664759,-0.17814662,0.82672071,0.70703757,1.6184839,-0.19779012,0.21685129,-1.3277105,-0.35880578,0.16295335,0.79808044,-1.0974975,0.55321789,0.51350951,-1.0186665,-0.13512626,-0.84693217,-0.56800508,0.5525471,0.72237128,0.85718727,0.040227689,-1.7727646,0.80640936,0.094149902,-0.9951992,0.92884547,0.12740803,-0.039208364,0.54364473,0.12590759,0.45969489,-0.71011251,0.30812424,0.46762842,-0.99277347,-1.4019613,0.1597828,0.73134172,-0.24447604,0.16729392,0.16763338,-0.093459249,-0.051856615,-0.37841374,0.50735587,1.1376079,-0.24751404,-0.48593473,-0.64436525,0.62529117,0.55578423,-1.2055125,0.36052957,-1.0752126,-0.43922862,-1.9503539,-1.356441,0.010857031,-0.24872835,0.20035769,-0.40394747,0.28187093,-0.17683467,-0.26278341,-0.99605644,-0.31377101,0.36941689,-1.293844,-0.20375302,-0.29937321,0.15731128,0.62819183,-0.65082061,-1.8308738,0.72867453,0.44392413,0.91469491,-0.23884645,0.66891634,0.18835856,0.16351633,-0.26930186,-0.24468562,0.19730803,-0.68353128,-0.26832956,0.30935645,-0.38737357,-0.87949437,-0.10496246,-0.66620672,-0.98737133,0.37354809,-0.44724643,-0.036530156,-0.55000603,0.7000441,0.47817975,-0.10630865,0.11885443,-2.0527768,0.71650046,-0.063453726,-0.13672867,-0.074140795,-0.64699113,-0.014275427,-0.19809115,-0.61574209,1.1297305,-0.83144653,0.10027625,0.41484547,-2.3501627,-0.2800805,0.54644001,-0.039527565,-0.81078392,-1.190497,0.54394889,0.38158816,0.47435296,1.0340171,-0.76315933,-0.42277855,-0.099273808,0.20762083,0.21695532,-0.10622814,0.17748551,-0.16956043,-1.3906935,-1.6673474,-0.81059581,0.49497062,0.47409472,0.23227283,-0.47740087,-0.6172564,0.2355797,1.7428963,0.11340392,0.02825845,-0.68048251,-0.34634829,1.2509013,0.16580831,0.16380453,1.8307164,-0.023854723,-2.7728972,-0.053392779,0.77298337,-0.008004515,0.16542226,-0.99785781,0.14312498,-1.8248959,0.34703091,-1.5770533,0.80871212,-0.12771231,-0.87268728,0.000470903,0.25141194,0.80642682,-0.26722842,-0.1482029,-3.0802331,0.45584702,-0.62328231,-0.051070534,-0.31597012,0.19726625,0.74166191,0.42996365,-0.24368486,0.49993002,-1.7757623,-0.98894489,-0.4502455,0.29370505,-0.57361323,0.054385759,0.62284404,0.58716446,0.031504668,0.61265969,0.48762947,0.87046683,-1.1382556,-0.35746032,0.48376015,-0.050970383,0.37847799,-0.10962379,-0.21303847,-1.2884171,-0.55114329,0.042154983,-0.45853755,0.78367943,1.364288,0.4755851,-0.48505062,0.081431612,-0.56872636,0.60320085,0.66942197,0.01845032,0.24010083,1.8668618,0.27931836,0.076214664,-1.0693257,0.044836,-2.2503488,1.2534488,-1.5915045,-0.4074958,-0.34804386,-1.4058483,-0.27568513,0.3989071,-0.002517432,0.54732758,0.43937331,0.39556259,-2.1452341,1.1373541,-0.068411089,1.1877843,0.08667928,-0.96131408,-0.10954952,-0.95899558,0.72353184,0.6198706,-0.96165824,0.42315274,-2.2696607,-2.2830877,-1.7508197,-0.39570969,0.64605165,0.65231866,0.12072292,-1.1818056,0.73614037,-1.596195,-0.036326542,0.29125786,-1.2433882,-0.062427327,-0.20599079,0.70876521,-0.35918742,0.44247583,0.069494069,0.55766267,0.092827015,1.0387175,0.071711801,-0.13326928,-1.0241039,0.31774145,1.1748501,-0.6720323,0.62409425,0.55674005,0.77842301,-0.57686704,0.61725372,0.34374985,-1.3537909,-0.48133552,0.017989404,0.2451334,0.27160808,0.93258429,-0.37964469,-0.66310716,-0.55716586,0.10976201,0.61970681,-0.24708,0.17618707,-0.32772514,0.31872445,1.4294637,-1.4273144,0.22084901,0.18502794,-0.72862738,-0.010582972,-0.087007329,-1.7209361,-2.3007863,0.069180265,0.52704751,0.23173755,-0.29731825,1.0644882,0.42609286,0.46937612,0.24344786,-0.28873992,-0.71311146,0.34796554,0.044346072,-0.10557317,-0.36272359,0.17582241,0.22206521,1.4496934,-1.7924907,0.49444142,1.8611561,1.7298326,0.42519942,-1.3680905,-0.2336501,-0.47365749,-0.011200413,0.16846766,0.66084898,0.96085775,1.0452883,0.4260568,0.31754798,0.27658653,0.58478367,0.75905532,1.2238978,-1.0521599,0.33642986,0.52847213,0.048224673,-0.2947478,-0.15937127,-1.7576795,0.22976896,0.089348868,-0.24202646,-0.021899432,0.5860014,0.66425723,-0.79271585,0.46338859,-0.29762444,0.078394704,-0.28301442,0.67711729,1.1690583,-0.5371688,0.025856953,0.69880599,-0.30462733,-0.19462383,-1.230997,0.36517692,-0.57079571,0.26975742,0.68870449,-0.96853006,-0.67211926,0.52859187,0.53553033,-0.81132388,-1.4160261,0.72620881,-0.56154215,0.070782244,-1.811825,0.41312397,-0.40726066,-0.69615149,-0.44442412,1.1675359,0.7063939,-2.1712041,-1.4619526,-0.3380689,-0.016453791,0.30840993,0.12829119,0.10140181,0.4742429,0.088984251,-0.18695857,0.29689714,0.42083699,0.54690146,0.04460761,-0.17089579,0.34822926,-1.552209,-0.016731042,0.53867751,-0.086670429,0.094289184,0.85223722,1.4627572,-0.51178992,-0.57870269,-0.36124441,-0.18334664,-2.1870348,0.22147515,0.36556941,0.31385019,-0.84597945,-1.5323026,0.25535628,-0.69855714,0.64094287,0.1198801,-0.20028132,0.95281535,0.237104,0.30590761,0.6755048,-0.010018112,-0.22040194,-0.61275339,-2.5573735,-0.93561721,-1.1046784,-0.079399809,-1.1420279,0.32401678,0.21726321,-0.28295401,0.28615695,2
0.52265054,0.28038946,0.26604095,0.50674647,0.49678746,0.51400971,0.49279717,0.48785114,0.49520662,0.49557447,0.49796826,0.49780428,0.5022037,0.48088461,0.50550121,0.49006206,0.51068199,0.51709837,0.50777423,0.48303604,0.47834203,0.48312747,0.4823342,0.48150855,0.49220538,0.47495502,0.49112034,0.48022389,0.48751777,0.48543859,0.47960338,0.47892499,0.46405172,0.4673807,0.47368205,0.40858293,0.45331395,0.46799219,0.45051503,0.45997313,-0.87334424,0.2519834,0.50752634,0.48439443,1.4421203,1.7393361,1.4532632,0.83690739,0.96468914,1.7605958,1.5047183,1.3160329,0.43118477,-0.1882742,-0.22474428,-0.24804512,0.63177788,0.33898172,0.46990976,0.29553837,-0.54630131,0.048411034,-0.5130024,0.34076679,-0.79318851,-0.11144885,-0.1625973,0.62383413,0.48156664,1.7020508,-0.14982489,0.25636521,-1.1829648,-0.27373889,0.16639735,0.91752601,-1.0296363,0.58222604,0.33366364,-0.95796704,-0.15529174,-1.247784,-0.49894345,0.63514072,0.88451016,0.90275729,0.006737203,-1.69392,0.85151529,0.12295748,-0.9224903,0.49477562,0.066592179,0.12655096,0.76552272,-0.19871706,0.51475435,-0.61033118,0.13826343,0.55748641,-0.64427853,-1.2847002,0.12659615,0.44861224,-0.27848542,0.31794798,-0.077818632,-0.13974907,-0.14951697,-0.36761814,0.56710154,1.134462,-0.23551275,-0.4324106,-0.62791336,0.44224936,0.70834279,-1.175089,0.38633642,-0.90948892,-0.43569109,-1.8525205,-1.1481862,0.049240377,-0.50258332,0.19657183,-0.46567169,0.17226087,-0.17840099,-0.20834765,-0.8038395,-0.30769753,0.57477689,-1.0966738,-0.11109984,-0.18539251,0.20782486,0.26866117,-0.60254085,-1.8146644,0.96465039,0.43959299,0.89105749,-0.16327552,0.55895829,0.32136828,0.12981255,0.082654342,-0.22264831,0.53037131,-0.50872648,-0.11851963,0.38382435,-0.31609708,-0.81009519,-0.10690338,-0.61661959,-0.79214209,0.31811285,-0.31184155,0.056028925,-0.59308487,0.87251437,0.68176949,0.053484727,-0.13390854,-1.8821235,0.87993675,-0.087405197,-0.12968415,-0.031264693,-0.56159788,-0.037786197,-0.20792958,-0.53728908,1.1354866,-0.79222286,0.11963505,0.66077554,-1.8012216,-0.48625988,0.35257286,0.015906863,-0.78953743,-1.0485002,0.56579924,0.21501721,0.45822054,1.0761573,-0.67442179,-0.32786283,0.0432733,0.24660675,0.27548355,0.39726621,0.12096778,-0.005148396,-1.2507697,-1.587249,-0.82246512,0.21459821,0.70475048,0.21546033,-0.430686,-0.34525847,0.19801621,1.6067035,-0.020048678,0.098285966,-0.39940917,-0.29587689,1.2859918,0.086083867,0.23163758,1.8643878,-0.041842699,-2.7826042,-0.13374043,0.90031552,-0.025880642,-0.26962,-0.92608035,0.095376685,-1.6253234,0.28863591,-1.4393212,0.48425159,0.071570344,-0.80208278,0.060274545,0.38204676,0.62477541,-0.32702133,0.11642335,-2.80024,0.3179338,-0.47146812,-0.14300328,-0.088647202,0.3745997,0.52646577,0.21480238,-0.20215188,0.74754119,-1.7113976,-0.94873232,-0.3728689,0.45371133,-0.46705925,0.15344065,0.2372264,0.60854673,-0.008377027,0.60509181,0.48994237,0.85411489,-1.0768577,-0.3313984,0.57638615,-0.27674925,0.33672631,-0.063614286,-0.26132274,-1.1962438,-0.48803589,0.061401546,-0.38706627,0.6287241,1.3797334,0.40204069,-0.42687058,0.30356693,-0.47969264,0.47672713,0.65771329,-0.51162875,0.1167262,1.8205686,0.18570772,0.1205942,-1.0250928,-0.031187199,-2.1948245,1.0989439,-1.5838972,-0.38518614,-0.22583687,-1.2676904,-0.19454618,0.26115695,0.17889602,0.45931721,0.5514828,0.64141476,-1.9565958,0.90058702,0.216711,1.1840942,0.019513952,-1.0252018,-0.15996712,-0.85661697,0.66647708,0.20047662,-0.97556412,0.45539671,-2.0010877,-1.8562878,-1.6741955,-0.32011545,0.57573479,0.8356086,0.24401207,-0.994277,0.72276449,-1.4874997,-0.33164585,0.41968107,-1.2111688,0.054380089,0.043430809,0.55055696,0.045186773,0.49457258,0.093217917,0.42900351,-0.03103731,0.77791113,-0.018529005,-0.12910308,-0.76979595,0.39460087,1.1866587,-0.66244608,0.82122946,0.58604419,0.70920515,-0.73941588,0.7883265,0.59837115,-1.2386709,-0.55596435,0.085091837,0.21911359,0.32495826,0.9868024,-0.37231091,-0.5826751,-0.51695639,0.012455381,0.70322263,-0.3388907,-0.039407387,-0.31459251,0.14614341,1.3924059,-1.1952075,0.16591471,0.33552092,-0.7454164,-0.052916132,-0.12690145,-1.5602341,-2.1385529,-0.24328908,0.58696651,0.12736683,-0.323578,0.80389607,0.31702548,0.48202884,0.23903799,-0.20112509,-0.64141011,0.18829255,0.15769048,-0.10435113,-0.21203259,0.20674816,0.15970115,1.4175893,-1.7938051,-0.19348188,1.6307465,1.8440338,0.5588606,-1.1680089,-0.27436239,-0.42477638,-0.1034151,0.084694907,0.63023305,0.97706896,0.87898052,0.60579979,0.17956331,0.23209924,0.82128167,0.80981946,1.2716787,-0.88562655,0.36561799,0.5332486,0.11243658,-0.37427983,-0.20778473,-1.4801953,0.3045162,-0.033024579,-0.40749094,-0.3390249,0.72291744,0.14616251,-0.83182681,0.23683478,-0.25067312,0.31032854,-0.2788372,0.79699206,1.2828823,0.28280979,-0.001775099,0.6459949,0.002025597,-0.004310186,-1.2044845,0.31884831,-0.59221947,0.30627638,0.77358025,-0.89387834,-0.48842034,0.38950571,0.4735488,-0.79109615,-1.2032506,0.65492737,-0.81516814,-0.025528066,-1.5533303,0.3725428,-0.14889768,-0.65306991,-0.63237596,1.0698119,0.56374776,-2.0092304,-1.3361533,-0.32075432,0.053641926,0.27701193,0.045801979,0.036192596,0.61735165,0.20644252,-0.2165667,0.27751821,0.36806318,0.46495572,0.14188682,-0.083584465,0.27527282,-1.6626198,-0.007430898,0.56093109,-0.006053006,0.13320403,0.74150318,1.1060557,-0.40403628,-0.88711631,-0.3703219,0.021752991,-2.0208974,0.24080019,0.39220646,0.3869791,-0.85387021,-1.5425113,0.22352222,-0.63261586,0.14254376,0.17426285,-0.1268623,0.57996076,0.12755248,0.27817604,0.57357216,0.014027037,-0.23720473,-0.49331224,-2.3817763,-0.76764923,-1.0171835,0.035960324,-1.014635,0.2620686,-0.007517487,-0.31016773,0.010730378,2
0.52424777,0.28089049,0.24429278,0.49890783,0.49331775,0.51578224,0.49879557,0.48274696,0.5031178,0.49225527,0.4964537,0.48887169,0.48741579,0.47297081,0.49756885,0.48104364,0.48574737,0.51688761,0.50673127,0.47402644,0.47605768,0.4936358,0.48092368,0.47853264,0.49129951,0.48418018,0.50357503,0.4925091,0.490596,0.49335134,0.49001265,0.48059016,0.47144282,0.47693288,0.49327207,0.45892489,0.46285751,0.48419923,0.47089142,0.47925574,-0.99946308,0.22943518,0.37064195,0.31136554,1.281341,1.6820276,1.2849507,0.66308302,0.78381741,1.588815,1.3521326,1.1453536,0.26148042,-0.21597895,-0.18895587,-0.47168222,0.51396227,0.2049001,0.29272231,0.17917649,-0.96366072,-0.001198082,-0.50375372,0.31082374,-0.66131788,-0.12640148,-0.021858141,0.61066252,0.13664922,1.4517553,-0.16525546,0.22666846,-1.1120702,-0.21696937,0.17640381,0.8473841,-0.867944,0.52005684,0.24370429,-0.93037921,-0.19784111,-1.1983213,-0.55698729,0.34900558,0.78449839,0.70032328,-0.063897155,-1.6146199,0.91272128,0.066075243,-1.0521586,0.47229251,-0.005849976,-0.030310184,0.75992483,0.069638193,0.21662502,-0.41073254,0.30926043,0.53250873,-0.6712712,-1.0924077,0.13197926,0.34653455,-0.30159524,0.21655937,0.026454948,-0.2186159,-0.026182838,-0.29592663,0.53722382,0.87628263,-0.21702611,-0.53841794,-0.57668018,0.056596622,0.55302542,-1.0680802,0.29475239,-0.90554911,-0.40914184,-1.758404,-0.99212784,-0.016309071,-0.57139605,0.30211619,-0.2807124,0.077618971,-0.12578966,-0.21669866,-0.63572001,-0.51218647,0.46169782,-0.95378584,-0.035468519,-0.13634266,0.1223316,0.36013836,-0.55140811,-1.5349928,0.9352634,0.3698515,0.81700844,-0.16782723,0.58017749,0.21721435,0.10324776,-0.13230734,-0.15144181,0.07448931,-0.66958559,0.21355988,0.30704504,-0.24020793,-0.75998169,-0.10980999,-0.56959444,-0.63994133,0.30346328,-0.2947526,0.014438807,-0.71369451,0.62687045,0.64860111,0.097358003,0.038988404,-1.7987683,0.70989734,-0.011115635,-0.062698983,-0.11088596,-0.54522049,0.11466172,-0.19703797,-0.58751595,0.93233621,-0.78310114,0.05470024,0.5299387,-1.5058378,-0.19815665,0.29493731,-0.045191679,-0.59490979,-0.9111346,0.4682005,0.1001504,0.31515196,0.76773208,-0.68392313,-0.59486175,-0.086285904,0.20288919,0.33895391,0.36879981,0.21207759,-0.038675666,-1.1376673,-1.5508519,-0.72182626,0.29987958,0.53495181,0.064728767,-0.36933297,-0.50060266,0.1140212,1.2496597,-0.017638855,0.01221888,-0.41809544,-0.24633692,0.85567331,0.16271237,0.17529503,1.0558624,-0.11382744,-2.2181513,-0.067160621,0.59535152,-0.016467374,0.15492457,-0.70626771,0.007898755,-1.4325784,0.20919561,-1.3263634,0.36390135,0.090118438,-0.78269315,0.040078364,0.14058208,0.45687437,-0.21042696,-0.2447665,-2.4561272,0.29235557,-0.47759968,0.011923626,-0.14349096,0.22869053,0.42066193,0.13494349,-0.23257983,0.51463985,-1.4413412,-0.8472811,-0.37212792,0.34656084,-0.38418412,0.12857631,0.59012759,0.45300955,-0.031745151,0.54084605,0.39921618,0.88222826,-0.99301666,-0.30715436,0.69177151,-0.068620667,0.26497209,-0.037361067,-0.25446618,-1.1396124,-0.43900239,0.067169562,-0.40490317,0.70932794,1.2934107,0.38045105,-0.44817555,0.25586331,-0.43582624,0.49769774,0.72633249,0.090716332,0.19380298,1.5052798,0.50232708,0.098404497,-0.7114346,-0.17229207,-1.844312,0.99964917,-1.328897,-0.2889182,-0.2644605,-1.2746438,-0.1791943,0.15332143,0.12428617,0.84104538,0.58834743,0.37729335,-1.7614858,0.76502299,-0.15232538,1.3893311,0.13370782,-1.0469934,-0.10199476,-0.82732499,0.46325025,0.35135686,-0.85770035,0.31640464,-1.7135718,-1.6498402,-1.5001619,-0.3352108,0.53942323,0.79465353,0.16830625,-0.86251682,0.69221705,-1.1924946,-0.19162822,0.18024629,-1.0740914,-0.078078926,-0.067191176,0.55473632,-0.002829321,0.37495375,0.03998173,0.4163346,0.047912154,0.57541341,0.009005124,-0.13458106,-0.70678723,0.32463101,1.0652163,-0.58471155,0.56741047,0.48827499,0.53044111,-0.66156673,0.80900526,0.38130435,-0.94584256,-0.49792275,-0.037924744,0.17714411,0.21732017,0.89548665,-0.4244169,-0.49881005,-0.49536312,0.16794226,0.6946547,-0.2838845,0.060160555,-0.32203308,0.31047994,1.3016372,-1.00378,0.27432829,0.29718098,-0.62061733,-0.11168283,0.083248198,-1.3468112,-1.8717686,-0.27222407,0.5140416,0.11650647,-0.2793113,0.86355537,0.14193346,0.41062269,0.22914195,-0.099317707,-0.54706901,0.22283031,0.071373276,-0.099528395,-0.38574827,0.098504104,0.1774758,1.2054694,-1.5191264,0.51291347,1.538945,1.5014508,0.33282769,-1.2107155,-0.23950569,-0.37921935,-0.10077022,0.1856436,0.39715129,0.77940881,0.72391653,0.34360462,0.20190161,0.2354438,0.70815891,0.7097038,1.1912477,-0.87440711,0.26863837,0.37419337,0.10682818,-0.31582594,-0.16635811,-1.4559444,0.2267094,0.035500981,-0.27939191,-0.026480205,0.71159589,0.66790837,-0.73740041,0.15054318,-0.21275596,0.47479641,-0.18079248,0.74197805,1.1625208,0.00581874,-0.066555932,0.60229021,-0.28701425,0.25897306,-1.0413734,0.31302631,-0.5797258,0.18461937,0.76611501,-0.76560938,-0.37564564,0.34950045,0.42585632,-0.61815578,-1.0886817,0.68884724,-0.56794035,-0.030675221,-1.4757321,0.34305209,-0.29075497,-0.55199277,-0.2923885,1.0227212,0.46224222,-1.8433998,-1.2486215,-0.32548887,-0.019390889,0.27977341,-0.041186668,0.084229752,0.59066468,0.081919849,-0.18243252,0.29962823,0.34313473,0.32144129,0.11770907,-0.01403489,0.14566346,-1.3126918,-0.002123365,0.50093669,-0.001108555,0.045731753,0.5860979,0.95395952,-0.34018427,-0.4520672,-0.33808926,0.36156464,-1.953027,0.29018411,0.33220628,0.33609587,-0.70378548,-1.3021559,0.13812387,-0.57208055,0.050108574,0.1588826,-0.143931,0.53991038,0.18809845,0.2653054,0.47874475,0.036775019,-0.21643093,-0.35980183,-2.1531045,-0.70820135,-0.89255816,-0.020771101,-0.81102473,0.16333038,0.15798432,-0.28964686,0.18287896,2
0.63715219,0.38903913,0.32908902,0.59431362,0.61033893,0.64209592,0.58119535,0.58932424,0.60790479,0.63818109,0.62352407,0.58063686,0.59461701,0.5866915,0.61318111,0.59955323,0.58347803,0.61976349,0.64606106,0.58684736,0.63430047,0.59611291,0.60309094,0.58662122,0.62311482,0.60579562,0.60788184,0.63351727,0.60928541,0.64935851,0.60475516,0.62783802,0.58674222,0.61269265,0.63659048,0.56412983,0.60885358,0.62021565,0.59410232,0.61763942,-1.0342865,0.30492193,0.62101805,0.55500573,1.4990462,1.8122003,1.5621639,0.93190378,1.070194,1.8628654,1.605432,1.4192109,0.39750364,-0.23242703,-0.31210977,-0.42401415,0.70554078,0.32484788,0.40317747,0.29969162,-0.94260544,0.017590107,-0.5929932,0.36180857,-0.65492332,-0.025592402,-0.12054975,0.68462384,0.40348554,1.6309279,-0.18027894,0.2650488,-1.3156825,-0.36378452,0.059157033,0.96327317,-1.0668901,0.61022365,0.22781205,-1.0175458,-0.16090791,-1.2770083,-0.54756451,0.32045943,0.95653123,0.89569384,-0.052656382,-1.7728839,0.89888459,0.13724513,-1.0956795,0.61353147,0.037548136,0.000548266,0.75728309,0.027622737,0.51975685,-0.59654111,0.21095626,0.61354011,-0.7273792,-1.2167485,0.072918944,0.53123182,-0.32004285,0.075552464,0.095579006,-0.20201859,-0.10695353,-0.3315683,0.5136078,0.91990697,-0.21934953,-0.28115439,-0.59778035,0.27740103,0.57226324,-1.1261686,0.46096188,-1.0563031,-0.43479675,-1.9411341,-1.088419,-0.024631273,-0.5618881,0.19824632,-0.40550834,0.15800609,-0.15839088,-0.24309823,-1.0448749,-0.47161829,0.12552966,-1.0842214,-0.1064384,-0.15777734,0.12755556,0.35356903,-0.64005661,-1.7931683,0.78416663,0.51119667,0.87262511,-0.19987598,0.55367601,0.21588604,0.13864064,-0.24937895,-0.28568739,0.25441962,-0.47635734,-0.02284912,0.4249897,-0.31824696,-0.84926325,-0.1132267,-0.64342588,-0.70813566,0.31636238,-0.37800276,-0.077467069,-0.78080463,0.88395327,0.66604042,0.13825646,0.072041497,-2.0897114,0.73106492,0.001188066,-0.18830606,-0.071625993,-0.58268976,0.032353878,-0.20250285,-0.69850421,1.1696196,-0.64128411,0.12250631,0.50514418,-1.9451382,-0.22062853,0.34238106,-0.11750719,-0.59162921,-1.1377943,0.52200401,0.20626706,0.54638529,0.82600462,-0.73591542,-0.35745251,-0.048139293,0.17159897,0.2103333,0.33797732,0.2043616,-0.089889586,-1.3308452,-1.7083915,-0.78181988,0.36243284,0.7234906,0.21078703,-0.40600201,-0.53147852,0.15260193,1.4577793,0.099617653,0.056827605,-0.3935501,-0.31096798,1.1523041,0.16988225,0.26007307,1.0926528,-0.10988238,-2.541188,-0.089545369,0.56205213,-0.007419638,0.064112276,-0.89975083,0.06443052,-1.6449056,0.24723294,-1.4170165,0.42154008,0.095438629,-0.84650707,0.021343902,0.43742615,0.59969485,-0.29048783,0.016229331,-2.8542075,0.32228744,-0.59222174,0.028799672,-0.053426452,0.17123291,0.53588068,0.37636429,-0.26772222,0.78085256,-1.766239,-1.1295055,-0.37387478,0.70463091,-0.44427744,0.087555617,0.38403499,0.48494682,0.018997516,0.60146129,0.49647528,0.95894015,-1.0322672,-0.36186764,0.83859342,-0.11557207,0.22697088,-0.10804538,-0.32284474,-1.2468851,-0.48039684,0.06631957,-0.44818681,0.69126433,1.245764,0.42792326,-0.40002888,0.27503431,-0.45021534,0.73809373,0.66274548,-0.1258918,0.150967,1.9236786,0.28115445,0.13844387,-0.95777589,-0.20293254,-2.0921409,1.1873487,-1.5305589,-0.35432202,-0.17089254,-1.5406703,-0.13785945,0.24353209,0.082950786,0.66879976,0.5599823,0.46428013,-2.013685,0.96399391,-0.14213288,1.3450329,0.051379524,-1.1411399,-0.17591618,-0.99772006,0.59286493,0.36489016,-1.0006671,0.37241256,-2.0335233,-1.94294,-1.6422441,-0.32526821,0.53823912,0.50757742,0.23967077,-1.0090631,0.77866876,-1.5158191,-0.23252875,0.29321271,-1.2271489,-0.042208157,0.016656065,0.56124169,-0.058764558,0.47726938,0.018151972,0.44169405,0.059283733,0.67515939,-0.000190202,-0.17609286,-0.94335449,0.42108715,1.1716088,-0.69601297,0.65924048,0.56458187,0.6403563,-0.73374313,0.69250798,0.4849858,-1.1698753,-0.59590721,0.073699735,0.17567827,0.2651217,0.97563994,-0.38875669,-0.56074202,-0.56339729,0.082581833,0.64215571,-0.28050438,0.02657456,-0.39144036,0.26960859,1.3566484,-1.2600169,0.23311159,0.28193659,-0.6497699,-0.054080296,-0.049818337,-1.5193819,-2.137315,-0.23893049,0.63149464,0.14685728,-0.2745741,0.84691256,0.24801254,0.5128395,0.3027564,-0.2140297,-0.57601023,0.26849836,0.12235867,-0.15393142,-0.48083445,0.22307612,0.14510338,1.3500232,-1.7456136,0.33418682,1.6424274,1.8018637,0.48536617,-1.2806491,-0.33372787,-0.4232232,-0.17081985,0.094243921,0.42009956,0.93757749,0.82833135,0.554708,0.18832374,0.24137814,0.84011018,0.73434722,1.0913719,-0.99510717,0.41124639,0.31640831,0.15844487,-0.35910186,-0.19719017,-1.7073811,0.30488762,0.082737833,-0.30303639,-0.11466295,0.48032033,0.42803955,-0.82676589,0.22375178,-0.30192,0.24141252,-0.28953826,0.82824588,1.1050575,0.09611772,0.022726253,0.67381656,-0.28343457,-0.002334265,-1.1942145,0.37688914,-0.64839005,0.19558652,0.84445906,-0.90064484,-0.45621443,0.52194941,0.50189322,-0.7230373,-1.2511601,0.714095,-0.60608947,0.06283062,-1.7133733,0.38191819,-0.32263118,-0.52650797,-0.45085126,1.1359386,0.61044466,-2.062952,-1.3466746,-0.39297181,-0.003743887,0.27171943,0.018656621,0.068278223,0.54224658,0.16376796,-0.19076605,0.29965022,0.33149999,0.42048979,0.052106127,-0.12672071,0.2461341,-1.5129662,0.024112407,0.47444072,-0.006804269,0.1518923,0.74659979,1.0831859,-0.40681404,-0.68702453,-0.36572722,0.053937126,-2.0958641,0.3323639,0.50838417,0.39246809,-0.7945832,-1.4787954,0.26119617,-0.59417272,0.21894827,0.12462103,-0.0910547,0.59247482,0.19265915,0.34522074,0.5162378,0.033827581,-0.16299811,-0.41123956,-2.4396572,-0.80955338,-1.0749716,0.034736428,-1.0778035,0.26820296,0.086387232,-0.29553396,0.15829743,2
0.47993383,0.24967092,0.21611251,0.46601772,0.46954197,0.48653626,0.46215445,0.46402562,0.49084955,0.48211783,0.47870877,0.47179627,0.4739731,0.46566719,0.48353773,0.46353304,0.47256386,0.49819732,0.47110224,0.4680301,0.44452041,0.46202868,0.45349672,0.46863127,0.46233541,0.45931336,0.45487022,0.4529134,0.45128933,0.4556469,0.45313913,0.43586552,0.4442969,0.45613003,0.44254345,0.4472867,0.44912356,0.45860642,0.43370891,0.43351489,-0.70956141,0.20555443,0.11665684,0.17806181,1.1143323,1.4895883,0.99631494,0.45088622,0.53712553,1.3599346,1.1434317,0.90921557,0.2371452,-0.17982434,-0.16572583,-0.4662962,0.45675296,0.20183635,0.27490044,0.20939809,-0.74658066,0.004460911,-0.42861038,0.20271608,-0.61781949,-0.16315266,-0.13934277,0.39931524,0.2106362,1.2821295,-0.12859289,0.17368667,-0.87381059,-0.15988667,0.12818114,0.67241961,-0.81837636,0.45787707,0.2123493,-0.78946412,-0.14099944,-0.85267043,-0.46071765,0.22094175,0.61501104,0.57330221,-0.076176055,-1.2629174,0.48589715,0.069251701,-0.75393116,0.42673621,0.01129319,-0.049859017,0.57959151,0.19583638,0.28044671,-0.31410974,0.21866758,0.43509588,-0.50855595,-0.82823133,0.079007767,0.27610826,-0.15874675,0.11692014,0.10874673,-0.11418922,-0.15968755,-0.25822097,0.40488786,0.66693974,-0.12110968,-0.36889428,-0.33189079,0.2679013,0.327627,-0.76598829,0.28766993,-0.87592095,-0.33685714,-1.3826929,-0.81393915,0.008012001,-0.43658698,0.19485022,-0.22607991,0.089002289,-0.070258103,-0.17758472,-0.63265395,-0.23570266,-0.071517766,-0.81101102,-0.053628013,-0.08306089,0.15059055,0.29328933,-0.38335463,-1.0712401,0.35327399,0.30778819,0.59506094,-0.096815981,0.38242367,-0.10237634,0.045639537,-0.29528221,-0.16276011,0.24990146,-0.38871986,-0.0550505,0.30416209,-0.099365592,-0.533126,-0.076580785,-0.43742019,-0.45964986,0.13694651,-0.2196143,0.01294129,-0.52191943,0.56416082,0.44596758,0.027191482,-0.10009573,-1.2872667,0.49987155,-0.049228419,-0.021407001,-0.051445358,-0.41263685,0.094273284,-0.083306745,-0.50248349,0.73882461,-0.54324138,0.037099101,0.31743225,-1.296959,-0.14158171,0.22585213,-0.066940881,-0.38978344,-0.66162324,0.53621143,0.16164994,0.4303875,0.63498998,-0.4983651,-0.34873891,0.001407489,0.2955119,0.21194996,0.23311028,0.23847821,-0.17344886,-0.85834187,-1.1977552,-0.60180354,0.17419165,0.6079424,0.12022083,-0.34365758,-0.37963554,0.10192545,1.0160555,-0.065639846,0.036910299,-0.2564103,-0.25035334,0.88184714,0.12240374,0.14267449,0.66204125,-0.065623224,-1.6833299,-0.10768047,0.39285907,-0.041028515,0.010364827,-0.53996706,0.008449249,-1.1535109,0.15845981,-0.95022225,0.45827273,0.028950036,-0.60462558,0.007441232,0.26322129,0.32900465,-0.18803018,-0.27340928,-1.9936724,0.26437286,-0.33696502,0.046846699,-0.084457055,0.10140857,0.36767319,0.11441268,-0.19416332,0.53833216,-1.1647223,-0.5462411,-0.31445259,0.26792562,-0.30244347,0.21097323,0.32994869,0.47317147,1.30E-05,0.41866499,0.34842032,0.62872505,-0.74508506,-0.21116319,0.43442929,-0.047388744,0.23228325,0.026478257,-0.21618044,-0.90186435,-0.39436677,0.00118646,-0.25263506,0.60133177,0.88654965,0.33763522,-0.32986656,0.14873055,-0.26971301,0.34259465,0.45403448,-0.008751303,0.054940179,1.2326727,0.23101492,0.12920183,-0.76046646,-0.084085658,-1.4737244,0.8085286,-1.0381448,-0.2449116,-0.12315576,-1.2551351,-0.033687346,0.083853699,0.13244742,0.54692847,0.37305516,0.23464966,-1.3132885,0.50109076,-0.010232273,0.91528875,-0.083398998,-0.81059152,-0.12836501,-0.6402908,0.41630921,0.27010983,-0.75214475,0.18529229,-1.3422081,-1.278583,-1.0414001,-0.26880127,0.23663978,0.059893578,0.18057348,-0.63705146,0.49926975,-0.95149869,-0.11481635,0.16541165,-0.88457525,0.090569653,0.014330876,0.49143255,-0.091390796,0.25468868,0.01708308,0.30865276,0.057207875,0.55618495,0.03894905,-0.1060193,-0.60957038,0.27012438,0.84571618,-0.33374631,0.44274053,0.43080136,0.54533994,-0.44170058,0.40342277,0.44448227,-0.77639604,-0.51023299,-0.026113756,0.14470857,0.26375571,0.63410354,-0.30979413,-0.38938496,-0.373162,0.11523233,0.45792365,-0.33153653,-0.046380386,-0.20083395,0.30443674,0.86787516,-0.90712476,0.1671945,0.16518481,-0.49057609,-0.037121147,-0.022972032,-1.0874887,-1.420043,-0.19195846,0.37070683,0.083865151,-0.26522326,0.62405068,0.10890406,0.38233897,0.2220438,-0.1618077,-0.33158416,0.17213899,0.025408275,-0.067534618,-0.31097686,0.1319852,0.22370619,0.9933759,-1.2803872,0.33523226,1.2509017,1.1635445,0.31281322,-0.87168926,-0.17715898,-0.33862683,-0.069346868,0.047002193,0.30604547,0.59877539,0.67105526,0.30675113,0.070514895,0.22476539,0.55953628,0.62369049,0.59774381,-0.56306905,0.2440874,0.19719979,0.14800669,-0.24554971,-0.14980763,-1.1637915,0.2115967,0.009157877,-0.10809475,-0.32959321,0.33860093,0.37895894,-0.5776543,0.21682438,-0.17308274,-0.13879003,-0.085707404,0.33583051,0.8051827,-0.096679613,0.049757279,0.42992556,-0.19435194,-0.071533076,-0.81064653,0.22567466,-0.4815242,0.23395959,0.54294604,-0.59462911,-0.25036842,0.23427768,0.34437016,-0.3577171,-0.8164885,0.39868993,-0.43665895,-0.055753753,-1.0402267,0.28326023,-0.1049881,-0.44733813,-0.29653698,0.68603051,0.3838155,-1.3892891,-0.8205204,-0.26028147,0.004800339,0.21838586,0.015396988,0.048680358,0.36099973,0.13111761,-0.14205259,0.27181292,0.26194876,0.35378402,0.20318145,-0.20482168,0.074510366,-1.1040521,-0.054388925,0.26649207,0.03664301,0.14497373,0.51569414,0.65101492,-0.26576748,-0.44424343,-0.34515455,0.14820199,-1.4488101,0.23978034,0.32060957,0.27246112,-0.49318457,-0.93794143,0.12673593,-0.56537497,0.015218213,0.083669499,-0.11664383,0.25090545,0.10279168,0.23088562,0.36882904,0.033688761,-0.099614963,-0.27308238,-1.6943923,-0.51154095,-0.6398949,0.013081256,-0.69666272,0.20229988,0.14263624,-0.25032836,0.32203063,2
0.56723672,0.34672609,0.29988235,0.53345388,0.55249447,0.56457591,0.5358063,0.53122211,0.56214553,0.54887068,0.54713762,0.53346372,0.53666526,0.52841067,0.52802086,0.5248909,0.52625227,0.56782186,0.54785621,0.52110106,0.51645356,0.52780485,0.53094971,0.52536637,0.53982943,0.51352882,0.54499948,0.53612769,0.52109051,0.53244054,0.5339973,0.51839924,0.51011276,0.52088225,0.5217905,0.50535589,0.51106423,0.52479804,0.50971258,0.51460874,-0.96763277,0.2839843,0.61302948,0.57914406,1.5270619,1.7037847,1.5546694,0.95155185,1.0808381,1.8826053,1.6148202,1.4333276,0.31557113,-0.18928602,-0.10299716,-0.57618982,0.54628938,0.28914356,0.38029522,0.21798417,-0.8485353,0.052394673,-0.35036469,0.42492306,-0.7132287,-0.14823787,-0.27716881,0.92002773,0.57563007,1.5562371,-0.19620556,0.26513746,-1.1760267,-0.20949784,0.19439453,0.75160021,-1.0144019,0.50221807,0.35306278,-1.0455773,0.030536994,-0.73877543,-0.54979306,0.59432811,0.73057336,0.98272991,0.00829263,-1.8023111,1.0082086,0.13894561,-0.93208385,0.6858055,0.14749879,-0.009744391,0.63503635,0.11340886,0.34789926,-1.0129501,0.15966088,0.4690609,-0.86945152,-1.1535293,0.14066708,0.65479231,-0.33863869,0.40276566,0.17486055,-0.063234031,-0.073047489,-0.29341763,0.50273478,1.1405101,-0.32058397,-0.64552522,-0.74947298,0.54305112,0.61582822,-1.2400153,0.44793391,-1.080608,-0.40053308,-1.7893538,-1.7038903,-0.073352657,-0.26969817,0.15736657,-0.37358719,0.22258367,-0.20009483,-0.51198488,-0.94892144,-0.3349008,0.23666604,-1.3125073,-0.3347379,-0.38579485,0.13477214,0.4985626,-0.68836057,-1.8335893,0.85816616,0.43781784,0.90504432,-0.28091401,0.59329271,0.12474146,0.17527851,-0.25723082,-0.12479295,0.42459825,-0.83727729,-0.097281359,0.33996579,-0.45712793,-0.8076334,-0.12553206,-0.76871204,-1.1736875,0.35556397,-0.70321614,-0.061002322,-0.4934724,0.76847887,0.66863859,-0.26417574,0.021772277,-2.2242851,0.75960726,-0.028575584,-0.060466111,-0.071788162,-0.66966915,-0.077163473,-0.22813922,-0.4920935,1.1901264,-0.78379947,0.150801,0.62229973,-2.3891459,-0.54620528,0.43232518,-0.068535149,-0.76082039,-1.3703556,0.47609538,0.42628303,0.6805467,1.012628,-0.76235068,-0.3723557,0.03717766,0.31401533,0.10249904,0.33174595,0.19193831,-0.24070941,-1.3232846,-1.5866363,-0.80336547,0.26648724,0.42196372,0.15321924,-0.44178703,-0.57495916,0.16173559,1.5563291,-0.020049687,-0.028908312,-0.77724618,-0.39398864,1.2951664,0.17250958,0.16386978,2.4559479,0.037506718,-2.5996203,0.015624009,0.70435894,0.006132575,0.027853943,-1.3286819,0.2245023,-1.8910148,0.31708267,-1.7886038,0.90304077,-0.28191215,-0.7427699,-0.089377955,0.22513458,0.73873526,-0.17119287,-0.21676192,-3.2906685,0.53056318,-0.46193311,-0.051591445,-0.3093068,0.32926023,0.58695537,0.23968646,-0.18404213,0.67414284,-2.2155182,-1.1996299,-0.25912073,0.58373922,-0.48191226,0.10373814,0.59463388,0.5636307,0.004852425,0.50134158,0.27449077,0.99687451,-1.3545561,-0.34920132,0.73581129,-0.049801409,0.3987152,-0.14019968,-0.013992205,-1.1551543,-0.4023613,0.044948548,-0.43508631,0.70814639,1.4243215,0.46902803,-0.42839572,0.13023743,-0.43715209,0.71434438,0.86414808,-0.022631288,0.17470384,1.5679796,0.27970317,0.096905589,-1.0990387,-0.22882886,-2.3365431,1.1122463,-1.8763859,-0.56901944,-0.14395015,-1.4473709,-0.29355395,0.33883882,0.43949282,0.53539276,0.66473114,0.45241183,-2.1256609,1.1228675,-0.000337111,1.352235,0.063307792,-0.88380867,-0.06075377,-1.0302944,0.88428766,0.50905186,-0.86933351,0.50048441,-2.6822174,-2.3184795,-1.7177773,-0.37322193,0.68606603,0.6078288,0.24027279,-1.3965833,0.70823592,-1.782506,-0.08913175,0.39868802,-1.1168396,-0.046474256,-0.089224897,0.76274645,-0.2956481,0.39887398,0.061974466,0.48023289,-0.040344186,0.83934891,0.050574601,-0.23090266,-1.1105117,0.36423203,1.1403962,-0.52895939,0.68523079,0.50677592,0.61159337,-0.75465286,0.81096613,0.38419199,-1.6167486,-0.38097456,-0.059200071,0.36787668,0.32530373,0.96661878,-0.34225559,-0.58644724,-0.45298699,0.21122131,0.67068261,-0.4696402,0.060616814,-0.31116438,0.35529265,1.5511134,-1.5607102,0.20438106,0.21766421,-0.75487721,-0.11855629,0.011160135,-1.8897691,-2.3530309,-0.16129842,0.5502159,0.25136715,-0.31648064,0.96033543,0.24367557,0.56143731,0.22841503,-0.27580476,-1.0926282,0.1713205,-0.047277376,-0.097598001,-0.41664749,0.24821271,0.16416299,1.4897382,-1.7225264,0.32300165,2.0225365,1.9947267,0.44783434,-1.2722118,-0.25217697,-0.81182605,0.008389056,0.22843811,0.61827517,0.95322549,1.123152,0.47338465,0.33873907,0.24678883,0.6885609,0.75036383,1.3932872,-0.95755702,0.29113421,0.41668984,-0.20409098,-0.30745143,-0.13598774,-1.5669242,0.2880955,0.058220059,-0.2851744,-0.49984032,0.38489139,0.5096041,-0.69908428,0.41344637,-0.18299948,-0.007712234,-0.62476021,1.0736105,1.2335489,0.052701876,-0.003535672,0.66016513,-0.2962167,-0.16028625,-1.1749823,0.46930164,-0.60523778,0.39450747,1.0566192,-0.9306317,-0.74785137,0.42866191,0.50773454,-0.96919835,-1.6907661,0.74872971,-0.62171388,-0.050718129,-1.641314,0.44379124,-0.19292805,-0.70694077,-0.55798984,1.2416661,0.57514155,-2.2377133,-1.5627012,-0.25230211,-0.030913647,0.28102189,0.14094043,0.080547705,0.52160615,0.13578041,-0.19887772,0.26046571,0.41465288,0.61970919,0.17656794,-0.22486991,-0.16367829,-1.450061,-0.14068671,0.6497097,0.034999304,0.056446999,0.80954885,1.5018306,-0.51613408,-0.69038403,-0.40982321,0.44922185,-2.229763,0.26590502,0.11147895,0.34660637,-0.86019051,-1.9079735,0.2546922,-0.61062187,0.62680984,0.24209148,-0.095009685,0.84585285,0.13327691,0.3506158,0.55927175,-0.021481622,-0.27843189,-0.58917332,-2.4164929,-0.96627057,-1.4584116,-0.03122275,-1.3545434,0.26440677,0.12094566,-0.31396848,0.19507362,2
0.52482945,0.30390415,0.25813073,0.49189183,0.50978082,0.5059253,0.48651472,0.50582069,0.51529014,0.49763623,0.51066554,0.49119243,0.4993335,0.49083728,0.50690746,0.49649113,0.48791409,0.53055257,0.50731337,0.49824446,0.4761675,0.47468358,0.48254466,0.4868961,0.49962705,0.48198953,0.50285316,0.47215933,0.4837085,0.4944737,0.47916293,0.4788664,0.47317228,0.48792791,0.482741,0.45990628,0.46809784,0.49299133,0.45879418,0.46408907,-0.94894129,0.2302798,0.55707633,0.54224557,1.479954,1.6977744,1.500935,0.8948943,1.0171701,1.8275135,1.5664005,1.3777542,0.34837362,-0.20471872,-0.063132241,-0.39834249,0.69758213,0.30324471,0.35149193,0.17159182,-0.74655122,0.003493082,-0.37597814,0.44193277,-0.52062666,-0.14696312,-0.14854181,0.77626133,0.37526816,1.5610887,-0.18922478,0.25362203,-1.0822978,-0.19913261,0.18083127,1.0437443,-0.95488113,0.59394073,0.26128015,-0.99099576,-0.093902968,-1.0375801,-0.56022972,0.76727146,0.94776678,0.95347953,-0.05730024,-1.7375547,1.047307,0.12115215,-0.97768575,0.43361342,0.060123932,0.12769789,0.69387913,0.10960062,0.51754999,-0.84203649,0.1725159,0.57913697,-0.72219193,-1.1915644,0.11024062,0.49541527,-0.31890348,0.21948619,0.16562934,-0.16301091,-0.046607904,-0.27780595,0.53507257,1.1286914,-0.38099968,-0.39171943,-0.7820372,0.43591598,0.96116757,-1.2133915,0.32559946,-0.75031567,-0.40166849,-1.7969942,-1.3839757,-0.032285195,-0.40237015,0.29208982,-0.34885979,0.15256023,-0.18269053,-0.41129464,-0.94706798,-0.34421492,0.9442535,-1.1598363,-0.27047044,-0.30923074,0.050476849,0.45314968,-0.68007958,-1.9837041,1.0911554,0.42251927,0.95933336,-0.28357086,0.55790788,0.15442811,0.051906168,0.17363702,-0.024193123,0.5737524,-0.6425004,-0.12634045,0.4111554,-0.43315649,-0.81065756,-0.18522054,-0.77963179,-1.0081866,0.40364027,-0.51975453,-0.075230449,-0.49699971,0.71106696,0.60895544,-0.077239618,0.22668183,-2.1623092,0.83648634,-0.14728974,-0.080041647,-0.042688616,-0.5616954,-0.19016488,-0.26776463,-0.53745407,1.2160212,-0.89322877,0.073393896,0.67381066,-2.2037256,-0.45956111,0.31821346,0.025858954,-0.66840941,-1.273276,0.3742058,0.21987425,0.35136655,1.0993258,-0.71120095,-0.33715379,0.041326493,0.19384816,0.2820614,0.45429304,0.14383382,-0.069931127,-1.2738104,-1.6595345,-0.83610582,0.24400823,0.74208969,0.15865204,-0.38906389,-0.39158684,0.14366545,1.4851649,0.21907076,-0.031094598,-0.56446755,-0.40939051,1.397356,0.15400898,0.19866261,2.2776186,-0.18201876,-2.7896423,0.03808438,1.0066371,0.052631021,-0.0718963,-1.1313175,0.15846232,-1.8298213,0.2275783,-1.5664535,0.57974863,-0.008142479,-0.80342346,0.022172019,0.41624358,0.74821854,-0.28735811,0.31819734,-3.0547171,0.4363448,-0.43029633,-0.094523028,-0.20614688,0.58460909,0.50152075,0.16763476,-0.088794343,0.79027128,-2.1276898,-1.1082355,0.11972366,0.81998158,-0.47804171,0.22666401,0.36228254,0.49628228,-0.052258842,0.50096363,0.4251768,1.0304221,-1.1445221,-0.35078549,1.054202,-0.10771555,0.43128467,-0.14580177,-0.13920909,-1.1961433,-0.38836864,0.072157316,-0.45268831,0.70913243,1.4980536,0.40067941,-0.26179451,0.25227198,-0.48882645,0.75588977,0.91440892,-0.004743725,0.12581579,1.7030913,0.20333478,0.090622924,-1.0047408,-0.29942745,-2.2694473,1.0435845,-1.7053552,-0.62818021,-0.21238181,-1.1623594,-0.1557326,0.29496217,0.48676229,0.91272098,0.49316028,0.69075042,-2.0487576,0.98676521,-0.024009394,1.3559984,0.106344,-0.92049962,-0.091346309,-1.0287569,0.69432414,0.35584933,-0.811306,0.65558982,-2.4125543,-1.9848149,-1.8758121,-0.37179583,0.46739754,0.89756823,0.21947668,-1.3038552,0.76231247,-1.7724509,-0.24954534,0.35432673,-1.2498883,0.022374626,-0.090490922,0.66453356,-0.30617288,0.61509097,0.085574247,0.31459141,-0.091701388,0.65331781,0.064985164,-0.071649447,-1.0057068,0.37134838,1.1589465,-0.80327678,0.84384227,0.49511439,0.54428619,-0.86738688,1.0757409,0.48541754,-1.4516946,-0.4978295,0.001745157,0.21703815,0.24783377,1.1990733,-0.35619205,-0.53377676,-0.47811487,0.22315714,0.70563549,-0.40093857,-0.067009158,-0.38332489,0.17989331,1.7385473,-1.441943,0.16563153,0.29697925,-0.7563535,0.041746058,0.12030578,-1.7748406,-2.3240685,-0.36582395,0.55250037,0.17427982,-0.40069258,0.69254053,0.30192873,0.54254198,0.18649361,-0.025277793,-0.88724244,0.23671398,-0.015335038,-0.10102155,-0.19470695,0.15189737,0.04619807,1.5025369,-1.8217335,0.22506189,1.8669293,1.8927965,0.60160279,-1.1030583,-0.28611836,-0.68205297,-0.096058168,0.19158155,0.56546754,1.1012241,1.0571935,0.53933698,0.36179227,0.25946605,0.7540223,0.78150475,1.6552141,-0.93962193,0.39912295,0.5825274,-0.072005123,-0.30616641,-0.13385181,-1.4384668,0.28396183,0.020227367,-0.35556793,-0.2874158,0.77873379,0.43192959,-0.65663451,0.20309533,-0.18533278,0.33153692,-0.45304519,1.0261847,1.5690107,0.21173508,-0.041862004,0.64682645,-0.09846393,-0.068704166,-1.2397163,0.41091579,-0.60172033,0.40430364,0.86049533,-0.77727592,-0.65206957,0.35808372,0.46669203,-0.87730634,-1.3532674,0.77488458,-0.78107381,-0.086982116,-1.6824242,0.30292413,-0.26137173,-0.67483699,-0.53759134,1.2877855,0.51165646,-1.9878895,-1.5140691,-0.35046721,-0.00979546,0.32209629,0.079656661,0.056365412,0.60126626,0.18145531,-0.19086608,0.26430553,0.43785521,0.39413333,-0.05596618,-0.20473617,-0.006730497,-1.4549937,-0.1101936,0.65835834,0.0238607,0.027204603,0.73053616,1.5656968,-0.43398666,-0.75318581,-0.44242644,0.037255399,-2.1753526,0.24800511,0.18053445,0.37402749,-0.89853424,-1.6160762,0.1939559,-0.51441759,0.38007957,0.31546006,-0.053040124,0.42087543,0.053142607,0.30259368,0.58274609,-0.014416877,-0.30990264,-0.56495678,-2.3646517,-0.94540888,-1.169216,-0.035604984,-1.1120954,0.22495005,0.17627834,-0.42837143,0.14501211,2
0.56632465,0.3463698,0.30329898,0.54909718,0.57433426,0.57597703,0.54896057,0.54377508,0.56845748,0.56779826,0.58361554,0.54056519,0.5503071,0.55236083,0.54417735,0.54937261,0.52672982,0.59366626,0.55999255,0.5168348,0.51251256,0.53583574,0.53697032,0.53088206,0.53289032,0.55280846,0.57956928,0.56327689,0.50813437,0.55469108,0.54820728,0.51466686,0.5202651,0.54402202,0.53329575,0.51206136,0.51713121,0.52845716,0.50116962,0.50883436,-0.96640825,0.28689486,0.72938228,0.68765855,1.6473918,1.7884195,1.7022052,1.0644137,1.2099085,2.0082376,1.7264749,1.5572791,0.41288128,-0.22198626,-0.00500077,-0.43677956,0.68459272,0.34396815,0.33537552,0.27148288,-0.9330492,0.009978881,-0.5294767,0.4932915,-0.80401748,-0.1181054,-0.22275245,0.89602983,0.28293341,1.775707,-0.23923731,0.35314816,-1.214416,-0.26034522,0.18558636,0.92910278,-0.97298461,0.63348955,0.2766653,-1.051125,-0.018431693,-1.2312351,-0.56655741,0.72056687,0.8803454,0.94786787,0.025597053,-1.8363013,0.93613732,0.11421746,-1.076907,0.50677061,0.077623837,0.059953168,0.73814607,0.07598494,0.44499546,-0.55582327,0.20389411,0.61927009,-0.568892,-1.1852045,0.11331759,0.56405085,-0.35634449,0.20946652,0.046523429,-0.1636278,-0.05462306,-0.28053468,0.68943977,1.1197233,-0.30918536,-0.54596633,-0.75655872,0.26471344,0.79767466,-1.2872629,0.44103643,-0.98548722,-0.43997803,-2.0115283,-1.3476526,0.025102258,-0.63704848,0.26260462,-0.48934582,0.18640879,-0.17002971,-0.36622629,-0.89762831,-0.34898707,0.76271409,-1.2866341,-0.33581066,-0.15890178,0.19052903,0.52764052,-0.59628832,-1.8663248,0.8000344,0.46447641,1.1123934,-0.21813974,0.58393312,0.017523468,0.010835171,-0.18055235,-0.20931873,0.43981797,-0.78349733,0.02025196,0.40101683,-0.38168067,-0.78999752,-0.080762476,-0.71505076,-0.83703113,0.41056949,-0.30697408,-0.057573155,-0.61545134,0.74215043,0.68618256,-0.041082408,-0.007836601,-2.1713793,0.91023946,-0.050557729,-0.11663751,-0.084963143,-0.6119194,-0.15591978,-0.3383944,-0.60830188,1.2820172,-0.82334292,0.098261215,0.50192064,-2.2812202,-0.23530328,0.42890394,-0.000327796,-0.72845113,-1.235088,0.59217989,0.28165418,0.2264448,0.89185506,-0.76504189,-0.36742386,0.002232898,0.29222408,0.037114054,0.50732768,0.062334813,0.11008649,-1.4134337,-1.7703063,-0.7971673,0.24142806,0.58151668,0.07866396,-0.54982901,-0.14062451,0.12833939,1.4486144,-0.089309163,0.022422761,-0.50564581,-0.29180124,1.3311068,0.14376034,0.1955383,2.6915514,-0.052020948,-2.7737505,-0.024279743,0.87405181,0.021533493,-0.067414157,-1.0013283,0.10909949,-1.7476887,0.31160158,-1.1907092,0.43627709,-0.014701314,-0.89230466,0.023474267,0.26222447,0.72204226,-0.30732083,-0.18842703,-3.0198596,0.43229774,-0.72074199,-0.060101084,-0.3357414,0.50117499,0.64435661,0.16784678,-0.035490215,0.56226325,-1.8179502,-1.0357826,0.31985772,0.39232388,-0.48869947,0.080992013,0.31358296,0.57183272,-0.059079856,0.65226042,0.59058064,0.83126241,-1.2721386,-0.37485683,0.3690694,-0.093532547,0.29975593,-0.16906995,-0.19228658,-1.3431661,-0.57651019,0.13654529,-0.27883697,0.68853009,1.2237964,0.44548178,-0.44338048,0.14142977,-0.49470347,0.73888785,0.66023302,-0.096540064,0.10505413,1.5216489,0.21513587,0.22203907,-1.1296072,-0.1151191,-2.2396579,1.1176345,-1.6922729,-0.33465174,-0.083224155,-1.3189919,-0.24877256,0.11531188,0.54084706,0.57062745,0.39029557,0.8110342,-2.1234558,1.1869177,0.038338784,1.3533343,-0.050052758,-1.1642543,-0.12161922,-0.96642721,0.90617585,0.2330676,-0.75844181,0.4370892,-2.1283839,-2.0733023,-1.8036306,-0.39163125,0.62090492,0.98817682,0.24735418,-1.1425354,0.84310317,-1.6087316,-0.17063199,0.25089708,-1.0810038,0.094799854,-0.08232002,0.40068161,-0.21425523,0.47661138,0.042916756,0.55924398,-0.060609519,0.86262417,0.10302285,-0.17605618,-0.94547975,0.34451029,1.1070966,-0.93392026,0.800789,0.76527745,0.42882982,-0.83374411,0.79322726,0.49626607,-1.3246794,-0.7684195,-0.021534055,0.26344883,0.25298914,1.1113024,-0.36262944,-0.5447402,-0.48598051,0.13485494,0.63019294,-0.43568224,0.05244448,-0.39863542,0.31550395,1.4276536,-1.1787283,0.35943651,0.33231303,-0.7551499,0.001065221,-0.14201325,-1.767013,-2.2430623,-0.13579948,0.62119496,0.10015565,-0.28483289,0.84076959,0.2512148,0.37608519,0.26915705,-0.070053414,-0.76261854,0.17850235,0.019234046,-0.12064371,-0.5445196,0.20564294,0.2172209,1.4663024,-1.9087073,0.34370103,1.6132712,1.7628479,0.55737746,-1.3786268,-0.35236672,-0.59100449,-0.19286677,0.13850041,0.66574252,1.0919294,0.7914803,0.51095372,0.24237347,0.32909697,0.89761162,0.79684889,1.461177,-1.1494629,0.48942196,0.35562116,0.130723,-0.45332554,-0.15294251,-1.4688491,0.28915706,0.093164608,-0.29871362,-0.2914589,0.66667986,0.45797014,-0.60011202,0.5024609,-0.27840745,0.3777073,-0.3023189,0.61145645,1.2045873,0.22418249,0.047576752,0.7556209,-0.1724349,-0.041923963,-1.2021579,0.36792779,-0.61419195,0.47638848,0.8653692,-0.79963815,-0.49621418,0.39888385,0.55073518,-0.79806757,-1.3919424,0.69994158,-0.65421498,-0.032650985,-1.7417942,0.34999943,-0.16960615,-0.71708173,-0.53053194,1.1672565,0.58920717,-1.9800332,-1.4208628,-0.40998483,-0.052540734,0.37440619,-0.074402161,0.12092202,0.41358083,0.18728876,-0.24185248,0.27918237,0.43965334,0.41601712,0.10390164,-0.13338771,0.06123054,-1.6314415,-0.17386366,0.75496876,0.044832461,0.16970545,0.71978587,1.213693,-0.48419225,-0.6061309,-0.26119649,0.16291331,-2.0904784,0.22843498,0.38772807,0.45070377,-0.94823962,-1.8083246,0.29506007,-0.61401224,0.12569176,0.14610164,-0.1396848,0.6569075,0.11259486,0.29265597,0.58404171,0.031691618,-0.31103671,-0.64296424,-2.4514179,-0.92703575,-1.0586246,-0.032091457,-1.0056741,0.2024093,0.07278876,-0.37697873,0.2044241,2
0.49725911,0.29047105,0.25700346,0.49058256,0.47979188,0.494975,0.48311907,0.47038764,0.48513305,0.47766006,0.47483408,0.46660933,0.47605133,0.47657424,0.48354456,0.46376449,0.47641146,0.49496448,0.46732408,0.4684276,0.45879918,0.4642058,0.44529992,0.46814215,0.46462798,0.45628586,0.45319515,0.44198039,0.46632072,0.46313828,0.4382599,0.45684618,0.44170523,0.44555223,0.44721022,0.44151926,0.4396733,0.46037647,0.43500549,0.43649945,-0.73990911,0.24008229,0.30265963,0.36727718,1.2984312,1.6400957,1.2266721,0.65625423,0.75597107,1.5728983,1.3463326,1.1263202,0.30394125,-0.16524446,-0.25182611,-0.19333127,0.42907336,0.24613865,0.26732612,0.27750596,-0.53752857,0.044608884,-0.53037775,0.28926414,-0.71041274,-0.02606719,-0.17761262,0.48822099,0.25905111,1.1831186,-0.083102062,0.2086257,-1.0675341,-0.22906163,-0.072665818,0.6904906,-0.88826662,0.50976902,0.16437805,-0.84779471,-0.091689482,-0.99976587,-0.51886272,0.37252676,0.6504088,0.55019283,-0.050153047,-1.4613291,0.52853191,0.12852435,-0.91541594,0.46983454,0.053225003,0.092706613,0.59928048,-0.081416972,0.57099015,-0.2573157,0.12176425,0.42917022,-0.67071438,-0.94819564,0.060888119,0.41371125,-0.30376276,0.25950846,0.008903848,-0.10144601,-0.19007903,-0.24044573,0.54272527,0.68573171,-0.14382014,-0.39371443,-0.40536308,0.09586715,0.39235952,-0.96553349,0.28198522,-1.0414364,-0.29279953,-1.5773098,-0.81205684,-0.024722248,-0.48007384,0.29808995,-0.29337397,0.12930647,-0.039965607,-0.03038051,-0.55758238,-0.55613947,-0.09167628,-0.95203346,-0.1798543,0.035501808,0.13495439,0.36991906,-0.41030383,-1.2567607,0.089094311,0.34176216,0.74362898,-0.16127719,0.430154,0.18024598,0.10267095,-0.38272372,-0.28573713,0.39070797,-0.47798699,-0.072675109,0.31030092,-0.14628722,-0.67521316,0.040336937,-0.45367721,-0.50349218,0.14741564,-0.28291956,0.057760961,-0.67856717,0.80730772,0.51834559,0.13109683,-0.18374635,-1.6115118,0.53413451,-0.060283635,-0.098810837,-0.051674828,-0.43745559,0.14741243,-0.069539331,-0.60752141,0.9185043,-0.55586839,0.079490907,0.46825987,-1.4514558,-0.13196743,0.26018581,-0.17071719,-0.39237028,-0.73222333,0.58200949,0.029009119,0.31808114,0.83841372,-0.64574134,-0.16788712,0.025345156,0.13368879,0.22032253,0.39529586,0.18106399,-0.23496896,-1.0787179,-1.4371802,-0.73406553,0.20859347,0.48354551,0.12857795,-0.35758582,-0.32339457,0.13123876,1.1319523,-0.098429441,0.041752465,-0.27280572,-0.10806891,0.96779662,0.13578683,0.19902903,0.94929129,-0.010765377,-2.1971068,-0.1139858,0.40873003,0.074033812,-0.11029521,-0.58678263,0.035720177,-1.2885448,0.25565505,-1.0276921,0.19723736,0.085092299,-0.76348901,0.088334024,0.31893671,0.38158703,-0.21465687,-0.37135118,-2.2246742,0.30554169,-0.70369047,-0.060325108,-0.19686127,0.008667901,0.39055267,0.16273858,-0.24722192,0.39372802,-1.3189861,-0.57167131,-0.25386566,0.38001704,-0.35444546,0.16002706,0.17014208,0.3414095,-0.040451929,0.5205285,0.41544753,0.76335853,-0.91933113,-0.21146789,0.30252594,-0.056360807,0.16315857,0.039402865,-0.19735894,-1.0421958,-0.43468621,0.10318179,-0.43562117,0.530945,0.90586805,0.37137732,-0.40145206,0.21096681,-0.24674499,0.43082303,0.46161193,-0.50994283,0.10007781,1.6869651,0.1081425,0.18031694,-0.9456405,-0.054298662,-1.6862949,0.95613819,-1.1817338,-0.30755174,-0.15428436,-1.3909506,-0.2741684,0.073473573,0.22014733,0.60972518,0.41747928,0.14857665,-1.5409465,0.72808677,0.19385993,0.93689203,-0.063918956,-0.94529945,-0.029815607,-0.71869636,0.52481496,0.23548205,-0.8275854,0.27244726,-1.5356028,-1.481343,-1.1528336,-0.35886356,0.34733456,0.50923151,0.22972381,-0.77061057,0.60739535,-1.0940107,-0.21138504,0.18499956,-0.99373865,-0.042037591,0.10066235,0.34998029,0.15507026,0.41299975,-0.000828933,0.37759358,0.018195791,0.33733511,-0.037273262,-0.12709631,-0.68799132,0.37183696,1.0137851,-0.49394318,0.50438249,0.46075022,0.5399332,-0.59620774,0.59928071,0.34667155,-0.8064431,-0.49385741,0.10841636,0.04487247,0.24501619,0.60876167,-0.27074537,-0.42016268,-0.45313564,-0.0359894,0.39025322,-0.085190929,-0.048382483,-0.27348983,0.16345587,1.0734298,-0.82896781,0.1233267,0.28829971,-0.55278462,0.002609681,-0.35863167,-1.1638987,-1.6078751,-0.2697767,0.541251,0.12997803,-0.25636747,0.66844344,0.26321286,0.43323383,0.24045943,-0.13404438,-0.35659441,0.14838959,0.074680805,-0.21071021,-0.6430288,0.17350034,0.20264754,1.2137705,-1.5930429,-0.12074561,1.2780378,1.5146041,0.42335787,-1.0581009,-0.23584615,-0.30451682,-0.14081769,0.056425661,0.25026983,0.76563412,0.3678273,0.43698752,0.078186691,0.28234991,0.63768369,0.62065065,0.90406442,-0.70239258,0.22970194,0.18755035,0.12880732,-0.21800755,-0.13998444,-1.4726608,0.28186536,0.027874721,-0.19390616,-0.18927017,0.33768719,0.04393664,-0.61826104,0.21819326,-0.19873795,-0.087533697,-0.025210507,0.27343154,1.0136731,0.2899431,0.007973554,0.52536553,-0.073509559,0.10372695,-0.91332734,0.21813293,-0.58169293,0.17339626,0.626616,-0.78623897,-0.23684239,0.43804649,0.38737503,-0.39927563,-1.0256792,0.47812837,-0.41823888,0.035631359,-1.2377731,0.22844648,-0.22458954,-0.37265146,-0.41219133,0.87539887,0.37806892,-1.5639246,-0.76194596,-0.29238954,-0.031797137,0.21089396,0.001652437,0.033892535,0.3089636,0.16528325,-0.13127112,0.2568967,0.43689793,0.42146218,0.011433557,-0.35629225,0.070300847,-1.283262,-0.006855529,0.30481446,0.04712484,0.22537103,0.4939574,0.89900327,-0.30161816,-0.54644597,-0.33409503,0.074279614,-1.5976304,0.44484785,0.20469648,0.35405064,-0.6732586,-1.0637387,0.2921772,-0.43471071,0.1557229,0.079722404,-0.062677436,0.2344898,0.14439651,0.27840254,0.30425537,0.0509165,-0.20094213,-0.23911315,-1.9376706,-0.54981875,-0.73226821,-0.062092751,-0.76592094,0.035206556,-0.084802762,-0.2018138,0.081607148,2
0.53958476,0.33836305,0.29383394,0.50898659,0.50556421,0.53597689,0.52013755,0.51359427,0.52970576,0.51644808,0.51533329,0.50884575,0.51277673,0.50345135,0.51598519,0.49924892,0.50036198,0.52986991,0.51840812,0.50959396,0.49845412,0.4952445,0.49003971,0.50796419,0.50921166,0.48971856,0.49245685,0.47598797,0.49643287,0.4937492,0.48885018,0.48186213,0.48362958,0.48595256,0.4923332,0.47509754,0.47430712,0.50374609,0.45905927,0.47470301,-0.85756779,0.27498275,0.49118561,0.54199928,1.4799752,1.7069261,1.4462929,0.85345858,0.9631471,1.7921391,1.5373316,1.3302553,0.27601895,-0.19582023,-0.31845415,-0.31190479,0.49899983,0.31764993,0.3280459,0.29691839,-0.74950421,0.06262213,-0.53047574,0.29058331,-0.82570684,-0.07221368,-0.27104688,0.56488186,0.44879198,1.1897984,-0.14766245,0.2047586,-1.1359603,-0.26317251,-0.036344945,0.72613418,-1.0520697,0.5401392,0.28921902,-0.88988233,-0.13675815,-1.0496926,-0.48391908,0.35258639,0.72302449,0.64862943,0.014214742,-1.5609168,0.50847232,0.14324942,-0.9228847,0.8203811,0.1195921,0.044321612,0.68641591,-0.13471819,0.56991512,-0.35119501,0.001690976,0.44890854,-0.69674975,-1.1076776,0.072533004,0.45077088,-0.29860693,0.28266522,-0.001546828,-0.086252838,-0.11412805,-0.31295288,0.46370146,0.86809134,-0.18852642,-0.38371357,-0.58402467,0.35545439,0.35381091,-1.071623,0.38406232,-1.0965677,-0.32805055,-1.6824551,-0.87569469,-0.020356309,-0.4660629,0.30908602,-0.44866496,0.20780569,-0.10943349,-0.06726896,-0.67703098,-0.40997085,-0.061122343,-1.0322356,-0.083897829,-0.064636849,0.13923106,0.17602918,-0.50481075,-1.3811235,0.22712699,0.43982342,0.7247448,-0.14908552,0.38209161,0.28228793,0.096959874,-0.3541081,-0.31163752,0.41308916,-0.41912162,-0.25006738,0.29245159,-0.16098638,-0.7453773,-0.06976296,-0.49098164,-0.65404421,0.21061477,-0.23390085,-0.017748475,-0.65003961,0.79084659,0.56521606,0.040876307,-0.033505227,-1.6743717,0.26299566,-0.2165864,-0.16622066,-0.053939927,-0.50623268,0.099347204,-0.14980699,-0.5149008,0.97706246,-0.60070026,0.15368679,0.35296559,-1.6920543,-0.14686634,0.39047015,-0.20295833,-0.49917999,-0.86405522,0.58823329,0.020003632,0.29476649,0.69987857,-0.69889748,-0.079605699,0.053833514,0.13006055,0.24282563,0.37486935,0.19039835,-0.17031382,-1.1355231,-1.5658758,-0.86048591,0.24652791,0.41733116,0.13117152,-0.41427863,-0.42263234,0.20309681,1.639159,0.059853811,0.062777802,-0.38882041,-0.18433529,0.93742371,0.13837135,0.20882821,0.78967738,-0.034924224,-2.6675186,-0.13200663,0.45431465,0.048586085,-0.12256434,-0.6015985,0.10265025,-1.3629289,0.2779054,-1.2579467,0.54005945,0.13213457,-0.77261728,0.038391583,0.13857582,0.53632021,-0.2221712,-0.3516537,-2.3863196,0.27773374,-0.65594161,-0.071342461,-0.10993086,-0.14935713,0.52039504,0.13452986,-0.27734858,0.36614063,-1.2758226,-0.80709422,-0.21728119,0.45811096,-0.45978954,0.077718124,0.26357904,0.3934491,0.052012023,0.60317945,0.41976032,0.72994971,-0.99665481,-0.25592697,0.63365054,0.068068698,0.21304387,-0.004973982,-0.19258364,-1.1191248,-0.46633494,0.099872597,-0.49673665,0.46324497,1.055292,0.45514998,-0.47270182,0.20931439,-0.40681639,0.37009132,0.47216332,-0.46784788,0.11969462,1.7034066,0.15100457,0.14261499,-0.86848384,-0.2330642,-1.8633717,1.0626526,-1.1645492,-0.27381685,-0.16777542,-1.4660579,-0.35977933,0.19006172,0.2059121,0.25829396,0.43491918,0.074921399,-1.6700799,0.90594661,0.074748337,1.0002191,-0.09170901,-0.98576945,-0.06603533,-0.82077932,0.60916573,0.31058565,-0.88144386,0.25888124,-1.6207259,-1.7689346,-1.3374114,-0.31909421,0.36217335,0.42235899,0.23931438,-0.82099074,0.66923571,-1.2784384,-0.10279945,0.28648448,-1.0604526,0.020300657,0.019151226,0.44338173,0.14510399,0.48978612,0.008769222,0.5173654,0.051337779,0.70207137,-0.028401991,-0.12579916,-0.66897869,0.35809994,1.0148054,-0.63101655,0.5364449,0.51965404,0.62637639,-0.55817765,0.5144996,0.17032164,-0.93254536,-0.49315742,0.087197058,0.063817136,0.22488207,0.69696236,-0.28072068,-0.56642365,-0.52123141,-0.021913482,0.28216541,-0.18151966,-0.15037948,-0.26842949,0.14264955,1.2489105,-0.87270957,0.13670555,0.2828908,-0.63302243,0.010779873,-0.28869346,-1.2249877,-1.7323067,-0.099948533,0.57157266,0.21873122,-0.25776815,1.011287,0.27163032,0.35360408,0.24093047,-0.13801318,-0.40087166,0.15620586,0.090028822,-0.17756346,-0.60458577,0.20586534,0.22917961,1.0984039,-1.4984246,-0.19953337,1.3740718,1.6094248,0.46596432,-1.1757088,-0.18316025,-0.29032075,-0.10155606,0.089657098,0.37542254,0.78332007,0.15192902,0.42627653,0.18085702,0.26888591,0.82107621,0.69107312,1.0757977,-0.74861991,0.25977015,0.26867375,0.22604416,-0.26726148,-0.15809086,-1.6056262,0.29143089,0.017563194,-0.36933967,-0.23830739,0.2369737,0.15466651,-0.76641566,0.28127626,-0.18524867,-0.09023688,-0.080495767,0.55662769,0.97527528,0.32373151,0.038835239,0.59907252,-0.001191147,-0.11344564,-1.0333747,0.27035499,-0.61269462,0.008704782,0.51576155,-0.97226137,-0.28109619,0.48737457,0.40700915,-0.49538159,-1.1276691,0.65153193,-0.54211956,0.22506642,-1.6078665,0.33964226,-0.1857986,-0.39472514,-0.59845811,1.0132828,0.4908765,-1.7380617,-1.1015859,-0.26890042,-0.021869466,0.26563314,0.017726898,0.13438791,0.42680794,0.17539313,-0.20974742,0.21382535,0.34592336,0.41131771,0.080987006,-0.1767056,0.18770953,-1.4447051,-0.033134311,0.42511424,-0.11783611,0.17844151,0.61947536,0.99639446,-0.34944665,-0.73676646,-0.33611163,-0.064999074,-1.8333077,0.32204005,0.43256015,0.39047906,-0.76738477,-1.2433076,0.23770477,-0.59528422,0.18206772,0.09631215,-0.080025822,0.68883342,0.13465996,0.22139032,0.456696,0.027121358,-0.23513326,-0.30368224,-2.0711188,-0.70048267,-0.78442746,-0.000842635,-0.83939743,0.23541865,-0.12444583,-0.22118206,0.029547706,2
0.55079842,0.34831223,0.30845863,0.51374096,0.51138401,0.53139758,0.52093256,0.50047958,0.51949549,0.51738489,0.51898789,0.51879251,0.51482099,0.50095087,0.51562464,0.49979216,0.5135501,0.53407478,0.50693059,0.4984045,0.49046737,0.49989644,0.48740029,0.50625426,0.49645683,0.48692638,0.49582046,0.47959709,0.4951086,0.49167824,0.48704207,0.48411626,0.47585988,0.48785779,0.48240805,0.4830074,0.46747965,0.49303555,0.46842158,0.46730697,-0.8917684,0.28822863,0.44845527,0.45844883,1.3942459,1.7141539,1.3800197,0.77816188,0.89494014,1.7045035,1.4443111,1.2528505,0.37086442,-0.20984291,-0.23684376,-0.32068482,0.71380019,0.39419898,0.33161095,0.29447612,-0.59977371,0.051535752,-0.57612073,0.46686947,-0.75856823,-0.13296697,-0.22228067,0.6807996,0.20865226,1.382347,-0.14555307,0.22208004,-1.1739261,-0.21310405,0.033574499,1.1534238,-1.0328761,0.59848338,0.19543016,-0.90651363,-0.12181355,-1.2126707,-0.62606847,0.55549371,0.97517085,0.74824017,-0.088176824,-1.6917101,0.60102588,0.12465406,-1.0147877,0.55418473,0.053941708,0.18025538,0.56105906,-0.14411291,0.53924555,-0.287516,0.12104579,0.60044038,-0.60674477,-1.0079093,0.059153207,0.4644177,-0.34109867,0.29051092,-0.017879101,-0.15792492,-0.084015548,-0.31579262,0.5560376,0.87848103,-0.15569684,-0.3238439,-0.46189734,-0.05586803,0.51163167,-0.98587191,0.33250937,-1.2122811,-0.36482069,-1.8033798,-0.90766227,-0.016144346,-0.57660764,0.36322129,-0.41112205,0.098139361,-0.060515936,0.030074015,-0.67837143,-0.62274301,-0.048864946,-1.0777553,-0.20879266,0.083594069,0.15634549,0.18913008,-0.47239748,-1.516637,0.15179628,0.42604488,0.78636104,-0.2060214,0.59139866,0.33563814,0.055511288,-0.26192853,-0.29322457,0.28797847,-0.69739825,-0.21376336,0.41916317,-0.2238455,-0.71467501,0.078367993,-0.53116864,-0.46954066,0.22617282,-0.13676059,0.037256885,-0.7375862,0.7507624,0.56359553,0.23063219,0.05873815,-1.68506,0.73136097,0.015560228,-0.18169285,-0.083589889,-0.56877017,0.13571608,-0.22857521,-0.66947997,0.94935447,-0.74832094,0.14583814,0.47320408,-1.4176908,-0.16519511,0.31127694,-0.13739401,-0.48564598,-0.86287802,0.48776239,0.23045707,0.58683413,0.81201166,-0.73636568,-0.27197328,0.061558265,0.010622245,0.097333938,0.45842004,0.24674353,-0.029087119,-1.1882589,-1.6013249,-0.75348091,0.21728896,0.73234594,0.23250625,-0.39969596,-0.27578974,0.087910585,1.0281948,-0.2180111,0.052388694,-0.35691506,-0.14823216,1.0339862,0.14345644,0.27027884,1.2011708,-0.10549808,-2.2693298,-0.1199531,0.59450519,0.037683964,0.061250262,-0.70155537,0.068342596,-1.3341695,0.22269152,-1.0379741,0.097093821,0.15799524,-0.88868189,0.18063116,0.092959836,0.34935078,-0.23510192,-0.51641488,-2.472563,0.35734537,-0.55740094,-0.049251623,-0.082691535,0.15426609,0.42321634,0.14297688,-0.19101802,0.58404052,-1.3880571,-0.70063931,-0.39345622,0.43390787,-0.39852208,0.19115582,0.08134868,0.59848088,-0.026464418,0.60334003,0.46494147,0.7461862,-0.93382692,-0.24674834,0.52859437,-0.069929823,0.19770512,0.15364748,-0.30034685,-1.2699394,-0.46953183,0.071070872,-0.32134002,0.4950214,1.0773045,0.39831293,-0.46466368,0.17512968,-0.38069221,0.72136533,0.42996919,-0.41525292,0.14141688,1.5664307,0.23504288,0.19752175,-0.91991991,-0.15961629,-1.921308,0.95690143,-1.2881873,-0.16282248,-0.1058432,-1.3946407,-0.090524063,0.013985559,0.18168481,0.36784172,0.61614597,0.31549564,-1.7913502,0.72046095,0.21450108,1.0552531,0.019833509,-1.1771107,-0.12394691,-0.77057832,0.56957078,0.065237239,-0.87395281,0.35901812,-1.6926081,-1.7251782,-1.3186615,-0.40144798,0.3685627,0.49404553,0.21333997,-0.83925372,0.71219856,-1.1327507,-0.28146863,0.32183188,-1.1244485,-0.085858025,0.02550537,0.33754104,0.22827823,0.42692661,0.050853442,0.47373232,-0.010397574,0.41857809,0.057296328,-0.14032722,-0.71042484,0.43270633,1.2397546,-0.52804142,0.77202654,0.56545937,0.6029036,-0.74523622,0.58593035,0.45614338,-0.95929235,-0.65295756,0.098733388,-0.018487275,0.16543455,0.83982027,-0.37648994,-0.50079465,-0.49163198,0.059988134,0.49172536,-0.24947309,0.09864825,-0.31620014,0.22529146,1.0980852,-0.97179443,0.15921268,0.26450264,-0.60792911,-0.034071784,-0.18390641,-1.2803632,-1.7658153,-0.2905567,0.57490081,0.12271627,-0.27719715,0.79165941,0.18181878,0.57976073,0.28862971,-0.17936987,-0.44937396,0.24064076,0.044198833,-0.13704935,-0.63086987,0.24147436,0.17205763,1.2237715,-1.5634282,-0.1275955,1.5826604,1.4565979,0.61484253,-1.2440771,-0.31858012,-0.32144925,-0.20749739,0.028942872,0.41521114,0.77474064,0.79925114,0.41090301,0.054794915,0.27884817,0.78379273,0.72563177,1.0613676,-0.82708889,0.54743314,0.21906456,0.22740215,-0.33818933,-0.19896547,-1.6562985,0.31956205,0.045944471,-0.42252675,-0.23967516,0.38465703,0.079886772,-0.71800649,0.1969752,-0.26520488,0.070923351,-0.078035846,0.47588819,1.1540962,0.32783198,0.036716588,0.58652091,-0.1534358,0.091450363,-1.0402153,0.20777006,-0.68957967,0.17582233,0.77899355,-0.8027789,-0.316641,0.47495741,0.58269703,-0.61487174,-0.99006957,0.58437181,-0.54120982,0.18702695,-1.5042191,0.26564997,-0.27172691,-0.63411224,-0.52516019,0.92086047,0.54447252,-1.8318229,-1.2140788,-0.35434282,-0.000250143,0.29897529,-0.072997838,0.032938428,0.37386018,0.24966858,-0.22944534,0.32910037,0.34032649,0.34691548,-0.031380065,-0.26267922,0.055882841,-1.5174708,-0.002637742,0.34745249,0.028726263,0.23581263,0.72015953,1.1256351,-0.32467857,-0.77325803,-0.32333839,0.047943365,-1.7479626,0.35116297,0.45550796,0.40849006,-0.72860563,-1.2928662,0.20691158,-0.50091696,0.17559801,0.038604002,-0.08502882,0.092845052,0.12256174,0.28924748,0.37674996,0.081412025,-0.26656342,-0.31589371,-2.1462553,-0.67271966,-0.91873854,0.003942097,-0.79515398,0.22539885,-0.056488059,-0.27087557,0.079075277,2
0.56588984,0.3618874,0.31666723,0.5254308,0.52495551,0.54274333,0.53103787,0.5242762,0.53244269,0.53287518,0.52997077,0.52563876,0.52304077,0.51915443,0.52974397,0.51289845,0.52247989,0.54553992,0.53238386,0.52650928,0.50847006,0.50628293,0.50573564,0.51835006,0.51391149,0.50483644,0.51496059,0.49366945,0.50318044,0.51220053,0.48621857,0.50637388,0.50313467,0.50217652,0.50667751,0.50120825,0.48968518,0.51611763,0.48867291,0.48975658,-0.87652379,0.2924453,0.35032678,0.38245937,1.2820022,1.667809,1.2521546,0.6686523,0.78084958,1.598352,1.338876,1.1367875,0.29344928,-0.19528133,0.022535414,-0.33328086,0.53552943,0.2696639,0.34910521,0.27729595,-0.83602172,0.056193806,-0.48593909,0.34758273,-0.67054212,-0.13672608,-0.17929977,0.68686867,0.25429118,1.4508704,-0.17146292,0.19270316,-1.0847831,-0.21521869,0.087602109,0.75173795,-0.96966517,0.45900989,0.22901835,-0.85598451,-0.125659,-1.0521332,-0.59388471,0.38165,0.81563324,0.6940496,-0.026819749,-1.643278,0.64461398,0.11373849,-0.93557954,0.59402806,0.075078934,0.023870058,0.63640511,0.003992677,0.42891574,-0.42587078,0.054515887,0.48378456,-0.61057633,-0.99602932,0.080070592,0.42198274,-0.23438239,0.17789584,-0.073494405,-0.15921549,-0.092376918,-0.32988474,0.53338885,0.95001048,-0.15985137,-0.37887353,-0.55758542,0.046074696,0.45092183,-0.9202739,0.37126717,-1.0025003,-0.38023227,-1.7051791,-0.88404572,-0.064206652,-0.42253876,0.34697846,-0.48677206,0.1898789,-0.11380725,-0.12055498,-0.70431924,-0.44588697,0.32467556,-1.0251807,-0.20561999,-0.14629918,0.19494039,-0.002991483,-0.5223996,-1.4149927,0.49505475,0.40556487,0.76509476,-0.109379,0.51835632,0.32029623,0.054243945,-0.40676376,-0.23247457,0.31867269,-0.32856047,-0.12843357,0.30333647,-0.20757794,-0.74490011,-0.060180251,-0.59109235,-0.69349158,0.25341603,-0.29360545,0.001240148,-0.58967924,0.68038416,0.61771989,-0.016312003,-0.11337133,-1.7036971,0.63878679,-0.036152817,-0.16876581,-0.006140586,-0.52505821,-0.000733243,-0.14975861,-0.630588,0.87074453,-0.72696972,0.075744644,0.39826339,-1.389142,-0.12059522,0.40552363,-0.10600814,-0.49447215,-0.86732316,0.47993097,0.37055826,0.66093564,0.87383312,-0.67527258,-0.27459985,0.032376312,0.14764218,0.21249083,0.36607045,0.17737438,-0.092338607,-1.1170771,-1.4626616,-0.73867607,0.21657386,0.41687661,0.2383562,-0.48382759,-0.34636223,0.17444423,1.3024663,-0.088309549,0.020943671,-0.51805693,-0.19640534,1.0597061,0.094469376,0.22259319,1.8669848,-0.003008761,-2.3052862,-0.095957458,0.63905191,0.011847106,-0.043536495,-0.68383163,0.23803437,-1.3684026,0.2418896,-1.3305714,0.4551672,0.057246346,-0.72410756,-0.001175042,0.2179049,0.48768285,-0.21476464,-0.26961166,-2.4156044,0.32914984,-0.57536083,-0.11379316,-0.042028263,0.14276642,0.51203632,0.11708039,-0.19749615,0.68438095,-1.3476553,-0.75411588,0.028101549,0.42202175,-0.43170786,0.20173916,0.33044517,0.44132632,-0.020395648,0.52044249,0.35009766,0.87581086,-0.95301884,-0.29142708,0.50299042,-0.052915867,0.25268584,-0.062045172,-0.24092753,-1.1335862,-0.4585748,0.046783004,-0.53440422,0.49506316,1.1107026,0.37164113,-0.40658194,0.13352402,-0.34117982,0.53221852,0.59484422,-0.35530066,0.13171171,1.1088725,0.16228704,0.13678867,-0.8196764,-0.16305895,-1.9111435,1.0313921,-1.2689989,-0.23400033,-0.14871581,-1.3211833,-0.101519,0.20975672,0.33341634,0.36997461,0.42125484,0.38572773,-1.6530867,0.83916771,0.024649516,1.0288345,-0.017501459,-0.96688169,-0.035172086,-0.73598725,0.57010382,0.078770116,-0.7227506,0.3416898,-1.667443,-1.671332,-1.3506531,-0.39510268,0.44669402,0.51971018,0.19350231,-0.83366024,0.64785129,-1.2629694,-0.22368893,0.28399014,-0.98889828,0.002371566,-0.002532082,0.48640588,0.16676566,0.40307346,-0.034189254,0.55205917,0.02626783,0.72063488,0.022166694,-0.11311255,-0.76587594,0.32608345,1.0772228,-0.48746473,0.54028791,0.500458,0.57653457,-0.63933909,0.60732317,0.48231515,-1.0337477,-0.3904824,0.077664979,0.17106578,0.19605304,0.76450837,-0.36921436,-0.46793798,-0.43852121,-0.002173018,0.58359182,-0.23511484,0.037218362,-0.23372716,0.11807287,1.1783538,-1.0318588,0.11301136,0.2642695,-0.6059202,-0.072905228,-0.18679212,-1.2628095,-1.7849208,-0.29911995,0.52227229,0.12467135,-0.30670014,0.78484583,0.2795434,0.4941549,0.21039711,-0.25162253,-0.36526215,0.17164247,0.061193958,-0.15571608,-0.60174525,0.17797537,0.12329389,1.107922,-1.5334252,-0.11085483,1.5716436,1.4353775,0.39294371,-1.2084339,-0.20198824,-0.25765476,-0.045848995,0.11807609,0.46553445,0.7065869,0.60500097,0.22842705,0.18985,0.20610178,0.66475117,0.71578729,1.1607205,-0.71315086,0.3628431,0.27733785,0.19386995,-0.25761116,-0.17121875,-1.5879165,0.28731108,0.07243564,-0.38125274,-0.10444907,0.38048506,0.12729266,-0.47162974,0.27097461,-0.14411387,-0.005879208,-0.087820351,0.49957326,1.0320877,0.21114531,0.025479976,0.575818,-0.089705214,0.031416953,-0.97067273,0.26872402,-0.61689252,0.2118066,0.67063475,-0.68856102,-0.38351512,0.4573262,0.4629631,-0.55460805,-1.0717814,0.5447644,-0.50672626,0.13347089,-1.4823612,0.22895433,-0.18905757,-0.42695543,-0.49814022,0.90764028,0.5265103,-1.7600529,-1.2381674,-0.29569092,0.028693918,0.23921926,0.04027525,0.022223193,0.44179904,0.14456555,-0.21860424,0.29723346,0.38276565,0.42047125,0.008249946,-0.21258861,0.12848331,-1.3279318,-0.014006807,0.48776594,0.01201891,0.23565742,0.66011643,1.0116962,-0.36862978,-0.69309944,-0.31046218,9.77E-05,-1.7757665,0.29836982,0.26803055,0.36620179,-0.69407129,-1.2389816,0.29444441,-0.54940516,0.24322335,0.098146692,-0.070720062,0.51387095,0.1059397,0.2730549,0.41108307,0.006680045,-0.041340634,-0.35383046,-2.1098273,-0.69124717,-0.88498658,-0.13715297,-0.72898531,0.20780149,-0.079546176,-0.27398691,0.025009915,2
0.49496391,0.25520495,0.23003501,0.47085845,0.47997063,0.49359041,0.47088471,0.46220028,0.47983578,0.48536369,0.46842766,0.45868218,0.46589786,0.45628846,0.48181885,0.46013451,0.45533997,0.49058235,0.47855002,0.44126606,0.46218517,0.46238118,0.45141226,0.44802493,0.46334371,0.45821017,0.46652913,0.45244524,0.46834463,0.47329253,0.44561923,0.46265602,0.4270823,0.45284307,0.47164157,0.43767086,0.42952055,0.45683897,0.44832587,0.46439821,-0.94394767,0.20757334,0.40306145,0.3911036,1.321118,1.715682,1.3386251,0.71484315,0.85230172,1.6391408,1.4077801,1.2082598,0.3099398,-0.16823044,-0.099089503,-0.32493821,0.5487234,0.2774401,0.42123392,0.25858647,-0.65953124,0.066421419,-0.47471079,0.41013682,-0.68782538,-0.12309931,-0.17873707,0.63383341,0.44426662,1.4586978,-0.21126425,0.23854622,-1.1273443,-0.18418826,0.12049837,0.67793119,-1.0284355,0.5161835,0.30547816,-0.91758311,-0.076043107,-1.1053534,-0.49814671,0.42596608,0.66388583,0.88404274,0.008292669,-1.6939816,0.73774719,0.20945001,-0.99426353,0.50743204,0.079219043,0.054462422,0.59260076,-0.15970004,0.37672448,-0.43621546,0.099259689,0.50576156,-0.68246096,-1.0834882,0.11033517,0.46149173,-0.29702705,0.23396333,0.030515693,-0.1546748,-0.056744441,-0.30163658,0.48895302,1.0985987,-0.24132086,-0.31930116,-0.55672336,0.3005895,0.65382707,-1.0782356,0.41364077,-1.0257313,-0.43444645,-1.7631905,-1.0916238,-0.042274375,-0.51630956,0.28470096,-0.44907713,0.12797184,-0.14047942,-0.22826251,-0.87785292,-0.49710709,0.28376061,-1.068942,-0.22685939,-0.07599736,0.19638143,0.35430568,-0.52120018,-1.60911,0.87778497,0.39996442,0.76430112,-0.19330463,0.61427194,0.35644239,0.064647183,-0.14000025,-0.29833111,0.25426722,-0.55414069,-0.14170682,0.338168,-0.32072508,-0.78988206,-0.047946587,-0.64437866,-0.69433516,0.32134858,-0.30951896,0.013425183,-0.56229758,0.73825473,0.56825972,-0.029906856,-0.088361107,-1.8288944,0.64306486,-0.080320455,-0.15278593,-0.034038402,-0.57853389,-0.018127408,-0.19662157,-0.57552475,1.0512141,-0.7733416,0.15872459,0.55614674,-1.5494862,-0.23080036,0.26585725,-0.077986784,-0.51278818,-0.96801817,0.5100832,0.18510616,0.40916109,0.81350768,-0.73255152,-0.31415111,0.055689897,-0.068868071,0.14553797,0.43328315,0.14291701,-0.21198919,-1.1915767,-1.5391687,-0.80068874,0.22163494,0.49467513,0.24574675,-0.44284695,-0.42634362,0.11395843,1.5856845,0.35367957,-0.009610243,-0.53444374,-0.2435755,1.0770085,0.11959718,0.248978,1.518468,-0.095145553,-2.4042413,-0.078211255,0.6271444,0.014907296,-0.066862911,-0.8273077,0.065780282,-1.4424322,0.30563653,-1.5596831,0.49751967,0.049585421,-0.79303133,0.004255129,0.2364455,0.58733326,-0.16720226,0.049185172,-2.5866723,0.33933112,-0.54843807,-0.13425362,-0.11263281,0.29156321,0.51303637,0.14090618,-0.2015287,0.65011829,-1.5061673,-0.88407052,-0.22992834,0.47930089,-0.37475255,0.10278501,0.27060449,0.48156339,0.029327437,0.57920253,0.42917147,0.96047997,-1.1003405,-0.31951421,0.74028045,-0.04767295,0.29961213,0.006116824,-0.20639339,-1.1476074,-0.43879607,0.049370524,-0.42430636,0.67954969,1.2306608,0.37308773,-0.40162846,0.11219439,-0.33275849,0.64639145,0.650895,-0.32952845,0.15696722,1.5722421,0.13132685,0.16821706,-1.0098836,-0.20359793,-1.997348,1.1246942,-1.4194914,-0.33948886,-0.18332164,-1.493942,-0.13226587,0.24994864,0.1133391,0.47466937,0.62092423,0.42549983,-1.8034309,0.97757393,-0.057349578,1.2340267,0.040696859,-0.95024085,-0.066070125,-0.85463428,0.59756047,0.091533318,-0.91053545,0.40527716,-1.9175706,-1.7031395,-1.538254,-0.33847523,0.45431191,0.48677039,0.22685118,-0.98942083,0.71686834,-1.3679345,-0.24211922,0.33158946,-1.1697696,0.062244155,-0.010628245,0.62805903,0.056860454,0.40174693,0.086043023,0.53728247,0.03526473,0.83493829,-0.077022433,-0.1811002,-0.73904651,0.34754732,1.1650555,-0.57920879,0.65975785,0.56068474,0.60437262,-0.70299578,0.68485719,0.41198292,-1.127908,-0.39992213,-0.014246389,0.23171657,0.26096302,0.90823901,-0.34359717,-0.4978666,-0.47835046,-0.025099602,0.58270222,-0.24767579,-0.002237365,-0.33697078,0.17328584,1.3331852,-0.95571864,0.12159756,0.24437888,-0.64211392,-0.052473228,-0.23147196,-1.413812,-1.9325085,-0.18164501,0.6011349,0.10501139,-0.30535471,0.73115915,0.19339883,0.51710141,0.24403322,-0.20114031,-0.61171919,0.15614718,0.14435104,-0.12509146,-0.46165219,0.21385899,0.12669608,1.195536,-1.7297745,-0.1577287,1.5792019,1.746303,0.39578885,-1.2082356,-0.31633949,-0.47310901,-0.17834675,0.072079867,0.47795504,0.84891224,0.67610025,0.52934444,0.19035086,0.23212409,0.71444941,0.71741915,1.0574714,-0.89061236,0.40100536,0.32921916,0.048004203,-0.32136232,-0.17162938,-1.6227099,0.29851714,0.056827918,-0.45788294,-0.10329115,0.43704924,0.1587145,-0.73824084,0.23455331,-0.1896261,0.089160919,-0.12480977,0.71832329,1.0448836,0.11376238,0.030296486,0.63056612,-0.052640922,0.013523433,-1.1244142,0.31125709,-0.64202058,0.17062184,0.80902076,-0.88354647,-0.40541059,0.44168419,0.53588593,-0.73432398,-1.2625852,0.62237418,-0.66875124,0.045367144,-1.4647076,0.34190023,-0.14661162,-0.48452726,-0.53836584,1.0871683,0.51573259,-1.9573499,-1.3116353,-0.34903398,0.083936334,0.2470537,-0.00373003,0.041627578,0.48061863,0.16563253,-0.21257539,0.17575619,0.31341335,0.49582225,-0.10575964,0.057706095,0.20068814,-1.4998497,-0.031886436,0.57727414,0.00225929,0.13104771,0.68203408,1.0065727,-0.38047796,-0.84864062,-0.37927338,0.14307138,-1.9586744,0.33039522,0.3336705,0.37376752,-0.7947771,-1.4261241,0.24842583,-0.53541565,0.094291769,0.084133551,-0.063356876,0.68516338,0.15061444,0.29892451,0.48838133,0.025048759,-0.21766153,-0.41214064,-2.2339642,-0.69998908,-1.0320053,0.009969465,-0.94260287,0.17579792,-0.22346252,-0.26369542,-0.009266842,2
0.52405179,0.28246319,0.25764349,0.4818958,0.50307286,0.51266146,0.4949801,0.48548853,0.50531971,0.50419199,0.48096451,0.4948597,0.480676,0.46412268,0.49266639,0.484395,0.44360867,0.51961207,0.51460403,0.46541518,0.47885215,0.46009219,0.48394662,0.47853142,0.50350738,0.49218965,0.47774881,0.47588113,0.48932433,0.47976825,0.47307473,0.48193058,0.42625612,0.44519591,0.49008381,0.42821583,0.47394288,0.39884043,0.46413034,0.46774745,-1.0228617,0.21393088,0.57963032,0.55617535,1.4650302,1.7579609,1.5236747,0.88817656,1.0411495,1.8092523,1.5632093,1.3851483,0.50159067,-0.20448324,-0.17932034,-0.37517589,0.80682397,0.40320379,0.52053839,0.34576684,-0.93741381,0.026417542,-0.40353587,0.39570028,-0.8273747,-0.083201781,-0.17146814,0.65132964,0.41338903,1.4806397,-0.20811197,0.32006928,-1.1210192,-0.1795506,0.11621558,0.79931533,-1.0838722,0.65063369,0.31835806,-0.95043445,-0.0948589,-1.0182648,-0.53601217,0.61847758,1.071787,0.77729779,-0.008914201,-1.6556362,0.67641693,0.1498079,-0.89099431,0.6498974,0.048454743,0.029287666,0.62084836,-0.089504361,0.44397891,-0.66667885,0.058009014,0.65280062,-0.82261133,-1.1742928,0.12126341,0.4126831,-0.37226737,0.16727656,0.12730686,-0.20389768,0.043452308,-0.30407602,0.50528157,1.2236354,-0.21049681,-0.74745864,-0.61320186,0.31698865,0.57064617,-1.1159575,0.36614048,-0.99204266,-0.38902694,-1.7844138,-1.0811925,-1.56E-05,-0.41636744,0.22588725,-0.46221447,0.17448503,-0.11644464,-0.34347376,-0.84432733,-0.4058345,0.26483339,-1.1033744,-0.0528256,-0.24495342,0.13205793,0.42820412,-0.49084842,-1.798241,0.53355062,0.4949365,0.7877149,-0.13124847,0.66940039,0.35274929,0.10962825,-0.17236847,-0.1801493,0.35100794,-0.626939,-0.20005465,0.50720561,-0.36718357,-0.84311742,-0.12881704,-0.70808518,-0.75325078,0.35986087,-0.2903589,0.027215388,-0.69783384,0.72463936,0.73172504,0.001803745,0.054375861,-1.9457457,0.68981415,-0.090783902,-0.14750664,-0.08938995,-0.58117783,-0.14001456,-0.13841274,-0.63962108,1.0642564,-0.74187958,0.17437226,0.58834624,-1.8726327,-0.18408342,0.38669598,0.060811557,-0.61096776,-1.0018314,0.5495261,0.26998842,0.3116596,0.84615278,-0.67576057,-0.30440536,0.087645672,0.12145681,0.23485848,0.3017329,0.0405377,-0.085783206,-1.2742823,-1.5605921,-0.81447679,0.24865009,0.57828832,0.24816437,-0.48896253,-0.3423045,0.16306606,1.6724254,-0.14869191,0.046827998,-0.51594383,-0.38204417,1.2048907,0.17619959,0.25632855,1.5767047,-0.054317698,-2.5156455,-0.080471456,0.7274242,-0.041526124,-0.1311345,-0.95477015,0.17453684,-1.7062074,0.297685,-1.4289451,0.44178742,0.025850702,-0.77943271,-0.10278128,0.34513181,0.59562606,-0.22794053,-0.26236176,-2.8815787,0.34057549,-0.4578419,-0.12131605,-0.0309138,0.28952008,0.51183671,0.099614359,-0.23849684,0.7327742,-1.7535448,-0.9685955,-0.24240071,0.49441934,-0.49647379,-0.029780418,0.22080566,0.61262208,-0.000941084,0.53561091,0.46781728,0.89876163,-1.0055854,-0.33905438,0.59650546,-0.057849284,0.36486474,-0.079514623,-0.23912923,-1.1432383,-0.51069951,0.079963624,-0.3986783,0.62103438,1.3399006,0.41769075,-0.36461666,0.20598125,-0.47549173,0.58610368,0.60895765,-0.43748057,0.085958436,1.665832,0.1633784,0.12848032,-1.0418701,-0.21527323,-2.0903003,1.0843847,-1.5306634,-0.40521353,-0.23256361,-1.2744323,-0.17882244,0.28188765,0.31568012,0.78386712,0.5314194,0.41460496,-1.882059,0.9623571,0.046916489,1.1236509,0.024949076,-1.0595559,-0.14854211,-0.8833645,0.55858988,0.015205711,-0.82447082,0.3219572,-2.0355294,-1.9580638,-1.5859416,-0.38080439,0.50156689,0.64255208,0.29484844,-0.97338545,0.81322575,-1.4496145,-0.26258934,0.37663662,-1.2604597,-0.003447894,0.011970995,0.56924403,-0.18150333,0.50572199,0.032128751,0.51332939,0.059021488,0.83580858,-0.030853884,-0.12176884,-0.83793747,0.49843839,1.1565756,-0.64161503,0.6664834,0.58220303,0.6075449,-0.67958188,0.62818861,0.46907899,-1.1563771,-0.52107823,0.14171585,0.20995079,0.22028553,0.93417615,-0.36787671,-0.56122547,-0.52245384,0.004599985,0.56057864,-0.26416683,0.084394149,-0.33839849,0.18789878,1.2973754,-1.2470927,0.15467891,0.35594881,-0.75073946,-0.049571563,-0.28289613,-1.5589639,-2.1108236,-0.32128352,0.71140039,0.13157955,-0.31223866,0.7473318,0.29644251,0.52514291,0.32195228,-0.17726901,-0.54682255,0.29142672,0.074264847,-0.061553594,-0.55729651,0.22362098,0.10973162,1.3563707,-1.8014647,-0.039609343,1.6196835,1.7374322,0.49120694,-1.1502436,-0.26392293,-0.46768728,-0.11104056,0.080141634,0.50283855,0.81235152,0.89981151,0.26365274,0.17252222,0.18784709,0.90513867,0.79169142,1.2638319,-0.84411359,0.36012444,0.40435523,0.17344528,-0.43683457,-0.13449144,-1.50956,0.39250535,0.045656215,-0.40842855,-0.28689203,0.46435517,0.13234794,-0.67614472,0.19509646,-0.20043962,0.25992525,-0.30481654,0.79225278,1.1058019,0.26992172,0.058447145,0.67319268,-0.10654571,-0.21737926,-1.1713359,0.28752121,-0.57903045,0.22118559,0.63925087,-1.0036997,-0.48839143,0.35248762,0.45364758,-0.69202036,-1.271705,0.71875143,-0.69003534,-0.070615478,-1.6382812,0.35049412,-0.12131252,-0.5559634,-0.54429471,1.0562207,0.55502319,-1.9739728,-1.3905838,-0.35452086,0.002248031,0.30100414,0.06447766,0.053177763,0.54819936,0.2693691,-0.18831974,0.31516337,0.4184497,0.46459782,0.074146792,-0.09977819,0.32198733,-1.5340253,-0.013136839,0.49300325,-0.13289805,0.149584,0.68099427,1.2531704,-0.51114851,-1.0725193,-0.33515292,0.26855642,-2.0349882,0.2591919,0.3814345,0.44548464,-0.78606373,-1.4212015,0.26155171,-0.5786773,0.2615872,0.09708298,-0.06524469,0.64865839,0.17304966,0.38241819,0.62209892,0.008825847,-0.13140237,-0.40673393,-2.3282409,-0.74380416,-1.0292624,-0.028473891,-1.0785557,0.25438407,-0.26505059,-0.42214334,0.10308121,2
0.63544631,0.39649785,0.35814232,0.6160937,0.61069041,0.63594162,0.60281944,0.57875299,0.62044728,0.59653592,0.6098156,0.61233777,0.60117257,0.58225751,0.59855938,0.59008271,0.59964263,0.62997568,0.61212516,0.59088099,0.59467626,0.59413636,0.58708131,0.5989694,0.5962764,0.57970226,0.59741199,0.58019632,0.60361004,0.60285902,0.58957124,0.59439027,0.5862205,0.58110189,0.59307075,0.55672085,0.58150184,0.6011104,0.58018565,0.59075963,-1.0259835,0.3348217,0.70011532,0.66112238,1.5759089,1.7885964,1.6660966,1.0123917,1.1688123,1.9394029,1.6816117,1.5066299,0.47019726,-0.1869989,-0.2247045,-0.31497666,0.71721971,0.36185932,0.49874949,0.36318338,-1.0134053,-0.046915535,-0.47635311,0.52952129,-0.72988999,-0.16749099,-0.20002015,0.82971132,0.46587101,1.6072711,-0.18876445,0.28616381,-1.1877151,-0.18952191,0.08425124,0.9096548,-1.1008017,0.66220438,0.30067083,-0.95833272,-0.060926817,-0.9985652,-0.50611377,0.71143663,0.97041702,1.0706272,0.08622916,-1.813055,0.8306945,0.23298652,-1.0032754,0.65344369,0.065053351,0.015436767,0.52806121,-0.18798789,0.37505668,-0.94211447,0.095366165,0.63828224,-0.74529546,-1.2145367,0.15469134,0.57391393,-0.31873286,0.14958189,-0.047487386,-0.16088521,-0.029889099,-0.25430465,0.48069996,1.0020398,-0.22229128,-0.84490734,-0.80421519,0.46118572,0.71214163,-1.2988725,0.40309939,-1.2050338,-0.37257797,-1.897437,-1.5038471,-0.068422079,-0.43314493,0.21017551,-0.44996178,0.23414809,-0.073170573,-0.64100194,-0.91710174,-0.43006492,0.16307566,-1.336078,-0.39024323,-0.35500515,0.11023066,0.51627177,-0.5983507,-1.8986145,0.7504698,0.47876823,0.91036254,-0.24163091,0.61813605,0.46682185,0.13367352,-0.29444271,-0.2133743,0.21841355,-0.76675534,-0.033332244,0.42231193,-0.4042865,-0.92651713,-0.094482467,-0.69432259,-0.98717606,0.3676914,-0.60865021,0.04541453,-0.78144944,0.79296476,0.77752578,-0.25830323,-0.061540924,-2.07739,0.62856394,-0.15229838,-0.17792046,-0.08461079,-0.63522983,-0.12337337,-0.20493802,-0.53329498,1.1626554,-0.77301186,0.19215804,0.74869978,-2.4726686,-0.14536713,0.36821482,-0.080430754,-0.7450273,-1.4381646,0.42838541,0.31937125,0.39464623,1.0393555,-0.87177283,-0.34962246,0.068070203,0.098743074,0.12514606,0.18124041,0.14838198,-0.012077197,-1.3544589,-1.6248438,-0.90341592,0.2665363,0.42773339,0.22406632,-0.38279238,-0.28280544,0.16187525,1.7238383,-0.003201097,0.032919921,-0.69960624,-0.36261782,1.2469755,0.16348124,0.32682544,2.0095103,0.024418116,-2.5957427,-0.056053661,0.62813365,0.011495178,-0.091602907,-1.3266395,0.099627048,-1.9528329,0.32620403,-1.7814142,0.59102839,-0.1161179,-0.83544528,0.05536484,-0.020973384,0.80438161,-0.23127899,-0.13394648,-3.1695335,0.38346666,-0.42529961,-0.026196416,-0.2483214,0.3478747,0.57441944,0.19470295,-0.26399815,0.45983174,-2.2280662,-1.0637504,-0.33389068,0.61000437,-0.45886061,-0.064245179,0.27912036,0.57226032,-0.002270713,0.58702838,0.30857384,0.91123223,-1.1474345,-0.35925588,0.8072958,0.091670923,0.24062584,-0.21005459,-0.20957892,-1.2042178,-0.46552521,0.085652225,-0.45267212,0.65199411,1.4158051,0.44009426,-0.53238094,0.14258979,-0.50044119,0.76106095,0.66282713,-0.40099213,0.16279364,1.7454938,0.10842198,0.23305303,-1.4985734,-0.044807978,-2.2873514,1.1912806,-1.8486896,-0.60343701,-0.22492051,-1.3872406,-0.44057956,0.36243701,0.25984213,0.59955966,0.59082788,0.39869493,-2.0165532,1.0631857,0.060882304,1.4062777,0.10435514,-1.1227676,-0.18341705,-0.9600929,0.93402022,0.29883662,-0.92835093,0.57701051,-2.6239891,-2.1342156,-1.7403164,-0.31207889,0.78588057,0.75205386,0.29326832,-1.5019171,0.84803349,-1.6128895,-0.15205094,0.49831194,-1.1807792,0.008138127,0.11139149,0.65907574,-0.20253552,0.51500404,-0.008915745,0.63113397,0.080047734,0.85187954,-0.024267733,-0.13515565,-1.0832562,0.37328553,1.2479515,-0.5151844,0.81353259,0.55190402,0.62223339,-0.68849242,0.8386451,0.18816799,-1.557416,-0.49926391,0.15231785,0.1968116,0.20116748,1.0537108,-0.34427756,-0.67686951,-0.61659169,-0.021304209,0.69937861,-0.21727547,0.088423237,-0.33435962,0.26222622,1.5269401,-1.396498,0.15428059,0.28226119,-0.73941237,0.026565161,-0.11480217,-1.8288456,-2.2698264,-0.098240875,0.71011543,0.24447875,-0.34617931,0.85305566,0.39036953,0.47135824,0.2577993,-0.18004885,-1.0669842,0.20607193,0.084228575,-0.18888043,-0.53684962,0.27949876,0.1588687,1.5657741,-1.7428467,-0.11678077,1.7659464,1.9460568,0.46799964,-1.2001621,-0.30817795,-0.85761958,-0.063559279,0.20350489,0.61071068,1.0421296,0.95528781,0.53766918,0.4184567,0.30133638,0.80524719,0.72945619,1.3619738,-1.0048716,0.44889373,0.46837372,-0.11865987,-0.27103201,-0.19341777,-1.5996394,0.3667548,0.13365899,-0.43069983,-0.12982,0.53239661,0.1976624,-0.82436174,0.24303579,-0.16978599,0.10981053,-0.61272234,1.1395346,1.4594796,0.21926919,0.049018238,0.74061978,-0.15140647,-0.19683811,-1.1913873,0.33372018,-0.56589973,0.15494709,0.81616652,-1.1275308,-0.76088583,0.43611482,0.5313735,-1.1309118,-1.7479484,0.76190978,-0.73126978,-0.18082067,-1.8093261,0.36062253,-0.24198145,-0.71275395,-0.46077275,1.2721804,0.5870946,-2.2507677,-1.4405913,-0.36062336,0.063471749,0.30777121,0.015831618,0.088604614,0.51782978,0.22502062,-0.26738203,0.19189999,0.34695774,0.48147452,-0.05796526,-0.040049106,0.23293522,-1.6546588,0.050663315,0.6746459,0.008616429,0.18371132,0.76425934,1.3900954,-0.49069417,-0.94504142,-0.39698425,0.14237231,-2.1571527,0.2402038,0.051718593,0.43179572,-0.89440757,-1.6045154,0.29448605,-0.44595444,0.43698549,0.1501171,-0.051226895,0.74771821,0.21466279,0.37280875,0.63608909,-0.061924729,-0.3885656,-0.58223319,-2.4870305,-0.78650564,-1.5090712,0.064383984,-1.1910765,0.32386065,-0.086191565,-0.35453466,0.018712007,2
0.54966372,0.29679388,0.26408628,0.52250689,0.54546332,0.57497591,0.55065,0.53887606,0.57049406,0.54327208,0.55143863,0.51746345,0.55738282,0.53986579,0.54836702,0.53205341,0.55160022,0.57754314,0.53223002,0.52381968,0.54241705,0.51428241,0.50277901,0.54391968,0.55997038,0.53723359,0.54957759,0.53469205,0.53229016,0.54078293,0.53362107,0.53447211,0.52990174,0.5379895,0.55927694,0.50307292,0.52886003,0.55503023,0.39943272,0.50078309,-0.98747569,0.24918106,0.44869798,0.45604131,1.3394868,1.7354691,1.3767008,0.76446807,0.89892173,1.6776226,1.4495416,1.2497231,0.27206022,-0.17592683,-0.33999836,-0.5154016,0.69725549,0.37596464,0.4257279,0.32621449,-0.74296004,0.042557657,-0.52356964,0.34449121,-0.72822261,-0.090491593,-0.25518084,0.68163288,0.38635451,1.583208,-0.16098386,0.21862063,-1.2208967,-0.26564085,0.02086773,0.98329341,-1.0238135,0.52220201,0.25674853,-1.0108719,-0.089791059,-1.2062738,-0.4482936,0.46100569,0.89288437,0.8241601,-0.037237655,-1.7331072,0.66410941,0.18479344,-1.0668494,0.53312796,0.081703186,0.14211954,0.55388743,-0.16729163,0.32797578,-0.51162261,0.065291688,0.60334516,-0.6347369,-1.0893575,0.10431456,0.54328966,-0.27361339,0.21555102,0.036246479,-0.11883336,-0.11703864,-0.27188671,0.40226981,0.89566135,-0.28500915,-0.48945346,-0.5874927,0.47645491,0.46861276,-1.1081196,0.39143533,-1.0264791,-0.35871041,-1.7637496,-1.1147335,-0.068743363,-0.56892198,0.21597274,-0.42176884,0.17597984,-0.10234299,-0.17747521,-0.89962757,-0.58597702,-0.002350528,-1.1227671,-0.30222875,-0.092240088,0.181289,0.44651955,-0.5370692,-1.6831374,0.62976903,0.43108469,0.81187499,-0.21457279,0.56547725,0.38786295,0.13367471,-0.36136273,-0.31755733,0.2898365,-0.40940115,-0.15270571,0.38850945,-0.39621454,-0.79291224,0.025029987,-0.52496684,-0.70875257,0.30484548,-0.275769,-0.044979535,-0.68676829,0.70254558,0.61992389,0.099499032,0.010792787,-1.7649785,0.70874488,-0.038736332,-0.24167088,-0.028822728,-0.59043258,0.033536896,-0.25372532,-0.67004395,1.1132529,-0.739308,0.16986433,0.51035774,-1.9023178,-0.13749926,0.28505027,-0.038531277,-0.64348459,-1.0656364,0.40210396,0.1540446,0.35595858,0.97505581,-0.72352576,-0.23556507,0.0997805,0.013702322,0.16688661,0.34165791,0.18842164,-0.12615548,-1.2807242,-1.6846536,-0.76000798,0.30645075,0.71158451,0.25397357,-0.3592197,-0.33842176,0.092718266,1.3642756,-0.049341004,0.091265105,-0.3808541,-0.3755722,1.0351685,0.18135202,0.27007765,1.2332002,-0.16916722,-2.2527754,-0.04414862,0.46502247,0.052308187,-0.31066269,-0.87571514,0.026378691,-1.5164679,0.28305033,-1.3027817,0.51649624,-0.019812867,-0.83751762,-0.00480599,0.1701805,0.58248991,-0.21757413,-0.17895249,-2.6256847,0.35271746,-0.56946421,-0.024108874,-0.14086996,0.25455227,0.61556667,0.098744497,-0.22099811,0.50140488,-1.597367,-0.86125755,-0.33960095,0.50106806,-0.44345304,0.13095361,0.19490987,0.501881,0.016226599,0.61403823,0.51344752,0.90574932,-1.024611,-0.29362702,0.74211466,-0.018522024,0.26963118,-0.054028861,-0.34897411,-1.2664914,-0.42250443,0.1101043,-0.42834494,0.44121188,1.1692178,0.36050498,-0.40246311,0.27164924,-0.37549993,0.79075408,0.58417737,-0.19564098,0.13766816,1.7997251,0.10565276,0.028873473,-1.0846099,-0.25834715,-2.0181127,1.1724893,-1.4792891,-0.29613674,-0.17477021,-1.4757822,-0.1228221,0.23019175,-0.020543054,0.38615686,0.326974,0.44778425,-1.9002202,0.97180176,0.024890477,1.30109,0.039902497,-1.0702516,-0.15083005,-0.90315235,0.65911162,0.12268195,-0.87893522,0.42634162,-1.9352932,-1.7696834,-1.5143974,-0.29695594,0.55077565,0.51984358,0.24426867,-1.0818765,0.73756111,-1.335492,-0.20817685,0.5012399,-1.5055261,-0.042718045,0.018190719,0.62772918,-0.073480412,0.31817105,0.003763127,0.55815536,0.04727507,0.84420365,-0.005893286,-0.19511259,-0.96679819,0.42010599,1.1044859,-0.70095414,0.80950272,0.49020833,0.63596755,-0.66373819,0.65091318,0.37552691,-1.214789,-0.56103605,0.08993087,0.078878716,0.19569181,0.88674486,-0.30501756,-0.52528423,-0.51462489,-0.063618273,0.61412776,-0.26096585,-0.006353721,-0.375337,0.19563335,1.2815739,-1.1118809,0.13372329,0.27525225,-0.62905771,-0.11041439,-0.37442297,-1.4877024,-2.0996189,-0.17215532,0.6633625,0.1225633,-0.25995165,0.84360242,0.17937548,0.5453769,0.2888312,-0.22895949,-0.73741865,0.31104296,0.082204103,-0.12648752,-0.4611524,0.26253107,-0.035389319,1.4188683,-1.6307906,-0.043464746,1.5931726,1.714617,0.53404188,-1.3267623,-0.33346111,-0.43747523,-0.25003225,0.081411004,0.49249685,0.91426051,0.86902535,0.53276992,0.19873102,0.28167284,0.67968929,0.68914247,0.96832842,-0.99566126,0.41697675,0.28813061,0.060914956,-0.30279678,-0.1643918,-1.6056148,0.33872551,0.075976148,-0.40000713,-0.18062964,0.34284982,0.1200072,-0.75407189,0.29481924,-0.21612689,0.175164,-0.34127003,0.63924408,1.1083239,0.18677023,0.040141921,0.64828885,-0.11721492,-0.093518205,-1.1135178,0.35406917,-0.62178272,0.15623245,0.87400788,-0.97321582,-0.48693258,0.44248405,0.32892936,-0.7924279,-1.2262437,0.64449054,-0.53085709,0.077841967,-1.6593019,0.33830026,-0.20737571,-0.54913008,-0.44986677,1.1297567,0.45974448,-2.0669894,-1.3000529,-0.38290212,0.047722947,0.34258622,0.006770147,0.028366338,0.48961541,0.25012836,-0.14218412,0.1565337,0.3507725,0.42694527,-0.023707658,0.001927957,0.20356704,-1.5768034,0.015473675,0.51309752,-0.080560483,0.14778244,0.72213471,1.1053241,-0.41720212,-0.97732013,-0.38308614,0.028399438,-2.0340853,0.33182558,0.28261393,0.43721598,-0.78712541,-1.4061784,0.31271607,-0.59686005,0.25447971,0.017285949,-0.09053719,0.68430114,0.011282034,0.38185117,0.48719287,-0.006355885,-0.25253072,-0.3974641,-2.320842,-0.75878769,-1.0686156,0.11794993,-1.0094407,0.21378884,-0.13938388,-0.30042487,0.034045849,2
0.50455248,0.25604028,0.23406133,0.50588322,0.49965453,0.52552783,0.50073856,0.47890925,0.51427287,0.48445755,0.48661453,0.4734751,0.49620795,0.49505332,0.49868259,0.48806238,0.50162929,0.52736259,0.50366604,0.4987427,0.47178116,0.49128079,0.47410694,0.48952276,0.49380645,0.49549997,0.48344532,0.47912437,0.48800957,0.50172734,0.46881562,0.48026431,0.47830355,0.48208106,0.47594273,0.47138661,0.47744465,0.49228239,0.47007409,0.47841263,-0.92474627,0.20535716,0.36811459,0.41682303,1.3152198,1.6861961,1.3106637,0.69640052,0.83026636,1.6135269,1.3934581,1.1824261,0.30052871,-0.20115936,-0.34252036,-0.32759976,0.60787231,0.30155879,0.32309818,0.28269476,-0.51434928,0.022501286,-0.58013153,0.39838368,-0.71911258,-0.097878955,-0.14891228,0.59088719,0.4064061,1.3607422,-0.15282387,0.20035684,-1.1407679,-0.17931995,-0.006336534,0.75297409,-1.0667727,0.51745415,0.27798685,-0.89197409,-0.10752909,-1.1550573,-0.50844282,0.27155086,0.81320715,0.73975098,-0.035506167,-1.6514612,0.65048224,0.15239652,-0.91539919,0.79458511,0.082586944,-0.023062732,0.45119375,-0.19334038,0.35826963,-0.35779512,0.065817922,0.5155642,-0.70390218,-1.0855567,0.058788706,0.48681027,-0.27696347,0.14503258,0.13151175,-0.08004722,-0.17984971,-0.28153932,0.39255103,0.88179332,-0.19011788,-0.33862627,-0.41544113,0.13076003,0.38546631,-0.9913882,0.36271116,-1.1795515,-0.35701984,-1.7313739,-0.87775481,-0.068034068,-0.48081318,0.34503725,-0.36159295,0.11009274,-0.091447532,-0.1154349,-0.59628969,-0.35458702,-0.18144457,-1.0101687,-0.20250592,-0.037056096,0.1900287,0.26009205,-0.43777159,-1.467589,0.3409034,0.40078413,0.74812973,-0.1512762,0.55467165,0.2345145,0.079737559,-0.4177461,-0.2895346,0.30385336,-0.63745844,-0.21622732,0.36492348,-0.23171075,-0.7524336,0.012062604,-0.51581424,-0.5915032,0.23013939,-0.28008443,-0.001390848,-0.72704327,0.68844545,0.5704844,0.063625567,0.096898362,-1.5742953,0.58056426,-0.052957185,-0.19858214,-0.005620271,-0.50681609,0.090108231,-0.11742437,-0.54487473,0.95314956,-0.57013047,0.12767774,0.46831805,-1.2852606,-0.23399299,0.26728785,-0.054918367,-0.49222663,-0.85154837,0.49141854,0.095204599,0.21086214,0.81966805,-0.72177035,-0.25564292,0.075606883,0.079827145,0.14913055,0.41698766,0.073048599,-0.13007118,-1.1256218,-1.4542437,-0.77662075,0.25807467,0.57703078,0.18565862,-0.40831497,-0.30309814,0.14300984,1.4796361,-0.008217543,0.051677018,-0.3546963,-0.17610621,0.97217894,0.16621985,0.23777646,0.76152909,-0.045523465,-2.2282763,-0.16362713,0.44763592,0.019108074,-0.076530769,-0.66632164,0.087021455,-1.3948706,0.20939475,-1.1981021,0.35897121,0.052312024,-0.77078068,0.041406527,0.28917548,0.55628777,-0.24697815,-0.34599587,-2.3725405,0.26439676,-0.61520743,-0.012519181,-0.009059064,0.12354459,0.50679964,0.12505093,-0.26998758,0.54236698,-1.4346083,-0.79315919,-0.40582722,0.48333454,-0.41085088,0.17568946,0.16650283,0.49595881,0.002120024,0.56029677,0.42134124,0.74945647,-0.88505292,-0.2937828,0.75550616,-0.066845924,0.25133103,-0.018984549,-0.21103129,-1.1956651,-0.49136448,0.077815041,-0.40763742,0.53700584,1.1285553,0.28385106,-0.4156642,0.11880015,-0.37790143,0.60506505,0.49094975,-0.36331087,0.09387657,1.6826801,0.13042557,0.20535773,-0.8759805,-0.058353789,-1.9222825,1.069523,-1.2761753,-0.25799221,-0.28328419,-1.4417264,-0.27603722,0.22018015,0.20411903,0.93065059,0.34093153,0.20608984,-1.722796,0.86976385,0.054202609,1.115307,0.11511184,-1.0748483,-0.063990086,-0.80207521,0.4975507,0.14407326,-0.87985545,0.30706647,-1.6682885,-1.5440445,-1.3203223,-0.31333831,0.40332264,0.3179,0.22759531,-0.83424532,0.67664087,-1.2266693,-0.18281278,0.27451038,-1.0764272,0.030389408,0.008192504,0.49429825,0.29314342,0.40046853,0.022426724,0.37280828,0.045266077,0.77070391,0.037533157,-0.13259515,-0.71302521,0.35898909,1.1033125,-0.48412806,0.55747491,0.43259948,0.67777872,-0.56892258,0.59455276,0.34692964,-0.91323507,-0.48684147,0.089065947,0.06683331,0.27165943,0.83602071,-0.28628796,-0.48830384,-0.51998591,-0.027246827,0.50452787,-0.2250686,0.095387816,-0.32044676,0.16522843,1.2983685,-1.0046965,0.090952843,0.21740325,-0.58826113,-0.092812359,-0.26543751,-1.2514424,-1.7973261,-0.13881055,0.55703545,0.12239667,-0.22177009,0.73797613,0.15730156,0.46832481,0.25181192,-0.23258334,-0.54487288,0.20522299,0.074001499,-0.13675649,-0.56576496,0.23929879,0.13071148,1.2174019,-1.6168377,-0.085389681,1.3642209,1.686799,0.45482332,-1.2111158,-0.25045383,-0.36798185,-0.12366487,-0.038233165,0.38635874,0.79817456,0.73417264,0.49688953,0.097954243,0.25066018,0.60719037,0.74011469,0.95377153,-0.87987298,0.28568864,0.27809072,0.13268919,-0.26281738,-0.15354067,-1.6043829,0.28738031,0.023654023,-0.31991121,-0.12254766,0.25773409,0.1872595,-0.75298274,0.24658066,-0.20280862,-0.037264884,-0.07341978,0.6095506,1.0934174,0.28941199,0.025104852,0.6432972,0.049349926,-0.017386833,-1.0096934,0.24484436,-0.60418904,0.11421414,0.71849036,-0.91110694,-0.34577563,0.4122324,0.4048816,-0.62801254,-1.1478113,0.48752892,-0.56974381,0.081844695,-1.4538009,0.35285285,-0.14409405,-0.47281638,-0.44842342,0.95336002,0.55375385,-1.7611792,-1.1636358,-0.33993724,0.018174101,0.25135362,-0.035838403,0.020443555,0.44846621,0.21559335,-0.13329723,0.23528036,0.34716067,0.39576474,-0.071010232,-0.066860586,0.14613757,-1.5151941,-0.018987764,0.41052932,0.010955486,0.17923029,0.69048923,0.84623265,-0.37937069,-0.74993587,-0.35498461,0.11096275,-1.7657471,0.35348248,0.28055859,0.34713906,-0.67939472,-1.2383063,0.22069439,-0.55284917,0.14764585,-0.044238672,-0.10199536,0.58058006,0.16083533,0.33122611,0.48411924,0.028383275,-0.13733912,-0.35482469,-2.1808469,-0.69175786,-0.88539541,0.047021527,-0.76347095,0.16810903,-0.15650032,-0.2201736,0.072295867,2
0.53464931,0.28467625,0.24574924,0.53996992,0.53916764,0.55588448,0.54477721,0.53476584,0.55444628,0.51517469,0.54359108,0.53371692,0.52139264,0.51966745,0.53017485,0.52679354,0.52798373,0.56061566,0.54499328,0.53065419,0.51705837,0.53243965,0.52406818,0.47067818,0.53148246,0.49050844,0.53780329,0.51431191,0.53139997,0.53699452,0.52114797,0.51742876,0.5214206,0.52816266,0.52551031,0.51597738,0.50150681,0.52483332,0.49669138,0.5364207,-0.98436069,0.23484837,0.38113511,0.37723047,1.3040169,1.6895826,1.3090949,0.69629884,0.82909679,1.6162469,1.3990531,1.1882862,0.24861489,-0.2221036,-0.26234341,-0.35793224,0.64444077,0.33726585,0.31833476,0.29882976,-1.0397274,0.007733511,-0.57516038,0.26616114,-0.78429306,-0.075715929,-0.16654795,0.51386571,0.33430192,1.3643105,-0.17411652,0.23435494,-1.0817764,-0.21328622,-0.015844423,0.81135106,-1.0730159,0.58122283,0.24994743,-0.84985375,-0.1726943,-1.2050337,-0.59846109,0.40893233,0.86588359,0.60006011,-0.061676521,-1.6777196,0.44707918,0.11811665,-0.93464333,0.74647945,0.057305533,0.018703718,0.5339548,-0.075116657,0.3921704,-0.38981158,-0.009301171,0.56229031,-0.70510209,-1.0930723,0.052646302,0.28660813,-0.27834082,0.26537022,-0.070048079,-0.16140653,-0.020666122,-0.38904703,0.52655536,0.94857466,-0.15332671,-0.34811303,-0.29561776,-0.006886601,0.4503454,-0.98298967,0.36251727,-1.0848103,-0.41650635,-1.7554157,-0.87701857,0.038265821,-0.46624202,0.36951172,-0.46961087,0.1729458,-0.10232541,-0.13093743,-0.60645545,-0.35579059,0.005496444,-1.0697643,-0.13753603,-0.036650158,0.16537943,0.25132287,-0.43212146,-1.5387278,0.32292914,0.42872912,0.75030124,-0.053649187,0.68413287,0.30700606,0.069084816,-0.34537348,-0.27919322,0.33747399,-0.4317649,-0.23974513,0.36511356,-0.13820584,-0.76502812,-0.046187978,-0.5693897,-0.4843109,0.23060089,-0.21679367,0.000786505,-0.76683289,0.68988365,0.63938659,0.15496212,0.23359546,-1.7091897,0.44131544,-0.08689642,-0.16548556,-0.082224905,-0.55028051,-0.004000656,-0.069672585,-0.5921877,0.87703186,-0.5739876,0.11060315,0.48275954,-1.5489846,-0.059737757,0.42033055,0.005831413,-0.45344815,-0.81174195,0.58759564,0.26319316,0.15140812,0.75848246,-0.69665265,-0.25824255,0.067805789,0.26044762,0.24022073,0.38995177,0.1917993,-0.093312964,-1.1437413,-1.4502764,-0.74207711,0.31643847,0.49436739,0.25063166,-0.48125684,-0.30610767,0.19614181,1.3585203,-0.17340101,0.006065231,-0.31766576,-0.20068869,1.0572171,0.12750812,0.2449815,0.86983979,-0.037949875,-2.249511,-0.13113432,0.60486734,-0.035236344,-0.10121338,-0.68336833,0.12626798,-1.4866745,0.20351803,-1.0474143,0.40827304,0.026315842,-0.73163849,-0.34661698,0.20334488,0.45949328,-0.2633411,-0.30186024,-2.4864383,0.26349086,-0.5271095,-0.046428397,-0.043798205,0.19925043,0.49655142,0.13587865,-0.19444367,0.65386593,-1.418177,-0.82809973,-0.45377654,0.32139179,-0.52964604,0.14325505,0.29053047,0.55199981,-0.001533982,0.51980674,0.42023876,0.58234411,-0.8581143,-0.33243179,0.6774829,-0.075485073,0.19463278,0.04605126,-0.28897145,-1.207557,-0.51800227,0.079662718,-0.36389127,0.5026508,1.1049018,0.3606326,-0.41911331,0.026290044,-0.34256583,0.72458082,0.49195772,-0.38977766,0.066540845,1.282582,0.03245005,0.16800481,-0.95828009,-0.30873418,-1.9073308,0.97572041,-1.3138021,-0.25452447,-0.1974217,-1.3507841,-0.11862487,0.15242164,0.17196244,0.49060351,0.27076033,0.20699313,-1.8267964,0.79192549,0.070202366,1.0164348,0.095373474,-1.0248977,-0.1428988,-0.75772005,0.51504856,0.41013202,-0.82039028,0.37886888,-1.6658655,-1.646605,-1.2944379,-0.36526364,0.68825221,0.43550205,0.21938597,-0.80113029,0.66159993,-1.0789729,-0.14344485,0.23054777,-1.0603889,-0.014221082,-0.005762784,0.50341409,0.031358071,0.44555777,0.039048947,0.27068481,0.031577673,0.66698271,-0.006855549,-0.11612829,-0.57225448,0.34310442,1.0209719,-0.57011044,0.5234707,0.56951869,0.63059282,-0.57741612,0.5977487,0.301714,-0.89355761,-0.58423829,0.086506166,0.072989032,0.22057956,0.78692454,-0.33934593,-0.49701619,-0.52380776,-0.041632243,0.52837837,-0.28455299,0.25282913,-0.27759951,0.18532744,1.0500286,-1.0562904,0.072282463,0.29828185,-0.60838997,-0.008178461,-0.20653296,-1.3562944,-1.8151664,-0.16727768,0.61055768,0.069785997,-0.25611013,0.83937114,0.24006049,0.42765999,0.241115,-0.26648223,-0.35465991,0.15376507,0.017367058,-0.089273617,-0.53876776,0.18224476,0.18203771,1.1849502,-1.6826667,-0.12663898,1.4159462,1.4476027,0.32526264,-1.1886076,-0.21135649,-0.32946452,-0.083191514,-0.028237358,0.39925721,0.65404677,0.5842554,0.21037807,0.13113229,0.19834039,0.68038815,0.79467177,1.0044041,-0.68606144,0.33536178,0.34481758,0.20197329,-0.41960561,-0.063756153,-1.6209377,0.29033059,0.063528389,-0.48746169,-0.098636739,0.33051878,0.10220142,-0.54612774,0.32170919,-0.18412589,0.31251025,-0.1123874,0.56666845,1.2094223,0.24220927,0.024329025,0.62898231,-0.06006664,-0.051332787,-1.0365131,0.2319984,-0.64662737,0.11078567,0.53894073,-0.92223758,-0.3611235,0.47123754,0.36919218,-0.46971902,-1.1375338,0.58645213,-0.4675312,0.04670516,-1.597919,0.32580376,-0.11146678,-0.71440083,-0.4269821,0.90080404,0.54026175,-1.7411031,-0.99815625,-0.33714736,0.036699951,0.23052391,-0.032978997,0.001062091,0.45394593,0.19762932,-0.17655668,0.37868246,0.34846467,0.42802399,-0.035206128,-0.067448974,0.12314523,-1.3850601,0.13433637,0.30499244,-0.016759159,0.20076986,0.63208628,1.0435938,-0.35013458,-0.69114035,-0.21905795,-0.13971615,-1.811856,0.30904028,0.51868045,0.46009934,-0.69389999,-1.1786984,0.1937295,-0.59004509,0.17583272,0.07205987,-0.11122273,0.49496707,0.1254947,0.34240463,0.54167259,-0.008345526,-0.17378086,-0.33266076,-2.189867,-0.76163542,-0.79425073,0.029881217,-0.78985703,0.16506854,NaN,-0.24110055,0.056481432,2
0.55934167,0.336346,0.2870293,0.54364842,0.53239,0.54328007,0.52985829,0.53463691,0.54797161,0.53793156,0.53079259,0.53187209,0.53372657,0.52531624,0.54152632,0.52531379,0.53227901,0.55780709,0.5367384,0.54333293,0.51090711,0.51638573,0.51518464,0.52350211,0.52823853,0.50849783,0.50757289,0.49750435,0.52286279,0.51676905,0.50748873,0.52421582,0.50576615,0.52301502,0.51213151,0.51684868,0.50866026,0.53264439,0.50245214,0.50086772,-1.0504274,0.27308214,0.56351179,0.51923549,1.3947077,1.6847508,1.4677074,0.87554121,0.99925148,1.7889072,1.4726279,1.3371952,0.45472473,-0.22588485,-0.28104776,-0.45285112,0.69316095,0.36137858,0.44497383,0.3153789,-0.67855906,0.018731749,-0.53613353,0.37790322,-0.91074133,-0.10964698,-0.1639595,0.66351151,0.51389623,1.3229002,-0.12138446,0.30145919,-1.1940298,-0.13643923,0.1208989,1.0050719,-1.1982696,0.58941793,0.21501292,-0.92239261,-0.11812827,-1.199963,-0.46463668,0.50847059,0.94964552,0.88754553,-0.018446144,-1.6688873,0.66183019,0.15499797,-0.97665685,0.57587135,0.022588002,-0.004615251,0.75266707,0.070879653,0.60862577,-0.55355906,0.15354595,0.5733155,-0.80665118,-1.1602855,0.1342416,0.42223349,-0.26843998,0.18285257,0.17738308,-0.13373607,-0.03173957,-0.30947822,0.6502707,1.0756586,-0.20312545,-0.54406577,-0.57311553,0.10328159,0.50530457,-1.1614864,0.3284727,-0.99333322,-0.40734166,-1.8621858,-0.97740698,-0.053991504,-0.5142315,0.30140284,-0.44074124,0.17110975,-0.076291934,-0.12573493,-0.85078752,-0.38924843,0.11227068,-1.0848318,-0.13847315,-0.16488834,0.043096155,0.54269439,-0.51141918,-1.6359273,0.53080583,0.4999423,0.94138104,-0.26145887,0.6236155,0.25433719,0.086167961,-0.3711578,-0.35635924,0.32525647,-0.63723159,-0.21282861,0.45987684,-0.35057715,-0.84134179,-0.10479704,-0.62273192,-0.72520334,0.26531291,-0.21254554,0.027330652,-0.75399631,0.81624627,0.62230349,0.024803091,-0.010943874,-1.7832168,0.73806572,-0.11764186,-0.13755855,-0.059650183,-0.57353657,0.10149992,-0.1176137,-0.59273529,1.1329081,-0.655029,0.093313001,0.49554047,-1.7784818,-0.20950139,0.3115088,-0.0711632,-0.57521629,-1.007429,0.57536745,0.19269936,0.20092128,0.80481625,-0.72338605,-0.31337118,0.070336364,0.22583368,0.20377925,0.42180029,0.10809077,-0.087191388,-1.2703338,-1.5397823,-0.91454661,0.27743456,0.70655942,0.24533175,-0.42463914,-0.34420872,0.14646716,1.6473992,-0.033423182,0.067545362,-0.4133479,-0.28566468,1.1328312,0.15491453,0.24713625,1.7382585,-0.12259167,-2.4828746,-0.16564599,0.83528346,0.020317908,0.059457533,-0.76055777,-0.10149608,-1.5695943,0.24866018,-1.4822469,0.22245881,0.096961066,-0.88821894,0.066397883,0.35491937,0.46510115,-0.1880518,-0.32011241,-2.7197664,0.2495977,-0.61854583,0.03488896,-0.013659462,0.1884333,0.39424402,0.069416381,-0.3283788,0.51031387,-1.5684048,-0.94789863,-0.24565759,0.40539333,-0.45241207,0.15583993,0.30036241,0.59745121,-0.032076325,0.62794566,0.4656879,0.91707838,-0.86700732,-0.29085067,0.65614659,-0.004535665,0.29362047,-0.049877174,-0.20153978,-1.1676539,-0.40114421,0.098724112,-0.42117506,0.73885649,1.194032,0.45396656,-0.48370153,0.16614248,-0.44243425,0.72508472,0.49861747,-0.20705341,0.14155397,1.8419338,0.1832144,0.12061166,-0.89303225,-0.19005574,-2.0267329,1.0286722,-1.4594034,-0.39785388,-0.15090942,-1.5876065,-0.35401216,0.2339862,0.40149438,0.39179173,0.50239795,0.38540712,-1.8883259,0.95714539,-0.054184049,1.1902349,0.055034626,-1.1548131,-0.20257559,-0.96289903,0.54169148,0.29357517,-1.0635847,0.27003583,-1.9069179,-1.6044345,-1.5940629,-0.24775445,0.48900908,0.56481951,0.28670698,-0.84062797,0.72741771,-1.4977416,-0.26202223,0.256623,-1.1478812,-0.044563152,0.085376099,0.41781917,-0.07436949,0.45913744,0.13080594,0.39714342,0.036967039,0.56719369,0.030359194,-0.18780768,-0.82753652,0.40731704,1.2374244,-0.69238281,0.67320132,0.51360458,0.5348087,-0.73088962,0.48220575,0.41268277,-1.1227374,-0.60275698,0.072330818,0.10359959,0.28671968,0.91341615,-0.36933008,-0.59792036,-0.63899124,-0.041739039,0.57331234,-0.32418919,0.15413269,-0.31958276,0.26659504,1.4056351,-1.0944479,0.20347783,0.26868615,-0.70499665,-0.10221175,-0.20448871,-1.3593369,-1.8752098,-0.37800658,0.61074871,0.11660457,-0.31371245,0.69890821,0.24397366,0.51953292,0.31622976,-0.25824758,-0.51744336,0.25621936,-0.015457965,-0.12704527,-0.39982736,0.18737185,0.1999068,1.3142692,-1.8293195,0.2213359,1.5825703,1.9635342,0.60356271,-1.2081811,-0.28972715,-0.33705825,-0.12642665,-0.004854113,0.48097897,0.96437013,0.73530757,0.72725272,0.08424519,0.28448811,0.82918531,0.77327091,1.1483135,-0.92762655,0.44025075,0.26827756,0.24174456,-0.39604762,-0.20179275,-1.5258285,0.33185109,0.080021776,-0.30911005,-0.14527602,0.41821888,0.32706141,-0.85198951,0.25250626,-0.26536265,0.25756881,-0.22499317,0.65396988,1.1266707,0.13693053,0.014528768,0.68547118,-0.22747561,-0.023731407,-1.1806139,0.27876735,-0.71290398,0.24740753,0.72935641,-0.97660547,-0.34716764,0.4330827,0.50555748,-0.68803048,-1.2967415,0.69023031,-0.63570261,0.18727329,-1.4707335,0.3511357,-0.22051653,-0.82328129,-0.44968286,1.1293049,0.60282344,-1.8441856,-1.3169624,-0.39680013,-0.011902952,0.28526106,-0.074317425,0.11748192,0.52612418,0.22116807,-0.27106249,0.34868997,0.36094195,0.37337184,0.014726043,-0.18533422,0.089496419,-1.4627357,-0.044782519,0.58873135,0.042163156,0.14217894,0.78502315,1.1456462,-0.37924778,-0.63144356,-0.3261891,0.059519231,-1.9553964,0.34418842,0.42445123,0.43255967,-0.89986992,-1.3729863,0.13089646,-0.63473475,0.17367706,0.13685089,-0.079991817,0.4845047,0.21731895,0.34142601,0.56153089,0.085217573,-0.31037134,-0.34561449,-2.3788285,-0.68637455,-0.91070068,0.007108003,-0.88499326,0.26621953,-0.002784371,-0.27584469,0.13499016,2
0.49881458,0.26681522,0.22613183,0.49067169,0.48790067,0.49683887,0.49589568,0.48545259,0.50263476,0.48874956,0.48956269,0.47917196,0.48202235,0.47351396,0.49393535,0.48031974,0.4841342,0.50585544,0.47937086,0.48199165,0.47064054,0.47693342,0.45489061,0.48440188,0.47741354,0.46760988,0.47517741,0.46162385,0.4741089,0.47989488,0.46890825,0.47307223,0.46829116,0.4723196,0.47048897,0.4457168,0.45207351,0.47944611,0.45040464,0.45816535,-0.89008951,0.19525915,0.49196738,0.51847446,1.4251553,1.6543455,1.4264711,0.84285551,0.9566344,1.761251,1.4927235,1.3131518,0.35153067,-0.22303164,0.31989098,-0.32960674,0.70521891,0.33559895,0.33267823,0.29449016,-0.87440252,-0.034447983,-0.34196836,0.41613218,-0.53828514,-0.12249815,-0.27010489,0.78481495,0.21117026,1.6507647,-0.19936755,0.23452498,-1.0356771,-0.15425327,0.083833203,1.0329301,-0.77187848,0.583655,0.25768486,-0.8698203,-0.12017538,-1.0558425,-0.5329361,0.46943998,0.98187351,0.75061721,-0.082490824,-1.6259437,0.95020866,0.096738763,-0.96182257,0.58115631,0.031456355,-0.09378957,0.56615901,-0.0617235,0.34255001,-0.8990109,0.093000352,0.59089965,-0.63472772,-0.96984625,0.041339956,0.60726649,-0.27173042,0.18795978,0.1087568,-0.23519009,0.005996183,-0.25171834,0.52395958,1.0653063,-0.17696856,-0.60100543,-0.67220771,0.38437742,0.65269172,-1.0531451,0.42119017,-1.0568238,-0.40940672,-1.8189332,-1.3328503,0.016310658,-0.47028896,0.17804398,-0.36994091,0.08399801,-0.12351802,-0.44521248,-0.80257666,-0.37064379,0.23078999,-1.0867968,-0.10625002,-0.31894451,0.16428557,0.44195825,-0.60014331,-1.856568,0.38308147,0.36756372,0.89658767,-0.088753521,0.58082944,0.18598568,0.005298954,-0.40797445,-0.1209342,0.41757727,-0.49746889,-0.19150156,0.40916547,-0.50661916,-0.74060225,-0.11073448,-0.79378951,-0.87696993,0.36357874,-0.526366,0.01186151,-0.40126944,0.72450989,0.60057038,-0.14699805,0.13521253,-1.9699008,0.89743608,-0.18844177,-0.12540692,-0.00143075,-0.58103156,-0.16957223,-0.15748551,-0.53527451,1.1769971,-0.91211474,0.075925454,0.5929184,-2.1523817,-0.21032083,0.41500711,0.16202664,-0.63153297,-1.2995842,0.4447546,0.54322714,0.43589815,1.0508344,-0.63941437,-0.25533587,0.04244943,0.16212372,0.34904307,0.31202281,0.18451062,-0.25851917,-1.3109637,-1.5474248,-0.69143379,0.26947346,0.58832073,0.15874028,-0.51105404,-0.34612498,0.10730945,1.5204449,-0.20123565,-0.009091765,-0.60682929,-0.39249694,1.2504535,0.15249434,0.26181164,2.0591912,-0.1594179,-2.5881343,0.030312479,0.68417692,0.07041797,-0.053464107,-1.2631083,0.4424274,-1.8978802,0.24348442,-1.4739419,0.53229153,-0.10809068,-0.70931542,0.05519275,0.55954975,0.51489407,-0.23157352,-0.41545743,-3.1192408,0.45301276,-0.47925463,-0.021360684,-0.25096333,0.55313909,0.5454095,0.16370916,-0.2238867,0.74483532,-2.0895607,-0.98287117,-0.017465591,0.51514143,-0.5646522,0.27125651,0.49035907,0.49757671,0.049802653,0.3983871,0.44825527,0.9604184,-1.0098765,-0.36624706,0.7639181,-0.13949528,0.48994258,-0.10292113,-0.10514116,-1.1254867,-0.40076888,0.065191433,-0.31376964,0.60344535,1.4696094,0.40672687,-0.38369012,0.1616665,-0.24886423,0.66980988,0.99282277,-0.28756067,0.07117942,1.2768983,0.16892964,0.15322015,-1.051634,-0.20051512,-2.2551451,0.98967773,-1.7124768,-0.58824396,0.002391949,-1.5550026,0.22438724,0.22392046,0.27780432,0.64887464,0.63910174,0.59692687,-2.0564883,0.97564083,0.076240987,1.3606406,0.020046715,-0.77101171,-0.098230667,-0.90444303,0.6461392,0.15606946,-0.68141609,0.38321778,-2.3369288,-2.1694345,-1.6197585,-0.35491401,0.47733462,0.64533854,0.24016678,-1.2528546,0.7823419,-1.6458391,-0.18871379,0.28545991,-1.0935311,0.011271757,0.017054839,0.61658251,-0.29914901,0.32270196,0.061881024,0.30984974,-0.029506128,0.65838754,0.044466697,-0.044269025,-0.8002848,0.38277772,1.0523597,-0.57484502,0.55208278,0.50773621,0.56357908,-0.87150288,0.90760428,0.62953126,-1.4332222,-0.48278704,0.10390657,0.28778219,0.34507245,0.87660331,-0.45363033,-0.53074336,-0.43200126,-0.001526017,0.6863941,-0.3042298,0.13867056,-0.34146217,0.21999589,1.5041366,-1.4411005,0.15388666,0.28372902,-0.68146193,-0.086101651,-0.015160248,-1.7509898,-2.1055031,-0.415589,0.56858802,0.047304776,-0.40334481,0.74871624,0.20314693,0.58557802,0.20598963,-0.14911416,-0.82268524,0.21384002,-0.023955591,-0.007810898,-0.47468197,0.1833788,0.19240096,1.3121684,-1.6600817,0.057385422,2.0330861,1.5761276,0.50300133,-1.1866746,-0.21037671,-0.69999671,-0.10750973,0.16714768,0.4290787,0.99254405,0.99856532,0.36329192,0.22983038,0.21853161,0.77788627,0.8504349,1.3210943,-0.70406044,0.23559137,0.44666189,-0.042327985,-0.36116722,-0.16414545,-1.5021614,0.3307614,0.02833876,-0.34326562,-0.20096669,0.46129802,0.26592678,-0.67405796,0.21797368,-0.20806138,0.014652751,-0.57799989,0.9410966,1.2442235,0.2338327,-0.00335528,0.6131165,-0.17672552,-0.09829504,-1.1378918,0.43670291,-0.48599544,0.28077054,0.93602681,-0.70033109,-0.67797679,0.29299715,0.4021439,-0.82788557,-1.3838696,0.66388166,-0.67074698,-0.17176971,-1.5952395,0.28969285,-0.006439343,-0.37959868,-0.53551018,1.0670325,0.48533311,-2.0110066,-1.4185973,-0.34302741,-0.006243027,0.2864396,0.13108206,0.057120431,0.5479784,0.24150242,-0.10640611,0.22086984,0.45703906,0.53709203,0.056894571,-0.15177655,0.11013276,-1.2309415,-0.0624597,0.69330549,0.054751977,0.14277002,0.57943302,1.2472911,-0.46930599,-0.78853405,-0.40938932,0.62162471,-2.1057611,0.25901145,0.18423426,0.40343735,-0.76489049,-1.6715243,0.21244822,-0.54665768,0.22167079,0.22460422,-0.014109064,0.35625863,0.16372293,0.33882701,0.69184101,-0.071554206,-0.21812892,-0.54038376,-2.2585106,-0.78528422,-1.2499318,-0.032338411,-1.1208116,0.1486496,-0.028502271,-0.49691713,0.11814452,2
0.55145234,0.3325727,0.28263181,0.51521748,0.50715888,0.53327096,0.52620226,0.48978674,0.52785373,0.51666278,0.50577152,0.51743925,0.51119328,0.50457031,0.5141077,0.49485582,0.50641859,0.54237503,0.51682645,0.50501865,0.49973309,0.50099963,0.49327216,0.49628097,0.50814241,0.49930573,0.50979048,0.48320049,0.51088583,0.51745772,0.48933953,0.50048727,0.48570848,0.49602789,0.50065935,0.47709066,0.47864926,0.50955111,0.47639,0.48999983,-1.0455494,0.25539717,0.47931242,0.43356159,1.4000082,1.7113082,1.3924868,0.7890417,0.91772276,1.7102351,1.4431796,1.2647643,0.33774307,-0.23940852,-0.26439407,-0.4719032,0.54461098,0.31222311,0.34683663,0.25437003,-0.85420477,0.004514368,-0.52367008,0.33949825,-0.92017514,-0.12151544,-0.19361046,0.65577602,0.42291939,1.4642686,-0.16873632,0.23566598,-1.2244858,-0.21952137,0.10426436,0.75962567,-1.1222229,0.56498766,0.28933525,-0.91141444,-0.18718746,-1.2595348,-0.54607552,0.39441344,0.79545981,0.81992704,0.000628343,-1.7068477,0.68130696,0.10842231,-1.0666568,0.62877667,0.073471405,0.035997603,0.54542845,0.10427335,0.40563816,-0.38823128,0.20951346,0.50842005,-0.68754643,-1.1498061,0.12841779,0.50305295,-0.28706396,0.21095376,0.073713653,-0.11873433,-0.18781868,-0.3071292,0.58218575,1.0138384,-0.21594809,-0.3517122,-0.57877338,0.2125549,0.51483887,-1.0510746,0.35729805,-0.99018836,-0.41198632,-1.853977,-1.0273167,-0.007212384,-0.55524355,0.31746855,-0.33845985,0.22620526,-0.10484651,-0.19529101,-0.72346288,-0.42112273,-0.019378088,-1.1100676,-0.22790238,-0.041921996,0.18615156,0.32926095,-0.55576146,-1.5478078,0.71998012,0.41645652,0.83281183,-0.17849919,0.64058828,-0.010128915,0.11882842,-0.39556167,-0.31631568,0.15298969,-0.44762272,-0.070438981,0.37973613,-0.26327461,-0.81440967,-0.074163526,-0.54864216,-0.61402178,0.29016352,-0.31167275,-0.019689009,-0.63816851,0.7450617,0.54274809,0.018772179,0.1152408,-1.8547672,0.66844559,-0.028524619,-0.17498225,-0.062762678,-0.52615416,0.053169046,-0.20462242,-0.68729138,1.04383,-0.7255156,0.10966727,0.43997532,-1.5905688,-0.20686948,0.30848381,-0.060972214,-0.48790002,-0.99222779,0.51539904,0.073280975,0.30859283,0.86972862,-0.75543332,-0.46952209,-0.025788505,0.33085304,0.17903869,0.30273917,0.18839833,-0.13289554,-1.2144839,-1.5831275,-0.79487592,0.23755544,0.55572319,0.11171488,-0.3785089,-0.39573181,0.11664411,1.6676832,-0.044925719,0.027285088,-0.39792478,-0.22641931,1.0134177,0.14994672,0.19627455,1.3133712,-0.049250856,-2.4661691,-0.11429936,0.6022315,0.0148739,0.22182897,-0.72834212,0.001547612,-1.4922268,0.23422855,-1.4292896,0.50798309,0.11290671,-0.86526579,0.071107261,0.29735944,0.62391168,-0.21024616,-0.14829431,-2.5816445,0.29155084,-0.71679854,0.036825709,-0.078268081,0.13548748,0.60278416,0.015604407,-0.29786533,0.50363845,-1.4671955,-0.85785812,-0.33918917,0.32383013,-0.46664855,0.077388823,0.33077538,0.52407563,0.004169532,0.6443826,0.48816547,0.89240146,-0.97940505,-0.31627473,0.54796016,-0.002752595,0.2818788,0.0013493,-0.25498694,-1.2502979,-0.48754352,0.11899403,-0.45396405,0.75074601,1.1322652,0.40193337,-0.46505108,0.10289288,-0.41925591,0.7538929,0.49307579,-0.069343418,0.11501185,1.8113171,0.25293988,0.19864789,-0.76659763,-0.20222059,-2.0055585,1.1690246,-1.4452971,-0.27731654,-0.20468174,-1.5471435,-0.22279121,0.200517,0.13033959,0.47593707,0.48086318,0.31448582,-1.8896062,0.99950016,-0.29116476,1.1837802,0.050731301,-1.1636868,-0.14564471,-0.84721863,0.54965037,0.30132371,-0.90161997,0.30532119,-1.7883801,-1.8616083,-1.5740956,-0.35333407,0.40706113,0.4265919,0.20219313,-0.90618861,0.7213313,-1.340863,-0.15449217,0.003862441,-1.1566217,0.048595667,0.044624075,0.57527423,0.014820129,0.36959571,0.06684912,0.36877856,-0.097839639,0.88410455,-0.07725177,-0.12919274,-0.70173895,0.34923816,1.134172,-0.61486936,0.55274945,0.42439255,0.66740018,-0.64249808,0.61414975,0.4374299,-1.096862,-0.51610017,0.044089742,0.11939652,0.28341758,0.84263951,-0.42411202,-0.52046049,-0.556045,0.061321884,0.57623833,-0.3398397,0.1472331,-0.3127602,0.2897712,1.2324015,-1.020509,0.20499469,0.2679193,-0.61688346,-0.12793778,-0.14361584,-1.3780249,-2.0263603,-0.18323646,0.56509495,0.1033656,-0.2322807,0.8062216,0.21827883,0.48158258,0.25672582,-0.32022172,-0.59557223,0.20204866,0.000456125,-0.11861908,-0.52143812,0.20862751,0.21871495,1.2098284,-1.6664302,0.46706697,1.5261163,1.7743025,0.42813358,-1.3443059,-0.27001509,-0.41031179,-0.15991434,0.048172463,0.5307135,0.87264395,0.78660744,0.47505102,0.1537891,0.27985781,0.7441259,0.75718904,0.98583251,-0.98112607,0.42879918,0.32088274,0.058882818,-0.31003582,-0.18274701,-1.7068262,0.29061222,0.089914918,-0.12785326,-0.24379854,0.45999715,0.5255245,-0.88649881,0.27221432,-0.22502403,-0.004544321,-0.1111505,0.79157817,1.1435891,0.20937943,0.009255282,0.65281528,-0.44603187,0.076546893,-1.1119316,0.30848369,-0.61951941,0.15368956,0.85340965,-0.97281879,-0.37594634,0.41339409,0.52845156,-0.65475106,-1.1983681,0.58482414,-0.63982701,0.032132976,-1.6585778,0.37290603,-0.2253865,-0.59564286,-0.40560371,0.987957,0.57685435,-1.8669909,-1.2574716,-0.36134467,-0.011243776,0.27395061,-0.010395579,0.064533122,0.47232214,0.13901046,-0.1388272,0.35686922,0.31140089,0.4135395,0.12201262,-0.1750948,0.35296762,-1.508129,-0.05584012,0.52844954,-0.037444443,0.13967459,0.76505321,1.006508,-0.37448356,-0.49350053,-0.35564339,-0.093008302,-2.0345497,0.28911632,0.38298169,0.40600526,-0.79738718,-1.3139306,0.17651695,-0.6375683,0.087755412,0.073695496,-0.15117529,0.67358959,0.14630035,0.32301062,0.55556053,0.057613779,-0.2555058,-0.40669462,-2.3361435,-0.72118169,-0.94909406,-0.041250095,-0.8681221,0.0874203,0.034660161,-0.24949396,0.24760024,2
0.50488567,0.30116877,0.22457668,0.52744126,0.48458713,0.52138984,0.51896256,0.47938406,0.49062476,0.55987799,0.45086598,0.48461041,0.51468408,0.38676375,0.45984781,0.50403631,0.47436291,0.4640238,0.55138779,0.470002,0.4710362,0.48563302,0.47563553,0.48759416,0.49016088,0.45896432,0.51004696,0.50412935,0.46487647,0.41913682,0.46311522,0.47855878,0.52128446,0.38822824,0.51424658,0.49323696,0.49026236,0.45098591,0.44184828,0.46802163,-0.77819324,0.23873711,0.24115735,0.32913664,1.1452101,1.5377004,1.123708,0.57135475,0.67577201,1.4443238,1.2123045,1.027169,0.11707073,-0.23581089,-0.16340362,-0.11570141,0.43801072,0.39665192,0.42062452,0.26811355,-0.57498288,-0.070069477,-0.35321081,0.42682838,-0.87495542,-0.067418337,-0.15101218,0.53501636,0.38871536,1.2475586,-0.11918805,0.38381732,-0.89991081,0.036537215,-0.015500367,0.75774676,-1.0127622,0.58368164,0.086206391,-0.718238,-0.026260465,-1.1085482,-0.24150372,0.28548524,1.0470561,0.53042448,0.1359386,-1.3422635,0.6877625,0.2651915,-0.86703414,0.46487623,-0.09889435,0.013183935,0.53733099,-0.033426076,0.39194727,-0.30152106,0.28345627,0.45879537,-0.52530873,-0.79759109,0.13683645,0.39200979,-0.44723195,0.20072313,0.15371224,-0.03966815,-0.084445387,-0.40180182,0.43740678,0.77474254,-0.22131777,-0.18227679,-0.32008177,0.16782007,0.17677709,-0.79300863,0.38129166,-0.92395085,-0.35677922,-1.5765915,-0.86967397,0.028130889,-0.46143264,0.18521871,-0.30839103,0.12145728,-0.15379333,0.08840251,-0.52656406,-0.49047989,0.22802785,-0.80600643,-0.023450062,-0.18483511,0.39380568,0.28248918,-0.38494384,-1.256317,0.58297414,0.23176029,0.74091035,-0.11537386,0.45716944,0.29519391,0.096526749,-0.23674825,-0.19938102,0.19978093,-0.3293522,-0.2132313,0.18612638,-0.2211383,-0.61783516,-0.10969246,-0.36134166,-0.66996455,0.088805437,-0.32789862,0.057613317,-0.5977906,0.46643102,0.35522333,-0.16786632,0.036244828,-1.4943534,0.51179516,-0.22875214,-0.10341933,-0.15141977,-0.52164406,-0.05231259,0.010624856,-0.52728552,0.89491552,-0.62371862,0.19642672,0.25636691,-1.0765723,-0.16943212,0.11893474,0.058476008,-0.27288532,-0.73074228,0.52212465,0.076678969,0.1632295,0.86121613,-0.35813656,-0.54066503,0.29819283,0.2826052,0.42662534,0.30319315,-0.032500386,-0.39023933,-0.95694351,-1.4037842,-0.67456043,0.28828424,0.60615379,0.17278951,-0.31712696,-0.15812452,0.15821803,1.2846814,-0.18891641,-0.012578782,-0.09747912,-0.18394393,0.9685688,0.1247994,0.25995705,0.72482783,-0.20814566,-1.8840935,-0.18808371,0.51328725,-0.01224258,0.11316366,-0.56085312,0.17949842,-1.3572389,0.16609645,-1.1021681,-0.10395858,0.068038799,-0.67848533,-0.027920507,0.34160531,0.29299548,-0.20732822,-0.41741559,-2.2604728,0.39069599,-0.68260419,-0.06042821,-0.001001582,0.010619879,0.41406614,0.16657868,-0.18269195,0.80241543,-1.3054785,-0.82144052,-0.23959617,0.29780632,-0.49822903,0.31570196,0.38496047,0.64490432,-0.053391162,0.38856471,0.3680917,0.73896366,-0.92571944,-0.27596462,0.57990688,-0.16665447,0.16654164,0.058206983,-0.17873979,-0.73198402,-0.4325698,0.26781774,-0.52043974,0.56496549,0.90072238,0.23524609,-0.39133373,0.30606744,-0.31898922,0.50730741,0.43850988,-0.093919933,0.36482692,1.519382,0.12163762,0.21575278,-0.89985454,-0.29867253,-1.8538769,0.77894795,-1.1145566,-0.2728413,-0.32437018,-1.4149326,-0.14750811,0.24950568,0.28382558,0.95433843,0.5926612,0.079736039,-1.4438314,0.79606867,-0.079860076,1.063635,0.11834168,-0.93673766,-0.1855175,-0.61886936,0.31666964,0.12008423,-0.8376798,0.038248628,-1.6331863,-1.4923506,-1.2674525,-0.23846281,0.4381597,0.40896773,0.14812329,-0.58190018,0.48654369,-1.0321794,-0.29545626,0.29294294,-0.96728581,0.053697698,0.14844823,0.30450201,0.23362395,0.49834269,-0.018775038,0.48173022,-0.098755226,0.19383359,-0.040635586,0.004798465,-0.35108095,0.51782244,1.0600654,-0.44997865,0.49143803,0.37274069,0.63077766,-0.54638892,0.63124871,0.41889888,-0.84473068,-0.4815892,0.33908647,0.070766017,0.30926752,0.774845,-0.22481561,-0.35683587,-0.51752937,-0.038560316,0.55952829,-0.22156182,0.018031053,-0.11988056,0.08943551,1.2176446,-0.96264106,0.19966936,0.19186723,-0.71795398,0.006800231,-0.29780298,-0.90689355,-1.4378462,-0.32551897,0.41750461,-0.1217657,-0.18040004,0.75081235,0.033930525,0.30018735,0.1427412,-0.1173171,-0.42543653,0.096113265,0.3947731,-0.0451307,-0.62080717,0.055583298,0.40161061,1.0387341,-1.5570164,0.20057398,1.173352,1.3884234,0.32990921,-0.87295079,-0.17501287,-0.38403937,-0.17057447,-0.023822745,0.37735805,0.56280267,0.63576436,0.36909556,0.16801614,0.22020812,0.83731306,0.71572721,0.99006355,-0.44335601,0.32644168,0.19784945,0.23570395,-0.37591091,0.075658888,-1.2584668,0.40111125,0.13901582,-0.27759933,0.001167931,0.33183363,0.3645522,-0.8731451,0.39056054,-0.22519229,0.17825598,-0.063717708,0.4199667,0.80210525,0.092791766,-0.10578229,0.63527179,-0.17616354,-0.010517645,-0.80687273,0.33097619,-0.50175691,0.24276313,0.56977654,-0.78357887,-0.29545784,0.27502227,0.37561214,-0.39633614,-1.0422888,0.43117186,-0.7529698,-0.029504053,-1.0414754,0.18219839,-0.13777438,-0.55114335,-0.49131107,0.81819338,0.75064051,-1.5835695,-1.0654569,-0.26601383,0.075773492,0.11569005,-0.015465993,0.27499747,0.37579864,0.12868148,-0.20856251,0.37814832,0.64624953,0.33857432,0.14454578,0.040559471,-0.096488446,-1.1431272,0.11618807,0.2700294,0.082782641,0.2744562,0.64790058,0.7155202,-0.36032948,-0.70639819,-0.39390403,0.054014325,-1.728447,0.39146554,0.27104339,0.38339669,-0.60420334,-1.1108429,0.26015785,-0.69075322,0.30804786,-0.055137649,-0.20050086,0.38550252,0.047552459,0.39785677,0.4554168,0.032553621,-0.033656269,-0.23860002,-1.9216175,-0.79881185,-0.57972682,-0.093637809,-0.77917761,0.1553126,-0.1078957,-0.14751214,0.10849032,2
0.50766039,0.2884056,0.25455853,0.48821658,0.47331926,0.4964343,0.48944294,0.47067815,0.49068302,0.47943756,0.47970712,0.47815859,0.48675358,0.46768248,0.4716714,0.46124685,0.47817922,0.50593603,0.48190087,0.47671807,0.46487534,0.46790645,0.45055038,0.45910347,0.46980187,0.46066296,0.4617607,0.45115358,0.45858547,0.47528183,0.44988167,0.45922345,0.44675916,0.46022078,0.46035796,0.43555528,0.4507277,0.46734607,0.44543076,0.44440758,-0.76708317,0.23734188,0.29473877,0.35197416,1.2316449,1.5943875,1.1852825,0.61946458,0.72162163,1.5197294,1.2891138,1.0806812,0.23030576,-0.14331448,-0.13831761,-0.30782497,0.40398425,0.24353257,0.27453983,0.2564598,-0.65059131,0.022375159,-0.50445902,0.2613107,-0.57588279,-0.045773756,-0.17333153,0.55492216,0.073814005,1.3541172,-0.12451549,0.17232066,-0.9788357,-0.16732779,0.045357689,0.62323344,-0.81186271,0.49911073,0.31266844,-0.73993731,-0.10547857,-0.95597577,-0.5014872,0.33152494,0.6126948,0.65270662,-0.008922401,-1.4238805,0.64454091,0.1357148,-0.8781569,0.55747473,0.074276716,0.017152296,0.57157552,0.082072943,0.32806584,-0.34166202,0.14296082,0.43853572,-0.42810285,-0.92571747,0.06218892,0.40697783,-0.2664223,0.1712821,-0.064982802,-0.20351307,-0.12427384,-0.23659953,0.40541807,0.67276531,-0.15345299,-0.27165198,-0.40493298,0.086447567,0.4467313,-0.85799485,0.34826103,-1.0864934,-0.34650838,-1.5454918,-0.89593756,-0.067055471,-0.49454626,0.16265672,-0.30093491,0.14223422,-0.11160356,-0.18813637,-0.54373348,-0.37647799,-0.10641443,-0.91157478,-0.24158943,-0.082825884,0.14964075,0.27408117,-0.43148929,-1.3056617,0.46171814,0.34603307,0.68430173,-0.10660799,0.50313467,0.28665495,0.086475708,-0.38095114,-0.17030561,0.22658642,-0.35101196,-0.15404978,0.28255236,-0.22061525,-0.64289892,-0.06007833,-0.55244505,-0.49584246,0.22601962,-0.28036836,0.010025654,-0.58846259,0.61251193,0.48164922,0.05413647,0.017036123,-1.5216863,0.65038002,-0.044213768,-0.16307342,-0.085057497,-0.4996438,0.057506718,-0.10085113,-0.58149642,0.91747636,-0.67308587,0.11272802,0.37915772,-1.4774386,-0.10222988,0.19072336,-0.15533514,-0.48530722,-0.78669089,0.49040529,0.094600104,0.34150815,0.59712523,-0.65472126,-0.25665089,0.038401827,0.10505459,0.20978811,0.32149228,0.20720337,-0.1028714,-1.0325162,-1.4318336,-0.57472289,0.18874274,0.67257535,0.1525223,-0.29445198,-0.32391632,0.066342101,1.1412256,-0.1148854,0.075426549,-0.32676905,-0.24206951,0.89457154,0.13619499,0.19776584,0.9334355,-0.092734508,-1.9721044,-0.083293147,0.31069356,0.041336022,0.048296265,-0.67428899,0.15200356,-1.289922,0.25298122,-1.0244585,0.46663037,0.031673163,-0.74633461,0.001126707,0.23568727,0.39232886,-0.16956121,-0.24611065,-2.2743931,0.29774019,-0.48587108,-0.017212801,-0.13905945,0.15215944,0.46007913,0.10439756,-0.21838138,0.47466812,-1.255634,-0.76163226,-0.26740199,0.34645057,-0.40280423,0.064368524,0.24322492,0.36355364,-0.049744915,0.43795422,0.40155184,0.63228601,-0.77030188,0.09189713,0.51979089,0.015489437,0.22261642,-0.058809832,-0.2871471,-1.0057236,-0.43521416,0.058701813,-0.30017394,0.55294102,0.97069407,0.35376158,-0.38802364,0.14747196,-0.2780914,0.44015813,0.37864122,-0.26371869,0.098725416,1.4869524,0.16350923,0.1182211,-0.85193521,-0.14192434,-1.741855,1.0052873,-1.2199229,-0.29040036,-0.15639752,-1.4138352,-0.020679526,0.14494544,0.040054426,0.36131227,0.45726562,0.39407739,-1.5570654,0.70533717,0.061813563,1.2275168,-0.009170855,-1.0300841,-0.072812013,-0.65432751,0.50741959,0.29084939,-0.74356508,0.31040391,-1.5604769,-1.5152038,-1.223134,-0.29519498,0.37370569,0.12953788,0.18438856,-0.78138965,0.58294511,-1.1889625,-0.1673454,0.11855638,-0.99812019,0.046663821,0.035296924,0.46967652,-0.017684244,0.23896131,0.020182846,0.34668159,0.027739946,0.62898475,-0.072910175,-0.11396959,-0.5729959,0.31751955,0.98345906,-0.52199751,0.5454039,0.49287757,0.51946253,-0.61376715,0.57301342,0.47881082,-0.93505549,-0.52919787,0.067457438,0.11898763,0.22713524,0.61654884,-0.30832189,-0.45030797,-0.40089405,-0.009065911,0.49766186,-0.18939014,0.006826237,-0.27847335,0.20769107,0.93370748,-0.84274727,0.19475806,0.25221378,-0.48879778,-0.041982014,-0.12773377,-1.2415047,-1.664313,-0.16992056,0.4908123,0.09209951,-0.24598247,0.67262703,0.069511645,0.40780807,0.1990318,-0.16644399,-0.41926387,0.1494959,0.085376754,-0.12275596,-0.44841686,0.2048686,0.168764,1.0737472,-1.4529003,0.12953192,1.3935112,1.2657701,0.38788444,-1.0638268,-0.2726281,-0.42210448,-0.20306994,0.10671182,0.28743786,0.77066386,0.77319098,0.39119634,0.15946941,0.18821026,0.57756454,0.67653668,0.804878,-0.78922611,0.24225298,0.19522116,0.12859848,-0.30649522,-0.17874315,-1.452991,0.27000311,0.073323011,-0.30153346,-0.10766095,0.34508497,0.28123704,-0.71130139,0.20293729,-0.21794693,-0.062585153,-0.10465398,0.34264743,0.90826148,0.25513083,0.045402948,0.54154688,-0.14302143,0.057120748,-0.87367767,0.23911302,-0.55214262,0.10798252,0.71241575,-0.68360758,-0.38141727,0.30949003,0.40304857,-0.48241213,-0.9315654,0.51780045,-0.5231418,-0.09945339,-1.2935981,0.25401843,-0.088852666,-0.31970987,-0.34634006,0.81988233,0.40844277,-1.6881007,-0.97925854,-0.31102782,0.025960434,0.29961896,-0.040584736,0.063022792,0.42591894,0.14722565,-0.11753659,0.25190413,0.32514411,0.3253727,0.038188159,-0.13412309,0.14066306,-1.3140326,-0.018076312,0.38699338,0.037938826,0.187466,0.56654978,0.67566377,-0.3102524,-0.59615302,-0.33352321,0.026030995,-1.6570635,0.28123224,0.30506012,0.3149249,-0.61607462,-1.1686457,0.22721609,-0.50206649,-0.01598154,0.02874109,-0.056432456,0.4073801,0.097620487,0.27191615,0.33080772,0.01600492,-0.18251038,-0.31914049,-1.8758034,-0.65036702,-0.77984971,0.12717499,-0.81019807,0.17262484,0.13324104,-0.30947793,0.11662425,2
0.5428437,0.32838628,0.27864489,0.50971305,0.49860185,0.50740546,0.50512028,0.4965069,0.50813329,0.51332492,0.5042659,0.50634485,0.50967401,0.48926923,0.50907093,0.48649436,0.49918866,0.52445334,0.50982869,0.49736667,0.48446238,0.48451325,0.48688984,0.49217704,0.49908987,0.47528017,0.48597723,0.47981751,0.48553509,0.49546045,0.48551536,0.49309015,0.47860768,0.47703132,0.47978652,0.46512255,0.48190603,0.49137199,0.4568662,0.47429857,-1.0045376,0.26608858,0.57436836,0.56921637,1.4894249,1.715443,1.5090314,0.91000414,1.0369138,1.8263698,1.5609157,1.3807975,0.39104003,-0.23837858,-0.24882559,-0.33368969,0.71411765,0.40002227,0.35485426,0.34322247,-0.64549983,-0.023490204,-0.52410078,0.44660971,-0.76424456,-0.036990784,-0.24515268,0.62503147,0.44518888,1.3821472,-0.17925702,0.25346938,-1.2187986,-0.21671388,0.035886958,0.98732579,-1.2147211,0.64465719,0.14339975,-0.92766744,-0.11848066,-1.0775352,-0.64570582,0.45975876,0.99243242,0.79452676,-0.053854987,-1.650095,0.71079642,0.12871765,-1.0149775,0.50878525,0.032102179,0.083668716,0.66954875,0.016917549,0.49609482,-0.38147157,0.12920962,0.62228471,-0.89392835,-1.1899235,0.079475135,0.52249539,-0.32180676,0.24775663,0.29662132,-0.19096836,-0.15354607,-0.28310701,0.56607312,0.89592606,-0.19326691,-0.46209124,-0.47610879,0.35227019,0.50681531,-1.0606204,0.36844569,-0.92088997,-0.41431248,-1.8455222,-0.99325812,-0.044640865,-0.4115102,0.37290511,-0.38493365,0.20058572,-0.0865108,-0.064156912,-0.69674528,-0.42465132,0.24195051,-1.171091,-0.13491556,-0.062654123,0.053801969,0.22794706,-0.47801936,-1.650277,0.68281305,0.4580583,0.83609027,-0.2601524,0.55764574,0.15322337,0.08457379,-0.17830253,-0.30213273,0.24445318,-0.57612431,-0.18545347,0.43567014,-0.27855426,-0.85946733,-0.043844998,-0.5500164,-0.6075834,0.25819114,-0.3276608,0.009753919,-0.78052872,0.90652949,0.49183005,0.17303291,0.013757939,-1.7545515,0.45431617,-0.042603493,-0.1679085,-0.093296766,-0.60450375,0.047944061,-0.16241693,-0.70279187,1.0763797,-0.77536219,0.12383088,0.57894737,-1.734962,-0.18630557,0.35804105,-0.090079755,-0.48012245,-0.8993398,0.5537467,0.12819584,0.25650752,0.78167027,-0.74187285,-0.2862846,0.037823044,0.16508728,0.24982156,0.40176165,0.20354907,-0.16615769,-1.2704139,-1.6979105,-0.80767608,0.22760388,0.62366652,0.16775388,-0.3524791,-0.41058901,0.13906665,1.4029748,0.051366761,0.05202204,-0.33424243,-0.23432535,1.0299141,0.17562322,0.26839295,0.80626851,-0.13773715,-2.5885038,-0.094684444,0.68299645,0.069186911,0.11048232,-0.70109534,-0.015824363,-1.530115,0.26343536,-1.3113089,0.27342492,0.079535276,-0.86416632,-0.022227034,0.23940155,0.46002972,-0.22235996,-0.058173895,-2.6133399,0.30885485,-0.59992319,0.015129473,0.043813512,0.26417685,0.5144729,0.090273321,-0.27345139,0.56079143,-1.4520572,-0.85894465,-0.33577037,0.55559886,-0.47650519,0.10563455,0.27401423,0.51300991,0.003241832,0.6144225,0.42738107,0.82503814,-1.0035219,-0.33395088,0.77431685,-0.001812946,0.29316318,-0.021701328,-0.23422945,-1.2030694,-0.49087107,0.10945576,-0.42209521,0.68005937,1.2828127,0.42110682,-0.51298982,0.18983117,-0.43509838,0.76145905,0.56461608,-0.17801155,0.10176277,1.8053359,0.20494872,0.16735962,-0.838947,-0.17981641,-2.0015044,1.0225136,-1.2693119,-0.28186905,-0.18928604,-1.491311,-0.2793777,0.22647311,0.14555585,0.48317888,0.62269199,0.28747514,-1.9429233,0.87561941,-0.040633213,1.2118174,-0.003506379,-1.1703191,-0.16060084,-0.91725147,0.5297181,0.31699508,-0.97273362,0.37905791,-1.8536205,-1.7215724,-1.4916775,-0.43474454,0.50519502,0.59340841,0.26622012,-0.87216175,0.75801229,-1.3658661,-0.19034615,0.167686,-1.1544243,-0.023032317,0.060678683,0.54167426,0.053097766,0.437953,0.030995978,0.34002703,-0.014990138,0.56058615,0.072032362,-0.14259133,-1.0287268,0.43335345,1.1501776,-0.6078335,0.62932855,0.54906082,0.55077666,-0.74885374,0.77461576,0.26795548,-1.0176072,-0.60051739,0.072433271,0.034260273,0.1291066,0.87740964,-0.32987854,-0.65179479,-0.53212976,-0.005988272,0.55938387,-0.27164564,0.03530195,-0.29860508,0.28709197,1.3418354,-0.96946687,0.21247697,0.26216012,-0.71345717,0.017581727,-0.26161483,-1.396402,-1.9213969,-0.35125548,0.61283529,0.18133774,-0.25432834,0.77884531,0.29920289,0.46369952,0.25738463,-0.1925814,-0.44367874,0.24279444,0.024400648,-0.092926115,-0.37298319,0.25461376,0.22577584,1.3795052,-1.6863271,0.37305436,1.5930347,1.7678254,0.42150289,-1.2038128,-0.25783461,-0.29466939,-0.1125844,0.052239332,0.35683811,0.87416744,0.78395355,0.51696891,0.16575605,0.20119581,0.77723646,0.7705754,1.061335,-0.97187567,0.47980261,0.3652494,0.15341924,-0.28117156,-0.04236,-1.6024313,0.36024913,0.065034047,-0.23962945,-0.15127124,0.3282516,0.3898952,-0.78468156,0.24436885,-0.30668676,0.2089434,-0.1217881,0.80070364,1.2117584,0.25961775,0.033074006,0.6934827,-0.16679421,0.029944601,-1.1471661,0.25747755,-0.72166634,0.15209024,0.6524809,-0.94912362,-0.33410236,0.43294501,0.49751744,-0.56208897,-1.2173809,0.65073735,-0.7016257,0.17946459,-1.5049496,0.42211074,-0.27838415,-0.56288785,-0.44249219,1.0933095,0.58691919,-1.8560085,-1.2281649,-0.34061092,-0.017797049,0.25486973,0.012144893,0.088371575,0.45122483,0.23569134,-0.23097451,0.31273031,0.39441037,0.36657855,0.12352519,-0.095699534,0.15731947,-1.4784075,0.29943433,0.3982361,0.021280183,0.1589662,0.74304223,1.1287488,-0.34510639,-0.62691206,-0.37284577,0.038246714,-1.973794,0.40030366,0.52829158,0.39826769,-0.78440577,-1.2274935,0.22901835,-0.53436375,0.29020244,0.087080523,-0.11086602,0.50800413,0.16641477,0.33394036,0.50479609,0.079843186,-0.21775974,-0.33769125,-2.2673264,-0.73366553,-0.86397767,0.088401839,-0.90156847,0.16824369,-0.048555367,-0.30081236,0.22640151,2
0.57180673,0.35700992,0.31435037,0.52394253,0.51978827,0.53511864,0.51866639,0.50587547,0.53042746,0.51980591,0.52573597,0.51381338,0.52875835,0.51056468,0.51892287,0.50146055,0.52129686,0.53791118,0.52459157,0.51932013,0.50182384,0.50302446,0.50299591,0.50565505,0.51229775,0.4946453,0.50741994,0.49114335,0.50809908,0.51715267,0.50167882,0.50071073,0.50115037,0.50000566,0.50416595,0.48688075,0.48765641,0.51516771,0.4791992,0.49466813,-1.0156147,0.29573497,0.59092122,0.55323547,1.4364092,1.7000887,1.4550501,0.90282863,1.0312599,1.8065208,1.5214341,1.3627577,0.36691561,-0.22416624,-0.11543351,-0.43192658,0.69030249,0.3641336,0.38254762,0.34357592,-0.80863631,-0.031893898,-0.5172922,0.49427831,-0.68487817,-0.029951546,-0.20141053,0.71353167,0.27256978,1.626066,-0.14755549,0.28623635,-1.1977432,-0.17145956,0.082468152,0.98689103,-1.0246665,0.66090333,0.24719901,-0.91059238,-0.11161487,-1.2452812,-0.47526482,0.38910583,0.92350483,0.8455466,-0.0010224,-1.7443628,0.95914578,0.17078954,-1.0841424,0.45445868,0.085233137,-0.002102338,0.83831573,0.030607276,0.38432515,-0.54349434,0.15430284,0.61090916,-0.60802191,-1.0747403,0.096888505,0.51094013,-0.30483136,0.25242877,0.11745039,-0.24341723,0.10032882,-0.29822439,0.56062925,0.91871703,-0.17822826,-0.46023291,-0.61668622,0.1572758,0.69700474,-1.2639873,0.36616346,-0.94671106,-0.41791049,-1.8181242,-1.1918525,-0.10204552,-0.51832289,0.131741,-0.32047859,0.13820729,-0.060008418,-0.25239307,-0.83214557,-0.45086676,0.49867848,-1.1077921,-0.35109586,-0.18148586,0.10634488,0.46553725,-0.56800461,-2.1162548,1.02456,0.48633325,0.89063746,-0.21844447,0.56967205,0.31822085,0.10968726,-0.23344463,-0.15593429,0.25129038,-0.71216881,0.15446012,0.44899696,-0.32668209,-0.81859905,-0.070291482,-0.74671042,-0.74162501,0.30067906,-0.51698291,0.056932651,-0.72868562,0.77306592,0.67535198,-0.015431269,0.053044401,-1.8444368,0.65476352,-0.082526736,-0.1523961,-0.108106,-0.58434343,0.012389764,-0.25082558,-0.72604764,1.1804886,-0.8519814,0.13266505,0.50179398,-1.7556143,-0.17250609,0.29249606,-0.085596286,-0.56076038,-1.1534941,0.44334167,0.12109774,0.36109534,0.79767013,-0.74139631,-0.4657442,0.056365367,0.20127439,0.16344845,0.48509669,0.14299166,-0.12534454,-1.3326756,-1.6879319,-0.77442265,0.26350439,0.56532264,0.24854119,-0.40249449,-0.41126761,0.15194179,1.37997,-0.01161461,0.04357101,-0.43603966,-0.32923633,1.1156285,0.19155961,0.28056818,1.3990511,-0.11960641,-2.4278402,-0.057115331,0.76049542,0.02373906,0.14006799,-1.0295184,0.11788112,-1.6990346,0.31811064,-1.5268068,0.28283927,0.079771981,-0.85366142,0.081931442,0.40365547,0.55088603,-0.18040919,-0.22784479,-2.9518821,0.41401395,-0.45744702,0.04101976,-0.090902552,0.25556019,0.42229739,0.14813432,-0.19262956,0.76663554,-1.7468582,-0.93624711,-0.39135107,0.53137529,-0.32457021,0.14110543,0.39757752,0.55417281,-0.051342834,0.53950346,0.37187609,0.90121722,-0.98737246,-0.3596454,0.76735711,0.054313615,0.23195477,-0.15558164,-0.28321743,-1.1683944,-0.45502326,0.17789291,-0.40402037,0.6322186,1.2703779,0.41284317,-0.41247165,0.3617512,-0.40438485,0.74223745,0.79878128,-0.13926168,0.15343897,1.7894886,0.32258928,0.16331807,-0.87677038,-0.23473488,-2.1178608,1.1035013,-1.6040902,-0.51583427,-0.16326448,-1.4696507,-0.27967924,0.14115301,0.12111606,0.86966825,0.65585089,0.37754983,-2.0284388,0.89296234,-0.020732423,1.4074266,0.082696274,-1.1315159,-0.18092006,-0.90224975,0.56491745,0.18680009,-0.92247814,0.39076877,-2.1277311,-1.9482468,-1.6167879,-0.29849541,0.49062997,0.79895771,0.26929617,-1.1618311,0.83879757,-1.4945511,-0.26669973,0.24761973,-1.1801484,-0.045129023,0.10068566,0.58021176,-0.052203868,0.41685519,-0.002673861,0.374392,0.002460005,0.4589476,0.10738408,-0.18484372,-1.0747418,0.424685,1.3059758,-0.6595903,0.6585564,0.5016616,0.52648431,-0.80668199,0.89322007,0.48446313,-1.2226942,-0.50186145,0.075133309,0.10401845,0.21829242,0.99124765,-0.4110195,-0.53390247,-0.53173238,0.013753967,0.75988984,-0.33568218,0.092438065,-0.37784639,0.27924779,1.4213405,-1.2069685,0.20223412,0.2799511,-0.71134269,-0.090665519,0.040670104,-1.5703812,-2.0281312,-0.38770044,0.62548769,0.17541653,-0.31894076,0.78841996,0.21942526,0.51322663,0.27228171,-0.1211139,-0.68979049,0.20641868,0.055654589,-0.17211345,-0.38039744,0.2449123,0.20739816,1.3774588,-1.7543547,0.36445588,1.5824003,1.8182719,0.41414902,-1.2386494,-0.35169786,-0.58766967,-0.15227404,0.1904332,0.39647689,0.94370645,0.92178768,0.56931424,0.24440452,0.23784034,0.92735291,0.72476894,1.1767962,-1.078032,0.40393254,0.32519552,0.018438466,-0.33511499,-0.19585638,-1.4249043,0.34402487,0.058593228,-0.23990273,-0.14463776,0.69268793,0.46655554,-0.81056124,0.24036647,-0.2454363,0.3401711,-0.31146616,0.97386283,1.1663815,0.1534932,-0.053706907,0.67094868,-0.27862626,0.10240688,-1.1287547,0.35920206,-0.68039423,0.20626511,0.83712935,-0.97221029,-0.54055488,0.42732236,0.44703802,-0.77174425,-1.4431694,0.73732603,-0.62949336,0.000923933,-1.5716927,0.31142059,-0.22903499,-0.47811317,-0.41413429,1.1797953,0.5824855,-2.1111541,-1.335771,-0.41974771,-0.009834952,0.27176994,-0.009002334,0.088596061,0.56347287,0.20871468,-0.26742786,0.34348682,0.36035445,0.43760809,0.12052132,-0.089198366,0.14130132,-1.5299767,-0.034087677,0.54079407,0.046728991,0.15273754,0.6955682,1.0606371,-0.38099906,-0.55743819,-0.32693759,0.4081215,-2.0938237,0.43144798,0.35722381,0.43243647,-0.90664929,-1.507221,0.2437769,-0.54066145,0.11126424,0.10204551,-0.12211857,0.64449883,0.14308736,0.35546505,0.47634223,0.02595914,-0.3605448,-0.40546077,-2.372721,-0.63917834,-1.2434487,0.017931942,-1.1406214,0.31778601,-0.026240751,-0.29613492,0.17097303,2
0.56619227,0.34831876,0.30983731,0.52894068,0.52707827,0.54257077,0.52767467,0.51462626,0.54432583,0.52886611,0.53102231,0.52989161,0.52464521,0.53107309,0.53027648,0.51020038,0.53178835,0.5545184,0.53073537,0.52253449,0.50123006,0.51770556,0.50379169,0.52378118,0.52751923,0.50707066,0.51589888,0.50037861,0.5117808,0.51738572,0.50625873,0.50790167,0.49168313,0.51077366,0.50812924,0.50180405,0.49927109,0.52233547,0.49901426,0.49411219,-0.91836149,0.28957039,0.4124195,0.36281735,1.3405669,1.6995648,1.3027097,0.70957494,0.83031595,1.6262648,1.3668647,1.1826625,0.29679093,-0.25334376,-0.28814334,-0.42985958,0.64027846,0.33286873,0.33515409,0.26104286,-0.56846905,0.013042336,-0.46387497,0.37438881,-0.8934322,-0.169917,-0.25575879,0.615004,0.3964923,1.4883163,-0.14730288,0.25302854,-1.1917958,-0.16409051,0.15468307,0.98621851,-1.1268693,0.54330683,0.21789742,-0.88809645,-0.063434653,-0.79204786,-0.58053654,0.40289471,0.91321546,0.72401571,-0.002573516,-1.5528315,0.59317577,0.13281259,-0.96444541,0.56987971,0.032381475,-0.13684769,0.49842605,0.15349081,0.38991573,-0.32318935,0.21831706,0.50565922,-0.97281241,-1.0303842,0.12485772,0.53833723,-0.43166211,0.000514001,0.29413959,-0.15555093,-0.15208101,-0.29960474,0.52373445,0.90686947,-0.20520662,-0.35410529,-0.5113923,0.22319025,0.34272796,-0.98489368,0.26279685,-1.0396601,-0.41417712,-1.6673406,-0.8941884,-0.14438261,-0.33000159,0.39315408,-0.33241725,0.18651515,-0.10104195,-0.075057611,-0.82181454,-0.53486305,0.10392445,-1.0258037,-0.25854683,-0.084194839,0.025518164,0.41652691,-0.37223148,-1.4022113,0.49926072,0.39227527,0.76936048,-0.25807875,0.59483719,0.082179144,0.094835848,-0.60539329,-0.32603046,0.12103097,-0.75331998,-0.12741144,0.38697618,-0.20250447,-0.72549665,-0.016661521,-0.52842891,-0.54292554,0.24086542,-0.1927589,0.022199955,-0.66591728,0.70497435,0.40903395,0.084340975,-0.03839184,-1.5910374,0.34859413,-0.090590231,-0.1490472,-0.043218654,-0.57376552,0.080197997,-0.24436012,-0.65658742,0.89370322,-0.77459776,0.10145444,0.35070014,-1.3587241,-0.18311346,0.36625361,-0.11285166,-0.39807889,-0.88297594,0.44942003,0.26800478,0.57374215,0.98463529,-0.75344366,-0.53039134,0.04959856,0.30608374,0.23460919,0.3804692,0.20682791,-0.39894611,-1.1407607,-1.5168233,-0.77660161,0.23401119,0.60131079,0.095991239,-0.39680699,-0.4311544,0.14930877,1.2994262,-0.13451648,0.004292168,-0.35241008,-0.1869832,0.90560311,0.19856492,0.25568888,0.794034,-0.037733614,-2.1863384,-0.089983463,0.55820221,0.041444004,0.23986742,-0.57404232,0.098373339,-1.4429812,0.19171458,-1.2213529,0.17799246,0.19182572,-0.80973691,0.014813479,-0.022519886,0.35913995,-0.24103671,-0.35668448,-2.3568897,0.3199375,-0.60983449,0.042412631,-0.14804573,-0.033119693,0.51364267,0.17335725,-0.295187,0.55461401,-1.2576463,-0.76097631,-0.50295711,0.33175349,-0.47704247,0.15276225,0.34683526,0.52395397,-0.015682023,0.53334367,0.34585392,0.86346316,-0.99454606,-0.27188909,0.5836972,0.004254565,0.2532483,-0.029189326,-0.25012794,-1.1604724,-0.4308176,0.066149496,-0.38427618,0.70028788,1.0245087,0.43472534,-0.48393837,0.11034453,-0.39307028,0.66348189,0.47184756,-0.040057182,0.17305991,1.648556,0.32070935,0.21855003,-0.90247279,-0.1397064,-1.8020577,0.99535018,-0.994802,-0.33363178,-0.2290421,-1.5808183,-0.37508184,0.19735007,0.13717246,0.39077076,0.40933621,0.04360649,-1.6492529,0.85300303,-0.097456574,1.0380576,0.068847977,-0.99587584,-0.051217806,-0.80928409,0.53721416,0.43918958,-0.96174794,0.25896239,-1.6271391,-1.5942278,-1.3446751,-0.37144718,0.5165996,0.29189533,0.212488,-0.79187363,0.68737769,-1.2074186,-0.14411069,0.10461411,-1.0715854,-0.057117082,-0.000615744,0.55192739,0.1093628,0.36267757,0.036972556,0.44070187,-0.093046717,0.52444559,0.002851179,-0.13163163,-0.82756329,0.40609455,1.2007731,-0.43731117,0.52090234,0.49616402,0.46546474,-0.68070662,0.44852141,0.41331887,-0.89202994,-0.39987528,0.067570031,0.10197655,0.11776118,0.74875844,-0.45841745,-0.61368853,-0.48852485,0.056374036,0.58462554,-0.12421121,0.1335842,-0.24348019,0.35433173,1.1675266,-0.88537228,0.23686849,0.28649551,-0.65753812,-0.010246687,-0.21490096,-1.1921554,-1.686812,-0.36684966,0.56677324,0.18351679,-0.31657302,0.78063518,0.28724974,0.55186093,0.26955205,-0.30883479,-0.42585814,0.26685536,0.02520543,-0.11375787,-0.58945948,0.21220879,0.22424427,1.1853654,-1.5814456,0.48015776,1.6278304,1.6662631,0.32053339,-1.2627102,-0.17783475,-0.30322972,-0.10035377,0.05529796,0.31282747,0.71702176,0.51749486,0.47873658,0.095872037,0.24883953,0.65744382,0.70638347,0.87032223,-0.86647415,0.40592963,0.13596994,0.19249536,-0.20857571,-0.160901,-1.566095,0.31208226,0.099209964,-0.13875653,-0.10870305,0.30539459,0.5670529,-0.69053912,0.23742846,-0.26093936,-0.017110929,-0.093340486,0.52255291,0.89473426,0.097961783,0.002224103,0.57606661,-0.9820475,0.10831171,-0.98482656,0.22005704,-0.70063829,0.20678586,0.69733554,-0.94822818,-0.28656536,0.4053289,0.45716718,-0.4670015,-1.0649643,0.52164716,-0.54438198,0.2784141,-1.3823929,0.3112517,-0.29181117,-0.63149184,-0.37342325,0.96806759,0.52597392,-1.8110204,-1.1340872,-0.35387731,0.023220746,0.17516311,-0.024476932,0.052102767,0.35702312,0.12871064,-0.2389701,0.43343449,0.33520043,0.38143948,0.25808316,-0.39726451,0.066498712,-1.2855949,-0.015177295,0.29970294,0.038335383,0.14813033,0.80031955,1.3484422,-0.38435054,-0.47942144,-0.27458555,0.086686708,-1.7534051,0.41625631,0.48847228,0.38629085,-0.77249122,-1.3503819,0.25627533,-0.57653642,0.79413199,0.068191439,-0.18926477,0.35430688,0.15047108,0.28621441,0.35084558,0.05605717,-0.18417308,-0.26543218,-2.0628135,-0.66321677,-0.81730372,-0.010516548,-0.83162796,-0.15055916,0.5960443,-0.22845462,0.25394946,2
0.59213817,0.37733352,0.31556061,0.58408523,0.57710981,0.59742844,0.57675564,0.57186377,0.5884279,0.58130205,0.58047557,0.56869829,0.57545483,0.55883598,0.58867186,0.57013023,0.56534886,0.60388643,0.59230936,0.56226647,0.55464107,0.56499594,0.55406368,0.5624249,0.56606996,0.56057972,0.58848405,0.55636799,0.5600701,0.56834769,0.56821752,0.55686116,0.54987931,0.56859219,0.56011963,0.54126704,0.54556692,0.5627045,0.54463261,0.5590297,-1.0020492,0.29350561,0.49511212,0.48884633,1.3869114,1.7547467,1.4012618,0.81443447,0.94063044,1.7325292,1.4533334,1.2840003,0.4096483,-0.2412778,-0.25867221,-0.3836484,0.72245461,0.38377416,0.33289033,0.34744865,-0.92481011,0.029983558,-0.58629364,0.4050909,-0.93167216,-0.18999106,-0.13315009,0.55654442,0.34407637,1.4654123,-0.18459867,0.2572971,-1.1868924,-0.21671152,0.055841863,1.0160832,-1.2359567,0.62213999,0.25647569,-0.9252423,-0.12529346,-1.2254044,-0.57410502,0.32756868,1.027077,0.76994097,-0.055493262,-1.6934204,0.61986125,0.1406755,-1.0427846,0.48139271,0.047319911,0.014531726,0.76654452,-0.020374939,0.46770206,-0.3199349,0.12392643,0.61645108,-0.7331183,-1.0711142,0.095774814,0.50649691,-0.32327691,0.25654566,0.21657987,-0.1680498,-0.049846299,-0.31169325,0.59791642,0.90167308,-0.19207306,-0.38473287,-0.54686666,0.16951548,0.39904454,-1.033515,0.35783762,-1.1669387,-0.3732906,-1.8585339,-0.8564238,-0.058476314,-0.47453249,0.36048603,-0.39956388,0.087486014,-0.058339331,-0.014128178,-0.68428648,-0.59601581,-0.14281571,-1.0970291,-0.030153863,-0.048439823,0.15081748,0.14719552,-0.47076088,-1.5144007,0.41918686,0.48692945,0.7744056,-0.16596776,0.56634265,0.29431409,0.081554964,-0.50650734,-0.36928827,0.24517007,-0.57693577,-0.15333977,0.48224899,-0.18312122,-0.8477813,0.036456246,-0.54490066,-0.56271225,0.24274513,-0.1673449,0.051580708,-0.91808474,0.84692764,0.59957981,0.17090322,0.12085587,-1.8694993,0.52237827,-0.042915575,-0.17427321,-0.026487919,-0.55967551,0.081230402,-0.16208202,-0.76231068,1.0142597,-0.68579245,0.080626078,0.43220118,-1.5975572,-0.15242283,0.31958362,-0.11758938,-0.4954679,-0.83888608,0.66833162,0.11509774,0.22083552,0.8691507,-0.75136012,-0.35890374,0.053540681,0.045888625,0.21477877,0.39588869,0.2756604,-0.19095057,-1.1901622,-1.655569,-0.81645387,0.27730942,0.6011337,0.24840033,-0.39872941,-0.35489053,0.087421209,1.54546,-0.006538868,0.025964761,-0.30232623,-0.19923463,0.96678734,0.19163755,0.27325109,0.86461556,-0.11085823,-2.5872552,-0.18047486,0.48407763,0.033672713,0.066229992,-0.61347502,0.067290455,-1.4194261,0.25629464,-1.3233223,0.21733047,0.24827071,-0.87392247,-0.013525095,0.24168575,0.34055787,-0.1853008,-0.4100405,-2.508234,0.20650125,-0.69335604,-0.001315177,-0.09761934,0.028065816,0.41001832,0.13041943,-0.37060741,0.61104089,-1.4407099,-0.8384586,-0.29212064,0.39458144,-0.48607045,0.18361162,0.2978895,0.50805098,0.11290678,0.61868608,0.48364204,0.90814203,-0.96979684,-0.31091306,0.56978476,-0.04254286,0.29633453,-0.002467692,-0.27762529,-1.2329601,-0.46505061,0.132212,-0.48226637,0.56229699,1.0813332,0.42863503,-0.46354538,0.1902408,-0.37827092,0.73337758,0.5384981,-0.29145652,0.14856005,1.6999059,0.16949207,0.12739918,-0.79800487,-0.13626835,-1.9182168,1.0445693,-1.2092625,-0.19766544,-0.23912847,-1.6624476,-0.18515469,0.120019,0.22708088,0.45296443,0.57047439,0.23528305,-1.8380265,0.82187438,0.049818069,1.0364156,-0.037705936,-1.2368994,-0.17677963,-0.91996723,0.55117285,0.16571051,-1.0616721,0.23755482,-1.6624105,-1.80864,-1.5295194,-0.38997111,0.41324484,0.24761793,0.25150445,-0.73670089,0.71121109,-1.3395102,-0.25782707,0.24797912,-1.15087,0.031023989,0.064769112,0.4029538,0.13125327,0.38676283,0.0896549,0.6231795,-0.02069233,0.47318655,0.04910028,-0.12784512,-0.58878314,0.43764913,1.20364,-0.58284259,0.56838799,0.54856658,0.64241302,-0.7547192,0.49453872,0.30258891,-0.93793428,-0.57781178,0.091898203,0.056736588,0.22271749,0.82460487,-0.408279,-0.55624294,-0.53460354,0.01479008,0.55533653,-0.19314729,0.12116016,-0.29606125,0.23757094,1.1767482,-0.90410095,0.16003519,0.25743237,-0.6633268,-0.088565663,-0.26443899,-1.2630421,-1.8674815,-0.34630108,0.58441997,0.12709153,-0.25395197,0.72640717,0.26248553,0.48034355,0.29674801,-0.097976074,-0.34547797,0.26479596,0.034167178,-0.075357497,-0.66521072,0.2322374,0.20527729,1.2115711,-1.7299607,0.16448662,1.5185654,1.6739607,0.27665812,-1.2899292,-0.22470775,-0.28499809,-0.1688228,-0.0337805,0.34878063,0.70539105,0.69237703,0.56871581,0.097456813,0.22861838,0.74491215,0.78077555,1.0027163,-0.8696155,0.44014335,0.14435628,0.25762832,-0.38472468,-0.09898001,-1.7649717,0.33259958,0.030089013,-0.26826349,-0.11771695,0.15618622,0.26740766,-0.85330629,0.24333119,-0.27087727,-0.20252457,-0.027859069,0.60694939,0.97511864,0.23497894,0.041696135,0.63968658,-0.35693058,0.082189031,-1.1357665,0.25915095,-0.76253712,0.087195553,0.77099127,-0.94192719,-0.24722444,0.46887031,0.5230124,-0.50897288,-1.1700332,0.54901367,-0.64711905,0.16565035,-1.5301931,0.42877927,-0.21634419,-0.53949684,-0.39153334,1.0347549,0.67747891,-1.8718686,-1.3092837,-0.34418932,0.025877289,0.23335016,0.007015187,0.055566341,0.44306093,0.24351129,-0.25195089,0.39111573,0.33114332,0.37849921,0.029411852,-0.11759075,0.19977289,-1.5554087,0.3812454,0.36602598,-0.017709712,0.20771912,0.73326182,0.92130744,-0.31761369,-0.74505657,-0.36202955,0.007313788,-1.9242682,0.42160705,0.49985212,0.42364225,-0.7509495,-1.3345914,0.23164269,-0.60851157,0.12864979,0.071862593,-0.068532884,0.26667118,0.19521439,0.35946035,0.40749639,0.09560138,-0.18673524,-0.24876869,-2.2861419,-0.71804124,-0.83064079,-0.022455297,-0.79852462,0.17013782,-0.05163677,-0.24384633,0.13963826,2
0.55228168,0.33546743,0.28222853,0.5372178,0.5247829,0.53985584,0.53185141,0.51108325,0.53997892,0.52690363,0.53463674,0.52116227,0.51365137,0.50279462,0.51933193,0.5104239,0.5188216,0.55042481,0.52955353,0.51702935,0.50311112,0.50543475,0.49783528,0.51820314,0.51282144,0.50044531,0.52464008,0.49226126,0.51620793,0.51861465,0.49991208,0.50228691,0.50338185,0.50535733,0.50226641,0.48448145,0.49453714,0.51622558,0.48769939,0.5015201,-1.0220838,0.26249254,0.59256142,0.56640434,1.4599576,1.7747021,1.5121858,0.90418822,1.03951,1.8362911,1.5378549,1.3835433,0.43838879,-0.21252772,-0.1166933,-0.39420044,0.67747056,0.36894801,0.40075764,0.32355404,-0.78108859,0.007256815,-0.55646646,0.40440285,-0.80246234,-0.064198159,-0.17857163,0.70732725,0.31237924,1.6577569,-0.18656246,0.22781077,-1.2026671,-0.20017792,0.063155442,0.89902699,-1.0159783,0.62426138,0.47301453,-0.96560609,-0.14265993,-1.3674752,-0.54918677,0.36193189,0.91309124,0.83492613,-0.001248585,-1.759037,0.674703,0.16597846,-1.0203794,0.60564423,0.050743066,0.045396563,0.79078078,-0.057983816,0.26421908,-0.57072079,0.092587426,0.57575959,-0.42307717,-1.2239866,0.11387945,0.56354833,-0.35682207,0.19166858,0.17497551,-0.16275066,-0.13544899,-0.3547971,0.46826339,0.86678201,-0.18530998,-0.4280012,-0.64775896,0.24204069,0.54244089,-1.12723,0.55122542,-1.162621,-0.42416453,-1.8983363,-1.0994885,0.032114103,-0.55936003,0.17147702,-0.46093738,0.20180064,-0.093450092,-0.34331465,-0.86537743,-0.27359903,0.17003179,-1.1494032,-0.23316255,-0.31370854,0.27393615,0.33857372,-0.59308869,-1.7367946,0.62388897,0.47362158,0.80151528,-0.14569318,0.56293803,0.27597928,0.12810333,-0.24057066,-0.24991246,0.25122392,-0.007905036,-0.36259583,0.41703972,-0.48356646,-0.84224963,-0.078766771,-0.76479554,-0.67700249,0.33586827,-0.41206789,0.017080421,-0.5060302,0.793648,0.55359012,-0.051222697,0.044064999,-1.8640182,0.75621396,-0.030982677,-0.20983689,-0.075628899,-0.58021355,-0.092753552,-0.1560179,-0.72695088,1.0967025,-0.67052484,0.10521109,0.45164031,-2.2686205,-0.19192484,0.31390557,-0.053080589,-0.65748394,-1.0595195,0.52203691,0.25414106,0.40038088,0.6981383,-0.71256423,-0.32066202,0.059425589,0.060336195,0.091356449,0.36037195,0.17137797,-0.13069931,-1.3237269,-1.5675495,-0.65644825,0.26804686,0.5587827,0.1246058,-0.39705116,-0.27878234,0.12165126,1.5206888,-0.02839423,0.090323173,-0.39909422,-0.40765041,1.1265244,0.15526983,0.28124973,1.6116155,-0.07192345,-2.7394767,-0.098679602,0.50195897,-0.083965719,-0.029745247,-0.90642285,0.14533222,-1.6854651,0.29302964,-1.4208294,0.76046872,-0.13677844,-0.81498981,0.041806336,0.051170036,0.62006378,-0.17561601,-0.23076466,-2.9072874,0.32799321,-0.75390238,0.048392437,-0.13593912,0.27766338,0.66980809,0.14549923,-0.26100922,0.80156785,-1.7327332,-0.97023803,-0.4466005,0.45085347,-0.4852587,-0.064894497,0.25996476,0.60462719,0.022301059,0.5799166,0.54909658,0.8970716,-0.99357593,-0.35244745,0.63542902,0.004626852,0.3094551,-0.028014725,-0.38742167,-1.2014889,-0.53724957,0.13728589,-0.41021508,0.62146223,1.1457061,0.42638028,-0.46893808,0.15609746,-0.45505309,0.54628891,0.61672616,-0.27820817,0.14036301,1.545863,0.14639854,0.099552557,-1.113214,-0.16798115,-2.1013732,1.1960536,-1.7444695,-0.22295909,-0.26925808,-1.4497921,-0.10280878,0.1531015,-0.002232999,0.72349846,0.48682317,0.52538443,-1.948043,0.91415071,0.001132057,1.161258,-0.004716769,-1.2326756,-0.17611125,-0.92064464,0.68859738,0.38418069,-0.85779554,0.39537966,-2.0130267,-2.0827188,-1.6205013,-0.3915759,0.45987406,0.19643557,0.25811455,-0.97764653,0.76632804,-1.5629251,-0.22260508,0.21306363,-1.1515955,0.035313196,0.048241809,0.53086311,-0.062486455,0.32114044,0.029019939,0.79885507,0.026894782,1.0042886,0.007525686,-0.16929291,-0.83841109,0.42813998,1.1579231,-0.70666862,0.70312405,0.59714317,0.72065437,-0.62249881,0.70978212,0.3311711,-1.291517,-0.64637363,0.085553475,0.25170839,0.31247023,0.908512,-0.36840865,-0.55041087,-0.52173382,-0.028039817,0.64379549,-0.35668236,0.051734544,-0.34491849,0.19928071,1.1783129,-1.5298474,0.19093175,0.25160697,-0.57719952,-0.12386546,-0.026974425,-1.5550977,-2.0755885,-0.079628587,0.60349905,0.094141476,-0.32751489,0.88169545,0.2896035,0.52433258,0.2838009,-0.35091943,-0.49948594,0.20130555,0.048400108,0.003653236,-0.39025262,0.26740184,0.1772988,1.2154267,-1.6475039,0.12523365,1.6015254,1.5419542,0.40430149,-1.4630485,-0.27215272,-0.8094759,-0.15847155,0.045133032,0.54868412,0.86990088,0.98454237,0.37429976,0.26202548,0.15001072,0.72924912,0.79843462,0.97992361,-0.91913813,0.38937932,0.33720267,0.061197326,-0.43291447,-0.17883858,-1.863221,0.34523225,-0.002456844,-0.35038799,-0.13695562,0.49549323,0.22178617,-0.90141124,0.3912712,-0.18809122,0.003892597,-0.19307341,0.54898965,1.0755986,0.2676965,0.073517472,0.6610173,-0.13518958,-0.31287658,-1.1639069,0.37757811,-0.55899978,0.21220061,0.88470894,-0.80969799,-0.41757804,0.4789871,0.56815112,-0.84215713,-1.3228971,0.61411273,-0.5685336,-0.12613621,-1.6195189,0.34407037,-0.070089266,-0.59265143,-0.46218428,1.0208728,0.61891365,-2.0052981,-1.4289048,-0.37900048,0.019394144,0.39046228,-0.000316969,0.095740341,0.57195699,0.21261618,-0.14420225,0.17830198,0.28642803,0.44416258,0.046059638,-0.045876853,0.18589729,-1.5983768,-0.038803637,0.50918651,-0.026557934,0.15918988,0.82157272,0.82596374,-0.43959311,-0.80225354,-0.42591974,-0.24986424,-2.0194244,0.15098013,0.30563563,0.39685616,-0.73028117,-1.5664955,0.19103444,-0.74541444,-0.080196276,0.047895376,-0.085471861,0.82963949,0.16050497,0.36128673,0.53855288,0.021428194,-0.32741076,-0.48167086,-2.5364041,-0.78182763,-1.0550762,0.11011235,-1.2500434,0.31805128,-0.11903358,-0.43247789,0.11605992,2
0.54093903,0.31851542,0.28101107,0.53968382,0.53255105,0.54446417,0.5340029,0.52293718,0.53804439,0.53468084,0.53643656,0.52958965,0.5231874,0.52684176,0.53710711,0.52652168,0.52745271,0.56080163,0.53557944,0.51990265,0.50755095,0.52119124,0.51032299,0.51938236,0.5262785,0.52186513,0.53294635,0.51887721,0.51977199,0.53565562,0.51472306,0.50962865,0.50062311,0.51612723,0.5106895,0.50148815,0.49059612,0.51208031,0.48745489,0.497365,-0.85733742,0.27134612,0.3805536,0.42979625,1.3130503,1.692559,1.2996312,0.71100712,0.81858045,1.6261063,1.3752668,1.1765484,0.2689952,-0.23111847,-0.20561224,-0.3379721,0.57999223,0.31478328,0.31393677,0.24729083,-0.5422709,0.031415015,-0.45580778,0.33524102,-0.91865551,-0.009991508,-0.16351743,0.61906105,0.39768073,1.2190026,-0.14625731,0.21977383,-1.0906839,-0.18157195,0.076066725,0.8718226,-1.0609653,0.46645239,0.2505244,-0.7872532,-0.046011388,-0.74665064,-0.62449539,0.34417021,0.83464885,0.60588706,0.011322994,-1.4633564,0.56111777,0.1074067,-0.88456947,0.57766163,0.068740077,-0.062320892,0.36829475,-0.024711408,0.43329039,-0.36684644,0.20454708,0.45912668,-0.8589046,-1.034379,0.10880777,0.5464381,-0.42116582,0.10233185,0.26998332,-0.19214463,-0.092398971,-0.33108321,0.42682084,0.97509694,-0.1699909,-0.2018093,-0.47828111,0.49199739,0.12569693,-0.93425244,0.28633681,-1.0444262,-0.42756814,-1.6306093,-0.87384903,-0.052027576,-0.20099074,0.29928175,-0.42522153,0.21727452,-0.091211043,-0.00920178,-0.7265116,-0.37916538,0.015966143,-1.0344056,-0.20770706,-0.16874009,0.067801006,0.40506339,-0.40997586,-1.4131125,0.39020327,0.37278175,0.69488907,-0.21128854,0.51257718,0.21389586,0.046144679,-0.42429495,-0.27834606,0.29584461,-0.62736088,-0.27687231,0.32043689,-0.2359625,-0.74618441,-0.061971955,-0.51679975,-0.63724691,0.21733205,-0.28101605,0.009775796,-0.63668853,0.67334473,0.44590873,0.024700778,-0.09253481,-1.5545721,0.37436378,-0.08545512,-0.11424273,-0.037215203,-0.58002055,-0.070987575,-0.13403025,-0.68727845,0.84542,-0.69790947,0.11827919,0.39456224,-1.4418572,-0.1493187,0.42148513,-0.12859792,-0.4533439,-0.85141999,0.51696008,0.41690385,0.46980634,0.89543128,-0.68829566,-0.31897807,0.068950169,0.19158651,0.23319335,0.3408604,0.23958978,-0.24032022,-1.083666,-1.4374138,-0.68711436,0.2027325,0.54922605,0.20073919,-0.38290533,-0.33908144,0.21223137,1.430722,-0.25357932,0.0028276,-0.41431594,-0.19368239,0.82930005,0.16955125,0.25583455,1.1122692,-0.070643656,-2.2011945,-0.087721542,0.51889598,0.028109387,0.104432,-0.65505117,0.089467406,-1.3994436,0.26983997,-1.2987208,0.48619694,0.097621471,-0.72047961,0.054838412,-0.083316326,0.42986992,-0.22261722,-0.22729921,-2.3433712,0.37195042,-0.62403864,-0.020967655,-0.15089817,-0.013239071,0.51855445,0.19148295,-0.27150887,0.69184446,-1.2415369,-0.77182484,-0.36949164,0.32637122,-0.50858271,0.15609726,0.26383322,0.43830785,0.069026306,0.49785003,0.29525301,0.72378504,-0.90956187,-0.27857465,0.43896964,0.079937078,0.22575192,-0.080426626,-0.21589351,-1.0627445,-0.49836734,0.088643432,-0.37855777,0.62918508,1.0151362,0.36811426,-0.45106015,0.095112622,-0.36631003,0.67736423,0.49664021,-0.24274531,0.14108488,1.447437,0.23152725,0.19822004,-0.90586829,-0.18086152,-1.7488756,0.93225133,-1.0335865,-0.32822645,-0.24425182,-1.2965437,-0.32294548,0.30486083,0.15275528,0.75531191,0.55168432,0.14786948,-1.68376,0.83453465,0.037967071,0.94562578,0.015262294,-0.89655709,-0.055945203,-0.81924617,0.516931,0.24944577,-0.81948751,0.20455837,-1.6111028,-1.5463014,-1.2482677,-0.4664183,0.56026518,0.44052869,0.17286398,-0.78150558,0.58105361,-1.20092,-0.10596226,0.17727226,-0.98559731,-0.046520978,-0.003809048,0.46494573,0.024436612,0.3688896,0.028502939,0.24845031,0.010957984,0.64870489,0.021618284,-0.080455512,-0.75812376,0.34139365,1.1204652,-0.45457751,0.55356592,0.48167223,0.60166067,-0.62268305,0.39879751,0.31298083,-0.8880493,-0.35873002,0.064677633,0.096591115,0.091422804,0.71073002,-0.33792067,-0.56564558,-0.46091124,0.062332682,0.45445326,-0.14943951,0.18609595,-0.21676794,0.28425333,1.0566328,-0.87294239,0.20363101,0.25735363,-0.66438687,0.018950339,-0.36207598,-1.1861806,-1.6906879,-0.29354477,0.49634808,0.25328368,-0.28318182,0.8131212,0.44313806,0.42526922,0.19570564,-0.25972855,-0.34257644,0.18807562,0.05840081,-0.22706515,-0.54856628,0.20546053,0.25948888,1.1898185,-1.5156991,0.24501054,1.5148964,1.5420697,0.25492924,-1.2132083,-0.14951956,-0.22981749,-0.021713749,0.035417836,0.40484002,0.68073279,0.58235103,0.30732483,0.18343404,0.21031794,0.70759726,0.74746525,0.87945992,-0.72623754,0.37510318,0.2686384,0.13530645,-0.25740927,-0.19398376,-1.5096515,0.3006933,0.054596856,-0.26764083,-0.12137045,0.28415808,0.33208477,-0.64703512,0.23689231,-0.21490207,-0.052602358,-0.056084774,0.53550148,0.87782645,0.21874808,0.018740362,0.56709516,-0.3168678,0.024280397,-0.96764845,0.1905722,-0.63190776,0.12158281,0.51196003,-0.9378466,-0.38180369,0.34707367,0.44717133,-0.45481235,-1.0463383,0.51913834,-0.57268161,0.21866019,-1.4292835,0.34146991,-0.1393508,-0.29581606,-0.41603115,0.89041537,0.59851807,-1.7895344,-0.66125619,-0.26218423,0.047279112,0.20600367,0.075887926,0.024240185,0.33019301,0.19590083,-0.18737374,0.2911458,0.33234885,0.35317239,0.12758543,-0.11705083,0.13592987,-1.3066077,-0.027507715,0.28130454,-0.001332037,0.19814001,0.73406416,1.1218586,-0.30611023,-0.58569002,-0.31024897,0.025728092,-1.7361664,0.34722853,0.27564061,0.3349914,-0.71313411,-1.3327863,0.20615123,-0.5648315,0.61890388,0.083537795,-0.089224875,0.48983768,0.15392835,0.29168859,0.43647903,0.015336271,-0.11399546,-0.28573251,-1.9668691,-0.6891073,-0.79185688,-0.034094863,-0.76885283,0.065575063,-0.012557283,-0.26688099,0.19300005,2
0.50999349,0.2895605,0.26544976,0.50804001,0.49652979,0.51037896,0.50668544,0.48825541,0.50822389,0.50292099,0.50113213,0.48647413,0.48690397,0.47981963,0.50444841,0.4927277,0.49269372,0.51791328,0.51182693,0.49279577,0.485223,0.48911029,0.47982121,0.48241222,0.49361661,0.47779334,0.49222729,0.48189154,0.48493969,0.4913848,0.47554436,0.47834963,0.4752056,0.48393497,0.47947776,0.46393865,0.47416532,0.48767257,0.46150225,0.47491467,-0.70077807,0.24311075,0.534365,0.55710214,1.478554,1.6763842,1.4768575,0.86926353,1.0052346,1.789993,1.5303618,1.3520433,0.26257759,-0.15806298,-0.002488203,-0.32387698,0.525015,0.28302422,0.32793364,0.2380951,-0.85907716,-0.004206956,-0.43586782,0.50806576,-0.36397111,-0.098840714,-0.15068865,0.88273883,0.38633394,1.7521839,-0.16811883,0.18047671,-1.0217291,-0.21089901,0.20484422,0.74076098,-0.6008122,0.54764426,0.3170318,-0.93260658,-0.039230824,-1.3413274,-0.49062362,0.54746819,0.69168997,0.92328387,0.03711044,-1.7814982,1.5074501,0.11091191,-0.9047479,0.56353462,0.27020714,0.27749655,0.56089228,-0.10132061,0.43013752,-0.82034743,0.084075667,0.49345291,-0.43180245,-1.0511639,0.12007073,0.60527843,-0.29663682,0.22874708,0.083899595,-0.16982359,0.001605228,-0.28473529,0.52359211,1.1239516,-0.2890079,-0.46184886,-0.52927709,0.24089502,1.0276457,-1.1839547,0.57168651,-0.92795545,-0.40903699,-1.8599703,-1.2105713,-0.007860657,-0.43988252,0.14448872,-0.3432703,0.12325201,-0.18377295,-0.59556812,-0.79802763,-0.15835735,0.83604848,-1.0718116,-0.45934916,-0.28807223,0.14486149,0.44629472,-0.60416329,-1.7683054,1.027975,0.38620451,1.1103008,-0.27738273,0.50111282,0.26417205,0.0598424,0.19186968,-0.050437093,0.57903022,-0.29515865,-0.12136777,0.26851994,-0.50252283,-0.59231025,-0.097851679,-0.81044209,-0.88493437,0.44471741,-0.57848239,0.002955466,-0.60806721,0.59823346,0.53068489,-0.093292385,0.19864634,-1.9886053,1.0766027,-0.12248209,-0.16517086,0.18123037,-0.57319051,-0.18331756,-0.27368391,-0.49845719,1.3904308,-0.93292832,0.072199911,0.56992757,-1.6195354,-0.20949894,0.26621282,0.046345383,-0.64096254,-1.3029968,0.43903011,0.31130469,0.4106538,1.0996077,-0.63621807,-0.31554341,0.014218651,0.11667786,0.10533329,0.23164105,0.1146609,-0.040420189,-1.3688827,-1.6791223,-0.70127434,0.26434961,0.64167017,0.14539941,-0.45842388,-0.26807803,0.12047579,1.3639996,0.26902285,0.13897935,-0.67171168,-0.4082582,1.3481734,0.17659925,0.24196248,2.6240704,-0.13499762,-2.4700201,0.037527554,1.1079319,0.056436852,-0.13080984,-1.2716885,0.10834127,-1.8931679,0.45590407,-1.401746,0.29610902,0.13788283,-0.82816845,0.005331732,0.48275667,0.72115749,-0.28116691,-0.48299158,-3.0829864,0.30681905,-0.40590602,-0.097451791,-0.14397483,0.54856867,0.46545842,0.12311175,0.020588845,0.94516695,-1.979485,-1.0589662,0.168705,0.55218542,-0.38215852,0.1285135,0.14993548,0.56455684,-0.12120374,0.48345026,0.41885287,0.82705647,-1.088994,-0.30014771,0.77324337,-0.074360073,0.35593334,-0.10382563,-0.14951181,-1.2350954,-0.37254298,0.08512219,-0.32305896,0.66285092,1.3796606,0.39050293,-0.26985866,0.15236081,-0.3989464,0.5617761,0.86049819,-0.3897396,0.098146483,1.6999998,0.11412644,0.19080856,-1.1934495,-0.028771982,-2.2863882,0.95212591,-1.8712182,-0.53496993,0.087962121,-0.807477,-0.35008645,0.14243233,0.75386274,0.69525969,0.49692181,1.0275385,-2.0227072,1.156415,0.010343766,1.3396763,0.006751636,-1.222725,-0.092033446,-0.95813864,0.80415708,0.45201784,-0.81244671,0.54914874,-2.2147863,-2.2702253,-1.7175796,-0.3059071,0.673379,1.1309652,0.21459292,-1.1701132,0.73692703,-1.6534898,-0.23993224,0.4463174,-0.99245054,0.093795486,0.051051755,0.43426448,-0.20146136,0.54405111,0.035880558,0.36772636,0.021407006,0.67807156,-0.075333759,-0.19092971,-0.94024509,0.32489565,1.1003237,-0.70705038,0.75909418,0.50692189,0.61867231,-0.90703017,0.96793211,0.61587358,-1.6895468,-0.64361328,0.061674904,0.30440268,0.34236276,1.0828252,-0.22051978,-0.41446027,-0.40802458,-0.03646905,0.75625813,-0.38658991,0.023888454,-0.43704852,0.19470222,1.5500253,-1.392575,0.13632797,0.19853839,-0.66370863,-0.022841247,0.38432321,-1.7768075,-2.1660748,-0.30446857,0.46703508,0.047731206,-0.29282376,0.65260005,0.27291751,0.60382885,0.19797565,-0.076645032,-0.87002945,0.17223296,0.074881792,-0.11656403,-0.14567888,0.183874,0.12935299,1.6004879,-1.7536646,-0.020145148,1.5820705,1.7414091,0.52925205,-1.1615864,-0.39779818,-0.89773011,-0.23242572,0.23418666,0.67635304,1.1211221,0.98963732,0.43550065,0.30854031,0.25345057,0.78117478,0.67839277,1.4683704,-0.92103767,0.27642682,0.54234463,-0.25267547,-0.39530081,-0.15322486,-1.3145485,0.27042904,0.019515645,-0.36250085,-0.18597041,0.69416189,0.19541064,-0.65162253,0.24476635,-0.22857265,0.24403098,-0.56636596,0.97763008,1.1944482,0.25259775,-0.076190509,0.5924927,0.097409636,-0.067835294,-1.1466283,0.44675416,-0.48962247,0.48836115,0.95715535,-0.26394194,-0.77274013,0.38044593,0.49371272,-0.9705959,-1.3778784,0.83501273,-0.6271444,-0.004526602,-1.6815201,0.33198774,-0.12431647,-0.73007488,-0.5284692,1.2454801,0.5519945,-1.9847835,-1.5544767,-0.41027388,0.063068748,0.41266221,0.013585346,0.001455491,0.54677099,0.16080375,-0.25738817,0.22910734,0.31959194,0.39754581,-0.025505848,-0.33826563,0.19686824,-1.6678873,-0.054757848,0.83027828,0.13297249,0.13480474,0.71771801,1.2934339,-0.45599687,-0.83662224,-0.47015062,0.079238728,-1.8968574,0.18946016,0.23365533,0.32195777,-0.86896294,-1.569602,0.30162811,-0.46942094,0.28047633,0.10303953,-0.040688269,0.49229676,0.1418457,0.28008589,0.55248898,-0.040132992,-0.29737705,-0.65331531,-2.2130344,-0.87054491,-1.2999598,-0.12965986,-1.0226132,0.16051479,-0.14079688,-0.47427657,0.06302426,2
0.57592458,0.35485837,0.30752012,0.57469141,0.55621505,0.57274604,0.5596993,0.548715,0.57144845,0.562608,0.57047045,0.56122023,0.55361336,0.55298454,0.57011712,0.5456214,0.56556022,0.58488178,0.56548452,0.55364215,0.54797107,0.55530471,0.54393828,0.55132252,0.55399406,0.54814887,0.55287027,0.53516775,0.5529893,0.55370623,0.54828858,0.5318681,0.54664755,0.5542618,0.54446405,0.52991974,0.53797615,0.55142915,0.5270232,0.54373217,-0.87658924,0.29005706,0.4213413,0.43917161,1.3112545,1.724743,1.341179,0.73975301,0.86026472,1.6353005,1.3964422,1.2042346,0.3058216,-0.20695168,-0.29130492,-0.37551248,0.57680213,0.30774093,0.32422644,0.27333307,-0.65715915,0.055175766,-0.40585208,0.38608441,-0.77306116,-0.18932714,-0.15898386,0.62599683,0.51351202,1.3853414,-0.15293203,0.23525804,-1.1389631,-0.23944418,0.086354673,0.89005619,-1.1306772,0.48743498,0.3073926,-0.87310827,-0.074869879,-1.0416813,-0.51026976,0.56661934,0.81471258,0.8870312,0.12129796,-1.6768899,0.70552409,0.16000995,-0.94437677,0.62204301,0.070353843,0.086010635,0.4470661,-0.090865016,0.43896061,-0.42335442,0.11917825,0.49621093,-0.69259214,-1.0900599,0.1215018,0.5272004,-0.30933779,0.32293591,0.01814205,-0.14385089,-0.092852272,-0.31445849,0.52596641,1.1709174,-0.20674123,-0.29893759,-0.58321071,0.53352606,0.4408268,-1.0188353,0.40452704,-1.0750941,-0.37277088,-1.8092583,-1.082731,-0.092550471,-0.41699561,0.33007461,-0.47974324,0.12813056,-0.074657522,-0.14215526,-0.82504559,-0.42967263,0.26772952,-1.1499963,-0.3172062,-0.091933094,0.13141114,0.41632041,-0.48586524,-1.5752537,0.52739829,0.40606356,0.7984044,-0.23168099,0.59207791,0.31963798,0.11669175,-0.24142405,-0.30637529,0.26600558,-0.68965662,-0.16276017,0.34703439,-0.30652589,-0.7454524,-0.026434626,-0.57242739,-0.66652817,0.31475329,-0.32329106,0.017807109,-0.6832602,0.69422704,0.53895611,0.078633711,0.002657868,-1.8069626,0.63165677,-0.007290073,-0.16640241,-0.02736726,-0.58634949,0.060245827,-0.2042864,-0.60099059,1.0071033,-0.7041055,0.10847093,0.4343389,-1.5246261,-0.20044154,0.33291742,-0.037883647,-0.52848381,-0.96947765,0.40506893,0.1965863,0.30569717,0.78064817,-0.75444859,-0.30535728,0.065410241,0.045460634,0.1142943,0.38140798,0.12800261,-0.25705063,-1.233667,-1.5697072,-0.76323289,0.25020397,0.51048261,0.25322911,-0.42883259,-0.32399392,0.10987043,1.5839907,-0.27646089,0.065283343,-0.44250244,-0.21155438,1.005527,0.10986006,0.27201754,1.6726716,0.014936224,-2.2136838,-0.0956937,0.67440647,0.056247599,-0.038170796,-0.78083956,0.026783042,-1.505821,0.25045425,-1.3561894,0.53249955,0.11104724,-0.86541879,0.032455314,-0.088435084,0.70755011,-0.23930997,-0.15703449,-2.5282774,0.26739964,-0.70514923,-0.060143732,-0.1787796,0.1543234,0.59089339,0.15457977,-0.26440805,0.58695364,-1.5105565,-0.91732812,-0.25845861,0.358459,-0.48032957,0.12799156,0.2672103,0.57666034,-0.010080064,0.58501035,0.41830054,0.72525895,-1.0525699,0.10570911,0.5521974,0.03062354,0.28256506,-0.11920948,-0.21883813,-1.2033349,-0.45465064,0.081379101,-0.44066724,0.61287582,1.0909424,0.36712161,-0.40755275,0.19671708,-0.45492974,0.68265057,0.5376448,-0.31403726,0.16353346,1.6542829,0.12169729,0.10092881,-0.93761921,-0.10315734,-1.9963315,1.086287,-1.2722821,-0.30168673,-0.23576176,-1.4449648,-0.30904734,0.23948982,0.15482178,0.85107827,0.3303777,0.480519,-1.7940156,0.97949046,0.015288245,1.031123,0.080427341,-1.0614935,-0.086091027,-0.88443893,0.58015001,-0.047040477,-0.95022708,0.25972724,-1.810889,-1.6151828,-1.5193821,-0.3336491,0.55219054,0.69057542,0.20905848,-0.90425426,0.66741621,-1.3455285,-0.16981943,0.34445062,-1.1939976,0.000506982,0.022758845,0.63140893,0.084295295,0.34401089,0.058501069,0.46516392,0.064107478,0.83513975,-0.004188322,-0.19546525,-0.97501278,0.35197887,1.1393064,-0.59668785,0.64164573,0.52163196,0.60278553,-0.64361703,0.4666912,0.34039071,-1.0830001,-0.52577263,0.072511107,0.19425511,0.21494471,0.80818039,-0.3559134,-0.58482307,-0.48721039,-0.001388442,0.55984294,-0.23150459,0.044115853,-0.26109457,0.17778206,1.2175696,-1.0108734,0.16733396,0.25079563,-0.69884592,0.011946004,-0.31635046,-1.339305,-1.8386883,-0.18490186,0.53376025,0.10435298,-0.2885015,0.78395259,0.25424924,0.49236876,0.26462388,-0.20935927,-0.63527048,0.23469597,0.049140587,-0.13722669,-0.51540804,0.24830367,0.17131646,1.2174236,-1.7313294,0.055540103,1.5915991,1.6951125,0.40772372,-1.3062799,-0.27911919,-0.45281887,-0.13956635,0.081605054,0.632496,0.84388834,0.82871622,0.62420148,0.14650175,0.25432962,0.67248559,0.68886876,1.0464393,-0.90975338,0.45858437,0.27842811,0.078416891,-0.32249561,-0.16203371,-1.5572648,0.30811626,0.028997272,-0.34091318,-0.15889767,0.39751062,0.18934968,-0.76667601,0.25679734,-0.24475634,0.15428859,-0.1763708,0.94965529,0.86653721,0.24193251,0.039177209,0.57613367,-0.13376692,-0.018443458,-1.1168158,0.27068067,-0.59498924,0.14570175,0.81797111,-0.69538772,-0.46170884,0.3761619,0.5286749,-0.73492634,-1.1914865,0.60908026,-0.62196654,0.10774809,-1.5246923,0.32869944,-0.28461486,-0.62372649,-0.49058515,1.0485162,0.61593461,-1.9064971,-1.3912017,-0.36836088,0.043089401,0.29232427,-0.071631372,0.071253531,0.39354926,0.18130511,-0.21915366,0.22499107,0.30333021,0.4445549,-0.026681066,-0.18098907,0.17372493,-1.5408392,-0.02047698,0.58152127,0.010572883,0.16879049,0.85818696,1.0447572,-0.41596037,-0.78713274,-0.28743076,0.14910515,-1.9626175,0.28967646,0.34192932,0.34891275,-0.78921342,-1.4208832,0.24921291,-0.57586914,0.4738827,-0.023516759,-0.066373758,0.83702236,0.1538481,0.29841661,0.4943831,0.037157029,-0.28575337,-0.39054182,-2.2467344,-0.71821046,-1.0040102,-0.007235697,-0.9153235,0.23416622,-0.11240794,-0.26918438,0.11140546,2
0.53740442,0.31482053,0.26226574,0.52481854,0.51746517,0.52561361,0.51887435,0.50762922,0.54063547,0.51891917,0.51681322,0.51352906,0.52489412,0.50463426,0.51897418,0.50626099,0.51906466,0.54210579,0.52325439,0.52468479,0.49528629,0.50098217,0.4985047,0.51765591,0.50818652,0.50819182,0.50705373,0.4966262,0.49882925,0.5130868,0.50311714,0.4975037,0.49410474,0.50934595,0.50466955,0.48958933,0.49728635,0.52301735,0.48451152,0.49433398,-1.0514578,0.24367307,0.63538134,0.5823223,1.5231831,1.719785,1.5657777,0.96087515,1.1017071,1.8862168,1.5967093,1.4379189,0.24237794,-0.21229802,-0.12463599,-0.46715155,0.43601096,0.26352888,0.38780862,0.28484634,-0.77084506,0.033120029,-0.4006303,0.28510958,-0.93520856,-0.095534228,-0.16922808,0.75575894,0.61990416,1.5220302,-0.13077828,0.24463226,-1.2271235,-0.20346244,0.13755806,0.53713083,-1.1970961,0.53095508,0.41036767,-1.0068717,-0.090067916,-1.0036505,-0.51620805,0.45836553,0.55168045,0.89049494,0.030187774,-1.7823459,0.697662,0.18257509,-1.0580168,0.66389728,0.13041756,0.041257899,0.72614998,-0.003762469,0.4462254,-0.67727375,0.12841882,0.45775303,-0.85955507,-1.2481043,0.15565191,0.61169231,-0.2613368,0.18612008,0.25075254,-0.1565287,-0.14631924,-0.32154021,0.46575859,1.1622655,-0.2765826,-0.36210188,-0.76174515,0.58068144,0.43120855,-1.2336711,0.41766128,-1.0708648,-0.39783365,-1.8743284,-1.2360859,-0.043241631,-0.48733681,0.1998881,-0.47845554,0.23269804,-0.14738294,-0.28660983,-0.86451161,-0.4687534,0.049690098,-1.3040178,-0.195371,-0.31278294,0.1954335,0.40268669,-0.60154903,-1.8568122,0.71822327,0.48057872,0.89131641,-0.1809313,0.57381505,0.26580128,0.14728297,-0.2245409,-0.37349927,0.28517711,-0.70733911,-0.3192724,0.28421631,-0.37355968,-0.90698129,-0.11356348,-0.76084805,-1.0444691,0.39151853,-0.59595752,-0.02894067,-0.55939007,0.80224544,0.5803448,-0.16208516,0.035668209,-2.0400648,0.71788657,-0.14437792,-0.11947198,-0.072044864,-0.5801034,-0.048207082,-0.22313401,-0.63577867,1.1404681,-0.7741515,0.10898463,0.45941904,-2.1896188,-0.28960854,0.48630401,-0.070593894,-0.65675634,-1.2068776,0.60325551,0.22745301,0.52882195,0.76827592,-0.77447039,-0.32123038,0.04227031,0.19777469,0.083054438,0.33870906,0.18705781,-0.22462684,-1.3372546,-1.6539364,-0.87132013,0.27985537,0.49100536,0.17105106,-0.44230384,-0.38414979,0.20073983,1.8721181,-0.088037103,-0.018227858,-0.64895082,-0.33579642,1.0892297,0.1367256,0.23871596,1.9153553,0.018856578,-2.7443712,-0.043637443,0.64223516,0.005766358,-0.041461498,-0.95643049,0.14086133,-1.7595254,0.30476445,-1.8224328,0.72477221,-0.11136205,-0.8566364,-0.10128219,0.28280589,0.78456646,-0.2272395,-0.082492352,-2.9750931,0.40803432,-0.82410979,-0.008228198,-0.14169349,0.18034424,0.68726778,0.11262795,-0.22406286,0.69383991,-1.7814,-0.98755944,-0.22646801,0.37465057,-0.53718066,0.077978924,0.46449405,0.52660364,0.073830411,0.62876439,0.40780845,1.0219995,-1.1094795,-0.38394767,0.48462397,0.010933021,0.34157187,-0.22834149,-0.0265003,-1.1970081,-0.42973498,0.12826291,-0.42667639,0.65299976,1.296924,0.44188803,-0.42815945,0.091813803,-0.40843809,0.58068246,0.59793878,-0.22982201,0.19450828,1.7813883,0.22112295,0.16587387,-1.0309312,-0.04125616,-2.3007293,1.2755824,-1.6730843,-0.4926548,-0.2598764,-1.5903257,-0.27366659,0.36126524,0.18190241,0.77428424,0.41524854,0.42892882,-2.0750477,1.1719795,-0.041850932,1.206378,-0.039031964,-0.98896921,-0.068857543,-0.98493832,0.73058212,0.40707469,-0.98686302,0.30713099,-2.2788146,-2.0814674,-1.7097757,-0.3533383,0.41531846,0.41405976,0.21785372,-1.1576313,0.68034327,-1.6752355,-0.23941167,0.27564353,-1.1395506,0.033224054,0.012257646,0.68723059,-0.1462014,0.35501117,0.010558736,0.58702451,0.057922557,1.0409389,-0.14356437,-0.23927827,-1.0338778,0.3349936,1.1515515,-0.81227756,0.7242986,0.5458433,0.69033569,-0.70763803,0.53180039,0.30414391,-1.3701234,-0.37573838,0.074997827,0.33861119,0.36126643,0.80525589,-0.33631283,-0.62027079,-0.47839683,0.032188866,0.52956343,-0.30452979,-0.019929498,-0.24316899,0.23742303,1.3998599,-1.2678224,0.21415912,0.24625133,-0.66829616,-0.091934048,-0.24624544,-1.6020169,-2.1339178,-0.031138346,0.58054656,0.23641963,-0.31162581,0.80060267,0.28462768,0.46236926,0.22886047,-0.18566898,-0.685184,0.18405117,0.033043619,-0.11013803,-0.48268715,0.25658,0.11381952,1.3677109,-1.8252883,0.13362913,1.8722452,1.8516214,0.39240867,-1.3443285,-0.27503154,-0.60359335,-0.057697315,0.10440151,0.61775595,1.0668278,0.79840517,0.53914535,0.21470186,0.25145894,0.77453524,0.77900028,1.093591,-0.96873033,0.29320243,0.35911909,-0.082876667,-0.37094092,-0.20090011,-1.8822384,0.27061775,0.074591696,-0.32135701,-0.15015383,0.26739389,0.24647361,-0.84731483,0.34288347,-0.24252014,-0.10247921,-0.33126891,0.6947192,1.0387133,0.094455853,0.0641471,0.70726979,-0.18417585,-0.17551619,-1.2388321,0.35300195,-0.71594262,0.23886199,0.97415298,-0.93638897,-0.570494,0.44308567,0.50074613,-0.79463875,-1.5032475,0.71315932,-0.73800403,-0.016876299,-1.6308941,0.48459578,-0.10445265,-0.53235233,-0.45555624,1.1140085,0.66237521,-2.1431675,-1.5128648,-0.31187835,0.040228456,0.35160282,0.11284719,0.1049568,0.51461977,0.15764219,-0.22257583,0.21722911,0.35090938,0.64305079,0.027910054,0.073192008,0.11587969,-1.5504521,-0.05136757,0.69934058,-0.033744656,0.14934644,0.82096505,1.064387,-0.46188638,-0.73123401,-0.39567676,-0.082459539,-2.1690559,0.37007079,0.28742236,0.38435832,-0.86843634,-1.6762943,0.20565601,-0.70411211,0.20829013,0.23101057,-0.13378736,1.1356752,0.16193035,0.29905081,0.55678141,0.009912033,-0.29456508,-0.48372319,-2.4605284,-0.8364895,-1.2260537,-0.022436822,-1.1693007,0.26735637,-0.025599569,-0.29329795,0.13720515,2
0.54320437,0.32936582,0.27903014,0.53576392,0.53212559,0.54329967,0.53035748,0.52124715,0.544824,0.54530519,0.52979577,0.51792413,0.53422952,0.51225019,0.53058606,0.52432609,0.5261488,0.54419136,0.55287457,0.52964967,0.51134735,0.53167009,0.51217711,0.52053201,0.52459872,0.51076597,0.51980633,0.50488275,0.5121603,0.52909523,0.51044905,0.50913006,0.51611382,0.51460195,0.51874459,0.50413114,0.50222385,0.51091695,0.4920859,0.51239669,-0.89572704,0.25996929,0.47401637,0.45913714,1.3990259,1.7357268,1.4018155,0.8061372,0.92187846,1.7292287,1.4728944,1.2778987,0.34615663,-0.17653117,-0.11924399,-0.32579014,0.60948914,0.32300252,0.339762,0.2969968,-0.63783407,0.015771678,-0.41760668,0.36146739,-0.90977764,-0.040103592,-0.24588977,0.83545387,0.46746892,1.4619411,-0.15106158,0.22577621,-1.1838399,-0.21510442,0.093294442,0.79026759,-1.1216892,0.58297223,0.25729698,-0.92067653,-0.091407344,-1.0620375,-0.55314535,0.46174249,0.84062147,0.80663037,0.002190355,-1.6451164,0.66339266,0.16121972,-0.98068213,0.56303042,0.050478905,0.060050242,0.67951602,-0.13019992,0.47842485,-0.46053907,0.08380463,0.51208442,-0.75471246,-1.0924375,0.081740335,0.55901664,-0.34848827,0.1843179,0.13387474,-0.1166449,-0.10208678,-0.33701083,0.55294049,0.96861219,-0.22515714,-0.44823456,-0.68569821,0.092243478,0.46631706,-1.0143121,0.27192459,-1.1957712,-0.36599898,-1.7672178,-0.975963,-0.06598042,-0.44658846,0.17867646,-0.54133153,0.22427043,-0.11355778,-0.19660591,-0.82251066,-0.58999169,0.15757948,-1.104948,-0.1609153,-0.17571686,0.094684727,0.31375104,-0.51895428,-1.6270758,0.32305738,0.41204929,0.84928334,-0.22506905,0.52354854,0.30205232,0.12934558,-0.33992815,-0.32257542,0.4104901,-0.76878548,-0.2187684,0.33533144,-0.32285327,-0.81219643,-0.059368834,-0.56899488,-0.77798051,0.27605844,-0.29627633,0.019021675,-0.56300235,0.76314223,0.63002044,-0.022192499,0.097801536,-1.8623977,0.894216,-0.04335748,-0.15114988,-0.030272143,-0.56940049,-0.00570431,-0.17218755,-0.70499372,1.0686585,-0.7335431,0.11218331,0.39356154,-1.5352392,-0.22827226,0.40070102,-0.042609259,-0.43696114,-1.0276394,0.50580931,0.26256317,0.29975393,0.8592484,-0.74242258,-0.29422635,0.074224338,0.16212769,0.081340104,0.38684526,0.072545394,-0.16930938,-1.2460449,-1.5816185,-0.81965387,0.24746111,0.53168094,0.18077502,-0.44597742,-0.34389856,0.15977634,1.3930418,-0.024774373,-0.025930308,-0.46873143,-0.21492824,1.2046522,0.12646672,0.263816,2.2249372,-0.0414281,-2.5575304,-0.10770153,0.67913777,0.042876512,-0.06543421,-0.71837747,0.090629086,-1.5381757,0.27515203,-1.3641064,0.26596689,-0.042549856,-0.86094713,0.036344569,0.25947294,0.55070734,-0.22457725,-0.31656164,-2.6054921,0.37681079,-0.79873735,-0.02070386,-0.13900629,0.1654302,0.49852881,0.13176306,-0.2213701,0.61885852,-1.4937919,-1.0003821,-0.054301113,0.50418031,-0.51380038,0.14291048,0.24429873,0.4895277,0.065405585,0.5882169,0.3881225,0.91844213,-1.0127592,-0.31149858,0.47959587,0.021856686,0.29534397,-0.1207298,-0.17622289,-1.1839594,-0.38237417,0.11473753,-0.50000602,0.59306997,1.1256646,0.43504953,-0.4448148,0.13609324,-0.38826665,0.51880223,0.63593876,-0.38900092,0.13483962,1.7303886,0.13731214,0.14784727,-1.0478811,-0.14817785,-1.972168,1.0278645,-1.3082669,-0.36686897,-0.22783794,-1.4152048,-0.36504209,0.18539779,0.22250853,0.80859816,0.43138826,0.44236034,-1.8040655,0.98729277,0.070201397,1.1289382,-0.078226119,-1.0752474,-0.098304383,-0.89135605,0.63718295,0.29122344,-0.86529648,0.3306874,-1.8977047,-1.9136457,-1.53975,-0.3875227,0.50360572,0.8697328,0.24359083,-0.94059992,0.69166243,-1.4856087,-0.285045,0.28708529,-1.0850998,-0.025581967,0.058028217,0.54016143,0.10966051,0.42935416,0.051409896,0.44252306,0.028314237,0.67834836,0.005278815,-0.10635822,-0.90351367,0.38750809,1.1768843,-0.56953752,0.77278697,0.56536126,0.58954257,-0.76576549,0.56476486,0.44328368,-1.0911295,-0.39141056,0.11950454,0.12544617,0.15769872,0.81394607,-0.34100318,-0.53623956,-0.50525284,-0.007813895,0.5594458,-0.26964021,0.026875269,-0.23045979,0.20423813,1.3350636,-1.1290816,0.16971444,0.25719568,-0.70398211,-0.02461963,-0.21115352,-1.329986,-1.8571681,-0.28095338,0.55033052,0.17594811,-0.31745398,0.78501564,0.35911757,0.49519044,0.24233328,-0.19753385,-0.47366011,0.18648592,0.040021271,-0.1354842,-0.70678759,0.22418459,0.19169866,1.2756677,-1.7270837,-0.085341342,1.6531222,1.5213997,0.40637067,-1.3460883,-0.22915101,-0.37534103,-0.12261802,0.038301587,0.58021075,0.88544804,0.99813855,0.48346677,0.1575291,0.25729325,0.69363445,0.74432933,1.2111225,-0.85032541,0.38843352,0.28605437,0.1033766,-0.30342326,-0.17368156,-1.5937059,0.32465151,0.025303133,-0.42887318,-0.15326026,0.33899811,0.16534378,-0.61167413,0.31651258,-0.23144379,0.1435401,-0.13733678,0.53208661,0.94475573,0.25191662,0.01077352,0.62524128,-0.21222609,-0.15583867,-1.1143982,0.32815546,-0.66041833,0.32573709,0.80451137,-0.97020084,-0.37437981,0.45019206,0.51906991,-0.61072874,-1.2116013,0.64232904,-0.69368631,0.17093697,-1.5462387,0.30094904,-0.24901918,-0.43183118,-0.52750695,1.1013007,0.59459585,-1.8445375,-1.4419364,-0.34157223,0.022091376,0.23521587,0.061197899,0.034787979,0.39242026,0.19691738,-0.21335264,0.25081408,0.29556933,0.4670763,-0.025344662,-0.31230167,0.19133773,-1.5109165,-0.036549702,0.45390886,0.01452292,0.17121263,0.77968436,1.1471763,-0.40076822,-0.83386189,-0.32352531,0.12400987,-1.7599579,0.43932372,0.19079484,0.33882195,-0.84111422,-1.4183326,0.22663526,-0.62187809,0.32137835,0.017098315,-0.12534346,0.51291132,0.14507106,0.28676665,0.43205193,0.009170344,-0.15109101,-0.33594906,-2.2665591,-0.70054287,-0.98457938,-0.11200063,-0.94349349,0.28961533,-0.13540106,-0.24919042,0.048549511,2
0.59957474,0.37957168,0.31723303,0.59414124,0.59764981,0.61430991,0.59898287,0.58883852,0.60500193,0.60704142,0.60086966,0.58026457,0.57560432,0.57350862,0.60688424,0.57617819,0.59091198,0.60799992,0.60289323,0.59051126,0.5842042,0.58001548,0.56993973,0.57869768,0.5773747,0.57859361,0.5875833,0.56860363,0.58399153,0.58641541,0.57459176,0.57768565,0.5630815,0.57664561,0.57895887,0.55028713,0.56459725,0.58211362,0.55692148,0.56668067,-0.97146761,0.29718235,0.5120638,0.54569608,1.4662111,1.779929,1.4308447,0.85951269,0.97687149,1.7972116,1.5419519,1.3363162,0.28815639,-0.21426871,-0.39888918,-0.42280489,0.56132448,0.30280229,0.36151525,0.28811449,-0.91138887,0.002179912,-0.65316749,0.30522156,-0.92447585,-0.13328679,-0.20282258,0.60019648,0.42905676,1.181105,-0.11577153,0.16172999,-1.2344544,-0.26451629,-0.060224883,0.94770062,-1.1685969,0.43345898,0.21851812,-0.92529345,-0.11454751,-1.1920944,-0.5411157,0.34218621,0.90310699,0.62879008,-0.064123541,-1.8293726,0.52919292,0.15747723,-1.1161324,0.61249804,0.025925437,-0.016013958,0.81845391,0.068022653,0.50196964,-0.26310161,0.1010128,0.50137347,-0.76765156,-1.0404315,0.079817519,0.52319258,-0.31974086,0.31400448,0.15619248,-0.07551948,-0.11750773,-0.28363261,0.45087874,0.79295516,-0.21731059,-0.44614169,-0.44753948,0.13294056,0.24861981,-0.99744183,0.35786301,-1.211781,-0.36851627,-1.7445645,-0.93080014,-0.073934421,-0.50100082,0.37215942,-0.44114327,0.14289731,-0.11311682,0.018544868,-0.69464344,-0.54972965,-0.30739996,-1.0393387,-0.035705857,-0.015564188,0.079528712,0.27325338,-0.41694134,-1.3701611,0.01845029,0.4547244,0.81096572,-0.20964228,0.51019329,0.33100793,0.047485083,-0.58393741,-0.41636637,0.34228203,-0.72486067,-0.17449255,0.33839336,-0.18608156,-0.79133427,0.011008168,-0.48350072,-0.61548418,0.21591738,-0.17857708,-0.023156766,-0.79511553,0.82977062,0.67408669,0.069718599,-0.13115843,-1.6447818,0.44038796,-0.066422537,-0.27108905,0.009267237,-0.4662196,0.079791896,-0.11778989,-0.65962768,0.94538313,-0.69349974,0.098474056,0.30151439,-1.6897135,-0.15801191,0.37998438,-0.10049973,-0.43740398,-0.72363925,0.52527744,0.29363322,0.32882074,0.80290115,-0.82981336,-0.22786345,0.054284412,0.14456111,0.25527537,0.33893701,0.095435813,-0.070802778,-1.1618786,-1.5266236,-0.95469952,0.25569755,0.59486145,0.23938969,-0.49020639,-0.33200255,0.11521883,1.4450948,0.047439635,0.056245096,-0.34849298,-0.11560634,1.0306536,0.17668936,0.24723482,0.95708102,-0.0809929,-2.4896319,-0.11208538,0.58243406,0.039450753,0.028042227,-0.58110416,0.10552356,-1.3837454,0.18576856,-1.1457534,0.33405367,0.24249732,-0.76265663,0.044299852,0.33331251,0.54761147,-0.17058167,-0.57093143,-2.4242518,0.25998691,-0.66049927,-0.005108908,-0.11900304,-0.16715804,0.51819295,0.14865033,-0.30840576,0.40380254,-1.166782,-0.79229867,-0.18537462,0.39701208,-0.37258181,0.14849332,0.2044208,0.42209285,-0.022707753,0.62879384,0.37368554,0.9612093,-0.96857166,-0.31987759,0.53078562,-0.074233726,0.19498363,-0.067514241,-0.17717351,-1.2071145,-0.44357821,0.032939576,-0.48971671,0.57260621,0.9527806,0.43994436,-0.47743845,0.18587954,-0.37229303,0.60313666,0.4894062,-0.36789957,0.16340733,1.8117139,0.19658697,0.20680988,-0.86868525,-0.20647459,-1.8760689,1.0504608,-1.0372905,-0.2800003,-0.18048948,-1.6358182,-0.38009548,0.17348967,0.17573693,0.51764268,0.49450153,0.051415518,-1.7607148,0.91053152,0.060482416,0.95529854,-0.16641071,-1.1690998,-0.16537748,-0.8858788,0.6000188,0.19170684,-0.9419204,0.20150301,-1.5516754,-1.737968,-1.4345269,-0.33258906,0.49154747,0.33958912,0.19813605,-0.90973783,0.66801906,-1.1918666,-0.1948448,0.29831916,-1.1210108,-0.068482704,0.053210203,0.43736228,-0.00174246,0.46089396,-0.020828608,0.41896078,0.049217738,0.56596327,0.009889212,-0.11165971,-0.85332286,0.3422381,1.1055932,-0.68236554,0.58052903,0.59322321,0.517726,-0.50567818,0.35592183,0.098831683,-0.83468688,-0.51775777,0.08844582,0.082498014,0.13440087,0.70520025,-0.30465361,-0.51271242,-0.58649629,-0.038025498,0.54210556,-0.14136338,0.029337715,-0.32887757,0.22302935,1.1013885,-0.92654097,0.19669671,0.23946777,-0.62978065,-0.007121295,-0.3898198,-1.2742536,-1.8875836,-0.1515695,0.54460746,0.12072663,-0.23245011,0.81443393,0.27408972,0.4282276,0.23280334,-0.2564216,-0.43633217,0.24045421,0.044302098,-0.15406354,-0.72155917,0.21065804,0.19780158,1.1480989,-1.4728637,0.06812939,1.4477702,1.7413647,0.44443318,-1.4039569,-0.19476615,-0.26749468,-0.21292439,-0.066173382,0.33516616,0.75084156,0.4791919,0.52767593,0.086011991,0.26608524,0.72999233,0.71078193,0.9903242,-0.93027788,0.38739407,0.12104905,0.22406292,-0.37340733,-0.16556935,-1.64973,0.35061362,0.11161367,-0.2973088,-0.097794965,0.203712,0.22437777,-0.72885311,0.22902852,-0.23501933,0.068607859,-0.092636213,0.3004137,0.96168286,0.28541353,0.034256194,0.573798,-0.15705237,-0.11314204,-0.95761406,0.25328028,-0.77298033,0.007363826,0.61731327,-0.88274586,-0.18635285,0.50196439,0.38053411,-0.44421718,-1.191907,0.54916739,-0.66519767,0.15193285,-1.671783,0.36281428,-0.32665861,-0.78526807,-0.47074965,0.97713035,0.51743251,-1.869812,-1.114894,-0.32078898,0.019372545,0.1820021,-0.057609763,0.095448248,0.36310291,0.21407011,-0.13970201,0.26771408,0.41407305,0.36330181,-0.003531106,-0.31175485,0.15244,-1.464344,-0.029374951,0.39596146,0.01237848,0.2137167,0.70670384,1.1459782,-0.32042825,-0.65802956,-0.3498227,-0.097757787,-1.7905614,0.355831,0.4175055,0.40092087,-0.79515958,-1.2580775,0.26274395,-0.63335246,0.45210284,0.079860032,-0.018425573,0.69338542,0.16502964,0.30775291,0.42220539,0.050983801,-0.10508816,-0.23486957,-2.2136173,-0.67068112,-0.68793756,-0.092456236,-0.73782527,0.32503834,-0.008127943,-0.17174116,0.14721319,2
0.60972923,0.39261955,0.34567916,0.58324289,0.57001054,0.58705217,0.5682745,0.56925941,0.58089781,0.57779831,0.58306688,0.57162631,0.58610725,0.56311846,0.58221918,0.56534028,0.57178307,0.59555137,0.57478845,0.5611515,0.55946279,0.56684959,0.56834501,0.56368852,0.5674324,0.55834579,0.57326692,0.5527091,0.56273711,0.56413651,0.5473702,0.55108619,0.54199576,0.56083304,0.55893499,0.54205,0.53429282,0.56123114,0.53262663,0.55060172,-0.84250826,0.33864817,0.35362798,0.3411383,1.2495121,1.6385648,1.2515808,0.65552258,0.77464736,1.5762322,1.3509393,1.12887,0.31400636,-0.21538505,-0.13171889,-0.30574709,0.55271494,0.33252943,0.31375936,0.29046389,-0.80813783,0.078355037,-0.47006232,0.30857962,-0.71816605,-0.10528153,-0.17942491,0.6330843,0.23595208,1.5121671,-0.19101851,0.19409119,-1.1064786,-0.18423353,0.089867406,0.81874442,-0.90086508,0.530509,0.45540988,-0.84661651,-0.15512773,-1.0985037,-0.60100311,0.2359463,0.76668686,0.77063298,-0.003054368,-1.6122632,0.62399161,0.1340501,-0.97741532,0.51544082,0.076435171,0.085930109,0.55296546,-0.13214701,0.4799841,-0.34617043,0.10222025,0.48253548,-0.39931834,-1.0024692,0.088610977,0.42509612,-0.27927256,0.16601877,-0.067977309,-0.2246657,-0.10380653,-0.27263165,0.45063031,0.72988284,-0.13546503,-0.32350346,-0.51651663,0.27068546,0.43439022,-0.96169412,0.36919802,-1.1181401,-0.37083012,-1.6551729,-0.96639907,-0.018135928,-0.52044618,0.17347445,-0.4210822,0.085225448,-0.093298391,-0.19424078,-0.68349707,-0.41050026,-0.13163218,-1.0055737,-0.16391921,-0.059079036,0.22179726,0.30419356,-0.46112359,-1.4572432,0.38925424,0.40953845,0.73201573,-0.14390503,0.46536112,0.30989093,0.084121093,-0.30886588,-0.25784823,0.24252664,-0.45697889,-0.21511394,0.35525292,-0.24428602,-0.74283707,-0.036368411,-0.57491571,-0.54740685,0.24299581,-0.26215959,0.035916559,-0.58003491,0.7371363,0.59265381,0.13709907,0.037611969,-1.6095027,0.68839335,-0.11603041,-0.1771625,-0.067003503,-0.57971841,0.087524042,-0.14980975,-0.58157206,1.0003287,-0.63344771,0.14115058,0.37091216,-1.7817706,-0.065159008,0.30520278,-0.10953941,-0.52535939,-0.91132253,0.47548383,0.32327759,0.26170623,0.69084948,-0.66139609,-0.26062009,0.068073936,-0.012587432,0.18041292,0.37860554,0.21984655,-0.1178769,-1.117577,-1.4902141,-0.68612367,0.22473457,0.58959627,0.18364678,-0.32332832,-0.23444547,0.060808647,1.0950277,-0.064153194,0.0189045,-0.29936409,-0.22238533,1.0447237,0.11932827,0.2380777,0.86760825,-0.11199568,-2.3365612,-0.047465079,0.43923423,-0.001141246,-0.18350068,-0.65448427,0.14042501,-1.4003774,0.27050769,-1.0934188,0.46885663,0.043993428,-0.77842546,0.066959664,0.13331005,0.43146327,-0.19420908,-0.29979548,-2.3953853,0.30187765,-0.72651231,-0.040336758,-0.12994085,0.048270792,0.55851829,0.1642907,-0.30313921,0.5650112,-1.2978708,-0.71588403,-0.32663715,0.39187536,-0.4216333,0.13123342,0.19107293,0.48057991,-0.010387373,0.53943992,0.43264511,0.74006373,-0.92668802,-0.25323126,0.48559633,0.048176691,0.22492748,0.027287375,-0.30979985,-1.1762235,-0.45182368,0.089732617,-0.38717976,0.5992645,1.0092067,0.34875613,-0.39090607,0.22745115,-0.30482197,0.8504315,0.52426386,-0.41417783,0.082551569,1.3705276,0.12653682,0.13735589,-0.9984203,-0.17149755,-1.8223426,1.0459546,-1.3320764,-0.17526436,-0.060675889,-1.5572478,0.02423346,0.075591668,-0.109411,0.34365642,0.44819668,0.38889319,-1.7318752,0.74756712,0.000503654,1.0836264,-0.085524388,-1.034019,-0.075345397,-0.77164471,0.53637594,0.23490223,-0.82382751,0.34265286,-1.6308507,-1.601442,-1.3699853,-0.3937414,0.34103572,0.17206883,0.24094719,-0.91539836,0.61899585,-1.2161764,-0.18542561,0.24390392,-1.1062292,-0.006798104,0.002505047,0.49797434,-0.060224276,0.24649438,-0.010318651,0.43081495,0.036520835,0.71798748,-0.012503998,-0.14356174,-0.59464401,0.34771115,1.0598269,-0.62069058,0.4998301,0.57486719,0.62234437,-0.64578348,0.53741705,0.5527817,-0.99302053,-0.61640716,0.063015744,0.13094436,0.20735516,0.70871764,-0.34841788,-0.46619681,-0.45356354,-0.056184106,0.53502405,-0.26138428,0.032158114,-0.30647227,0.15098627,0.98669183,-0.95970535,0.12840903,0.28955656,-0.58039486,-0.16206525,-0.21374427,-1.3589203,-1.7065475,-0.13596532,0.54734439,0.089219771,-0.29810238,0.79454577,0.12591669,0.4634181,0.25820696,-0.29179525,-0.46215403,0.18009651,0.06551677,-0.077450283,-0.45534438,0.23978034,0.19737481,1.2038114,-1.545118,-0.18337582,1.5360197,1.3417777,0.3195644,-1.2098637,-0.29600534,-0.37964368,-0.21484853,0.053022768,0.41363105,0.81404799,0.83638537,0.4198705,0.082134604,0.19166167,0.64069092,0.66619509,0.75941682,-0.79444653,0.36550397,0.16735107,0.10495634,-0.28868276,-0.14405331,-1.6751081,0.29402241,0.014500489,-0.40161505,-0.22664869,0.31524289,0.15618514,-0.6760323,0.26691329,-0.24922925,-0.17005032,-0.16508755,0.64963055,0.8988502,0.26780233,0.087800823,0.55720848,-0.31734374,0.038327027,-1.0212742,0.22240704,-0.56615514,0.18656582,0.6987657,-0.73897141,-0.37720054,0.49700004,0.55895275,-0.55281478,-1.001086,0.54161042,-0.42437649,0.038670715,-1.4080073,0.22270069,-0.16238897,-0.4892267,-0.41420934,0.92969739,0.50694954,-1.766808,-1.0238225,-0.36952657,0.043854371,0.24807881,-0.046232551,0.039388366,0.46858218,0.20835669,-0.14463152,0.25995737,0.30702507,0.40453056,-0.09064208,-0.10169473,0.21419176,-1.4308439,-0.003627986,0.39968124,0.040027846,0.16364302,0.66645461,0.77058822,-0.34449491,-0.81149209,-0.3901391,-0.1509169,-1.8198302,0.29068089,0.35927349,0.37339163,-0.70239842,-1.2745314,0.21408767,-0.58291328,0.016185433,0.058474448,-0.057446573,0.40137169,0.075078145,0.32267445,0.38437498,0.0258014,-0.19552509,-0.3838923,-2.0881915,-0.66708398,-0.85546923,0.085355222,-0.85114783,0.15541941,-0.18891914,-0.30620453,0.063591361,2
0.50056273,0.28847781,0.23848079,0.46387419,0.46935466,0.47508299,0.45951736,0.45243657,0.47483277,0.47111136,0.46746328,0.45735878,0.46104577,0.45224485,0.46745777,0.45777884,0.46165383,0.48209101,0.46882215,0.44797969,0.44496369,0.46430424,0.44924492,0.44357252,0.45154524,0.45521998,0.45564592,0.43706703,0.44312209,0.44860607,0.4419367,0.43934387,0.43442318,0.4431864,0.44975281,0.42664945,0.43073899,0.44487816,0.41715175,0.43714756,-0.97206807,0.22528744,0.49030656,0.49527246,1.4027044,1.7168109,1.4258717,0.82454205,0.94727433,1.7507648,1.4971353,1.3004494,0.38340682,-0.22470467,-0.27470604,-0.35722071,0.67490709,0.36962962,0.34343955,0.31679323,-0.73342276,0.033457603,-0.52445734,0.36367601,-0.85873473,-0.19066861,-0.18020351,0.66618913,0.42803502,1.4114513,-0.17223999,0.21490729,-1.1890048,-0.24888469,0.021170784,0.95274651,-1.1243931,0.60766274,0.28636375,-0.960078,-0.12250486,-1.1613545,-0.53305024,0.39334524,0.91083223,0.6923852,-0.021184249,-1.7082417,0.55236435,0.1634151,-1.0321277,0.63747317,0.041979045,0.022051217,0.68799037,-0.073791839,0.55013019,-0.37946713,0.037474029,0.55555606,-0.66147661,-1.1285777,0.069583245,0.4890146,-0.29001725,0.26614046,0.079821028,-0.16304524,-0.17900178,-0.32019112,0.50272465,0.89667541,-0.18332756,-0.32461521,-0.5843786,0.29723713,0.51445937,-1.0810876,0.35835803,-1.0373015,-0.3481569,-1.8554198,-0.91270959,0.01867523,-0.48796478,0.39432442,-0.49408165,0.11569733,-0.10231383,-0.091104254,-0.64531112,-0.50715101,-0.029367648,-1.0909555,-0.12807158,-0.037138559,0.14520988,0.36299849,-0.50921696,-1.5077219,0.17765328,0.46295831,0.80315256,-0.18460356,0.4677344,0.32819387,0.12509347,-0.38562956,-0.28956512,0.36006168,-0.72293878,-0.13384821,0.41198546,-0.19677989,-0.82332349,0.009854594,-0.6134975,-0.58033568,0.23960596,-0.23394665,0.027218105,-0.64627844,0.83175457,0.53298062,0.07122004,-0.006485371,-1.737996,0.64161354,-0.031524185,-0.18187687,-0.040775925,-0.55937958,0.059676897,-0.16571903,-0.70076495,1.0169166,-0.75583577,0.16193123,0.50729072,-1.5655483,-0.11796414,0.32919985,-0.11638802,-0.59347707,-0.7781086,0.58232111,0.13128549,0.45406485,0.93134511,-0.70810741,-0.22041696,0.08183606,0.091396391,0.20321798,0.44550496,0.19385491,-0.002024062,-1.1916382,-1.6216089,-0.84307694,0.26695675,0.6299116,0.2000666,-0.4482832,-0.36100164,0.13714018,1.5059441,-0.044443086,0.013697432,-0.29493234,-0.21874985,1.1113684,0.15087013,0.28163308,1.1833432,-0.027355555,-2.4360943,-0.12356965,0.50388014,0.027370404,-0.17369559,-0.64358538,0.040358707,-1.4206892,0.24113317,-1.2594262,0.38735032,0.036367316,-0.83673763,0.070987009,0.30485228,0.50689936,-0.21462455,-0.32562667,-2.4844341,0.29089928,-0.58033955,-0.006823037,-0.16586077,0.13699777,0.55916667,0.10174144,-0.26936686,0.57372665,-1.323385,-0.69778991,-0.14546759,0.43341193,-0.36209875,0.18831696,0.15454008,0.48429021,0.073265977,0.61414355,0.50137389,0.8251372,-1.0179282,0.1797857,0.55848533,-0.0429646,0.2690165,0.024316316,-0.27205867,-1.2434924,-0.47050247,0.092188604,-0.45249975,0.57589757,1.0972462,0.37225425,-0.44538501,0.21392024,-0.47084025,0.71645731,0.51962918,-0.43038759,0.10257149,1.7201601,0.12215624,0.16359814,-0.90301591,-0.1691805,-1.927098,1.0619835,-1.2964039,-0.20238943,-0.20505042,-1.6931207,-0.23962183,0.16288871,0.13292123,0.60177535,0.25059798,0.27834082,-1.8376817,0.91206014,0.073125601,1.0628173,-0.094864815,-1.1532066,-0.10642181,-0.8876456,0.58669615,0.14923644,-0.99707484,0.25000826,-1.6938595,-1.6709433,-1.459119,-0.35005906,0.47826383,0.35304731,0.2302126,-0.84865862,0.71223086,-1.2888988,-0.33141097,0.27836463,-1.1785874,-0.05336827,0.005280323,0.4452045,0.066750154,0.35727677,0.000115072,0.45664328,0.10402095,0.69814122,0.073620588,-0.17596363,-0.68761766,0.40028724,1.1068565,-0.58515877,0.68207502,0.56503665,0.65009177,-0.66841859,0.55509692,0.41506997,-1.0435098,-0.51446283,0.082314231,0.047009125,0.24842831,0.7674104,-0.36439648,-0.54364425,-0.50403208,0.014933299,0.48560065,-0.23617111,-0.048293985,-0.31445351,0.19857562,1.1882544,-0.93122703,0.14801595,0.31332734,-0.66092521,-0.07684052,-0.26013601,-1.3347402,-1.7913758,-0.18733652,0.58727783,0.14430231,-0.26173571,0.84467369,0.24065167,0.5020991,0.28720486,-0.29585451,-0.38814932,0.22829168,0.047493119,-0.10692658,-0.62312621,0.22500941,0.17692319,1.2053624,-1.7323596,-0.11083777,1.5448622,1.7746567,0.44777691,-1.342975,-0.28616175,-0.22591953,-0.12453116,0.012159506,0.40541911,0.83612305,0.82803917,0.48884851,0.10704623,0.21540521,0.7038852,0.71924251,1.0941892,-0.85519773,0.39326778,0.21114805,0.19221468,-0.28582245,-0.15450187,-1.6649702,0.33030462,0.028405704,-0.388583,-0.20860732,0.29717088,0.097752489,-0.76660824,0.26837578,-0.19622138,-0.16229445,-0.11252741,0.58745736,1.0563352,0.26680207,0.091466069,0.62244898,-0.05797147,0.049462367,-1.1006888,0.23806991,-0.67244577,0.16044605,0.75466013,-0.868931,-0.26729032,0.47708082,0.52203029,-0.50414073,-1.1125344,0.58978766,-0.59123188,0.16972709,-1.5865148,0.3486461,-0.25773305,-0.65781939,-0.62571073,0.97929072,0.55996299,-1.8153967,-1.1274536,-0.32833651,0.001023581,0.22876953,0.010823205,0.087832078,0.42083186,0.24169791,-0.15997742,0.23893046,0.3527765,0.41199496,0.023693755,-0.20663261,0.18899177,-1.5349197,-0.035711758,0.4262543,0.03225597,0.16116786,0.72727555,1.0739934,-0.38621199,-0.76753402,-0.36845833,-0.018616565,-1.960746,0.36543733,0.3127085,0.38660079,-0.7615248,-1.2582228,0.20126423,-0.58312327,0.20897193,0.092916474,-0.010826811,0.5887211,0.12610367,0.35239759,0.42081934,0.026663315,-0.13758296,-0.33244127,-2.2675576,-0.68925941,-0.80320793,0.039041869,-0.76208502,0.27287143,-0.21298395,-0.24579597,0.064028718,2
0.49461171,0.27768403,0.23205251,0.47103649,0.47484243,0.47873265,0.4638449,0.45497692,0.47698456,0.4750891,0.46226293,0.44877088,0.46337765,0.44424343,0.46285671,0.46194822,0.45105174,0.48390657,0.46468937,0.44063899,0.44271171,0.45394415,0.43788803,0.44520509,0.44734192,0.44963169,0.44708118,0.43975753,0.44377732,0.45837581,0.4484781,0.43686521,0.42017779,0.44246286,0.44916803,0.42821681,0.42603344,0.44651634,0.41512716,0.43364376,-0.89850456,0.20641336,0.46077186,0.44544885,1.3876896,1.7417679,1.3940623,0.78954232,0.91475481,1.7199991,1.4646084,1.2748507,0.32521954,-0.21569923,-0.25479856,-0.35370761,0.5685991,0.30022123,0.33496395,0.28722569,-0.49529189,0.003864294,-0.52727026,0.36768365,-0.7706185,-0.088420704,-0.055895135,0.63610387,0.32122889,1.2668765,-0.19975582,0.26582071,-1.0960485,-0.23345989,0.083762251,0.83622819,-1.0472478,0.58541858,0.22673067,-0.92905807,-0.16426863,-1.1704806,-0.485838,0.58785975,0.83662939,0.84715581,0.02206574,-1.6412809,0.88363147,0.20263247,-0.90723068,0.39551705,0.05698555,0.076307446,0.8252238,-0.12296522,0.51023281,-0.39664513,0.004010163,0.54733211,-0.64134717,-1.0810994,0.1134875,0.39765948,-0.32596582,0.19612776,0.067756161,-0.18262686,-0.061707683,-0.34146789,0.51322603,0.87484032,-0.21843222,-0.38639364,-0.53555441,0.065823957,0.69365674,-1.0814655,0.30136254,-0.85532796,-0.37511232,-1.7964854,-0.94976145,-0.043542948,-0.5204156,0.16773309,-0.33200184,0.024055198,-0.083335511,-0.15443698,-0.78280848,-0.3534705,0.72180259,-1.0066133,-0.24441129,-0.14912616,0.10985455,0.13576649,-0.4938044,-1.4972657,1.0814636,0.45241076,0.89319509,-0.28345376,0.49220166,0.39117381,0.078243673,0.086534142,-0.13651818,0.29856354,-0.89453924,0.13860007,0.36621615,-0.30193144,-0.74651629,-0.099483311,-0.60628301,-0.74535608,0.24416035,-0.28320497,0.016094545,-0.79619306,0.77876842,0.72247571,0.001300424,0.09317372,-1.7514944,0.84705037,0.024209272,-0.22178909,-0.001238149,-0.53654337,0.02863171,-0.19048321,-0.50351524,1.049457,-0.69587278,0.1753727,0.59141302,-1.5916226,-0.20966166,0.21813765,-0.041339982,-0.46978065,-1.0166333,0.45427516,0.10040922,0.28770068,0.84224999,-0.73459196,-0.31961039,0.063566007,0.077623561,0.19086485,0.31332415,0.076781094,-0.096208706,-1.1544571,-1.6372479,-0.83034509,0.25165224,0.46850735,0.16409625,-0.34805876,-0.42093158,0.10046212,1.3221874,0.064990059,0.091087222,-0.33509511,-0.27482361,0.94409275,0.16754641,0.25242519,1.695985,-0.028161112,-2.3839576,-0.05719104,0.96742201,-0.000235313,-0.22610015,-0.67830211,-0.15683889,-1.4697957,0.25159425,-1.2828708,0.18225664,0.16760963,-0.8413744,0.040196899,0.40872109,0.52433425,-0.22870663,0.12776521,-2.4921005,0.12444186,-0.52443409,-0.06377314,-0.048491865,0.23699622,0.32965353,0.10387881,-0.24576037,0.40868247,-1.4486301,-0.89514786,-0.2712521,0.38335428,-0.34100857,0.023070797,0.25114197,0.51868045,-0.087964743,0.60231727,0.34759924,0.82015091,-1.0385777,-0.28369996,0.71261197,-0.011575963,0.21952076,-0.10946343,-0.2495068,-1.1991277,-0.47630996,0.070739001,-0.50343996,0.64437771,1.2666116,0.38444525,-0.34135631,0.30413574,-0.47319576,0.69822812,0.68629158,-0.45603248,0.061755482,1.5951174,0.27193046,0.22886056,-0.88342804,-0.2537415,-1.9417074,0.85824746,-1.3753639,-0.33460653,-0.30499554,-1.3361268,-0.39935523,0.18203484,0.23223528,0.51848948,0.67924583,0.54428023,-1.786893,0.71603018,0.11406634,1.2920474,0.068041384,-1.1998386,-0.12172029,-0.93833351,0.45329908,0.093272775,-1.0416838,0.44001397,-1.6817693,-1.6200246,-1.5307575,-0.27478427,0.56071329,0.9311192,0.24543478,-0.84423482,0.66716695,-1.3301202,-0.3562482,0.34009531,-1.1712079,-0.034883872,0.091645807,0.36710805,0.030984515,0.42452154,0.060676843,0.34296864,0.060393758,0.32946664,-0.012065604,-0.14152195,-0.79019034,0.38876772,1.1182835,-0.63885534,0.79001689,0.57634336,0.44434631,-0.70243841,0.78482676,0.31624147,-1.0450952,-0.65259653,0.10590307,0.16687809,0.16397041,1.0632426,-0.24636716,-0.61900389,-0.5147059,0.018358942,0.64094919,-0.3304497,0.003195874,-0.31471851,0.12108596,1.3560523,-1.0205832,0.079690889,0.51416296,-0.63314831,-0.013288738,-0.059367597,-1.3701648,-1.7995669,-0.33886287,0.55194777,0.095000342,-0.28073686,0.71624082,0.16948606,0.40526661,0.27095327,-0.10898871,-0.58013964,0.2244817,0.19627681,-0.088466614,-0.21107045,0.23474556,0.17795289,1.3294978,-1.7683787,-0.18582375,1.3197452,1.8321238,0.50552839,-1.1036422,-0.32281613,-0.44824976,-0.16664797,0.14274535,0.44133151,0.88977575,0.65494442,0.55212235,0.19210446,0.27127245,0.86905324,0.68928969,1.2446567,-0.87668866,0.37585396,0.32825026,0.10679831,-0.32026175,-0.12149732,-1.3594344,0.31709483,0.042042553,-0.41471481,-0.20985067,0.81466198,0.25863764,-0.79477042,0.12321322,-0.23309454,0.49517167,-0.20794366,0.73896426,1.1920402,0.37103629,-0.003211444,0.55460232,-0.18816796,0.15221131,-1.055972,0.25982755,-0.52616024,0.065765493,0.43610057,-0.66176128,-0.32620487,0.36825979,0.46266875,-0.60967112,-1.1656386,0.71277183,-0.70481908,0.018566318,-1.5714307,0.32885456,-0.25694442,-0.81919861,-0.47286874,1.1020066,0.52011812,-1.8017852,-1.1246181,-0.35505041,0.046005189,0.3373242,-0.15889998,0.076934084,0.47662199,0.21473549,-0.27815601,0.20196788,0.33701792,0.27016872,-0.14797692,-0.2042816,0.34292933,-1.6803906,0.002349909,0.58176506,0.037757766,0.15751691,0.66802692,1.0897502,-0.29516438,-0.78860086,-0.24471574,0.30416062,-1.8364269,0.27217773,0.31417802,0.37269786,-0.8116504,-1.2555302,0.14833006,-0.65374738,0.093721852,0.044716682,-0.10215259,0.45420021,0.14934587,0.31396523,0.41960499,0.027511971,-0.27055961,-0.37944254,-2.1938965,-0.70668638,-0.87210864,0.010408908,-0.89424121,0.12554792,-0.20356815,-0.29403502,0.022618806,2
0.49992996,0.28825307,0.24090257,0.47441065,0.47485784,0.4912048,0.46922958,0.45980203,0.47380123,0.47393447,0.47078568,0.47153884,0.45647743,0.45364738,0.45839024,0.45730907,0.44826338,0.48594487,0.47232473,0.45896712,0.44234151,0.45797849,0.44641852,0.44938266,0.45506716,0.45499545,0.45554152,0.45187244,0.44813454,0.44841617,0.43899918,0.44803607,0.43883824,0.43741345,0.43951488,0.41886872,0.42122465,0.44826037,0.42371738,0.44183654,-0.88126779,0.22375581,0.23940653,0.24069202,1.1449702,1.5358553,1.1367912,0.54026073,0.6529969,1.4314573,1.2325599,1.0078281,0.29109085,-0.21861583,-0.14629228,-0.33156925,0.61629349,0.31898835,0.3103725,0.29894191,-0.86056137,0.05983372,-0.53032881,0.32755122,-0.72969699,-0.086280636,-0.15234634,0.54492807,0.34971991,1.5183771,-0.23610801,0.23071909,-1.1418655,-0.22919178,0.053674936,0.91785336,-1.0700724,0.39056724,0.13629152,-0.98938555,-0.096344829,-1.1645997,-0.59759557,0.51122135,0.86839384,0.8124727,-0.032838348,-1.6692713,0.79399955,0.12589678,-0.97227031,0.36508897,0.053354807,-0.56164324,0.4344669,-0.13012025,0.33027488,-0.39286578,0.05990959,0.52145731,-0.71243596,-1.0408095,0.11093716,0.44281176,-0.25921363,0.26307735,-0.012307553,-0.20882949,-0.055783466,-0.32975364,0.58168972,0.99859846,-0.21776173,-0.28342944,-0.64116269,0.29006147,0.56348079,-1.0428367,0.3627888,-1.0525333,-0.40778032,-1.8146693,-0.94838423,-0.048073005,-0.50590456,0.28211543,-0.40262952,0.16137242,-0.12109974,-0.13439281,-0.75961149,-0.61963302,0.24627164,-1.0394859,-0.1337688,-0.11080438,0.13906804,0.22039878,-0.5280509,-1.6120549,0.71838069,0.43594906,0.81531787,-0.16014659,0.49420819,0.31089193,0.085311115,-0.28206638,-0.15010454,0.38969952,-0.46180993,-0.10622161,0.36789942,-0.23559882,-0.77875048,0.034051269,-0.64114749,-0.69493836,0.24844658,-0.30055341,0.006627478,-0.67444938,0.69315982,0.54775929,0.032487363,0.030200949,-1.8069597,0.50774229,-0.13668799,-0.24772874,-0.079483092,-0.56761497,0.070489317,-0.14136966,-0.637528,0.98672938,-0.78382337,0.11616211,0.5783909,-1.4309131,-0.23139098,0.34683055,-0.053652003,-0.44771442,-0.98089278,0.51043469,0.16432434,0.46095303,0.96096241,-0.67064029,-0.24215092,0.045571882,0.23550123,0.24735183,0.03467384,0.1657317,-0.20511955,-1.1654384,-1.6764152,-0.90145004,0.26086891,0.43601134,0.13320944,-0.41878134,-0.28329551,0.11715268,1.398345,-0.074656993,0.001370985,-0.38273457,-0.21331511,1.1355861,0.14346419,0.27221248,1.8594699,-0.058111392,-2.4484153,-0.06700252,0.67971849,0.028173652,-0.22652191,-0.65912592,0.098716706,-1.4939638,0.21605863,-1.4066548,0.20433335,0.14472109,-0.77920824,0.045656264,0.39372975,0.43744648,-0.26054668,-0.094308436,-2.5584764,0.2758151,-0.48911539,-0.046897002,-0.12429019,0.20471984,0.39621231,0.16461325,-0.19489169,0.70819807,-1.4623824,-0.76905578,0.039782271,0.39973232,-0.4525398,0.22480944,0.25190908,0.54634774,0.054121964,0.53729361,0.37013194,0.90781432,-1.1162912,-0.33189636,0.59025598,0.075270213,0.30160007,0.009732954,-0.21406917,-1.2099421,-0.42351338,0.084823206,-0.59038973,0.48306441,1.2297305,0.3884787,-0.36353478,0.28388876,-0.40854299,0.50591278,0.68764645,-0.43718323,0.16194959,1.5196562,0.23607045,0.1426315,-0.87372887,-0.061607845,-1.9805453,1.0185087,-1.2959659,-0.32895282,-0.1658417,-1.5429082,-0.18714347,0.2009767,0.13781527,0.48739326,0.60826468,0.50112087,-1.8526692,0.90089709,0.17548931,1.2429211,0.012480667,-1.010986,-0.074721888,-0.85441363,0.5767566,0.046820343,-0.88249087,0.27382186,-1.7725452,-1.6057328,-1.4912298,-0.38303491,0.47713816,0.48311314,0.23667201,-0.81011587,0.62796521,-1.3220168,-0.30982172,0.35709843,-1.0938737,-0.021161081,0.021412494,0.50054348,0.20753182,0.42873585,0.070585065,0.5524298,0.056336284,0.46952492,0.13435356,-0.099542201,-0.64708847,0.34464526,1.1706854,-0.5419569,0.54404271,0.46557009,0.65064293,-0.70344543,0.68250602,0.43696296,-1.0341493,-0.50745702,0.088495553,0.20870505,0.18991214,0.88633221,-0.34226257,-0.55083007,-0.52025694,0.013670553,0.63225186,-0.29671353,-0.12714395,-0.27875957,0.19457167,1.3442652,-1.0549734,0.21489197,0.30691084,-0.72676355,0.031393092,-0.1717529,-1.3298206,-1.9965981,-0.3442162,0.55156845,0.1642561,-0.32863718,0.7348913,0.23855332,0.52771837,0.21060811,-0.1536276,-0.53093588,0.22191823,0.099520579,-0.14554307,-0.50234514,0.18938197,0.088107549,1.3051798,-1.8030804,-0.1757654,1.753099,1.8548498,0.49114731,-1.2749693,-0.22912547,-0.32579842,-0.10050315,0.021963678,0.44017377,0.80314606,0.83910745,0.5253635,0.14362568,0.20957664,0.75535351,0.79956836,1.2971931,-0.75334501,0.44559461,0.24423836,0.18723543,-0.29942301,-0.17207758,-1.6562662,0.30475932,0.040559698,-0.4272483,-0.20140752,0.29637599,0.14436319,-0.73002034,0.15736187,-0.24486566,0.20320022,-0.092567846,0.66037548,1.0968829,0.24653034,0.004198745,0.57476062,-0.06270536,0.090501368,-1.1656191,0.26128072,-0.69059712,0.22242363,0.83136398,-0.78771585,-0.45380527,0.36715296,0.57413197,-0.56362396,-1.1271064,0.65470654,-0.65186405,0.05942151,-1.5117674,0.39503384,-0.16505721,-0.48286071,-0.54073989,1.0868536,0.58454591,-1.9015265,-1.2232412,-0.32188666,0.051005866,0.25280413,-0.026426505,0.068408027,0.49837226,0.18835661,-0.2540943,0.27618957,0.33781847,0.37243646,-0.17589027,-0.10041529,0.20978066,-1.5150435,-0.0284537,0.52613699,-0.001553673,0.18984014,0.74320573,1.0898134,-0.3056387,-0.75916493,-0.385912,0.22667041,-2.0700846,0.38491696,0.41313189,0.41130948,-0.75254452,-1.3430237,0.29566368,-0.60222137,0.25580266,0.079315983,-0.018216435,0.38076106,0.10683145,0.3077572,0.40011817,0.003631618,-0.12726839,-0.33170983,-2.194442,-0.71096236,-0.88679338,-0.019797282,-0.78898472,0.25897029,-0.12066154,-0.31047538,0.072207861,2
0.52221185,0.30715036,0.2657322,0.48811901,0.4921183,0.4976007,0.48205218,0.48035866,0.49853203,0.48536909,0.49645829,0.49058297,0.47714448,0.47319984,0.48106489,0.48081705,0.47872853,0.50832814,0.49081254,0.47308439,0.46627039,0.47457173,0.46904925,0.46931255,0.47320503,0.46475106,0.48070067,0.46405792,0.46827367,0.47522384,0.45800179,0.46664679,0.46096402,0.46206415,0.47359845,0.45212895,0.44956413,0.46599451,0.44899094,0.45543098,-0.88764638,0.24471387,0.3277247,0.35038733,1.2406681,1.6887383,1.241125,0.65108013,0.76548421,1.5641954,1.3359585,1.1156974,0.33392835,-0.18496454,-0.16857088,-0.28685245,0.5510807,0.32493669,0.34815454,0.314917,-0.87385726,0.076161712,-0.42170486,0.30134943,-0.75679618,-0.06816715,-0.17909215,0.65589571,0.48179269,1.3321168,-0.1665958,0.21049422,-1.1085297,-0.21645126,0.088090643,0.75776982,-1.0740678,0.55576593,0.33632576,-0.88569605,-0.12631574,-1.1357343,-0.42882964,0.40910187,0.7296167,0.76531363,0.003124929,-1.53825,0.52871668,0.22668627,-0.93244869,0.44453841,0.10397355,0.005202688,0.57577926,-0.11272164,0.456276,-0.36230132,0.090690091,0.47629857,-0.53427118,-1.0519414,0.096108966,0.39826843,-0.29019842,0.34624445,0.067513779,-0.13861626,-0.093572035,-0.30294007,0.48522913,1.019984,-0.20585808,-0.20445567,-0.5589903,0.28437316,0.38650271,-1.0488955,0.35873365,-1.246612,-0.34983078,-1.6975085,-0.93227708,0.027536262,-0.46860453,0.22062808,-0.42294309,0.20248637,-0.11287805,-0.075888023,-0.74234313,-0.36017889,-0.19989941,-1.005957,-0.1203596,-0.1416232,0.18311849,0.5640949,-0.54469359,-1.4132258,0.37509972,0.45867431,0.72257543,-0.1637812,0.45651507,0.28633919,0.12786391,-0.42855823,-0.34357703,0.31708825,-0.41557363,-0.21857399,0.37620214,-0.2535308,-0.76303416,-0.026444409,-0.52489614,-0.65261924,0.25750953,-0.21421987,-0.005147842,-0.60171688,0.6756677,0.7274738,-0.027945146,-0.20141937,-1.6421089,0.58523518,-0.1250468,-0.11529385,-0.016964689,-0.51233602,-0.007608691,-0.22523287,-0.58520043,0.91886461,-0.57152212,0.14957334,0.46456838,-1.635974,-0.17284308,0.29793489,-0.11666045,-0.43276867,-0.92355931,0.53730303,0.13720788,0.16805294,0.65362167,-0.67410767,-0.18332836,0.089322746,0.24975784,0.12273706,0.31355298,0.14179529,-0.20745382,-1.1071308,-1.4174123,-0.75300181,0.23368278,0.51407355,0.17323233,-0.39264324,-0.27087802,0.11699785,1.6525398,-0.12640455,0.074060813,-0.32815561,-0.23271902,1.0011868,0.11470064,0.26707509,1.3509949,-0.030407585,-2.3520749,-0.15126014,0.45801958,0.014419839,-0.18449472,-0.69156253,0.022727586,-1.4224871,0.27476597,-1.3753736,0.43406346,0.080067247,-0.75764507,0.061178252,0.25473365,0.54026586,-0.18747258,-0.33963907,-2.3974683,0.16375241,-0.66359204,-0.05110763,-0.075026125,0.10516881,0.54404569,0.11284505,-0.27124074,0.67789167,-1.3700337,-0.86275822,-0.13215795,0.38627908,-0.42665926,0.016938806,0.21841677,0.48832342,0.012812733,0.57775438,0.46796775,0.87532747,-0.92514968,0.26312965,0.37817544,-0.042032547,0.20748429,0.004558351,-0.31638342,-1.0636337,-0.41984692,0.080790617,-0.39061314,0.53470725,1.0482351,0.37906122,-0.36899379,0.19416083,-0.41874394,0.5089193,0.48812881,-0.41728535,0.14650276,1.6152771,0.048197713,0.14363432,-0.82661885,-0.1100253,-1.8632286,1.0729322,-1.4175869,-0.21735357,-0.19798288,-1.3943678,-0.23359311,0.18664889,0.18836489,0.53563529,0.35871246,0.20305344,-1.6525407,0.93716347,0.040511809,0.96588439,-0.046164803,-1.0623549,-0.15023491,-0.85082966,0.52078629,0.20861568,-0.881293,0.19957986,-1.638447,-1.5395333,-1.4648477,-0.29415968,0.29142335,0.2534593,0.23810858,-0.85841393,0.64794469,-1.2391224,-0.35476431,0.34557277,-1.0636661,0.13979621,0.036994152,0.51185066,0.033319987,0.27663663,0.038480654,0.50113946,0.10852952,0.79315037,-0.11505212,-0.16415784,-0.77297163,0.35376516,1.077511,-0.61599177,0.60478216,0.54608303,0.63106871,-0.61814243,0.50080884,0.42871082,-1.0120475,-0.50033343,0.11851609,0.17191142,0.25996798,0.73377091,-0.3003104,-0.52333498,-0.47004008,0.078018457,0.52399844,-0.29204398,-0.074861906,-0.27099594,0.19049056,1.1220326,-0.9504832,0.18344587,0.26037624,-0.59789127,-0.11479584,-0.31807911,-1.2827845,-1.6971374,-0.2001451,0.50937921,0.11649919,-0.24491616,0.68050152,0.19578654,0.39057773,0.25029853,-0.14226022,-0.52004415,0.18840812,0.05871775,-0.11141616,-0.59989196,0.24973035,0.043314442,1.0661989,-1.5949763,-0.13587156,1.4416442,1.6563395,0.45855978,-1.1546218,-0.28900567,-0.37605059,-0.12993786,0.043047149,0.49728212,0.76616621,0.87041312,0.49958703,0.10915755,0.21552134,0.70035142,0.71050113,0.87873924,-0.87475044,0.35449708,0.23319079,0.18132687,-0.29369369,-0.23158827,-1.5743972,0.31019321,0.072240107,-0.38630843,-0.26643685,0.28246295,0.039003223,-0.8390348,0.22415096,-0.20211092,-0.26914883,-0.15033361,0.64685178,1.0373509,0.23248051,0.088505782,0.57623667,0.08073809,-0.099767677,-1.0443339,0.29531351,-0.58940566,0.1673325,0.76733714,-0.66540813,-0.34978276,0.33496591,0.52621704,-0.61098576,-1.125689,0.58045816,-0.75646198,0.08967384,-1.4336222,0.32928088,-0.10759048,-0.59856355,-0.59860754,0.9611463,0.55411738,-1.7388,-1.1557575,-0.32275596,0.05367101,0.26583934,-0.015920542,0.072966859,0.44719115,0.20564352,-0.12307622,0.18280901,0.30806553,0.43401039,-0.18622431,-0.000661574,0.1843119,-1.5344169,-0.018021706,0.47701535,0.000747334,0.16940954,0.70277357,0.85303932,-0.35187072,-0.75035304,-0.34486821,-0.03960643,-1.811229,0.29458731,0.39424431,0.33925226,-0.76472491,-1.318158,0.19889498,-0.59525985,0.02689442,0.056856334,-0.01878278,0.66788173,0.13427317,0.33045554,0.41762513,0.053655427,-0.19147047,-0.31766722,-2.1857731,-0.66112632,-0.90964907,-0.031986576,-0.85322571,0.34959182,-0.25372475,-0.22111082,0.033690058,2
0.59530151,0.38978517,0.332724,0.5643906,0.56190366,0.58143425,0.54926056,0.54514259,0.57809269,0.56250024,0.56822217,0.54900432,0.55850965,0.53767133,0.56289357,0.5485642,0.55441225,0.57800519,0.5683521,0.55553263,0.53857422,0.55134934,0.53993738,0.55632126,0.55089325,0.54784501,0.5502665,0.54272395,0.54928243,0.55762994,0.53278309,0.54861844,0.53958917,0.54187214,0.54823172,0.52372217,0.54048759,0.55565023,0.52730107,0.53427601,-1.0523081,0.31825545,0.47711754,0.45715684,1.3561848,1.7675992,1.3967249,0.78854847,0.9238143,1.7051585,1.4525719,1.2648113,0.37860987,-0.22804919,-0.19218722,-0.34717867,0.7095769,0.36770806,0.3716594,0.32954252,-0.8488782,0.083092488,-0.45405701,0.49264622,-0.89473736,-0.13178119,-0.15756643,0.69590437,0.52428049,1.5076112,-0.33484614,0.27766132,-1.1816783,-0.21657901,0.11368828,0.97380334,-1.1588974,0.60245532,0.33512524,-0.99570078,-0.14449115,-1.1434147,-0.47232139,0.34361491,0.97115064,0.80152428,0.045868017,-1.6985981,0.67324537,0.15234071,-0.95393121,0.54520482,0.040692709,0.030704882,0.60454243,-0.10032246,0.3866744,-0.51668787,0.016896419,0.54476339,-0.6419968,-1.1497012,0.14846647,0.46930254,-0.31567624,0.20917551,0.090620995,-0.15549935,-0.003537625,-0.35090211,0.62579453,1.1377677,-0.23133728,-0.38042259,-0.65173221,0.29488194,0.53473854,-1.1116314,0.37264431,-1.1619536,-0.4181754,-1.8857775,-1.1064346,0.029878214,-0.48355094,0.25817373,-0.43174544,0.11699624,-0.13118735,-0.18480641,-0.806494,-0.38543284,-0.11468533,-1.1755805,0.042552546,-0.16950551,0.1040612,0.4128488,-0.5507682,-1.7578243,0.498346,0.4761095,0.77874106,-0.18506704,0.66634756,0.38212234,0.12366569,-0.38595131,-0.29480651,0.25210753,-0.38336089,-0.240915,0.41819775,-0.31336275,-0.96527499,-0.10037576,-0.62775135,-0.69731355,0.3292442,-0.24432404,0.023440551,-0.74221367,0.77797258,0.69388032,0.075735733,-0.077029429,-1.8942975,0.52014005,-0.095939219,-0.16691808,-0.005992737,-0.61237681,-0.1116453,-0.25428593,-0.65349084,1.0277871,-0.731134,0.10044847,0.59791028,-1.924938,-0.17562419,0.35470042,0.005042456,-0.59097332,-0.98876369,0.57348043,0.27751663,0.47706115,0.8863914,-0.71875948,-0.22409673,0.088319033,0.15208673,0.23251672,0.55141377,0.15601347,-0.22415626,-1.3015329,-1.537306,-0.82068062,0.25490832,0.60360318,0.10858817,-0.48090369,-0.33297342,0.17415354,1.9326975,-0.073920682,0.074063309,-0.42328739,-0.35590005,1.0997175,0.13297406,0.28615975,0.68874234,-0.08883132,-2.460012,-0.13309619,0.63394946,-0.038111996,-0.073518768,-0.85747659,0.096594483,-1.5907419,0.2914452,-1.5812238,0.61840039,0.037659928,-0.84014225,0.058029413,0.27515209,0.59969449,-0.19606443,-0.26647425,-2.8275657,0.22040819,-0.60530186,-0.057548448,-0.046856858,0.28455961,0.5707283,0.12911992,-0.29173735,0.62885255,-1.6668832,-0.96177721,-0.2982403,0.40443799,-0.48089755,0.1155879,0.34855354,0.64510339,0.072211124,0.60932451,0.46535799,0.86858833,-1.0091646,-0.33177531,0.63758683,0.016858317,0.38827413,-0.120846,-0.33771306,-1.1925141,-0.45106322,0.064410493,-0.46078691,0.67374361,1.2310822,0.40646967,-0.43515879,0.22086038,-0.52515996,0.70240307,0.5634312,-0.41899082,0.077141352,1.6841567,0.032937959,0.13868068,-1.0320449,-0.20287728,-2.1367204,1.1355832,-1.4606149,-0.33118308,-0.26722091,-1.6013865,-0.20845309,0.34568185,0.14189771,0.55339396,0.58903933,0.25783598,-2.0065556,0.97947383,-0.004735058,1.0790348,-0.001389267,-1.1385772,-0.13104939,-1.0168962,0.55686867,0.30942297,-0.95352268,0.32585728,-1.9721859,-1.8347234,-1.6410092,-0.33990595,0.52893209,0.20500854,0.28360218,-0.98959094,0.66221493,-1.5134466,-0.26809269,0.38862526,-1.2324052,0.052302673,-0.009009577,0.5754692,-0.055325091,0.32809371,0.095312357,0.46229607,-0.026862243,0.85692155,0.02844391,-0.095912702,-0.86591363,0.39093348,1.2265203,-0.6790458,0.75560856,0.58306366,0.75329399,-0.66210938,0.65519321,0.49152207,-1.096095,-0.50684869,0.057611749,0.11655828,0.26281959,0.93335617,-0.40665174,-0.60467541,-0.54026377,0.025445588,0.69420987,-0.29726055,0.14229609,-0.26414615,0.1642637,1.2960893,-1.1702356,0.1740925,0.27131042,-0.67853844,-0.11842756,-0.25015938,-1.489906,-2.0765135,-0.18372914,0.58570373,0.1427319,-0.31530073,0.76888478,0.24119437,0.48680642,0.27490118,-0.24921946,-0.56554443,0.25704914,0.016195379,-0.058041245,-0.52032852,0.24434187,0.18165335,1.2910451,-1.8053677,-0.043540448,1.6326337,1.849387,0.45684981,-1.2242585,-0.23909588,-0.44223538,-0.11424132,0.017472006,0.50755847,0.86139202,0.80869502,0.56995153,0.1548087,0.16178709,0.71479392,0.79837459,1.0438895,-0.93325895,0.4079158,0.39282513,0.18619779,-0.39698127,-0.1982719,-1.7799879,0.35489944,0.053558625,-0.38213003,-0.2392686,0.45925999,0.200983,-0.87578666,0.23140585,-0.21942511,-0.11866488,-0.24497938,0.7345863,1.1793244,0.24923001,0.1048026,0.65359712,-0.069617204,-0.033152103,-1.2230754,0.34518978,-0.62907475,0.11596626,0.72286308,-0.93719459,-0.44092244,0.40128535,0.58599854,-0.70370001,-1.2811996,0.67270643,-0.70544887,0.069117099,-1.5332681,0.40091932,-0.14618975,-0.54207194,-0.59663951,1.084474,0.62593931,-2.0462191,-1.4757397,-0.39772621,0.029642712,0.29319268,0.028157238,0.10782607,0.45380956,0.23000084,-0.20025408,0.29905972,0.34934884,0.51779419,-0.054362137,-0.082152374,0.1124086,-1.6033443,0.022713427,0.46415374,0.005684011,0.20580998,0.79888618,1.0333322,-0.45010585,-0.97007859,-0.37011814,0.14424293,-2.0575078,0.30462074,0.3805491,0.36768809,-0.80089128,-1.4123427,0.18917194,-0.71297002,0.13108882,0.017746134,-0.026171658,0.70085847,0.092399046,0.35492238,0.5931071,0.079165772,-0.2190702,-0.36243793,-2.452152,-0.84281039,-0.95954883,8.89E-05,-0.95133084,0.33642498,-0.061673492,-0.33317092,0.042440936,2
0.62029558,0.41109231,0.35405546,0.60149348,0.59782565,0.62436724,0.59069461,0.58476388,0.61392879,0.60161257,0.60645694,0.59131539,0.60152841,0.58175564,0.59770578,0.58144593,0.58797133,0.61866546,0.60435581,0.59278351,0.58121359,0.58439451,0.57866168,0.5889734,0.58499694,0.58650911,0.58181095,0.56929457,0.58314884,0.58220196,0.58006305,0.58200634,0.56829238,0.58407187,0.58979428,0.57157338,0.56820613,0.58827984,0.5597015,0.57401747,-0.93716091,0.3377659,0.51133215,0.48414573,1.395311,1.7927245,1.4282109,0.82801759,0.95703042,1.7455256,1.4915513,1.2985888,0.35505101,-0.19274183,-0.045620777,-0.29030168,0.76741588,0.34405407,0.32529205,0.25505731,-0.9259792,-0.002284913,-0.52023911,0.43614233,-0.71558774,-0.14282142,-0.15644902,0.65983874,0.17313404,1.6098661,-0.16682194,0.27846017,-1.2409679,-0.2621564,0.10302088,1.001039,-0.96249574,0.59973353,0.18894686,-0.99385834,-0.066975445,-1.1072338,-0.66291463,0.61792886,1.073094,0.8059684,0.016536351,-1.7908642,0.95541382,0.1117117,-0.98013258,0.49891379,0.044533119,0.043895736,0.70264506,-0.083903573,0.43925565,-0.46926028,0.13695265,0.60837239,-0.74598169,-1.1810164,0.082374357,0.48967963,-0.31354791,0.084546953,0.038481954,-0.25451946,-0.081091002,-0.38060027,0.76896644,1.0708606,-0.23577879,-0.25907886,-0.607849,0.17397712,0.76842153,-1.1329247,0.39078954,-0.83066529,-0.42525756,-1.9431897,-1.067546,-0.058336399,-0.47611046,0.28691876,-0.52632087,0.14871246,-0.17925948,-0.19299853,-0.9148128,-0.46581542,0.59196377,-1.192795,-0.17191473,-0.10389194,0.1370725,0.35503474,-0.60554594,-1.7434726,0.75518072,0.43856099,0.83648837,-0.27209789,0.59211713,0.27152652,0.12075263,-0.1928882,-0.15964705,0.46026534,-0.44733399,-0.078390226,0.39935493,-0.34921512,-0.7882908,-0.11292144,-0.66347331,-0.77623868,0.31016397,-0.32072073,-0.00750727,-0.64884955,0.67371851,0.61270982,0.018705079,-0.003031467,-1.9774044,0.76600027,0.042647347,-0.2022848,-0.031088589,-0.63843393,-0.076180518,-0.18128407,-0.63200575,1.1904906,-0.64505142,0.078213334,0.61879164,-1.7166702,-0.25136212,0.43947554,-0.021826658,-0.53414953,-0.94235641,0.55838478,0.32817903,0.35867751,0.89623642,-0.7436372,-0.30243528,0.037567288,0.097372502,0.24280471,0.097817793,0.04582528,-0.10000659,-1.4245466,-1.7107025,-0.84053904,0.26701948,0.52807516,-0.12126529,-0.55465853,-0.39959469,0.17791358,1.156886,0.090308249,0.020078827,-0.45408407,-0.26668212,1.4012001,0.13674539,0.26849225,2.345129,-0.047366913,-2.6397851,-0.052312363,1.0089538,0.034772363,0.008766785,-0.81181055,0.087077975,-1.6493865,0.27389199,-1.279048,0.28103274,0.062594749,-0.85446674,0.029904237,0.41162145,0.5331043,-0.27008522,0.006539315,-2.8153498,0.26511967,-0.68703866,-0.079171859,-0.26832122,0.42254174,0.42399955,0.14731321,-0.20355719,0.78835779,-1.6215726,-0.90026271,0.28843611,0.54173958,-0.45415646,0.15691283,0.37152129,0.60135972,-0.11213513,0.58496428,0.45669013,0.87178272,-1.0623993,-0.30639127,0.79468763,-0.061016787,0.28513229,-0.071752794,-0.12699459,-1.2632442,-0.53528476,0.089151621,-0.53185236,0.60135376,1.4387128,0.42781138,-0.41580871,0.17661422,-0.46486765,0.75702673,0.93198633,-0.39241257,0.070823483,1.3272882,0.22108778,0.15277204,-0.98774308,-0.26555502,-2.1219077,0.92963392,-1.4913381,-0.34423214,-0.14601481,-1.4592681,-0.35644823,0.1315026,0.41781926,0.69830757,0.66347897,0.67596519,-1.9835583,0.8937434,0.031798258,1.2189486,-0.004388269,-1.0608137,-0.092737421,-0.96431494,0.79636395,0.34655127,-0.84013468,0.42125675,-1.9421697,-2.0174112,-1.5839428,-0.49896348,0.6027025,0.87855351,0.26367384,-0.93958557,0.77254587,-1.5993644,-0.30744472,0.30040377,-1.0881443,-0.018668765,-0.026465621,0.50993335,-0.086726576,0.53475142,0.059179761,0.49765801,0.005022146,0.38638914,0.13486364,-0.17900971,-0.73824799,0.40142664,1.1518863,-0.62404466,0.61146271,0.55667889,0.48501986,-0.84813428,0.77563113,0.42975602,-1.1552968,-0.55883855,-0.013359934,0.17536531,0.19123222,1.049983,-0.43617287,-0.57837355,-0.50738323,-0.022820979,0.79274297,-0.25615266,0.12365612,-0.29460144,0.22178534,1.5209337,-1.1080612,0.18610612,0.26691192,-0.77299696,0.029906649,-0.11822377,-1.5436869,-2.0373192,-0.40153652,0.5444572,0.12750426,-0.32891703,0.80457306,0.27670199,0.50504786,0.24537204,-0.25878772,-0.4254773,0.23559393,-0.009784818,-0.19718421,-0.40538067,0.17370199,0.19796918,1.3036718,-1.756878,0.073871933,1.7787272,1.7541276,0.53899026,-1.1973985,-0.30801916,-0.29467353,-0.13526794,0.13654506,0.4892754,0.95152092,1.0242649,0.43103379,0.26672938,0.18961583,0.91938353,0.75856096,1.5867516,-0.82314217,0.42098624,0.35037139,0.16726109,-0.47022206,-0.12968148,-1.6238327,0.33670771,0.010534789,-0.34959573,-0.18288258,0.49716598,0.22814207,-0.71156955,0.22534899,-0.24169928,0.32803524,-0.12212879,0.7039519,1.2761244,0.26824749,-0.048696678,0.63376147,-0.12919772,0.000904681,-1.1976385,0.3019467,-0.63851881,0.43130371,0.90131187,-0.82654089,-0.39679837,0.45928994,0.46271458,-0.57741541,-1.2533326,0.6693083,-0.47982377,0.12437652,-1.6532079,0.31106925,-0.28882137,-0.59086233,-0.48817375,1.2468354,0.64219481,-1.9087303,-1.3490468,-0.329088,-0.022950456,0.2736187,-0.056739513,0.018637657,0.47207272,0.20022781,-0.28531164,0.45000362,0.33231485,0.28384763,0.045943916,-0.52148026,0.13102394,-1.6258141,-0.070101418,0.59480143,0.034019083,0.13924015,0.76009786,1.3290112,-0.40980944,-0.78919262,-0.36930203,0.39075875,-1.932283,0.27851218,0.58288407,0.3387661,-0.79045999,-1.4162405,0.26913565,-0.5855971,0.53924364,0.094978526,-0.062474258,0.40630493,0.10059018,0.32017499,0.33807468,0.033669632,-0.11613299,-0.42944163,-2.3300538,-0.78323162,-0.87343454,-0.093440995,-0.91691601,0.22902708,-0.034041613,-0.34258544,0.13849325,2
0.51335174,0.30129844,0.24960208,0.49729091,0.50025356,0.52483404,0.50238472,0.48532656,0.50878263,0.50640881,0.50828421,0.49028078,0.49449944,0.48151922,0.5053643,0.48319271,0.49382496,0.52065349,0.50130451,0.48209256,0.48336363,0.48890787,0.47963947,0.48419353,0.49201757,0.48046046,0.4877353,0.47881278,0.49115089,0.48871014,0.47442392,0.474226,0.47253782,0.4865135,0.48300666,0.46381816,0.45994604,0.48164457,0.45850712,0.47132915,-0.97288626,0.22358252,0.50108093,0.50249952,1.4434736,1.6921942,1.4365593,0.84100801,0.96477473,1.7705899,1.5230005,1.3188194,0.4399156,-0.18468988,-0.15191801,-0.39631107,0.77136219,0.40863013,0.30954579,0.38045913,-0.95659828,-0.054264616,-0.48682749,0.31732824,-0.82632518,-0.016292311,-0.19263047,0.38888669,0.053191349,1.2755389,-0.25390437,0.22458509,-1.3127983,-0.22417785,-0.20883854,0.98965901,-1.0174476,0.81620288,0.30093747,-0.9624207,-0.16815999,-1.2445991,-0.587152,0.32458985,1.0297229,0.5515964,-0.084169418,-1.7125282,0.66243172,0.091087997,-1.0899776,0.69052869,0.09045051,0.03681168,0.75420219,-0.013309076,0.24500209,-0.40558848,0.089916863,0.63315427,-0.51824594,-1.1925906,-0.021660775,0.52639884,-0.31214172,0.1203883,0.001019232,-0.22312617,-0.23847225,-0.30373853,0.3169674,0.80361754,-0.19737366,-0.48597103,-0.55105764,0.47475737,0.57332122,-1.1545911,0.47940743,-1.2284871,-0.36116779,-1.8405147,-1.1182077,-0.011492314,-0.5997954,0.30100289,-0.4211278,0.086558983,-0.085472822,-0.21331078,-0.68928051,-0.34520209,-0.094486021,-1.1346328,-0.051696338,-0.061327338,0.13841569,0.1887385,-0.46423399,-1.8034829,0.32197863,0.45940876,0.83434922,-0.13666809,0.4244554,0.23771881,-0.16243997,-0.31820229,-0.27015883,0.37113112,-0.49434218,-0.16124009,0.51327974,-0.33865052,-0.83198327,0.011146925,-0.62882429,-0.44404894,0.26446393,-0.3786968,0.046259273,-0.56439424,0.80999434,0.6751976,0.28788429,-0.005610004,-1.8287795,0.78881383,0.011494108,-0.17245482,-0.061143298,-0.58498526,0.032105327,-0.19225422,-0.6783039,1.0742648,-0.82332748,0.17877236,0.59584862,-1.8774875,-0.009833045,0.34181708,-0.14441447,-0.4875474,-0.90371323,0.68407464,0.017921522,0.392041,0.71916658,-0.68996972,-0.29945606,0.077614293,0.010028237,0.19710785,0.42782778,0.23152134,-0.12719598,-1.3662546,-1.716339,-0.77291948,0.26336321,0.80708855,0.18041496,-0.40416837,-0.31256461,0.12117726,1.2630789,0.084464557,0.050326135,-0.24545965,-0.35615659,1.2043387,0.1872814,0.29202235,1.2253892,-0.14393756,-2.355119,-0.075895995,0.27207485,0.024820244,-0.078388214,-0.88564265,0.12557226,-1.6139574,0.2833994,-1.197024,0.53688067,0.026512437,-0.85003972,0.10618174,0.31777886,0.50762212,-0.2176517,-0.26880166,-2.8535743,0.45573521,-0.57228917,-0.025787566,-0.092615493,0.34087884,0.59525871,0.1736151,-0.16675042,0.62061107,-1.6560042,-0.78833055,-0.35522693,0.38120648,-0.45873317,0.11924473,0.32022983,0.4791806,-0.019811016,0.53098816,0.52661431,0.85636145,-0.97012568,-0.28208867,0.58710897,-0.22618553,0.2965579,-0.013104463,-0.30657113,-1.2798685,-0.52485144,0.10869317,-0.30602747,0.4216564,1.241614,0.36985943,-0.41906562,0.26803166,-0.25221354,0.4495064,0.51048857,-0.32309997,0.074511923,1.6575767,0.12999249,0.16820763,-1.0536662,-0.21793275,-2.038924,1.0441611,-1.4666063,-0.27317291,-0.17243221,-1.5542192,0.084949851,0.088455081,-0.011273563,0.01217854,0.52575058,0.33070779,-2.0416284,0.87444156,0.13092068,1.151168,-0.13153358,-1.0846275,-0.1171632,-0.90628999,0.651191,0.17854613,-0.85192114,0.40121931,-1.9840584,-1.8450325,-1.4017029,-0.41164643,0.29904509,0.3081826,0.29841083,-0.99257791,0.83197844,-1.3708146,-0.081532128,0.30236459,-1.2177936,0.077472307,-0.032517496,0.53737164,-0.033422433,0.37412646,-0.11490043,0.4737173,0.026839521,0.72272754,0.067054689,-0.18421078,-0.76554686,0.48934153,0.94449162,-0.57614136,0.43904442,0.54518276,0.6363129,-0.74006224,0.79258454,0.56753492,-1.0228825,-0.75908595,0.092636153,0.14632684,0.27254251,0.82506096,-0.33865187,-0.51179576,-0.46158582,-0.051249377,0.37472171,-0.22275579,-0.15449366,-0.44548869,0.19650386,1.1228808,-1.139793,0.14860292,0.34315595,-0.61170709,-0.14916547,-0.10774841,-1.4585481,-2.110384,-0.15040864,0.62913328,0.04848611,-0.32470968,0.8871026,0.26147225,0.49877101,0.32668284,-0.2052713,-0.38763553,0.26391861,-0.029970855,-0.095326066,-0.47314191,0.27379996,0.22635238,1.3394222,-1.6366475,-0.011324542,1.7057788,1.5555687,0.55286139,-1.3338664,-0.32671687,-0.60425043,-0.216405,0.093238555,0.18923935,0.86384356,0.98350632,0.33003685,0.20557195,0.18677494,0.77867711,0.77738237,0.97104621,-0.95002568,0.29833224,0.28360513,0.20510548,-0.38532826,-0.20531833,-1.9403132,0.40378708,0.045945585,-0.34232989,-0.21134314,0.36732203,0.2235288,-0.72902095,0.30498987,-0.30265203,0.14867657,-0.16958821,0.53023714,1.2860355,0.27480322,0.11613755,0.63878334,-0.066207819,-0.13519742,-1.1265659,0.33721876,-0.70242381,0.29090363,0.81733716,-0.94132429,-0.37164536,0.40512237,0.36844856,-0.57902807,-1.125384,0.60174543,-0.57948303,-0.10534438,-1.5840416,0.26749739,-0.065829806,-0.56630689,-0.53989631,0.96472484,0.46585184,-2.026511,-1.2315694,-0.39031494,0.020488296,0.29255408,0.061088294,0.043924831,0.47732452,0.30306667,-0.14231324,0.25709981,0.38882327,0.4936392,0.069923222,0.043482006,0.22143397,-1.5363681,0.009855759,0.45185432,0.072149545,0.22312595,0.51458657,0.97943956,-0.36888117,-0.86882985,-0.48338604,-0.072369136,-1.9251055,0.34154308,0.52504683,0.43032411,-0.73435801,-1.2843107,0.33414954,-0.60353678,0.010979593,0.03022133,0.042022042,0.41859931,0.14288978,0.38644686,0.3947036,0.021173501,-0.16529471,-0.36243814,-2.361968,-0.71196699,-0.96296757,0.10773006,-1.0155098,0.18507059,-0.1474721,-0.3794294,0.18071257,2
0.52364433,0.28423026,0.25461841,0.48855364,0.49099731,0.51206988,0.48588142,0.47512197,0.49929595,0.51606309,0.50081742,0.48801792,0.47651476,0.48353732,0.46644658,0.47412783,0.47616529,0.51778233,0.49781483,0.48104858,0.46950299,0.49852324,0.48282245,0.47990245,0.4558284,0.4778567,0.49750715,0.4759559,0.48382336,0.503308,0.48073184,0.43603164,0.47498578,0.48758185,0.48035857,0.44817823,0.46491274,0.45611471,0.45521796,0.47519583,-0.85571265,0.2192574,0.42364383,0.40565792,1.3420081,1.7535194,1.3381599,0.7468937,0.87870717,1.6713803,1.4380903,1.2316475,0.41654643,-0.21215555,0.014917314,-0.40314829,0.70939422,0.36219817,0.34581691,0.30462939,-0.8615045,0.017912854,-0.58534265,0.35946018,-0.79394478,-0.098438777,-0.2958526,0.72517884,0.064047784,1.2549841,-0.079673119,0.27137372,-1.2285866,-0.26924139,-0.088956639,0.95025873,-1.0719471,0.63494247,0.15518539,-0.98220545,-0.10420246,-1.2185767,-0.69640958,0.4709194,0.96626431,0.5509398,-0.075038336,-1.6043725,0.65714133,0.13161525,-1.0669366,0.46728808,0.08057864,0.14453989,0.67056131,-0.018892147,0.49545789,-0.25767601,0.067480773,0.58054632,-0.68573123,-1.0225631,-0.040150836,0.53476936,-0.43873516,0.2935915,0.023475599,-0.19206974,-0.23496862,-0.24616256,0.49416307,0.71147865,-0.17230079,-0.3640734,-0.5123083,-0.02940239,0.49506027,-1.0661621,0.36396623,-1.0563086,-0.4070442,-1.7754523,-0.89136475,0.024710231,-0.52787691,0.36027443,-0.39264989,0.091302499,-0.06280943,-0.14978467,-0.54698765,-0.73167932,0.39927369,-1.0689356,-0.16010758,-0.018335663,0.08953771,0.034634456,-0.49328494,-1.5725805,0.44846761,0.43528798,0.79239559,-0.17351857,0.45296651,0.30421013,-0.018104479,-0.29992852,-0.32187182,0.45915127,-0.55633122,-0.14537215,0.44577044,-0.20750707,-0.68434662,0.050297171,-0.48295557,-0.45402709,0.20358978,-0.26563996,0.003095919,-0.70785612,0.771631,0.66839218,0.19645268,0.008197696,-1.7124374,0.69882512,0.001472011,-0.20837574,-0.016652284,-0.5168575,0.014349284,-0.1961711,-0.80777556,0.97315383,-0.61081374,0.12031139,0.33455506,-1.3770953,-0.073507778,0.37836662,-0.17108895,-0.39310056,-0.76569533,0.64265114,0.24532494,0.13517368,0.69616824,-0.76554126,-0.25194949,0.10626207,-0.017777463,0.13351816,0.50936067,0.15554681,-0.04645719,-1.2358963,-1.7080451,-0.76445264,0.30667531,0.6614846,0.10657056,-0.45661604,-0.35097224,0.12427214,1.1060324,0.068441428,0.002663009,-0.22933914,-0.13351804,1.0296748,0.15093048,0.32396781,1.9157462,-0.087507576,-2.1741011,-0.04942546,0.48508483,0.084374689,-0.20266509,-0.659944,0.18411368,-1.3492873,0.28441021,-1.1596935,0.13928163,0.095734864,-0.86797655,0.090391286,0.15060775,0.30887121,-0.18584378,-0.26210788,-2.4368365,0.34346202,-0.71732205,-0.014060315,-0.068763264,0.21543927,0.42151356,0.14850317,-0.21819024,0.60311967,-1.3184557,-0.8238883,-0.011479601,0.38390577,-0.40217909,0.14937355,0.22758532,0.42134088,-0.06194951,0.58431405,0.53816897,0.71146578,-0.87682599,-0.29369888,0.29150659,-0.13473897,0.22943196,0.056290925,-0.23752461,-1.2372805,-0.48852181,0.12557256,-0.42617819,0.39988175,1.0492613,0.39264703,-0.41675055,0.14466546,-0.24689716,0.45458198,0.43372807,-0.48399875,0.048130237,1.2159185,0.10848574,0.27603281,-1.0488646,-0.13673857,-1.8782181,0.79745483,-1.3148108,-0.17544039,-0.056905538,-1.2910684,-0.15528281,-0.044730037,0.40857178,0.21997228,0.46300974,0.4184705,-1.7024382,0.76013803,0.13862617,0.9844476,-0.23656946,-1.1913997,-0.1290471,-0.89243865,0.61418962,0.029835448,-0.82715839,0.36649802,-1.6341361,-1.6181651,-1.313967,-0.49329984,0.31961229,0.72597235,0.25345945,-0.82483566,0.75015599,-1.136816,-0.29039079,0.172205,-1.1009004,-0.005813072,-0.035658233,0.26560479,0.044278368,0.3678076,-0.030122973,0.39191478,0.075589783,0.1269142,0.080095708,-0.2122428,-0.63868004,0.43944374,0.97782075,-0.53703392,0.61568159,0.55350262,0.29571143,-0.71464354,0.58991951,0.3316313,-0.90420592,-0.64009464,0.08732301,0.065795533,0.25184721,0.77798617,-0.4372741,-0.41968462,-0.44692972,-0.026837498,0.42073721,-0.15946203,-0.038565539,-0.38641506,0.21058008,1.0951365,-0.85645741,0.12271168,0.31167215,-0.59676766,-0.046448693,-0.22551298,-1.2310141,-1.6968246,-0.41121674,0.59961224,0.05627206,-0.31151137,0.78620893,0.29271084,0.48272637,0.3040719,0.022140533,-0.30464855,0.24669918,0.072480679,-0.12498732,-0.45282435,0.23384634,0.22167853,1.1589541,-1.5998857,-0.092287406,1.3858414,1.3868484,0.48279622,-1.2994645,-0.30706456,-0.48713005,-0.22264168,0.034796543,0.26689398,0.77296877,0.75533223,0.35907114,0.16385269,0.25426447,0.75607157,0.68350697,1.1517918,-0.87236679,0.34067398,0.16338238,0.15747172,-0.32289764,-0.15536107,-1.6194295,0.35759965,0.075801708,-0.36409116,-0.18670839,0.18147528,0.13242516,-0.65136755,0.20595385,-0.25286213,0.11329338,-0.023145474,0.34365368,0.90738451,0.25776491,0.053992279,0.61384398,-0.15575716,0.035047527,-1.0064801,0.25317845,-0.73721528,0.29477262,0.75121415,-0.83456129,-0.2653048,0.42684725,0.40755552,-0.46200201,-1.0342895,0.58353221,-0.41732138,0.052560292,-1.5372028,0.26625687,-0.16659133,-0.41808635,-0.50219595,0.89455587,0.48980874,-1.6517043,-1.1103966,-0.39221215,-0.022400189,0.27355483,-0.053168327,0.031499673,0.28386071,0.28639549,-0.15229674,0.23230396,0.30613735,0.38924864,-0.098921627,-0.39640412,0.13691124,-1.4895027,-0.003172906,0.39499408,0.048115246,0.21732673,0.51841015,1.0621821,-0.32205811,-0.71959239,-0.35345352,0.25808918,-1.8675524,0.40646708,0.43915558,0.41876066,-0.77805263,-1.3278692,0.23191777,-0.59418046,0.12831861,0.032318331,-0.056376025,-0.006130517,0.20297751,0.35313618,0.29495192,0.10535505,-0.046678908,-0.27635872,-2.0383933,-0.69074005,-0.87917221,-0.016458504,-0.79070687,0.22557408,-0.21543303,-0.19845536,0.10325821,2
0.54700005,0.31430188,0.27288496,0.51984024,0.51508105,0.53031337,0.51327062,0.50591922,0.45403653,0.51345336,0.51167059,0.50167841,0.49357638,0.50075507,0.51197028,0.51337022,0.50044435,0.53351569,0.52081287,0.50104922,0.49164397,0.49990374,0.50350857,0.50873315,0.49818176,0.50747144,0.51293933,0.41636324,0.49832737,0.51690549,0.49890324,0.48995996,0.49135745,0.48947015,0.49938428,0.4793421,0.4697611,0.51240474,0.47647548,0.48576587,-0.93622255,0.23738252,0.53386974,0.50592899,1.4100871,1.7742572,1.4644742,0.83242989,0.99231744,1.7630659,1.5130534,1.3340416,0.41787311,-0.19015227,-0.19475472,-0.4092204,0.6757102,0.36249098,0.39811969,0.3509036,-0.85863978,0.013561364,-0.55414701,0.50258082,-0.51363784,-0.041112866,-0.062349021,0.63716352,0.24664824,1.5668889,-0.24078724,0.24234492,-1.2814807,-0.24300539,0.034966543,1.020726,-1.0124853,0.68111265,0.22496982,-0.95270836,0.003076576,-1.1782398,-0.6109907,0.42428386,1.0321164,0.81727767,0.002267471,-1.695191,0.97622752,0.15838413,-1.0573094,0.53655803,0.10734872,0.16089866,0.30825281,-0.094664574,0.30987918,-0.35875461,-0.002537012,0.5970158,-0.65143353,-1.0952979,0.051367816,0.54316926,-0.090012461,0.2161475,0.19606714,-0.28168941,-0.11808266,-0.30211195,0.38762343,0.88516748,-0.22893152,-0.62422466,-0.60198456,-0.076260448,0.56292176,-1.1518927,0.43019706,-0.93736601,-0.40013975,-1.897679,-1.1066275,-0.018239964,-0.55549568,0.4295606,-0.36721188,0.03394708,-0.024804406,-0.17341691,-0.72252542,-0.62348056,0.53530365,-1.1309015,-0.26709142,-0.088853776,0.13547994,-0.12991659,-0.53598297,-1.8223737,0.98979545,0.44763637,0.77800101,-0.20853305,0.53251302,0.30547559,0.059853472,-0.075231969,-0.20313464,0.29288009,-0.51778102,0.038400203,0.46335334,-0.31318679,-0.78552413,-0.003746465,-0.5995214,-0.60324669,0.31326044,-0.26523075,0.095300078,-0.77106166,0.81831598,0.6773715,0.21996717,-0.07411994,-1.8068054,0.69950587,0.028237533,-0.17424674,-0.010972664,-0.60614967,0.018897725,-0.24175164,-0.62876409,1.0989541,-0.80381763,0.11253631,0.53603607,-1.7570127,-0.17213258,0.24992827,-0.082661651,-0.47999588,-0.93209416,0.36485735,0.16452873,0.26265419,0.70574754,-0.81687707,-0.32294422,0.032508135,0.001437629,0.21350706,0.37179685,0.13466349,-0.11112704,-1.3016405,-1.7355189,-0.75433075,0.2080639,0.60467923,0.11000949,-0.35816994,-0.42682689,0.084020041,1.1613258,-0.025898259,0.035018124,-0.35324144,-0.27462512,1.1237113,0.20261069,0.29375413,1.3796042,-0.065567411,-2.4061503,-0.011781499,0.65148008,0.013650442,-0.066627219,-0.83329082,0.12018075,-1.5275687,0.28000638,-1.2737777,0.28081992,0.15847671,-0.8919127,0.11480235,0.087866321,0.53263819,-0.25093728,0.10735151,-2.6619201,0.41013557,-0.57471138,0.033725776,-0.1087881,0.27621552,0.53370166,-0.072757378,-0.16025873,0.58883065,-1.5149834,-0.83374512,-0.36386502,0.64160085,-0.38159281,0.10909211,0.22097309,0.50031173,-0.086371884,0.62985981,0.43225268,0.77584368,-1.0100732,-0.30852303,1.0424451,-0.06977509,0.28539336,-0.05732055,-0.32381085,-1.2711329,-0.48673064,0.11739147,-0.40493393,0.53847682,1.2964209,0.37923318,-0.40258047,0.24896997,-0.39026034,0.6964497,0.58238775,-0.44874519,0.21012338,1.6392289,0.11840022,0.16030431,-1.1119817,-0.10783741,-1.9946507,1.0523014,-1.3943667,-0.31159991,-0.18832947,-1.3087246,-0.23290175,0.15212044,0.032366693,0.43794131,0.66066933,0.48365545,-1.9684589,0.56521356,-0.059149127,1.3389823,0.037371799,-1.1309112,-0.071062714,-1.0066898,0.60162783,0.10746625,-0.87854409,0.42411348,-1.8616983,-1.7758778,-1.4785215,-0.40509781,0.53499699,0.58273107,0.30791429,-0.91343188,0.58372325,-1.3348079,-0.31226203,0.20154288,-1.1713803,0.012012472,0.027350234,0.55105859,0.169945,0.4558495,-0.036265031,0.37001541,-0.000410736,0.57082033,0.046678752,-0.20352443,-0.95960844,0.43999821,1.1255405,-0.69649065,0.64068115,0.52899033,0.60874027,-0.70530665,0.81818616,0.40245104,-0.99958324,-0.60513926,0.029857941,0.12833932,0.13843493,0.96872282,-0.30651897,-0.50707221,-0.46367618,-0.084884137,0.64382631,-0.34638542,-0.016802207,-0.35757029,0.085836902,1.44013,-1.0545532,0.097587876,0.36589596,-0.67894644,-0.02763889,-0.049579941,-1.4639068,-2.1336384,-0.24626207,0.64491242,0.08930932,-0.29418334,0.80656463,0.18519443,0.55967343,0.33886528,-0.15030152,-0.67084455,0.28960603,0.067104332,-0.17745431,-0.36360091,0.20865342,0.12942216,1.2182326,-1.713159,-0.053979389,1.5578647,1.6234435,0.51619613,-1.2754351,-0.35899961,-0.4570666,-0.20851935,0.151237,0.28975195,0.85002732,0.8439467,0.38903642,0.30196089,0.22907813,0.9943794,0.70942628,1.1328267,-0.9314903,0.38137999,0.34206402,0.2293513,-0.31385303,-0.13546133,-1.6402767,0.5605402,0.055709958,-0.44813368,-0.14477758,0.55949688,0.30769968,-0.73396879,0.26438034,-0.21308091,0.1888092,-0.20330578,0.92765296,1.0892662,0.4093771,0.011145304,0.619717,-0.35328907,0.1309856,-1.1229268,0.30237007,-0.68907666,0.053039841,0.75427544,-0.81071043,-0.39604294,0.37585726,0.48665038,-0.74279952,-1.2315364,0.71450615,-0.67869246,-0.042205527,-1.5322691,0.31276906,-0.24180058,-0.50861889,-0.36496732,1.174022,0.5001691,-1.7339334,-1.303194,-0.3752566,-0.011569089,0.28124416,-0.10434228,0.055570275,0.47066405,0.38140118,-0.20610434,0.24120334,0.34505242,0.50255352,-0.12259629,-0.13615836,0.15163061,-1.6432459,0.044714421,0.50067127,0.055847757,0.17680809,0.62485135,1.1237984,-0.33112997,-0.95437032,-0.46828115,0.42585143,-1.9349917,0.29654759,0.23750955,0.4288395,-0.7654711,-1.3652385,0.20287834,-0.50827634,0.17307486,0.034694985,-0.048519619,0.54369116,0.092786789,0.32170594,0.46434867,0.076558068,-0.16441661,-0.36503983,-2.2577367,-0.77798331,-0.9611823,0.17065729,-0.9476943,0.17191581,-0.18896031,-0.3325994,0.18059653,2
0.579965,0.34277293,0.30520147,0.53497827,0.53002238,0.55026746,0.53101248,0.51793551,0.53678685,0.53637624,0.52981138,0.53082907,0.52911359,0.51651818,0.53424627,0.52089214,0.53293723,0.55346799,0.53790247,0.5216589,0.51502252,0.52595329,0.52266049,0.52470177,0.52910614,0.51829708,0.52605265,0.51646185,0.52278566,0.52163374,0.520661,0.52079356,0.51187801,0.51515782,0.52550411,0.50173426,0.50416809,0.51973999,0.4956964,0.51042759,-0.98726058,0.27868652,0.53659964,0.46262249,1.3900011,1.8050992,1.4606223,0.82749897,0.99206388,1.7553945,1.5002482,1.3254117,0.46739259,-0.21821886,-0.19435143,-0.32869366,0.88143891,0.4756338,0.4157885,0.32814986,-0.84294647,0.036976181,-0.51066381,0.5034821,-0.80999565,-0.20940857,-0.20424761,0.77462143,0.37362677,1.6463575,-0.19224116,0.24725886,-1.3018224,-0.24415159,0.092081174,1.2091231,-1.0639606,0.67691159,0.31734306,-1.0334485,-0.14157028,-1.2485219,-0.58033961,0.46432406,1.3014488,0.84486222,-0.042907633,-1.716451,0.72271645,0.15986747,-1.1548822,0.51479274,0.070978589,0.079494365,0.67969155,-0.059200421,0.46511215,-0.3987872,0.11140627,0.76245034,-0.62272811,-1.1454121,0.084519461,0.542364,-0.38038802,0.48256889,0.059540238,-0.23368201,-0.12035053,-0.31353447,0.47866127,1.0001243,-0.19951481,-0.44687745,-0.64467621,0.098311484,0.53126621,-1.2081165,0.40285715,-1.1964465,-0.38318256,-1.8798199,-1.1433101,-0.00685071,-0.54150665,0.32312024,-0.45771301,0.058783039,-0.067877054,-0.26598036,-0.77227467,-0.60517579,0.24194288,-1.1146337,-0.16667069,-0.10862651,0.17749317,-0.021703154,-0.55313504,-1.7952795,0.79953629,0.52646202,0.83555365,-0.21310093,0.55681181,0.34990782,0.10005281,-0.23111348,-0.30115697,0.31368145,-0.64242065,-0.14005987,0.47904134,-0.36064434,-0.83837199,-0.046939041,-0.58252323,-0.61640388,0.31577629,-0.19214609,0.043275103,-0.64047152,0.87344205,0.63479251,0.15178058,0.090882346,-1.9830221,0.78299057,0.083412901,-0.24025562,-0.049700946,-0.59358674,0.050377846,-0.28054738,-0.70448661,1.0605432,-0.74192399,0.13543907,0.51210535,-1.6499629,-0.094710566,0.32406479,-0.17686202,-0.51931393,-0.95221573,0.52657747,0.26710546,0.26769108,0.82936615,-0.77887511,-0.33263999,0.10976373,-0.01531633,0.12730357,0.37632632,0.19864126,-0.11943844,-1.335431,-1.648838,-0.74018383,0.31379864,0.74906373,0.17450342,-0.4771716,-0.35896042,0.12209474,1.3771486,-0.092150837,0.051665179,-0.34217009,-0.29401428,1.2500348,0.14536494,0.32195133,1.4863613,-0.1423614,-2.6138978,-0.092481211,0.57568228,0.041610055,-0.12300414,-0.84492147,0.096487924,-1.5745529,0.28362161,-1.3427702,0.27341622,0.14099774,-0.9335714,-0.018910795,0.26331952,0.50434327,-0.24941906,-0.32736778,-2.7632468,0.40238115,-0.72113812,-0.12798576,-0.046670482,0.17092341,0.53375721,0.090669416,-0.18943074,0.67972273,-1.6144198,-0.91222978,-0.3403098,0.37465432,-0.44494855,0.11216138,0.18081552,0.57410091,-0.084456638,0.65278262,0.50002855,0.90829319,-1.0342276,-0.27766523,0.56107831,-0.026360109,0.29317665,0.044304624,-0.34412926,-1.2706113,-0.50831974,0.10125122,-0.37798914,0.59821147,1.2421052,0.37468544,-0.41758883,0.24518377,-0.37195823,0.69784236,0.48326546,-0.49961153,0.045429084,1.6831745,0.1243289,0.21810703,-1.2622972,-0.26545179,-2.0710421,1.1792241,-1.4642779,-0.31958002,-0.16459636,-1.4540386,-0.11610698,0.048996672,0.14818838,0.75712138,0.22573081,0.43860799,-1.9496485,0.94132948,0.050215349,1.2503264,-0.035565335,-1.1805217,-0.1392684,-0.90729344,0.62843525,0.076908976,-0.94007492,0.37445199,-1.9746515,-1.9267375,-1.4662368,-0.3854197,0.42102203,0.37827262,0.29053217,-1.0667647,0.80158389,-1.4302015,-0.31130165,0.31028736,-1.3515679,-0.059936814,0.024255512,0.46338218,0.04986193,0.37002909,-0.007065296,0.547804,0.12340667,0.73166138,0.16622764,-0.19875088,-0.86578548,0.53331524,1.2553087,-0.7112692,0.74010307,0.64220852,0.58929789,-0.77754557,0.67238539,0.48513061,-1.0703647,-0.57571363,0.098151885,0.18671067,0.14885484,0.93992579,-0.45543492,-0.50279319,-0.52196062,0.009259276,0.65727001,-0.23559465,0.00023514,-0.44789258,0.2366778,1.2312165,-1.1546361,0.1720117,0.29553425,-0.7193138,-0.11761194,-0.34799182,-1.4492962,-2.0639889,-0.24124274,0.63387549,0.078156389,-0.3757962,0.82197416,0.22862384,0.62922835,0.3357451,-0.19904257,-0.60390466,0.35225251,0.0398104,-0.1426404,-0.52243942,0.24000484,0.23969775,1.3030931,-1.7733912,-0.14612284,1.6567481,1.6870507,0.55963683,-1.4347115,-0.35949144,-0.62182438,-0.2519263,0.13053867,0.48745093,0.85744667,0.63816941,0.41836438,0.19167191,0.2125327,0.81494975,0.74039221,1.1109403,-1.0371053,0.34234026,0.24771485,0.2346985,-0.36763319,-0.047049485,-1.7074795,0.43172956,0.10295482,-0.44211209,-0.21500976,0.406968,0.18080261,-0.81903869,0.30286014,-0.21341126,-0.12040623,-0.2111834,0.61587256,1.1466694,0.2852768,0.078402929,0.62129462,-0.16994271,0.019494621,-1.1386925,0.28737271,-0.65042824,0.25280344,0.81036001,-0.93791068,-0.36533493,0.46735156,0.59860128,-0.74948168,-1.1572117,0.66675818,-0.57220125,0.000908174,-1.549633,0.27075186,-0.17550871,-0.53282917,-0.5359866,1.0445812,0.61148196,-1.8641971,-1.3473458,-0.39993906,-0.023594748,0.34790877,-0.056654569,0.061241239,0.46427456,0.29767302,-0.1966594,0.29143974,0.31185102,0.41363066,-0.052591275,-0.095787197,0.249237,-1.6458029,0.1921933,0.43021375,0.040666789,0.19024113,0.73962641,0.98612922,-0.41256401,-0.87700379,-0.43761623,0.018616296,-1.9053102,0.32438582,0.27009791,0.41119638,-0.88000393,-1.4886761,0.21550789,-0.6698209,0.10139629,0.043783747,-0.002995372,0.47894207,0.17223883,0.38483995,0.40784475,0.033797547,-0.24731015,-0.35609636,-2.3302321,-0.8868475,-1.020591,0.045719557,-1.0627918,0.22706842,-0.11323334,-0.28150451,0.13723244,2
0.48654947,0.2453513,0.21220535,0.46584502,0.46240753,0.47374529,0.46417189,0.45447767,0.45843747,0.46111229,0.45487273,0.45194158,0.45390296,0.40074968,0.46030509,0.45205581,0.44043374,0.4730247,0.45896229,0.39271504,0.43835464,0.45565253,0.4156214,0.4532125,0.4485116,0.45072171,0.45367685,0.44234961,0.45013326,0.44755751,0.44565642,0.4388364,0.43568391,0.44034362,0.44493347,0.42724991,0.42579538,0.43455452,0.4242509,0.43636754,-0.85290432,0.20317134,0.3934418,0.44797206,1.3615334,1.6535752,1.3438159,0.73674405,0.85850132,1.6596777,1.4439211,1.2267965,0.31419525,-0.19599687,-0.23524363,-0.31372821,0.5364629,0.31027076,0.36599478,0.25961027,-0.53662741,0.093198508,-0.50636995,0.36529809,-0.72849637,-0.085735574,-0.15458132,0.56876677,0.2992807,1.4519522,-0.1921085,0.21306761,-1.1087475,-0.20100828,-0.019789871,0.79704285,-0.98413873,0.52055269,0.43535331,-0.86140913,-0.11514566,-1.0487381,-0.50945026,0.31281453,0.72680539,0.68263465,0.017065607,-1.5805452,0.61184704,0.12527968,-0.91335934,0.5848878,0.036165256,-0.001963489,0.5254575,-0.11146359,0.36429626,-0.55573869,0.15915182,0.45738065,-0.58970112,-1.1115298,0.096153989,0.53961009,-0.21399879,0.088059679,-0.065491654,-0.16720146,-0.17395394,-0.29442298,0.30823547,0.80754995,-0.1715508,-0.43539518,-0.56903511,0.29158843,0.38592106,-1.0160464,0.39253324,-0.96970266,-0.53933299,-1.666828,-0.95099092,0.015528258,-0.43454725,0.27539325,-0.4062627,0.20129228,-0.094573744,-0.22989741,-0.6248464,-0.37530658,-0.07369253,-1.0569595,-0.32313997,-0.12011863,0.18870477,0.35595196,-0.47267631,-1.5821626,0.27892834,0.43697208,0.7002055,-0.1258541,0.49923068,0.29347911,0.12166129,-0.39345774,-0.29628676,0.24291578,-0.18407509,-0.24082187,0.34115309,-0.3262282,-0.7838341,-0.029568963,-0.47890383,-0.53866249,0.29140869,-0.4607271,0.014743009,-0.54318649,0.72347909,0.48771152,-0.02539007,0.012199907,-1.6556828,0.5631296,-0.093267761,-0.090380087,-0.077453256,-0.53057134,0.026028601,-0.17111188,-0.52152818,0.95164096,-0.7089861,0.1255414,0.49536401,-1.9312431,-0.17701688,0.36348915,-0.14694691,-0.62747508,-0.87886715,0.44735146,0.17919402,0.50594831,0.71928573,-0.64523768,-0.28442591,0.05599897,0.053397544,0.16664225,0.39548165,0.2198616,-0.096328184,-1.1746713,-1.4643236,-0.594787,0.30333138,0.64339024,0.14038287,-0.37173629,-0.2704975,0.15174934,1.313234,0.055961713,0.079925954,-0.40844142,-0.25792998,1.0115932,0.13682009,0.26038831,0.66628563,-0.029000629,-2.2614017,-0.063488543,0.38728866,-0.008836316,-0.090602249,-0.84901738,0.13564916,-1.4258047,0.19824624,-1.1950207,0.64258915,-0.008297719,-0.73418844,0.063493721,0.009585545,0.58806467,-0.21520385,-0.12845822,-2.4782786,0.38113552,-0.56969297,-0.11911793,-0.14638273,0.1094997,0.62314838,0.11452747,-0.21639678,0.53631186,-1.3972296,-0.74803448,-0.29767901,0.34566677,-0.45790243,0.032681905,0.25145793,0.37668881,0.039020643,0.52990067,0.45365524,0.77387166,-0.82547426,-0.29900345,0.57497662,0.000744123,0.25432074,-0.091224052,-0.31479275,-1.0889843,-0.45267746,0.094842128,-0.33530521,0.45594352,1.0788802,0.34356287,-0.44578898,0.1118936,-0.40520489,0.50947005,0.46446329,-0.37547281,0.13434643,1.4765433,0.046383414,0.28624889,-0.96839613,-0.072306715,-1.8315656,1.1286559,-1.3002765,-0.30424777,0.005579747,-1.3111484,-0.085174769,0.23999867,-0.027595028,0.55340481,0.4735156,0.31682327,-1.4605819,0.94820708,0.10779072,1.0512291,-0.023192421,-0.98106271,-0.1847723,-0.78813648,0.66002244,0.31369466,-0.7883358,0.35834232,-1.7948608,-1.7974122,-1.3688569,-0.33629838,0.37711996,0.26831448,0.22055377,-0.94753194,0.64268684,-1.2208606,-0.12158529,0.28015125,-1.0664182,-0.08391159,0.01174299,0.50122482,-0.17235415,0.30780774,-0.052325357,0.11365496,0.090490073,0.74319214,-0.10959467,-0.13174112,-0.68808067,0.36241439,0.97045392,-0.56724167,0.66313404,0.48856404,0.67130476,-0.6024555,0.47055155,0.31837097,-1.0234556,-0.46024662,0.12166867,0.21628302,0.18176691,0.67464107,-0.31715727,-0.5117377,-0.45781848,-0.018130677,0.49968776,-0.13819674,-0.054808535,-0.3132458,0.19643912,1.0366863,-1.0336397,0.13170967,0.28206319,-0.60017002,-0.058044724,-0.040356532,-1.3617811,-1.7449465,-0.089024223,0.56874692,0.17551979,-0.2248676,0.81134713,0.2321865,0.46464691,0.24499285,-0.29175022,-0.54634708,0.15560299,0.10884048,-0.12747525,-0.53902853,0.21894163,0.23978588,1.1866839,-1.402827,-0.073243476,1.4892595,1.4723001,0.38090205,-1.1999717,-0.21834254,-0.37454957,-0.046362907,0.099222764,0.45856863,0.79790723,0.60716075,0.34305796,0.23342526,0.15861864,0.58793384,0.67161435,0.85152912,-0.77958214,0.19701448,0.31430048,-0.006751493,-0.29246679,-0.16196708,-1.6308936,0.29137239,0.048381161,-0.31421906,-0.16827866,0.30452001,0.18762796,-0.69756562,0.25593361,-0.18443194,0.005052596,-0.28169274,0.46380123,0.94479638,0.23184776,0.054958105,0.64192742,-0.23167212,-0.004603119,-0.99817097,0.26972735,-0.52645016,0.13845113,0.75771427,-0.90655375,-0.46847981,0.50450349,0.50504893,-0.60821831,-1.1100562,0.5362469,-0.46180913,-0.005224118,-1.4874309,0.29167435,-0.1612197,-0.43731496,-0.51127422,0.91050088,0.48865792,-1.8631839,-1.0525798,-0.29014555,0.003537412,0.31376171,0.022946583,0.10851745,0.49529386,0.18966272,-0.10977784,0.13455892,0.33984756,0.51682341,-0.11791287,0.033887051,0.12624477,-1.3987713,0.017636703,0.39012665,0.040934797,0.17216206,0.6464119,0.91124958,-0.33905199,-0.78432822,-0.36019036,-0.24073803,-1.7275283,0.24096425,0.195315,0.34328184,-0.61006737,-1.3150743,0.32401049,-0.53841877,0.17218404,0.11127089,-0.26171002,0.6677556,0.15387525,0.2936452,0.46252,-0.026553208,-0.24071196,-0.44198978,-2.1008077,-0.72527015,-0.93632632,-0.025478452,-0.92917579,0.1603626,-0.14707647,-0.2026158,0.072604306,2
0.53329486,0.30701321,0.27189007,0.5008195,0.4964762,0.50895262,0.49838781,0.48524654,0.49887419,0.49655959,0.49072802,0.49337968,0.49182433,0.47916895,0.50458109,0.48675227,0.49704176,0.51741642,0.50182855,0.48210984,0.47778827,0.48897457,0.47688782,0.48361927,0.48878998,0.48038149,0.48664859,0.47671703,0.48809862,0.48714855,0.47534102,0.48184085,0.46993864,0.47463903,0.47909212,0.46346438,0.46153572,0.47451091,0.45741871,0.46661669,-0.94096559,0.25691858,0.55889583,0.55583316,1.4870307,1.7328732,1.5052018,0.89320993,1.0275111,1.8200531,1.577157,1.3805279,0.36432517,-0.18285583,-0.20591302,-0.32004046,0.71625113,0.40324596,0.36153817,0.32309341,-0.88418484,-0.008230439,-0.60021925,0.48163891,-0.83487368,-0.12159298,-0.23388433,0.64081359,0.18896991,1.2881447,-0.16145359,0.24494471,-1.2614552,-0.24788356,-0.10688074,1.0610847,-1.1359937,0.65558749,0.17488497,-1.0385623,-6.79E-06,-0.9712919,-0.63394517,0.59487057,0.94773597,0.78188187,-0.026312239,-1.7937391,0.75129753,0.085554235,-1.0867637,0.58345383,0.039825141,0.20476571,0.77946782,-0.078123562,0.45483977,-0.36384794,0.035372417,0.63750863,-0.81233168,-1.1264389,0.012433331,0.63564706,-0.37548143,0.34134725,0.16203572,-0.14449744,-0.16355661,-0.29800484,0.46722984,0.73731202,-0.21882167,-0.41971451,-0.52458471,0.18735084,0.53866076,-1.1647276,0.40659881,-0.97759253,-0.36084184,-1.8685609,-1.0995519,-0.099145874,-0.4552795,0.27866524,-0.43501177,0.072841018,-0.12973353,-0.23472682,-0.88288379,-0.50167072,0.27988851,-1.2386875,-0.25830179,-0.036255382,0.047317035,0.26373288,-0.41378486,-1.7656388,0.58767939,0.46644542,0.86289304,-0.28459188,0.45554185,0.31981504,0.064115293,-0.10685349,-0.31562853,0.49492651,-0.7616992,-0.17456046,0.44097519,-0.33237916,-0.78683627,0.082401037,-0.65297931,-0.70777088,0.22348855,-0.46725678,0.030916275,-0.59048671,0.90367508,0.64390814,0.20252983,-0.05914744,-1.7620687,0.54519928,0.022405047,-0.17284505,-0.086546496,-0.66168755,0.073411584,-0.20971817,-0.6797483,1.1458269,-0.74696231,0.14129189,0.67655337,-1.708498,-0.16773683,0.3421106,-0.2592012,-0.4698357,-0.9401986,0.4837476,0.02633661,0.49446219,0.96744043,-0.85372484,-0.29491597,0.05189487,-0.029517176,0.13292643,0.36602128,0.16456255,-0.18372586,-1.4223152,-1.8660436,-0.85110098,0.3368293,0.27392462,0.2042536,-0.40929031,-0.42202836,0.11117201,1.0534393,-0.11606556,-0.002514824,-0.24274388,-0.23475881,1.3578609,0.17107862,0.29663935,1.7091727,-0.10810969,-2.5753803,-0.048661359,0.5235818,0.14735602,-0.10496157,-0.79505497,0.038363233,-1.5561389,0.24547508,-1.2623839,0.43684983,-0.021289587,-0.92456079,0.10289193,0.26007986,0.54589355,-0.13189182,-0.099352881,-2.7880256,0.40194443,-0.47612652,-0.064229622,-0.10853613,0.37033692,0.49435344,0.17608133,-0.15880173,0.52906221,-1.5835134,-0.77062714,-0.064273201,0.42527768,-0.359853,0.14956304,0.12560344,0.36530408,-0.014113524,0.5524497,0.37670535,1.0309842,-1.1713297,-0.27696124,0.64983308,-0.16454053,0.23733968,-0.14747235,-0.06650497,-1.2679422,-0.49615663,0.15895313,-0.4335385,0.52318859,1.19792,0.39683604,-0.51992238,0.21013089,-0.39412937,0.79159629,0.70436245,-0.49387997,0.095347404,1.4823787,0.13773322,0.24318621,-0.8945536,-0.10917222,-2.057945,1.0094544,-1.321142,-0.36196902,-0.021805353,-1.3362303,-0.37214732,0.10876679,0.51142645,0.34795052,0.78249979,0.32062387,-1.9669493,0.93504584,0.1099243,1.1572627,-0.12498742,-1.0915835,-0.035362795,-1.0687793,0.85942042,0.008340791,-0.9851256,0.52103502,-1.9464996,-1.8645244,-1.3863306,-0.46471885,0.38257781,0.68314481,0.28472918,-1.0226681,0.7797243,-1.4214486,-0.29633832,0.29431576,-1.1803068,-0.070707753,0.007863017,0.45504165,0.1458136,0.42942867,-0.095807791,0.49953181,0.052664973,0.31208417,-0.013935771,-0.2363032,-0.97507238,0.512187,1.1126416,-0.6742959,0.55301297,0.55931115,0.42046171,-0.84832799,0.7641021,0.24343619,-0.95620239,-0.59113985,0.091172084,0.066487253,0.12144607,0.86266476,-0.25824618,-0.63641793,-0.48688626,-0.018945968,0.58326834,-0.17379571,-0.099475339,-0.43565738,0.20710811,1.2586873,-1.1607677,0.17494428,0.38689542,-0.68525308,0.002167873,-0.033046305,-1.4323392,-2.0125937,-0.23020777,0.65992904,0.21415326,-0.29144835,0.82728052,0.2335915,0.50580913,0.2983059,-0.16011968,-0.50034583,0.26200736,0.076650642,-0.19559672,-0.47228682,0.20380658,0.28250211,1.5066619,-1.7816541,-0.078460865,1.7229848,1.8536147,0.56229782,-1.2704166,-0.29023546,-0.43920603,-0.19677867,0.12991755,0.19245863,0.8737638,0.7779063,0.38651341,0.23655275,0.24006659,0.74740666,0.68252176,1.3302026,-0.9150821,0.25385508,0.27389699,0.1083428,-0.3450951,-0.15779683,-1.6428311,0.37453708,0.049215492,-0.38638848,-0.16957586,0.36275536,0.20316264,-0.66112995,0.26450303,-0.23004289,0.27313021,-0.23435622,0.64916581,1.1778368,0.29299244,0.027724084,0.66631317,-0.14389944,-0.086938351,-1.0762619,0.30367526,-0.76261735,0.24248393,0.86230385,-1.0167515,-0.29606548,0.49137294,0.42118904,-0.6225428,-1.3357133,0.65908688,-0.57324219,0.12906386,-1.5968938,0.33068237,-0.1663035,-0.63929909,-0.66979659,1.1325432,0.40510958,-1.9828953,-1.2876539,-0.34005699,-0.004001259,0.26680213,-0.11133391,0.042661622,0.39457166,0.23172137,-0.1767406,0.19978547,0.34207964,0.3645384,0.022543035,-0.43323669,0.19473414,-1.5959277,-0.001236942,0.51946509,0.076158673,0.17169794,0.61237073,1.2422562,-0.45516545,-0.89602709,-0.44265467,0.27174097,-1.9347396,0.52733362,0.36806983,0.41273943,-0.85173184,-1.4737252,0.33805612,-0.44018212,0.43131381,0.089580059,-0.064114071,0.40728897,0.17095056,0.35878706,0.2512663,0.068011999,-0.15167557,-0.3336713,-2.2503393,-0.69358671,-0.9180119,0.027455017,-0.96422911,0.16700147,-0.12674665,-0.32430345,0.11754753,2
0.5224731,0.3011952,0.26229417,0.48893824,0.47626698,0.49785113,0.47918224,0.46645203,0.48187172,0.47608086,0.47430533,0.47803313,0.47293663,0.4601506,0.48920035,0.46701527,0.477938,0.50046831,0.48141825,0.47094834,0.45564044,0.46798372,0.46261942,0.46584558,0.46780393,0.46449172,0.46599221,0.46037266,0.46563834,0.46627566,0.45531887,0.46641207,0.4558399,0.45500106,0.46355474,0.44158208,0.44151843,0.45920676,0.43947655,0.44696701,-1.0293485,0.24355048,0.60314065,0.58558702,1.5338545,1.7795631,1.5586299,0.94361669,1.0832044,1.8814243,1.6217043,1.4326479,0.35381475,-0.22835068,-0.18709099,-0.35205019,0.71463299,0.37193242,0.36149102,0.3228946,-0.96079457,-0.014192535,-0.63973039,0.55376899,-0.70598316,-0.061144359,-0.34505248,0.80357814,0.22271556,1.6655536,-0.19515048,0.2574718,-1.3714828,-0.2465339,-0.013800837,0.93177962,-0.99422878,0.65272135,0.14924201,-1.0680435,-0.042089231,-1.1266452,-0.67831761,0.60769099,1.0216954,0.81132448,0.10748956,-1.8156482,1.00488,0.15416516,-1.171242,0.49678311,0.047463469,-0.073618561,0.91927457,-0.095592879,0.62906814,-0.35070652,0.071802162,0.67689013,-0.81103587,-1.2531121,0.039220143,0.59547949,-0.44624424,0.20733036,0.082021385,-0.25954992,-0.22594544,-0.33988851,0.55171776,0.85933477,-0.25601798,-0.48564863,-0.44352752,-0.021553472,0.60689652,-1.1773611,0.36801174,-1.2814767,-0.42888933,-2.0025723,-1.1370264,-0.065286145,-0.46195891,0.3308731,-0.54967296,0.095608316,-0.11265521,-0.06682305,-0.84978914,-0.36764261,0.31189191,-1.2053455,-0.34799397,-0.034561105,0.11325336,0.31432176,-0.4779332,-1.802369,0.80075717,0.49016175,0.86847246,-0.26862293,0.55539238,0.51937217,0.15007621,-0.36390027,-0.19664381,0.45848823,-0.74795067,0.038963377,0.42850971,-0.25920957,-0.87224412,0.030791733,-0.65443432,-0.64211643,0.24388199,-0.471205,0.094622128,-0.78486836,0.83701485,0.74569088,0.12294954,-0.18106142,-1.9645833,0.73462766,0.041671041,-0.26383415,-0.099695355,-0.6687749,0.12031655,-0.19569163,-0.69833744,1.1772699,-0.69581294,0.15418622,0.65280151,-1.5511713,-0.19262436,0.44319156,-0.16062251,-0.5020318,-1.0351814,0.58804357,0.25510699,0.49613339,0.97695875,-0.82247066,-0.3807894,0.071787484,-0.041519765,0.26491469,0.39079231,0.080060869,0.001243807,-1.4451263,-1.9183052,-0.8556127,0.27293301,0.64181936,0.26377305,-0.61594349,-0.43361315,0.22687602,1.074265,-0.28981566,0.041845061,-0.29575661,-0.28293589,1.2586285,0.13198514,0.29329294,1.3237383,-0.14141561,-2.582365,-0.060187422,0.78694355,0.065493189,-0.17017394,-0.80496055,0.0309636,-1.6323577,0.24277852,-1.2499676,0.084940523,0.1368001,-0.91078448,0.061423462,0.49610275,0.53202546,-0.22677588,-0.37223515,-2.9183536,0.38462752,-0.53484762,-0.094612315,-0.074241638,0.22535285,0.52790612,0.10358746,-0.20376134,0.48605761,-1.6014906,-0.87101948,-0.30567616,0.55328119,-0.42699364,0.18419068,0.21054316,0.47124532,-0.077566564,0.60808229,0.36866617,0.84760225,-1.1743677,-0.34176096,0.77808732,-0.12667392,0.19711149,-0.063607894,-0.21914083,-1.3555012,-0.59694552,0.13677649,-0.42908657,0.54192054,1.3618159,0.37475407,-0.47351146,0.55550814,-0.44074917,0.72174537,0.69955349,-0.44956887,0.089402609,1.8210982,0.22390783,0.20950706,-1.1323829,-0.12981069,-2.2132616,1.0659578,-1.3916715,-0.38496253,-0.18340388,-1.4979106,-0.31601807,0.14310798,0.23340446,0.8876909,0.6873523,0.31222275,-2.1382093,0.93223202,0.025132181,1.2756418,0.019564822,-1.118273,0.10745673,-0.9589889,0.6436671,0.3357875,-0.97187501,0.4631331,-1.9731725,-1.9942579,-1.4274848,-0.48743531,0.71774369,0.87374765,0.28320327,-1.0170655,0.82772642,-1.3798046,-0.43740571,0.33377606,-1.1789998,-0.10824901,0.010537763,0.5064106,-0.020160913,0.53211373,-0.013909616,0.43778133,0.045211107,0.33160654,0.043675117,-0.18245193,-1.0417506,0.44448116,1.2599175,-0.65641904,0.65512043,0.58682406,0.48286599,-0.79010361,1.0091296,0.38668427,-1.054235,-0.6216768,0.12278174,0.15057525,0.13252278,0.9701916,-0.32755563,-0.63771462,-0.53343332,0.016822245,0.79267251,-0.29481858,0.020624302,-0.42742544,0.19035706,1.5320436,-1.1814836,0.18539537,0.29712588,-0.68489861,0.081982598,-0.23424429,-1.4879994,-2.1786244,-0.3128134,0.62173861,0.23292558,-0.27621537,0.9309901,0.33789569,0.62087572,0.29752925,-0.14237924,-0.46789706,0.25604862,0.14400615,-0.25352412,-0.75988209,0.21365295,0.20390666,1.4030027,-1.8004338,-0.15193175,1.7451152,1.8420606,0.4733592,-1.2495308,-0.30441597,-0.38636863,-0.15448491,0.082597025,0.37031808,0.90160722,0.96492463,0.36122283,0.13828419,0.21973318,0.83317196,0.72271127,1.4902091,-0.91319263,0.4087553,0.32730037,0.098905131,-0.37391466,-0.14626814,-1.5719801,0.36190131,0.018319758,-0.45243868,-0.19614348,0.54037648,0.21501468,-0.74347317,0.24042311,-0.2809191,0.31180799,-0.1813636,0.8733809,1.3643038,0.36401078,0.001046557,0.70130539,-0.23616821,0.12232948,-1.14343,0.20951381,-0.71302378,0.22089243,0.8419838,-0.94254136,-0.36715189,0.57391244,0.4888624,-0.55214709,-1.2453803,0.6406945,-0.5582673,0.16052675,-1.5571774,0.36372632,-0.31967175,-0.57324022,-0.58649814,1.308804,0.58461082,-2.0545056,-1.2933543,-0.381001,0.057556853,0.26291829,-0.024054086,0.005957613,0.51270652,0.22095512,-0.27743468,0.32106885,0.3449707,0.39118403,-0.84960335,-0.38084286,0.47306633,-1.6771019,0.001566498,0.51238072,0.10548458,0.18773387,0.73130369,1.4393687,-0.40445259,-0.86524415,-0.31546959,0.38519183,-1.9031023,0.43757412,0.41264713,0.42057568,-0.88728172,-1.4018369,0.36714682,-0.49350959,0.54477113,0.10035134,0.010636128,0.5535304,0.15093884,0.36861515,0.4172121,0.046363585,-0.04845795,-0.40697834,-2.4478784,-0.80351245,-0.9804616,-0.007961564,-0.95312124,-0.046935469,-0.085919231,-0.25160313,0.091639891,2
0.53481996,0.2973299,0.27466443,0.49345791,0.49374831,0.51163167,0.49410999,0.48153901,0.49448693,0.49715227,0.48824054,0.48736054,0.48714656,0.47367513,0.49699694,0.47916514,0.48643571,0.50811845,0.49387234,0.47532341,0.46808273,0.48181224,0.50505871,0.47906691,0.48175275,0.47739199,0.4907946,0.47637933,0.4814285,0.47681811,0.47450873,0.47786438,0.46733755,0.47382972,0.47596145,0.45602819,0.45653424,0.47709677,0.45198786,0.46590906,-0.81309426,0.25354382,0.28995794,0.32444948,1.2047805,1.6232793,1.1987463,0.59320891,0.72352612,1.523366,1.3022075,1.0872064,0.39915588,-0.19337863,-0.18763836,-0.28476393,0.58368772,0.3152779,0.42845166,0.28464952,-0.54129338,0.040456824,-0.47933623,0.27955824,-0.73415458,-0.066098094,-0.12821861,0.58676618,0.26649782,1.3411528,-0.16108167,0.25491309,-1.0580209,-0.21979298,0.035055432,0.82328665,-0.97367626,0.51366311,0.18808004,-0.87032592,-0.12223247,-1.0179808,-0.5428679,0.43707439,0.79390919,0.601466,-0.054284453,-1.4804609,0.64932472,0.16077259,-0.91124541,0.50261426,0.038095228,-0.06972035,0.55906141,-0.012179874,0.43419296,-0.40950853,0.030806599,0.48549086,-0.59803212,-0.96576315,0.11043829,0.37064955,-0.28610224,0.16184761,0.021670265,-0.20259783,-0.11669835,-0.33552521,0.4547579,0.94077158,-0.12623364,-0.11732982,-0.44976419,0.080797166,0.40805802,-0.92340332,0.37044385,-0.90885448,-0.40361249,-1.6413145,-0.79776013,0.01484751,-0.42912084,0.31665784,-0.48445237,0.094268523,-0.10121737,-0.14943586,-0.55860817,-0.50498116,0.15193412,-0.93133712,-0.099320769,-0.13129553,0.12833685,0.16770372,-0.4526574,-1.4754406,0.4053688,0.42479771,0.65916371,-0.13195705,0.50018346,0.34179121,0.025536507,-0.3039065,-0.20690276,0.24937144,-0.54680544,-0.011118524,0.3339209,-0.19760539,-0.71460098,-0.10929853,-0.55827582,-0.56243414,0.25384954,-0.21828209,-0.002583517,-0.62098944,0.66588753,0.57164782,0.01646984,0.014445593,-1.6430178,0.65649009,-0.069773108,-0.14184429,-0.056362297,-0.53726268,-0.008363145,-0.12925676,-0.58380318,0.89001912,-0.67368823,0.11024383,0.39900768,-1.2120726,-0.079050839,0.35775292,-0.065391846,-0.42272633,-0.77531445,0.53467411,0.19509134,0.27103478,0.68893868,-0.61377859,-0.25167298,0.06992875,0.043231606,0.2189278,0.11202973,0.046525329,-0.11334952,-1.0733962,-1.481115,-0.72541314,0.22998175,0.50424176,0.2012291,-0.50794047,-0.31323618,0.17355096,1.4119939,-0.098540828,0.018962193,-0.35147855,-0.201148,0.91991121,0.12870702,0.23404904,1.4880965,-0.09450537,-2.1026144,-0.14335993,0.60351104,-0.023133172,-0.055575244,-0.60015905,0.082729787,-1.4044552,0.2283957,-1.194355,0.33934569,0.20648691,-0.74048418,0.015463181,0.12603654,0.3763085,-0.22407234,-0.16475472,-2.3113308,0.20730628,-0.71671253,-0.038343683,-0.21594471,0.06180758,0.43611434,0.12342764,-0.27150261,0.62461352,-1.3241347,-0.78072798,-0.14766185,0.400895,-0.37900209,0.2485394,0.2482329,0.45884833,-0.00773907,0.50407737,0.39128673,0.80445009,-0.90803492,-0.30971313,0.51391494,0.032842427,0.24747829,-0.042606033,-0.23958339,-1.038548,-0.42562649,0.071546599,-0.37106848,0.47507983,1.0105578,0.36105445,-0.35343507,0.16963014,-0.36368683,0.50913572,0.57771289,-0.38133496,0.04208231,1.4274514,0.14447419,0.16676658,-0.82962728,-0.24030599,-1.798565,0.92638677,-1.1325128,-0.30487552,-0.13554128,-1.3819449,-0.15680835,0.1671561,0.19033182,0.35718614,0.4575102,0.27813289,-1.5917623,0.79875046,-0.030430926,0.95809186,-0.047138676,-0.96822745,-0.12518594,-0.76303178,0.49588123,0.10529381,-0.83938318,0.20561448,-1.5210276,-1.5313315,-1.3205202,-0.33540642,0.47980604,0.49729228,0.25772709,-0.74756527,0.62299711,-1.1897433,-0.27055091,0.28736979,-0.99984062,-0.13500547,0.039736215,0.40559781,0.12789533,0.36395404,-0.00981403,0.28411341,0.070497394,0.56756932,-0.043927148,-0.13738896,-0.6859116,0.35122606,0.96130186,-0.43296564,0.6115309,0.51060891,0.60240263,-0.64491242,0.52200055,0.37945834,-0.90953845,-0.4412424,0.064809501,0.10582362,0.21355937,0.75720924,-0.34842271,-0.5084179,-0.44844991,-0.006527325,0.51938623,-0.15529831,0.082113855,-0.20955816,0.16561255,1.1190038,-0.87909639,0.14064009,0.28968453,-0.6842249,-0.083099455,-0.22604582,-1.2238108,-1.6285083,-0.34348506,0.59560722,0.11884753,-0.28062823,0.67528093,0.22177359,0.47542068,0.21745113,-0.1913375,-0.37107027,0.20113978,0.062490255,-0.11094168,-0.58252031,0.18127725,0.17670837,1.1968218,-1.5508245,-0.14731324,1.3805172,1.4810619,0.39246583,-1.1387093,-0.21866319,-0.27987295,-0.083642222,0.025167424,0.31997299,0.66643077,0.65928799,0.4050003,0.1622092,0.15945306,0.79930764,0.71845919,0.99718428,-0.68945104,0.26154584,0.21117987,0.20687768,-0.34325439,-0.18124868,-1.4173725,0.30306146,0.066398859,-0.38366133,-0.16655235,0.35394189,0.12579459,-0.7252844,0.19257872,-0.18571191,0.052436039,-0.13162372,0.47139969,0.92235589,0.25627026,0.058712788,0.5341745,-0.10558285,0.13971074,-1.0069238,0.26948398,-0.55060321,0.17702669,0.61721617,-0.86235148,-0.34554571,0.28780821,0.39844728,-0.45075074,-0.99168056,0.52580446,-0.56032413,0.069609568,-1.3794278,0.31979957,-0.13197616,-0.43248621,-0.48371804,0.90132111,0.5099498,-1.709982,-0.97046238,-0.2966662,-0.001517381,0.25066218,-0.001453083,0.055432923,0.43501917,0.18369934,-0.20503865,0.28866154,0.26947623,0.30501777,-0.10683298,-0.29285312,0.19244349,-1.3730813,-0.009336814,0.29083762,0.037232924,0.19423771,0.59263659,0.89088517,-0.33144417,-0.75653857,-0.35359815,0.037443224,-1.7115911,0.3123306,0.33655402,0.39318556,-0.66043121,-1.185146,0.21092376,-0.57607162,0.24737158,0.054410342,-0.043119736,0.34375042,0.1317955,0.29445732,0.370754,0.016819563,-0.1516594,-0.29027343,-2.0209599,-0.64347631,-0.7595033,0.014772974,-0.69662815,0.27003399,-0.058823854,-0.24397638,0.043512244,2
0.45731297,0.22576757,0.19879204,0.42242196,0.4174622,0.45240879,0.40172088,0.40655234,0.42844972,0.42496061,0.41398403,0.41806769,0.40131235,0.37554723,0.42104989,0.39712852,0.41456801,0.4381229,0.42280936,0.39689714,0.40362895,0.4066326,0.39895964,0.41185629,0.41428331,0.39417857,0.40038162,0.41207093,0.3852002,0.41838017,0.40094864,0.4020752,0.39343882,0.38438767,0.40051144,0.35732105,0.37878808,0.40582031,0.38012561,0.39949444,-0.85031962,0.177237,0.33109468,0.40987089,1.296073,1.6863527,1.2835243,0.68510813,0.8155098,1.6076806,1.3828609,1.1847293,0.29655695,-0.24891309,-0.14381635,-0.31846797,0.57784224,0.33014965,0.36750907,0.28563687,-0.88348573,-0.033444799,-0.50785297,0.40100402,-0.69552803,-0.036412582,-0.10377869,0.63642794,0.21851173,1.5437528,-0.17351826,0.15860733,-1.1926788,-0.22089973,0.002511063,0.91634142,-0.93189085,0.55651963,0.39824948,-0.91253316,-0.15172732,-1.0719335,-0.56489545,0.31986845,0.75071955,0.76607287,-0.010791781,-1.6276711,0.74113524,0.14860845,-0.95189351,0.56859279,0.099626467,-0.11193529,0.58235186,-0.083140664,0.26196507,-0.40051192,0.03440813,0.56990075,-0.47473693,-1.079535,0.086085856,0.50825822,-0.24079116,0.18847619,-0.025124105,-0.15974011,-0.2214081,-0.33114985,0.36833057,0.87382442,-0.15799636,-0.25516266,-0.43106148,0.23097205,0.4727473,-0.96082091,0.44674423,-1.2252171,-0.41054726,-1.7598867,-0.98754376,0.032647852,-0.49624467,0.21641886,-0.42257118,0.096501127,-0.11908446,-0.12904714,-0.57194322,-0.39527726,0.07674174,-1.0536937,-0.22222659,-0.11703272,0.24068035,0.23359138,-0.4688412,-1.5439698,0.43848217,0.39517358,0.77452362,-0.13362534,0.57122028,0.31002715,0.078684263,-0.26962322,-0.23558776,0.36414605,-0.37409344,-0.2081382,0.34008583,-0.20168591,-0.74399108,-0.039727151,-0.54881734,-0.5966804,0.29159519,-0.34650776,0.030794019,-0.6102398,0.66098511,0.56217498,0.033093065,-0.09253633,-1.6386362,0.79546428,-0.091084227,-0.16130035,-0.064941846,-0.54494631,0.00738947,-0.10032026,-0.60144359,1.0164783,-0.60870969,0.035195269,0.48174235,-1.7918564,-0.081357017,0.32139364,-0.080211207,-0.60713077,-0.89912534,0.52484775,0.28914997,0.42776811,0.75146151,-0.65878469,-0.25051621,0.059721325,0.12991184,0.22348838,0.3302474,0.17448846,-0.14937377,-1.1905751,-1.560104,-0.71264958,0.24068467,0.69808263,0.20557542,-0.44609287,-0.23120672,0.11651405,1.3405864,-0.066319197,-0.025848478,-0.33777282,-0.26602316,1.1381376,0.13495488,0.22584178,1.4716582,-0.10293616,-2.4247103,-0.051052976,0.42327321,-0.014185471,-0.13287616,-0.77688873,0.14944667,-1.4095025,0.24827479,-1.163882,0.7523492,-0.056227408,-0.80890036,0.067183368,0.17774481,0.55415612,-0.22200307,-0.36451045,-2.5330572,0.40905783,-0.62655354,-0.042749085,-0.2283455,0.28804415,0.56877536,0.20118687,-0.20163123,0.52527714,-1.4479457,-0.78349006,-0.25508133,0.38083577,-0.37505883,0.14968348,0.31336528,0.4493112,0.019106796,0.50162303,0.4941608,0.76365149,-0.87331384,0.16201288,0.65083367,-0.011133093,0.29869637,-0.052281864,-0.23399863,-1.1373022,-0.52365053,0.11532497,-0.36689708,0.43660435,1.2027407,0.40572077,-0.42710307,0.2192331,-0.30014598,0.56905276,0.6398102,-0.50544274,-0.005321972,1.4843112,0.19835898,0.121681,-1.0748414,-0.28362501,-1.8679229,1.0944109,-1.3844905,-0.3337616,-0.076818012,-1.4280601,-0.015230089,0.18868436,-0.054837078,0.3819747,0.42158663,0.33213198,-1.7468219,0.88474607,0.14806344,1.195693,-0.027152941,-0.97140008,-0.090874471,-0.75782269,0.57887912,0.28069207,-0.85051465,0.43899477,-1.7449837,-1.6962528,-1.3419738,-0.39895964,0.36939806,0.21891525,0.24991661,-0.84951317,0.65458608,-1.3798841,-0.18396881,0.18987134,-1.1447592,0.10088985,-0.037950929,0.47255078,-0.037118822,0.35532212,-0.002421875,0.52501947,0.038246721,0.79460853,-0.10806293,-0.13935773,-0.72947723,0.3852019,1.0677495,-0.52808696,0.53806579,0.51707733,0.64117813,-0.60657996,0.67842865,0.46082598,-0.97770607,-0.61000025,0.073578283,0.13668314,0.28432253,0.78710473,-0.32188964,-0.46298173,-0.44510588,0.021205854,0.59757012,-0.24906953,-0.008567706,-0.31803441,0.11300962,1.1493191,-1.132888,-0.030978486,0.30456468,-0.59743208,-0.097297639,-0.15549466,-1.4106611,-1.8940507,-0.16108337,0.57895935,0.092511401,-0.263924,0.82859927,0.17976667,0.49617895,0.22465096,-0.36522144,-0.49227971,0.22691701,0.05920773,-0.09005481,-0.43707958,0.12742746,0.16515414,1.3361188,-1.5720409,-0.1540067,1.6645405,1.4989709,0.29035294,-1.2597655,-0.26340714,-0.39121935,-0.16004968,0.060255513,0.37302637,0.89496374,0.82769543,0.40188354,0.186381,0.1832442,0.60149837,0.78002155,1.036238,-0.72823578,0.27009571,0.35172564,0.089942306,-0.34374419,-0.16260107,-1.6823362,0.30191842,0.004725594,-0.32906079,-0.20580547,0.43108904,0.14451335,-0.51546067,0.32890713,-0.21582246,-0.023067206,-0.17867076,0.69799888,1.0891073,0.22129726,0.019973136,0.60762882,-0.18272087,-0.034559418,-1.0287118,0.33366874,-0.59197599,0.26678717,0.76750034,-0.93175256,-0.38839036,0.40825266,0.50475365,-0.58465314,-1.0966902,0.56461549,-0.59336114,-0.038094774,-1.3948785,0.32553935,-0.058471471,-0.47517043,-0.55382401,1.0336488,0.49465951,-1.7696289,-1.2977399,-0.27274749,-0.022586212,0.2139632,-0.005981084,-0.041930031,0.52981913,0.17496783,-0.10573632,0.1143398,0.39625734,0.45657411,0.011537284,0.019943863,0.22934543,-1.4547336,0.009366924,0.47727352,0.027509475,0.13554619,0.64169997,0.87950003,-0.35307595,-0.7283594,-0.39796463,-0.16019109,-1.8253851,0.27858323,0.23797277,0.37170425,-0.70114666,-1.4333161,0.27572325,-0.6475876,0.078402638,0.037753411,-0.060443401,0.58277136,0.08383704,0.32630041,0.45715988,0.021598544,-0.1794724,-0.4019714,-2.1442158,-0.79317319,-0.91888744,0.079168409,-0.95867223,0.28437328,-0.10519019,-0.34478411,0.12298547,2
0.53519022,0.3192696,0.27102867,0.50038904,0.49793297,0.51613021,0.50237942,0.49010056,0.49894744,0.48882651,0.49671561,0.49145579,0.49039093,0.48291457,0.51061332,0.49232244,0.50121439,0.52271968,0.49464414,0.49529588,0.47918653,0.48850012,0.47574961,0.48887813,0.49080297,0.48753935,0.48890579,0.47918898,0.4837743,0.47969431,0.47413164,0.48120445,0.46335703,0.47874802,0.48247999,0.46636838,0.46726474,0.48754981,0.46467078,0.46971661,-0.9580313,0.25063264,0.49766898,0.52332544,1.4398506,1.6974607,1.439816,0.83737981,0.96178699,1.7636657,1.5191405,1.3218876,0.34607309,-0.23710291,-0.24968731,-0.28745186,0.62176704,0.3398717,0.34408954,0.29403403,-0.72300732,0.031573951,-0.59824121,0.38661826,-0.72855175,-0.033793613,-0.16350493,0.68819547,0.45509973,1.5125048,-0.24770172,0.19660009,-1.1556784,-0.26321277,0.07230895,0.85239041,-1.0692033,0.5930683,0.25048274,-0.99097794,-0.11800712,-1.246138,-0.52194721,0.56535459,0.82087636,0.89361644,-0.00875257,-1.6755402,0.73832238,0.10367921,-0.92892289,0.48175144,0.042141873,0.065288685,0.59316432,-0.12392846,0.51234865,-0.59188116,0.041517403,0.53678763,-0.71492445,-1.218141,0.10309376,0.4852072,-0.28770375,0.34658331,0.058595195,-0.2147052,-0.1417439,-0.35231441,0.49316961,1.0428182,-0.25152206,-0.24265431,-0.58763236,0.19094241,0.62877607,-1.1057316,0.36714214,-1.0071509,-0.38918579,-1.8861568,-1.0488065,-0.058887437,-0.51213557,0.30370253,-0.45160276,0.10940266,-0.1432011,-0.18901116,-0.82904279,-0.33311433,0.013741795,-1.0837921,-0.1945594,-0.18989226,0.11756669,0.21147043,-0.5301308,-1.7926292,0.66730678,0.47228977,0.86739868,-0.16273409,0.56672889,0.32536596,0.084638067,-0.15713212,-0.27580437,0.30073372,-0.54642093,-0.038177975,0.37977833,-0.2977553,-0.88815004,-0.044514909,-0.64341158,-0.69765157,0.30972314,-0.29410303,0.005758596,-0.66842508,0.86183274,0.62551469,0.037258103,0.091612771,-1.9437542,0.75245219,-0.080192089,-0.12253799,-0.13994557,-0.58088899,-0.080856524,-0.14110823,-0.5682615,1.1632663,-0.59684992,0.098245956,0.57444119,-1.8958583,-0.21066454,0.35616317,-0.004970826,-0.67510617,-1.0195895,0.56850868,0.22012129,0.26854503,0.83255684,-0.67486447,-0.2659457,0.030801037,-0.14816689,0.2829352,0.28206685,0.13548858,-0.052856285,-1.3182348,-1.5901964,-0.82611436,0.23254739,0.70708615,0.20392315,-0.42929566,-0.36330017,0.16489153,1.4706504,-0.051188819,0.11877961,-0.38160962,-0.34847289,1.2152525,0.14356194,0.25201991,1.6630226,-0.11908092,-2.4190378,-0.088717788,0.74166006,-0.043608919,-0.13579684,-0.83984369,0.085436076,-1.6152655,0.19993231,-1.3579439,0.24749087,0.069660008,-0.81365967,0.030492811,0.3281348,0.52724451,-0.29476836,0.052845418,-2.8165972,0.28904858,-0.4296068,-0.012507644,-0.068013415,0.160183,0.50231546,0.091909081,-0.19323039,0.78568959,-1.6405331,-0.7927438,-0.33652407,0.34186244,-0.45442867,0.12045243,0.18143241,0.50342411,0.024035966,0.56383407,0.48613706,0.85981292,-0.95715773,-0.34630561,0.60242492,-0.011512727,0.33308837,-0.09118785,-0.26365349,-1.1808137,-0.49878585,0.096755326,-0.37672859,0.58868384,1.2686676,0.3944636,-0.39465034,0.16348259,-0.52866602,0.76482016,0.57906544,-0.46937501,0.066574678,1.8570006,0.11049544,0.157258,-0.95683002,-0.10682248,-2.1749976,1.0170647,-1.4217471,-0.46312535,-0.18368651,-1.3945779,-0.27595496,0.30699179,0.16854262,0.55548704,0.25524771,0.50541687,-1.981686,0.9249177,0.011299773,1.1843563,0.093486473,-1.0659808,-0.051490113,-0.897093,0.58405215,0.16035692,-0.89227718,0.35305154,-1.9583843,-1.6867136,-1.5578595,-0.34946305,0.48231554,0.57495856,0.25751188,-0.95975339,0.70448875,-1.4216111,-0.24610296,0.27339783,-1.1606945,-0.043397352,0.012918769,0.47100183,-0.11451415,0.48505944,0.078080811,0.46496451,0.016140476,0.56531328,-0.011054823,-0.079970233,-0.68919963,0.37573498,1.1780511,-0.53682226,0.57610506,0.48457947,0.62604654,-0.7443704,0.56267691,0.50203264,-1.1387037,-0.57793105,0.063546255,0.17203276,0.25728387,0.91693956,-0.30476624,-0.54846078,-0.56648231,-0.004428119,0.67414522,-0.29668969,0.05082947,-0.31133038,0.17110169,1.3480678,-1.2404925,0.10205323,0.29914477,-0.66429621,-0.020711668,-0.12339595,-1.4072105,-2.01739,-0.28731325,0.58637178,0.17131099,-0.23451015,0.71480632,0.34861645,0.45131004,0.25176507,-0.19850126,-0.55971539,0.22589591,0.14810482,-0.078771211,-0.45346561,0.17474151,0.12929368,1.32789,-1.7581255,-0.12954269,1.6508564,1.800541,0.55314195,-1.1734989,-0.22222704,-0.42423388,-0.070244893,-0.00751928,0.52535129,0.97391593,0.95983958,0.58672762,0.16031633,0.23992357,0.8206659,0.84591329,1.1356853,-0.78616428,0.34036219,0.40371841,0.16607121,-0.38560808,-0.16510341,-1.5810041,0.2809968,-0.009810146,-0.42719096,-0.26083562,0.44318435,0.1428014,-0.79649621,0.19095182,-0.22829756,0.36995402,-0.17088114,0.70710027,1.193697,0.26319185,0.015014024,0.6697408,-0.18368277,-0.013517096,-1.1584839,0.26880294,-0.59643966,0.24338666,0.75795698,-0.76895249,-0.46310419,0.44169769,0.47519839,-0.64957398,-1.3291807,0.57818663,-0.64235574,-0.024980966,-1.5330979,0.40670717,-0.20859259,-0.58867872,-0.54606777,1.1133716,0.58663964,-1.9101785,-1.2789757,-0.30630925,0.017695434,0.32731077,0.0203031,0.047442615,0.53113019,0.18572727,-0.19872326,0.23146288,0.40665087,0.45674244,0.01829993,-0.14211129,0.29732352,-1.6252391,-0.025932945,0.49076134,0.000188399,0.18606171,0.68873793,1.068513,-0.40257961,-0.91860056,-0.32347134,0.12030427,-2.0055718,0.30337864,0.32935262,0.38298789,-0.7349503,-1.3436974,0.24457353,-0.66934127,0.14745566,0.12680177,-0.052911624,0.42067257,0.15417096,0.30909136,0.52592349,-0.015135985,-0.28176385,-0.46697056,-2.3313665,-0.85512948,-0.93354023,0.014072109,-0.89014179,0.21667083,-0.12489368,-0.30293947,0.091978103,2
0.51021934,0.28821531,0.25487155,0.48488432,0.48767316,0.49644497,0.48006195,0.47540626,0.46835178,0.48114485,0.47427726,0.47809306,0.47730717,0.46752533,0.48653418,0.46400005,0.46542218,0.4856343,0.47447547,0.46238273,0.45234138,0.47758394,0.45991945,0.45646328,0.46799496,0.46270734,0.48356384,0.45914438,0.46208745,0.46739885,0.46013176,0.46821889,0.45015734,0.46038115,0.46930051,0.44539762,0.43867955,0.45336226,0.43594503,0.4541758,-0.83045226,0.2404601,0.39507699,0.42566049,1.3477037,1.7108845,1.2990777,0.72527117,0.84140491,1.6633916,1.4098027,1.2153891,0.33889937,-0.19823648,-0.18985105,-0.31917304,0.61304939,0.34953576,0.3084285,0.29471496,-0.82064092,0.022308357,-0.56789589,0.37544897,-0.84364247,-0.07776095,-0.19256376,0.61750317,0.22630598,1.5365753,-0.14108461,0.23430961,-1.1693341,-0.19329835,-0.057466142,0.85676181,-1.0518922,0.54722369,0.17911506,-0.88971043,-0.1325881,-1.1250354,-0.59748578,0.36291,0.82279241,0.69657874,-0.024824992,-1.6129954,0.61238682,0.12191381,-1.0290529,0.56254214,0.081893079,0.10078312,0.71739274,-0.041741159,0.53028929,-0.28037372,0.0872778,0.52419049,-0.67844677,-1.0140911,0.048421919,0.55144626,-0.40249148,0.2382855,0.04804289,-0.17952235,-0.16841182,-0.30047661,0.49149975,0.80634058,-0.16084726,-0.43025213,-0.54990387,-0.026523799,0.36357912,-1.0024993,0.3435474,-1.1473334,-0.34388518,-1.7472183,-0.89609963,-0.034468472,-0.46752915,0.3479135,-0.46875662,0.087027952,-0.09012527,0.007124156,-0.79887354,-0.57643604,-0.17142609,-1.0086758,-0.30654955,-0.000473641,0.14130519,0.32137847,-0.40845737,-1.5343517,0.22415929,0.44549379,0.75980991,-0.1796217,0.46213326,0.26703972,0.051647455,-0.38072276,-0.3330422,0.26937535,-0.40093669,-0.14612669,0.38707474,-0.18942791,-0.74523181,0.026967272,-0.60845494,-0.47529754,0.21278633,-0.25763303,0.055874266,-0.72055382,0.82183081,0.49494711,0.15036166,-0.2096259,-1.5828134,0.68728536,0.035544124,-0.19961283,-0.064458542,-0.6011728,0.024871288,-0.14969678,-0.71488476,0.93201327,-0.68025064,0.13772219,0.44923261,-1.4422801,-0.15079537,0.29738012,-0.20277032,-0.39115086,-0.79654682,0.51622456,0.15729295,0.40557426,0.83650672,-0.74387169,-0.31481427,0.047759511,0.068183266,0.20492536,0.37326336,0.22609474,-0.098185413,-1.1915714,-1.6576076,-0.63882118,0.24786516,0.57118267,0.2202976,-0.4494279,-0.32030696,0.13544379,1.150305,-0.20860413,0.037639931,-0.27960354,-0.13612896,1.1169041,0.14506905,0.26539755,0.98576057,-0.046479769,-2.21735,-0.12884469,0.33876061,0.029456688,-0.093294859,-0.5830394,0.11776888,-1.3785709,0.27398396,-1.1889691,0.23845372,0.15511999,-0.85293782,0.052650746,0.13284782,0.4167136,-0.19867532,-0.33327657,-2.3980472,0.33167565,-0.59870315,-0.039677206,-0.006645069,0.068907335,0.53834307,0.094811313,-0.23270844,0.64338553,-1.3122448,-0.76316738,-0.30591372,0.35082963,-0.40544528,0.15019093,0.23022263,0.32346132,0.010162917,0.55513883,0.42590356,0.78068298,-0.90970284,-0.30636612,0.45760769,-0.009788133,0.24043247,0.001394313,-0.23120072,-1.195655,-0.47305435,0.10520043,-0.38477892,0.54925627,1.0079566,0.33165461,-0.43787315,0.19561535,-0.30562285,0.67452753,0.42488387,-0.38302666,0.14344105,1.5363466,0.12487258,0.2797721,-0.9447695,-0.006109074,-1.9134548,1.0183382,-1.2654302,-0.22830307,-0.12531836,-1.378509,-0.18976358,0.11711361,0.12875754,0.60400105,0.37910977,0.26033667,-1.6931802,0.84192187,0.14242107,1.0416987,-0.05769898,-1.0747097,-0.04503775,-0.86201596,0.51555163,0.25691834,-0.89064837,0.25057772,-1.7085025,-1.6298651,-1.2853807,-0.40242022,0.37225679,0.3966639,0.25038195,-0.83546156,0.69794804,-1.1420513,-0.24702947,0.26056054,-1.1090689,-0.10465072,0.033519067,0.46622184,0.17082733,0.33554977,-0.027481096,0.58104706,0.085589372,0.6158281,-0.014557475,-0.16419509,-0.68878543,0.42710197,1.0282853,-0.59115589,0.4990508,0.52391034,0.55691302,-0.72565103,0.66917157,0.37362114,-0.91284752,-0.51160592,0.13126174,0.054778673,0.16160046,0.69274366,-0.33541611,-0.5507006,-0.44540372,0.001694284,0.507177,-0.19399068,-0.013066985,-0.32176363,0.23818268,1.1110905,-0.89101613,0.10944921,0.25843114,-0.61717063,-0.10750479,-0.31258214,-1.2815653,-1.7304205,-0.23880967,0.56287485,0.12189452,-0.29195303,0.79128683,0.22104548,0.45824403,0.26509404,-0.13679507,-0.39479491,0.18814561,0.09055353,-0.15346795,-0.67326897,0.2034857,0.24596795,1.2026035,-1.5647637,-0.030286714,1.4859623,1.5679446,0.56301475,-1.3011421,-0.23510572,-0.30684626,-0.14092082,0.009370757,0.26117271,0.70364994,0.60620636,0.30639455,0.11414111,0.22224107,0.8156873,0.68967968,0.91611207,-0.88509887,0.3349635,0.16603842,0.18449108,-0.27137792,-0.16837335,-1.5976191,0.30716613,0.03440541,-0.33129817,-0.095730096,0.18604875,0.19471826,-0.72403067,0.27965856,-0.19010001,-0.10614759,-0.015229352,0.46914661,0.94673872,0.28175771,0.049177811,0.60952806,-0.038155273,-0.041081265,-1.0085762,0.24713433,-0.72006947,0.15290359,0.7265892,-0.80819297,-0.2813611,0.43503737,0.4979265,-0.54619247,-0.96932232,0.57750958,-0.47096145,0.14146456,-1.4666938,0.24441904,-0.20407854,-0.43392575,-0.53807658,0.97299337,0.55337065,-1.7807783,-1.091766,-0.33427858,0.025775712,0.24016048,-0.010417378,0.06613224,0.372006,0.22433764,-0.14236051,0.20487171,0.30838647,0.39327395,-0.17527248,-0.19537272,0.20194668,-1.468981,-0.026113693,0.3276813,0.079747759,0.20258904,0.6350832,0.98294342,-0.3319965,-0.75887156,-0.38721359,0.069714688,-1.776577,0.41697508,0.24996486,0.38902491,-0.74547338,-1.3746743,0.2771138,-0.53433859,0.2314548,0.001343697,-0.042050302,0.40956312,0.12805025,0.32093424,0.33572158,0.043234043,-0.16435364,-0.27057371,-2.0821502,-0.57240367,-0.86063504,0.044526666,-0.80488443,0.19741002,-0.24089569,-0.21963528,0.11193966,2
0.54266846,0.32704824,0.28357962,0.52939808,0.53069401,0.5389061,0.52531791,0.52524388,0.52639025,0.52522957,0.51817191,0.52365577,0.5254395,0.50377363,0.52527219,0.51114362,0.52086645,0.53805381,0.4888995,0.51091903,0.50810903,0.5131613,0.51172405,0.50278604,0.50892127,0.50177187,0.50905752,0.49619898,0.50670177,0.50649482,0.49263433,0.50522882,0.49140882,0.49780682,0.50365883,0.4777835,0.48041272,0.50067425,0.4731397,0.489584,-0.82652664,0.26872027,0.35292608,0.3473579,1.2850924,1.6806297,1.2670488,0.68046033,0.79431486,1.6061366,1.3792049,1.1569351,0.35241029,-0.19941421,-0.11948818,-0.32808423,0.53201354,0.33744565,0.34051213,0.2679964,-0.71282661,0.057268314,-0.45272326,0.32649276,-0.74491721,-0.098790288,-0.16653258,0.61791027,0.29329652,1.5509732,-0.16187687,0.20155163,-1.1738174,-0.2058429,0.044766109,0.76974869,-0.91540951,0.56377482,0.44541034,-0.86712044,-0.13977379,-1.1379447,-0.56613487,0.21468443,0.73702508,0.64630741,0.076841287,-1.5804935,0.60030407,0.13103206,-0.99028343,0.56159455,0.1139443,-0.016017608,0.49961758,-0.10574376,0.28997234,-0.44124919,0.09927664,0.51252437,-0.43023315,-1.0818172,0.090321168,0.56175035,-0.28811419,0.25374097,-0.13585714,-0.15920183,-0.2955468,-0.29044116,0.35995981,0.82245576,-0.17973776,-0.60274243,-0.61427319,0.29560384,0.41051245,-1.0242873,0.43801335,-1.3885125,-0.3390092,-1.6611775,-0.98250866,-0.043851949,-0.52536833,0.21714561,-0.42582312,0.27647057,-0.094063416,-0.23381206,-0.65716493,-0.33717075,-0.25508505,-1.0537739,-0.24509908,-0.11037324,0.24966462,0.2650246,-0.45041236,-1.5909897,0.060909212,0.43917927,0.76256496,-0.1171308,0.45711106,0.24448684,0.077147581,-0.59290028,-0.27695036,0.23175906,0.055893779,-0.15029617,0.34372112,-0.36800775,-0.75056249,-0.022373995,-0.59326416,-0.65569568,0.29024535,-0.35823345,0.018641023,-0.55542415,0.63195711,0.58096427,0.022204679,-0.067550182,-1.7219455,0.74783885,-0.063169912,-0.13524435,-0.06865719,-0.53095931,0.063122816,-0.2410371,-0.58653879,0.94685578,-0.59903938,0.15840271,0.42964929,-1.4292969,-0.25410432,0.32847306,-0.22625276,-0.52930057,-0.94785166,0.53575903,0.17217003,0.60114533,0.65655899,-0.70834047,-0.31372541,0.072750047,0.13865244,0.16263098,0.36677885,0.14124343,-0.14214131,-1.1941708,-1.5621856,-0.67574459,0.31495702,0.61014074,0.14393836,-0.45316866,-0.29262266,0.13708158,1.5396339,-0.17657818,0.046349723,-0.37045577,-0.24132821,1.0002489,0.13483258,0.25725302,0.9839853,-0.02918279,-2.1349449,-0.069980316,0.34308714,0.029225238,-0.21535313,-0.76695991,0.13096456,-1.4641361,0.31390047,-1.1671834,0.64653146,-0.028583601,-0.78178334,0.072855979,0.085222825,0.67348456,-0.25643051,-0.49560878,-2.5166426,0.36701888,-0.7183736,-0.068487391,-0.13453403,0.12251495,0.67306173,0.16838065,-0.2384712,0.71407288,-1.5085422,-0.89402306,-0.34507203,0.37017599,-0.34693164,0.099471852,0.22164927,0.44282502,0.010873519,0.56855494,0.45116982,0.80426472,-0.96670061,-0.2654292,0.42431289,0.13844116,0.22663683,-0.13295479,-0.29638606,-1.1561334,-0.47879153,0.13657159,-0.41012952,0.49016732,1.0526345,0.39064941,-0.46423274,0.2112633,-0.32740995,0.39383674,0.39003462,-0.51497203,0.13709053,1.476217,0.13020562,0.15282261,-1.2745587,-0.13447732,-1.8890723,1.2326196,-1.4277818,-0.26441097,-0.18432538,-1.6937027,-0.034087017,0.24237487,0.22212198,0.49571562,0.4937889,0.2509461,-1.722756,0.97082168,0.051740367,1.0728933,-0.094303273,-1.0699704,-0.062078841,-0.73708916,0.57975328,0.059382513,-0.84435481,0.28848135,-1.7486051,-1.6468582,-1.3719406,-0.35388458,0.32109791,0.21283484,0.22951582,-0.94971097,0.68134665,-1.1698691,-0.14243799,0.29831302,-1.1527207,0.000930009,0.05392338,0.56436336,0.10042927,0.21084964,-0.001604043,0.40474287,0.17343356,0.98555177,-0.007666227,-0.19915661,-0.73556411,0.38302216,0.98517203,-0.60562706,0.60040414,0.5324108,0.63974762,-0.60488307,0.51673269,0.50902516,-1.0584623,-0.58277476,0.10707699,0.26032931,0.27475673,0.60039401,-0.29622331,-0.50136185,-0.45894051,0.058572024,0.58522099,-0.27574855,-0.039389782,-0.29071632,0.11154354,1.0752232,-1.0132186,0.16946901,0.26794842,-0.54157221,-0.030737624,-0.31556296,-1.3792765,-1.863341,-0.043153942,0.54288447,0.14670935,-0.27521479,0.82786179,0.22057508,0.47833011,0.243002,-0.28065291,-0.50138855,0.21507891,0.099489354,-0.12939803,-0.77552444,0.22487712,0.15293182,1.1600652,-1.5692723,-0.14111385,1.5766196,1.3862963,0.41820589,-1.3103461,-0.2813412,-0.51793408,-0.12745607,0.054822944,0.44959781,0.85346675,0.84412086,0.39078155,0.097498924,0.22963227,0.68064427,0.71531081,0.87619078,-0.96079206,0.27267018,0.18893678,0.049542174,-0.32152078,-0.18083224,-1.6622857,0.30363446,0.095941998,-0.3448047,-0.22608089,0.086130679,0.11928105,-0.74634719,0.3920573,-0.19299044,-0.13183267,-0.16543862,0.60442209,0.95507473,0.22308181,0.08379966,0.63165408,-0.13027462,-0.13445547,-1.0111752,0.25233829,-0.51430494,0.094183326,0.77745527,-0.84851617,-0.39891785,0.4769778,0.50234002,-0.61029285,-1.0488099,0.52680761,-0.47917819,-0.10853747,-1.5459281,0.33815247,-0.082890809,-0.48179185,-0.4380661,0.82490331,0.43069172,-1.8353982,-1.2680801,-0.31891984,0.049795255,0.31487808,0.068104729,0.07390479,0.58476228,0.17924753,-0.053691365,0.19584081,0.27629724,0.51029855,-0.17768744,0.041205138,0.096446417,-1.4717149,0.29456246,0.59219587,-0.023302633,0.20082662,0.78202975,0.77626967,-0.35573906,-0.76570326,-0.41675752,0.10248429,-1.8683276,0.28661731,0.21076018,0.45810992,-0.71119857,-1.2611212,0.21143652,-0.61108708,0.037953019,-0.026652291,-0.000346556,0.75625497,0.10968249,0.34414095,0.44609401,-0.004765966,-0.25737566,-0.39594799,-2.1438239,-0.70756698,-0.98999649,-0.04497328,-0.96155465,0.32235217,-0.23226394,-0.29097691,0.053956956,2
0.46315378,0.2563141,0.22077467,0.45208606,0.44806838,0.46013767,0.44863236,0.44525257,0.44812304,0.45436573,0.43741152,0.44007257,0.44095671,0.4239772,0.45155734,0.43394995,0.43120608,0.45641702,0.44789851,0.42795721,0.42443281,0.43349889,0.43149161,0.42108285,0.42954874,0.43337858,0.43875447,0.42708394,0.42559427,0.43499944,0.41509849,0.42623043,0.41306627,0.41650516,0.42185706,0.4017998,0.39902723,0.41735613,0.39810178,0.40982646,-0.67697668,0.20997804,0.20779467,0.30035698,1.1919085,1.5857005,1.1281922,0.55663943,0.66092044,1.4729223,1.267678,1.0289633,0.2388753,-0.16234845,-0.19285153,-0.26276574,0.50339776,0.29465795,0.26842877,0.24554305,-0.41253173,0.041428886,-0.47489515,0.42357004,-0.56278795,-0.094923541,-0.14488253,0.59503108,0.10046782,1.3136508,-0.21694569,0.16330652,-0.93039322,-0.17158976,0.064370915,0.72538149,-0.83478397,0.47891316,0.10053508,-0.72322786,-0.10413857,-0.98552316,-0.46042266,0.37619495,0.71112484,0.62583148,-0.013514185,-1.3986174,0.70013297,0.080956437,-0.85173476,0.35809666,0.016434407,0.11585449,0.54944807,-0.025891341,0.40162167,-0.32484835,0.051003706,0.46830076,-0.54526901,-0.83474284,0.094410747,0.36216408,-0.21956368,0.27822942,-0.024851514,-0.17050205,-0.078691766,-0.26527557,0.45008072,0.63307816,-0.11424154,-0.18524504,-0.3443011,-0.35925114,0.4964115,-0.82423186,0.26517153,-0.83341193,-0.30585828,-1.4580076,-0.69418418,-0.098499075,-0.42835477,0.21048692,-0.33001116,0.1319755,-0.11558504,-0.098010167,-0.60168529,-0.5829519,0.58057833,-0.83120739,-0.32198387,-0.10728031,0.12499672,0.11414199,-0.38162097,-1.3022935,0.64694965,0.34965852,0.64065814,-0.1645585,0.47990856,0.23587593,0.079501912,-0.23873258,-0.14760664,0.33601379,-0.57613993,0.074003085,0.30046007,-0.22087149,-0.61764115,-0.00854489,-0.43746933,-0.52967817,0.12931991,-0.2011326,0.063805945,-0.54140687,0.57214206,0.5908851,-0.004671581,-0.045681499,-1.4560175,0.61242568,0.043141399,-0.18032567,-0.025745556,-0.45100969,-0.032861523,-0.16575506,-0.54745674,0.85230166,-0.58119774,0.10348669,0.38503668,-1.0802681,-0.1693413,0.17905305,-0.11190672,-0.36678654,-0.76204038,0.34790567,0.023825452,0.30015087,0.844877,-0.61000288,-0.26332921,0.05847276,0.20068948,0.22243682,0.24460386,0.15508749,-0.077070668,-0.99424553,-1.3278725,-0.59965456,0.23391849,0.39244318,0.13895032,-0.39143363,-0.24779321,0.13746679,0.57505769,-0.16723895,-0.001152653,-0.31781584,-0.11987651,0.86210763,0.089262709,0.20259139,1.7364271,-0.04985328,-1.8851755,-0.10251622,0.46300882,0.034531277,-0.15375,-0.56440783,0.052705597,-1.1509051,0.19341573,-1.0872304,-0.16473022,0.22238883,-0.74273741,0.07671167,0.095979095,0.30500424,-0.17750485,-0.1170774,-2.1248703,0.21030647,-0.48284543,-0.05992873,-0.12013787,0.12393475,0.22253878,0.083620191,-0.10730374,0.40853459,-1.2863914,-0.7742672,-0.11086186,0.56668103,-0.3740195,0.17810899,0.10001995,0.36736035,-0.073773958,0.42493951,0.3174189,0.69774884,-0.71845281,-0.23489782,0.51243865,0.004710093,0.17096022,-0.086832821,-0.20813172,-1.0341645,-0.37946817,0.10860803,-0.45630258,0.33503863,1.0890708,0.28889337,-0.37701601,0.13744925,-0.27859694,0.60495764,0.55751693,-0.36055547,0.082211621,1.2382606,0.045014065,0.1667742,-0.81499076,-0.15759973,-1.6671164,0.78845561,-1.1413995,-0.27554736,-0.007328086,-1.0908445,-0.19741994,0.095114857,0.31841999,0.19563329,0.52506196,0.44161588,-1.4046755,0.63348883,0.12238722,1.0306069,0.068350226,-0.94708478,-0.011123054,-0.62572914,0.5525319,0.24361475,-0.65673262,0.27350235,-1.4410486,-1.3990216,-1.1583109,-0.32113323,0.36795011,0.6056363,0.19609548,-0.70279372,0.65122408,-0.9947654,-0.27663073,0.28204435,-0.82946962,-0.033597611,0.039747879,0.38716918,0.31865391,0.35880521,0.017859358,0.41690481,0.038119297,-0.021822035,0.089622334,-0.11123735,-0.66778177,0.31707072,0.99000084,-0.38470215,0.61810017,0.42187369,0.48451316,-0.63473642,0.60007143,0.2646122,-0.840868,-0.31926233,0.069599926,0.10080697,0.093169756,0.81011295,-0.29061455,-0.36603636,-0.42946216,0.016913168,0.58412254,-0.23722535,0.052792408,-0.26081166,0.16730963,1.1184751,-0.84949017,0.12664868,0.3461118,-0.56623226,-0.007788764,0.09600082,-1.0384845,-1.5644094,-0.33260709,0.46642053,0.10843427,-0.23306112,0.57209194,0.15460342,0.40399802,0.20658126,-0.072138786,-0.40257365,0.18725646,0.041758832,-0.18631008,-0.44828376,0.14442852,0.14543642,1.0458204,-1.3920705,-0.11337972,1.1664083,1.4097332,0.34408972,-1.1007832,-0.2028563,-0.32172662,-0.19322492,0.13808289,0.30290908,0.63079441,0.68946415,0.31267595,0.20031235,0.18668571,0.5962615,0.60431403,1.1198728,-0.6761719,0.38010451,0.24689136,0.1177344,-0.22629434,-0.10194953,-1.2893951,0.26485014,0.041751895,-0.3651658,-0.12510276,0.53519863,0.25674134,-0.68553805,0.102414,-0.13739431,0.17182498,0.054621257,0.53978938,0.77066183,0.26049703,-0.010867929,0.47555244,-0.11692318,0.18001507,-0.81201524,0.18849647,-0.48241585,0.18831654,0.71520352,-0.67530584,-0.33617091,0.36092484,0.39991665,-0.50489539,-0.96716756,0.52276385,-0.4944506,-0.02258797,-1.2400956,0.22654746,-0.20903584,-0.40514797,-0.33010733,0.87951428,0.48514792,-1.4822826,-1.1237555,-0.28784943,0.042949211,0.24642374,-0.08113724,-0.000424977,0.32209903,0.15094189,-0.2267805,0.25990295,0.28066111,0.17967728,-0.11618847,-0.28556347,0.20685126,-1.2501134,-0.011724779,0.31696323,0.074163906,0.19233145,0.53691334,0.80264765,-0.29684895,-0.59215593,-0.34545496,0.55666238,-1.4562818,0.33727795,0.24554045,0.29895705,-0.65812939,-1.0687839,0.24992019,-0.43628255,0.056353897,0.005505249,-0.032768264,0.15832987,0.072278529,0.23966658,0.13593328,0.005924791,-0.1067955,-0.26984766,-1.7739398,-0.55240655,-0.7902413,-0.066874154,-0.68550092,-0.013939023,-0.015376955,-0.17619091,0.065303467,2
0.49476594,0.26851258,0.24900527,0.46256551,0.45635539,0.48148334,0.46219093,0.44834304,0.46230721,0.4686105,0.4593946,0.45058483,0.45432964,0.441093,0.47150564,0.44909811,0.45254111,0.48363781,0.46936101,0.44278634,0.44339642,0.4446474,0.44552374,0.44257239,0.45266646,0.43706,0.45291471,0.43893665,0.44840258,0.44604403,0.44021085,0.44862312,0.43186355,0.43896028,0.4486087,0.41800359,0.42180833,0.44401327,0.42418486,0.42847881,-0.79101825,0.23653933,0.25113422,0.30155602,1.2119737,1.590013,1.1318909,0.57984674,0.69111907,1.4978304,1.277491,1.047437,0.26053217,-0.19454981,-0.11733022,-0.25464937,0.5083338,0.3175008,0.3150264,0.26290369,-0.55766636,0.018803246,-0.38206547,0.24821258,-0.82048702,-0.17523479,-0.15989935,0.50679302,0.33899111,1.2369024,-0.18673193,0.22257151,-0.92155856,-0.13823725,0.026385941,0.76828659,-1.0570862,0.48754072,0.26711121,-0.80910903,-0.092260286,-0.86788225,-0.44184628,0.47003078,0.64026415,0.58374405,-0.048668426,-1.3890734,0.56677788,0.12721162,-0.87410313,0.48218387,0.038852349,-0.017310079,0.54174101,0.017939091,0.36088395,-0.41126758,0.041670639,0.42396352,-0.67425621,-0.91647422,0.098468676,0.4215202,-0.2411921,0.26220325,0.13580735,-0.1157735,-0.0633533,-0.32396343,0.34516966,0.91016454,-0.16685393,-0.14982581,-0.4992975,0.32064211,0.32785186,-0.86647725,0.34183627,-0.95679545,-0.32660493,-1.4773308,-0.78760856,-0.066256553,-0.36962581,0.15827738,-0.38986585,0.10481828,-0.15017915,-0.12834044,-0.67980039,-0.44467294,0.002093416,-0.94050294,-0.081437916,-0.2378071,0.14240412,0.28612369,-0.39216402,-1.35411,0.42505878,0.3867583,0.68615532,-0.121563,0.42391601,0.25409058,0.044321992,-0.28759313,-0.24707845,0.2305692,-0.46332833,-0.21360284,0.3057808,-0.18401533,-0.72811466,-0.094472468,-0.54817992,-0.75004137,0.23235098,-0.35802534,0.008326585,-0.49698848,0.62470382,0.54314792,-0.14070137,-0.054603197,-1.4587547,0.50497746,-0.08327274,-0.092838198,-0.019712867,-0.48875937,0.018365398,-0.03394457,-0.57359076,0.87494874,-0.59423333,0.10691929,0.41289225,-1.2894565,-0.13803287,0.27244118,-0.022022903,-0.28797439,-0.88234049,0.48035109,0.086835533,0.40823516,0.68452328,-0.63502634,-0.18889189,0.048827846,0.052530751,0.18151279,-0.041256964,0.20879312,-0.25207347,-1.0266465,-1.3863672,-0.66206938,0.23238313,0.41873056,0.21582353,-0.36708102,-0.37048554,0.095047064,1.3687458,0.004937202,0.01623535,-0.44370985,-0.23692766,0.93627435,0.088588417,0.20789024,1.4137336,-0.068582654,-1.9929889,-0.11451748,0.49038509,0.026940191,-0.1085228,-0.5899533,0.15737849,-1.3944693,0.25153422,-1.3735838,0.42318979,0.11406271,-0.69256943,-0.015638746,0.13052323,0.42608899,-0.20273678,-0.028853059,-2.2858829,0.26980877,-0.61442685,-0.052023031,-0.16196693,0.11083762,0.41909164,0.16209312,-0.15803221,0.71698654,-1.2316853,-0.80522382,-0.19114101,0.3215546,-0.45712635,0.21811458,0.23769689,0.37645459,0.10202108,0.40485945,0.2565037,0.78068769,-0.83873904,-0.28441775,0.4836624,0.016249768,0.24922948,-0.11697391,-0.18750094,-0.93050516,-0.31629714,0.1035388,-0.45190269,0.31034219,1.0905895,0.34653974,-0.3478739,0.1820848,-0.32324266,0.31288102,0.50913602,-0.41731566,0.10650176,1.3591406,0.14099362,0.13080543,-0.82429308,-0.044335075,-1.8108995,0.915277,-1.1331178,-0.42052636,-0.14354761,-1.2937912,-0.13408884,0.27888525,0.065026604,0.32075697,0.56072086,0.31487781,-1.4925146,0.79479069,0.070657104,0.94807178,-0.017597862,-0.81392443,-0.01407709,-0.76360691,0.50795037,0.26991251,-0.79663569,0.23684734,-1.6096106,-1.5333151,-1.1999339,-0.29782584,0.32731977,0.20343804,0.24185295,-0.68261492,0.58802241,-1.2322134,-0.2832914,0.2820271,-0.93920106,-0.001899237,-0.032894589,0.60210949,0.15127847,0.28938085,-0.031580567,0.45907462,0.067799322,0.55166787,-0.058259562,-0.067679271,-0.63080716,0.31852123,0.98642957,-0.49896422,0.56621939,0.46282732,0.60027844,-0.60854983,0.48961896,0.24210864,-0.92301989,-0.3629832,0.080984958,0.086233929,0.19515973,0.64967465,-0.26853883,-0.57820213,-0.43831477,-0.025732325,0.40617999,-0.26911196,-0.089611113,-0.14439255,0.13834842,1.0886312,-0.90312868,0.13163097,0.23969896,-0.62625253,-0.053822897,-0.37645864,-1.1428047,-1.6030244,-0.23224217,0.50067991,0.20711921,-0.27524087,0.6731354,0.22090209,0.40358347,0.19413549,-0.13148037,-0.44143283,0.19547625,0.058435947,-0.16537675,-0.45614272,0.16326684,0.13767552,1.1212529,-1.4832747,-0.093781456,1.4984113,1.5247961,0.42653486,-1.1591185,-0.17878234,-0.30517757,-0.11394279,0.05154112,0.31942117,0.67526293,0.75566423,0.41440785,0.11009357,0.17507003,0.68030405,0.71755958,0.82294536,-0.62697858,0.19119164,0.24496228,0.09836714,-0.29224238,-0.21244214,-1.4898973,0.27292988,0.005963873,-0.28121924,-0.21775842,0.11687787,0.13802533,-0.71521717,0.21255338,-0.16408253,-0.087822251,-0.13986669,0.5077678,0.89900112,0.21637167,0.006541316,0.48912209,-0.10301489,-0.094160028,-0.92136174,0.27990627,-0.63724941,0.14853241,0.66791433,-0.96342611,-0.3757633,0.32601669,0.34567642,-0.48956281,-1.0384772,0.59270597,-0.57871526,0.042589426,-1.2969368,0.299696,-0.012003198,-0.38497692,-0.62677413,0.85777873,0.46096557,-1.7083656,-1.099804,-0.25839657,0.024853922,0.2484142,0.028748486,0.047056396,0.41908896,0.16062465,-0.2060052,0.18978643,0.34100127,0.40001786,-0.037822217,-0.008553773,0.13496682,-1.2423946,-0.015553562,0.40408882,0.024695953,0.16421235,0.56161302,0.87771714,-0.26700601,-0.70682669,-0.41185904,-0.028285258,-1.6522795,0.4156642,0.20392193,0.32072744,-0.70918149,-1.3142492,0.25818861,-0.56499577,0.079096355,0.11813225,-0.032636546,0.60338545,0.10571411,0.27483669,0.42010939,-0.028260965,-0.11657673,-0.22400081,-1.8961198,-0.58579046,-0.83164281,-0.053812787,-0.74942124,0.28355324,-0.13314393,-0.25858095,0.031806663,2
0.60788441,0.39449307,0.35629231,0.55387354,0.55669791,0.57445335,0.55201495,0.54245651,0.55906272,0.55809712,0.54916966,0.54366022,0.54586589,0.53169322,0.55763006,0.54375207,0.54486823,0.57628512,0.56040043,0.54046261,0.53073478,0.54473174,0.53623122,0.53806651,0.54845351,0.54143733,0.54970521,0.53748918,0.54699862,0.54793203,0.54013801,0.5470382,0.52730238,0.5338726,0.54325432,0.51718462,0.52673531,0.53910911,0.51915073,0.52811909,-1.1310483,0.33893076,0.56334466,0.51795518,1.4410862,1.8131348,1.4794767,0.87669098,1.0104071,1.7915616,1.5262203,1.3501452,0.3997049,-0.26309031,-0.30600509,-0.43251199,0.84427261,0.45582253,0.38651416,0.343389,-0.64812171,0.02559733,-0.54946357,0.48870605,-0.9026354,-0.19352432,-0.17957886,0.70981693,0.51438034,1.5458035,-0.26179022,0.2853471,-1.3493458,-0.24758086,0.08547467,1.2163718,-1.2560638,0.6729638,0.17819504,-1.0163956,-0.087021813,-1.0615418,-0.69065827,0.40969658,1.1565945,0.86082149,-0.032107189,-1.7884856,0.74290931,0.14303023,-1.0531049,0.50449699,0.021556264,0.064301535,0.67811561,-0.21787021,0.44634646,-0.44088688,0.018399689,0.67598879,-1.0708473,-1.202373,0.10365238,0.55812019,-0.37478784,0.25645873,0.28534335,-0.19761592,-0.035715654,-0.39270821,0.69451523,1.1575296,-0.24403417,-0.42564759,-0.4162434,0.057594046,0.38499752,-1.0406172,0.36311218,-1.1998971,-0.40946752,-2.0042558,-0.98478997,-0.007999932,-0.38606089,0.33366585,-0.55866873,0.065464489,-0.11746784,-0.024669997,-0.82042485,-0.58856124,0.030286759,-1.2318403,-0.05786451,-0.096644528,0.080101512,0.29572099,-0.51951498,-1.7353303,0.73490041,0.53308499,0.83592927,-0.22892527,0.82205129,0.35587409,0.16296634,-0.40472925,-0.30919152,0.096353859,-0.70099109,-0.17562899,0.51345408,-0.19985139,-0.96855187,-0.013004182,-0.64283127,-0.64341009,0.25231805,-0.17432097,0.049982157,-0.94273919,0.75225759,0.77703583,0.15101568,0.006954305,-1.8655506,0.53028858,-0.085582003,-0.24453029,-0.13694122,-0.69348341,0.05323489,-0.15991181,-0.77568138,1.0213137,-0.78501993,0.13929485,0.55761391,-1.7126538,-0.22680511,0.44528136,-0.039886478,-0.39721519,-0.92503989,0.65838516,0.35327241,0.49340791,0.91172791,-0.81422305,-0.29272771,0.07766284,0.15693471,0.27767503,0.5019176,0.23823631,-0.23061812,-1.3473098,-1.6417321,-0.9074955,0.21200216,0.58325261,0.33215725,-0.49767295,-0.42090273,0.21843775,1.3014086,-0.087030098,0.021869186,-0.41149643,-0.27590013,1.1030951,0.19724941,0.31737143,1.2264386,-0.17667556,-2.5328078,-0.18436103,0.65884316,-0.016393537,-0.15034688,-0.71086133,0.11123145,-1.5626402,0.20339611,-1.4282469,0.15275517,0.16240311,-0.93308544,0.14740635,0.19975901,0.43066451,-0.28614745,-0.46291789,-2.8094034,0.2807703,-0.68001616,-0.033439759,0.022246525,0.23426068,0.46355364,0.13891248,-0.30644393,0.49707216,-1.5241904,-0.83451533,-0.35451919,0.40765971,-0.49618483,0.075610191,0.014579773,0.73292011,0.052581292,0.61304396,0.38411966,0.83817124,-1.0741923,-0.34427762,0.61992979,0.008205621,0.33810771,0.074527875,-0.22309837,-1.290895,-0.5306648,0.10862958,-0.48349103,0.71613824,1.2954749,0.44443154,-0.52715176,0.25913316,-0.52860332,0.8742373,0.65547174,-0.48118272,0.11598113,1.7988356,0.21063963,0.26232231,-1.0602266,-0.22884411,-2.1838529,0.99235088,-1.2524869,-0.36936969,-0.17587675,-1.521839,-0.25863841,0.24328235,0.084803954,0.5621475,0.59533167,0.18351814,-2.0363669,0.85569781,0.077608109,1.1065201,0.088797592,-1.097674,-0.15604785,-0.97678965,0.57552749,0.4802492,-1.106202,0.30182359,-1.9152577,-1.9963628,-1.4834783,-0.48755944,0.72973841,0.42598486,0.27389699,-0.81949747,0.78120261,-1.4207268,-0.32923743,0.38523281,-1.1206968,-0.067605801,0.010372311,0.48463297,0.034222908,0.45817965,0.19126624,0.41708419,-0.088205457,0.45775452,0.13430013,-0.10216814,-0.91055977,0.48644984,1.3934824,-0.52576095,0.77501655,0.57118529,0.66673487,-0.80865085,0.79975951,0.2897934,-0.9892655,-0.53200912,0.12755063,-0.045009151,0.18458492,0.90290993,-0.4376657,-0.70312703,-0.59106117,-0.013427367,0.86020005,-0.22503088,0.3313635,-0.28580478,0.21129555,1.3321521,-1.132672,0.12238132,0.36344743,-0.7683199,0.02386996,-0.22882715,-1.4363018,-1.9451298,-0.33426756,0.65683365,0.21351558,-0.33808219,0.80401653,0.25733867,0.6353755,0.31394559,-0.26805243,-0.36608702,0.33310118,0.080386907,-0.076503247,-0.74752289,0.24167621,0.19768424,1.3744092,-1.9060069,-0.077382475,1.7259992,1.7670116,0.35995725,-1.3561473,-0.18696582,-0.23313922,-0.11385324,-0.01920449,0.44369322,0.80728257,0.81968552,0.42109942,0.089560568,0.20010282,0.82684791,0.87010908,1.2373595,-0.8203221,0.54678488,0.39142802,0.27344587,-0.40680844,-0.17044662,-1.7688475,0.37364531,0.040863816,-0.39333734,-0.24459207,0.6131404,0.15966223,-0.87251824,0.21873966,-0.30734438,-0.14568758,-0.10467489,0.80285859,1.115886,0.33018658,0.040973287,0.65701509,-0.03723209,0.060870185,-1.2197461,0.21253181,-0.82514286,0.10163102,0.62751257,-0.97687322,-0.3335579,0.39517739,0.55803943,-0.55918324,-1.3800199,0.64252162,-0.71762633,0.2311829,-1.5682707,0.4241688,-0.29875237,-0.79192841,-0.58914942,1.0988038,0.816872,-2.013763,-1.3482624,-0.33772615,0.035114314,0.24630556,-0.002335273,0.097002953,0.43396863,0.26123634,-0.25737435,0.44281965,0.39770019,0.4440195,-0.016560741,-0.30205354,0.24991286,-1.5787735,-0.016548546,0.32350096,-0.014613546,0.23421238,0.89937091,1.1803863,-0.3892051,-0.90598756,-0.4060919,0.032642566,-1.9595968,0.47572532,0.46933615,0.45583373,-0.85489631,-1.3505952,0.16456333,-0.69393998,0.4213019,0.03328016,-0.029582381,0.43629742,0.19083098,0.33392525,0.55312562,0.04742521,-0.1549122,-0.29623306,-2.455703,-0.75186694,-0.87396169,-0.009077177,-0.86752224,0.28836739,-0.11396003,-0.29835528,0.08606784,2
0.57691324,0.36330828,0.31450158,0.5430786,0.53797364,0.55862349,0.53220004,0.52555728,0.54139149,0.53885573,0.5328604,0.52840859,0.5275197,0.51105714,0.539105,0.52498245,0.52146471,0.55747128,0.54146242,0.51239741,0.50960803,0.52845907,0.51978147,0.51875854,0.5252592,0.52391994,0.53421813,0.52225095,0.52345169,0.52528191,0.52407861,0.51000088,0.50876826,0.51104033,0.52221304,0.49843797,0.49593285,0.51267952,0.49733403,0.51144624,-1.0577071,0.29885915,0.7198658,0.68188143,1.6246908,1.7309346,1.6728997,1.0494225,1.1866885,1.9721726,1.6964505,1.5378962,0.49056172,-0.21803048,-0.31366307,-0.36080816,0.85181481,0.46205777,0.44834465,0.4044041,-0.79949784,-0.013698351,-0.53601515,0.5514853,-0.82060933,-0.22194783,-0.14968705,0.6247974,0.11718957,1.4004941,-0.28289345,0.2952441,-1.2954834,-0.16857506,-0.06001341,1.1423838,-1.1898969,0.86106431,0.22959381,-1.0306224,-0.13316265,-1.2023699,-0.49227566,0.4548732,1.1689774,0.85741532,-0.052026488,-1.7727435,0.67196238,0.17287649,-1.1414782,0.63170844,0.029025739,0.23675969,0.68682969,-0.007728316,0.40305096,-0.43459335,0.071480498,0.69871062,-0.77123094,-1.1571181,0.062262576,0.47825971,-0.39181244,0.22132236,0.12762704,-0.19694783,-0.013881817,-0.2892257,0.44368169,0.8202762,-0.17742117,-0.37273774,-0.58426666,0.14856718,0.53700984,-1.2004122,0.4518097,-0.90621555,-0.34018439,-1.9198546,-1.2219431,-0.054501656,-0.5520792,0.24855211,-0.45737094,0.008544624,-0.082378954,-0.095263258,-0.8516776,-0.61300194,0.30662194,-1.2080176,-0.079713762,-0.12790167,0.056878582,-0.17917368,-0.52960104,-1.8467578,0.84618562,0.54287255,0.84855324,-0.26461291,0.55367005,0.37508771,0.050644726,0.060697272,-0.31131315,0.48612934,-0.74418277,-0.21368502,0.57723439,-0.38846785,-0.90599024,-0.14369193,-0.5914219,-0.85743612,0.2833845,-0.25257632,0.10695712,-0.75564986,0.80049133,0.66026086,0.11968529,-0.087601095,-1.797555,0.43842596,-0.042272132,-0.20446046,-0.079954714,-0.6286974,0.042282254,-0.14523733,-0.58817685,1.1539294,-0.75163168,0.20482609,0.51919991,-2.1091077,-0.10712701,0.15618686,-0.12024668,-0.54887283,-1.0524085,0.32391918,-0.020032495,0.31513271,0.86188501,-0.83567429,-0.28847709,0.052161388,0.11352254,0.16351786,0.50009394,0.1618029,-0.24015184,-1.3503541,-1.8251711,-0.85229445,0.3336935,0.59981287,0.24273823,-0.35753995,-0.46851084,-0.00710699,1.4792612,0.13044903,0.075737253,-0.35708424,-0.25607505,1.0253677,0.22593302,0.35396087,1.1619209,-0.16113132,-2.3864634,-0.10224467,0.55848879,0.048758537,-0.14324826,-0.91246086,-0.010090888,-1.605152,0.2894758,-1.5124496,0.46437621,0.001668721,-0.94208205,0.15339473,0.12116876,0.51432407,-0.15529904,0.01906848,-2.749505,0.34400931,-0.71840763,0.066949651,-0.1025379,0.28201118,0.50023496,0.11692511,-0.18494226,0.31044161,-1.6125628,-0.85572875,-0.32957116,0.45186323,-0.43118793,0.092224076,0.27216995,0.55961448,-0.033546727,0.59215099,0.35919803,0.78977704,-0.93095952,-0.26048622,0.74956685,-0.077757157,0.24614708,-0.096780926,-0.29114178,-1.2503676,-0.4397046,0.16351143,-0.46866357,0.3748087,1.270084,0.46671289,-0.4615331,0.22908208,-0.39573708,0.66922259,0.5365873,-0.40149727,0.088783309,1.8567071,0.14890105,0.255588,-1.0949492,-0.29800981,-2.0310247,1.084006,-1.489441,-0.37989575,-0.18085821,-1.42029,-0.23585255,0.16457357,0.11935199,0.39059269,0.51377583,0.56652987,-1.9720211,0.94820243,0.12795155,1.322583,-0.034575935,-1.1562403,-0.13082275,-1.0752523,0.71608126,0.16696453,-1.0517259,0.46475846,-2.0654733,-1.8799505,-1.5734643,-0.3005912,0.41192448,0.54229635,0.37227291,-1.0284334,0.93026984,-1.5317855,-0.23684219,0.33197805,-1.3275374,-0.054027483,0.076897174,0.39904782,0.002799306,0.51090717,-0.077324018,0.37030095,0.072559729,0.50520098,0.18416044,-0.21218133,-0.94407165,0.59629649,1.1899869,-0.86771548,0.7020874,0.60040569,0.49340206,-0.74742562,0.6707837,0.25792488,-1.1414605,-0.61417687,0.15999603,0.064268455,0.17831442,1.0235349,-0.36777693,-0.59064209,-0.57273734,-0.001096319,0.50563073,-0.31580487,-0.16502154,-0.50390041,0.25927144,1.3635403,-1.1695994,0.15262461,0.37372798,-0.73320484,-0.084984735,-0.14260672,-1.5307441,-2.1103034,-0.33484954,0.73621535,0.10173235,-0.33621821,0.86894637,0.14196958,0.56334245,0.37198693,-0.168219,-0.72669548,0.33528298,0.049121071,-0.15811437,-0.27134383,0.26699924,0.28072757,1.6207459,-1.8604362,-0.016552418,1.5004512,2.0310597,0.59802216,-1.2841368,-0.39303443,-0.49964547,-0.24359307,0.18137547,0.2123457,0.97931898,0.77130419,0.62492383,0.24815753,0.24312112,0.86844295,0.69412255,1.0991138,-1.0378884,0.36997175,0.3274568,0.20161206,-0.32670736,-0.18207419,-1.7169814,0.46277374,0.066880725,-0.27973005,-0.17223656,0.51666147,0.19012471,-0.83925533,0.24974944,-0.13835824,0.097244516,-0.21808121,0.73600924,1.1431282,0.38135391,0.089196175,0.66225922,-0.17848296,-0.029051337,-1.1930736,0.3306939,-0.70433635,-0.017151818,0.69024551,-0.9367407,-0.33984286,0.47634259,0.45611346,-0.7643736,-1.338493,0.80980527,-0.69544369,-0.021936687,-1.5283086,0.27052763,-0.32778364,-0.69332373,-0.58050227,1.2223327,0.5007444,-2.0515482,-1.2466406,-0.44990468,0.014049124,0.34025037,-0.11918125,0.1104548,0.55246663,0.34653866,-0.33269465,0.14162491,0.35916007,0.37463528,0.012568548,-0.45671353,0.292485,-1.7305669,-0.012575259,0.4895995,0.075493366,0.23865658,0.6387921,1.0358402,-0.44730842,-0.95025325,-0.47654912,0.018535316,-2.0412631,0.33264452,0.21431893,0.50973785,-0.86887002,-1.454325,0.31388658,-0.56988561,0.1142767,0.10370243,-0.004254103,0.26585817,0.18774408,0.43420851,0.33881137,0.066369861,-0.28513682,-0.3619054,-2.2927952,-0.66452771,-1.0566664,0.21249865,-1.0967432,0.26650593,-0.12930043,-0.42943621,0.17382576,2
0.5094344,0.26413375,0.24139386,0.50757945,0.48893273,0.5196563,0.50163865,0.49380952,0.4906413,0.49409366,0.49964762,0.50729609,0.50284195,0.48287001,0.50273842,0.48252183,0.49849468,0.51371586,0.49972221,0.46871001,0.48713192,0.50445104,0.48594481,0.48521993,0.47424197,0.47852552,0.49779111,0.49340859,0.49105823,0.48850179,0.48255289,0.49009597,0.47580528,0.47617054,0.4740091,0.48525017,0.47148028,0.49534518,0.47837687,0.48021257,-0.89717221,0.23094764,0.39232004,0.44382131,1.2953064,1.7177527,1.3337771,0.73252726,0.85972404,1.6482548,1.4203136,1.2293067,0.3495003,-0.21944779,0.21262923,-0.31446895,0.6191296,0.36093074,0.4377045,0.30294672,-0.79321975,0.017029965,-0.33298576,0.3499915,-0.57231081,-0.043908514,-0.26531094,0.81778848,0.2872518,1.4679879,-0.21096919,0.30710816,-1.1458914,-0.27720171,-0.069473185,0.83488339,-0.86783159,0.56669366,0.25118813,-0.96681505,-0.073544025,-1.1939292,-0.59577245,0.62434626,0.84217608,0.68235779,0.052778024,-1.6036321,0.68113971,0.16076228,-1.0027276,0.62606168,0.17507459,-0.034827467,0.58969396,-0.11250398,0.48153883,-0.49085304,0.081362866,0.59548259,-0.76408929,-1.2246814,0.077047639,0.60926652,-0.40359104,0.19287992,0.077426314,-0.20883161,-0.081619971,-0.36114666,0.41532326,0.92301047,-0.21033436,-0.55148196,-0.62034398,-0.058726817,0.60782254,-1.0689741,0.49128225,-1.0886672,-0.38089004,-1.8824344,-1.2511415,-0.029172512,-0.46171546,0.32982922,-0.44050995,0.26942474,-0.12391174,-0.30689037,-0.81528592,-0.46846342,0.3182047,-1.1949174,-0.29671156,-0.20745215,0.047420278,0.30539411,-0.50325263,-1.812776,0.53019941,0.44703105,0.88828051,-0.18766272,0.47691441,0.30106002,0.073944353,-0.19157951,-0.35803694,0.34375009,-0.47800508,-0.21924996,0.37468976,-0.38707992,-0.86441875,-0.086221263,-0.74833864,-0.83157152,0.31512418,-0.40698019,0.000749304,-0.47800046,0.64023018,0.65913868,-0.079397291,0.28767103,-1.8682803,0.90962207,-0.094977081,-0.22767133,-0.027561588,-0.60971767,-0.13986519,-0.18180116,-0.51258892,1.0698724,-0.68028045,0.14752136,0.48124906,-1.4940833,-0.11212312,0.56807166,-0.15853107,-0.51580346,-1.1799583,0.59746909,0.30577594,0.43805033,0.64287782,-0.67612183,-0.34138334,0.0679809,-0.06735485,0.11540606,0.21878643,0.067616545,-0.052940816,-1.3436083,-1.7179149,-0.80161703,0.24323265,0.53793925,0.26126263,-0.60409272,-0.31964844,0.24199441,1.5527011,-0.41713986,0.076616935,-0.46412432,-0.27471519,1.100716,0.14686053,0.26811358,2.1462429,-0.08121638,-2.4529111,2.45E-05,0.71338409,0.030577537,-0.075231291,-0.81981099,0.10094558,-1.7083429,0.34806874,-1.2990119,0.38754445,-0.029034272,-0.90468973,0.006803285,0.49831751,0.66363955,-0.2361977,-0.38470078,-2.7443671,0.41161802,-0.74922031,-0.061217964,-0.11800295,0.20888494,0.66806102,0.15246445,-0.11857616,0.78853619,-1.7612852,-1.0223379,-0.063491955,0.5033468,-0.46417364,0.061290905,0.18382533,0.42409039,0.010723375,0.57180613,0.4179849,0.70364767,-1.1341639,-0.41659093,0.61186862,-0.10225758,0.27013624,-0.05124595,0.005411133,-1.1532363,-0.4951176,0.1563666,-0.13379833,0.38074741,1.27344,0.39155865,-0.43571067,0.17603935,-0.27885497,0.63398272,0.55694062,-0.50314319,0.080501981,1.5509311,0.12328679,0.27122214,-1.281364,-0.14606874,-2.0861108,1.0918409,-1.5519018,-0.31185204,-0.17566197,-1.3744051,-0.2668449,0.24071383,0.23641083,0.56830317,0.37870383,0.38078493,-1.8740978,1.1836948,0.091075912,1.2532051,-0.075433344,-0.94092405,-0.036577515,-0.90342468,0.60779792,0.11603741,-0.84648395,0.37753987,-2.016355,-1.8422525,-1.514657,-0.37747234,0.38916868,0.95140457,0.24754246,-1.1172967,0.72679901,-1.4369783,-0.19889508,0.27322873,-1.1706294,-0.07033094,0.03658922,0.52914691,-0.037732676,0.43889564,-0.005502984,0.32068449,0.056618959,0.86828339,0.082661487,-0.18400908,-0.8729353,0.3898184,0.88448608,-0.78186107,0.64083809,0.55288041,0.30236471,-0.65425098,0.83827674,0.39784911,-1.1710356,-0.52855778,0.1330061,0.19817087,0.28146517,0.90898728,-0.23958017,-0.54243702,-0.38150892,-0.067976967,0.51509607,-0.13752916,0.20962849,-0.30539805,0.20440699,1.4028193,-1.1526985,0.12804765,0.31205291,-0.81774831,0.004845627,-0.36960196,-1.5873866,-2.103534,0.015087768,0.64550537,-0.000231378,-0.18445417,0.77174312,0.36299148,0.46509665,0.24317114,-0.15179333,-0.50774175,0.18426794,0.052681722,-0.11851309,-0.58792329,0.23606922,0.12610888,1.1760035,-1.7972749,0.083391458,1.5835896,1.4923005,0.62444592,-1.2845514,-0.31570348,-0.51064587,-0.079523243,0.058636419,0.43465522,0.81873214,0.78602004,0.27478251,0.28769487,0.24683771,1.1443419,0.69744927,1.217303,-1.0087028,0.21198191,0.40228,0.076279037,-0.55958414,-0.11046442,-1.6138704,0.32291618,0.025029225,-0.42811245,-0.14036727,0.3867746,0.19294526,-0.73030841,0.46839207,-0.22608876,0.52502984,-0.22146626,0.77559114,0.98738897,0.34927291,0.11449295,0.67903191,-0.1084211,-0.10899416,-1.0452795,0.29922253,-0.55705744,0.29176593,0.84418458,-0.76309764,-0.49498785,0.42346287,0.41021743,-0.65756971,-1.2214144,0.63023233,-0.49410406,-0.010554056,-1.611396,0.31319404,-0.22022352,-0.70266593,-0.49572325,1.0083785,0.59213287,-1.8845366,-1.3621225,-0.275392,0.037525173,0.32600471,0.038175702,0.019942723,0.44939363,0.20254083,-0.13395973,0.11347932,0.26954997,0.36139333,-0.13417299,-0.12427121,0.13626938,-1.5208907,0.015618142,0.81151223,0.086158372,0.18741569,0.67924291,1.1337782,-0.53021455,-0.70207399,-0.24159214,0.50568724,-1.9945433,0.29345086,0.3339552,0.62296981,-0.9167909,-1.4546275,0.23901385,-0.65468204,0.21352772,0.035247505,-0.11072878,0.90714514,0.13833396,0.33140963,0.68294376,0.027304964,-0.1694852,-0.49573255,-2.3367565,-0.81853443,-1.0214236,0.000306165,-0.92144448,0.21915571,-0.2127693,-0.26172003,0.061243653,2
0.48929834,0.24743396,0.22844569,0.48955959,0.4700821,0.46795905,0.4925549,0.42286775,0.4863466,0.46010661,0.48052591,0.46141174,0.48593754,0.43002689,0.48176372,0.47598714,0.45170981,0.49289745,0.48100203,0.42100656,0.44196233,0.48771507,0.47148031,0.47699341,0.47938424,0.46802738,0.46258304,0.48193929,0.46037942,0.46958682,0.40436739,0.46747094,0.41013762,0.43822676,0.45806342,0.44301569,0.44825825,0.46633002,0.45439792,0.46143848,-0.79639429,0.22262841,0.35618341,0.41728991,1.2385505,1.6844568,1.2832439,0.68698972,0.80747485,1.5965841,1.365167,1.1795592,0.29718816,-0.20262711,-0.01768031,-0.28038552,0.60241258,0.30076182,0.40690106,0.2387221,-0.80132413,0.0140521,-0.39745322,0.46275234,-0.3831374,-0.12856518,-0.15102209,0.79504633,0.30256057,1.2582806,-0.14884169,0.23763525,-1.0855774,-0.23042986,0.10579652,0.79065043,-0.82972884,0.54637992,0.23765227,-0.90210426,-0.054826684,-1.032919,-0.58751065,0.52415693,0.75553966,0.81066561,-0.051574398,-1.5181897,0.75280887,0.12026581,-0.92793643,0.44790393,0.073293105,0.024339134,0.56941724,-0.073847771,0.49216735,-0.39290977,0.045577455,0.58091801,-0.73221081,-1.0448544,0.07066007,0.47108421,-0.34725103,0.23079513,-0.020556549,-0.22145024,-0.020163678,-0.29367992,0.53662443,0.97958374,-0.19327712,-0.45941705,-0.51074845,0.043445289,0.49314952,-0.9350304,0.3840782,-0.73393703,-0.39644092,-1.7518964,-1.044158,0.00347599,-0.45925462,0.34083244,-0.41452274,0.17929044,-0.13442102,-0.090504296,-0.72851378,-0.45100215,0.44272739,-1.0414801,-0.17546135,-0.16352625,0.14055283,0.27924949,-0.51188594,-1.5286958,0.72290528,0.42069516,0.79134738,-0.18390013,0.52359921,0.20659828,0.065187722,0.070849419,-0.17676398,0.33945185,-0.56595778,-0.22107631,0.35288098,-0.23798753,-0.69694531,-0.15657072,-0.60767645,-0.75909811,0.34583166,-0.25486696,0.043059856,-0.52055669,0.70639914,0.67373389,0.044299163,0.028480986,-1.6467046,0.82640779,-0.2124688,-0.14011186,-0.11949104,-0.55813438,-0.077871397,-0.13304958,-0.48508632,1.0329559,-0.48523456,0.12537569,0.40416321,-1.424005,-0.19014779,0.420201,-0.06537009,-0.49287012,-0.86601365,0.52709299,0.3059139,0.35835388,0.72533399,-0.62988633,-0.27912474,0.034024879,0.03704834,0.08371985,0.29221904,0.025004387,0.003350057,-1.1787945,-1.5205791,-0.67401665,0.21105354,0.5856328,0.16990076,-0.45194352,-0.31258997,0.112374,1.2558883,-0.34049994,0.032797724,-0.41340205,-0.21740401,1.1096635,0.11409117,0.24536155,2.3971517,-0.10861792,-2.2836399,-0.053279921,0.79562587,-0.023086483,-0.18023379,-0.72011209,0.10351945,-1.4947555,0.25525725,-1.2035842,0.28215533,0.15227255,-0.75624144,0.021267451,0.37136385,0.57737535,-0.25209075,-0.1332463,-2.4522474,0.32738554,-0.40297276,-0.036399156,-0.11163433,0.32707518,0.47989735,0.096007019,-0.081048697,0.60679513,-1.4437715,-0.77572715,-0.082192004,0.69852644,-0.41802952,0.10460627,0.21217877,0.59097439,-0.036411248,0.56115389,0.37715539,0.66387439,-0.899468,-0.40303189,0.82541108,-0.10531994,0.21923815,-0.006154208,-0.19750983,-1.1191845,-0.52989143,0.11332147,-0.25275204,0.59601945,1.1392759,0.317846,-0.30180895,0.14989644,-0.38716799,0.43333286,0.53879702,-0.31994078,0.095489919,1.4043188,0.045239173,0.09030579,-0.95727837,-0.12989576,-1.9148949,0.88345641,-1.3809085,-0.29862583,-0.15809575,-1.2180635,-0.25144881,0.11803739,0.16354871,0.39751399,0.30822024,0.54787993,-1.7124342,0.88845074,0.088112086,1.210452,-0.036404468,-0.90953821,-0.1596923,-0.8498078,0.57869309,0.12082913,-0.74231595,0.28624627,-1.7177879,-1.8343281,-1.3703835,-0.39060456,0.47785708,1.1113846,0.23175094,-0.84009367,0.62306416,-1.3134547,-0.26828665,0.29986155,-1.0662103,-0.059485741,-0.016357817,0.37980032,0.099770844,0.53264427,0.025671428,0.41650933,0.03926352,0.54407382,-0.025372721,-0.16846913,-0.81727862,0.27983743,1.0357138,-0.59066892,0.63719356,0.55562496,0.51969564,-0.69576275,0.70541239,0.39034697,-1.0521646,-0.5960362,0.041205853,0.16466118,0.21861242,0.93318474,-0.28984034,-0.44379118,-0.39604878,-0.025501829,0.52904159,-0.27800909,0.2568028,-0.29241201,0.10749201,1.3682634,-0.96688527,0.14863864,0.26034892,-0.70934683,0.010677475,0.006267451,-1.4318912,-1.7346907,-0.20444372,0.59640783,-0.00954251,-0.28767154,0.66649997,0.17364709,0.43857273,0.2201719,-0.14016679,-0.52171826,0.18780798,0.094101071,-0.10435922,-0.40883827,0.17345296,0.1620277,1.0969718,-1.664832,-0.18012619,1.3343273,1.414672,0.51865387,-1.1655754,-0.31858334,-0.42605081,-0.1735253,0.10295258,0.429645,0.78451318,0.79536235,0.29524401,0.24336386,0.20146656,0.7084989,0.67380017,1.1976866,-0.87111545,0.30947328,0.41576251,0.11862581,-0.39751419,-0.12294547,-1.2912773,0.27106148,0.007187931,-0.40087608,-0.11225981,0.46780619,0.17759486,-0.54437661,0.25041786,-0.20516735,0.38312519,-0.095506832,0.61872876,0.91530108,0.27274129,-0.012995295,0.60408181,-0.082249485,0.1183206,-1.0441511,0.23373124,-0.57207268,0.27556303,0.64493608,-0.61412799,-0.40847775,0.49670833,0.42718983,-0.69386643,-1.1073035,0.62571609,-0.56246734,-0.006654823,-1.3353457,0.28259134,-0.15808259,-0.61946386,-0.34448993,1.0247245,0.56148845,-1.7182341,-1.0570772,-0.33144981,0.034522049,0.31993151,-0.078594811,-0.098626405,0.50883853,0.18799257,-0.22214252,0.17920566,0.23996235,0.34547642,-0.14649194,-0.15718026,0.20987324,-1.5154808,0.020152492,0.56076711,0.069172077,0.20813826,0.57675433,1.0675397,-0.43500042,-0.72229302,-0.22719994,-0.10395867,-1.7962824,0.27035454,0.38947529,0.4340955,-0.74125135,-1.425956,0.24016255,-0.57227725,0.34445208,0.037314896,-0.065950543,0.5718081,0.10179322,0.27801773,0.48292789,0.018727854,-0.19344212,-0.4506751,-2.0520258,-0.73807132,-0.88462234,-0.008206537,-0.79801995,0.22008361,-0.16239652,-0.32828003,0.072185963,2
0.54203337,0.320272,0.30409747,0.5139451,0.5035997,0.53174686,0.48966381,0.48150104,0.49534523,0.5007447,0.45680487,0.49791223,0.48072934,0.44956195,0.48095357,0.48505914,0.46219218,0.52684546,0.48846376,0.44716379,0.45790595,0.50083637,0.4575637,0.48468408,0.5075447,0.50056112,0.49217027,0.49901932,0.48980525,0.49925137,0.48364115,0.48639923,0.45116749,0.44436967,0.49332321,0.44502264,0.46121004,0.49535722,0.46462297,0.49251691,-1.0076288,0.27546042,0.73873568,0.69025934,1.2898937,1.7998524,1.6775628,1.0445715,1.1908827,1.8933802,1.5515852,1.51164,0.52218938,-0.15629341,-0.19483437,-0.33838087,0.83554924,0.43559986,0.45819905,0.33966029,-0.98839808,0.016617846,-0.52280122,0.44617209,-0.87528598,-0.12609631,-0.21639802,0.6680485,0.34698254,1.624321,-0.1762515,0.28881893,-1.112779,-0.14644252,-0.003957696,1.2386057,-1.133449,0.76239252,0.20855026,-0.94923645,-0.080832534,-1.1965314,-0.56348038,0.46817249,1.2311987,0.87282765,0.003743166,-1.8170722,0.77528876,0.14056361,-1.124022,0.55628616,0.038939379,0.033308513,0.67543381,-0.084824868,0.3769027,-0.70404583,0.032785021,0.69586408,-0.6906395,-1.1526361,0.079517201,0.51281023,-0.42015642,0.21257143,0.13717651,-0.22006841,-0.061502293,-0.33625311,0.47503799,0.97326505,-0.22127062,-0.37560487,-0.48045552,0.13384765,0.49285161,-1.1867543,0.46139309,-1.0735627,-0.10978572,-1.8571838,-1.2522023,-0.056373872,-0.49723464,0.2926299,-0.37329072,0.066935077,-0.10337965,-0.30557698,-0.93712246,-0.52416599,0.40321454,-1.1667398,-0.22496825,-0.22168359,0.11812694,0.23981036,-0.5035978,-2.0395522,0.69939411,0.56009036,0.90226406,-0.20003425,0.64683324,0.34048083,0.1101484,-0.29101902,-0.24618807,0.24407314,-0.55554307,-0.06371785,0.53574765,-0.40571189,-0.91906726,-0.15661442,-0.7931459,-0.7757014,0.3431102,-0.43030918,0.12200731,-0.72010863,0.76953959,0.62728298,-0.075902387,0.003984241,-1.9144087,0.64544845,-0.13170555,-0.20001212,-0.015965369,-0.64638817,0.021473097,-0.14997682,-0.59172946,1.1666793,-0.61659533,0.15131041,0.65106302,-2.0774648,-0.10828101,0.36572617,-0.089683346,-0.55885416,-1.0595188,0.46612102,0.1818352,0.50865543,0.91306311,-0.72956675,-0.24445175,0.085757151,-0.026425257,0.31744355,0.36012056,0.12382422,-0.12997232,-1.4144021,-1.7522409,-0.7849561,0.22644491,0.71658868,0.23058771,-0.48230168,-0.33301258,0.1443167,1.6419305,0.003938139,0.082942791,-0.47902244,-0.37360579,1.2318767,0.15728411,0.29150781,1.3840778,-0.17384544,-2.2298591,-0.10951984,0.70112753,-0.013871228,-0.19106534,-1.1062124,0.038671575,-1.623328,0.1970294,-1.6845148,0.41347235,0.031408075,-0.86065698,0.14934541,0.15201965,0.52993542,-0.21967834,-0.22490938,-3.1275725,0.29853269,-0.5128482,-0.060195781,-0.094731733,0.23762766,0.4753899,0.11675101,-0.25186437,0.51115578,-1.898031,-0.90319169,-0.24012727,0.54170018,-0.44111884,0.053572595,0.22592528,0.56931651,0.006084185,0.52699685,0.40640381,0.91459274,-0.95041531,-0.33447468,0.62194848,-0.02843106,0.30130485,-0.10570444,-0.27840969,-1.2114743,-0.50380957,0.12342603,-0.44109941,0.52777147,1.4666433,0.38104904,-0.46692279,0.22108516,-0.53000599,0.73897803,0.6487304,-0.37972197,0.078320839,1.8525088,0.12900212,0.12978834,-1.1900339,-0.20320311,-2.0081613,1.1622022,-1.6727372,-0.58549118,-0.13119929,-1.4132057,-0.18415286,0.2264846,0.16085868,0.53612411,0.55755854,0.37913251,-1.8685755,0.98561513,-0.01311666,1.2823237,0.095773138,-1.0936191,-0.10024191,-0.97614384,0.52118754,0.19061729,-0.84871024,0.39924389,-2.2424049,-1.9567174,-1.4463513,-0.31585258,0.51704115,0.59151942,0.20212916,-0.99420369,0.91242796,-1.6285727,-0.36011297,0.3035877,-1.2926288,-0.000523319,0.049940832,0.58251578,0.008519135,0.46374044,0.0563123,0.4382236,0.075982414,0.65171605,-0.002556846,-0.18392467,-0.91038191,0.5661267,1.4039191,-0.58469748,0.62076765,0.4980343,0.54005378,-0.86146426,0.80772161,0.38339326,-1.2600253,-0.60028034,0.093413249,0.091651857,0.25649765,0.92324209,-0.4286038,-0.71802831,-0.54977727,-0.041154791,0.80220032,-0.31676102,0.11408277,-0.33671302,0.18035027,1.5106299,-1.3512493,0.13886639,0.31333432,-0.77545738,-0.023958284,-0.086785868,-1.5017667,-2.327198,-0.32545865,0.75995266,0.13607126,-0.4067609,0.82114094,0.26221848,0.61678302,0.32962692,-0.18735667,-0.67681468,0.32150674,0.095699437,-0.11855301,-0.52638012,0.20651871,0.16621539,1.4888296,-1.8870211,-0.025601672,1.7562283,2.0375373,0.48867783,-1.1869719,-0.31470421,-0.56091565,-0.13732211,0.040446941,0.45544058,0.9410857,0.80037123,0.60923618,0.2236163,0.24073787,0.79181254,0.77608454,1.2644864,-0.86056131,0.35362384,0.40774488,0.10123691,-0.38558033,-0.19304417,-1.5329827,0.42177379,0.019581228,-0.38476712,-0.20781833,0.58373195,0.2061002,-0.7264604,0.24121347,-0.12748134,0.064079113,-0.35869643,0.94934648,1.1630182,0.27179542,0.0562713,0.67395496,-0.067852654,-0.004411826,-1.2440069,0.28166646,-0.64261895,0.14742978,0.80211705,-1.0866874,-0.49262339,0.44541249,0.49021393,-0.79973221,-1.419493,0.66578352,-0.5988757,-0.009131605,-1.6715825,0.35927784,-0.11815978,-0.73181689,-0.44585994,1.1998279,0.58393532,-2.1038468,-1.2754133,-0.40261385,0.009544003,0.27672288,-0.055396844,0.04496564,0.58153802,0.26215321,-0.26371881,0.26620746,0.38249335,0.39965668,-0.036823556,-0.14178786,0.20672908,-1.4427576,0.056740079,0.51233202,0.088988617,0.18500946,0.71536762,1.156926,-0.43061477,-1.0292894,-0.51978415,0.33324796,-1.844931,0.33419365,0.34125257,0.44954628,-0.87528223,-1.5824491,0.24035332,-0.64113635,0.22681883,0.10367224,-0.043067653,0.49857083,0.1513205,0.37447202,0.53352392,-0.006506363,-0.24772358,-0.470523,-2.5479655,-0.78657359,-1.0776057,0.14345743,-1.1231177,0.21988581,-0.20619515,-0.37429321,0.09283796,2
0.46634176,0.25937811,0.23438087,0.45210445,0.42351878,0.46926558,0.43221396,0.39605972,0.42037958,0.43541703,0.40862226,0.40806267,0.42377514,0.40605104,0.44031888,0.40536648,0.39638805,0.45932543,0.43454087,0.38070342,0.36792985,0.42750317,0.39436877,0.38368434,0.41265303,0.41860616,0.43464449,0.40354481,0.41330987,0.42051813,0.41765592,0.41578388,0.36041552,0.40214854,0.40163097,0.40497568,0.3808327,0.42884284,0.40444088,0.40728462,-0.9571141,0.21998885,0.5741275,0.63613653,1.2602377,1.7349916,1.5151209,0.92493027,1.0536869,1.7891532,1.4841844,1.388207,0.25382224,-0.1661852,-0.23506787,-0.41118577,0.55492479,0.30901659,0.41365555,0.27618352,-0.64405078,-0.009335428,-0.39539087,0.42457697,-0.88343519,-0.016196258,-0.21046318,0.65416384,0.45071548,1.3982469,-0.1432513,0.18401292,-1.1507463,-0.28462765,-0.005667404,0.66004819,-1.2173752,0.50714123,0.22706588,-0.88662553,-0.078754298,-1.2022772,-0.5189774,0.4842208,0.68103296,0.7325936,0.079068869,-1.7932553,0.70962942,0.15115336,-1.0957175,0.68456006,0.12510377,0.19411436,0.62434351,-0.098502345,0.36423451,-0.62519979,0.026968038,0.51436979,-0.70479673,-1.2009027,0.10522455,0.63697714,-0.28432149,0.22840959,0.10912973,-0.13140038,-0.097221263,-0.2863147,0.44269052,0.96557224,-0.28000337,-0.37291515,-0.54507965,0.64575392,0.53626728,-1.0839093,0.41814435,-1.0753759,-0.41926873,-1.7989552,-1.1671847,-0.050187171,-0.51182705,0.25444314,-0.42552677,0.23821947,-0.14559902,-0.21886459,-0.87866396,-0.47864938,0.16922151,-1.2793436,-0.34381497,-0.24517584,0.1757126,0.22592206,-0.57864654,-2.021049,0.68765539,0.48646131,0.86895967,-0.18606097,0.50094622,0.3567504,0.13564852,-0.26763061,-0.37650698,0.23917863,-0.32444531,-0.2456765,0.31141019,-0.29237211,-0.86975908,-0.031077871,-0.67648417,-0.85829544,0.43281254,-0.43345779,-0.018033467,-0.59743512,0.64609307,0.57381642,-0.026742646,0.043027829,-1.9669068,0.59716547,-0.01146983,-0.16862802,-0.038765233,-0.54245496,-0.059946138,-0.14901209,-0.64471388,1.1368581,-0.62953979,0.13997832,0.542934,-2.1985564,-0.19592917,0.495837,-0.1536919,-0.55871141,-1.1798313,0.59165412,0.13872018,0.29438776,0.893435,-0.74230713,-0.24943811,0.066097721,-0.003655013,0.13595687,0.30555892,0.11311141,-0.12964782,-1.407961,-1.8324716,-0.78942686,0.27322781,0.48842359,0.2502802,-0.38538516,-0.33682761,0.2133694,1.7924489,-0.006495841,0.039362829,-0.5371266,-0.34190601,1.0827413,0.11206591,0.2586523,1.2137589,0.012522232,-2.2216492,-0.057282027,0.57681406,0.051725034,-0.031638153,-0.96223187,0.084925845,-1.5882478,0.32557708,-1.6134626,0.71753198,-0.065486223,-0.88847059,-0.041320972,0.19872296,0.86549324,-0.20352747,-0.18712556,-2.8642492,0.36184734,-0.6029498,-0.12350425,-0.13578832,0.30059144,0.7385366,0.10767525,-0.13018134,0.4542571,-1.5827332,-0.88148266,-0.22826463,0.38346606,-0.47916168,0.023442186,0.21913503,0.40873888,0.1136076,0.61954492,0.53484809,0.84962684,-1.0529777,-0.36261353,0.66121531,0.012600981,0.29987818,-0.12784684,-0.24310282,-1.2218596,-0.36369431,0.16873032,-0.3978135,0.425188,1.2616217,0.38321251,-0.49122486,0.12166539,-0.59113044,0.53011417,0.60247278,-0.40689936,0.092749089,1.8466167,0.11276915,0.135121,-0.95280737,-0.16773365,-2.137094,1.202782,-1.6527815,-0.38768798,-0.26719201,-1.3837129,-0.33545405,0.43313691,0.12599617,0.41616982,0.40389547,0.4220843,-2.0024681,1.1289881,0.031763606,1.2864338,0.045703188,-1.116106,-0.13184473,-0.82580829,0.59963751,0.25594744,-0.83097672,0.355923,-2.1416018,-2.0302558,-1.4514835,-0.31165734,0.38953692,0.4215647,0.25152105,-1.1037308,0.62464827,-1.5025703,-0.14516214,0.25963134,-1.2583792,0.044611663,0.036787279,0.70612007,-0.011619862,0.45527866,-0.027545661,0.41726452,0.05202182,1.0688925,-0.019615514,-0.20217258,-0.8138712,0.32386765,1.1095585,-0.67347419,0.66351479,0.47896281,0.69188666,-0.65236884,0.62575555,0.31975651,-1.3450691,-0.41432634,0.081376255,0.26727363,0.22835097,0.88542253,-0.27445078,-0.55905217,-0.46204558,-0.033991504,0.50329942,-0.19024824,-0.084836431,-0.24828988,0.16274047,1.2613722,-1.2876281,0.13407405,0.29543144,-0.71390837,-0.03349245,-0.14442657,-1.5728509,-2.098726,0.049957827,0.65000868,0.26510334,-0.17537136,0.94759023,0.32123291,0.44287094,0.18746799,-0.18576959,-0.71236068,0.22348478,0.10016356,-0.21795511,-0.45980865,0.19510415,0.14139915,1.4035246,-1.8063574,0.0217278,1.5990943,1.8300202,0.46727908,-1.2836087,-0.29109186,-0.40231207,-0.070471585,0.19604321,0.50386804,1.026445,0.81657344,0.52329314,0.39289886,0.20643206,0.75063777,0.76243329,1.0529219,-0.93612242,0.29490533,0.40153113,-0.027801067,-0.33099458,-0.24273965,-1.9013257,0.33921441,0.019088449,-0.36637974,-0.1438736,0.33800939,0.1832571,-0.69736552,0.29196474,-0.20502494,0.079603359,-0.28715912,0.48760039,1.2618802,0.20843868,0.043753076,0.72520882,-0.090137199,-0.020381374,-1.123423,0.36289242,-0.62740684,0.14612305,0.7734068,-1.1416911,-0.50810742,0.4268257,0.43815041,-0.85752064,-1.4372199,0.78267288,-0.5923571,0.092446133,-1.7924069,0.4252097,-0.18307532,-0.52403283,-0.47849932,1.1381378,0.45950696,-2.1882005,-1.2596948,-0.32420814,0.04959137,0.31109118,0.096597031,-0.005565692,0.48569536,0.18303815,-0.10604852,0.2016964,0.37439591,0.39975634,-0.10033949,-0.023459099,0.21341528,-1.4576861,0.021417538,0.55164528,-0.028394394,0.18558727,0.73575872,1.2679087,-0.45689806,-0.8423903,-0.40469605,-0.11775779,-1.9392719,0.34047949,0.27890801,0.38772357,-0.81481564,-1.4947022,0.25429299,-0.6596933,0.24100295,0.094461188,-0.099287376,0.84611619,0.1504876,0.30757591,0.47954139,-0.023347357,-0.25108233,-0.52673739,-2.4877443,-0.82327926,-1.1396241,-0.013419401,-1.1074784,0.2365028,-0.03428553,-0.25074193,0.029785756,2
0.4660264,0.24138868,0.21917573,0.46411854,0.43216428,0.4618327,0.43107042,0.42293051,0.43355733,0.4373931,0.42104962,0.43241423,0.41314948,0.40164644,0.43918279,0.42959285,0.40199941,0.45643151,0.44155413,0.37271401,0.40194392,0.41931719,0.43184295,0.42990404,0.43255851,0.42383721,0.43723285,0.42927554,0.43321848,0.44844842,0.41871428,0.43641204,0.41186202,0.40790039,0.41724706,0.40469041,0.40849799,0.41534066,0.39203671,0.40695423,-0.84690368,0.17073587,0.31385255,0.45546782,1.1618142,1.6096094,1.2258658,0.66309929,0.76146579,1.5392267,1.3069075,1.1327804,0.27639669,-0.18917672,-0.15521839,-0.33614528,0.54372555,0.30761841,0.3391048,0.26306441,-0.73683894,0.035946459,-0.53349727,0.29904741,-0.66595536,-0.020991355,-0.17615324,0.58837867,0.15939248,1.3990022,-0.16637823,0.1983287,-1.1188738,-0.25072879,-0.003600318,0.83774608,-0.97642547,0.49222228,0.23103134,-0.86568457,-0.14723748,-1.1757035,-0.57519346,0.34195825,0.80385518,0.64531547,-0.05244343,-1.533208,0.65066791,0.12901106,-0.92048103,0.41869491,0.074358821,0.006607451,0.51581722,-0.040193982,0.48453683,-0.31176871,0.070594288,0.54875547,-0.57795042,-1.0194052,0.0712699,0.44309741,-0.28529119,0.17761615,0.069712274,-0.19212835,-0.20097232,-0.29111645,0.47560194,0.90589404,-0.1354371,-0.34699491,-0.44960442,-0.057083666,0.33067322,-0.94556051,0.32318473,-1.0521963,-0.35721385,-1.7127471,-0.86618215,0.023421641,-0.49641427,0.2667852,-0.42091683,0.16439816,-0.085163899,-0.1475077,-0.66287637,-0.5650152,0.11848313,-0.95265967,-0.14970535,-0.061927509,0.18295377,0.1533674,-0.44302103,-1.5457033,0.63503581,0.37209129,0.73140103,-0.10978699,0.49858698,0.27739063,0.07076963,-0.25196669,-0.27913234,0.25199589,-0.42528448,-0.13260148,0.3271378,-0.18888071,-0.69059432,0.001493536,-0.52379918,-0.5061571,0.22212696,-0.29658949,0.036043808,-0.64644951,0.64705563,0.54477733,0.15311971,-0.070879281,-1.5967891,0.66813296,-0.044034433,-0.16758928,-0.058093786,-0.52700853,0.051044248,-0.088780895,-0.66315007,0.94257885,-0.60580194,0.13427059,0.45732191,-1.2723722,-0.1077891,0.3713963,-0.061579581,-0.37033221,-0.79944199,0.56459206,0.22192146,0.36716852,0.68058735,-0.63206667,-0.28675005,0.032641925,-0.017332725,0.31658375,0.33864167,0.13051127,-0.1341351,-1.1341133,-1.5551597,-0.75307667,0.23855726,0.53289968,0.22247368,-0.41632137,-0.31299385,0.17585456,1.2328776,-0.19103062,0.049585238,-0.27369958,-0.17302871,0.9497925,0.10013622,0.22948109,0.94226813,-0.075348467,-2.1569216,-0.10601606,0.58050627,0.029662091,-0.084470458,-0.66735864,0.071796037,-1.3948627,0.22565103,-1.1546283,0.28618312,0.14674613,-0.77212578,0.014562165,0.28239998,0.36859179,-0.19857629,-0.028332695,-2.3770022,0.34645209,-0.66978455,-0.05606664,-0.16416985,0.13816316,0.4700571,0.13520992,-0.16525142,0.76945972,-1.4019258,-0.82603508,-0.27964181,0.34448844,-0.36451837,0.12515169,0.2140435,0.44681263,0.020232983,0.52878463,0.43636703,0.73734093,-0.86855239,-0.264081,0.47586027,-0.11209393,0.21725419,0.008521732,-0.22808009,-1.0831531,-0.48375413,0.12282049,-0.40405214,0.40509272,1.142943,0.34683642,-0.43302649,0.15656196,-0.32772455,0.56314057,0.49562597,-0.44636789,0.096498825,1.5824049,0.12049421,0.15081717,-0.95064056,-0.1883503,-1.8597713,1.0090947,-1.2774976,-0.27819934,-0.10011955,-1.3234061,-0.19088891,0.12532207,0.16994987,0.67073119,0.38163728,0.33089986,-1.6401017,0.7893104,0.018717539,1.1407238,-0.035192247,-1.0189021,-0.064509049,-0.74663824,0.5268119,0.25041232,-0.85889995,0.3631936,-1.6567421,-1.568971,-1.2649171,-0.36561185,0.32350215,0.49370271,0.22664583,-0.74775314,0.58879411,-1.2185922,-0.19484183,0.23825696,-0.97990769,-0.032487802,0.023271501,0.45736447,0.068893909,0.41670418,0.045106355,0.47040904,0.064750142,0.45878726,-0.014369735,-0.12546104,-0.68416947,0.33424693,1.0440439,-0.42012578,0.60095352,0.42386863,0.60342747,-0.62480229,0.71529841,0.41068155,-0.88912201,-0.46029502,0.080586508,0.13495603,0.26459178,0.75080591,-0.30598244,-0.43015474,-0.41251418,-0.04515161,0.56064755,-0.19079845,0.054383412,-0.23350236,0.17590418,1.1252716,-0.92480433,0.12814057,0.28024054,-0.59590948,0.007469479,-0.16406341,-1.2613322,-1.8533196,-0.28343356,0.47285444,0.1530136,-0.25637516,0.76747561,0.27940381,0.51341021,0.2016184,-0.24075425,-0.34851503,0.19128332,0.085394509,-0.13361256,-0.51348853,0.16099815,0.140747,1.1718036,-1.5800463,-0.010431001,1.4930575,1.523329,0.46691737,-1.2020425,-0.30812779,-0.40126872,-0.15747537,0.045270439,0.35435337,0.82627106,0.69664854,0.41171202,0.17688201,0.22041175,0.66085136,0.74856025,0.99641371,-0.70598787,0.2938906,0.28163278,0.10315152,-0.29949003,-0.12843539,-1.6003593,0.29824707,0.028926013,-0.35338312,-0.095661491,0.35096189,0.21182591,-0.71412277,0.25785077,-0.17715967,0.097054809,-0.063865215,0.46142569,0.99946433,0.2593013,-0.013553586,0.58335221,0.050583616,0.097190812,-0.99991554,0.24488582,-0.63723469,0.1444218,0.75553691,-0.67089224,-0.32859123,0.45114696,0.36847574,-0.50806934,-1.0717713,0.54024392,-0.5797137,0.053361941,-1.37679,0.33549279,-0.15099744,-0.50712502,-0.43447173,0.94951379,0.47210339,-1.6597749,-1.0194802,-0.29057345,0.040863927,0.21623023,-0.010073727,0.067078114,0.45134109,0.18182816,-0.15144448,0.21669471,0.34931368,0.40554407,-0.10044219,-0.23282278,0.20334806,-1.408136,0.071538277,0.3603797,0.045341991,0.20110209,0.5773567,0.96983588,-0.31474206,-0.73266679,-0.33106574,0.072096303,-1.7168632,0.37157595,0.37720579,0.32876158,-0.68539727,-1.2172889,0.21359459,-0.57759356,0.11131828,0.10124342,-0.053225882,0.30240506,0.125539,0.29352292,0.36361617,0.030480936,-0.077377394,-0.34758702,-2.0519612,-0.70566988,-0.85931069,0.063792422,-0.79962373,0.22139066,-0.15328324,-0.23220868,0.029394366,2
0.4920601,0.25520521,0.2231964,0.49231771,0.46385503,0.48658201,0.47485954,0.45611387,0.4439624,0.46607018,0.44397202,0.46101385,0.4543584,0.4370257,0.46296972,0.44965267,0.45174721,0.48898536,0.45320642,0.42700988,0.44448885,0.45625913,0.44020575,0.44099563,0.46234536,0.45780915,0.46039987,0.44045201,0.4043321,0.4514167,0.43939522,0.44936079,0.40166241,0.4347589,0.4600158,0.40613118,0.444116,0.44131047,0.42689198,0.42887646,-0.98162854,0.20585677,0.42495608,0.48763913,1.3771262,1.7176676,1.3805349,0.79074252,0.91709626,1.6973857,1.4564028,1.2720935,0.29249951,-0.24847785,-0.28088811,-0.30335701,0.71954775,0.38415316,0.35395122,0.28160205,-0.8710745,-0.007195618,-0.57080334,0.29924154,-0.81539935,-0.054036252,-0.20298211,0.61861491,0.35497087,1.3375391,-0.16933498,0.23473126,-1.1893636,-0.24574518,-0.037390385,0.88781369,-1.1112071,0.65104729,0.1481539,-0.97083336,-0.07167846,-1.2665962,-0.63240844,0.53666461,0.95111924,0.73362511,-0.02944449,-1.7350914,0.58232284,0.10074263,-1.0769248,0.47669318,0.079924844,0.19740586,0.59181261,-0.035906587,0.33811748,-0.28088933,0.13301024,0.6170274,-0.79702508,-1.1953566,0.05689197,0.55154979,-0.30144989,0.16094398,0.22790785,-0.12363777,-0.061896145,-0.29412413,0.43065327,0.93363142,-0.22535799,-0.44413334,-0.52838916,0.14670011,0.50519788,-1.0796959,0.42932507,-1.0086534,-0.34428072,-1.8209181,-0.99657315,-0.017379966,-0.51063311,0.18631837,-0.36076322,0.11831702,-0.1064887,-0.076838568,-0.83128417,-0.63150042,0.03724502,-1.2377696,-0.11514771,-0.054411516,0.086712927,0.20441441,-0.4187617,-1.763957,0.42401302,0.41330618,0.8822186,-0.22320655,0.4880009,0.39553359,0.12170209,0.020290807,-0.40154418,0.31002021,-0.36431968,-0.34281886,0.40041623,-0.2260631,-0.8860122,0.034265965,-0.582151,-0.69485116,0.29091519,-0.31397495,-0.009871235,-0.56916046,0.71027505,0.52551085,0.14497824,-0.032393485,-1.8136061,0.79150206,-0.061290551,-0.16392642,-0.077417806,-0.55794853,0.022154653,-0.094799489,-0.68587059,1.0211042,-0.60149372,0.13005525,0.4832893,-1.7119056,-0.16871276,0.35257095,-0.060791139,-0.38790482,-0.84094208,0.60082573,-0.002111495,0.39453813,0.95448726,-0.80300421,-0.29281425,0.033846363,-0.012726166,0.17441662,0.27827919,0.19156517,-0.14486763,-1.3229768,-1.7596331,-0.7937817,0.23947017,0.63606739,0.27110612,-0.3715125,-0.36601159,0.16174203,1.3687539,-0.016189385,-0.032686289,-0.33621776,-0.16464321,1.1691406,0.17328289,0.24594393,1.7255472,-0.13432066,-2.5668068,-0.12407283,0.61670661,0.10282296,-0.079686247,-0.7002036,-0.074177295,-1.4189137,0.24537063,-1.3173093,0.1830748,0.15221009,-0.89529389,0.11530572,0.43599534,0.57323939,-0.25537562,-0.33269158,-2.5934384,0.36902168,-0.64163464,-0.091510102,-0.18471999,0.33070025,0.45113701,0.19202739,-0.16013373,0.43698776,-1.4762086,-0.83910459,0.16626048,0.32086527,-0.48763636,0.28150403,0.19850989,0.40685961,0.07875526,0.62751174,0.38217881,0.82680404,-1.0828212,-0.30334121,0.39979738,-0.21352881,0.29816768,-0.19941355,-0.14041208,-1.2779102,-0.50068671,0.176708,-0.52898294,0.4273372,1.1875207,0.4190577,-0.44229257,0.1890877,-0.40464216,0.41441238,0.50093055,-0.45555902,0.086444601,1.7621415,0.072193891,0.17209825,-1.0090495,-0.054093592,-1.9740641,1.052857,-1.2741268,-0.27649254,-0.22580609,-1.4179474,-0.34273583,0.27829811,0.18447846,0.73775733,0.36379114,0.34224978,-1.9051913,0.97784638,0.03688892,1.0828942,-0.028375503,-1.0505662,0.015107691,-0.89135844,0.56708169,0.33406377,-0.96953261,0.42577094,-1.8647406,-1.9059625,-1.3863977,-0.45417538,0.46171248,0.68637174,0.22253658,-0.82837826,0.70498073,-1.3552686,-0.23407739,0.18300378,-1.0874366,0.031484596,0.00569462,0.49170229,0.00319745,0.38335356,0.015064783,0.49591741,0.018257596,0.41705123,0.003577344,-0.092851758,-1.1256627,0.47325957,1.1402624,-0.61795241,0.54378694,0.50617045,0.56992757,-0.79231113,0.64162666,0.20099612,-0.97316015,-0.46169513,0.1222703,0.14692126,0.24085502,0.83411527,-0.2274722,-0.53748524,-0.48533839,-0.034191214,0.54867733,-0.19806248,0.025321972,-0.33206463,0.21400648,1.2983472,-0.87749624,0.007533476,0.28429326,-0.62095731,0.007935476,-0.24911332,-1.3658446,-1.9943657,-0.32593,0.58403367,0.16285048,-0.25893766,0.62854248,0.33073184,0.46153411,0.27143681,-0.22537678,-0.4231146,0.26446331,0.051103681,-0.20742173,-0.60534781,0.21342598,0.23112464,1.3794147,-1.7815453,0.01400851,1.5734016,1.7305344,0.46097472,-1.3103987,-0.25502175,-0.36274904,-0.19190656,0.017967252,0.43325251,0.92778236,0.7734074,0.54982555,0.12770036,0.26084229,0.67694509,0.75183958,1.3117061,-0.88554722,0.29190248,0.37439194,0.17883298,-0.31795791,-0.16498373,-1.6990932,0.33763751,0.036990222,-0.37744176,-0.16379245,0.3108514,0.22183082,-0.74666375,0.26664466,-0.24496892,0.090740658,-0.10059938,0.4450286,1.04567,0.27979994,0.034036085,0.69770902,-0.10235172,-0.001653423,-1.109303,0.27268833,-0.83016694,0.22700338,0.75025219,-0.89205563,-0.48760396,0.47428721,0.4220939,-0.54897904,-1.1950216,0.65179604,-0.82388222,0.1545276,-1.4184109,0.32517472,-0.1489397,-0.6590054,-0.49979877,1.1331662,0.52374929,-1.8550225,-1.2301884,-0.31920883,0.028763227,0.16413191,-0.01404329,0.012796126,0.41802046,0.21103524,-0.18133637,0.13087076,0.40557417,0.54067922,-0.008618861,-0.19413625,0.16228329,-1.5581665,0.003175435,0.54963708,0.073462464,0.17464297,0.69151425,1.2262824,-0.3932721,-0.79432344,-0.44429249,-0.095265999,-1.8508544,0.44155955,0.35013753,0.44434398,-0.8215996,-1.1425186,0.29646787,-0.49465182,0.29614028,0.019693892,-0.055330917,0.39311585,0.13249877,0.32183468,0.4177666,0.072987288,-0.14327219,-0.37262762,-2.1713881,-0.65974778,-0.82599145,-0.003979435,-0.78609931,0.1934651,-0.16133252,-0.25710472,0.10301124,2
0.51889396,0.30715224,0.25611416,0.49111909,0.47810185,0.50058913,0.48588958,0.47231132,0.48753864,0.48520941,0.47925302,0.47568721,0.47871059,0.46065006,0.48131937,0.47086531,0.48310375,0.50345606,0.48713392,0.46612334,0.45822284,0.47485185,0.46441662,0.46852064,0.46722674,0.46599203,0.4769671,0.4602176,0.47431043,0.47482657,0.46540087,0.46590883,0.4570508,0.45842388,0.46623558,0.43791097,0.44307411,0.4657827,0.44441563,0.45775512,-1.0584044,0.24234667,0.72053593,0.70557594,1.6629269,1.6718616,1.6670561,1.069433,1.2046824,1.996495,1.7020941,1.5588437,0.39676404,-0.21305664,-0.14527041,-0.3382304,0.67839003,0.36550024,0.39456588,0.30368057,-0.98563939,-0.028359827,-0.49424458,0.38485536,-0.92531502,-0.15305042,-0.21938163,0.76089633,0.48700845,1.4114896,-0.21689266,0.25827038,-1.2294391,-0.2356807,-0.006665371,0.83881778,-1.1947005,0.6471355,0.32045898,-1.0090221,-0.12734899,-1.218434,-0.55094266,0.56568813,0.92688042,0.79870647,0.042579412,-1.8582211,0.71769089,0.16131531,-1.0819511,0.66654319,0.041073613,0.086906254,0.64741743,-0.1497362,0.41999885,-0.61165643,0.065388478,0.60750943,-0.88652873,-1.3208425,0.081783272,0.63077837,-0.36168042,0.25745812,0.15682246,-0.095451728,-0.14628044,-0.32760838,0.49606055,1.1432643,-0.23295052,-0.41812897,-0.70521665,0.56935811,0.57899618,-1.2686672,0.46483135,-1.1611873,-0.41866401,-2.007874,-1.2068036,0.020540085,-0.53036201,0.23608649,-0.50542545,0.17708305,-0.13607602,-0.21435268,-0.98313963,-0.27410719,0.29387712,-1.344669,-0.23206282,-0.19300109,0.24067086,0.39721614,-0.56732738,-1.8888879,0.61059678,0.50959915,0.97669852,-0.19906273,0.56202924,0.33648491,0.10837022,-0.2274648,-0.28245184,0.60719562,-0.60887128,-0.2250623,0.38932979,-0.31535667,-0.93038559,-0.067186363,-0.73344702,-0.88953251,0.39371395,-0.52152234,0.006204536,-0.67350346,0.74166226,0.74878645,-0.014018581,0.013611205,-1.9765737,0.69371879,-0.13571279,-0.17690994,-0.07654456,-0.59232128,-0.097060367,-0.22187844,-0.58503371,1.168569,-0.69469368,0.13641639,0.74042916,-2.0981314,-0.22540697,0.47012281,-0.13005084,-0.63828945,-1.2254603,0.61620867,0.15391061,0.39051175,1.1097246,-0.80508566,-0.23376074,0.043860406,0.031619329,0.092464715,0.32688695,0.072271958,-0.024012484,-1.4000181,-1.8295943,-0.94392794,0.31648323,0.45953295,0.23119131,-0.49779582,-0.40472639,0.200449,1.8646255,-0.081785783,0.05245493,-0.47361887,-0.29482722,1.3702916,0.15800154,0.28031185,2.035742,-0.032142617,-2.7771199,-0.05671683,0.7537272,-0.021898158,-0.057233851,-0.97216165,-0.010296047,-1.7686605,0.2531333,-1.5102582,0.7135157,-0.006540202,-0.86054254,0.043285858,0.43582141,0.9078269,-0.2458231,-0.079962768,-3.0418837,0.36818334,-0.52314198,-0.053569678,-0.17588614,0.30317891,0.68874997,0.14423467,-0.21926245,0.4035213,-1.8269868,-0.95672661,-0.13051945,0.42124,-0.54493684,0.046549954,0.42515671,0.56485736,0.011332387,0.62300491,0.52560365,0.87807524,-1.0771189,-0.35868075,0.51802111,-0.08089412,0.25963941,-0.045537308,-0.22839029,-1.267912,-0.53995514,0.13991633,-0.48606458,0.4215557,1.3367801,0.45891801,-0.43671763,0.15421331,-0.5147481,0.74186832,0.77048588,-0.47868204,0.15353909,1.7928643,0.11111353,0.20375839,-1.1822402,-0.27475598,-2.3153911,1.1834302,-1.6506572,-0.48396295,-0.17597497,-1.4302257,-0.41374394,0.37962377,0.29665202,0.58841807,0.65362054,0.32235414,-2.0578117,1.1827453,0.10590244,1.1931113,0.037313759,-1.1306951,-0.11320542,-1.0152659,0.81641299,0.29240677,-1.006736,0.47886443,-2.2071269,-2.1257615,-1.7198176,-0.36906734,0.53595793,0.96745551,0.27619845,-1.1241007,0.81393486,-1.6065626,-0.1929865,0.39498311,-1.2871884,0.038694371,0.061653242,0.67277026,-0.089173242,0.50006402,-0.038090616,0.47230688,0.029854283,0.95010507,0.038776956,-0.19993615,-1.0226382,0.41123807,1.1673253,-0.84731573,0.79627091,0.51974458,0.68043166,-0.71572858,0.74547744,0.28783622,-1.311146,-0.7063089,0.13268378,0.17064178,0.26600716,0.94276381,-0.32687899,-0.67041624,-0.49498123,-0.060858082,0.48786479,-0.34269845,0.005590558,-0.33405307,0.19092707,1.5131233,-1.2374738,0.16969123,0.27890965,-0.77604979,-0.025768142,0.023932867,-1.7419283,-2.2534189,-0.025166675,0.60210454,0.17706369,-0.29851925,0.96924525,0.32836699,0.43151087,0.24425043,-0.10134283,-0.65708447,0.23654181,0.038333416,-0.16464831,-0.60259402,0.2279578,0.26124457,1.5818036,-1.9021602,-0.10800999,1.686353,1.9960988,0.47808373,-1.32177,-0.30305725,-0.55395752,-0.036317274,0.099889733,0.67859107,1.009041,0.78569913,0.49147427,0.21412566,0.26157433,0.8215158,0.8264854,1.433918,-1.0738901,0.28663144,0.52659965,-0.028634861,-0.44404233,-0.19296457,-1.6098558,0.35563082,0.043888435,-0.45675847,-0.1804582,0.45188311,0.1736148,-0.83540237,0.37670761,-0.24549869,0.32359189,-0.31624585,0.91361153,1.3471549,0.28084499,0.089835137,0.73116398,-0.16074146,-0.15016297,-1.220536,0.25655803,-0.68309516,0.14500722,0.7389341,-0.96921366,-0.55661452,0.52975959,0.49695605,-0.80357796,-1.5964994,0.74372816,-0.72690314,-0.036181748,-1.7235856,0.43181092,-0.14043878,-0.83024514,-0.60898113,1.1957532,0.5592562,-2.13486,-1.4492204,-0.3410787,-0.023698077,0.28090578,0.029022876,0.081928685,0.59350657,0.23808877,-0.19178905,0.14966924,0.40988839,0.55238795,0.004416816,-0.052138254,0.17358717,-1.7658937,-0.088682435,0.72314066,0.022737142,0.19172964,0.74991006,1.3358846,-0.40820444,-0.98963171,-0.40899324,-0.06847398,-2.2270091,0.35105926,0.32679275,0.44754291,-0.90571272,-1.5944024,0.27013642,-0.61885566,0.20946893,0.13296697,-0.058333941,0.99164516,0.17973854,0.35645199,0.6064505,-0.014145225,-0.26202404,-0.50744295,-2.506516,-0.78043371,-1.1425819,-0.038133338,-1.0709116,0.35820392,-0.24379487,-0.32259122,0.050244078,2
0.55631179,0.33364019,0.29366767,0.53823221,0.53121895,0.54650122,0.53350741,0.51983422,0.53155726,0.52680224,0.52877063,0.5268327,0.52909315,0.50967956,0.53841531,0.51596534,0.53271967,0.54954123,0.53147626,0.51919538,0.50907636,0.51958299,0.51337242,0.5203045,0.52100253,0.51803863,0.51863921,0.51047963,0.52056617,0.51555341,0.50681365,0.51343763,0.49705726,0.50597906,0.5124262,0.49571556,0.49325395,0.51241261,0.48968112,0.49597496,-0.83829218,0.27678186,0.38872135,0.41143969,1.3544059,1.7134805,1.307227,0.72393346,0.83607936,1.6509356,1.4217474,1.2072383,0.28244707,-0.1848191,-0.23847862,-0.29392657,0.51562721,0.33121851,0.35002983,0.28540376,-0.80683529,0.018144917,-0.4193629,0.31371427,-0.84627998,-0.071248472,-0.1716933,0.6971966,0.3899765,1.2064015,-0.2200883,0.23550829,-1.0860779,-0.23271489,-0.027561653,0.79899168,-1.1871054,0.52056491,0.20642003,-0.9459039,-0.042828865,-1.0388372,-0.52999306,0.66863108,0.68118894,0.76091224,-0.000207139,-1.4952794,0.54045814,0.15907381,-0.90784669,0.53664792,0.11164124,0.099041134,0.52949017,-0.12780286,0.25209072,-0.33984667,-0.000322212,0.51794028,-1.0626836,-1.1408963,0.11284457,0.70360124,-0.4149414,0.27720696,0.15358566,0.003377974,-0.11187851,-0.33512324,0.31559396,0.96508473,-0.22135542,-0.65190542,-0.65218467,0.29834571,0.42455012,-1.1121622,0.3438777,-1.1305431,-0.32271075,-1.8427676,-0.95972157,0.01878519,-0.43278828,-0.005368203,-0.504103,0.15444136,-0.1094012,-0.002768278,-0.69553345,-0.40658176,0.14641076,-1.1557901,-0.25602382,-0.068216056,-0.013649911,0.30411124,-0.39959529,-1.5766277,0.43439204,0.43941873,0.93663776,-0.1931577,0.56061763,0.31259209,0.046689443,-0.032322109,-0.34185219,0.36453116,-0.79695141,-0.22938532,0.32052127,-0.30141342,-0.71915895,0.10770895,-0.68531787,-0.62980604,0.30695367,-0.41727364,-0.038821839,-0.70141786,0.70113146,0.75569862,-0.082547881,-0.12795402,-1.5178237,0.61934263,-0.12555233,-0.19833905,-0.14026551,-0.57746208,0.032534126,-0.12691133,-0.45627171,0.97525489,-0.82031977,0.13106775,0.45896384,-2.1805212,-0.18393652,0.42402461,-0.084522441,-0.33550322,-1.0464424,0.44222042,0.27004105,0.43755987,0.64978677,-0.75774843,-0.056895941,0.080631509,0.07684958,0.15767184,0.30920365,0.059502698,-0.00590346,-1.2221379,-1.6533229,-0.91586024,0.2891874,0.51860839,0.13049211,-0.47451252,-0.36693096,0.22986613,1.5238842,-0.23326865,0.081309125,-0.42461294,-0.36945689,1.0954124,0.13763776,0.27320442,1.8562,-0.069701329,-2.3489995,-0.069869645,0.61963791,0.087180942,-0.19421405,-0.54860663,-0.051466644,-1.3823727,0.28788048,-1.3422014,0.32885414,0.16585129,-0.8029086,-0.035730712,0.57728314,0.58488238,-0.23907089,-0.18890646,-2.5034716,0.26050287,0.16022569,-0.092627376,-0.12530404,0.23331749,0.63500768,0.11744298,-0.22134544,0.51903778,-1.370451,-0.58009607,-0.44902623,0.37047917,-0.48199534,-0.092138872,0.21245718,0.49406958,-0.01427094,0.5861885,0.26704383,0.66207665,-1.0076883,-0.25182533,0.49070019,-0.071361244,0.21140878,-0.050009631,-0.035715654,-1.1446261,-0.42619359,0.19036728,0.35573167,0.52401513,1.1153505,0.40721914,-0.45693234,0.11273691,-0.50144881,0.60277534,0.53660637,-0.34679168,0.14799893,1.707104,0.11731838,0.14579093,-1.235528,-0.75840545,-2.0916617,0.99762022,-1.1657063,-0.33608204,-0.23687741,-1.4769157,-0.37241483,0.34334469,0.25660491,0.74602163,0.2937791,0.40632403,-1.7965176,0.955374,0.080187902,0.95202541,-0.027190257,-1.0569451,-0.12285229,-0.89095378,0.52798945,0.18803546,-0.78951591,0.33256793,-1.8775781,-1.6942008,-1.47296,-0.31700635,0.45980936,1.0257134,0.23346317,-1.0077163,0.65168482,-1.3673477,-0.13381162,0.3555823,-1.1958052,-0.080899633,0.028542846,0.36838156,-0.062061414,0.366247,-0.052225273,0.28007865,0.078365326,0.62519407,-0.074365839,-0.087997876,-0.88985431,0.34868518,0.8703196,-0.5591895,0.64419734,0.49966446,0.27659047,-0.72258681,0.55048233,0.22114709,-1.1535347,-0.59154272,0.082058638,0.11473504,0.044870481,0.69086868,-0.13310364,-0.64371628,-0.48244527,0.030367829,0.5349595,-0.23611397,0.10699616,-0.24530151,0.16604762,1.1971456,-1.0866452,0.15891972,0.23624429,-0.6581707,0.27862027,-0.31347796,-1.3974607,-2.0048022,-0.17378309,0.55324733,0.23708604,-0.22271405,0.62729669,0.3753978,0.50851196,0.23768252,-0.20439026,-0.76194263,0.2057842,0.09627758,-0.1757167,-0.54174608,0.19694021,0.15583767,1.3265098,-1.8142381,-0.13842106,1.6250174,1.7613611,0.4318507,-1.1221029,-0.19208232,-0.77233154,0.017472863,-0.039751142,0.45237494,0.80777234,0.67970383,0.51293129,0.12717445,0.273864,0.73807818,0.76829821,1.1278093,-1.0660284,0.52554721,0.35500664,0.063528597,-0.3844198,-0.20560309,-1.4987,0.30656472,0.068630956,-0.45777553,-0.17779234,0.23058297,0.1502133,-0.59823799,0.23524266,-0.30255598,0.4440262,-0.15424252,0.80087686,0.99391162,0.32532874,0.080619857,0.6473248,-0.15169486,0.061940949,-0.98217958,0.080260888,-0.64583391,0.079905957,0.28553289,-0.81901515,-0.35382292,0.19950972,0.39414623,-0.8797493,-1.2251616,0.65433192,-0.84989721,0.009454347,-1.5739532,0.33766007,-0.27062893,-0.77913702,-0.56007087,0.99878275,0.5530827,-1.8447199,-1.5835481,-0.19150916,0.031648051,0.32661039,6.61E-05,0.053901337,0.40256709,0.15899776,-0.23858222,0.15855339,0.26569146,0.37305674,-0.029703625,-0.1314123,0.2355842,-1.5608448,-0.025116233,0.53306526,0.097426578,0.24480207,0.78207093,1.2614679,-0.25004834,-0.88213527,-0.35051489,0.078180574,-1.8075485,0.30522567,0.30126536,0.51609814,-0.65234429,-1.3692946,0.18208316,-0.44197181,0.58407855,0.058083266,-0.03751355,0.69779259,0.13558827,0.3060143,0.50542182,0.031667016,-0.25626427,-0.42951247,-1.9289583,-0.59280992,-0.87460726,-0.033872854,-0.99247682,0.49595314,-0.10308549,-0.39852148,0.005517427,2
0.5085479,0.28853914,0.25115108,0.49179512,0.48604536,0.50589156,0.4873417,0.4791888,0.4881025,0.48380581,0.48341912,0.47825396,0.47782642,0.46424872,0.48710334,0.47383493,0.47489911,0.49678707,0.4950076,0.46879014,0.44888979,0.47689128,0.46125382,0.47144216,0.47115949,0.4659501,0.4796322,0.46459097,0.46741942,0.4746871,0.46174771,0.46321014,0.45714825,0.4643122,0.4642044,0.43772507,0.44665533,0.45905501,0.43514538,0.45370615,-0.80858952,0.23511088,0.35640121,0.40223965,1.3343756,1.6573503,1.2844102,0.69826126,0.8073293,1.6283202,1.4059486,1.1862985,0.28198308,-0.22409041,-0.036650196,-0.33128506,0.54326546,0.28674719,0.29844925,0.25196066,-0.67364371,-0.034407955,-0.49429119,0.34324345,-0.74563026,-0.079789393,-0.1354647,0.64268631,0.12127127,1.4640198,-0.19155701,0.187416,-1.0599329,-0.24680223,0.02867385,0.83162522,-0.99050742,0.48099494,0.25785244,-0.88615614,-0.12943293,-1.1396949,-0.5844909,0.52402246,0.7960037,0.60357094,0.000564912,-1.5894775,0.64834189,0.093977153,-0.97105217,0.51592052,0.075846568,0.1258029,0.51726472,-0.10427138,0.31431177,-0.40208074,0.047432397,0.50877571,-0.50333571,-1.0378751,0.084831312,0.43947622,-0.24982649,0.4128966,0.037118316,-0.19817603,-0.065971166,-0.32911295,0.50342971,1.0528212,-0.17287736,-0.42672628,-0.41486719,0.18902171,0.4453643,-0.92449176,0.37821069,-0.83747762,-0.36976427,-1.7352048,-0.93584383,0.003605463,-0.49486008,0.27230203,-0.43221629,0.12080935,-0.13956302,-0.1818632,-0.722785,-0.47310206,0.26860833,-1.0219357,-0.13720649,-0.12910005,0.20131443,0.11423225,-0.48181933,-1.4989769,0.49089706,0.41912928,0.74056184,-0.12405042,0.57188493,0.31451282,0.044914074,-0.1081935,-0.23115776,0.43568331,-0.44450992,-0.16076672,0.30507767,-0.23888668,-0.68570417,-0.11141086,-0.5705595,-0.62071049,0.31984144,-0.26660046,-0.014985181,-0.63188106,0.58099294,0.50865936,0.12335555,-0.0002582,-1.7085714,0.8104285,-0.020332208,-0.16436175,-0.061428085,-0.56828487,-0.034007877,-0.12539873,-0.63016367,0.91890842,-0.61741012,0.099930063,0.40000942,-1.6114146,-0.1077216,0.3769536,-0.08434657,-0.4608756,-0.88510174,0.51924533,0.29068869,0.17453094,0.80239892,-0.67354351,-0.26892257,0.048470631,0.059904784,0.22841913,0.35375676,0.18863651,-0.014647901,-1.1386042,-1.615849,-0.66948736,0.26317728,0.5681144,0.17949411,-0.44452941,-0.28020388,0.14150608,1.3996236,-0.13488224,0.065824986,-0.38059261,-0.21216767,1.0617038,0.095045157,0.22317044,1.6704005,-0.032014001,-2.1643863,-0.05770535,0.6580084,0.008303101,-0.091092065,-0.72477621,0.17580087,-1.4118751,0.23954773,-1.1616229,0.45922878,0.089900225,-0.73607212,0.028460825,0.18401515,0.54356277,-0.22282642,-0.21609601,-2.4149597,0.34762025,-0.50777233,-0.065657854,-0.0189142,0.15995981,0.50159436,0.14043239,-0.21746564,0.71539611,-1.4448938,-0.85641134,-0.070306703,0.26401377,-0.43103096,0.17882352,0.22980973,0.53559518,0.012353872,0.52345151,0.48374718,0.72174168,-0.97762966,-0.33585733,0.54089278,-0.082073115,0.2498427,0.018705435,-0.29009628,-1.1303048,-0.4665097,0.030299202,-0.44103044,0.41231444,1.1369824,0.37306067,-0.37015888,0.17563382,-0.36912104,0.65873891,0.55906844,-0.38280499,0.057249311,1.2891238,0.15887238,0.20941934,-0.93498975,-0.042426907,-1.8739192,1.0149704,-1.339008,-0.24318422,-0.21346407,-1.3123835,0.002753772,0.17246252,0.1705669,0.68380564,0.64119679,0.38934416,-1.7168162,0.8416608,0.13420904,0.98803747,-0.006520823,-0.98564005,-0.085247405,-0.81357676,0.58995283,0.30304095,-0.77748865,0.29001561,-1.6306359,-1.5857527,-1.3263384,-0.3803722,0.52160323,0.74763918,0.18988785,-0.81123811,0.64232016,-1.188468,-0.12033652,0.31223455,-1.0871071,-0.027247658,0.027278842,0.50755924,0.11589898,0.35245281,0.002454777,0.38913396,0.058803581,0.75705779,0.00784828,-0.13428542,-0.66200423,0.37395456,0.99970448,-0.60261977,0.66353124,0.50382781,0.56382203,-0.6108557,0.54377109,0.42222697,-0.95340669,-0.58244932,0.073687695,0.26631382,0.25333866,0.72514039,-0.33586031,-0.50124252,-0.41374221,-0.042562354,0.49173874,-0.21067707,0.13728774,-0.26280102,0.1474126,1.0683249,-0.9742896,0.15491153,0.31223848,-0.62854683,-0.020639611,-0.1897901,-1.4251025,-1.8507704,-0.23439933,0.51527381,0.092738591,-0.24960265,0.71389169,0.28689361,0.4544386,0.20342317,-0.23353037,-0.41622296,0.18496457,0.043338619,-0.096407771,-0.39154804,0.15890884,0.0801071,1.163308,-1.5495178,-0.15601802,1.5380238,1.3616161,0.38650644,-1.27881,-0.25707972,-0.31335428,-0.15258764,0.079196244,0.49169874,0.71552676,0.65593499,0.39959481,0.20229061,0.19536693,0.77096671,0.71952266,1.0064172,-0.83661729,0.36554641,0.39663696,0.14876881,-0.39664835,-0.17743805,-1.4581324,0.28055558,-0.012550563,-0.42712319,-0.20655848,0.42761418,0.11142907,-0.47919855,0.26266283,-0.22646993,0.27357906,-0.093137063,0.52846318,0.87164015,0.23453221,0.055202447,0.54688561,0.18281168,-0.008908927,-1.0167159,0.26453114,-0.55063474,0.21159075,0.66361231,-0.70373696,-0.41981792,0.43494418,0.44531834,-0.56843311,-0.97108364,0.5654918,-0.54448777,-0.011209885,-1.5578158,0.29436278,-0.086240992,-0.52614039,-0.44983369,0.9038986,0.52928317,-1.7584749,-1.1320782,-0.31554374,0.027869299,0.30949372,-0.004131055,-0.020008225,0.49055064,0.16834605,-0.1428473,0.24375454,0.28420329,0.39140448,-0.008672841,0.012353599,0.18506651,-1.4184476,-0.075870395,0.43695796,0.018791594,0.2076287,0.63550508,0.9614923,-0.3631804,-0.77636743,-0.3109104,0.10617779,-1.946032,0.21956709,0.43270576,0.37587729,-0.70403039,-1.194901,0.21623528,-0.62760937,0.25695938,0.084521174,-0.025927372,0.52743506,0.086177632,0.28715634,0.46337092,0.007713174,-0.084105022,-0.39479071,-2.0894799,-0.74347794,-0.8666867,0.040836368,-0.75925404,0.21612914,-0.17530885,-0.33218336,0.095254526,2
0.63753444,0.41228908,0.37504029,0.60429311,0.58837402,0.61367548,0.60145468,0.58131438,0.59765792,0.58995813,0.58752918,0.58444464,0.58518755,0.58158803,0.60050046,0.57657593,0.59531891,0.60833722,0.59092814,0.58045864,0.57047617,0.58148676,0.57732326,0.57553869,0.58529043,0.57663476,0.58521724,0.57067257,0.57919133,0.57520819,0.56822044,0.57656515,0.56746447,0.57078576,0.57460678,0.55300558,0.55233598,0.57003045,0.55772412,0.56366205,-0.93823707,0.36419365,0.6626851,0.65172899,1.5697778,1.7378185,1.5863887,0.98221034,1.1225945,1.9078119,1.6366214,1.4726423,0.54322082,-0.19411634,-0.29847157,-0.29583281,0.82086051,0.48730418,0.44418406,0.3961854,-0.9414432,0.04515627,-0.65102625,0.48168987,-0.85052788,-0.18229425,-0.27872857,0.66506839,0.088950887,1.5411443,-0.20224863,0.30337131,-1.2639147,-0.12471421,-0.21029951,1.1475854,-1.0774467,0.87679791,0.26456198,-0.94492453,-0.12158482,-1.3315606,-0.48642284,0.43624452,1.1269352,0.65123522,0.039974533,-1.7050214,0.62465763,0.12663396,-1.1352196,0.59367502,0.049626455,0.12901857,0.71637142,0.010403603,0.5538227,-0.43947262,0.11267972,0.71244586,-0.64990062,-1.0937183,-0.025266826,0.59680873,-0.36593765,0.31428304,-0.012791675,-0.18481956,-0.21918151,-0.21569675,0.39984348,0.64870501,-0.16082311,-0.45437726,-0.68277633,0.1116745,0.557473,-1.2990566,0.45331693,-1.1770663,-0.27896956,-1.8477718,-1.0839536,-0.11768974,-0.70044756,0.24041727,-0.39353567,0.088958912,-0.0131488,-0.16015451,-0.85007215,-0.65047187,-0.21259165,-1.1895301,-0.060862552,-0.093205526,0.15610833,0.14785607,-0.42369711,-1.8894696,0.50513995,0.57335627,0.86878449,-0.16613758,0.46402258,0.34161919,0.04745204,-0.37480697,-0.40821379,0.39199543,-0.49818635,-0.15495598,0.57518429,-0.34234464,-0.8051635,0.054851614,-0.6587404,-0.64264828,0.21650438,-0.4690277,0.13281709,-0.75462162,0.84939909,0.62362313,0.066602409,-0.011145681,-1.7092618,0.510176,-0.12999453,-0.25493342,-0.074626118,-0.58057493,0.015864342,-0.25649753,-0.72000229,1.0823517,-0.74552369,0.14811668,0.57348961,-2.1618598,-0.1052881,0.30248106,-0.30255166,-0.45445478,-1.2479653,0.44222429,-0.080205619,0.30385834,0.88563675,-0.86152953,-0.3186515,0.10415003,0.057726279,0.040720195,0.31221497,0.051767156,-0.13793939,-1.421571,-1.8645446,-0.74525023,0.30850852,0.79394364,0.10373457,-0.3879599,-0.37417129,0.090791114,1.2878127,-0.024493426,0.065292045,-0.22966048,-0.34595147,1.0146961,0.23086429,0.34280774,0.88381994,-0.12179226,-2.3069215,-0.15543917,0.43393904,0.034217067,-0.12538236,-1.0477449,0.049059663,-1.6407349,0.30682063,-1.3718601,0.39101365,0.013217323,-0.92947143,0.20687118,0.21424857,0.55256206,-0.042289644,-0.099011645,-2.8628612,0.37272409,-0.49959373,0.06411694,0.065730505,0.20027302,0.57882404,0.08737281,-0.17582355,0.54075235,-1.7072046,-0.72143185,-0.40829176,0.48997384,-0.32485166,0.004708022,0.1827585,0.55174065,-0.057183132,0.58808148,0.43980879,0.91249943,-0.84102046,-0.2495088,0.66539055,-0.046443135,0.10706086,-0.11848547,-0.32401741,-1.1835338,-0.49816146,0.19536427,-0.34637281,0.33699358,1.0903648,0.48616654,-0.44173825,0.34744918,-0.37867388,0.57972074,0.40520638,-0.46569711,0.1301564,1.8504813,0.061770994,0.23586766,-0.9505592,-0.20961109,-2.0263,1.2430539,-1.5823909,-0.40974405,-0.056266889,-1.5019299,-0.18603651,0.096679449,0.18825328,0.50723261,0.53619224,0.33390117,-1.8794676,0.99263144,0.1749249,1.214399,-0.083117075,-1.1976618,-0.078456581,-0.8920384,0.67448306,0.093993172,-1.0044212,0.38209033,-2.0667257,-1.8231125,-1.4875755,-0.29754087,0.19993548,0.44604132,0.40842122,-1.2688296,0.97626102,-1.2726208,-0.18828325,0.26733693,-1.3074596,-0.14395832,0.10719755,0.47238374,0.044789724,0.42109525,-0.15938506,0.58502579,0.039651878,0.64995003,0.1348132,-0.22455586,-0.85084569,0.61845356,1.1134509,-0.97639823,0.69972932,0.54989409,0.48219547,-0.73686689,0.70702243,0.18874136,-1.1158335,-0.56146979,0.15567377,0.04719368,0.14376447,0.91567063,-0.38290748,-0.60349339,-0.59846067,-0.053846922,0.55852383,-0.17480782,-0.1675711,-0.47448075,0.21722147,1.2109158,-1.2390581,0.17436248,0.30691108,-0.61031514,-0.048705913,-0.45071429,-1.4900154,-2.0760987,-0.19395976,0.8120712,0.18636757,-0.28712383,0.83666885,0.21426854,0.56262457,0.40389645,-0.2130108,-0.70430076,0.31861556,0.049797747,-0.30896467,-0.70006615,0.30075353,0.26519978,1.3285753,-1.7219654,-0.005242366,1.4922428,1.8285239,0.51848447,-1.3449854,-0.48831153,-0.652807,-0.28555137,0.073892891,0.34493008,0.90488428,0.76806736,0.54036605,0.19238921,0.28517506,0.77946615,0.6648401,1.0803068,-1.0811772,0.27282047,0.17192347,0.18751958,-0.29390228,0.001547247,-1.7159073,0.47692072,0.035432041,-0.27510652,-0.11837459,0.20240074,0.22635946,-0.86646998,0.3555187,-0.098562397,0.28129101,-0.455347,0.64799905,1.0468001,0.3005465,0.1300827,0.66918117,-0.064305268,-0.21612786,-1.061471,0.27183145,-0.63491458,-0.007360019,0.83286345,-1.0554256,-0.40768093,0.55078834,0.34088123,-0.71049118,-1.1868892,0.68422878,-0.61378157,-0.007798988,-1.6307263,0.2995843,-0.1899087,-0.52291185,-0.48805541,1.0917766,0.38321319,-2.1105118,-1.3087909,-0.48322365,-0.046959266,0.36872292,-0.09517777,0.1291168,0.50518841,0.36908019,-0.2483696,0.187801,0.29673165,0.34276682,0.007176757,0.007021084,0.28168476,-1.5561826,0.4685975,0.4525978,0.069859803,0.16060482,0.63133746,1.0445542,-0.41356665,-0.89783305,-0.48172104,0.098882839,-2.0305002,0.42237523,0.3089726,0.50900042,-0.86301827,-1.622447,0.30507654,-0.51037407,0.053794861,0.062260196,0.003997974,0.45629403,0.20910197,0.46701139,0.3816874,0.02128638,-0.45499867,-0.34632176,-2.3512983,-0.73468435,-1.2025516,0.27137959,-1.0918478,0.16415423,-0.13786937,-0.29026529,0.12551828,2
0.5795176,0.36530089,0.31725574,0.54314852,0.54151762,0.55574346,0.54063821,0.52760518,0.53562188,0.54120326,0.52925575,0.52720928,0.53133786,0.51564521,0.54018909,0.52282923,0.52283204,0.55115604,0.53984398,0.51568031,0.50887513,0.52309418,0.51858032,0.51392627,0.5220896,0.52454531,0.53411072,0.52202702,0.51961696,0.52203858,0.51591533,0.51697147,0.50225019,0.51126266,0.51744664,0.49651131,0.49478918,0.5144136,0.49171832,0.50799757,-1.0368401,0.2984367,0.67570001,0.69609958,1.5995208,1.7479839,1.6162821,1.0203098,1.1557101,1.9386356,1.6653697,1.4961745,0.53268969,-0.21970506,-0.35732019,-0.3715151,0.87931353,0.49188203,0.43153811,0.39866385,-1.0418146,0.023183011,-0.55243576,0.52327818,-0.80335641,-0.14192148,-0.16484988,0.66503394,0.21904406,1.3212354,-0.20721225,0.28160179,-1.2820587,-0.15468556,-0.14791252,1.1130327,-1.1485209,0.85822159,0.1696175,-0.95740551,-0.13453752,-1.2009126,-0.46539679,0.35964322,1.1654737,0.78416222,0.029930467,-1.7032974,0.56045955,0.15980153,-1.1344794,0.70606863,0.036709297,0.068653151,0.75619382,0.003660686,0.51621079,-0.35346821,0.03214217,0.72924888,-0.84417951,-1.1773542,0.064010933,0.50429404,-0.34279147,0.24893679,0.12178922,-0.14215074,-0.14469355,-0.29826459,0.52604806,0.72900945,-0.13360035,-0.37689078,-0.5433203,0.16848649,0.39995027,-1.1662396,0.42325604,-1.1488863,-0.34080479,-1.8535647,-0.95504534,-0.10844105,-0.62221229,0.3674325,-0.45317253,0.051775824,-0.032051388,-0.008712165,-0.85402441,-0.61840844,-0.21835168,-1.1762009,-0.13953096,-0.055842444,0.028218955,0.22561981,-0.44863978,-1.7442344,0.10992852,0.55885786,0.86831295,-0.23979008,0.58655334,0.38813353,0.077010617,-0.34741029,-0.40662587,0.37679285,-0.79398513,-0.21175095,0.57497573,-0.23931895,-0.86864966,0.035536956,-0.60737199,-0.4888342,0.20333442,-0.45418513,0.07716687,-0.85073435,0.84176022,0.70768327,0.10171781,-0.15097249,-1.7608697,0.41076314,-0.046759225,-0.15611367,-0.059349116,-0.60013509,0.062929496,-0.2303105,-0.67459911,1.0378606,-0.75145912,0.16409065,0.5781554,-1.9427156,-0.12008948,0.31874657,-0.25156072,-0.43302578,-0.98468935,0.54348427,0.012476698,0.41478428,0.79524225,-0.86296469,-0.2709676,0.12495728,0.21087205,0.10497145,0.43141133,0.11376177,-0.082706891,-1.3557978,-1.789606,-0.92457485,0.28913772,0.77001262,0.29399166,-0.43002278,-0.36937541,0.12357327,1.4981965,-0.11071403,0.046092018,-0.24296699,-0.28607008,1.0593845,0.2201471,0.32411221,0.66409898,-0.16205531,-2.410095,-0.18274482,0.52993584,0.018497864,-0.18896525,-0.80659509,0.034759343,-1.5315648,0.2701112,-1.3735034,0.33796442,0.11904483,-0.93565083,0.19744265,0.36670768,0.47863144,-0.10574397,-0.37020779,-2.7265184,0.25328219,-0.56189054,0.041671839,0.21697432,0.20735019,0.46343124,0.14056259,-0.26692164,0.33732444,-1.5129348,-0.75421381,-0.41217804,0.51554322,-0.4316687,-0.007156566,0.234271,0.4860934,0.011533775,0.5910148,0.41486698,0.84385383,-0.8939383,-0.2731294,0.78087938,0.012594581,0.1928132,-0.058601234,-0.29515609,-1.1663115,-0.50346154,0.17484996,-0.40088826,0.463404,1.1994847,0.44819999,-0.49595538,0.21843226,-0.37594616,0.65368098,0.553819,-0.47618648,0.10850766,1.8859955,0.14411491,0.26662096,-0.92190665,-0.21787818,-2.016995,1.0755515,-1.3734794,-0.36511594,-0.15194342,-1.6555257,-0.31754881,0.16525283,0.20607921,0.62095028,0.45805547,0.17593704,-1.8849398,0.90565979,0.16381669,1.1607944,-0.043780498,-1.3037751,-0.15345104,-0.98103249,0.58220327,0.23636584,-1.0356579,0.37016517,-1.8901045,-1.7459114,-1.4773659,-0.32844865,0.38561109,0.31690457,0.37537193,-1.0084422,0.93518627,-1.2884192,-0.27172571,0.28908458,-1.2115072,0.01450227,0.047568962,0.40140066,0.017740652,0.45595956,-0.076749943,0.40719017,0.003991537,0.5315299,0.20962471,-0.13154183,-0.82336801,0.56764561,1.2366987,-0.78009021,0.63641465,0.5315935,0.53887558,-0.73824918,0.7326836,0.12924498,-0.95978177,-0.6077947,0.13231011,-0.013912551,0.18721727,0.96742529,-0.31825054,-0.70226872,-0.59773356,-0.044816915,0.54605019,-0.32213309,-0.003025025,-0.42267621,0.25141093,1.292879,-1.0596834,0.22490168,0.33264548,-0.62927425,-0.090528712,-0.24170092,-1.3143144,-1.9813411,-0.28851399,0.75007057,0.13485575,-0.32008266,0.77861518,0.23379272,0.56393105,0.39481783,-0.20904163,-0.45912012,0.3413797,0.044784788,-0.24509749,-0.68792552,0.31033939,0.1825479,1.3984351,-1.750482,-0.082047433,1.4263831,1.9467995,0.5120548,-1.3154836,-0.32811174,-0.41170359,-0.17811419,0.043533184,0.27421722,0.84939289,0.71433759,0.60973769,0.14171049,0.23697862,0.81105781,0.67483419,1.039107,-0.98906732,0.30852944,0.25878495,0.20586173,-0.37515807,-0.2473956,-1.7307761,0.45145679,0.065327093,-0.37005317,-0.17905223,0.323468,0.13962941,-0.88050485,0.29929459,-0.1619156,0.15499012,-0.24725425,0.64083737,1.2371316,0.33686614,0.14491454,0.67476422,0.16648063,-0.10030502,-1.0828776,0.24519783,-0.71133542,0.049498565,0.63969809,-0.98986733,-0.33452207,0.43377706,0.37669125,-0.57007128,-1.2854869,0.66116202,-0.72268772,0.11784481,-1.6211835,0.30751047,-0.19700836,-0.62328756,-0.67292297,1.0514822,0.57295215,-2.0724683,-1.2555931,-0.42355317,0.020795282,0.26662016,-0.058000885,0.11222617,0.50903964,0.34153253,-0.24046654,0.26740396,0.34508237,0.32323682,-0.11609133,-0.2504842,0.23333068,-1.6727321,-0.025898121,0.3957324,0.10124733,0.17868881,0.70367181,1.0794125,-0.40474588,-0.913293,-0.47570574,0.044576686,-1.9456609,0.49062422,0.36379981,0.4793365,-0.88629675,-1.3173007,0.22199355,-0.5445863,0.25005102,0.006564273,0.080653489,0.36822438,0.17509297,0.413526,0.39394152,0.04546614,-0.19771862,-0.30855283,-2.35344,-0.56826079,-0.98309702,0.17119193,-1.0002173,0.16559391,-0.16165859,-0.31660742,0.17900541,2
0.54047549,0.29984301,0.2717846,0.49345493,0.52427626,0.54127753,0.51752245,0.44772881,0.51891935,0.52704382,0.51148969,0.50856084,0.50416273,0.49206954,0.51059037,0.46838036,0.50572073,0.54093075,0.51033515,0.49083799,0.48709828,0.50127774,0.49262246,0.49003989,0.4999623,0.44592449,0.48900688,0.48419526,0.49256167,0.47572398,0.48409921,0.49145925,0.45148826,0.48044926,0.48434573,0.46364039,0.47143644,0.48915148,0.46618634,0.47815311,-0.80365539,0.25603753,0.30295318,0.35543135,1.2681344,1.6460706,1.2116284,0.63630885,0.75169057,1.5624335,1.3335876,1.1330118,0.34280574,-0.19237706,0.047510684,-0.28985131,0.66260612,0.32668212,0.37125099,0.27265811,-0.67025596,0.022317922,-0.39990327,0.26104489,-0.61269635,-0.047514737,-0.20154482,0.66987443,0.22639042,1.3553329,-0.15512116,0.20425996,-1.0350562,-0.22770567,-0.043526221,0.71554631,-0.81318974,0.53146571,0.22940731,-0.86763209,-0.10507031,-1.1084977,-0.52399147,0.44404942,0.80916154,0.58244038,-0.007944785,-1.5671915,0.78698564,-0.010755308,-0.93657172,0.49824563,0.094005786,-0.052655105,0.61349821,-0.011755124,0.36360434,-0.44331849,0.080579273,0.62460756,-0.41230989,-0.98047543,0.03769815,0.50199926,-0.30942076,0.3044911,-0.23642619,-0.18017825,-0.13203727,-0.29697001,0.39748147,0.76804018,-0.13747755,-0.49080878,-0.58367538,0.012556225,0.55542815,-1.009918,0.44940105,-1.2373219,-0.33374691,-1.6842921,-0.93871689,-0.033540051,-0.46320179,0.062443763,-0.47402066,0.24245048,-0.11553331,-0.2205897,-0.74181378,-0.48220831,0.31643385,-0.98312014,-0.21026596,-0.2019092,0.14106321,0.19166899,-0.4878104,-1.5547165,0.36989602,0.40111393,0.80369008,-0.09892571,0.42454621,0.26715082,0.085494563,-0.44487417,-0.22479783,0.2589896,-0.23241979,-0.11328618,0.33211404,-0.3892214,-0.71184438,-0.25035307,-0.71242344,-0.63942361,0.27100909,-0.35516939,0.013593591,-0.45768946,0.6045301,0.53271431,-0.029699758,-0.23975185,-1.6875075,0.83619332,-0.060402058,-0.13661259,0.02669511,-0.52641302,-0.10710586,-0.15363589,-0.55979788,0.9831835,-0.42181039,0.13936482,0.46570373,-1.24822,-0.14600661,0.38562447,-0.14563955,-0.43160725,-0.83742845,0.53175849,0.1560311,0.44959712,0.52835292,-0.62552923,-0.26760322,0.065483771,0.065456711,0.13318384,0.36929724,0.06901519,-0.041524172,-1.1867646,-1.7208128,-0.71694398,0.26808247,0.36335456,0.14458817,-0.49330491,-0.2559832,0.18166898,1.3125532,-0.20087159,0.10174513,-0.30367193,-0.18132541,0.98751879,0.049308777,0.26128232,2.1870618,-0.13758355,-2.3068135,-0.086291023,0.36677486,0.039124392,-0.15549514,-0.72083688,0.013737425,-1.4676601,0.28278527,-1.091153,0.39309275,-0.018159293,-0.76577079,-0.011451259,0.39639106,0.5490191,-0.2438301,-0.47101426,-2.369488,0.28974298,-0.72387064,-0.058636963,-0.24238324,0.32309604,0.51295352,0.15622333,-0.10614994,0.61218959,-1.4954499,-0.93414623,0.50942838,0.47424808,-0.39599219,0.093895897,0.21476749,0.34113121,-0.25906324,0.49942911,0.34094945,0.75227451,-0.9818809,-0.34007782,0.56713831,-0.083801076,0.22015107,-0.14905842,-0.19374782,-1.0330858,-0.39656276,0.16995662,-0.33397797,0.43706381,1.0763499,0.3860358,-0.41834345,0.18708654,-0.36514148,0.39137402,0.67243487,-0.39099959,0.060151707,1.2667731,0.11813791,0.15814394,-0.99612391,-0.12796959,-1.8826003,0.9442696,-1.3968068,-0.27151355,-0.083048344,-1.4286636,-0.27379751,0.12118521,0.29158181,0.73299325,0.4321982,0.37838441,-1.626089,0.9266836,0.047163233,1.1596708,-0.11458612,-1.0332041,-0.034211736,-0.79763311,0.59407711,0.094850704,-0.74372727,0.31760785,-1.6706235,-1.5536748,-1.3423589,-0.30092621,0.17512286,0.55280244,0.23099059,-0.89164472,0.6582886,-1.2013435,-0.25498497,0.29600665,-0.93374479,-0.079830334,0.061525188,0.4696686,0.23006448,0.35884175,-0.054471228,0.33873284,0.06580165,0.72021794,0.016506711,-0.21811035,-0.58813381,0.34075528,0.88187772,-0.54785085,0.65612,0.47049537,0.44889274,-0.60772902,0.71235192,0.37795398,-0.96408397,-0.490987,0.071188994,0.17483565,0.29853457,0.73441482,-0.24508369,-0.47562891,-0.51070243,-0.000704627,0.52697909,-0.20848495,0.050211877,-0.29153317,0.15814269,1.1751283,-0.98973227,0.097737305,0.26965487,-0.55200297,-0.071230888,-0.24859922,-1.3382452,-1.7571778,-0.14702758,0.57225537,0.03754757,-0.23998086,0.64874685,0.34559909,0.46237934,0.20675085,-0.10782926,-0.44612974,0.1817763,0.037691575,-0.18719181,-0.61604548,0.1845987,2.144201,1.1693337,-1.6429316,0.00026037,1.3316638,1.4032372,0.50782025,-1.2128959,-0.31328174,-0.46922317,-0.12877883,0.094787724,0.41807789,0.71446729,0.72834146,0.360329,0.15627228,0.1967755,0.75255972,0.65224427,1.3424635,-0.82320791,0.16121915,0.22477923,0.075079046,-0.41936827,-0.16520293,-1.4891621,0.31067336,0.052961338,-0.319769,-0.035549037,0.088908836,0.19148646,-0.63755894,0.32028809,-0.15311979,0.004574169,-0.096735798,0.33301941,0.94926524,0.28151676,0.053528596,0.603508,-0.23063415,-0.094796598,-0.93705809,0.30679959,-0.56647372,0.30649421,0.82423133,-0.78305954,-0.34919789,0.36732087,0.34994727,-0.58782566,-1.0762745,0.58432448,-0.45790327,-0.024925807,-1.5310173,0.27016586,-0.16636463,-0.51717114,-0.4906036,0.87338907,0.46228448,-1.677247,-1.324724,-0.32059401,0.038221337,0.29543847,0.003413573,0.026172783,0.48976755,0.18715478,-0.085632004,0.174872,0.29270265,0.41939676,-0.005491316,-0.1270583,0.14568733,-1.4501148,0.019088812,0.66336358,0.067569077,0.18214791,0.58854347,0.99855125,-0.39839897,-0.59618682,-0.35145849,0.34452313,-1.7534249,0.34633863,0.23928303,0.40769458,-0.69994855,-1.2369323,0.21171047,-0.56015742,0.040871382,0.055132143,-0.12067948,0.71616912,0.11632011,0.33004865,0.3927812,0.005626467,-0.16493672,-0.35336837,-2.0309012,-0.65715653,-0.91445225,-0.082525939,-0.81293005,0.14532739,-0.16108495,-0.21642253,0.063608274,2
0.63664722,0.40527755,0.36452225,0.59593177,0.59490991,0.60519201,0.58058095,0.56949943,0.58657336,0.59833598,0.57937932,0.57276052,0.57697606,0.5603838,0.58877969,0.57176387,0.57136869,0.59961832,0.5802722,0.56405628,0.5558331,0.57593215,0.56377625,0.56401408,0.5668571,0.56391388,0.58433175,0.56236386,0.56324458,0.56755912,0.56140339,0.5678575,0.54900038,0.56591904,0.56519264,0.54564798,0.54173064,0.55911267,0.53954697,0.5579533,-1.0696572,0.34435377,0.76438618,0.71135527,1.6129737,1.8160756,1.7343802,1.0813816,1.2389187,1.9864652,1.7290699,1.5766853,0.50515091,-0.22633688,-0.07913734,-0.28873575,0.98513061,0.54395443,0.46029222,0.36872578,-0.64232254,0.011481689,-0.45376846,0.5759027,-0.40036803,-0.20742583,-0.23500255,0.74152589,0.29624858,1.5393002,-0.36298841,0.36658698,-1.2653085,-0.12644643,0.003137741,1.3733726,-1.0102346,0.84010756,0.22644907,-0.97260964,0.16842657,-0.77508438,-0.59534127,0.50538516,1.3401045,0.78617531,0.005534661,-1.7858524,1.0152205,0.1686952,-1.0636119,0.52466667,0.052961394,0.00824672,0.56645733,-0.09783268,0.37954015,-0.54784709,0.083897896,0.83136594,-1.0159981,-1.2758794,0.063321516,0.63824975,-0.44964463,0.20345946,0.32016462,-0.23793539,-0.020120934,-0.2737698,0.48047656,0.96217662,-0.23802617,-0.55889076,-0.62345439,0.3816686,0.48224831,-1.1470617,0.37390277,-1.136223,-0.31521061,-1.9430357,-1.3330629,-0.10915431,-0.3226029,0.31182957,-0.4368639,0.12688404,-0.06750264,-0.11871756,-0.88891232,-0.52461123,0.069731265,-1.3063375,-0.16962141,-0.22429101,-0.079028532,0.42357346,-0.44571388,-1.9319261,0.80452877,0.53820002,0.93924314,-0.37786496,0.66142207,0.36404747,0.10368764,-0.17188492,-0.27801219,0.3119868,-0.82876241,-0.14250702,0.63363343,-0.38574058,-0.93080366,-0.053826436,-0.7431587,-0.87416345,0.35111502,-0.45310396,0.14528546,-0.83398151,0.78772283,0.72032571,0.12348747,0.020032313,-1.8779631,0.59598237,-0.083441198,-0.15103972,-0.10639621,-0.66504014,-0.026143219,-0.17374328,-0.66767383,1.1930454,-0.81157541,0.19692717,0.76576352,-2.0375059,-0.1035576,0.41033423,-0.1286439,-0.53989971,-1.1801472,0.47044861,0.18743393,0.54339689,1.0454528,-0.85883135,-0.26999861,0.090065226,-0.02603415,0.26379657,0.43453693,0.055182397,0.01057189,-1.4545724,-1.7938352,-0.87279397,0.33837849,0.56977725,0.34812,-0.45351261,-0.45115513,0.14128646,1.1648842,-0.035215344,0.017040018,-0.5039469,-0.36001778,1.1924597,0.23599333,0.37749749,1.3124684,-0.27919456,-2.5755692,-0.088202119,0.60859632,0.02963437,-0.088048205,-1.0686021,-0.016029358,-1.7260885,0.31526053,-1.6748354,0.33980009,0.077359416,-0.87534851,0.17459348,0.055136651,0.62184006,-0.15103112,-0.40555888,-3.0295634,0.4647342,-0.50775957,-0.024510462,-0.063432977,0.47540528,0.51847136,0.12016565,-0.24054815,0.46989003,-1.8437717,-0.94336116,-0.41106462,0.69946587,-0.45595017,0.11110514,0.079981588,0.48769298,0.033530451,0.552858,0.18026078,0.82359886,-1.0787507,-0.27194697,1.0800977,-0.17705399,0.28995454,-0.11513898,-0.15818056,-1.2082233,-0.56827134,0.13377739,-0.37793741,0.42722246,1.5432328,0.41451389,-0.50418997,0.24246447,-0.45301527,0.82592595,0.71739149,-0.32000467,0.096828178,1.8361146,0.12061372,0.29587948,-1.1606482,-0.17989957,-2.2009823,1.0895574,-1.4816731,-0.54052746,-0.18619724,-1.6397531,-0.38324988,0.31023926,0.15442546,0.41589558,0.7360543,0.45033926,-1.9480822,0.98505098,0.13881502,1.4800475,0.20987868,-1.0641329,-0.065180525,-1.0342512,0.62460256,0.42785719,-1.1739448,0.48601741,-2.2874222,-2.0221286,-1.5829308,-0.4033078,0.72466105,0.75894439,0.33117756,-1.1689997,0.97458619,-1.5392683,-0.35021201,0.57754427,-1.3635484,-0.14069977,0.10296946,0.44646269,-0.000487074,0.55254841,0.024592597,0.34240746,0.037032165,0.43577945,0.11813169,-0.10610963,-1.1256068,0.69633389,1.2697424,-0.671507,0.67752385,0.59562731,0.39108735,-0.86370158,1.0003197,0.21241257,-1.2470646,-0.54826474,0.16249347,0.020139106,0.078950375,1.0305455,-0.3549968,-0.6952793,-0.5127331,0.008155316,0.78118235,-0.30473369,0.17481381,-0.39281949,0.26469955,1.6984463,-1.3471729,0.070768222,0.42223811,-0.77207106,0.063802779,-0.051456042,-1.5965585,-2.2409129,-0.48049742,0.8274852,0.29208747,-0.32990271,0.74439299,0.34289458,0.64853948,0.38974026,-0.18851899,-0.562617,0.39177257,0.1081608,-0.18157458,-0.65947247,0.27990779,0.25630096,1.5835178,-1.8461859,-0.016033337,1.7522364,1.9817066,0.57926691,-1.1977727,-0.29898027,-0.44167101,-0.089115679,0.15176916,0.2631458,0.92341024,0.59331572,0.47290426,0.25737464,0.24582672,1.0245371,0.69627458,1.3893024,-0.80881113,0.46056548,0.47559282,0.083887093,-0.32243517,-0.16548161,-1.5093013,0.4632383,0.057463288,-0.34118205,-0.14862525,0.44624531,0.40246794,-0.71942139,0.15922165,-0.2158296,0.082746327,-0.41856515,1.1368682,1.3887978,0.35074729,0.043183975,0.77027196,-0.1466774,-0.072547294,-1.1430337,0.24559133,-0.72778404,0.13675228,0.82268178,-0.8356002,-0.51430166,0.32308686,0.42338362,-0.75780988,-1.4450704,0.72733134,-0.75700021,0.21009621,-1.5430173,0.34764528,-0.13823858,-0.69179451,-0.49332717,1.3645676,0.5533464,-2.2997887,-1.3868167,-0.38163793,-0.011538942,0.30313286,-0.006086548,0.10405388,0.51372278,0.34999856,-0.29329106,0.30086195,0.35035405,0.38364807,0.001889646,-0.25284359,0.26178452,-1.6637077,0.001779927,0.54145533,0.15395996,0.27096242,0.74307096,1.5415913,-0.426599,-0.99358875,-0.44681412,0.4433634,-2.1844003,0.43021995,0.33213615,0.51060665,-0.92775607,-1.5443141,0.35164604,-0.40188751,0.76524901,0.10809048,-0.046881095,0.51897413,0.15175124,0.40865666,0.67458344,0.022023667,-0.27204019,-0.456689,-2.4727957,-0.71987671,-1.2611496,0.14908919,-1.112552,0.11011925,-0.13890392,-0.34828377,0.15127847,2
0.51651925,0.26860553,0.22765099,0.46310592,0.47069028,0.49654382,0.47609383,0.45295292,0.47837067,0.4695282,0.46910265,0.46877289,0.46156743,0.43719721,0.47449046,0.45132664,0.45566821,0.44432968,0.4760212,0.44266021,0.42291349,0.46127206,0.44594026,0.44952458,0.46195748,0.45963696,0.46508852,0.45413303,0.42767847,0.45197561,0.44637114,0.4435994,0.42958257,0.45287848,0.44486016,0.4364239,0.42454165,0.44288835,0.43211186,0.44458002,-0.99456251,0.21008834,0.47292912,0.50219691,1.431603,1.7892957,1.4124186,0.81567812,0.95328587,1.7580481,1.5166185,1.3252074,0.35480583,-0.22596444,-0.3090108,-0.32951465,0.63133389,0.35542572,0.171078,0.30387107,-0.83721608,0.043792993,-0.56715572,0.40673494,-0.98136437,-0.033596344,-0.16646188,0.61499304,0.44543779,1.3963881,-0.26448053,0.23114657,-1.1516918,-0.22815959,-0.005659957,0.80474031,-1.2254828,0.51571399,0.28301924,-1.0069761,-0.16369948,-1.1542494,-0.49631384,0.41833854,0.79415518,0.83792758,0.035175443,-1.6434809,0.51720083,0.16535096,-1.0001785,0.6308403,0.06616424,0.05884086,0.61060572,-0.00868237,0.23263982,-0.45081499,0.02867472,0.52494532,-0.67446661,-1.0620897,0.1217901,0.49165976,-0.2739214,0.24348474,0.021967107,-0.064331628,-0.15552026,-0.30655485,0.44850975,0.97659111,-0.22212474,-0.36436704,-0.53778517,0.33600023,0.42152795,-1.0879354,0.44911855,-0.94050795,-0.35528988,-1.7987928,-0.93610191,-0.043583881,-0.49598971,0.27406079,-0.39315894,0.13708372,-0.11548406,-0.11985221,-0.78280002,-0.48167452,-0.070956349,-1.0691806,-0.21701384,-0.11014593,0.12784712,0.015007481,-0.47710097,-1.53801,0.62100399,0.51209545,0.78876734,-0.19127357,0.54883158,0.32869416,0.10429481,-0.24097125,-0.34542531,0.23269558,-0.52318513,-0.23678952,0.36095509,-0.22652125,-0.8280617,-0.044806454,-0.55930084,-0.60345459,0.28175902,-0.3379972,-0.0216236,-0.73490155,0.81783378,0.58186615,-0.035339586,0.027191538,-1.7198868,0.43790108,-0.042777833,-0.21645698,-0.006928206,-0.56679368,0.060301811,-0.16168699,-0.67003083,0.9698801,-0.58892345,0.12685534,0.50538248,-1.6073323,-0.12157736,0.32528901,-0.068353727,-0.42561087,-0.92758435,0.49574,0.2207959,0.2580229,0.82990122,-0.75594878,-0.30443323,0.079453863,0.052416287,0.1261971,0.49544585,0.035548188,-0.3029564,-1.1894335,-1.635133,-0.77342081,0.30284512,0.56255442,0.26195997,-0.42865768,-0.36671144,0.15923598,1.730509,0.10440762,0.052453555,-0.3536348,-0.26344234,1.0416822,0.16028211,0.28701723,0.9845323,-0.1595315,-2.4995418,-0.12614518,0.59006435,0.022131208,-0.091099873,-0.67329997,0.022955716,-1.4695567,0.21456577,-1.4500369,0.63105452,0.10752364,-0.85831368,-0.013280369,0.13233249,0.53251493,-0.18306871,0.006656617,-2.4049549,0.22277609,-0.64438784,-0.045077957,-0.19159672,0.041619465,0.56425726,0.093983248,-0.24984543,0.5461098,-1.3673972,-0.86453211,-0.2206105,0.39028722,-0.48453081,0.080713712,0.30131608,0.53423303,0.060320072,0.55921525,0.43437806,0.83772296,-0.92401743,-0.32041243,0.52794814,0.040790446,0.24229772,-0.12447228,-0.29620552,-1.2294351,-0.4329704,0.11238259,-0.45123011,0.48599276,1.0837729,0.40954512,-0.46121159,0.17489789,-0.40059793,0.47750121,0.44836453,-0.38257077,0.15662012,1.7393465,0.25009647,0.21287502,-1.0037973,-0.25570232,-1.9040872,1.1085968,-1.3085126,-0.34719682,-0.1973951,-1.505564,-0.31421286,0.27616778,0.11826757,0.66126883,0.50685382,0.34376976,-1.7308156,0.98148245,0.085547179,1.0403162,0.054906823,-1.3665257,-0.079365961,-0.91556317,0.61015916,0.17343055,-0.93580264,0.30489975,-1.7413709,-1.6958221,-1.431814,-0.30820587,0.48527372,0.24042739,0.26428702,-0.8588208,0.69285685,-1.3978374,-0.13597849,0.22479902,-1.1694627,-0.014371032,0.080607578,0.54323524,0.04366431,0.41217011,-0.020584475,0.48703629,0.051321216,0.85825455,-0.020403996,-0.17455487,-0.78336859,0.37420496,1.0200034,-0.63117695,0.63978654,0.53765124,0.66275734,-0.63392675,0.5142982,0.26784238,-0.97531706,-0.49380746,0.1295962,0.11257035,0.16094166,0.87891203,-0.29507938,-0.54436463,-0.56741512,-0.010884712,0.50605351,-0.18365468,0.031879555,-0.27623257,0.15430132,1.1198118,-1.0624553,0.12428682,0.29386804,-0.60251242,-0.06818983,-0.37364751,-1.3057652,-1.882798,-0.15918677,0.64583987,0.20479256,-0.33752945,0.7943368,0.24674994,0.48415145,0.25595269,-0.1984861,-0.51862961,0.22191297,0.094686858,-0.11985706,-0.45204139,0.24234104,0.086780235,1.3836126,-1.607213,-0.032016218,1.4724643,1.8038437,0.35883641,-1.3213464,-0.25894526,-0.28823549,-0.119982,0.047421888,0.39927006,0.84807336,0.64352036,0.53510499,0.23535733,0.20029849,0.70588762,0.72909188,0.87695849,-0.89263421,0.32033658,0.26432925,0.044465855,-0.31463742,-0.19550872,-1.6566279,0.34340563,0.062081173,-0.35996026,-0.14586756,0.18391217,0.093402356,-0.82079715,0.24670318,-0.18573791,0.063812807,-0.13788123,0.43306059,1.0941672,0.27007771,0.069432095,0.62776262,-0.13377103,-0.008325265,-1.0624179,0.27223867,-0.63971448,-0.015798189,0.68300235,-1.0706569,-0.33584672,0.47049826,0.51348007,-0.62867439,-1.1872337,0.62198001,-0.73377371,0.048244007,-1.6893188,0.35524437,-0.21982948,-0.46945202,-0.50025904,1.0566574,0.54103905,-1.8368942,-1.0895126,-0.33779901,0.014468225,0.2652047,-0.020856785,0.053014439,0.46538174,0.21753585,-0.19667514,0.1615229,0.36844236,0.45187268,-0.076739021,-0.22973362,0.19403507,-1.5810577,0.010926857,0.41468561,-0.019584678,0.22381216,0.79284,0.98503065,-0.34166566,-0.87133855,-0.37112546,-0.15724286,-1.9021885,0.36939508,0.32173565,0.3795082,-0.76694804,-1.4174836,0.30395693,-0.69034934,0.18883961,0.043104246,-0.063912615,0.68019855,0.20151946,0.35308513,0.42023751,0.000919659,-0.26704097,-0.30060697,-2.2038546,-0.68064141,-0.89488506,0.10000695,-0.87852913,0.23758744,-0.10181139,-0.26065403,0.094699845,2
0.44754478,0.19128455,0.18216914,0.4325929,0.41191792,0.42581058,0.40625331,0.41384238,0.42627853,0.4008221,0.42120817,0.40490508,0.41264626,0.38937142,0.37696323,0.36888361,0.41374701,0.41439265,0.40935332,0.40568459,0.38475779,0.39892098,0.39007577,0.41204554,0.39631349,0.39732492,0.4114821,0.38117057,0.40697861,0.39357153,0.40545458,0.39095849,0.39307371,0.39111099,0.40214008,0.37069327,0.37604845,0.40352193,0.37887341,0.39471364,-0.84079295,0.1565828,0.29563725,0.37816817,1.2583522,1.653944,1.2463341,0.64104676,0.76772702,1.5666351,1.3468118,1.1213735,0.30723086,-0.19903873,-0.26346785,-0.3168605,0.58075953,0.30474755,0.32312176,0.26499155,-0.64304471,0.032705568,-0.56850815,0.30500817,-0.65927404,-0.11077486,-0.13872534,0.55876487,0.17157379,1.3918399,-0.14468537,0.20540503,-1.0713209,-0.26041254,-0.049642503,0.77060169,-0.95991379,0.58437687,0.2070123,-0.9138658,-0.12674123,-1.1755917,-0.47843352,0.42855129,0.78269351,0.60913974,-0.013112788,-1.4728045,0.59097338,0.090747252,-1.0092468,0.46965903,0.022608282,0.085839257,0.55622613,-0.042747431,0.36399326,-0.31296101,0.084600873,0.48318958,-0.56087136,-0.9984225,0.088856079,0.41720071,-0.16151983,0.14761418,0.11304352,-0.24653637,-0.093338236,-0.28732151,0.4123404,0.80587894,-0.15433651,-0.22619541,-0.42471653,-0.11111909,0.32391036,-0.91088855,0.35506997,-0.98917085,-0.31907055,-1.656167,-0.80342168,0.004630685,-0.53262007,0.28040326,-0.3599771,0.071809977,-0.089553095,-0.15889384,-0.60307699,-0.46432745,0.057471681,-0.92428148,-0.10642081,-0.0497282,-0.02340138,0.14064988,-0.42456311,-1.3706865,0.45102593,0.41420639,0.68868303,-0.12912503,0.40677527,0.27267641,0.064091653,-0.32969198,-0.2438807,0.35893825,-0.50260741,-0.060451344,0.35268214,-0.16592775,-0.66895795,0.00351236,-0.48789659,-0.52957684,0.19758177,-0.24023168,0.03899917,-0.67131245,0.65670931,0.48047572,0.083509281,-0.1078942,-1.6487788,0.64052713,-0.08049351,-0.16907881,-0.024114264,-0.41129285,0.052013859,-0.10840762,-0.60360509,0.93582946,-0.52372682,0.13496901,0.34029669,-1.2404888,-0.16006187,0.29870713,-0.099758133,-0.41132435,-0.77470499,0.52116495,0.060266688,0.22248715,0.65271515,-0.66526288,-0.27368185,0.04676393,-0.005445704,0.14738794,0.37154043,0.12171879,-0.075435154,-1.1222024,-1.4819244,-0.70541775,0.26857883,0.46731171,0.19765316,-0.37072191,-0.26723626,0.098049112,1.3669269,-0.14665891,0.067625277,-0.24982864,-0.16265538,0.95922452,0.082625061,0.23281962,0.79118824,-0.046378881,-2.061729,-0.14612764,0.5126527,0.036366649,-0.10199212,-0.64972663,0.068718411,-1.2805588,0.1973854,-1.1155469,0.1869687,0.17638487,-0.78969902,0.064935714,0.27456319,0.47182739,-0.22417271,-0.33991182,-2.2594774,0.21868733,-0.57016456,-0.009460613,-0.095237836,-0.032403976,0.45347667,0.097342521,-0.24988143,0.4481765,-1.3648931,-0.82935882,-0.32673535,0.39780185,-0.38075072,0.19822069,0.20953721,0.43892601,0.006821035,0.51922309,0.4560141,0.60663408,-0.80343068,-0.26827273,0.46272683,-0.093161315,0.18453944,0.042628445,-0.21125549,-1.1004438,-0.45316094,0.11041445,-0.45762509,0.36642271,1.0666891,0.35763863,-0.44688436,0.21058924,-0.31143579,0.59048527,0.35641962,-0.3694267,0.071159363,1.5411992,0.16626254,0.17833252,-0.82313973,-0.20035249,-1.7916569,1.0084269,-1.304301,-0.22131808,-0.24299914,-1.363706,-0.26225129,0.077834949,0.16716306,0.35022447,0.32416022,0.18301061,-1.5599988,0.82840955,0.02898325,1.048682,-0.04949772,-1.036062,-0.086525477,-0.72363532,0.53925729,0.26283893,-0.80972254,0.163159,-1.4782661,-1.563552,-1.2631018,-0.32994118,0.27707517,0.49680901,0.19112483,-0.72683597,0.63826859,-1.0299658,-0.24893968,0.26575568,-0.99738896,0.032660823,0.012974166,0.40405387,0.24801092,0.45138037,0.027829798,0.45102847,0.070958324,0.59382784,-0.015803244,-0.15087482,-0.56237376,0.35686114,0.95626348,-0.4029398,0.53271025,0.47565821,0.56521243,-0.55813831,0.64371634,0.30894667,-0.92040426,-0.63083166,0.057674978,0.1115023,0.22050783,0.73299217,-0.27845618,-0.42242256,-0.46580437,-0.024274763,0.49765491,-0.19034067,0.01762145,-0.29768041,0.16174187,1.1473092,-0.82865739,0.13881139,0.23956718,-0.60293692,-0.007795218,-0.40836576,-1.1684623,-1.746371,-0.16311899,0.54383504,0.092850171,-0.20357659,0.62030488,0.18145357,0.47060248,0.26476321,-0.31395444,-0.46117914,0.20246336,0.056960702,-0.1225885,-0.53292376,0.18094571,0.18008623,0.87799942,-1.5556009,-0.092757672,1.1948653,1.2740976,0.34868249,-1.1241708,-0.27958459,-0.43951678,-0.21801306,0.022024397,0.42113495,0.73553264,0.65699911,0.47230795,0.093321472,0.23796731,0.75173366,0.69391888,0.95154339,-0.8058244,0.26618895,0.2847718,0.099862866,-0.31972101,-0.17419992,-1.478572,0.31129241,0.043992668,-0.33835307,-0.1496758,0.32270578,0.15399706,-0.74369729,0.2214447,-0.18603829,0.059376299,-0.004193619,0.55741704,0.8703773,0.3049275,0.066004463,0.53399968,-0.15121572,-0.030421583,-0.94085532,0.20572005,-0.60392576,0.10722452,0.68423909,-0.7879191,-0.25469828,0.40185717,0.41101331,-0.50334501,-0.99939895,0.51147175,-0.5204379,0.003008369,-1.5188794,0.34486374,-0.10582893,-0.52334934,-0.42069876,0.91993773,0.40587801,-1.6789567,-1.1017458,-0.3075946,-0.034928281,0.26477629,-0.043939054,0.055033267,0.37996516,0.16716197,-0.18014404,0.24164383,0.33976489,0.34432274,-0.054097023,-0.25598836,0.27484578,-1.4421995,-0.028073343,0.48238713,0.00793995,0.14671808,0.57099825,0.80751854,-0.32005072,-0.77976817,-0.38285154,0.082299218,-1.7677231,0.33056056,0.28128272,0.38579059,-0.71273655,-1.1678934,0.1957168,-0.52856821,0.048530847,-0.032080237,-0.035872512,0.4966743,0.13663012,0.3048186,0.37803617,0.052499261,-0.16972598,-0.29358754,-2.0355408,-0.62570977,-0.79165089,0.067440994,-0.73684686,0.15684561,-0.13583709,-0.21838146,0.06290812,2
0.55138135,0.29877681,0.27146849,0.49545735,0.50121975,0.51659828,0.4994027,0.48966873,0.49838424,0.49971384,0.49548733,0.50334489,0.50257403,0.48679453,0.50933695,0.48821247,0.49782687,0.51916134,0.50630695,0.4856596,0.49460974,0.45239684,0.50121844,0.48997825,0.49099529,0.47969922,0.4955343,0.50296152,0.48582461,0.48288858,0.48881549,0.48415723,0.47748035,0.47748995,0.4923014,0.46417078,0.47688574,0.48538893,0.48041147,0.4818967,-0.96728235,0.27432948,0.62150919,0.58936781,1.5337682,1.7743845,1.5600851,0.92862493,1.0862927,1.8645347,1.6159635,1.440504,0.36930439,-0.22709532,-0.23626611,-0.40601391,0.73019993,0.42929971,0.43609935,0.33185104,-0.73406589,-0.018612646,-0.50845701,0.3857232,-0.85725111,-0.143931,-0.14859192,0.71612078,0.28379506,1.4226407,-0.23912801,0.28139535,-1.2556257,-0.27839082,-0.077384293,1.1019325,-1.2401863,0.72236246,0.18195361,-1.0775522,-0.019970447,-1.1309077,-0.61283576,0.44312388,1.0204678,0.77680504,-0.021394366,-1.7412102,0.69273281,0.17383593,-1.0747426,0.58335775,0.084163345,0.14723793,0.7619617,-0.017917596,0.52392286,-0.38831449,0.030630959,0.6538682,-1.0158252,-1.1633492,0.08007963,0.58708501,-0.38128701,0.15667365,0.18484424,-0.12135921,-0.13806981,-0.32578099,0.47632939,0.87199467,-0.23398674,-0.38361785,-0.55631346,0.12351488,0.6268965,-1.014973,0.36476845,-1.0444697,-0.35530174,-1.8622233,-0.99584436,-0.04355751,-0.57546747,0.34808975,-0.48497412,0.17368469,-0.0759608,-0.039398983,-0.84738064,-0.61803377,0.75426018,-1.1943179,-0.26036784,-0.086149208,0.048924103,0.27665576,-0.41948536,-1.7423708,1.114324,0.5415374,0.88207012,-0.32698405,0.56418425,0.3785291,0.097315893,0.084263563,-0.42852667,0.37314343,-0.76401252,-0.18561408,0.50010896,-0.24489914,-0.79326415,-0.00853077,-0.54157692,-0.66023839,0.26717475,-0.37706241,0.050889224,-0.7553398,0.77858901,0.57611471,0.15822217,-0.065248668,-1.8505148,0.51898259,-0.051137902,-0.24730062,-0.10095648,-0.6257174,0.017779123,-0.19444045,-0.69181776,1.1388928,-0.86148965,0.17392114,0.51862031,-1.796144,-0.10693111,0.39666384,-0.11212225,-0.39866096,-0.93937802,0.56212419,0.10972804,0.54158455,0.80059415,-0.79665291,-0.33869088,0.10785818,0.080136895,0.17217378,0.46086079,0.15309498,-0.098367013,-1.3520387,-1.8172965,-0.8913672,0.33645946,0.55578548,0.25535303,-0.44044343,-0.43629614,0.17579569,1.2728319,0.05286862,0.003703032,-0.34242362,-0.22476754,1.1385689,0.20112374,0.32898086,1.9275427,-0.12451921,-2.520174,-0.12561718,0.84019578,0.08192268,-0.13578707,-0.66125751,-0.057261616,-1.4857292,0.23762599,-1.3177797,0.1422146,0.1657286,-0.92617083,0.051300921,0.12120697,0.53775084,-0.17790946,0.007088304,-2.6640821,0.3325842,-0.56868398,0.020190045,0.031341776,0.28319991,0.50380743,0.14088292,-0.19888024,0.66572613,-1.4654366,-0.78468645,-0.28567851,0.52951723,-0.42463806,0.11143628,0.11062002,0.46877235,-0.002948482,0.59748435,0.38316327,0.85344303,-0.95244658,-0.27899861,0.59738666,-0.10605124,0.25516683,-0.11665662,-0.15871176,-1.2605776,-0.48281479,0.16061373,-0.40198672,0.45616177,1.2263991,0.42587531,-0.47625795,0.29757315,-0.41381896,0.62361282,0.48476717,-0.4378075,0.095276505,1.7340127,0.12705845,0.2445391,-1.0651511,-0.08866863,-2.0125926,1.0087283,-1.2132148,-0.36667991,-0.14261197,-0.97700292,-0.41705644,0.17794311,0.14554879,0.3302846,0.49976033,0.41496307,-1.851572,0.90682727,0.050385952,1.1159952,-0.023097917,-1.1569736,-0.08867617,-1.0177124,0.72838622,0.048345283,-1.0419843,0.42649058,-1.8933316,-1.7524283,-1.4707954,-0.43112177,0.45755392,0.46255696,0.27876872,-0.86556727,0.82408863,-1.3130611,-0.32997376,0.32428592,-1.186726,-0.020507796,-0.011047975,0.38948289,0.005712114,0.47617924,-0.049770914,0.66640455,0.056190699,0.45625317,0.056906626,-0.19238329,-0.94396728,0.50169182,1.168499,-0.62928855,0.70587158,0.49157345,0.41813767,-0.79163724,0.62715095,0.25242686,-0.99320072,-0.52655083,0.080706246,0.033706702,0.15232527,0.99384516,-0.33370245,-0.63984799,-0.48830876,-0.07764627,0.61305171,-0.20284866,-0.006381929,-0.34903121,0.23867166,1.2409931,-0.99277991,0.16281609,0.36081925,-0.7350173,0.005003372,-0.21004687,-1.3601986,-2.067471,-0.3783457,0.67372268,0.21682644,-0.29836059,0.7898047,0.29547405,0.55311704,0.25861672,-0.22143926,-0.48532644,0.27982181,0.053108338,-0.26391837,-0.43856764,0.22775638,0.14918047,1.457945,-1.803991,-0.024948934,1.6026456,1.9248089,0.46923992,-1.3499758,-0.30272931,-0.33480811,-0.15931319,0.093361124,0.25075495,0.9766224,0.76953083,0.47973818,0.28541651,0.23755692,0.78578597,0.73279476,1.1426668,-0.97080719,0.33907992,0.33110267,0.13408482,-0.3232072,-0.18441923,-1.6597698,0.40236902,0.067961797,-0.34673178,-0.20036604,0.50818503,0.16597058,-0.54870296,0.23751272,-0.23960254,0.25240755,-0.14480509,0.51457518,1.1897432,0.24898605,0.077543423,0.65144789,-0.23462465,0.010403045,-1.1491945,0.23709668,-0.81572998,0.081392765,0.72052187,-0.99862111,-0.32941145,0.42145741,0.39721954,-0.60811782,-1.1833558,0.68649858,-0.61613339,0.30480456,-1.6433578,0.35007304,-0.21322611,-0.68141776,-0.58757979,1.1995702,0.49163485,-1.9706146,-1.368438,-0.3688553,0.034721218,0.26837748,-0.030520141,0.12267552,0.41000819,0.30056,-0.24212089,0.3039827,0.40475634,0.33480862,-0.060734361,-0.42907104,0.21133545,-1.6936092,0.020957869,0.40764868,0.048813842,0.20066361,0.70403457,1.2227461,-0.39427048,-0.89278686,-0.35159981,0.16559911,-1.9698818,0.4741179,0.43849912,0.4508312,-0.81155252,-1.3285115,0.29280424,-0.59311372,0.41942114,0.085842624,-0.033884436,0.33794427,0.19833118,0.36064094,0.36061484,0.055665914,-0.14503504,-0.32955351,-2.2460384,-0.70781803,-0.86605173,0.047590706,-0.90096092,0.21716981,-0.10899474,-0.32601073,0.11871888,2
0.4781301,0.23529035,0.21510158,0.45351368,0.45421124,0.46809357,0.4411267,0.44138837,0.44978935,0.45767394,0.44341004,0.43982214,0.43694967,0.42484945,0.44124028,0.42296684,0.4236902,0.4613927,0.45458922,0.41513795,0.42099166,0.44132951,0.4341383,0.42181697,0.44332814,0.43135732,0.45717442,0.44193202,0.4299421,0.43647933,0.43301526,0.42154568,0.42018801,0.4342345,0.44461733,0.41287541,0.4111011,0.42601556,0.41722503,0.42331734,-0.86929423,0.21087831,0.3577022,0.37949502,1.3326114,1.6877073,1.2980074,0.69874525,0.81086743,1.6236706,1.4080575,1.1981497,0.32587489,-0.22169195,0.18948717,-0.29877624,0.61972296,0.32057208,0.33020338,0.23457526,-0.71226066,-0.032258358,-0.43520853,0.34967175,-0.65453887,-0.038604137,-0.18626179,0.72542191,0.15316325,1.5770811,-0.16966389,0.19861858,-1.1441299,-0.26408833,0.08363831,0.8603909,-0.85429502,0.53797102,0.16405401,-0.92100751,-0.10236231,-1.1621897,-0.62146223,0.4515242,0.86879551,0.59822273,-0.035872135,-1.6266747,0.83570927,0.1015473,-0.98407626,0.44413838,0.062662557,-0.045958806,0.62815839,-0.13244289,0.39355567,-0.45520356,0.14773732,0.54835308,-0.60603291,-1.1048841,0.048816733,0.54493076,-0.35690403,0.1334389,0.049235851,-0.17782676,-0.033184282,-0.35397089,0.45254359,0.94163942,-0.14643976,-0.40599775,-0.42778233,-0.02320832,0.47266299,-0.93445992,0.36634043,-1.1758468,-0.38402882,-1.7600341,-0.97284281,0.005578253,-0.47572476,0.25533921,-0.51659405,0.15595388,-0.13149206,-0.19552088,-0.65512031,-0.49408442,0.15343975,-0.99277157,-0.25266474,-0.080481604,0.1590154,0.18262884,-0.47778639,-1.6480699,0.29159716,0.39564738,0.83783013,-0.12705322,0.47859299,0.32625264,0.072347932,-0.41799819,-0.23192818,0.38178658,-0.44077292,-0.074021921,0.29001111,-0.25308841,-0.72737759,-0.056567729,-0.64769304,-0.67770165,0.28987876,-0.25209779,0.021677591,-0.55913508,0.61106032,0.52853835,0.014369993,0.085064992,-1.8658782,1.0172369,-0.029747665,-0.14261325,0.012462195,-0.54565275,-0.081309497,-0.11685637,-0.68894589,1.0578418,-0.63473338,0.14137346,0.49388742,-1.4099275,-0.084841393,0.44315416,-0.12442122,-0.49876797,-0.81016731,0.5919205,0.42038846,0.26593745,0.88042474,-0.61915666,-0.22666374,0.065540105,-0.04210097,0.21267386,0.25028485,0.022529483,-0.014021158,-1.2392642,-1.6335949,-0.80986583,0.25619173,0.56993014,0.23337489,-0.54215443,-0.18250053,0.18795797,1.1805454,-0.38349101,0.041877128,-0.3830395,-0.17255805,1.2401659,0.090703882,0.24654114,2.361197,-0.057975952,-2.4584863,-0.080477223,0.58335274,0.042065155,0.034430757,-0.72569215,0.19868922,-1.5513786,0.26832038,-1.1253083,0.070325017,0.17758839,-0.80209756,0.019827118,0.48584071,0.46190676,-0.19989115,-0.56025726,-2.5659287,0.33683667,-0.91064048,-0.073296666,-0.14089164,0.24108958,0.42638606,0.090165719,-0.095430985,0.86898184,-1.5790273,-0.98423731,0.17930532,0.39869872,-0.42846462,0.25206029,0.19615157,0.39127767,-0.002509318,0.49716985,0.40960908,0.83381176,-0.94114721,-0.35008198,0.44607776,-0.26530981,0.25751275,-0.006696204,-0.16394128,-1.1543909,-0.48191923,0.15700462,-0.48143375,0.47660446,1.1573573,0.39246994,-0.46170264,0.16794994,-0.31629455,0.57611227,0.69655287,-0.42830124,0.072897837,1.3589208,0.11053339,0.28179121,-1.2857985,-0.21571741,-1.9343836,0.90148252,-1.4756435,-0.278391,-0.071201503,-1.4394294,-0.21319211,0.1481742,0.41549575,0.48018914,0.5059374,0.53237152,-1.7425931,0.90206814,0.14671217,1.2502078,-0.006304409,-0.8137154,-0.036063418,-0.68357521,0.54077822,0.21566561,-0.71949118,0.27137345,-1.7752912,-1.7110224,-1.3769542,-0.40525281,0.43640137,0.78871483,0.19398823,-0.91022277,0.67287648,-1.3468673,-0.35854834,0.22198766,-1.0018201,-0.098898098,0.003228915,0.48429117,0.16262397,0.46515769,0.030184485,0.56658268,0.062101658,0.42335409,-0.002286598,-0.14759775,-0.95468724,0.36220649,0.98498499,-0.48334673,0.57207865,0.46632102,0.45146799,-0.76589894,0.75645053,0.64782524,-1.047549,-0.54502225,0.083897218,0.2134234,0.30077493,0.78846347,-0.31515747,-0.42215422,-0.38854194,0.02539593,0.67025816,-0.081441708,0.17376095,-0.28061518,0.23765893,1.2499,-1.0542067,0.12432434,0.31859687,-0.72613311,-0.041373223,-0.29828513,-1.4197035,-1.8630646,-0.45870686,0.53542382,0.006528005,-0.24408916,0.71505058,0.30989712,0.53253841,0.18580317,-0.20058414,-0.32328925,0.17976548,0.073620975,-0.10653815,-0.58405405,0.14464502,0.15987302,1.1352081,-1.6028016,-0.11707866,1.5510416,1.4122806,0.42257553,-1.2305514,-0.28453279,-0.32538247,-0.092039764,0.11502584,0.42534953,0.8190732,0.81058633,0.38841462,0.18053207,0.19645423,0.96160054,0.7384609,1.3298957,-0.8166492,0.32364443,0.27783716,0.14263439,-0.47610629,-0.17196865,-1.5178088,0.27849385,0.027671989,-0.33124828,-0.20284963,0.33765116,0.04513675,-0.67556441,0.24195637,-0.20327905,0.087432057,-0.053069375,0.29480964,1.1248561,0.2666786,-0.015188286,0.61407971,-0.093806334,0.053495429,-0.99105251,0.26363727,-0.60961699,0.40682507,0.89390838,-0.64789325,-0.3715581,0.36044058,0.43119273,-0.55023414,-1.0493224,0.59713835,-0.36842468,0.034906849,-1.4962574,0.27210429,-0.20997429,-0.59163696,-0.55806059,0.97230244,0.60106868,-1.6601088,-1.2606444,-0.31614339,0.049432773,0.26746073,0.001049052,0.007736166,0.38009238,0.18495965,-0.13560322,0.28266522,0.34313121,0.30091381,0.009713575,-0.31932276,0.20201468,-1.4277178,-0.010911474,0.44522399,0.11041158,0.23653606,0.63404751,1.0694149,-0.41053623,-0.60539615,-0.26802742,0.18160418,-1.7761482,0.37743169,0.50732237,0.38122761,-0.77034235,-1.260798,0.24541059,-0.64987963,0.20329961,0.1213717,-0.047039106,0.37554187,0.13489071,0.30763113,0.48028526,0.013564482,-0.14597195,-0.44154203,-2.2067881,-0.73237258,-0.86377233,-0.10882686,-0.79860872,0.21278527,-0.13750343,-0.23260793,0.094130516,2
0.53954297,0.31794468,0.26675466,0.49494839,0.49229357,0.5035609,0.49327937,0.48708197,0.49115849,0.48862287,0.47586364,0.48111969,0.4827801,0.47483826,0.4978638,0.48004037,0.48274985,0.50272602,0.49393803,0.47607148,0.46709603,0.48780674,0.47612762,0.46503478,0.47509518,0.47876304,0.50234294,0.47517756,0.47383749,0.4860152,0.48270056,0.48232797,0.46624562,0.4551591,0.47711077,0.45738891,0.4490698,0.47398904,0.45657045,0.47756672,-0.99877012,0.25998756,0.65176702,0.63939828,1.5827267,1.7652323,1.6050277,0.99195427,1.1343164,1.9266832,1.6604638,1.4837931,0.43711543,-0.23507799,-0.19539899,-0.36461732,0.709562,0.39983845,0.37146568,0.30982944,-0.70483613,0.024453126,-0.58456296,0.43346551,-0.87926996,0.004462559,-0.21407077,0.82114172,0.31340757,1.7661421,-0.22500139,0.25861418,-1.2921908,-0.22641854,-0.072545886,1.0592049,-1.1396556,0.70197541,0.19503643,-1.0444164,-0.10020309,-1.3267905,-0.49773476,0.3513574,1.0363277,0.8041209,0.020063959,-1.7887559,0.75045544,0.1560441,-1.2033592,0.69046474,0.060744226,0.07239677,0.66856271,-0.15314326,0.4944877,-0.47327965,0.12896261,0.60971564,-0.64753652,-1.2179279,0.046961866,0.62398803,-0.37927616,0.33880162,0.18836343,-0.19367291,-0.1262888,-0.32186058,0.60507917,0.84427214,-0.21672757,-0.39876673,-0.5885756,0.091036588,0.53856349,-1.2134597,0.42967266,-1.2068223,-0.38892192,-1.9497198,-1.1361175,-0.10030101,-0.59579861,0.29545444,-0.46840298,0.20700556,-0.14262547,-0.19742489,-1.0561838,-0.60131395,0.25283021,-1.1888252,-0.4802973,-0.10819873,0.18734048,0.36708897,-0.52877676,-1.9259169,0.73463678,0.54494536,0.88015139,-0.20574233,0.57603526,0.35787931,0.11202856,-0.43963522,-0.30399072,0.48894829,-0.54345882,-0.1353613,0.44879618,-0.44793516,-0.85702991,0.02327599,-0.63633484,-0.61400819,0.26422161,-0.44147322,0.057104371,-0.75830442,0.72454178,0.69210666,0.078757182,-0.010715229,-2.0280335,0.71870804,-0.002752915,-0.28737187,-0.042629149,-0.59304065,0.055352047,-0.21918836,-0.77749795,1.2585068,-0.76310539,0.14285034,0.61526048,-1.8164203,-0.23470607,0.44157156,-0.16304354,-0.65116441,-1.1423697,0.56643307,0.13778934,0.49798357,0.65824723,-0.75816649,-0.28034115,0.079964779,0.10024849,0.12538306,0.36190557,0.084033482,-0.14939636,-1.4367055,-1.8625174,-0.86215109,0.26034999,0.75180483,0.26149327,-0.53217727,-0.35788575,0.15605694,1.4598551,-0.19574359,0.070646875,-0.40736243,-0.29466009,1.1976994,0.14423969,0.30514631,0.90399057,-0.073399395,-2.6518836,-0.11115994,0.59915972,0.030796314,-0.11461899,-0.96251994,0.10965204,-1.6041883,0.28993607,-1.4663566,0.46658301,0.026677754,-0.93602717,0.10782896,0.43437535,0.61784136,-0.26920134,-0.080817536,-2.9717455,0.39270818,-0.77603132,-0.087840475,-0.055927895,0.26234859,0.66674834,0.10116982,-0.20951749,0.44989198,-1.6729152,-0.8401134,-0.42114508,0.49408391,-0.49521306,0.06288968,0.16826892,0.43745941,0.000943113,0.65558255,0.532269,0.88495862,-1.0450692,-0.34041736,0.672719,-0.10988741,0.22209734,0.01815737,-0.30772468,-1.3295155,-0.47384301,0.11417356,-0.40771309,0.46707773,1.1899476,0.38185805,-0.50358588,0.24465989,-0.42939705,0.77066886,0.55395007,-0.4632405,0.1172103,1.9495784,0.10560561,0.2793307,-1.1132036,-0.26472425,-2.1960495,1.2090099,-1.5849471,-0.34924591,-0.076299593,-1.6242012,-0.34141052,0.17504515,0.39196682,0.52871424,0.60266805,0.3426646,-2.0711937,1.0871555,0.037128836,1.2804064,0.02707742,-1.2279725,-0.076615103,-0.91128391,0.71390498,0.42348737,-0.96237296,0.43177927,-2.0468085,-1.9220972,-1.5707948,-0.31783217,0.3872157,0.4775669,0.28866538,-1.1173755,0.85350823,-1.3600639,-0.30559754,0.26657322,-1.2339392,-0.06296733,0.068674363,0.54886323,-0.00975946,0.4244146,-0.016415559,0.64461476,0.059357621,0.77276033,-0.018612955,-0.13958427,-0.87044364,0.49289554,1.2685778,-0.63148546,0.80660796,0.54602903,0.6301288,-0.81408817,0.85736442,0.42870319,-1.1785132,-0.57617551,0.1119595,0.14120071,0.20769997,0.95163494,-0.30347079,-0.5989809,-0.58970714,-0.001289003,0.71251082,-0.26044053,-0.008231588,-0.40136144,0.26750666,1.3185656,-1.2839067,0.16873905,0.3884688,-0.69169098,-0.051755942,-0.1451506,-1.5540749,-2.2592268,-0.1481283,0.67534614,0.20423806,-0.30367497,0.85946786,0.33973664,0.55867916,0.31246349,-0.29378083,-0.54719347,0.24533384,0.096115366,-0.22841784,-0.68872166,0.23218705,0.25295663,1.3257731,-1.8529421,-0.054962844,1.5435747,1.7869073,0.58232975,-1.4172667,-0.38400602,-0.4576363,-0.1742561,0.11197904,0.46351296,1.0372148,0.82336819,0.49525672,0.21298262,0.2768684,0.82615864,0.7407552,1.1790457,-1.0249758,0.50699824,0.21428053,0.061323725,-0.33249587,-0.23412165,-1.9169934,0.39080015,0.03791884,-0.33672088,-0.17029417,0.41658875,0.20181476,-0.7747125,0.2926529,-0.25504246,0.20139176,-0.25347134,0.57400846,1.2686681,0.2913326,0.043991517,0.73241222,-0.027464107,0.049699239,-1.1610475,0.31726801,-0.68381375,0.12497655,0.92441827,-1.0409887,-0.46704561,0.56755871,0.52662891,-0.67354095,-1.3711913,0.65826094,-0.52635109,0.098623797,-1.6859941,0.30196893,-0.25546926,-0.52433026,-0.60960829,1.1611003,0.57579815,-2.1972892,-1.2618179,-0.41855702,0.021258168,0.28879091,-0.019256949,0.08955732,0.44370422,0.27646565,-0.22212082,0.31513786,0.31499422,0.48967397,-0.10030542,-0.19292767,0.231736,-1.6994704,-0.025464214,0.45270324,0.070058458,0.25039598,0.67528796,1.0531043,-0.39946014,-0.89795828,-0.33649537,0.20749179,-1.9877163,0.42826694,0.36736414,0.47310257,-0.87935728,-1.3351994,0.30386707,-0.52480638,0.21424398,0.019595504,-0.062626332,0.62256801,0.15643586,0.34443158,0.45987889,0.014434691,-0.35942543,-0.41757923,-2.538871,-0.79203057,-1.1511967,-0.023787085,-1.0121459,0.22504137,-0.13606046,-0.306638,0.057985537,2
0.46935275,0.21097191,0.20887598,0.45905745,0.41470724,0.4493354,0.44513452,0.42816699,0.41449097,0.42023236,0.41836065,0.43202734,0.43179709,0.41782999,0.46699387,0.43000871,0.4307456,0.41031909,0.42823893,0.38304052,0.39947933,0.43639296,0.40164423,0.42268121,0.4016614,0.4251897,0.43575439,0.41375878,0.42846859,0.44196874,0.41135943,0.40972158,0.39880234,0.42859674,0.39953226,0.40732664,0.36881837,0.40304273,0.4086391,0.42157871,-0.86418396,0.20142904,0.30233616,0.3779957,1.2567724,1.6627603,1.2552533,0.64313841,0.76914012,1.5707887,1.3537446,1.139671,0.26443481,-0.19428952,0.30181509,-0.38816297,0.56973863,0.3199645,0.32971513,0.25067893,-0.87776101,-0.016529776,-0.40735042,0.31236467,-0.68128657,-0.003321301,-0.15589722,0.73485053,0.18059969,1.4973756,-0.12154739,0.18870945,-1.0637788,-0.13178413,0.083409548,0.81201464,-1.2101257,0.48106757,0.2504355,-0.91948074,0.084838212,-0.92803621,-0.72096586,0.47162962,0.71918142,0.69489515,0.010349233,-1.6598792,0.82889766,0.10171266,-1.0409977,0.50535971,0.022848152,0.040855583,0.49581319,-0.141766,0.30256015,-0.4335182,0.069921486,0.55488229,-0.49738619,-1.0892346,0.051951248,0.44072866,-0.39715114,0.18943682,0.21277691,-0.19440225,-0.020077467,-0.34255111,0.53603858,0.95857835,-0.22160934,-0.34885472,-0.41480047,0.1591191,0.63657153,-0.96454394,0.36646357,-1.1583589,-0.39545661,-1.7390035,-1.0232069,0.016646061,-0.34811085,0.34538925,-0.41375294,0.1219651,-0.12711492,-0.084010981,-0.76284337,-0.49577773,0.28283799,-1.1267184,-0.28217322,-0.13498075,0.20954132,0.22382535,-0.45892012,-1.6905111,0.32160872,0.40882915,0.79420632,-0.13851538,0.5598895,0.35141081,0.000277609,-0.30447477,-0.24370894,0.49704802,-0.67627156,-0.16712525,0.32495227,-0.32621527,-0.74584866,-0.030145453,-0.67982709,-0.64646012,0.3117224,-0.22401346,-0.006655444,-0.62326801,0.57990754,0.45589608,0.095966086,-0.020589544,-1.7181315,0.77230406,-0.047458373,-0.17276999,-0.082688592,-0.59565127,-0.006549499,-0.14163636,-0.64124304,1.0005804,-0.81343943,0.12095764,0.42530936,-1.557196,-0.14223614,0.42036706,-0.062723495,-0.50772762,-0.83437532,0.42108124,0.48271784,0.55193079,0.9141351,-0.70020247,-0.35746393,0.03630805,0.10671148,0.11593076,0.2720727,0.17591262,0.070880011,-1.2493089,-1.6123908,-0.64992732,0.2649861,0.43848041,0.24727915,-0.46151492,-0.31536463,0.1617233,1.1532876,-0.27941898,0.024461843,-0.45862973,-0.17676726,1.1409158,0.21774091,0.22457878,2.2943344,-0.098544762,-2.3042157,0.046794519,0.81233412,-0.02206455,-0.2077128,-0.7637555,0.18003304,-1.531732,0.22451553,-1.1307424,0.42465773,0.14670491,-0.83375657,0.011176366,-0.007236719,0.54931784,-0.22944598,-0.59743589,-2.5503025,0.44781637,-0.44372556,-0.056717288,-0.11695672,0.33456174,0.49149972,0.041791826,-0.13625973,0.69146782,-1.4991755,-0.79373044,0.28119853,0.37761205,-0.41743261,0.10484862,0.19927336,0.44384933,0.002088594,0.47976404,0.4802525,0.78565383,-0.99525303,-0.34532592,0.41796678,-0.1241525,0.27228227,0.11165743,-0.18267095,-1.2306149,-0.4872379,0.060186826,-0.441199,0.42225289,1.1741616,0.32965368,-0.42100528,0.12375125,-0.35918319,0.67618293,0.64818835,-0.405269,0.17042379,1.0815732,0.14427009,0.104028,-0.98474509,0.071686655,-2.0435109,0.79628652,-1.3224154,-0.16375272,-0.15599777,-1.2844114,-0.17800787,0.15404063,0.24629447,0.87940907,0.7171092,0.54626536,-1.8450249,0.91019821,0.084526561,1.0602541,-0.031482421,-0.94158244,-0.083347343,-0.7949726,0.61151195,0.22485095,-0.75584996,0.31910118,-1.9219214,-1.611477,-1.3349881,-0.48450842,0.51563013,1.2388041,0.18481481,-0.92139471,0.5976215,-1.2207557,-0.18806374,0.296271,-1.1488863,-0.031604782,-0.013565939,0.51497787,0.15705825,0.36010098,0.035406958,0.29857674,0.029937327,0.56404042,-0.33686659,-0.13834274,-0.95977372,0.35557833,1.0102645,-0.73716897,0.72598356,0.4651016,0.46198994,-0.76072413,0.53456992,0.51112032,-1.0235341,-0.64763677,0.15668786,0.18739417,0.21148558,0.76973718,-0.34369579,-0.49577606,-0.42171839,0.011927493,0.42246404,-0.35333031,0.10220907,-0.34754446,0.080741771,1.1420046,-1.1170844,0.12784515,0.28575248,-0.61771423,-0.038214512,-0.029498905,-1.4385965,-1.8047436,-0.19452031,0.54013717,0.011498593,-0.29397848,0.75811172,0.24138959,0.59500319,0.20621344,-0.14063594,-0.51085925,0.16082722,0.073986739,-0.15225132,-0.54678065,0.16886942,0.15557301,1.189222,-1.6595939,-0.15001349,1.5371345,1.3312662,0.36372697,-1.2709169,-0.23148482,-0.37200582,-0.21068734,0.058426104,0.53949273,0.752442,0.86326915,0.32961053,0.18046497,0.20886157,0.77806276,0.72852421,1.4127643,-0.91355377,0.32769608,0.38239205,0.12335704,-0.38832843,-0.12534288,-1.404947,0.27559152,0.017215461,-0.41823962,-0.029441863,0.32397917,0.22173774,-0.58353245,0.27449486,-0.22484282,0.42346406,-0.11309581,0.46074951,0.98997945,0.22087111,0.022612005,0.58372301,-0.30658948,0.064275041,-0.96228415,0.21252662,-0.65302849,0.40736237,0.6654548,-0.713292,-0.4597446,0.42671657,0.53725761,-0.77924329,-1.1427168,0.60698682,-0.510984,0.097293802,-1.5878378,0.27572146,-0.08217743,-0.64537704,-0.49453574,0.99499166,0.53135723,-1.8058342,-1.2628748,-0.31906152,0.003815217,0.26426274,-0.068971455,0.008144212,0.33664688,0.14552483,-0.17170298,0.23839328,0.30646709,0.52200794,-0.1233995,-0.1309121,0.16829343,-1.3807515,-0.017795516,0.53826171,0.058367752,0.16234341,0.60618699,1.1029909,-0.398186,-0.74154788,-0.25715888,0.043883231,-1.8487202,0.31322363,0.30287847,0.40266669,-0.75075197,-1.368273,0.24238966,-0.60619456,0.35818043,0.00692333,-0.099219151,0.47644353,0.071389981,0.307228,0.49926972,0.010318087,-0.11707306,-0.46135813,-2.1392853,-0.75133157,-0.97955674,-0.052188247,-0.78652191,0.015275776,-0.16728333,-0.46066171,0.023202782,2
0.43170446,0.19600971,0.18902187,0.37960154,0.38901743,0.41072178,0.39506224,0.36913761,0.39654696,0.38532084,0.38456661,0.3978439,0.38027442,0.34844327,0.3702212,0.35955566,0.38417381,0.40984303,0.3830269,0.36618283,0.36844099,0.3694784,0.3716765,0.39701512,0.3849152,0.35920781,0.36100039,0.33268386,0.3785494,0.35734025,0.36916947,0.36292788,0.36069688,0.35336939,0.36594734,0.34962317,0.34397611,0.36745203,0.35072529,0.33000159,-0.70961785,0.16724139,0.21686745,0.29863945,1.1989529,1.5841458,1.1519341,0.563806,0.67828542,1.4934479,1.2934041,1.0570025,0.24611139,-0.14008966,-0.076833278,-0.24085864,0.47953343,0.290196,0.30338505,0.26849478,-0.57524282,0.064273611,-0.40255189,0.14012682,-0.67798007,-0.11281289,-0.095759846,0.53963262,0.15452483,1.3819749,-0.12555243,0.15976833,-0.93643588,-0.16567034,-0.016895924,0.6437667,-0.85201985,0.47083896,0.40005726,-0.81447399,-0.14185783,-0.96095085,-0.47835377,0.25202402,0.64646089,0.63113308,-0.048052285,-1.3746898,0.57290226,0.12905459,-0.86270446,0.52267957,0.056201786,-0.005955931,0.51152515,-0.044616226,0.35909384,-0.44434047,0.006529953,0.37651241,-0.42236245,-0.91554099,0.13885307,0.3997919,-0.099419951,0.15225653,0.058557056,-0.14379126,-0.079884961,-0.30184618,0.30816558,0.74992472,-0.099852346,-0.21065377,-0.49116093,0.17116861,0.30639422,-0.83738995,0.37994224,-1.0734805,-0.34009245,-1.4704846,-0.77654797,-0.043583907,-0.51070166,0.19933233,-0.34889591,0.14098564,-0.089498594,-0.22221828,-0.51378131,-0.29076004,-0.16176906,-0.87539077,-0.10233614,-0.23108269,0.13715485,0.2333205,-0.4078615,-1.4502202,0.3824667,0.37570828,0.64873523,-0.020432696,0.41302282,0.2676492,0.072089925,-0.33764747,-0.15789096,0.20600289,-0.10495269,-0.15223747,0.26963517,-0.22606188,-0.67386746,-0.092317462,-0.58202296,-0.57387275,0.25252619,-0.23393622,0.034228563,-0.53706849,0.58110344,0.53507119,-0.044658739,-0.13223276,-1.5752989,0.62566525,-0.070245758,-0.086200558,-0.053062022,-0.47082466,-0.069161996,-0.030216292,-0.57410532,0.88612914,-0.65492064,0.14604333,0.37401357,-1.3543826,-0.045670986,0.25178781,-0.10189547,-0.49945146,-0.73489118,0.44566041,0.22632125,0.36905172,0.40200025,-0.54845643,-0.26142737,0.067525841,0.007590409,0.2656433,0.24005687,0.21067643,-0.15813717,-0.99911761,-1.3447105,-0.5383361,0.24889317,0.57079399,0.17812647,-0.44581243,-0.19706476,0.090641342,1.1824136,0.059446037,0.069267437,-0.35600099,-0.30617899,0.87243581,0.13131702,0.1701684,0.66137844,-0.123751,-1.8918524,-0.094320714,0.2918458,-9.03E-05,-0.09246482,-0.74744415,0.23731473,-1.3641951,0.23352835,-1.157928,0.52147084,0.025117449,-0.6849587,-0.030531593,0.12683715,0.39170885,-0.12619875,-0.31582972,-2.2828722,0.34718466,-0.77775383,-0.025849119,-0.13277788,0.13986073,0.47543216,0.15163521,-0.15904458,0.63501644,-1.3625062,-0.81766981,-0.24311517,0.41077828,-0.38101411,0.20515186,0.24685322,0.40802675,0.099064752,0.38997623,0.31101167,0.5881815,-0.71356332,-0.28279734,0.40254566,-0.035474781,0.24531078,-0.18147673,-0.24556997,-0.93835551,-0.40950876,0.1477069,-0.39781201,0.4024834,1.0098714,0.35209778,-0.40577462,0.21746318,-0.2638908,0.63798004,0.42950481,-0.36528039,-0.025568292,1.3763852,-0.074071318,0.06515085,-0.93508637,-0.10958511,-1.6995429,0.98320276,-1.2992512,-0.32290807,-0.058813229,-1.3331623,0.011685513,0.15724802,0.049438149,0.29081917,0.3472321,0.309122,-1.5199821,0.75545484,0.059713393,1.0224591,-0.066942938,-0.89873272,-0.082790807,-0.6598146,0.49402159,0.11048956,-0.6853233,0.27249715,-1.5329399,-1.5617925,-1.1838199,-0.30223647,0.37576374,0.13082939,0.223901,-0.77692634,0.55347848,-1.1582968,-0.17571457,0.27308306,-0.98999846,-0.043546535,-0.008316996,0.47969532,0.077875577,0.21400651,-0.029336652,0.35597685,0.10862623,0.69895291,-0.055894434,-0.095350206,-0.53164679,0.31060743,0.89096981,-0.45409641,0.5234229,0.43385491,0.58932883,-0.55773413,0.53036129,0.47692713,-0.85967088,-0.41962522,0.019803777,0.15507282,0.20872487,0.60547334,-0.31969252,-0.42389315,-0.42802054,0.021999449,0.54651523,-0.24866377,-0.088444367,-0.2789537,0.097341731,0.88356102,-0.91526115,0.14666222,0.2585856,-0.56134182,-0.058458693,-0.27002442,-1.2171873,-1.6187247,-0.16558571,0.48921075,0.1227229,-0.27546379,0.64975595,0.15596579,0.45516849,0.20102547,-0.22585125,-0.46777168,0.13650385,0.085685089,-0.0062472,-0.52356285,0.16187461,0.090912253,1.0589118,-1.3493583,-0.076682761,1.3956027,1.2130948,0.29060346,-1.0553857,-0.24445382,-0.37756893,-0.11163384,0.061242573,0.32438713,0.71090484,0.59716552,0.30756652,0.14269021,0.085472114,0.57156408,0.67662531,0.73311108,-0.67650282,0.19782346,0.21028107,0.1476576,-0.29757774,-0.19715706,-1.4771981,0.27478501,0.17326827,-0.3247112,-0.06741339,0.29218143,0.15796837,-0.64321798,0.21999195,-0.13652739,-0.05806011,-0.16875322,0.39058104,0.79439116,0.21399918,0.053601,0.50481743,-0.043653406,-0.015446547,-0.86607677,0.24771205,-0.46844131,0.12651744,0.70921731,-0.87510014,-0.42151949,0.3436853,0.3688494,-0.46268648,-0.95834541,0.4973647,-0.52100247,-0.1079561,-1.1868145,0.25291741,-0.070851162,-0.38173518,-0.56426567,0.82177556,0.39975891,-1.6294568,-0.97723716,-0.31453824,0.034799047,0.27297243,-0.024609821,0.060570955,0.49470243,0.12053393,-0.15290219,0.23068283,0.26330236,0.33361432,-0.089589886,-0.13519734,0.20208076,-1.1710392,0.042376794,0.3145113,0.05393257,0.20216641,0.56019264,0.66530347,-0.30205894,-0.73162991,-0.36766878,-0.048899181,-1.6023734,0.26862085,0.21282962,0.39941072,-0.59820038,-1.2795378,0.22429328,-0.55270624,0.00370653,0.049438212,-0.10644093,0.50413424,0.037083462,0.30129436,0.3340503,-0.02309595,-0.12934738,-0.32393351,-1.9008503,-0.65496176,-0.78970808,0.17501837,-0.79893881,0.056411043,-0.097365327,-0.25640461,0.038738143,2
0.60023177,0.35499731,0.34028515,0.58947468,0.58167291,0.59405005,0.57655799,0.56689268,0.57535064,0.576756,0.58009171,0.58482283,0.58097583,0.56894517,0.58660215,0.57722414,0.59161806,0.60206568,0.58762908,0.56839609,0.55582881,0.57127988,0.5643177,0.56450164,0.57530028,0.56007367,0.57469809,0.56479645,0.56981075,0.56594205,0.56047451,0.56423324,0.54738224,0.54473531,0.54856634,0.53920257,0.53301597,0.55049133,0.53180009,0.54255414,-0.72563225,0.33257812,0.37166411,0.43865687,1.3688288,1.7305472,1.3016831,0.71041203,0.82244867,1.6362393,1.4189668,1.1806117,0.33592767,-0.13711849,-0.24659345,-0.26835775,0.54043508,0.3241353,0.29807195,0.25549042,-0.75191134,0.025672851,-0.50588411,0.35270151,-0.60505944,-0.077549629,-0.15818807,0.6041466,0.13379642,1.3194531,-0.1121285,0.22217409,-1.0281382,-0.23355462,-0.098372221,0.76579243,-0.90424347,0.56327993,0.21817185,-0.82392585,-0.11548185,-1.1970005,-0.50537211,0.32369891,0.76257455,0.58560437,0.020927273,-1.4609734,0.58557463,0.092071265,-0.93958348,0.40456519,0.070061132,0.19529772,0.69743168,0.001612321,0.49535698,-0.31016988,0.10425182,0.50641578,-0.44044754,-0.97404021,0.019209392,0.47173291,-0.35268998,0.18272425,-0.088116959,-0.20635131,-0.15804797,-0.25106594,0.44256547,0.70910984,-0.16806789,-0.37378472,-0.47094738,0.0283565,0.4716109,-1.0181265,0.33391076,-0.91180193,-0.34515268,-1.5917003,-0.88157809,0.032118164,-0.59708953,0.34237146,-0.34894538,0.13026688,-0.10449831,-0.15722288,-0.67275465,-0.52754802,0.25619829,-0.98204458,-0.20523013,-0.008746587,0.13487056,0.25048304,-0.41825554,-1.4591613,0.60310984,0.41586405,0.71102297,-0.13481615,0.34103882,0.27799463,0.086879537,-0.25405726,-0.29877368,0.31066477,-0.47957045,-0.072718762,0.35260114,-0.21339992,-0.62734818,-0.015353656,-0.47239247,-0.50680184,0.22996534,-0.34126583,0.033854775,-0.60781974,0.73974442,0.59032136,0.12214297,0.055454139,-1.5865211,0.63130146,0.002581056,-0.22368482,-0.10072711,-0.46169883,0.098285981,-0.15042472,-0.61441588,0.94634759,-0.6083197,0.11360478,0.39596528,-1.5037451,-0.11038841,0.26044035,-0.10658622,-0.41982773,-0.84521806,0.47446853,0.008652076,0.54855961,0.65566796,-0.6427629,-0.28517097,0.046140153,0.10429125,0.15214437,0.097076386,0.14239787,-0.010527059,-1.1706861,-1.5873578,-0.6691255,0.15379362,0.69247127,0.099432871,-0.37108064,-0.2919386,0.059731297,1.1564538,-0.036767844,0.093561366,-0.21571462,-0.21993153,0.90383828,0.10221876,0.21747963,1.2348479,-0.10488085,-2.2675242,-0.081254713,0.42101264,0.014689039,0.064441308,-0.66960192,0.044526242,-1.2597005,0.30032384,-1.0329281,0.15898718,0.1399083,-0.82895601,0.07245478,0.2526767,0.46408343,-0.2495386,-0.012827456,-2.2978389,0.30420792,-0.56247294,-0.07412646,-0.031277671,0.18187299,0.46216685,0.21091941,-0.13129045,0.4806447,-1.3825542,-0.7473042,-0.3080892,0.37954769,-0.34601161,0.016020112,0.16332613,0.2764554,0.041218717,0.52514774,0.45728993,0.70411122,-0.81112939,-0.28659606,0.51964611,-0.090366006,0.1516813,-0.047046505,-0.26510483,-1.1316584,-0.43109024,0.13173917,-0.31079826,0.3297478,0.9381659,0.35894376,-0.39980808,0.15764144,-0.26578081,0.5196771,0.34015247,-0.44518083,0.06617187,1.4809344,0.10643354,0.23901108,-0.87939656,-0.28344485,-1.7246835,0.98965245,-1.2450469,-0.14560038,-0.16081844,-1.2614335,-0.23795453,0.056500107,0.16064753,-0.062870741,0.25904483,0.35503918,-1.5957547,0.87731767,0.1093836,1.1468887,-0.13728407,-1.0367929,-0.074832506,-0.75731611,0.53220981,0.16428962,-0.78822106,0.35577711,-1.6296421,-1.3638921,-1.2354091,-0.38104302,0.25115517,0.54220307,0.23612466,-0.75948131,0.73946905,-1.198548,-0.21071051,0.15018339,-1.0994035,0.065055065,0.019211421,0.3683466,0.097730786,0.32788888,-0.10363042,0.42802578,-0.031135004,0.61345357,0.095696874,-0.14854473,-0.71743011,0.38523382,0.90096772,-0.55339265,0.50870252,0.5071215,0.47421202,-0.61483288,0.56651545,0.35211605,-0.87914181,-0.56911922,0.11744854,0.19151351,0.18954991,0.73189628,-0.30674294,-0.41825542,-0.46413702,-0.021782003,0.467244,-0.31921369,-0.089927725,-0.32953817,0.13551845,0.98639995,-0.82821935,0.12387274,0.36484906,-0.56774151,-0.062855221,-0.19555236,-1.2477026,-1.8198234,-0.21713094,0.58190107,0.090699136,-0.20030291,0.65930015,0.21124636,0.31537825,0.24565482,-0.14123271,-0.47187811,0.1725727,0.06579046,-0.21255226,-0.50610369,0.20742491,0.16862418,1.1437731,-1.428988,-0.090759106,1.2918395,1.4035904,0.53718776,-1.2023941,-0.29818827,-0.42686397,-0.24652566,0.074109167,0.35363576,0.77780628,0.70012438,0.37416226,0.13421792,0.24972174,0.74693686,0.62877166,0.80855435,-0.8412869,0.28882071,0.22189704,0.15937401,-0.30801228,-0.17892098,-1.4470109,0.29688641,0.02589836,-0.28884062,-0.26813579,0.22435555,0.10229002,-0.66761154,0.26061124,-0.26629168,0.31574589,-0.058889486,0.4874039,1.0262687,0.28135768,0.065338567,0.55522299,0.022030756,-0.037096839,-0.97981369,0.27322707,-0.64735019,0.13452365,0.64500916,-0.62735307,-0.3285298,0.43781021,0.40600526,-0.52606136,-0.93894821,0.53921729,-0.47992483,-0.025252834,-1.4661657,0.22908418,-0.19822797,-0.35561368,-0.45030051,0.86189497,0.36852491,-1.6313685,-1.0494405,-0.34050053,-0.004712336,0.2643041,-0.063423187,0.06282147,0.4074088,0.22082181,-0.17657514,0.18068925,0.31510413,0.3425909,0.090845421,-0.21906213,0.086002648,-1.3919992,-0.004861444,0.37417072,0.002691867,0.15909782,0.50826848,0.821711,-0.29177952,-0.65406793,-0.42821926,0.11958462,-1.7422147,0.30134302,0.30176982,0.36738345,-0.68067068,-1.2074976,0.2902047,-0.49428159,-0.021964118,-0.01611877,0.054430552,0.4211812,0.11202408,0.3052974,0.38312083,0.060630802,-0.11109775,-0.36237419,-1.931491,-0.59862131,-0.82684344,-0.039645869,-0.79790634,0.035227135,-0.14497076,-0.21090251,0.065600298,2
0.4895817,0.26429367,0.23050034,0.46762556,0.41193748,0.45206267,0.43292683,0.42310148,0.42233926,0.41673446,0.42093509,0.43292147,0.42518613,0.40484369,0.44447184,0.41659737,0.42450082,0.45391721,0.44720191,0.38947114,0.41869062,0.4248836,0.42215765,0.4085499,0.43279904,0.43527734,0.44311333,0.44019604,0.42185426,0.43162841,0.42086977,0.43542346,0.40151373,0.41057378,0.41868281,0.40330076,0.3986555,0.43724263,0.40338707,0.40131319,-0.96804059,0.21681276,0.56542504,0.59199685,1.3548727,1.7078017,1.5170435,0.90552467,1.0525593,1.8185112,1.5380864,1.394964,0.35372213,-0.21285488,-0.14384528,-0.35813549,0.63654959,0.36854303,0.42686409,0.27542379,-0.79723674,0.021229908,-0.47166243,0.4063369,-0.83361626,-0.016667895,-0.25493553,0.80895752,0.41685474,1.6148936,-0.20803066,0.2080602,-1.1395032,-0.29076296,0.030174447,0.85052633,-1.0937529,0.5463531,0.24589542,-1.0034816,-0.087313667,-1.1367825,-0.53746587,0.45455167,0.87919456,0.76479024,0.030609012,-1.7705481,0.70476186,0.13797672,-1.0212492,0.6311326,0.10436174,0.11771801,0.78859961,-0.083548471,0.38403741,-0.50427759,0.028131422,0.56338531,-0.64147145,-1.1769642,0.086776547,0.61752993,-0.33167711,0.23423968,0.12382595,-0.17134386,-0.075664192,-0.37293613,0.49488744,1.0475925,-0.21707252,-0.33247876,-0.5629186,0.22806552,0.44910941,-1.1370832,0.40455592,-1.2626044,-0.37099561,-1.7685236,-1.1266323,-0.021162074,-0.48130465,0.30721551,-0.59871048,0.1979084,-0.18207009,-0.18085662,-0.86078519,-0.47628349,0.074525766,-1.236787,-0.36476436,-0.16142054,0.10768668,0.23455581,-0.58216178,-1.9237328,0.65669721,0.44635457,0.83142197,-0.22475529,0.52986264,0.44247869,0.11109765,-0.49106681,-0.27409518,0.28542107,-0.50966346,-0.096228048,0.33357599,-0.30175179,-0.86527908,-0.058088314,-0.64885163,-0.70284635,0.36118147,-0.40467411,-0.015934162,-0.60325754,0.65885031,0.6069926,-0.030074801,-0.07967405,-1.9331,0.85874897,-0.002179898,-0.15680139,-0.014237776,-0.58091766,-0.052833904,-0.17666647,-0.64735609,1.1205124,-0.69068605,0.13278723,0.52541977,-1.9808534,-0.18826059,0.48171508,-0.11375314,-0.55667287,-1.0076551,0.50974482,0.32259303,0.49194175,0.82646823,-0.73434979,-0.24310113,0.073867723,0.080803193,0.22917634,0.43843418,0.11865849,-0.13522865,-1.3995873,-1.7711222,-0.78801733,0.26680753,0.5235216,0.20906436,-0.57209617,-0.35805792,0.18040872,1.5685576,-0.13496941,0.070364118,-0.47341633,-0.28370276,1.2844231,0.11535571,0.27290633,2.0270219,-0.022722242,-2.4468937,-0.084858119,0.52992469,0.030904202,0.013080351,-0.83227819,0.10744325,-1.567039,0.21368563,-1.4414405,0.35609642,0.078357883,-0.95018476,0.04830502,0.27740449,0.69225401,-0.26903969,-0.30739236,-2.7468507,0.39584532,-0.58688927,-0.13737178,-0.078216001,0.21194562,0.67622203,0.1208308,-0.20100944,0.79684645,-1.7215624,-0.99575198,-0.23302718,0.46113575,-0.44812831,0.11263579,0.3242473,0.47338983,-0.062399246,0.6033988,0.48485267,0.96386307,-1.1054491,-0.3684364,0.56754589,-0.084458902,0.31330153,0.002800915,-0.27391249,-1.2466366,-0.43423676,0.15273175,-0.40546471,0.43013158,1.2386295,0.36205384,-0.44485295,0.17509186,-0.43248305,0.53974664,0.6834144,-0.43767142,0.061716035,1.7230866,0.11990511,0.034226052,-1.033105,-0.09845861,-2.188587,1.163326,-1.4486001,-0.359519,-0.16520704,-1.5284705,-0.23978294,0.30184704,0.23795846,0.52814591,0.50962412,0.41125482,-1.9795725,1.0772511,-0.079969779,1.1562141,-0.050513949,-1.0822453,-0.10793504,-0.93441176,0.7237736,0.1546506,-0.90941638,0.30974048,-2.0243068,-1.9350598,-1.4056444,-0.32167062,0.59300983,0.86701429,0.23949023,-1.0671333,0.70947921,-1.403456,-0.22563717,0.3015618,-1.2304432,-0.039473101,0.010025041,0.64717829,0.058739182,0.41438559,-0.009639449,0.47503465,0.07346458,0.91536283,-0.071863294,-0.13600621,-0.87288272,0.39830732,1.1574086,-0.6805591,0.7660501,0.52579719,0.62519515,-0.71312428,0.77863067,0.34879985,-1.1695541,-0.48248646,0.060550384,0.18575718,0.21045433,0.83982784,-0.33467281,-0.57996154,-0.5300796,-0.027103776,0.61258453,-0.19825101,0.079218686,-0.30496496,0.17376542,1.3546426,-1.2279282,0.14891982,0.3164643,-0.74733806,-0.13855121,-0.18457945,-1.5808946,-2.1209052,-0.10909042,0.61352181,0.24567989,-0.29596895,0.83023167,0.41881114,0.52107608,0.26503897,-0.20462134,-0.54850435,0.2365801,0.034091901,-0.14576034,-0.64956993,0.21226642,0.17424598,1.2380928,-1.7893323,-0.0678408,1.5933489,1.5403875,0.49829656,-1.4534036,-0.31761211,-0.37347341,-0.10873907,0.12377222,0.56187814,0.93480909,0.94422662,0.43502513,0.18009721,0.21783061,0.79290682,0.75255835,1.3422716,-0.86823416,0.35515308,0.35381579,0.023663484,-0.40168071,-0.21701907,-1.7336293,0.32194918,0.034380235,-0.42664689,-0.21366842,0.38449183,0.22648041,-0.72798496,0.37094158,-0.22592944,0.26592845,-0.22340831,0.70480758,1.135367,0.29102767,0.054207683,0.61950904,-0.092693791,0.002873899,-1.1560431,0.34372169,-0.69045764,0.1416598,0.82992762,-1.1006908,-0.47588181,0.46619213,0.51849985,-0.707551,-1.3963768,0.68415296,-0.58877039,0.092587888,-1.6112139,0.33625284,-0.19510639,-0.4597916,-0.59904027,1.0950605,0.56490523,-2.1110082,-1.372443,-0.36407503,0.006386957,0.27837938,0.035522118,0.025177417,0.45013025,0.18929228,-0.1953703,0.26168883,0.33301646,0.43886811,-0.096371584,-0.091548905,0.082013443,-1.4693358,0.055425063,0.51774853,-0.011065751,0.18200983,0.72870213,1.2601593,-0.41848654,-1.0235713,-0.39594015,0.18927167,-1.9823706,0.33358663,0.2089355,0.41082069,-0.81749165,-1.4802197,0.26779684,-0.61501497,0.42898697,0.068446428,-0.013212658,0.7899459,0.16181031,0.31609735,0.4419755,0.01120108,-0.18928155,-0.46293744,-2.3603833,-0.83597982,-1.0182312,-0.01831843,-1.0128471,0.19418824,-0.19255073,-0.27802581,0.058531597,2
0.50837517,0.2741901,0.25286353,0.50518715,0.45384216,0.49219412,0.45903423,0.43935829,0.45694259,0.45007926,0.46004516,0.45320415,0.4678413,0.40900272,0.47096205,0.46401954,0.46773648,0.49278963,0.45567447,0.44987583,0.42835307,0.47979471,0.44814724,0.45688885,0.45202142,0.45972216,0.44436914,0.42938599,0.46011955,0.43096706,0.45634729,0.46714789,0.43413192,0.42208225,0.43329471,0.44841444,0.41543952,0.45209527,0.42848837,0.4315632,-0.97839308,0.23273034,0.58175892,0.59706998,1.4224424,1.6998923,1.5279117,0.91044992,1.0580505,1.8264802,1.5622241,1.4046524,0.49806547,-0.21087307,-0.1611968,-0.33919939,0.87561393,0.40951508,0.45846212,0.31465542,-0.81506449,0.00073646,-0.47628766,0.48595071,-0.75947458,-0.13766237,-0.21821372,0.62888366,0.34028324,1.7214248,-0.23686346,0.21293256,-1.1238077,-0.16806644,0.029943282,1.0519621,-1.080245,0.7686196,0.27878541,-0.93338311,-0.097222798,-1.2938743,-0.38244438,0.63621914,1.0873954,0.85335988,-0.013825434,-1.6958909,0.72885489,0.17342257,-0.98615497,0.48055971,0.060439624,0.10338135,0.60837328,-0.069940582,0.45009971,-0.70667148,0.083105698,0.74848223,-0.54737055,-1.1664718,0.11375742,0.49013221,-0.34516141,0.35706878,0.062629119,-0.13087416,-0.061006434,-0.30183357,0.52887452,1.0640295,-0.21488659,-0.52405751,-0.59031761,0.24320967,0.62504631,-1.1815885,0.50330555,-1.2310899,-0.34371123,-1.8679338,-1.2121155,-0.014349708,-0.53206903,0.11825776,-0.48611072,0.11078451,-0.061275959,-0.32282901,-0.88812822,-0.41177458,0.43303269,-1.112353,-0.1368643,-0.32643995,0.22147353,0.2987898,-0.52011979,-2.0334187,0.73614633,0.52136314,0.90060627,-0.10710374,0.59947062,0.33232975,0.088971548,-0.21396476,-0.273516,0.2632432,-0.58939129,-0.12140972,0.51864779,-0.29627907,-0.87607038,-0.041503087,-0.72912711,-0.85128146,0.36840397,-0.41398567,0.10260638,-0.60521191,0.75186872,0.74117255,-0.088279292,-0.10223226,-1.8854842,0.75987673,-0.15049809,-0.1497499,-0.015541973,-0.55146974,-0.087391563,-0.17279024,-0.60622418,1.1497579,-0.79121375,0.16782191,0.73390085,-2.1268315,-0.15507793,0.30746213,-0.066452786,-0.67420059,-1.2915421,0.47191703,0.17301115,0.35945103,1.0870005,-0.69128293,-0.33008099,0.020834368,-0.035359293,0.20147069,0.33018249,0.094205782,-0.14916053,-1.3213422,-1.6617885,-0.73387456,0.22988248,0.90981996,0.22442916,-0.42066932,-0.32737273,0.12980179,1.641549,0.19195898,0.13387322,-0.41146168,-0.45364761,1.2047622,0.12940264,0.35517839,1.4816675,-0.14569744,-2.1960077,-0.10214964,0.68727642,-0.004213376,-0.29696566,-1.2221589,0.1057889,-1.8403914,0.27051374,-1.692216,0.46293712,-0.047480687,-0.82767212,0.099843949,0.47345576,0.59483147,-0.18610869,-0.074463964,-3.0890713,0.32864022,-0.50157928,-0.046897095,-0.062656194,0.29019088,0.54105717,0.14738208,-0.16991974,0.61529827,-1.9656863,-0.99252898,-0.23609522,0.51209331,-0.45601565,0.10604478,0.13698319,0.50546622,0.024489522,0.51812351,0.47826576,0.96603036,-0.91694027,-0.36973527,0.67259091,-0.14068955,0.23942864,-0.092108302,-0.31661281,-1.1467435,-0.46875146,0.16177747,-0.33763951,0.42549458,1.3470181,0.41193044,-0.42548773,0.15705743,-0.44642884,0.67212707,0.58213544,-0.40362158,0.054763801,1.9664524,0.073907927,0.17956725,-1.0679489,-0.15577014,-2.1513109,1.2195649,-1.8399949,-0.56777227,-0.2350322,-1.3413996,-0.12932682,0.29861081,0.30538499,0.71488452,0.7200309,0.39905736,-1.8908659,0.97514439,0.018071236,1.2683076,0.114452,-1.1299073,-0.091852486,-0.91840291,0.72738469,0.095103964,-0.97262573,0.38849825,-2.2908537,-1.9517245,-1.523157,-0.20951283,0.42216182,0.6206333,0.31015974,-1.2770659,0.87371522,-1.5854225,-0.32328472,0.27146691,-1.1782503,-0.008512009,0.05487372,0.53518832,-0.030889351,0.55646944,0.04772605,0.49736035,0.048399903,0.76151037,0.068580188,-0.10725007,-0.87087744,0.55192351,1.2873846,-0.67231137,0.61929041,0.5646854,0.62627262,-0.76873004,0.82743609,0.5125314,-1.3682241,-0.51090097,0.063915156,0.15165392,0.27787179,0.98226154,-0.31363049,-0.56629276,-0.50458401,-0.029791579,0.64160228,-0.1940826,-0.048538417,-0.35667792,0.13921687,1.390624,-1.4639333,0.14326796,0.38032159,-0.63849157,-0.086040676,0.10239649,-1.5114243,-2.3732982,-0.21979089,0.74181592,0.15238301,-0.30085969,0.69450569,0.21238285,0.60193288,0.33202052,-0.17747203,-0.81389439,0.31069469,0.075648651,-0.11777079,-0.52953279,0.25710809,0.10340653,1.4221783,-1.7732389,-0.093541488,1.670131,1.829855,0.58444035,-1.1340551,-0.36965957,-0.61457837,-0.13809924,0.073221937,0.52253282,0.96966034,0.93393648,0.65527672,0.19551095,0.24188629,1.1701367,0.71482295,1.1777544,-0.94071287,0.45956242,0.41025752,0.08714918,-0.33598369,-0.23565465,-1.5578394,0.36564898,0.051155344,-0.38551632,-0.11694323,0.69734299,0.20314942,-0.83691895,0.20575833,-0.1587276,0.13467789,-0.37464494,0.84394974,1.235527,0.23462178,0.059071817,0.67282212,-0.11078209,-0.1652966,-1.1435823,0.34888858,-0.52329904,0.15639135,0.85179794,-1.0366778,-0.6455847,0.35746032,0.47432718,-0.83652484,-1.2542292,0.63435006,-0.71680206,-0.15473425,-1.4017838,0.33271888,-0.18891987,-0.65889466,-0.59674823,1.2065463,0.55080199,-1.7277055,-1.2791679,-0.4096598,0.015137959,0.32754189,0.011068828,0.018351726,0.60416901,0.20917241,-0.23733404,0.26978076,0.38315803,0.35906875,-0.01930923,-0.13406494,0.25545937,-1.6308413,0.063089862,0.57761991,0.075708479,0.2194722,0.68960136,1.0709951,-0.42904988,-0.91203159,-0.42663926,0.16137925,-2.0150445,0.29081702,0.21002078,0.46018428,-0.75271696,-1.6286733,0.22931373,-0.60792464,0.13753662,0.074690342,-0.078236982,0.55181408,0.091178469,0.35907495,0.30288073,-0.02638098,-0.25836217,-0.50438339,-2.4611669,-0.78666592,-1.3365936,0.08616472,-1.1223557,0.11372114,-0.1948393,-0.37743384,0.091406554,2
0.49242377,0.2186887,0.17267662,0.50502795,0.45713577,0.56321895,0.51798546,0.46063906,0.47485897,0.51476908,0.49428332,0.47900724,0.47391248,0.47539109,0.50741142,0.5061022,0.50648499,0.55557382,0.49947739,0.47443089,0.47745836,0.51214182,0.49339601,0.49370217,0.46784309,0.47134659,0.4941923,0.52238703,0.500404,0.4933154,0.49730241,0.47409055,0.49387899,0.4726035,0.47270706,0.49667907,0.47577703,0.44778848,0.44851497,0.46184838,-0.93055439,0.1404089,0.422387,0.42973816,1.3875592,1.7575346,1.3935447,0.77663088,0.90627921,1.7056367,1.4839485,1.2714218,0.42043084,-0.22411245,-0.090531632,-0.39025748,0.8092221,0.43940741,0.46466345,0.27502343,-0.39908832,0.019390736,-0.43282986,0.4656347,-0.70316905,-0.14664382,-0.28217688,0.69347191,0.30810946,1.7166578,-0.21261944,0.20639397,-1.2066648,-0.25196791,0.102423,1.1131244,-1.1408859,0.66773534,0.28997982,-1.014479,-0.081134111,-0.99048668,-0.61820328,0.34906918,1.0675905,0.75938374,-0.046596523,-1.6558286,0.90475249,0.099646121,-1.0154976,0.55799103,0.018177226,-0.064189404,0.71096146,-0.25003445,0.39047232,-0.47927287,0.021079,0.66029841,-0.7829746,-1.1265372,0.04914875,0.53848839,-0.39966363,0.15266773,0.23240255,-0.18270311,-0.02608557,-0.38891968,0.53027546,1.1372256,-0.23685879,-0.49367815,-0.51670694,0.15912166,0.34202474,-1.0169126,0.311198,-1.2559648,-0.42648256,-1.9128337,-1.1609334,-0.009584364,-0.37445241,0.31100011,-0.42860311,0.015742004,-0.19130944,-0.17246498,-0.8529042,-0.5433175,0.36950892,-1.1030146,-0.10417366,-0.14520448,0.1845167,0.33527914,-0.511917,-1.7808172,0.84210253,0.5030843,0.81611764,-0.16064446,0.65041792,0.31842554,0.085588679,-0.35420805,-0.17744482,0.28558299,-0.65507299,0.056633219,0.48354793,-0.2271003,-0.81317019,-0.030947231,-0.69529432,-0.67434841,0.33157492,-0.2166836,0.062867537,-0.65130389,0.63436049,0.83264053,0.15906593,-0.030093761,-1.8347704,0.80092359,-0.001657613,-0.23620863,-0.045006454,-0.61134034,0.025406022,-0.19549526,-0.7418083,1.0428985,-0.81686056,0.13365328,0.57676095,-1.5596846,-0.37214938,0.31557727,-0.000276767,-0.56660676,-0.91541225,0.41734663,0.43617257,0.37336949,0.79014397,-0.75243604,-0.29426545,0.10539536,0.16936462,0.33065331,0.33755273,0.24859837,-0.25114882,-1.2498767,-1.6288096,-0.74185103,0.24930052,0.62879401,0.32816595,-0.53605664,-0.5821166,0.11745547,1.2859097,-0.30457202,0.039345402,-0.41510904,-0.30721325,1.1628795,0.11549726,0.28901896,1.041243,-0.12660609,-2.5287755,-0.069804311,0.69108689,0.001896853,-0.22623277,-0.85979474,0.14024325,-1.5659186,0.24577904,-1.3049793,0.38376421,0.14283971,-0.86011755,0.007869564,0.25008205,0.44340962,-0.38959819,-0.51029682,-2.7707279,0.47588736,-0.60934091,0.010527417,-0.18654592,0.18974908,0.50923741,0.25404724,-0.21024136,0.77972215,-1.7020878,-0.90077603,-0.56433415,0.57285017,-0.47942156,0.23350538,0.24652496,0.5266847,0.019253934,0.54316115,0.39287722,0.86127406,-1.1862152,-0.39160344,0.85143459,-0.15299299,0.35522184,0.091609508,-0.19686556,-1.2230756,-0.51025903,0.065491527,-0.4537231,0.52139813,1.4126416,0.39454722,-0.49789411,0.31287268,-0.35862193,0.93472886,0.67799217,-0.4811947,-0.025980376,1.5294172,0.26892555,0.056651473,-1.1084146,-0.30637038,-2.1281011,1.0831583,-1.3888628,-0.36200967,-0.25216791,-1.4595141,-0.050647341,0.18928191,0.11939096,0.62175131,0.57296264,0.20746261,-1.9834626,0.91348696,0.30741453,1.3267303,0.022649955,-0.98240578,-0.12455848,-0.90643913,0.55575627,0.068780407,-0.89661604,0.34965473,-1.9156966,-1.6887646,-1.510651,-0.43545723,0.59329724,0.62931168,0.27690735,-0.98398954,0.76455319,-1.4621301,-0.25000966,0.52818954,-1.2444191,-0.03661187,-0.14534898,0.59217393,0.11024742,0.39933342,0.040783703,0.51950586,0.099832922,0.59191769,-0.021131134,-0.09780021,-0.88790852,0.50377935,1.2553273,-0.51723254,0.81036681,0.53540522,0.60666722,-0.76202899,0.76468098,0.47581926,-1.0455551,-0.61644965,0.011031821,0.16155422,0.19382584,0.88566077,-0.41571552,-0.55079544,-0.4908666,0.033880226,0.80520725,-0.31528032,0.16478804,-0.32663962,0.058651686,1.3565606,-1.2072581,0.1682837,0.34593698,-0.81044275,0.056259684,0.005477876,-1.5103565,-2.079154,-0.29593536,0.67277378,0.090268463,-0.3319405,0.8578378,0.12111363,0.67861766,0.2921297,-0.22589736,-0.61531836,0.23683378,0.12291396,-0.040752176,-0.67074639,0.24595559,0.18892096,1.2674247,-1.7448188,-0.097815074,1.8301232,1.6492459,0.44750291,-1.3347815,-0.27530509,-0.54491913,-0.15158129,0.079494581,0.41670775,0.82183635,0.73572087,0.35324219,0.16050768,0.19724995,0.69856173,0.76046783,1.1883866,-0.84301078,0.45061421,0.33377942,0.23063445,-0.40639311,-0.18635732,-1.70086,0.35512635,0.053203933,-0.63708204,-0.30507654,0.61496133,0.23375914,-0.69896811,0.21652482,-0.27691689,0.11954698,-0.17870131,0.84982246,1.0613867,0.36511898,-0.025388112,0.61759424,-0.12340577,0.12569246,-1.1579279,0.35574517,-0.69218314,0.20885757,0.77889609,-1.0282803,-0.46153551,0.42343086,0.54837233,-0.69793063,-1.2265048,0.59917623,-0.6996091,0.006534677,-1.5561427,0.32160661,-0.16229145,-0.58203685,-0.54458016,1.0807738,0.58557832,-1.9978603,-1.2826586,-0.36903167,-0.019698106,0.2390328,-0.051769163,-0.11370254,0.50791699,0.28173,-0.23115669,0.3147347,0.44149607,0.420102,0.24558285,-0.10724951,0.50127435,-1.5332296,0.060180936,0.38527155,0.045419827,0.21662229,0.7140547,1.04514,-0.42350796,-0.93639702,-0.3926549,0.47481522,-2.0171149,0.33867103,0.30584902,0.26372463,-0.77128494,-1.3713682,0.41277093,-0.6460439,0.25838947,-0.033947457,-0.032798801,0.57022756,0.060774099,0.35867992,0.56389147,0.014517627,-0.17534229,-0.42394799,-2.3439047,-0.79742038,-1.0635718,0.004065424,-0.95836002,0.18191426,1.830492,-0.38634521,0.15773003,2
0.52665424,0.28290561,0.25433677,0.5019744,0.49664831,0.49189183,0.4701283,0.47328228,0.47990718,0.50189209,0.47272229,0.4755739,0.44804132,0.45179236,0.4443368,0.46410164,0.40191156,0.51336962,0.47366387,0.43573874,0.44273651,0.49658161,0.49884701,0.46260887,0.50497055,0.51141644,0.51160026,0.49153996,0.45516995,0.48578745,0.5082922,0.49001104,0.45841879,0.47031349,0.49033672,0.40510574,0.47580239,0.48507965,0.46958953,0.43544942,-1.0330317,0.19598381,0.53072536,0.50413716,1.3336314,1.8046438,1.4512668,0.82946181,0.97265273,1.7282627,1.4583485,1.317054,0.45275262,-0.20654866,-0.18104893,-0.37567621,0.6938864,0.38665795,0.44004014,0.31692791,-0.80354536,-0.081020869,-0.5234921,0.4357225,-0.85944164,-0.098928981,-0.13592467,0.6656211,0.27496523,1.6948838,-0.21346554,0.21941718,-1.2306824,-0.20345125,0.01961555,1.0169137,-1.0452832,0.61321568,0.37962246,-0.9852916,-0.11557723,-1.3062942,-0.63619173,0.35802215,0.97369516,0.77313477,-0.003951799,-1.8163326,0.74931437,0.12724864,-1.0783136,0.61193883,0.031858839,0.084297441,0.62452489,-0.16029891,0.35054374,-0.58923811,0.060395889,0.62357438,-0.57127279,-1.2412019,0.11248262,0.51979113,-0.4049769,0.094089463,0.013348859,-0.23305407,-0.060563363,-0.3597931,0.35124034,0.89756954,-0.20036682,-0.4613499,-0.54712158,0.36536878,0.64140326,-1.1624109,0.47717106,-1.1789726,-0.39558566,-1.9732659,-1.161415,0.049746558,-0.57569337,0.27739334,-0.43200076,0.13383722,-0.11687979,-0.33055884,-0.88988578,-0.294512,0.060307041,-1.1484362,-0.18758872,-0.20195638,0.29413909,0.17836598,-0.49441782,-1.9761903,0.4956412,0.53761518,0.85975444,-0.14745849,0.63375765,0.33805469,0.12685719,-0.17467926,-0.27123475,0.23351617,-0.32599658,-0.13537395,0.42905483,-0.41518945,-0.83663762,-0.056855235,-0.67979676,-0.63256371,0.32904238,-0.33345518,0.038889334,-0.63843518,0.74441946,0.71283162,0.14564444,-0.012526985,-1.9212861,0.78460318,-0.026028693,-0.12236939,-0.045325905,-0.57778269,-0.002453948,-0.17518523,-0.67468405,1.127612,-0.74170095,0.13065425,0.50509405,-2.0565414,-0.1289268,0.38425356,-0.11203459,-0.592888,-0.97206581,0.55163407,0.34666321,0.48286143,0.66377497,-0.79458785,-0.30386662,0.093691662,-0.011978904,0.18167748,0.43442905,0.071515016,0.009955004,-1.3881265,-1.694526,-0.69075966,0.25137535,0.74246693,0.23775992,-0.41645262,-0.33036235,0.16755338,1.3527721,0.068048477,-0.095716543,-0.34527445,-0.3617194,1.2601502,0.15306675,0.29920518,1.3266678,-0.1740917,-2.4486284,-0.058523513,0.5090344,-0.035711773,-0.12677956,-0.93626845,0.132663,-1.6574124,0.24042815,-1.222196,0.71721935,-0.086176462,-0.85497522,0.002811253,0.2617228,0.60332501,-0.22034059,-0.1683519,-2.9473357,0.37206522,-0.67708367,-0.007096473,-0.060794264,0.39387029,0.62609243,0.184039,-0.24790618,0.67908144,-1.8647428,-0.79790831,-0.27970618,0.4369939,-0.4240821,0.046149053,0.1924192,0.54363608,0.021328505,0.5624727,0.44173065,0.85436666,-0.88293862,-0.35355476,0.54641688,-0.032425568,0.29322144,-0.10846651,-0.32582051,-1.2960756,-0.54557657,0.12324928,-0.38608626,0.51044005,1.2572404,0.43279159,-0.4511756,0.26099214,-0.4390347,0.7670303,0.69315487,-0.48293984,0.10927082,1.6290267,0.15003672,0.20005463,-1.1872488,-0.70749736,-2.1784992,1.1847949,-1.5154743,-0.30535886,-0.20890485,-1.4715055,-0.061966948,0.17870179,0.013195232,0.7741009,0.49474397,0.47928604,-2.0356965,0.95836717,0.13167132,1.2874212,-0.034398511,-1.1329619,-0.095408604,-0.94326043,0.60716414,0.14419818,-0.93379748,0.48049721,-2.0313749,-1.8753833,-1.5671787,-0.44141561,0.36559519,0.32966086,0.31528497,-1.0499787,0.81306475,-1.5254694,-0.20262024,0.36354625,-1.3298345,0.014771795,0.07303983,0.60139078,-0.13537748,0.40158108,-0.012125591,0.49972242,0.044544611,0.81974018,0.054773152,-0.16551687,-0.75031006,0.44319689,1.0948147,-0.68177009,0.6079517,0.56665474,0.63669872,-0.67987102,0.85527092,0.61615694,-1.0764332,-0.71082985,0.10784923,0.15138119,0.23208359,0.89357185,-0.36554879,-0.52926099,-0.52552468,0.01590094,0.71882945,-0.25861919,0.081134915,-0.3908698,0.1840363,1.1813376,-1.2871577,0.15520576,0.31875506,-0.65420848,-0.094400525,-0.10300659,-1.628736,-2.1628172,-0.099934779,0.70091718,0.12963043,-0.31896374,0.91371113,0.27743545,0.56629431,0.37287384,-0.22521174,-0.50939983,0.28292677,0.09035337,-0.060675349,-0.4520922,0.23565897,0.16349477,1.402321,-1.7184492,-0.032680605,1.715701,1.6159087,0.5092994,-1.398451,-0.34568673,-0.51872444,-0.1606684,0.023818824,0.45533398,0.94489717,0.90038872,0.43807173,0.20385581,0.20766822,0.76611567,0.74524367,1.067848,-0.89179182,0.31347051,0.35885024,0.17071174,-0.42977428,-0.14096799,-1.9188956,0.36581561,0.042079456,-0.41633707,-0.17677554,0.57001626,0.24007013,-0.71260118,0.36083966,-0.18337823,0.10908286,-0.23463041,0.79764193,1.2396554,0.26127568,0.077295989,0.68906516,-0.13106859,-0.35785109,-1.1909164,0.29248089,-0.62908632,0.22748129,0.7822814,-0.93660533,-0.48405725,0.4640561,0.58315557,-0.63485646,-1.209774,0.6388644,-0.51076859,-0.093618467,-1.6076906,0.30004486,-0.1252493,-0.6697551,-0.59009594,1.069401,0.52299654,-2.0428307,-1.2746726,-0.40228969,0.022980068,0.3211109,-0.002941263,0.10963279,0.6189115,0.22975969,-0.11459661,0.2443243,0.36015356,0.51615429,-0.11602475,-0.13087574,0.23893443,-1.6985705,0.009370036,0.45715314,0.016176254,0.24043195,0.69915962,0.98059392,-0.37896159,-0.88626105,-0.46688932,-0.14764032,-2.0149491,0.27465954,0.38008118,0.49468896,-0.74260861,-1.409301,0.26741579,-0.77601975,0.096836045,0.002848825,-0.064704634,0.58715475,0.12607449,0.38989228,0.50807858,0.053213619,-0.26015201,-0.48309624,-2.4811521,-0.80134767,-0.99643642,0.15793185,-1.0804067,0.2251703,-0.12627828,-0.3805427,0.074448071,2
0.60872984,0.36778286,0.35132533,0.59753609,0.55930555,0.60481787,0.56974387,0.56018913,0.54330099,0.58394659,0.55494642,0.58069974,0.54943722,0.53743732,0.59543812,0.57788754,0.56941831,0.60784149,0.58693355,0.55072272,0.57903165,0.57509661,0.57291532,0.56563365,0.59523904,0.5765146,0.55744028,0.56964737,0.59215796,0.57378352,0.55753946,0.59154582,0.5587244,0.54711175,0.56249404,0.56433034,0.56659245,0.57211989,0.55348265,0.55611372,-0.95789886,0.32443774,0.50801331,0.48903024,1.2555516,1.7557991,1.3843222,0.79265493,0.92249376,1.6829603,1.4042872,1.2661353,0.3673934,-0.22868229,-0.31722358,-0.37117344,0.72521526,0.40203318,0.39510614,0.29157537,-0.60366511,0.019237978,-0.51352024,0.30756712,-0.85480011,-0.19686165,-0.18078408,0.70195413,0.38819528,1.5318658,-0.21217293,0.25346169,-1.1569961,-0.21496034,0.009658645,1.1115913,-1.2094059,0.64625192,0.16076697,-1.0092503,-0.089448705,-1.0862045,-0.58667135,0.35715765,1.0846012,0.84792018,-0.026594017,-1.7119988,0.78735048,0.12873034,-1.118142,0.46118802,0.042759802,0.004877072,0.70481002,-0.065953657,0.48646891,-0.44504687,0.048916832,0.61326563,-0.78935158,-1.2348542,0.10262108,0.55902046,-0.31292701,0.2713728,0.11107791,-0.13126847,-0.10176913,-0.33959979,0.55259687,0.92016429,-0.26690134,-0.32617328,-0.57887572,0.33265746,0.41233465,-1.1776204,0.39270318,-1.0783901,-0.38516349,-1.9732478,-1.0482655,0.019072238,-0.48635301,0.29544908,-0.46552211,0.15977569,-0.12789005,-0.077969477,-0.88004535,-0.5267961,-0.057726979,-1.1283457,-0.14473976,-0.12627453,0.093952142,0.24488661,-0.46821144,-1.764913,0.58472109,0.50872797,0.92321151,-0.27991748,0.48491842,0.2957195,0.14784658,-0.32370362,-0.39901376,0.27219748,-0.5326792,-0.18200292,0.43291458,-0.25205719,-0.79653239,-0.042714614,-0.57076544,-0.67316371,0.29641473,-0.32257447,-0.02424348,-0.76092136,0.90221006,0.61895913,0.095323436,-0.018061455,-1.8264575,0.64516753,-0.060719308,-0.13368714,-0.039304044,-0.64079314,0.064439446,-0.09803389,-0.61745971,1.1330479,-0.64822227,0.14436276,0.55247414,-1.6251506,-0.23535985,0.46775395,-0.17144233,-0.42001408,-0.99024427,0.57628649,0.25291243,0.37168685,0.88238436,-0.78755307,-0.24542409,0.099872783,0.071414158,0.28353721,0.41708395,0.16157049,-0.19831672,-1.3947099,-1.7487233,-0.77565581,0.2767069,0.6495415,0.26839161,-0.47641402,-0.35083184,0.19661736,1.442494,-0.16470632,0.11003546,-0.28488874,-0.24503711,1.213331,0.13057575,0.30025166,1.6303909,-0.14801358,-2.2720213,-0.13304906,0.51392525,0.041065708,-0.097024433,-0.75524062,-0.007961929,-1.5248446,0.19030255,-1.3633232,0.32705647,0.090246171,-0.9225843,0.04400897,0.27165422,0.52679235,-0.21629964,-0.29110512,-2.8242071,0.28147835,-0.6293273,-0.10725787,-0.081791669,0.20527993,0.51931232,0.10300622,-0.28832379,0.54938048,-1.6059375,-0.83363867,-0.23423594,0.42417699,-0.48248574,0.15528283,0.18847817,0.52034658,0.12129793,0.60832471,0.44680184,0.94660294,-1.0118452,-0.32774627,0.64060044,-0.076393254,0.26150641,-0.099507667,-0.19558293,-1.1946168,-0.47726995,0.092322655,-0.46413648,0.56165713,1.1909308,0.43913555,-0.44556698,0.19794108,-0.48706156,0.65602076,0.5817005,-0.39671445,0.12028271,1.8622928,0.15256341,0.1966455,-1.1386056,-0.12260714,-2.0538168,1.0775207,-1.3737483,-0.37859243,-0.15546472,-1.4907588,-0.31466761,0.26776055,0.098380014,0.38765621,0.47178113,0.3107208,-1.8821956,0.96678001,0.11229588,1.2080009,0.026813168,-1.1695911,-0.16615584,-0.91566849,0.60972655,0.25555423,-0.95011836,0.29890326,-1.9500718,-1.7111695,-1.4396397,-0.4305459,0.49742633,0.48842824,0.3007521,-0.93057275,0.72973686,-1.3468163,-0.34245604,0.32977188,-1.1314359,-0.15513402,0.055121474,0.46288696,0.12964082,0.49356276,0.071198933,0.4556067,0.02978662,0.663535,0.055046253,-0.10571822,-0.76550972,0.42955577,1.1631892,-0.51327866,0.64868838,0.54189169,0.57174468,-0.77824551,0.6378836,0.4192633,-1.0348674,-0.523247,0.051952995,0.065612085,0.26295209,0.82516062,-0.342576,-0.65136611,-0.54817247,0.007581566,0.62736589,-0.26187813,0.041076396,-0.28769344,0.20058945,1.3972603,-1.1410825,0.173297,0.28782877,-0.64159316,-0.00318688,-0.21314535,-1.360527,-2.105443,-0.30384848,0.60805619,0.25584513,-0.32813025,0.77121329,0.35867494,0.52777576,0.29276136,-0.1904549,-0.50650656,0.28781083,0.057107177,-0.21408325,-0.54513365,0.19822299,0.14158143,1.3467768,-1.8571782,-0.005162118,1.6962618,1.9747429,0.43573838,-1.2447481,-0.26608658,-0.38648289,-0.096606359,0.01080013,0.39841726,0.95517546,0.74378991,0.70729536,0.14568718,0.27361873,0.83126515,0.7625984,1.12322,-0.98466122,0.33987278,0.3491455,0.20152803,-0.34531698,-0.21154435,-1.6371338,0.37249491,0.053378917,-0.33454496,-0.090686068,0.22848243,0.16346094,-0.74051732,0.17260185,-0.20027472,0.006358955,-0.19362459,0.6396051,1.1952002,0.2387034,0.051964451,0.68082279,-0.073942602,0.003002735,-1.1831225,0.31235382,-0.68051523,0.11609732,0.72890621,-0.95998782,-0.34213257,0.36676106,0.41738206,-0.67061102,-1.2505704,0.64205921,-0.63186741,0.28612205,-1.569827,0.40048105,-0.17046176,-0.68908173,-0.48867261,1.0837568,0.55961418,-1.9459856,-1.23184,-0.36753601,0.010373653,0.24631087,0.02584013,0.056432266,0.42455047,0.24753399,-0.16050537,0.24453205,0.4181681,0.38253564,-0.16250603,-0.10706668,0.22031011,-1.6196295,-0.021386495,0.45609379,-0.02359492,0.16048366,0.74804115,1.2832241,-0.42867306,-0.97877419,-0.47492179,-0.065938398,-1.9533701,0.48007417,0.35837996,0.4266997,-0.88601089,-1.4321064,0.27608067,-0.66048014,0.55979478,0.10296343,-0.046453685,0.48426953,0.14067234,0.32323107,0.5377382,0.01475022,-0.24254003,-0.36566901,-2.4247451,-0.78186911,-0.98472255,0.062981032,-0.96127123,0.2723479,-0.13033576,-0.28170431,0.020401746,2
0.50394803,0.27475804,0.24619842,0.45281672,0.46911997,0.52841979,0.49581522,0.47936615,0.47691151,0.46593004,0.46883446,0.48532546,0.46982044,0.45517117,0.48442459,0.4867442,0.47078347,0.52327973,0.48696971,0.45196396,0.46286681,0.48436987,0.47677523,0.45469713,0.48547122,0.46590713,0.47736984,0.49457598,0.4743444,0.47068542,0.48693982,0.48243403,0.45758134,0.44275692,0.47649267,0.45545113,0.44805366,0.45723087,0.41593388,0.46916023,-0.73663825,0.21681429,0.24488771,0.337459,1.1065773,1.5442564,1.1240475,0.56658822,0.67858022,1.4586451,1.2234756,1.0268147,0.3148436,-0.19369346,0.000683665,-0.35807997,0.50986999,0.26047543,0.31567445,0.22561373,-0.88060582,-0.006241708,-0.48343128,0.17367458,-0.63974881,0.022395659,-0.094315968,0.695849,0.084905133,1.4229528,-0.16021566,0.22812274,-0.93163705,-0.17241603,0.016702108,0.77232999,-0.76319301,0.502249,0.27281544,-0.88061881,-0.10485721,-1.1095115,-0.51486701,0.47424385,0.71086299,0.5947094,-0.017333897,-1.4171647,0.69194043,0.099526122,-0.9086895,0.56230789,0.043863192,0.045552306,0.61880493,-0.02175875,0.27864823,-0.45594206,0.093956858,0.49120405,-0.4272151,-1.052702,0.083663583,0.3569164,-0.29410878,0.21291076,0.022138389,-0.14323597,-0.018547006,-0.3306812,0.44804615,0.81765485,-0.15093325,-0.29066199,-0.35558864,0.013903812,0.61351794,-0.94268227,0.3593629,-0.93330669,-0.34049281,-1.7361596,-1.0186427,0.049287207,-0.56131142,0.22243315,-0.39157322,0.18435611,-0.084387325,-0.11608961,-0.57492965,-0.42325538,0.22174719,-0.96005559,-0.12835683,-0.15209785,0.1815498,0.2220716,-0.46581796,-1.5027885,0.51723975,0.41386342,0.83002788,-0.14391522,0.46268046,0.26590726,0.018126577,-0.13141142,-0.2487943,0.25596312,-0.39305645,-0.15227824,0.31203556,-0.25945604,-0.52464044,-0.041234162,-0.60155743,-0.70505959,0.21095598,-0.26799434,-0.016927291,-0.61921906,0.61544943,0.60295331,0.096265063,-0.041496068,-1.6107773,0.6168586,-0.068250477,-0.1335855,-0.08494769,-0.55206281,-0.075017691,-0.13777931,-0.44439963,0.89517587,-0.60285765,0.12540057,0.40383422,-1.4212918,-0.10216559,0.40703738,-0.077034339,-0.63179171,-0.86004531,0.53757364,0.29281807,0.41987544,0.83145094,-0.63221508,-0.28642347,0.076670505,0.096537046,0.12361781,0.16413428,0.092276238,0.095461056,-1.1561676,-1.5558842,-0.61737365,0.23973235,0.53431952,0.20162848,-0.46822113,-0.24494392,0.19669309,1.1326761,-0.23636174,0.072894126,-0.26276088,-0.30828947,0.95523083,0.10780454,0.2254357,2.202518,-0.16481459,-1.9806732,-0.099896193,0.65456814,-0.03535885,-0.024567459,-0.72415942,0.10498524,-1.3771118,0.16956,-1.0817953,0.21351007,0.089433469,-0.75556177,-0.025168207,0.2575554,0.36791509,-0.1262093,-0.22995666,-2.4225249,0.32463595,-0.32630077,0.026652288,-0.22665389,0.34885815,0.47355253,0.087147236,-0.091662705,0.50589126,-1.4550887,-0.57204413,-0.076377608,0.33470869,-0.36753991,0.001525953,0.22961102,0.53378898,-0.001322107,0.49612218,0.37627542,0.66223019,-0.8552047,-0.27615735,0.37307674,-0.11615905,0.15996093,-0.067397162,-0.18956952,-1.0382761,-0.50827581,0.09336137,-0.21287528,0.50422311,1.0091783,0.33404911,-0.40989593,0.15811858,-0.37644464,0.42189574,0.46277094,-0.23441122,0.094765112,1.0730925,0.059627939,0.093675315,-0.89356124,-0.19146328,-1.7387545,0.85867774,-1.499295,-0.126031,-0.10221016,-1.3871546,-0.11171613,0.035394043,0.38912061,0.67426282,0.27539667,0.47982562,-1.5555969,0.88362956,0.024799854,1.0715108,0.001201375,-1.0174167,-0.12599111,-0.71358639,0.50149095,0.283948,-0.71324283,0.27783686,-1.5230293,-1.5599197,-1.2952142,-0.32829639,0.48395002,1.1562393,0.21169826,-0.86666739,0.67858726,-1.1705258,-0.14954868,0.26597399,-0.96629715,-0.024330365,0.043434776,0.2895461,-0.066015616,0.36777538,0.01379747,0.48036695,0.045581736,0.5722596,-0.031726696,-0.23277181,-0.49131462,0.33759433,0.76467925,-0.58274931,0.62268609,0.46037379,0.38963872,-0.63824201,0.57978565,0.40828687,-0.98079944,-0.62685508,0.057231452,0.19494453,0.28588444,0.7900759,-0.29105848,-0.47178715,-0.44527876,0.031908974,0.56286955,-0.25023285,0.1900135,-0.33010691,0.17585674,1.0297483,-1.0884386,0.13267265,0.25848725,-0.55285591,0.047729272,-0.22712703,-1.3346348,-1.8079727,-0.15911654,0.51611114,0.041667487,-0.21448922,0.59516746,0.15082966,0.42355242,0.20301117,-0.18389906,-0.44608957,0.1992251,0.043264702,-0.12361187,-0.4546673,0.17424075,0.092360094,1.0586337,-1.6640674,0.25277025,1.2466192,1.2110766,0.40001458,-1.084453,-0.32551408,-0.70536137,-0.053832345,0.071646564,0.60366422,0.67946875,0.58605349,0.25605729,0.24772152,0.18680337,0.65094733,0.67012841,1.2055844,-0.83188426,0.24338385,0.35555172,0.17806642,-0.41559291,-0.16268626,-1.1995554,0.26663443,0.027795075,-0.35903347,-0.15354255,0.25443971,0.28856537,-0.67076266,0.29677242,-0.23304665,0.31431463,-0.16767742,0.47903347,0.87585592,0.21416719,0.071201302,0.52883834,-0.088918522,0.028172644,-0.93195677,0.27453536,-0.47720733,0.32130021,0.6729247,-0.66711807,-0.32588762,0.25162202,0.25429916,-0.73907876,-1.0147163,0.54053652,-0.4423098,-0.009921351,-1.4702941,0.23183309,-0.1161235,-0.58421624,-0.40664765,0.88243067,0.41735238,-1.6502311,-1.0575041,-0.31652579,0.06751471,0.34761459,-0.065996312,0.067683175,0.48395067,0.16804501,-0.17879441,-0.02709046,0.2291166,0.33283454,-0.12024572,-0.083648846,0.1689353,-1.2917763,-0.003502164,0.62737739,0.043147534,0.17619015,0.57397962,0.84233975,-0.41424307,-0.54883319,-0.19530238,-0.017398983,-1.775054,0.1986254,0.42038748,0.4163222,-0.66144586,-1.2068417,0.17539334,-0.64449281,0.33799112,0.067710429,-0.073513523,0.57888603,0.11049872,0.28571707,0.53386354,0.015208025,-0.087799773,-0.49850795,-1.9980156,-0.67886221,-0.79106241,0.036163975,-0.7290681,0.20446661,-0.16878091,-0.39730436,0.15617108,2
0.56184256,0.31772822,0.27476308,0.54378176,0.53797579,0.54486084,0.53773987,0.5305022,0.54677594,0.53564984,0.52710259,0.53436291,0.54183435,0.52625793,0.53984499,0.52751577,0.52937311,0.56840324,0.53896117,0.52835077,0.51933455,0.5308702,0.52423072,0.52617478,0.5248962,0.53106534,0.5329845,0.51789701,0.52655053,0.53504622,0.51629025,0.51877815,0.5052579,0.51836801,0.52343059,0.51331306,0.50996268,0.53987175,0.50784433,0.51685882,-0.85609239,0.26346591,0.53369033,0.52191526,1.4620531,1.7927253,1.4629123,0.85360658,0.99452412,1.7735815,1.5329268,1.3404653,0.34496498,-0.21267153,-0.16348341,-0.38854063,0.60664862,0.33561593,0.38970178,0.29052731,-0.70979911,-0.008131416,-0.45255178,0.32868373,-0.91274625,-0.081194684,-0.20477599,0.83390749,0.36754632,1.4832561,-0.2030822,0.20016682,-1.1955523,-0.26501811,-0.1171172,0.93882161,-1.1069274,0.56618971,0.30231714,-1.0235575,-0.014571905,-0.95640826,-0.59983301,0.51255274,0.81178302,0.64188325,0.056104422,-1.7224842,0.64862502,0.176165,-1.0517871,0.43709272,0.11709733,0.15724385,0.61475134,-0.097497761,0.46694827,-0.4508605,0.047439609,0.54569817,-0.70080274,-1.2658221,0.074925557,0.6437676,-0.38135874,0.32723454,0.091296889,-0.15250951,-0.14788346,-0.33598667,0.42488554,0.91396022,-0.24985987,-0.4418996,-0.61420023,0.47984943,0.75594079,-1.1919591,0.43733764,-1.1928475,-0.3840358,-1.8130157,-1.1649599,-0.019011024,-0.38722134,0.23627207,-0.53021258,0.28442636,0.048584737,-0.12808357,-0.9284811,-0.47194546,-0.051450361,-1.2665775,-0.29265624,-0.16998687,0.11667236,0.21515836,-0.52110291,-1.7477504,0.42040774,0.47604907,0.84550053,-0.23025346,0.50345743,0.28629351,0.088943005,-0.28490224,-0.41680807,0.37923449,-0.65471369,-0.28297246,0.33431453,-0.35643035,-0.73087609,0.001922619,-0.6847468,-0.63658386,0.26580614,-0.4760702,-0.01388221,-0.64193809,0.74671394,0.57376665,0.15317309,-0.21392162,-1.9686482,0.72909641,0.042713199,-0.20742677,-0.084640875,-0.58960205,0.033724457,-0.20458861,-0.73869956,1.1140506,-0.84471369,0.13390261,0.52055025,-2.0069366,-0.21865016,0.52461696,-0.2106643,-0.45185226,-1.02052,0.55220211,0.30667025,0.41686174,1.0056574,-0.74651438,-0.28225008,0.078356147,0.096990854,0.19373216,0.27121845,0.14981608,-0.08808136,-1.3814745,-1.8129109,-0.76414353,0.28653574,0.67265368,0.31591427,-0.48773742,-0.36010712,0.23368262,1.4288645,0.28184733,0.053350843,-0.39620417,-0.30551386,1.1716583,0.18712099,0.26707658,1.7490711,-0.037684854,-2.5411749,-0.043391932,0.51287949,0.062979981,-0.068297967,-0.89627326,0.056138907,-1.6750753,0.30574146,-1.2027732,0.5947209,-0.001265422,-0.88691932,0.019759886,0.14021721,0.68847591,-0.25517258,-0.23418237,-2.868808,0.49199772,-0.51582944,-0.061084155,-0.014254749,0.22586647,0.71906382,0.14630024,-0.17860577,0.65258139,-1.6005621,-0.88602901,-0.28837067,0.42214561,-0.49435222,0.047552474,0.20173422,0.45450926,0.052334785,0.61257458,0.5418126,0.8074823,-1.1541033,-0.29520172,0.46883148,-0.083008587,0.24966367,-0.055285089,-0.24762008,-1.2927053,-0.4697876,0.13253537,-0.29478818,0.30987412,1.1139854,0.4313153,-0.47312465,0.19222099,-0.38597214,0.53707099,0.58343494,-0.43396121,0.16244012,1.7123456,0.13544026,0.1779958,-1.1129096,-0.2150263,-2.140501,1.1951919,-1.3334193,-0.2449297,-0.21351083,-1.44636,-0.12573433,0.21964616,0.1955111,0.46057191,0.59155643,0.40255398,-2.027199,1.0724306,0.075942375,1.1462749,-0.14311551,-1.0957326,-0.097888298,-0.9642489,0.72503346,0.35590482,-0.99550956,0.43755996,-2.0428848,-1.9666505,-1.4682432,-0.42294031,0.58308625,0.7468403,0.23920013,-1.0862067,0.65890235,-1.3192055,-0.082774132,0.32714549,-1.2110564,-0.054867253,0.027375704,0.55484486,-0.093174055,0.40394598,-0.082564794,0.56048286,0.044199139,0.83846855,0.015081003,-0.18389019,-0.836555,0.39943835,1.0679559,-0.76314962,0.73296225,0.50383073,0.65536475,-0.65816826,0.6383329,0.35276839,-1.0692022,-0.556831,0.10861213,0.20309605,0.21160331,0.80242193,-0.35870129,-0.59502214,-0.45738664,-0.033331286,0.51406211,-0.23873612,0.10276397,-0.32893619,0.1871082,1.142212,-1.2362834,0.13354425,0.24482512,-0.69152403,0.006803934,-0.31923285,-1.5237254,-2.2673566,-0.088645346,0.6094535,0.2274683,-0.30328646,0.89879054,0.44819596,0.50269943,0.27391326,-0.28123617,-0.58750659,0.20559479,0.025625255,-0.31628555,-0.53479344,0.27417156,0.17859477,1.4754466,-1.751241,-0.089536659,1.7498258,1.6849414,0.37558302,-1.4309738,-0.26825958,-0.51744145,-0.14498381,0.048579745,0.56790155,0.92743045,0.94959009,0.39704794,0.25034156,0.25258589,0.69109249,0.67489165,1.0711248,-1.0208609,0.30218196,0.33277795,0.026397377,-0.38657022,-0.18548536,-1.6517802,0.34869525,0.036213398,-0.45392036,-0.15483987,0.17756873,0.13484848,-0.66076952,0.48234218,-0.33606192,0.15475538,-0.27374402,0.42624635,1.1421353,0.2379455,0.097690225,0.69209939,-0.16379583,-0.26310664,-1.0512105,0.33984795,-0.70724082,0.29360023,0.7827822,-0.91055864,-0.46885112,0.53687531,0.46103007,-0.67886013,-1.2263643,0.65394151,-0.53207856,0.12369075,-1.7784394,0.37827671,-0.19686007,-0.65431476,-0.63822114,1.0367873,0.47389722,-2.0524266,-1.4168992,-0.37053913,0.037256595,0.29642937,0.098985657,0.021795999,0.42217979,0.22140707,-0.19405638,0.26093903,0.32489353,0.50736743,-0.023873836,-0.13489814,0.13739118,-1.530612,0.002445931,0.42160466,0.00862249,0.16127692,0.73179758,1.4849875,-0.4360067,-0.96648693,-0.48853359,-0.1637719,-2.0676432,0.33486837,0.28978878,0.40960899,-0.79698664,-1.3983099,0.2459774,-0.59988779,0.8150509,0.073568545,-0.062121887,0.71537083,0.15441242,0.36302152,0.4329991,0.008451114,-0.17277899,-0.42944977,-2.3685541,-0.82685757,-1.0294747,0.035334595,-1.0621964,0.43498737,-0.11646685,-0.21142429,0.069837235,2
0.47705042,0.21702273,0.18860278,0.47549555,0.48096919,0.49264362,0.48873937,0.48268291,0.47839308,0.48572469,0.48586676,0.47359896,0.48092821,0.45015824,0.4777779,0.49342415,0.47279286,0.4886685,0.47760135,0.48739812,0.45992577,0.49362224,0.46833193,0.45248348,0.4612841,0.46004573,0.46790805,0.46371156,0.47451967,0.46614286,0.4599629,0.48119035,0.46140224,0.46341366,0.46401525,0.45191604,0.44284239,0.45229954,0.44359237,0.44751087,-0.90396672,0.17398453,0.52530229,0.59616911,1.5196311,1.6851119,1.4879984,0.89031303,1.0069435,1.8104212,1.5897727,1.3820453,0.24402036,-0.19459748,-0.57889295,-0.40605372,0.64848214,0.34456545,0.36549282,0.27039522,-0.86402917,-0.002781685,-0.84601051,0.26160216,-0.88684136,-0.061484221,-0.15515766,0.62686425,0.43498302,1.2851571,-0.1809957,0.14133845,-1.2375556,-0.27634275,-0.092379957,0.76922852,-1.2874964,0.49214002,0.14845452,-1.0010202,-0.14371082,-1.362893,-0.57491076,0.29923782,0.79473543,0.81215274,0.060475558,-1.8485054,0.53325421,0.13898621,-1.1430616,0.62409264,0.037592217,0.11060991,0.56730044,0.18768737,0.3419165,-0.29729894,0.070735432,0.57006019,-0.72332203,-1.1141491,0.068027183,0.60637534,-0.3579303,0.28900346,0.10457411,-0.029285453,-0.1666024,-0.32390565,0.37795335,0.98671675,-0.22505417,-0.32995254,-0.31733724,0.19079149,0.26798436,-1.0205698,0.35988432,-1.0706482,-0.40470958,-1.8607728,-0.83835083,-0.078787759,-0.5770123,0.16827121,-0.36877534,0.14655529,-0.086497121,-0.002388641,-0.78417718,-0.50687951,-0.18307552,-1.0804058,-0.17904606,-0.011419073,0.090373009,0.36588228,-0.39651462,-1.5299017,0.29078066,0.46130398,0.87399322,-0.203639,0.58748949,0.36532751,0.10905491,-0.3236706,-0.48498344,0.2048575,-0.73040664,-0.36426416,0.32754749,-0.16912729,-0.67588097,0.087428167,-0.45863375,-0.50887585,0.33210775,-0.3163808,-0.061738923,-0.8877371,0.69096076,0.55732876,0.007878803,0.07096231,-1.671742,0.41167206,-0.11777888,-0.25143316,-0.033743773,-0.49243706,0.10007091,-0.088339537,-0.61157131,1.0139575,-0.52173287,0.12165522,0.22266956,-1.950614,-0.13037638,0.31832996,-0.084622085,-0.42375213,-0.94734001,0.38479418,0.11240999,0.36473843,0.78838062,-0.85651308,-0.1598617,0.037800968,-0.030875256,0.14372019,0.16845322,0.1869165,-0.29146427,-1.2561276,-1.6577705,-0.86215544,0.31791547,0.64012301,0.27862841,-0.35827947,-0.36321396,0.13185607,1.6047077,0.12582067,0.13392119,-0.21354201,-0.21347263,0.9192751,0.15847845,0.24899936,1.001184,-0.016710129,-2.4935455,-0.11493697,0.62055421,0.063678563,-0.027666222,-0.63934672,-0.008723795,-1.4189368,0.11167479,-1.0980337,0.51642138,0.2297419,-0.91695589,0.050319884,0.07592833,0.68390489,-0.18105753,-0.17481051,-2.4402843,0.20641433,-0.68616688,-0.036045417,-0.063871481,0.003252491,0.65187997,0.1233135,-0.29211369,0.30743456,-1.2889466,-0.8678726,-0.20053051,0.39178479,-0.41797194,0.11110396,0.24069351,0.4983871,-0.012937053,0.53296065,0.44246492,0.77525014,-0.96870917,-0.36764991,0.29905105,-0.07883893,0.22182666,-0.047885079,-0.2094201,-1.3941348,-0.50119674,0.12981686,-0.53585815,0.36179388,0.89238673,0.46606457,-0.49455801,0.17372705,-0.38997668,0.43095019,0.30941164,-0.4990207,0.11327392,1.7634594,0.14663301,0.21210065,-0.93049204,-0.13468856,-1.9729862,1.1155095,-1.1952606,-0.30593145,-0.004885748,-1.5126877,-0.44090706,0.30443573,0.098870657,0.57330757,0.54027069,0.28057742,-1.8528606,0.95979369,0.093727916,1.0594685,0.053528022,-1.2550266,-0.15330932,-0.97912717,0.58296931,0.13714407,-0.92566621,0.27394673,-1.6245937,-1.6113808,-1.3984203,-0.33846131,0.48753187,0.42567247,0.19662875,-0.85107064,0.66171366,-1.1673062,-0.010253191,0.25534204,-1.1324408,-0.035329401,0.068685703,0.5395934,0.008475026,0.42811906,-0.04224373,0.54235619,0.042337876,0.78482825,-0.008579856,-0.033149973,-0.81170118,0.31855047,1.1170348,-0.65562159,0.4812786,0.49722797,0.5998739,-0.54119742,0.22888508,0.079849601,-0.79610646,-0.64195788,0.074441925,0.001366258,0.1622217,0.71121234,-0.26714495,-0.57408023,-0.57145441,0.020872936,0.50789195,-0.18921688,0.10260966,-0.33404928,0.18915221,1.0268192,-0.91420096,0.11457831,0.25222379,-0.57915711,-0.009193514,-0.23593614,-1.2515142,-2.0218012,0.004254982,0.63126945,0.076860562,-0.24245019,0.81937063,0.22877501,0.36840159,0.24123695,-0.21201284,-0.59410614,0.24294165,0.06662479,-0.12313017,-0.52793527,0.18992016,0.14587723,1.2794113,-1.6042498,-0.040089879,1.437467,1.7886472,0.32938814,-1.436885,-0.20471065,-0.23985465,-0.21635351,-0.04796277,0.48726684,0.81338108,0.39890873,0.60900819,0.1768766,0.34506792,0.5898062,0.7923196,0.85952538,-0.98719865,0.3722567,0.30710807,0.17262632,-0.36135307,-0.17392708,-1.6564803,0.29370475,0.037995063,-0.3767336,-0.11389133,0.21450421,0.15586767,-0.77007562,0.31006151,-0.30270213,0.089699708,-0.048084319,0.46604025,0.90062064,0.28300875,0.029037496,0.58189452,-0.085270584,-0.21892691,-0.92154855,0.29905656,-0.8422088,-0.046839632,0.58872843,-0.91276443,-0.58668017,0.48365644,0.40470201,-0.56289428,-1.3043537,0.53003609,-0.73810917,0.060662046,-1.8223528,0.39226836,-0.27541733,-0.83904147,-0.49702239,1.0616088,0.61653018,-1.7745708,-1.104751,-0.44878972,0.01287639,0.25119236,-0.08413887,0.15397416,0.28162736,0.22909795,-0.1331833,0.24758337,0.34466243,0.51851463,-0.029258199,-0.1832568,0.21756558,-1.5401115,-0.022891851,0.44619349,-0.011261104,0.19780923,0.74094033,1.1226357,-0.33506733,-0.77257323,-0.41788951,-0.23596349,-1.9312419,0.44437149,0.39095381,0.42363179,-0.77276498,-1.2241408,0.31080797,-0.66953987,0.33859348,-0.003448209,-0.02735829,0.75551772,0.085213229,0.31152573,0.47887489,0.020041101,-0.16911386,-0.31617686,-2.2822089,-0.70243174,-0.71556741,0.008152274,-0.82849151,0.12651685,-0.15893531,-0.1855865,0.085527845,2
0.5319103,0.28133419,0.24985683,0.50899899,0.51053202,0.50993091,0.50918067,0.49878222,0.51752311,0.5058583,0.4987928,0.5163945,0.51226252,0.49862218,0.51517707,0.49727291,0.51103795,0.53489554,0.52266675,0.51363683,0.49618345,0.50467288,0.4984892,0.50635767,0.51275563,0.5016827,0.50159812,0.48772418,0.51063603,0.50807691,0.5044843,0.51278168,0.494241,0.5093804,0.50513965,0.50267458,0.49261636,0.51541018,0.48289323,0.49971843,-0.95333004,0.2457279,0.52901071,0.5077104,1.3842278,1.7312887,1.4393951,0.82665288,0.95976412,1.7259816,1.4535027,1.3122913,0.4462277,-0.19307509,-0.22856864,-0.33506599,0.67471081,0.34955034,0.42555371,0.32772934,-0.90029478,0.014658768,-0.61282241,0.44016573,-0.70635873,-0.19364667,-0.18248057,0.63076442,0.15394819,1.5745729,-0.21850607,0.23730513,-1.2435995,-0.19039385,-0.08448039,0.9951269,-1.0423422,0.54932165,0.30858624,-0.9508397,-0.16828686,-1.3652582,-0.63767946,0.37878019,0.92013693,0.71455735,-0.098477334,-1.7615029,0.68017751,0.12704201,-1.0747104,0.46936798,-0.003791452,0.18482316,0.64845139,-0.049958065,0.2617662,-0.54894453,0.076920308,0.60124242,-0.51652938,-1.179911,0.087742135,0.47962803,-0.28746846,0.22306846,-0.052125812,-0.22211498,-0.089726493,-0.3336657,0.51131493,0.75457215,-0.18748599,-0.35622472,-0.56191635,0.12393843,0.83642077,-1.0826997,0.45684594,-0.97906774,-0.38858059,-1.8896443,-1.0943378,0.04769817,-0.59811205,0.25278911,-0.447409,0.12445087,-0.094221331,-0.26207691,-0.70795023,-0.41166389,0.24904306,-1.117373,-0.13106394,-0.16642302,0.18972534,0.21951438,-0.53168708,-1.6767752,0.80113131,0.47228047,0.82486773,-0.1556139,0.55099267,0.29723838,0.009810142,-0.014569283,-0.27889755,0.25697565,-0.32708591,-0.12013173,0.44507265,-0.30531609,-0.80614847,-0.057058197,-0.67207098,-0.56808257,0.31395271,-0.3096031,0.055292703,-0.74929249,0.7061457,0.76551324,0.16905001,-0.052901924,-1.8844544,0.74563891,-0.025345149,-0.14256045,-0.11290692,-0.5463776,-0.029571835,-0.15247692,-0.6852023,1.0555726,-0.866292,0.12432714,0.44529247,-1.9624145,-0.082823105,0.28540391,-0.010393701,-0.57591879,-0.95868766,0.55889714,0.27724975,0.31890982,0.73931628,-0.67235845,-0.25815523,0.031698909,0.028987255,0.23875378,0.4288494,0.27621627,-0.056563884,-1.3481536,-1.715222,-0.74110913,0.27416489,0.7062186,0.23828188,-0.38060349,-0.28625095,0.065813333,1.268736,0.138065,0.084269196,-0.3611657,-0.30114621,1.1295834,0.15918162,0.24401554,1.4522047,-0.21794097,-2.4468389,-0.027147625,0.51975465,-0.10371235,-0.069430254,-0.81788808,0.1013267,-1.6256521,0.26136208,-1.2123563,0.49758005,-0.033491842,-0.87662804,0.054934353,0.17168608,0.54623622,-0.27165636,-0.017600358,-2.731286,0.39367709,-0.56174189,0.004614536,-0.079258099,0.29934376,0.58463889,0.14874196,-0.21569104,0.52849984,-1.5924592,-0.78647417,-0.23788977,0.41980153,-0.39425397,0.12390462,0.33172423,0.52353829,0.004319843,0.54529381,0.5619247,0.80197835,-0.97822708,-0.30040261,0.7697835,-0.033447951,0.28841048,0.000923248,-0.33040494,-1.2259637,-0.4904314,0.12727579,-0.36324537,0.48430529,1.2155467,0.44293541,-0.42713922,0.22111773,-0.36154419,0.68609327,0.57217282,-0.45972982,0.088201798,1.5842698,0.11415749,0.18668129,-1.0592709,-0.17508131,-2.0621214,1.0691631,-1.5297533,-0.21822655,-0.19852063,-1.4028457,-0.026682414,0.13315739,-0.074664846,0.99404323,0.55442709,0.58516401,-1.9958347,0.82037234,0.010745516,1.2055451,-0.075239792,-1.1826632,-0.14640437,-0.95825821,0.65383184,0.30349523,-0.90988344,0.51696694,-1.8675377,-1.9137238,-1.5450342,-0.43001664,0.41236264,0.23223487,0.25883573,-0.89334869,0.72573632,-1.4065286,-0.17163904,0.34656847,-1.2086661,0.016751148,0.087312706,0.57498848,-0.17409775,0.4176209,0.003232925,0.50927514,0.042600416,0.71701384,0.038671799,-0.20145255,-0.68079531,0.42227304,1.0066822,-0.78389573,0.60812259,0.53348982,0.61657214,-0.70260894,0.7196036,0.49781168,-1.0517418,-0.75310683,0.072481602,0.14602216,0.25776461,0.94812357,-0.38022414,-0.49505857,-0.48431525,-0.04276941,0.62375593,-0.26495364,0.08618205,-0.39572644,0.19544084,1.1939501,-1.0694759,0.10919908,0.27567759,-0.64551365,-0.19208921,0.11638832,-1.5696379,-1.9986583,-0.19732465,0.66850698,0.062714964,-0.29293758,0.82843536,0.22199941,0.54020905,0.31756857,0.21742938,-0.50643051,0.22315969,0.013264038,-0.095419124,-0.10673675,0.17743026,0.23063496,1.3458799,-1.6641198,-0.110054,1.6123286,1.4813714,0.59720504,-1.3496875,-0.32792774,-0.4053126,-0.25303257,0.090026677,0.37240592,0.87185115,0.84039551,0.35435086,0.25676072,0.19000912,0.77890527,0.72799176,0.92081952,-0.84304637,0.26537696,0.38876176,0.18395917,-0.45710808,-0.1868256,-1.8437471,0.34339151,0.032840397,-0.35241464,-0.17514369,0.55922437,0.20968586,-0.73790354,0.30437812,-0.27184963,0.10395622,-0.1482161,0.68934202,1.099939,0.2498562,0.081359111,0.66228718,-0.085713163,-0.099769697,-1.1756879,0.30251557,-0.65125966,0.20992641,0.76191622,-0.77036631,-0.44098911,0.50547129,0.50364137,-0.58320606,-1.1074396,0.67595184,-0.56853539,-0.10718333,-1.5857295,0.30227733,-0.067168914,-0.68771446,-0.49467114,1.0792197,0.51655042,-1.9528484,-1.2041817,-0.38754132,-0.017749,0.33760554,-0.06550017,0.071083143,0.56829566,0.24072276,-0.18142366,0.28746644,0.27486953,0.43236056,-0.10277052,-0.20414981,0.17815252,-1.6314106,-0.008916833,0.42362598,0.043011073,0.15098837,0.61942905,0.94033217,-0.34298739,-0.81308472,-0.48004717,-0.11131106,-2.0349572,0.23561448,0.40725696,0.48355693,-0.74126273,-1.3013301,0.18032172,-0.66318381,-0.006544665,0.1027704,-0.040710378,0.54599118,0.20029949,0.37026179,0.50086153,0.021869313,-0.20266338,-0.42149144,-2.3372405,-0.68731421,-0.93014467,0.25732875,-0.94044387,0.25451177,-0.20538297,-0.38439637,0.074320883,2
0.49108744,0.24057218,0.20911272,0.47691393,0.47775209,0.49573368,0.46505669,0.4504146,0.48804241,0.47796309,0.48523259,0.47526303,0.47219148,0.46594101,0.46950239,0.45777863,0.47118241,0.5048148,0.49092212,0.47424704,0.47694144,0.46840027,0.47689185,0.47138286,0.47698998,0.46576327,0.47241426,0.47246212,0.47520727,0.47557315,0.46944803,0.46926552,0.46107697,0.46853948,0.47901899,0.45936054,0.45884347,0.4780122,0.46362585,0.46391216,-0.83461756,0.19004202,0.4068628,0.45384607,1.3384975,1.7253201,1.328038,0.73150015,0.84714973,1.642687,1.3862202,1.2140417,0.29054281,-0.1728453,-0.25966042,-0.38650456,0.48045272,0.28398004,0.32615057,0.2579864,-0.74176776,-0.000400372,-0.61775005,0.28783143,-0.78098321,0.02278867,-0.24547458,0.68188697,0.21253294,1.4177462,-0.17130506,0.18430163,-1.1346895,-0.20735861,-0.12485904,0.65601009,-1.0212218,0.50499088,0.28122023,-0.87189245,-0.13349903,-1.2653197,-0.50991094,0.35592353,0.66305327,0.64975637,0.046670523,-1.6660761,0.61020136,0.12251024,-1.0287006,0.52017081,0.099070936,0.027055986,0.5596,-0.11289974,0.32587057,-0.42772269,0.057439551,0.50957888,-0.48002547,-1.1255659,0.048434488,0.54497683,-0.20211029,0.30571333,-0.098175451,-0.12526369,-0.20322685,-0.26245973,0.39700696,0.87996078,-0.16538031,-0.34482178,-0.54049301,0.30794656,0.42595929,-1.0376405,0.43707019,-0.78027463,-0.35988092,-1.7571813,-0.96534139,-0.018431045,-0.59521687,0.26270938,-0.34205359,0.1753111,-0.10589213,-0.18574966,-0.6762476,-0.43970335,-0.04270348,-1.0972223,-0.25804514,-0.10947312,0.25457036,0.11410078,-0.48297527,-1.5398324,0.42388463,0.43564755,0.83409202,-0.12055435,0.43212536,0.29404232,0.088172704,-0.33917648,-0.36415967,0.32208523,-0.34524769,-0.18446867,0.30817732,-0.30890781,-0.74064428,-0.016558705,-0.55645424,-0.60623419,0.31514889,-0.45431271,0.00251491,-0.6404779,0.66316527,0.57014418,0.066969007,-0.16007863,-1.7497025,0.68282378,-0.099941775,-0.13838534,-0.0814761,-0.49347326,0.017204478,-0.16293411,-0.59851849,0.93938524,-0.71315622,0.13222821,0.38127306,-1.6728959,-0.12379181,0.27425045,-0.14454082,-0.48246571,-0.93430603,0.54313684,-0.010557339,0.28977484,0.66546535,-0.73602802,-0.19069485,0.041246615,0.012557982,0.089035936,0.32327679,0.15162665,-0.12537417,-1.2183268,-1.6308606,-0.73150265,0.24224356,0.64759296,0.19163977,-0.38885307,-0.29851708,0.11545653,1.662201,-0.04976311,0.09851516,-0.39232001,-0.19354928,1.0535662,0.091348648,0.23640636,1.0793654,-0.024467424,-2.3105378,-0.10710265,0.35531038,0.087837525,-0.0965847,-0.79119438,0.07705529,-1.4790627,0.27639312,-1.3183193,0.72037047,0.03510119,-0.83184266,0.019935329,0.11944836,0.64552754,-0.23580323,-0.15091766,-2.4833026,0.36564532,-0.77255565,-0.012482315,-0.18579033,0.10550074,0.70727068,0.1224747,-0.24514303,0.62255317,-1.3580265,-0.81035161,-0.24857026,0.35249883,-0.41222295,0.13548639,0.28527832,0.46349013,0.048084836,0.59866148,0.59366614,0.83341229,-0.90165031,-0.27870727,0.43919641,-0.065384082,0.24848653,-0.092357755,-0.25574878,-1.1916325,-0.45705932,0.075127639,-0.36650601,0.35655791,1.0508316,0.41094208,-0.42857733,0.18416227,-0.37044752,0.44171274,0.42116055,-0.41918716,0.12675935,1.6133051,0.092732593,0.10606734,-0.91403699,-0.69023681,-1.8993673,1.246616,-1.4143143,-0.28313592,-0.1245869,-1.4555007,-0.10678437,0.23997691,0.009618029,0.42836601,0.41070551,0.40182436,-1.7810607,1.0137098,0.031913105,1.1869059,-0.056239314,-1.1535226,-0.074000672,-0.74790221,0.58626211,0.24998012,-0.82528752,0.28141311,-1.734381,-1.7447958,-1.427696,-0.30785197,0.38656402,0.20972177,0.20598614,-0.90683049,0.69006014,-1.1595681,-0.082262918,0.27606755,-1.1107305,0.085194908,0.076857448,0.53469372,0.064988166,0.34373468,-0.027552735,0.44697019,0.026758129,0.99178445,-0.061001562,-0.13260156,-0.82052344,0.35845745,0.96846968,-0.62392294,0.60828376,0.4539915,0.68720078,-0.60115373,0.63006479,0.30327851,-1.0197086,-0.53745663,0.062360559,0.16113922,0.29798275,0.74258763,-0.32190168,-0.50013185,-0.44783956,-0.035502806,0.42571387,-0.23315978,-0.11508461,-0.29416659,0.16347805,1.1240734,-0.92964369,0.10999202,0.22632089,-0.54792339,-0.052552313,-0.31014565,-1.3870908,-1.9195065,-0.023575887,0.58757514,0.18422851,-0.1928091,0.81122875,0.11436612,0.43022147,0.22754209,-0.22684646,-0.62042212,0.1895473,0.061947014,-0.28496945,-0.52295274,0.1982633,0.16466908,1.1153297,-1.6276512,-0.12314339,1.5283438,1.5332737,0.50495088,-1.3953694,-0.33810413,-0.53998238,-0.16416757,0.057465993,0.50572848,0.89895236,0.54317331,0.46422151,0.19205998,0.29439226,0.70180482,0.77617085,0.89689344,-0.91588777,0.2106629,0.28765121,0.036445729,-0.35396904,-0.22512594,-1.7728821,0.3041431,0.030614313,-0.29701179,-0.14311662,0.2124052,0.14897342,-0.82917511,0.28064829,-0.22181632,-0.18380259,-0.17654425,0.59413832,0.97024375,0.262234,0.092075594,0.67554331,-0.14423558,-0.014662625,-1.0190881,0.31815633,-0.62747604,0.082407951,0.76332891,-0.81422073,-0.40095121,0.52574253,0.42986247,-0.68711084,-1.2120912,0.64503324,-0.64315009,-0.049771264,-1.5867035,0.34578264,-0.053084165,-0.43560618,-0.4274027,0.85471588,0.47288764,-1.9481879,-1.1756852,-0.32993805,0.003517237,0.29392433,-0.004279668,0.047809288,0.47666305,0.18944171,-0.10752769,0.12372568,0.40470332,0.51021039,-0.093887262,0.078144923,0.19353044,-1.5068401,0.00639713,0.58169347,-0.040846542,0.15937401,0.6339075,0.80297166,-0.38318536,-0.81657153,-0.43100485,-0.10172714,-1.9162444,0.31159818,0.26662105,0.42613602,-0.74954784,-1.3711327,0.31485504,-0.57724941,0.007910952,0.017548265,-0.071566463,0.86193311,0.159527,0.35009703,0.50995117,0.007717221,-0.2763983,-0.38377589,-2.1994293,-0.69372576,-0.98651731,-0.038865462,-0.93776542,0.18970892,-0.18637916,-0.20524713,-0.002667736,2
0.4884069,0.23709938,0.19829121,0.47019637,0.4694331,0.48510939,0.46385986,0.45523116,0.47843105,0.46414477,0.46862674,0.45939475,0.46641997,0.46199387,0.46990031,0.44472739,0.47275895,0.4920854,0.46585062,0.46211913,0.46088669,0.46238276,0.46401584,0.46517614,0.47493207,0.45736918,0.4526583,0.45427305,0.46766135,0.46053022,0.46178472,0.46258008,0.46060044,0.46828669,0.46919131,0.44288725,0.45836133,0.48212165,0.45442778,0.44319183,-1.0682193,0.17557201,0.65575969,0.62337357,1.5511839,1.707436,1.5815309,0.98825306,1.1132193,1.8790014,1.5892508,1.4679973,0.43432915,-0.21952744,-0.22564912,-0.35607255,0.90833688,0.47295445,0.45640916,0.41229546,-0.95671988,-0.042449005,-0.6347186,0.48111331,-0.66396755,-0.04393417,-0.19024973,0.59596056,0.079703718,1.5235711,-0.22743267,0.28572404,-1.2956502,-0.19105482,-0.2417348,1.1877823,-1.1167494,0.63156712,0.24013264,-0.94189751,-0.12228578,-1.2925775,-0.67930651,0.53371525,1.2158619,0.6750561,-0.039592072,-1.8640276,0.79515016,0.063148096,-1.1449058,0.46798897,0.000656053,0.16781312,0.62896097,0.040427878,0.35298708,-0.47817427,0.10008927,0.7761488,-0.63604051,-1.1327989,0.014951874,0.52143168,-0.30447692,0.25635132,0.088161319,-0.3052687,0.064853892,-0.30136988,0.54192799,0.82082272,-0.20971304,-0.37922484,-0.5886994,0.11861172,0.62642729,-1.1440058,0.37605056,-1.1268886,-0.42146546,-1.9713306,-1.0348151,0.004647441,-0.52950996,0.28010139,-0.39069235,0.087102816,-0.099436209,-0.1329772,-0.80767715,-0.59425718,0.61484098,-1.1959172,-0.14795214,-0.065414019,0.06290926,0.15824381,-0.45489714,-1.734071,0.72603559,0.50775003,0.85210276,-0.239067,0.5221135,0.27763179,0.075976923,-0.029478148,-0.19720398,0.46499524,-0.54927617,-0.005254164,0.52066636,-0.37398481,-0.87305182,-0.094871707,-0.61758053,-0.6352672,0.31196082,-0.28773382,0.020791501,-0.84055805,0.73688704,0.75191063,0.20460169,0.2306639,-1.7289253,0.6455996,0.00667949,-0.21870923,-0.10249834,-0.67421716,-0.032387815,-0.14466785,-0.7132569,1.1275399,-0.80694854,0.13190405,0.51498121,-1.9041684,-0.10999648,0.31295761,-0.14021395,-0.45183432,-1.0172217,0.47819084,0.17618941,0.38725579,0.96895111,-0.83455688,-0.40137702,0.045665618,-0.021930277,0.29278421,0.43018848,0.17010733,-0.055691626,-1.3686446,-1.8828048,-0.80352527,0.30259997,0.55811,0.2845639,-0.4808805,-0.41998768,0.11966043,1.2288598,-0.10608935,0.049556389,-0.35884705,-0.26407996,1.1104517,0.21755728,0.29772389,1.2974534,-0.18973632,-2.5640967,-0.044619206,0.74164462,0.007321484,0.043892138,-0.86889446,0.10508414,-1.6517336,0.22332494,-1.1737496,0.37535083,0.056449473,-0.88558102,0.11552893,0.20510595,0.6012491,-0.19563618,-0.01542972,-2.8140216,0.36096019,-0.46938381,0.029617056,-0.026624963,0.35525382,0.46628815,0.099034071,-0.15506467,0.41858229,-1.6215191,-0.79400861,-0.36358023,0.46732274,-0.52960408,0.078127205,0.23580058,0.61494637,-0.1030149,0.50176978,0.45651728,0.84090739,-0.90398085,-0.37938684,0.93370104,-0.013018351,0.22057232,-0.12910134,-0.27535433,-1.284421,-0.54637116,0.11720859,-0.41913018,0.34801841,1.3552525,0.51334465,-0.4649587,0.27433318,-0.42028806,0.44625461,0.75520229,-0.4450478,0.1063444,1.4808966,0.20406854,0.21701059,-1.0198647,-0.19143365,-2.0558395,0.9726097,-1.5008202,-0.30888516,-0.14942056,-1.3504232,-0.32625628,0.18658872,0.30521747,0.74798262,0.50527406,0.37766337,-2.0640767,0.89355248,0.13551146,1.2661415,-0.019503407,-1.24009,-0.23418196,-1.0253915,0.53726172,0.16027203,-0.92677766,0.47612116,-2.0129945,-1.8484597,-1.5239122,-0.47900593,0.4902634,1.0514534,0.3252306,-0.98046565,0.87620211,-1.3214928,-0.18535352,0.36765021,-1.2172924,-0.042878546,0.12391631,0.56761193,0.073118463,0.54406351,-0.086308122,0.50069481,0.028194612,0.42640132,0.25100201,-0.11467915,-0.67719626,0.45247343,1.085934,-0.69487196,0.66790032,0.48601943,0.44897908,-0.81037033,0.89948452,0.20805863,-1.1014774,-0.76437604,0.083080024,0.099638492,0.13549367,1.0633823,-0.37450814,-0.55007797,-0.52373213,-0.088114552,0.50650352,-0.27554566,0.16939758,-0.47984627,0.22083387,1.5141521,-1.0872097,0.15819788,0.31763548,-0.69068581,0.000399545,-0.005882502,-1.5276163,-2.1305513,-0.36334705,0.65592575,0.041792028,-0.3251895,0.94773614,0.28201273,0.52585608,0.29652396,-0.18160461,-0.49853063,0.3249892,0.023795933,-0.11054451,-0.37700889,0.19585782,0.20614238,1.3434849,-1.805938,-0.14420484,1.5720085,1.6766502,0.54836923,-1.3066785,-0.34037912,-0.2251779,-0.23449752,0.096301384,0.3205145,0.83350497,0.65382481,0.3482655,0.26055846,0.23064366,0.99132359,0.73739922,1.2786682,-1.0131395,0.47293752,0.40881038,0.24648505,-0.4766072,-0.13065459,-1.6471431,0.43588674,-0.001464944,-0.34219325,-0.15003699,0.75543225,0.24919884,-0.68357092,0.26260424,-0.096164122,0.47092414,-0.10974571,0.84682631,1.41722,0.26547647,-0.045367368,0.67678773,0.18771179,0.087065481,-1.1853354,0.31782931,-0.78099674,0.076649949,0.65342987,-0.74903804,-0.51987201,0.46207461,0.43097383,-0.61173171,-1.2756294,0.76482475,-0.52808595,0.092816062,-1.5735899,0.29910719,-0.17706269,-0.82798719,-0.49880052,1.2238259,0.5845781,-1.9629903,-1.2320014,-0.4660224,-0.074521035,0.26240957,-0.070412561,0.046978366,0.57540518,0.2982873,-0.22756079,0.30346262,0.35877135,0.32074112,-0.01120472,-0.32902873,0.26761639,-1.6331654,-0.054231051,0.49936557,0.10408146,0.12036679,0.65460956,1.5214975,-0.35360867,-0.87432426,-0.36157534,0.074714527,-2.1256163,0.33852017,0.41657346,0.47526553,-0.80644637,-1.2576207,0.32051224,-0.63321579,0.44243351,0.048051793,-0.065086365,0.43544453,0.236021,0.41812649,0.49202454,0.034764692,-0.087726697,-0.40699142,-2.3890858,-0.69467807,-0.9556573,0.056332909,-0.91478419,0.31098726,-0.10714625,-0.38799727,0.17299142,2
0.52962869,0.27388531,0.25417149,0.50442368,0.48668823,0.51259851,0.49862331,0.49066103,0.50614274,0.50836402,0.49495801,0.50441658,0.49545228,0.48857683,0.50148195,0.49219286,0.49342871,0.51990747,0.49895364,0.49524748,0.482728,0.49090907,0.49269351,0.4918735,0.49991423,0.48917332,0.50032741,0.47777218,0.49340016,0.50141788,0.48535347,0.4967491,0.48474756,0.49041829,0.4998413,0.48448884,0.48627335,0.50434977,0.47782224,0.48871994,-0.96804523,0.23036925,0.55533677,0.55930448,1.4135447,1.7439287,1.4809204,0.86243916,1.0050107,1.7434877,1.4935825,1.3401388,0.49439776,-0.20327441,-0.20329244,-0.34689629,0.87889218,0.44342139,0.42823905,0.38742709,-0.95832849,-0.030144596,-0.64984077,0.49347341,-0.81262624,-0.083791777,-0.22201502,0.63305545,0.099541262,1.6357925,-0.16462576,0.27448356,-1.2348197,-0.1322796,-0.12073438,1.1775987,-1.0780512,0.73414493,0.30701786,-0.89801711,-0.12390684,-1.4058882,-0.57939994,0.51039875,1.1665155,0.63973165,-0.027390812,-1.7645457,0.62098521,0.14378235,-1.087881,0.43198687,0.031652927,0.1495114,0.47259673,-0.067401886,0.41463998,-0.39021787,0.080855809,0.75409162,-0.53937143,-1.0755566,0.043232653,0.50553477,-0.34354442,0.13351974,-0.023175048,-0.23202246,0.00868763,-0.29950899,0.56620276,0.84939009,-0.12718992,-0.27015442,-0.53017896,0.051920786,0.58313501,-1.0927646,0.40731984,-1.1710634,-0.40516913,-1.9455441,-1.0850466,-0.044543497,-0.59841186,0.34629133,-0.50359613,0.10755447,-0.021110155,-0.223905,-0.83384854,-0.60382152,-0.051288605,-1.1326839,-0.003489196,-0.056684513,0.10830377,0.1054405,-0.37921321,-1.7291636,0.18041779,0.46823695,0.78503591,-0.19522306,0.56178772,0.32958704,0.010381356,-0.43040442,-0.36588177,0.35573053,-0.40012479,-0.23195092,0.5530057,-0.294817,-0.80996984,0.03466744,-0.65121895,-0.48149896,0.31394401,-0.19297284,0.073629342,-0.74449474,0.75950259,0.59821063,0.21633169,0.012536053,-1.7014135,0.7123028,0.034138847,-0.23668534,-0.090105407,-0.53795391,-0.053022128,-0.1886546,-0.8236953,1.0443085,-0.53022259,0.1707468,0.43611908,-1.755209,-0.000720903,0.40008831,-0.13346604,-0.58262974,-0.98578894,0.54786134,0.15236863,0.33185905,1.0083369,-0.7284205,-0.3432824,0.09264113,0.001936299,0.15064931,0.41547492,0.14935657,-0.093812361,-1.3677168,-1.7409029,-0.81026179,0.26065823,0.7128756,0.21891557,-0.43730515,-0.36373386,0.10912548,1.2195653,-0.04922799,0.087252155,-0.26153171,-0.32805157,1.039681,0.19434038,0.30441055,1.2119887,-0.16554174,-2.3399816,-0.14541695,0.69312739,0.023647062,-0.11366871,-0.95878953,0.099278763,-1.5514276,0.29765958,-1.1860938,0.3103902,0.006910399,-0.88836706,0.075885981,0.23338993,0.49269331,-0.11971374,-0.3507506,-2.8258491,0.31818211,-0.68650472,0.086326525,-0.12068712,0.21509045,0.55114388,0.076845735,-0.28266096,0.71457464,-1.6498694,-0.84130871,-0.37567967,0.42861676,-0.46772009,0.093521103,0.1879788,0.51631331,-0.010637061,0.56534714,0.51423132,0.90775865,-0.83110303,-0.33825213,0.5741263,0.0215967,0.23415343,0.026487367,-0.37795618,-1.2023484,-0.52261508,0.18295297,-0.3431854,0.38777769,1.2239623,0.45498276,-0.59254777,0.25747934,-0.35554105,0.46198973,0.58596665,-0.41963845,0.13215163,1.4648017,0.12077678,0.14873734,-1.0640014,-0.12137507,-2.0556085,1.1115925,-1.4269761,-0.24490477,-0.15995347,-1.5515943,-0.02397006,0.11628775,0.19631961,0.70169938,0.47026688,0.41225863,-1.9940892,0.87439442,0.05466859,1.1224468,-0.099583693,-1.2163393,-0.20038289,-0.90835387,0.54682177,0.092195988,-0.90992552,0.36950207,-1.9511154,-1.775846,-1.5315045,-0.44592446,0.39857829,0.6950714,0.26879492,-1.0785788,0.86769259,-1.2957455,-0.12626162,0.28428787,-1.1898458,-0.03007984,0.13936104,0.43342543,0.020138929,0.5008319,-0.063396491,0.40648347,0.04923714,0.59306455,0.080260426,-0.10971089,-0.69761312,0.50820827,1.0996029,-0.69321036,0.59875864,0.44671631,0.49488825,-0.71431208,0.55016482,0.43312269,-1.0799761,-0.61162847,0.09534575,0.13188381,0.14374368,0.93961596,-0.44006604,-0.5251137,-0.53269356,-0.071120232,0.5759871,-0.24664234,0.12226948,-0.408445,0.29204321,1.1072123,-1.1054704,0.14021918,0.32376602,-0.6341216,-0.060068782,-0.2665402,-1.4554931,-2.0075378,-0.32358378,0.62960368,0.056476936,-0.29984659,0.79256475,0.26276582,0.56372517,0.34857965,-0.17913871,-0.49651089,0.29489431,0.040690038,-0.25475302,-0.67522252,0.20169276,0.24180469,1.317432,-1.7154044,-0.086567156,1.6675715,1.5372248,0.45302889,-1.3306752,-0.36542505,-0.58567423,-0.25126731,0.077787332,0.4125061,0.80373675,0.67234713,0.35982817,0.14158736,0.22835496,0.76168239,0.74121821,1.1782802,-0.98182309,0.39889476,0.33879012,0.28959423,-0.41300449,-0.095217369,-1.7350613,0.40642953,0.00446916,-0.32920009,-0.21668017,0.37490755,0.17448403,-0.78312302,0.32074267,-0.27118072,0.31756231,-0.2659286,0.42656153,1.104895,0.25388101,0.054980889,0.65441507,-0.090750143,-0.080016963,-1.1080765,0.31095093,-0.71954155,0.12396142,0.82702374,-0.87328833,-0.47054982,0.43645644,0.43058202,-0.65534973,-1.1116589,0.63354456,-0.503663,-0.017350376,-1.4975817,0.28632754,-0.14672902,-0.57928467,-0.45579514,0.97416115,0.55750823,-1.9816108,-1.2492707,-0.45416802,-0.003875779,0.30395061,-0.032508746,0.027735954,0.52940732,0.31163299,-0.23025671,0.35668746,0.29189208,0.36601168,-0.051997099,-0.20876469,0.2589483,-1.5312592,0.33084467,0.39202183,0.074219033,0.15437627,0.67017359,1.1500212,-0.44679648,-0.86801428,-0.40558288,0.052291453,-2.0903029,0.30868819,0.53884149,0.44366181,-0.74661881,-1.3477348,0.24396828,-0.60679412,0.26952302,0.046197478,-0.078175768,0.26942983,0.26662233,0.38949043,0.45777202,0.019881088,-0.1783022,-0.41096067,-2.3798962,-0.73514336,-0.98446703,0.058603909,-0.90242219,0.2147117,-0.18328904,-0.35980761,0.13947037,2
0.56981367,0.30536622,0.26233572,0.54014552,0.54301363,0.54691976,0.5492481,0.55354333,0.55758834,0.53996867,0.54235429,0.55192733,0.56552601,0.54449403,0.55588114,0.53525949,0.5519973,0.57294428,0.56189346,0.56845713,0.54694247,0.54223132,0.54296756,0.55064154,0.5628171,0.52839518,0.53928208,0.50397295,0.5460372,0.55405605,0.52771032,0.54348457,0.54636383,0.54094899,0.54593468,0.53695512,0.54998982,0.5711444,0.53458035,0.52790958,-0.99276114,0.23972051,0.55387521,0.55376744,1.4365027,1.7664483,1.4724536,0.86545098,1.0031354,1.7684411,1.492476,1.3434178,0.44914258,-0.21476901,-0.31738013,-0.3592374,0.77995765,0.41970956,0.38839465,0.36123294,-0.94026697,0.034119371,-0.63111466,0.48727989,-0.93042272,-0.16073434,-0.19059706,0.55784708,0.21591645,1.3355608,-0.16438997,0.26574844,-1.1769845,-0.16756415,-0.08777301,1.1520929,-1.1935183,0.66299659,0.22643155,-0.92972034,-0.1421757,-1.310791,-0.57634103,0.35280046,1.0682681,0.66385275,-0.073125608,-1.7548205,0.55889231,0.12729971,-1.0731531,0.48129162,-0.015015088,0.10902975,0.62429565,-0.064250469,0.41419256,-0.373927,0.036231257,0.66431737,-0.72254688,-1.0531268,0.048401278,0.41738373,-0.32113841,0.21093619,0.00611656,-0.24921817,0.00239937,-0.30900601,0.76522464,0.86313802,-0.194354,-0.46056807,-0.43028724,-0.084400743,0.36038604,-1.0508778,0.34007147,-0.8542999,-0.38511822,-1.8603349,-0.86144704,0.031437792,-0.54756308,0.48302588,-0.41998443,0.068905979,-0.036595657,-0.17880177,-0.69803274,-0.65607798,0.059819091,-1.101056,-0.099450812,0.027309358,0.085350133,0.21693929,-0.38150138,-1.5111428,0.67920572,0.46824455,0.73861289,-0.18619463,0.56438881,0.28703323,0.051602151,-0.31475124,-0.32746494,0.35914695,-0.48625579,-0.22404677,0.51085687,-0.21128392,-0.82210159,-0.019432027,-0.47079366,-0.38210821,0.23820299,-0.19719046,0.074434854,-0.88136959,0.78535235,0.6731621,0.17115515,-0.03744825,-1.6271166,0.33215123,-0.13548078,-0.20745778,-0.075126119,-0.57656789,0.057938129,-0.12825863,-0.71133113,0.98212695,-0.60606045,0.11377279,0.42224777,-1.9667387,-0.058795709,0.24707204,-0.082735404,-0.46021822,-0.77283901,0.53574646,0.032633379,0.46850485,0.91327411,-0.74487644,-0.25496408,0.058334347,0.072303422,0.19537102,0.39339271,0.20763336,-0.13365105,-1.2846301,-1.6848013,-0.83486384,0.26325595,0.58704752,0.24263577,-0.41674757,-0.35437003,0.103462,1.3255862,0.041425765,0.069383323,-0.26762682,-0.27061322,0.91182655,0.19444294,0.28835735,0.62610781,-0.13358146,-2.2510526,-0.13601884,0.54281694,0.0183616,-0.080383979,-0.66047972,0.057782784,-1.3809655,0.25478947,-1.3358878,0.24485347,0.10519273,-0.94115299,0.05888585,0.10386159,0.31622982,-0.14647575,-0.067559078,-2.5472138,0.17872156,-0.67954803,0.049406622,-0.005649522,0.16337562,0.54605865,0.086759001,-0.31204641,0.51438248,-1.3325267,-0.71690893,-0.11342017,0.41797349,-0.49144733,0.12356085,0.19554447,0.58385366,0.10150559,0.55073875,0.56548095,0.85401291,-0.82001907,-0.31619027,0.45436192,-0.029037395,0.24914137,0.06355226,-0.26998183,-1.2210454,-0.44464806,0.15527375,-0.41582018,0.4200097,1.0949056,0.44437191,-0.46250004,0.28449503,-0.37858316,0.6537478,0.42363229,-0.37032256,0.09144064,1.6281211,0.13379212,0.14294845,-0.89339948,-0.24451032,-1.841428,1.0642172,-1.2337754,-0.24044648,-0.099333689,-1.5067673,-0.23726581,0.070109129,0.10499172,0.67822629,0.43355614,0.28233305,-1.8763113,0.84875202,0.045625519,1.0443825,0.001497199,-1.1969991,-0.11414115,-0.95391965,0.56318814,0.34825161,-0.92296755,0.33468679,-1.7144293,-1.8005869,-1.5075234,-0.40038094,0.38882211,0.23042649,0.29809949,-0.80452752,0.78148061,-1.294207,-0.25125003,0.28000337,-1.1612206,-0.076350607,0.063402735,0.42566356,-0.13011804,0.46837842,0.031581968,0.46301341,0.007802764,0.36469838,0.1754881,-0.14159982,-0.62149727,0.44221109,1.1405399,-0.56011975,0.56494677,0.51165837,0.57807511,-0.75756109,0.56386018,0.20926605,-0.90946633,-0.55785489,0.082174629,0.03948272,0.25363523,0.87764621,-0.34308454,-0.58063203,-0.52865058,-0.061986014,0.54389745,-0.2777518,0.14221713,-0.36143517,0.19050668,1.1409334,-0.89013523,0.15397198,0.2662065,-0.62349457,-0.080931768,-0.15055162,-1.2717048,-1.838841,-0.36966717,0.65006155,0.070367701,-0.27513987,0.70201546,0.11719763,0.55727518,0.32104814,-0.26622385,-0.37221646,0.30126688,0.008453511,-0.12118153,-0.50658077,0.21904756,0.24760854,1.2752565,-1.6847508,-0.074254625,1.4216566,1.7980148,0.4239544,-1.2533791,-0.26497224,-0.17321835,-0.23812018,0.003014067,0.22612984,0.74776465,0.52214563,0.48771176,0.22414532,0.21482643,0.73397338,0.74317259,1.0199394,-0.87672669,0.41071892,0.27933088,0.2604624,-0.39270478,-0.084844962,-1.7624322,0.42474794,0.002804335,-0.36576495,-0.1862054,0.32058102,0.14760976,-0.78499311,0.26211104,-0.22384807,-0.10010444,-0.088178985,0.40403715,1.1179682,0.2612679,0.070990212,0.63899481,-0.2301406,0.18295436,-1.1427722,0.30790552,-0.78178442,0.053999953,0.73706937,-0.84731412,-0.23263067,0.47365436,0.47548935,-0.45519865,-1.2065581,0.63313758,-0.61979026,0.1451624,-1.4683919,0.32049692,-0.16269656,-0.65908641,-0.56716537,1.1301425,0.53062576,-1.7693957,-1.1504993,-0.41895929,-0.015465238,0.21823503,-0.1160959,0.08939229,0.49534911,0.31370515,-0.24015173,0.36864781,0.32824698,0.31674108,-0.05326435,-0.49270397,0.16369706,-1.5416548,0.34383929,0.34214973,0.046498761,0.17775401,0.61629468,0.98919475,-0.34484476,-0.8379997,-0.41511792,-0.064708903,-1.919062,0.3498621,0.44273293,0.45797643,-0.68852264,-1.1398231,0.21340811,-0.61944938,0.0989599,0.050650924,-0.038885243,0.19232571,0.20831928,0.4091948,0.3794657,0.079910718,-0.16886026,-0.25934806,-2.246599,-0.72259343,-0.63489342,0.082784683,-0.74146259,0.22555819,-0.17336825,-0.29463631,0.071316801,2
0.46252382,0.17128494,0.15049231,0.46126416,0.44653031,0.46422166,0.4662174,0.45348108,0.46594006,0.46098691,0.46059233,0.46120757,0.46766776,0.455293,0.47610259,0.45533913,0.46509957,0.49335629,0.46960041,0.4537558,0.43776363,0.45809954,0.44928163,0.47148311,0.44321802,0.43950468,0.45628017,0.44766393,0.46192926,0.46881646,0.4559902,0.4525131,0.44986999,0.44932395,0.44923946,0.4433828,0.44472873,0.4633199,0.44758776,0.45138663,-0.88095248,0.1302036,0.37121296,0.43886089,1.3420687,1.6252991,1.3235525,0.72752094,0.83745784,1.6440895,1.4273067,1.2085485,0.3121182,-0.19732243,-0.27898353,-0.33545288,0.57755256,0.34759092,0.32995248,0.26546547,-0.73043919,0.038354803,-0.62768471,0.27730086,-0.86522901,-0.11721236,-0.1594726,0.6587829,0.22652918,1.3029729,-0.1853804,0.21193968,-1.1760393,-0.28974378,-0.12807322,0.71933931,-1.0988914,0.61814851,0.16666827,-0.94804895,-0.11674997,-1.1645706,-0.58176595,0.50300533,0.81605899,0.56156033,-0.007842339,-1.6674685,0.55147749,0.1183354,-1.0037646,0.49182281,0.058168329,0.076558791,0.65258586,-0.10594312,0.26306441,-0.29833031,0.093440935,0.55361164,-0.62984735,-1.159089,0.05524572,0.52992588,-0.31360081,0.053012669,0.078276001,-0.13683657,-0.20403725,-0.30958408,0.53752005,0.74939305,-0.17435142,-0.30309665,-0.47160909,0.27559173,0.58577287,-1.0836307,0.34911963,-0.99136502,-0.40371588,-1.7196224,-0.83123291,0.021338221,-0.46892577,0.18511763,-0.45202076,0.11369978,-0.097562566,-0.088473849,-0.63360888,-0.40659854,-0.002273977,-1.0616597,-0.26442528,-0.06645824,0.12120112,0.099738255,-0.44584674,-1.5267452,0.15109661,0.42104048,0.73226368,-0.16290507,0.50191289,0.26685941,0.14320444,-0.27072373,-0.35651207,0.49855483,-0.33459631,-0.19558479,0.33852869,-0.2478548,-0.6913259,0.076211676,-0.5605067,-0.45707482,0.23186447,-0.49329889,-0.002533673,-0.61433131,0.6166485,0.52555972,0.22119798,-0.011821734,-1.6344708,0.48511595,-0.037337098,-0.19683456,-0.028820027,-0.47179255,-0.01091572,-0.097418584,-0.6229459,0.91105229,-0.6057353,0.13441299,0.49022594,-1.5349897,-0.10276096,0.42287338,-0.17158107,-0.40540192,-0.86245281,0.5947457,0.099023156,0.24645667,0.88825917,-0.77108949,-0.32072252,0.039550226,0.24471459,0.1198706,0.35276186,0.066515319,-0.060209073,-1.186329,-1.5704094,-0.77505589,0.27808207,0.46851668,0.28814387,-0.4482969,-0.31950462,0.19292036,1.2903414,-0.033283174,0.014091292,-0.21640465,-0.21588691,1.0622879,0.1584032,0.22503689,1.2192937,-0.040323123,-2.2118731,-0.1324126,0.58885765,0.036072429,-0.13538051,-0.64724165,-0.083363861,-1.3548865,0.16569473,-1.0737654,0.43003732,0.088251047,-0.77647471,-0.023009807,0.31922597,0.52741766,-0.20251861,-0.24940477,-2.3880332,0.26679447,-0.47463211,-0.010555938,-0.003520668,0.15643612,0.54627442,0.075708903,-0.21790257,0.27007109,-1.3632889,-0.84331948,-0.28246254,0.28814158,-0.37958947,0.05693366,0.19306299,0.32012463,0.03911636,0.525307,0.45694762,0.77219999,-0.84843922,-0.29390401,0.44577903,-0.06139686,0.17748395,-0.059698571,-0.2298719,-1.1939301,-0.527363,0.1102757,-0.44847474,0.29544464,0.98295498,0.37804812,-0.48260838,0.14532213,-0.33977836,0.43950096,0.52245039,-0.34388819,0.062127497,1.5972213,0.14451692,0.14599977,-0.83624995,-0.17151821,-1.7936746,0.99152809,-1.2697234,-0.21682829,-0.20226139,-1.2191398,-0.35499805,0.19495888,0.3146435,0.5847289,0.3359029,0.16169283,-1.7926177,0.81993115,0.072275274,0.88029885,-0.051626761,-1.1102438,-0.14318798,-0.87678146,0.56452692,0.1406554,-0.88238776,0.43934774,-1.7079189,-1.8255408,-1.2141967,-0.37917677,0.36722076,0.70259523,0.22097169,-0.8592537,0.69475579,-1.1279684,-0.15526107,0.2806378,-0.88422096,-0.10252537,0.053240534,0.43559402,0.23904359,0.50963539,-0.016145708,0.50262392,0.064064354,0.62293249,0.053787127,-0.10894224,-0.86503935,0.36711323,0.98820901,-0.61050487,0.48527893,0.47873083,0.56437737,-0.59972626,0.63136196,0.15246788,-0.91685188,-0.51433617,0.10471192,0.1339404,0.16110012,0.7619971,-0.26496959,-0.5088734,-0.45216832,0.006722827,0.46313396,-0.22922617,0.10128298,-0.34497842,0.13062187,1.1240883,-1.0441384,0.17707103,0.26090842,-0.56639141,-0.078890532,-0.18247744,-1.198434,-1.8076849,-0.17252843,0.50744516,0.14922994,-0.22687161,0.79243428,0.34443611,0.48349386,0.22643644,-0.16113134,-0.26867923,0.18297601,0.038905643,-0.20397896,-0.53913498,0.17692195,0.18833864,1.143489,-1.6122253,-0.1330521,1.3329422,1.4026693,0.58837211,-1.1709741,-0.22376433,-0.37454706,-0.10883006,0.010292867,0.4113515,0.7626999,0.62562865,0.36541194,0.22136469,0.22701159,0.72930878,0.67174906,1.2202692,-0.83866042,0.28552529,0.35043007,0.031106912,-0.35576844,-0.16236712,-1.5703204,0.3117612,0.039975803,-0.30188453,-0.099127345,0.20063154,0.11232366,-0.69471145,0.28992745,-0.23373221,0.31103167,-0.092163712,0.46910596,1.1735468,0.29706413,0.032028079,0.64106381,-0.15574598,-0.16495769,-0.97230172,0.20659943,-0.6774869,0.18179101,0.6424439,-0.93063933,-0.33768299,0.47293204,0.38336468,-0.45561853,-1.1064405,0.50076121,-0.53130966,0.12290353,-1.6053989,0.33109328,-0.18409605,-0.68205738,-0.43567598,0.85454118,0.58840191,-1.7190588,-1.1546562,-0.46359599,0.050829962,0.26299679,-0.016698409,-0.01607901,0.38557139,0.22099771,-0.14794642,0.25869754,0.33382371,0.33623168,-0.018222272,-0.23815233,0.17242028,-1.4378765,0.008171035,0.365922,0.028381635,0.20954654,0.63641083,1.1352024,-0.35878557,-0.72332722,-0.37559044,0.042236641,-1.7623457,0.39420441,0.2422726,0.41528907,-0.659199,-1.1570389,0.25728187,-0.52086514,0.29249901,0.062998176,-0.050930478,0.47058216,0.16126803,0.32095343,0.34026936,0.03992166,-0.20705193,-0.38235784,-2.1011231,-0.69434589,-0.86328536,-0.036064029,-0.77282166,0.069100522,0.13565183,-0.23512658,0.056793444,2
0.58647859,0.31737417,0.28862756,0.545699,0.54120988,0.55230784,0.54584455,0.52618647,0.5438633,0.55051136,0.53907287,0.53958589,0.53459275,0.53702438,0.54799974,0.52971327,0.53281629,0.57107055,0.5521813,0.52466267,0.52194148,0.5586592,0.5358696,0.52875769,0.54104042,0.53415787,0.5579294,0.53114873,0.53643084,0.55076158,0.54133606,0.52594292,0.52238977,0.5345239,0.54340559,0.51538932,0.51758969,0.53476012,0.51795495,0.52865332,-0.90180361,0.2736446,0.61069411,0.58675849,1.4461812,1.8268096,1.5381992,0.89853179,1.0475148,1.808521,1.5674909,1.3941665,0.50932199,-0.19995852,-0.13306853,-0.36024979,0.87290549,0.48505798,0.46659067,0.42027324,-0.84333318,0.00307172,-0.48259887,0.54687113,-0.67996573,-0.14798376,-0.19705029,0.699929,0.16019987,1.5446711,-0.23327994,0.30794787,-1.1778412,-0.15299864,-0.10101388,1.197584,-1.0524575,0.80274183,0.20813406,-0.99455655,-0.017023869,-1.02078,-0.55728686,0.59920698,1.1992344,0.85869372,0.007990943,-1.6936858,0.77868563,0.19341269,-1.1240797,0.41155338,0.047301181,0.070158318,0.63428801,-0.086554766,0.37328386,-0.49096507,0.12650754,0.72194755,-0.8055107,-1.0616682,0.054872993,0.61229789,-0.42489916,0.20909747,0.16470587,-0.17844547,0.046068624,-0.2502766,0.46163157,0.78993148,-0.16082497,-0.59291238,-0.59509683,0.21154161,0.5815025,-1.1953222,0.43108663,-1.1237752,-0.38862684,-1.8478673,-1.2937708,-0.15192747,-0.49357688,0.28599465,-0.40695876,0.000827536,-0.047153402,-0.16884214,-0.77245057,-0.46025801,0.26120341,-1.1509706,-0.23565769,-0.19679156,0.038416468,-0.028177798,-0.52562171,-2.0029106,0.66041058,0.50766778,0.92052674,-0.23335257,0.58714616,0.3073124,0.055850375,-0.29792842,-0.21916461,0.30175251,-0.79509634,-0.04480999,0.55477458,-0.35664624,-0.71930504,-0.051223174,-0.73765504,-0.72079164,0.32720989,-0.37564695,0.13204412,-0.71240473,0.71374643,0.73823947,0.072303914,0.030602381,-1.8140326,0.62842274,-0.059864722,-0.2238037,-0.1817164,-0.62823939,-0.043346144,-0.27710438,-0.69357121,1.0738604,-0.86992037,0.21572071,0.61021197,-2.1483917,-0.074931368,0.30683914,-0.1437802,-0.53913963,-1.174863,0.26897404,0.26509473,0.37139305,0.83611429,-0.83499509,-0.2871711,0.089007288,0.022410169,0.1457853,0.31411874,0.086197257,-0.29730576,-1.3678806,-1.7180614,-0.82655573,0.34335604,0.72217715,0.26084346,-0.40108502,-0.45210576,0.036117073,1.2034643,-0.057963975,-0.007057812,-0.39204991,-0.3264192,1.1850531,0.23821682,0.37869462,1.2581306,-0.21655589,-2.33618,-0.082939893,0.5644694,0.087981097,-0.20142694,-1.1239157,0.082975499,-1.7710031,0.26154608,-1.4436128,0.21585687,0.015753638,-0.89105439,0.16584271,0.17856014,0.5866273,-0.17463566,-0.20679963,-2.9824343,0.48102939,-0.3059901,0.067176118,0.034095369,0.33944944,0.50627244,0.12973818,-0.15595803,0.66656351,-1.8052363,-0.97648036,-0.41647887,0.62019986,-0.4241963,0.12567033,0.10588961,0.48828891,-0.14596115,0.4884212,0.29815936,0.85611224,-0.99916136,-0.27381477,0.71234357,-0.000207063,0.23005117,-0.13339287,-0.22202112,-1.208674,-0.40864897,0.19278553,-0.38223788,0.39144745,1.2717705,0.43243659,-0.52734852,0.27459201,-0.29798591,0.80944908,0.59366453,-0.35659528,0.12944594,1.6511748,0.15024628,0.24586283,-1.1190894,-0.11735186,-2.1081653,1.1449316,-1.5864248,-0.52919137,-0.16310287,-1.5017369,-0.20560682,0.11925157,0.0622904,0.47813234,0.60442519,0.30182469,-1.9609425,0.87178814,0.061237913,1.2884024,-0.037235755,-1.1265287,-0.12345396,-0.95923018,0.64960074,0.1240086,-0.97849202,0.55778778,-2.1828892,-1.8797183,-1.4951773,-0.37966669,0.40836143,0.60224128,0.32623693,-1.2792172,0.90024436,-1.4695321,-0.31226549,0.35864758,-1.3152164,-0.17001891,0.099908993,0.53255928,0.080283001,0.45331967,-0.13443826,0.29849148,0.087256476,0.46919465,0.081947736,-0.15748116,-1.0886173,0.56722009,1.3455125,-0.75674438,0.73806047,0.554115,0.3932249,-0.81375861,0.8233186,0.34694347,-1.1170201,-0.54502153,0.16843896,0.040429555,0.041234463,0.9657647,-0.41156295,-0.60085624,-0.5287897,-0.004968297,0.71107882,-0.20516483,0.024070099,-0.44403607,0.26958433,1.3070501,-1.3493248,0.19603813,0.37110293,-0.74490094,-0.068541393,-0.40200767,-1.5882442,-2.2243955,-0.39542979,0.71431994,0.1109577,-0.37299344,0.69302589,0.15081976,0.62022972,0.35537633,-0.25074792,-0.77951509,0.3403179,0.080533549,-0.24419218,-0.5171122,0.24042836,0.34438005,1.4639623,-1.6632648,-0.10846138,1.6216998,1.7370691,0.54812127,-1.3042302,-0.3979091,-0.76407731,-0.27150649,0.19770972,0.30999213,0.91103953,0.84457481,0.40819636,0.23148645,0.28304678,0.86879063,0.65680909,1.2043366,-1.046912,0.3802591,0.30595419,0.21291015,-0.35103559,-0.21099877,-1.528872,0.42980981,0.10586905,-0.3437711,-0.14145093,0.27172416,0.23423548,-0.6755724,0.25911355,-0.27705559,0.25582689,-0.48969346,0.77666408,1.2247617,0.27365029,-0.013925487,0.65088129,-0.1703552,-0.1161424,-1.0647207,0.32663554,-0.70947003,0.05853349,0.77889615,-0.91753691,-0.51815164,0.39087829,0.42637616,-0.7834512,-1.2494619,0.751993,-0.63960999,-0.023532946,-1.6168559,0.22784334,-0.1855482,-0.58324182,-0.56819814,1.118644,0.50525558,-2.1903782,-1.2350426,-0.48490778,0.044692848,0.34405982,-0.043752261,0.076829173,0.40847331,0.34164137,-0.28396195,0.32083941,0.38043663,0.35276914,-0.026247121,-0.21521319,0.29518619,-1.5065904,0.058957353,0.50462055,0.12947379,0.17803839,0.64735007,1.2799548,-0.48390651,-0.85688454,-0.55833125,0.097190484,-1.9356757,0.45129496,0.29854807,0.47578344,-0.86135668,-1.6337743,0.25256148,-0.4162634,0.32187408,-0.012669552,-0.065912589,0.41776365,0.18552583,0.39446527,0.45156959,-0.022833688,-0.30982417,-0.37625974,-2.3440738,-0.65875822,-1.3470894,0.19467062,-1.1136987,0.30152458,-0.073261783,-0.40267235,0.1665459,2
0.45624182,0.17909056,0.17606889,0.44720712,0.44885892,0.45554894,0.44490939,0.4316107,0.45882365,0.45331973,0.45310652,0.44883412,0.44934708,0.43892553,0.45367777,0.43549174,0.44763604,0.46920666,0.46134001,0.44745588,0.44085047,0.44626006,0.4280307,0.44243848,0.44790128,0.40089172,0.43526042,0.41675442,0.44544113,0.46000364,0.43066663,0.4389925,0.43358368,0.43429285,0.43742037,0.42035711,0.42898607,0.44188496,0.41497099,0.40317985,-0.81977725,0.16141632,0.28305709,0.36023444,1.2441655,1.6566262,1.279609,0.62603766,0.74568713,1.5443683,1.3749074,1.1144069,0.29928455,-0.14841348,-0.33509853,-0.29695883,0.57019699,0.35082924,0.34460163,0.30278149,-0.61318123,0.011449127,-0.50458461,0.31151712,-0.7594865,-0.043191619,-0.15632682,0.5704813,0.40831354,1.3051314,-0.14783943,0.23057286,-1.1542947,-0.2191737,-0.060664453,0.7756381,-1.0338868,0.57203352,0.15560061,-0.91639292,-0.039081432,-1.0521952,-0.54192388,0.36591107,0.77534974,0.63778824,0.007932954,-1.5735153,0.59336311,0.12149604,-0.95444989,0.45267364,0.093720071,-0.001660824,0.56738055,-0.088704109,0.42358571,-0.28747278,0.039150544,0.55241424,-0.79852557,-1.0676512,0.066579461,0.53519523,-0.32228494,0.26052216,0.11474679,-0.1093896,-0.12083296,-0.28813893,0.3245554,1.0278786,-0.20897545,-0.27773178,-0.34137139,0.42839885,0.31948367,-0.96677077,0.3092047,-1.0892615,-0.2764518,-1.648908,-0.82706827,-0.015736626,-0.43950167,0.30634969,-0.44271544,0.13263744,-0.072118938,-0.08323954,-0.84096324,-0.49508345,-0.033861198,-1.0585053,-0.18171155,-0.000131533,0.065168254,0.19036673,-0.41904697,-1.5256832,0.3945775,0.38873363,0.76321459,-0.18954392,0.51645696,0.26874357,0.066983633,-0.39331934,-0.40303329,0.27350491,-0.76454479,-0.2017428,0.35862929,-0.18531223,-0.65742004,0.075705081,-0.48146617,-0.56120932,0.27093217,-0.37117743,0.026155695,-0.71003091,0.6336472,0.51850152,0.084465429,-0.035014428,-1.578532,0.53326672,-0.020572152,-0.12289251,-0.010969047,-0.48457226,0.035452381,-0.10447601,-0.61348647,0.86723894,-0.50668705,0.13335101,0.38417307,-1.2702267,-0.14106929,0.3669101,-0.0928054,-0.39363897,-0.77940112,0.52339244,0.050392717,0.15220712,0.57360297,-0.70409364,-0.25484902,0.046592329,-0.056327332,0.1876255,0.32977888,0.17622133,-0.23642036,-1.1396689,-1.5713098,-0.86598206,0.23917943,0.65979522,0.25829312,-0.36353561,-0.38859403,0.15093245,1.4533919,-0.041392572,0.054714326,-0.30869323,-0.094420761,0.97847384,0.1240205,0.21393587,0.87138104,-0.098836936,-2.2244673,-0.16943014,0.35040131,0.076449163,-0.1701981,-0.65593725,-0.015499815,-1.3736539,0.26078427,-1.2138062,0.37603655,0.11372074,-0.81271088,0.08775489,0.22893707,0.57100636,-0.22840708,-0.19204542,-2.3895168,0.35906744,-0.83152115,-0.01606144,-0.22235262,0.087333016,0.55214202,0.10886998,-0.20513855,0.54504299,-1.3640369,-0.74733561,-0.35300997,0.39284983,-0.43308023,0.22482511,0.16091551,0.41172352,0.078739397,0.58406252,0.36834481,0.76184934,-0.9042877,-0.22063231,0.48741615,-0.056838285,0.2486518,-0.098737843,-0.21207328,-1.1389253,-0.40085113,0.13466179,-0.41167849,0.39702314,1.0523885,0.35452414,-0.4379234,0.10582005,-0.38506454,0.55543685,0.37299418,-0.32266772,0.07667248,1.6862453,0.12240891,0.083840802,-0.89592004,-0.22991274,-1.8352046,1.1019677,-1.1832581,-0.34627804,-0.26580125,-1.2120728,-0.23074301,0.27617094,0.055195622,0.30771995,0.46033072,0.23564148,-1.6602141,0.90801865,0.083557315,1.0575039,0.025564503,-1.0119848,-0.055361245,-0.8318218,0.56716049,0.24394222,-0.893915,0.2599107,-1.7000635,-1.5250646,-1.3018368,-0.36363828,0.38485157,0.1865437,0.15136085,-0.76863688,0.63981181,-1.1353786,-0.20831655,0.26547503,-0.99430847,0.064056657,0.013307131,0.46742395,0.23616868,0.27164158,-0.0601108,0.38559577,0.065846629,0.72390831,0.009938657,-0.096362054,-0.98333484,0.34826916,1.0616939,-0.48121873,0.54401803,0.44597965,0.61764342,-0.60665417,0.63339996,0.20424375,-0.87803644,-0.52664566,0.098680466,-0.19374071,0.21121395,0.64684671,-0.27104104,-0.4954094,-0.4559865,0.039066963,0.43955287,-0.13368048,0.018264059,-0.30244446,0.024531633,1.0364621,-0.96852958,0.16635886,0.25585359,-0.61047399,-0.000688618,-0.38323468,-1.1402369,-1.8481621,-0.10461053,0.56846267,0.15754668,-0.24377787,0.7382049,0.28694984,0.47175652,0.24586427,-0.17844254,-0.56130928,0.21534126,0.10688721,-0.21784088,-0.6463685,0.17466637,0.20758748,1.1160648,-1.6164538,-0.1548603,1.4501863,1.4266161,0.44929114,-1.3862159,-0.20961125,-0.33903652,-0.14071967,-0.004832584,0.35255522,0.79230785,0.72803116,0.49557042,0.1761746,0.2752685,0.65361118,0.73420882,0.79778469,-0.77056062,0.29220775,0.29417136,0.076040886,-0.34876129,-0.22236091,-1.6612048,0.28517148,0.059993364,-0.31374547,-0.13280626,0.22764911,0.17106487,-0.71603298,0.22259869,-0.26155183,-0.28022701,-0.075769797,0.33173919,0.98364401,0.25069007,0.0743635,0.55379808,-0.1728712,-0.027518738,-0.97957867,0.22704649,-0.73694444,0.085550457,0.59495419,-0.94337779,-0.29482731,0.39498308,0.38422051,-0.58812392,-1.1161078,0.55214053,-0.6384632,0.18635778,-1.513974,0.32881117,-0.10254034,-0.44179401,-0.55611002,0.84565556,0.50423479,-1.7686086,-0.95653629,-0.31020784,0.064694725,0.21861294,0.073659748,0.050293658,0.33689699,0.22042678,-0.17324634,0.25663477,0.40506673,0.39021149,-0.039169982,-0.063950427,0.21454559,-1.4392511,0.023979615,0.42575237,-0.008973191,0.12284817,0.67187709,0.94738257,-0.35009822,-0.77141505,-0.47392309,-0.19941713,-1.7436707,0.44661748,0.30023852,0.36339235,-0.73880774,-1.1985608,0.23760188,-0.47494847,0.32875481,-0.003897078,-0.090932764,0.58779025,0.13429408,0.31981546,0.40041575,0.054496441,-0.16466045,-0.31229058,-2.0751719,-0.61593503,-0.88389146,-0.000439344,-0.84495372,0.18943502,-0.16307113,-0.18377951,0.056499634,2
0.51242685,0.2432436,0.22639723,0.48523337,0.48846996,0.5085212,0.47758269,0.46935624,0.48122624,0.48281324,0.48417163,0.4818784,0.49217153,0.4820224,0.50756812,0.48316514,0.48392588,0.51473361,0.48592582,0.47890002,0.45672938,0.48836732,0.47243756,0.47103375,0.48944658,0.46986461,0.47291505,0.45463461,0.47471899,0.47375762,0.45827553,0.47588652,0.45070803,0.47068098,0.46504277,0.45936763,0.45862508,0.47746515,0.44828132,0.45222592,-0.95860535,0.20864487,0.5704155,0.57054317,1.4878308,1.7652688,1.533675,0.90558094,1.0433898,1.8143222,1.588649,1.4006848,0.30262706,-0.23149614,-0.15936558,-0.35032919,0.58538389,0.36386079,0.39482489,0.30039996,-0.67914051,0.068238266,-0.45381725,0.40803304,-0.92304504,0.005521894,-0.20507304,0.71105033,0.5757035,1.5662957,-0.26016489,0.21011114,-1.2023809,-0.21530765,0.019148095,0.77740037,-1.2480196,0.57253373,0.43164319,-0.9942292,-0.11976613,-1.0816704,-0.52430815,0.42235187,0.6287365,0.79083484,-0.007780759,-1.7727318,0.70396203,0.15258455,-1.0379598,0.76670957,0.13580996,-0.025523264,0.55661523,-0.17272697,0.36252019,-0.6320585,0.085283659,0.5342198,-0.77030492,-1.2527322,0.10971801,0.5823617,-0.31995514,0.23169929,0.14130773,-0.155196,-0.077030994,-0.35766637,0.4696334,1.2265346,-0.19769748,-0.33283445,-0.64202917,0.48643556,0.37473828,-1.1220109,0.45690385,-1.2988789,-0.40662533,-1.884737,-1.1740379,-0.025661461,-0.44235414,0.23335564,-0.44651645,0.20903125,-0.11948975,-0.38501719,-0.84992373,-0.3611649,-0.11898977,-1.1891906,-0.15732874,-0.24124695,0.25652844,0.14674142,-0.54924321,-1.8504099,0.39644396,0.45024422,0.81423587,-0.072218768,0.57200181,0.40841815,0.12751327,-0.46045506,-0.33850914,0.25746292,-0.5534687,-0.29598212,0.33650678,-0.35031885,-0.8570261,-0.073911488,-0.70493066,-0.84314764,0.37335521,-0.46925589,-0.007868282,-0.54149365,0.69633895,0.5859769,-0.017374083,-0.036327384,-1.9819776,0.7417593,-0.045688685,-0.20467451,-0.10124569,-0.54786587,-0.002160556,-0.16361916,-0.67765677,1.0098753,-0.81741083,0.11249667,0.4679471,-1.9755383,-0.14319406,0.42077205,-0.056869425,-0.65712994,-1.1192272,0.61018717,0.21128152,0.48043948,0.61228138,-0.73592055,-0.39198881,0.091994829,0.02786394,0.13401555,0.45100909,0.23619583,-0.17845351,-1.3058817,-1.5759181,-0.80160314,0.28802904,0.60197943,0.21478863,-0.51722753,-0.37661877,0.19520135,1.8264499,-0.12814373,0.020408183,-0.57152885,-0.32364935,1.2293686,0.14238669,0.28894043,1.2509607,0.05128701,-2.7021961,-0.098208472,0.57410836,-0.042345416,-0.055758558,-0.94007629,0.17101397,-1.7354337,0.30514872,-1.622202,0.69071925,-0.047510967,-0.81357938,0.003340196,0.24816839,0.64225143,-0.28554767,-0.46638131,-2.9397531,0.42436653,-0.63689482,-0.041158095,-0.18447886,0.10688528,0.6713928,0.10229336,-0.21703926,0.8237043,-1.7456703,-0.98888206,-0.47203648,0.42606917,-0.52015054,0.090233847,0.33239859,0.53821033,0.13902694,0.58524561,0.57582104,0.92319036,-1.0381024,-0.39994597,0.67605484,-0.052713025,0.39505717,-0.085298315,-0.23153208,-1.2077053,-0.51207852,0.089797713,-0.40754491,0.50920796,1.3092257,0.43595281,-0.46396592,0.086414017,-0.49957573,0.60366499,0.53404492,-0.41243523,0.10243287,1.78947,0.11343414,0.13794769,-1.0052773,-0.21100168,-2.27422,1.2601311,-1.6287092,-0.35057798,-0.27253056,-1.6824279,-0.13961563,0.34038556,0.023309447,0.57842869,0.35640121,0.14340849,-2.1402433,1.1619077,0.050064385,1.2235339,0.018808313,-1.0261532,-0.12909287,-0.91814327,0.68144572,0.2775113,-0.90334994,0.36128983,-2.1783071,-2.1191437,-1.6252948,-0.34125209,0.44741559,0.37609622,0.26046878,-1.1319982,0.70273203,-1.5543973,-0.047039516,0.24744004,-1.1986831,0.016477082,0.005905288,0.66744798,0.022624215,0.31337628,-0.002767287,0.45469129,0.053271692,1.0755594,-0.11591519,-0.12600705,-1.0307586,0.40124094,1.1340314,-0.60979497,0.70452559,0.50988954,0.79005873,-0.636347,0.62325728,0.3412233,-1.2197814,-0.41778305,0.091764748,0.25761366,0.29992697,0.74918735,-0.36136577,-0.5674181,-0.48096031,-0.035175614,0.57762599,-0.27784443,0.03796564,-0.2883842,0.16583629,1.2987635,-1.3182735,0.099638715,0.30580407,-0.68370819,-0.064273402,-0.34046671,-1.5591701,-2.1500459,-0.13633135,0.61871415,0.16822603,-0.30444542,0.9809382,0.20558122,0.48518646,0.25256348,-0.32462019,-0.68561143,0.20975536,0.080126271,-0.13674283,-0.67828655,0.21693151,0.1872896,1.2716203,-1.7513041,-0.13452978,1.7266166,1.6974244,0.43547037,-1.4302624,-0.23614103,-0.56663233,-0.099400684,0.05749324,0.6243037,0.92798632,0.83659518,0.43292475,0.25328088,0.23256473,0.73927176,0.83832514,0.88892549,-0.92485034,0.27542776,0.37840176,0.022713438,-0.38897401,-0.21119094,-1.8667016,0.29111132,0.071532965,-0.48082656,-0.13036667,0.28560916,0.17958421,-0.86441004,0.41968796,-0.26594675,-0.077862471,-0.23737338,0.75663877,1.0886221,0.22253324,0.084206596,0.71182823,-0.055971667,-0.20730746,-1.2108175,0.35377815,-0.67214936,0.12512745,0.87627566,-1.1211745,-0.55633414,0.49013004,0.5554117,-0.84594125,-1.4159517,0.64015269,-0.685642,-0.021977384,-1.6596397,0.41812652,-0.097409487,-0.61264181,-0.58490628,0.98850554,0.66451532,-2.1214199,-1.4496129,-0.36078089,0.027128797,0.30513683,0.078996293,-0.002531841,0.54728246,0.1838011,-0.16388132,0.22820301,0.38136974,0.65237516,-0.10101478,0.28781539,0.26186928,-1.6236982,-0.003275491,0.48847362,-0.00750667,0.21314728,0.77417791,0.91455704,-0.46574777,-0.93883586,-0.43488705,-0.13772699,-2.1626403,0.30780229,0.17207024,0.44487464,-0.82245475,-1.5083902,0.29899403,-0.69875848,0.048461437,-0.00779536,-0.068679608,0.83053577,0.13015264,0.3682946,0.59685344,-0.01421855,-0.25988626,-0.50367707,-2.4874234,-0.8950907,-1.236991,0.014701191,-1.0398357,0.22257844,-0.06403891,-0.29657257,0.00786363,2
0.574283,0.28521386,0.26036033,0.56686234,0.58979762,0.57138801,0.55994606,0.55751276,0.5689829,0.56866652,0.55596721,0.56276619,0.5713855,0.54742819,0.56071651,0.5599128,0.55715084,0.59813303,0.56969178,0.56015426,0.54818928,0.56621253,0.56124318,0.5613513,0.57838881,0.54751921,0.56160104,0.55425215,0.5607782,0.57577276,0.56207955,0.56004804,0.54606771,0.56272745,0.55999076,0.55089962,0.55294383,0.57053673,0.54551959,0.5505414,-0.87113231,0.23848997,0.46355695,0.49198014,1.3702807,1.7704673,1.4341582,0.78899586,0.93373007,1.7098855,1.4939969,1.2773242,0.30220485,-0.14959162,-0.11293265,-0.2774072,0.63001585,0.33395928,0.3993364,0.28336826,-0.74040359,0.056281716,-0.30082047,0.57751513,-0.6661852,-0.07435517,-0.16802819,0.85619056,0.4233892,1.6109973,-0.20228624,0.23654303,-1.1317134,-0.1706364,0.14541674,0.86559647,-0.8400448,0.5375706,0.22303243,-0.90265954,0.098575301,-0.59024215,-0.45745972,0.6136238,0.79217291,0.94336617,0.038442034,-1.6295775,1.0131128,0.18073303,-0.87691146,0.60892546,0.077400565,-0.016606718,0.75296241,-0.17473003,0.36874211,-0.56743377,0.13128233,0.53081214,-0.93545353,-1.1418164,0.094720587,0.62375563,-0.38047221,0.11962498,0.18304881,-0.22055596,0.024495319,-0.27364385,0.44803634,0.95925272,-0.29427999,-0.43417233,-0.48447439,0.23771016,0.67268085,-1.1418338,0.3620179,-1.1633683,-0.40255326,-1.7445211,-1.2909135,-0.087516069,-0.2097296,0.16962861,-0.4379451,0.14581794,-0.11732598,-0.23790357,-0.83632594,-0.50795716,0.5494923,-1.1732073,-0.36205932,-0.19440156,-0.067369103,0.31879443,-0.47987336,-1.9118931,1.2674813,0.37009332,0.94126236,-0.35970974,0.59068191,0.48768416,0.17176339,-0.065508187,-0.052786753,0.24013345,-0.7548787,0.038299575,0.31639552,-0.32272777,-0.76455259,-0.054619491,-0.68320101,-0.85075778,0.36587119,-0.47714573,0.042170338,-0.51677245,0.70857686,0.81693143,-0.067602061,0.019346924,-1.9392617,0.77937341,-0.055383556,-0.16903703,-0.21398792,-0.58853501,0.015875984,-0.19359609,-0.60452366,1.1460778,-0.73398852,0.1345907,0.69084233,-1.8004007,-0.18581262,0.33617041,-0.008921474,-0.63262618,-1.0803702,0.3489798,0.30001819,0.48260427,0.67301637,-0.70704478,-0.29070121,0.05741699,-0.065976381,0.22410285,0.33902186,0.11704495,-0.20498234,-1.3235488,-1.6706551,-0.80682254,0.2715297,0.57863182,0.41094214,-0.4261966,-0.43656883,0.13665169,1.2101016,-0.10948069,0.059944339,-0.52792883,-0.32679525,1.3684989,0.13027914,0.24622849,1.9869912,-0.14834148,-2.5603971,0.003166951,0.8948859,0.063784629,-0.12408832,-0.98650789,-0.003586821,-1.6328387,0.30407077,-1.5646986,0.17941016,0.047975533,-0.8193627,-0.068019211,0.15067868,0.48030201,-0.26660779,-0.16494437,-2.8632197,0.48082975,-0.61401153,-0.081676804,-0.27010846,0.42091298,0.37268907,0.26195735,-0.1702884,0.56332105,-1.7055986,-0.92512977,0.11085263,0.47908565,-0.46232253,0.10417882,0.19888248,0.49283728,0.03841421,0.5639382,0.25807047,0.81406593,-1.1799313,-0.33448565,0.51812816,-0.11350569,0.35912323,-0.20610791,-0.010348916,-1.1177752,-0.38114449,0.091306187,-0.39862514,0.60574299,1.3966827,0.38312912,-0.39121309,0.31574616,-0.44267088,0.65788496,0.8763268,-0.42170316,0.12283336,1.6418055,0.30455866,0.083028056,-1.2456629,-0.21216381,-2.1375225,0.92040068,-1.4253728,-0.60216153,-0.11136236,-1.291697,-0.38559446,0.24036168,0.090107948,0.69323003,0.65358943,0.46181315,-2.0046313,0.92417216,0.028569251,1.4518006,0.24564523,-0.89749795,0.009131283,-1.0344979,0.53281212,0.21513399,-0.87204659,0.42236319,-2.1717253,-2.107657,-1.6287163,-0.2818335,0.87782633,0.93584138,0.23832479,-1.0986496,0.67789274,-1.5921627,-0.21796045,0.34954372,-1.183507,-0.10904647,-0.017265819,0.55915439,-0.000885345,0.46912831,0.029019482,0.5987429,0.068536773,0.45378175,0.007277157,-0.090344824,-0.97794509,0.35000813,1.226133,-0.54582572,0.61897039,0.49711359,0.43280825,-0.89493716,0.68245327,0.3435995,-1.1469967,-0.41720381,0.2399385,0.2062335,0.14038379,0.94330716,-0.26959223,-0.65253824,-0.47611487,-0.028318794,0.8806076,-0.22963113,0.25307572,-0.31159076,0.1838184,1.5011693,-1.2690673,0.12211096,0.26087368,-0.79630733,0.10292247,-0.099357314,-1.4970375,-2.0963883,-0.40872782,0.56101447,0.22294667,-0.28663281,0.8078022,0.2822639,0.59020597,0.21733975,-0.12616369,-0.7286191,0.19521387,0.32672462,-0.22179572,-0.56733108,0.18667574,0.12056328,1.4399467,-1.6306239,-0.16787417,1.8569221,1.8528228,0.59418827,-1.1451925,-0.24581803,-0.55870521,-0.071413778,0.21472685,0.49004111,0.91166401,1.0512395,0.46817434,0.30713922,0.24609393,1.1335522,0.65087891,1.3926883,-0.80715013,0.35452765,0.48263192,-0.12894179,-0.2974959,-0.094695099,-1.3445078,0.25442588,0.061403871,-0.44484615,-0.13967973,0.66426015,0.33137712,-0.63284785,0.164318,-0.22877014,0.40241912,-0.41250736,0.8346737,1.1916989,0.35814095,-0.09476757,0.60281843,0.087220386,0.15108371,-1.1091216,0.31788874,-0.61597967,0.33446071,0.83833337,-0.8822642,-0.55116916,0.42340812,0.48610091,-0.90112931,-1.3439966,0.6914438,-0.67059529,0.16667369,-1.4140271,0.40566605,-0.27646589,-0.42739686,-0.53625643,1.1684968,0.4732466,-2.1080961,-1.5563928,-0.33196551,0.043711808,0.27175394,0.03222974,-0.097287998,0.56420231,0.16475719,-0.30630285,0.19709903,0.31941861,0.46610892,-0.055742111,-0.22307953,0.51338649,-1.5549353,0.12589535,0.579427,0.12644376,0.16841687,0.72554088,1.5510449,-0.4486227,-1.0298233,-0.33574146,0.45702028,-1.9560282,0.35637963,0.12189029,0.36226058,-0.92395985,-1.4978997,0.22395216,-0.53389114,0.74345183,0.072549209,-0.07108698,0.43595862,0.12184109,0.2894825,0.42427579,0.010442181,-0.25590277,-0.48342222,-2.173502,-0.85875368,-1.1656256,-0.018829141,-1.0842909,0.16383341,-0.12595074,-0.28936777,-0.017722059,2
0.44940868,0.22126335,0.21742269,0.41616756,0.406901,0.43550697,0.4201827,0.40232888,0.40838048,0.41151971,0.39980814,0.4098902,0.40229011,0.39383858,0.42553842,0.40250596,0.42062408,0.43148243,0.41131219,0.40168536,0.39974689,0.40266857,0.39616013,0.40114194,0.40373915,0.39974463,0.40170693,0.38944045,0.39711231,0.39323163,0.38752598,0.40867966,0.38205299,0.38607523,0.39316958,0.38416386,0.37742776,0.39907044,0.38095707,0.37936065,-0.96615255,0.21010479,0.52522916,0.54107338,1.4256413,1.7248253,1.454427,0.85473043,0.99678326,1.7744863,1.5133613,1.3248179,0.32428569,-0.21000108,-0.23444754,-0.29614621,0.56142139,0.34861508,0.40678477,0.29636875,-0.53924376,0.0577894,-0.40131536,0.38855782,-0.88061994,-0.10818436,-0.17502889,0.60620648,0.46034521,1.1300119,-0.16720358,0.22157703,-1.1005168,-0.21864866,0.005088053,0.84114277,-1.1457703,0.55008996,0.43197629,-0.90696186,-0.091808319,-0.94164407,-0.46495605,0.58259714,0.76311481,0.7086755,0.1101516,-1.643223,0.47999099,0.16888455,-0.95342737,0.80612957,0.12246998,0.13502678,0.56845039,-0.18053894,0.33386067,-0.56092304,-0.006293893,0.49675727,-0.77948254,-1.2190568,0.10373776,0.57768732,-0.41351801,0.21815446,0.061307766,-0.061234862,-0.035460122,-0.29866907,0.4070757,1.1713014,-0.17748463,-0.37666103,-0.55565614,0.6008625,0.4651188,-1.2003877,0.44003353,-1.079707,-0.37746835,-1.7226044,-1.0249068,0.027629942,-0.32745349,0.27046806,-0.46508721,0.18680231,-0.11340118,-0.20152056,-0.79172611,-0.24540502,0.23247084,-1.2651854,-0.24371347,-0.24220681,0.23808697,0.33723599,-0.47532561,-1.6628137,0.48321351,0.49168217,0.83548832,-0.16453888,0.5455997,0.2604841,0.073893607,-0.12004581,-0.28482834,0.31961381,-0.48281884,-0.46639132,0.3279255,-0.27505511,-0.87000978,-0.077461839,-0.64043659,-0.76219499,0.35058287,-0.44715062,0.006408311,-0.74866462,0.73507774,0.59837258,-0.062331945,0.065634146,-1.8116634,0.29204282,-0.16036165,-0.10171922,-0.0331214,-0.53248554,-0.076023519,-0.19619548,-0.47715563,0.87718117,-0.66882795,0.14147511,0.49489218,-2.0631936,-0.12236177,0.44279504,-0.19521275,-0.582735,-1.0660174,0.56052881,0.22018099,0.67006755,0.71274477,-0.85083818,-0.20663592,0.085759029,0.076210395,0.089266181,0.37076911,0.23613295,-0.20278597,-1.2368237,-1.5965762,-0.72233403,0.28172427,0.31654865,0.21397117,-0.37402028,-0.34419772,0.19304878,1.7542876,-0.16714984,0.063421994,-0.53466445,-0.29237872,0.94212973,0.12892736,0.28783768,1.063972,0.14129585,-2.3996305,-0.07129962,0.44199803,-0.037076693,-0.072610065,-0.82447469,0.071096003,-1.5803771,0.35792601,-1.4053832,0.80887866,-0.026058473,-0.80930346,0.050985441,0.048377037,0.78511858,-0.22370379,-0.13151258,-2.7708366,0.26649049,-0.52752066,-0.036310956,-0.15581439,0.19138876,0.71046817,0.11731878,-0.26495221,0.35775608,-1.6006882,-0.82589072,-0.40307984,0.32556817,-0.54421449,-0.071860909,0.27725586,0.5470593,0.094769262,0.59097648,0.47475058,0.71287876,-0.92798144,-0.37739652,0.50005943,0.08139611,0.24863295,-0.13728981,-0.29438269,-1.143244,-0.45675877,0.14760339,-0.36603564,0.50320703,1.1994809,0.40094754,-0.44140869,0.12419805,-0.42995787,0.58744395,0.39607292,-0.39900279,0.12631874,1.4089944,0.1408785,0.16671784,-1.0637363,-0.21649021,-2.0916138,1.1658735,-1.4621556,-0.29642737,-0.37745392,-1.2070204,-0.39954504,0.36987853,0.22488365,0.57312357,0.45865139,0.34698614,-1.8961995,1.0411606,0.069459893,0.9768616,0.10308155,-1.0985894,-0.061659098,-0.95158762,0.63248861,0.38510436,-0.94815457,0.32147348,-1.9471984,-1.8840051,-1.4897189,-0.30848557,0.37916037,0.42507625,0.2598539,-1.0009406,0.58971071,-1.3284663,-0.047247671,0.35195529,-1.2947006,0.038646258,0.069958158,0.60885417,-0.1696997,0.38017738,-0.097580522,0.26894253,0.077990055,1.0911043,0.073821075,-0.13549705,-0.89561284,0.33603984,1.0012556,-0.8417058,0.65772003,0.50603187,0.66741419,-0.57842964,0.47948229,0.13447425,-1.1800432,-0.59116966,0.073210143,0.22222385,0.21489875,0.78941733,-0.26704895,-0.62694526,-0.48684669,-0.009516224,0.32060212,-0.21140343,0.0274917,-0.30198446,0.17839564,1.1775794,-1.1499108,0.16423124,0.27740195,-0.65322733,-0.059939802,-0.16962793,-1.5402467,-2.0182002,-0.003271759,0.59750986,0.23542389,-0.26223949,0.91367078,0.29962227,0.40073496,0.2567772,-0.17237249,-0.59187216,0.21458855,0.033374541,-0.11414028,-0.36045516,0.23850426,0.11374928,1.2973363,-1.7615682,-0.20396522,1.4467006,1.7380244,0.34660003,-1.2794434,-0.2414501,-0.46483287,-0.010433748,0.12552941,0.62133074,0.80558217,0.61525321,0.2394889,0.24779123,0.21322601,0.93377608,0.73942631,0.97313988,-0.94602644,0.26868215,0.42923975,0.028663024,-0.39449966,-0.21321726,-1.6697428,0.33256242,0.064748228,-0.43320155,-0.17894173,0.40118679,0.11602242,-0.77561593,0.31076026,-0.20073406,-0.004591212,-0.27196488,0.69168574,1.1149582,0.23260853,0.098106086,0.6785574,-0.20366907,-0.17815702,-1.1026747,0.23487747,-0.61702347,-0.050717711,0.44730258,-1.015056,-0.51780772,0.47568297,0.55126524,-0.73869908,-1.3967499,0.73230875,-0.59578586,0.045934543,-1.6767945,0.41623187,-0.13625687,-0.53645581,-0.54849517,0.94359434,0.6083554,-1.9002008,-1.2865013,-0.29487133,0.036946144,0.33616802,-0.013208299,0.011177165,0.53166378,0.22129367,-0.15062849,0.19033824,0.29594404,0.51066065,-0.11159199,0.087870128,0.21654385,-1.5845957,0.017121671,0.58636051,0.025121585,0.22708037,0.78259158,1.1277639,-0.39063287,-0.8204515,-0.3305417,-0.17883797,-2.0518358,0.24479799,0.2357174,0.38937575,-0.79623872,-1.4617084,0.18890516,-0.65846896,0.17078632,0.086809225,-0.091029942,0.93703663,0.15949047,0.33201215,0.49342325,-0.029054347,-0.2609455,-0.4309704,-2.1732326,-0.76167852,-1.0192784,0.10097292,-0.99129468,0.27755436,-0.25251779,-0.28951889,0.068525836,2
0.66207349,0.43799511,0.37454975,0.56498373,0.6091246,0.61986566,0.57262588,0.58670014,0.58933288,0.59717751,0.59921306,0.62205505,0.57050669,0.63901156,0.63280469,0.57879996,0.56939477,0.63466895,0.57378197,0.58496094,0.56860489,0.58098161,0.55978125,0.56553268,0.57065982,0.57791311,0.60531396,0.5991987,0.61086696,0.5796423,0.59678924,0.57565236,0.59558296,0.56180108,0.56891346,0.58047587,0.51784009,0.58794367,0.61742359,0.61214352,-0.94567591,0.37638557,0.69265354,0.66208059,1.575215,1.8030305,1.6263938,1.0140028,1.1513841,1.9404585,1.6670204,1.4968293,0.39240846,-0.21859579,-0.16857433,-0.39674646,0.65140575,0.3760559,0.4913758,0.33643398,-0.87346798,0.02714679,-0.53220046,0.45193028,-0.84796971,-9.82E-05,-0.21039647,0.83365536,0.38724661,1.5874202,-0.16252379,0.23763043,-1.0515702,-0.22526532,-0.049202576,0.86683041,-1.062412,0.63739073,0.26372159,-0.97220802,-0.088217251,-1.3251688,-0.46460164,0.43867615,0.81941652,0.90556204,0.032424871,-1.755511,0.74911684,0.18448284,-1.0220045,0.61494058,0.042595387,0.10302087,0.68444824,-0.091761574,0.45214435,-0.81631452,0.057731859,0.62729424,-0.6504609,-1.3303117,0.13511629,0.58846438,-0.29360744,0.34127042,-0.009896681,-0.12186977,-0.21044318,-0.32736465,0.46926352,0.98439693,-0.21342151,-0.48592514,-0.65988505,0.4078148,0.62249196,-1.3459227,0.50503337,-1.0977782,-0.46909124,-1.9260478,-1.4830813,-0.09713012,-0.56465352,0.20564285,-0.45297357,0.21376961,-0.15089318,-0.51942348,-0.87948579,-0.44180557,0.087179497,-1.2815437,-0.40919888,-0.37707642,0.064596668,0.26441282,-0.6267333,-2.1620786,0.86968046,0.62091839,1.0187292,-0.23561972,0.49606138,0.26436907,0.12078498,-0.26039475,-0.24162078,0.35131499,-0.72843528,0.12062635,0.37914509,-0.53630471,-0.92783481,-0.069830373,-0.80427313,-1.0276601,0.44088227,-0.72304535,0.028005227,-0.7528289,0.8270967,0.72250068,-0.18947949,0.036565803,-2.0258539,0.76645142,-0.18292022,-0.18370326,-0.062670656,-0.58280849,0.015093319,-0.12772408,-0.62160438,1.4325324,-0.74282336,0.14908007,0.6020838,-2.1536031,-0.20842075,0.42793563,-0.14047651,-0.62517321,-1.1421939,0.43252268,0.19821765,0.55825257,0.68741101,-0.80710375,-0.24192713,0.05904473,0.025752984,-0.012631357,0.30080813,0.11116108,-0.25975949,-1.4488276,-1.9030796,-0.88029528,0.33088017,0.64850491,0.20211974,-0.49164104,-0.3553794,0.18451871,1.8535924,-0.09616001,0.12895019,-0.54393435,-0.3845081,1.2466104,0.16923869,0.32202822,1.8080349,-0.1316282,-2.4039738,-0.046574589,0.86120713,0.035547473,-0.18083645,-1.2792122,-0.045791462,-2.0232348,0.28098261,-1.8656281,0.50190866,-0.087533817,-0.88506204,0.01608051,0.47730944,0.87197548,-0.20372194,0.027446508,-3.1699219,0.24062613,-0.51045835,-0.023802325,-0.13848415,0.19246195,0.64988315,0.15283683,-0.20137459,0.34760219,-2.2744508,-1.0662678,-0.23975718,0.43055058,-0.4441779,-0.040270418,0.19831029,0.46237415,-0.007992636,0.59272242,0.36394554,0.93031389,-1.0276792,-0.35117415,0.64908564,-0.047365822,0.23160511,0.091139272,-0.16495058,-1.1991581,-0.49808988,0.14622083,-0.43038309,0.51743639,1.3251491,0.49689633,-0.47077733,0.20521098,-0.53452617,0.75561035,0.78123546,-0.38972566,0.13633244,1.9874554,0.30331022,0.13238421,-1.3068116,-0.26484469,-2.2917991,1.1829615,-1.8862303,-0.69394106,-0.16938597,-1.4656208,-0.48277146,0.3616665,0.42693916,0.69840813,0.63518715,0.54754043,-2.1215081,1.2575158,0.004957385,1.3947647,0.1075004,-1.1960776,-0.064480133,-1.044853,0.79428536,0.35397172,-1.0037102,0.37988439,-2.5759151,-1.6877199,-1.7107186,-0.26114732,0.56125712,1.0316964,0.40368319,-1.3344624,0.83939195,-1.5657383,-0.25393903,0.2770831,-1.231877,0.00222335,0.11607822,0.58842152,-0.083159454,0.47351962,-0.042511284,0.66447318,0.032529395,0.87966257,0.029775456,-0.17843948,-0.96393365,0.43720061,1.1479053,-0.75999784,0.69846117,0.55525821,0.45498487,-0.77413023,0.86721587,0.17677897,-1.5543401,-0.61904311,0.081088252,0.16733727,0.21707651,1.0356593,-0.30114993,-0.67847949,-0.60510874,-0.057570718,0.5875839,-0.28888124,0.11184072,-0.34149933,0.2178106,1.4919208,-1.6094341,0.20248437,0.28539464,-0.70597661,-0.001886481,-0.11391298,-1.626971,-2.2565773,-0.036743566,0.68462265,0.2181439,-0.17159577,0.72058511,0.36280727,0.45143425,0.2663843,-0.17421964,-0.97613132,0.26354602,0.26378325,-0.2673279,-0.54244995,0.2669524,0.14249736,1.4778421,-1.9007349,-0.043104053,1.5955,2.0574839,0.43993819,-1.3309261,-0.38328522,-0.85618556,-0.1189691,0.12105768,0.59580761,1.186335,0.96020985,0.86051047,0.34836644,0.28906292,0.9527747,0.70935631,1.3403296,-1.0033593,0.1208542,0.40916237,-0.10493852,-0.42149341,-0.23807375,-1.6881193,0.4304159,0.045919277,-0.40493208,-0.241016,0.38699031,0.19332513,-0.70904988,0.22830749,-0.13373265,0.71734524,-0.65767503,0.61158472,1.2162925,0.28698304,0.032724656,0.78824717,-0.1365972,-0.15731107,-1.1602395,0.38123608,-0.56010622,0.15869069,0.84054935,-1.1279186,-0.59078205,0.4501811,0.38021255,-1.1592216,-1.6727057,0.6782043,-0.67446101,-0.1110111,-1.7019961,0.39264983,-0.23954368,-0.6020354,-0.54566193,1.3274219,0.38449505,-2.2640324,-1.5003562,-0.38873339,0.00570029,0.37326759,-0.042808041,0.13816427,0.61594379,0.26303723,-0.26113909,0.18254897,0.35552856,0.44645178,0.01000762,0.18488473,0.32840365,-1.6050682,-0.024421278,0.65166336,0.12089568,0.1718616,0.71857947,1.146564,-0.47723693,-1.0218097,-0.20109528,0.30985576,-2.0796161,0.33660716,0.13352801,0.52912033,-0.98061526,-1.721101,0.31714809,-0.58400524,0.14632714,0.0593917,-0.044573225,0.96753895,0.16843665,0.36889964,0.45651361,0.001868535,-0.52151513,-0.53077954,-2.5408554,-0.80812925,-1.5202073,0.057335977,-1.4114161,0.25701621,-0.10528204,-0.31808257,0.029160617,2
0.71043915,0.48058194,0.43480158,0.66173398,0.65607333,0.67632854,0.66022706,0.65091455,0.66308439,0.65285289,0.65532255,0.64593977,0.65519553,0.64358807,0.66682231,0.64848506,0.65621734,0.68170339,0.65862381,0.64710081,0.6392861,0.65244102,0.64506161,0.64871502,0.64846325,0.64618713,0.65720141,0.64934343,0.64719188,0.6475445,0.64427561,0.64269304,0.63515443,0.63785362,0.64509529,0.63262773,0.62736046,0.64720696,0.62816077,0.63847244,-0.99813509,0.43261436,0.6523782,0.64402997,1.5510585,1.8000914,1.5639429,0.93877113,1.0827193,1.8618336,1.593891,1.4306097,0.50146091,-0.14398919,-0.44149202,-0.31723854,0.83541965,0.51004207,0.54383636,0.51740259,-0.82296276,0.020907696,-0.61360133,0.52531439,-0.82509816,-0.16576287,-0.19146182,0.50665545,0.002591014,1.0236135,-0.17215499,0.32877713,-1.2669537,-0.076400846,-0.26642641,0.99358225,-0.97870398,0.82494825,0.35579517,-0.85685015,-0.071608305,-1.1896447,-0.54076117,0.4667986,1.0265079,0.66774255,0.052716255,-1.6785229,0.50927812,0.18088518,-1.1778922,0.86435843,0.06268362,0.33465612,0.56104827,0.077296242,0.17987719,-0.4519527,0.079432286,0.72770631,-0.6228264,-1.0088857,0.097647235,0.50956655,-0.34822875,0.30053422,0.13639671,-0.15028617,0.031430721,-0.16987687,0.24920391,0.45161414,0.013647109,-0.40851736,-0.56819361,0.13125281,0.36514276,-1.318781,0.55214149,-0.89815331,-0.24730895,-1.754308,-1.3193259,-0.10370079,-0.58989197,0.30110508,-0.36891323,0.044847608,-0.008042283,-0.27794346,-0.86323786,-0.68693209,0.25524497,-1.365442,-0.1914995,-0.145923,0.02898106,0.20380479,-0.39288196,-1.8038702,0.65600467,0.6175617,0.73573095,-0.30269504,0.4629434,0.41421491,-0.12242289,-0.11361374,-0.39408424,0.30533621,-0.58740437,-0.29792994,0.58378124,-0.55377299,-0.89683914,-0.040008396,-0.80902457,-0.59743619,0.21190189,-0.4088437,0.18372793,-0.83074576,0.92364258,0.67678308,0.12561439,0.1880454,-1.586067,0.10713622,-0.059168804,-0.17043872,0.018224411,-0.62307894,-0.1397558,-0.14985421,-0.75386405,0.97108334,-0.80799747,0.18374428,0.39451092,-2.0842531,-0.020901062,0.070272952,-0.26441571,-0.27524433,-0.74079949,0.21323359,-0.063842654,0.50165987,0.74096352,-1.0150833,-0.09770076,0.061883226,0.15582642,-0.22868843,0.38281965,0.10535152,-0.39830112,-1.425138,-1.9079738,-0.74027777,0.33874476,0.23740432,0.1731717,-0.23538168,-0.38907588,-0.078705639,1.400928,0.16406283,0.031607561,-0.3138729,-0.38096291,0.88029909,0.43667009,0.4227255,0.79071116,-0.25865331,-1.7802517,-0.13676149,0.23987526,-0.003539384,-0.020417932,-0.9653098,0.12845047,-1.597774,0.40002829,-1.4786084,0.7100234,-0.047564894,-0.98475122,0.18179968,-0.11384378,0.57518137,-0.034551248,0.06435895,-2.6657639,0.23300949,-0.95379877,0.2331291,-0.081100218,0.2536281,0.64926767,0.21556084,-0.21927738,0.095388919,-1.8028798,-0.75312257,-0.31095386,0.36881003,-0.31016695,-0.10179378,0.20412432,0.5787999,-0.11814425,0.46580642,0.32766902,0.86995101,-0.80281043,-0.19596237,0.63846844,0.017330408,0.16413766,-0.072867095,-0.37817216,-1.1603127,-0.44165158,0.20296158,-0.40556979,0.38236532,0.89350104,0.50672686,-0.49198133,0.22076723,-0.36241755,0.38830331,0.35177332,-0.37041768,0.11988264,1.2712176,0.10130425,0.13080582,-1.2167037,-0.22064441,-1.9343507,0.96426153,-1.4894474,-0.2275328,-0.051525287,-1.1324182,-0.37530366,0.19461983,0.012504071,0.54494071,0.3490265,0.36017376,-1.8234184,0.96911788,0.04175001,0.96961266,-0.16549654,-1.3023467,-0.073197879,-1.0391231,0.78256589,0.012213781,-0.86056268,0.45361221,-2.0773315,-1.7512534,-1.4065357,-0.37136894,0.30955955,0.066906899,0.55729848,-1.1523862,1.0958638,-1.2889346,-0.078190714,0.258223,-1.4865171,-0.095569253,0.17105861,0.26397386,-0.027488183,0.23480028,-0.35506484,0.41457951,0.075490974,0.84782934,0.136802,-0.26236248,-1.0646486,0.6364314,0.81690019,-0.90178692,0.6229648,0.54224539,0.30718631,-0.67950916,0.68998885,-0.03081426,-1.0407212,-0.71617448,0.26984176,0.022960722,0.055138364,0.92080683,-0.35214895,-0.69306624,-0.63865769,-0.089649148,0.30385101,-0.17535892,-0.15052328,-0.54296559,0.29841173,0.96185941,-1.2186879,0.25087252,0.36608818,-0.57359952,-0.20236017,-0.46852389,-1.5845064,-1.9260006,-0.13226478,0.87170279,-0.045393854,-0.39530709,0.74960309,0.029926136,0.58740819,0.46197882,-0.18811306,-0.77671719,0.31322655,-0.030118596,-0.23729631,-0.13207293,0.36658639,0.35098463,1.3156426,-1.8388933,0.047398709,1.2907588,1.6921356,0.51752025,-1.3881011,-0.46265501,-0.78029901,-0.33049172,0.094606765,0.10951224,0.75323987,0.32238668,0.27195475,0.3745887,0.16260624,0.80670816,0.55559188,0.85586923,-1.1623669,0.1496671,0.20847422,0.11184407,-0.36143297,-0.17848457,-1.9228278,0.52949178,0.086903125,-0.28522891,-0.23170713,0.27730066,0.1109531,-0.53620899,0.38018814,0.11775318,-0.32581124,-0.46642432,0.38999367,0.99280369,0.37308568,0.21964376,0.64036894,-0.19010326,-0.25200623,-1.1005981,0.33883587,-0.75646895,-0.042203799,0.50053787,-1.0588816,-0.27475101,0.31723493,0.2778585,-0.90604568,-1.5502114,0.77331811,-0.55125588,-0.1375837,-1.6726271,0.19297275,-0.21807773,-0.72619963,-0.6341002,1.0769039,0.26138356,-1.9581672,-1.2759459,-0.49111432,-0.069542885,0.37002134,-0.19699347,0.27606353,0.53764266,0.40089801,-0.2505151,0.17519805,0.23150975,0.35510239,0.12268133,-0.2600531,0.20793524,-1.5275037,-0.095696464,0.41252449,0.15565032,0.27045912,0.61107278,0.93937397,-0.45985866,-0.97032797,-0.52312696,-0.23515198,-1.9266376,0.36095679,0.27770272,0.59296662,-0.82854998,-1.3285398,0.24677718,-0.57395971,-0.046870589,-0.008356094,0.09234935,0.45586988,0.22483096,0.46319899,0.23985818,0.065509319,-0.35014045,-0.27733487,-2.1923032,-0.48440218,-1.0333028,0.38020644,-1.23211,0.32115796,-0.22933142,-0.49709699,0.17395212,2
0.52790129,0.26148072,0.22296661,0.49732947,0.48234165,0.49221706,0.48348588,0.4835735,0.48638973,0.48332903,0.48412216,0.48922846,0.49129212,0.47723511,0.4985258,0.48760456,0.48882258,0.50502646,0.49020916,0.49360007,0.47298104,0.48120946,0.47785574,0.48150286,0.48133278,0.47167653,0.48100024,0.47136939,0.47849441,0.47635585,0.469428,0.4987027,0.47559541,0.47453493,0.47814959,0.47167993,0.46230328,0.48092663,0.46051109,0.46495968,-0.83522052,0.22501466,0.30978793,0.36977082,1.2641187,1.6118305,1.214983,0.6294961,0.75152624,1.558525,1.3387284,1.1137537,0.19256604,-0.18855721,-0.40321314,-0.31218445,0.45559373,0.22549628,0.32557034,0.20998114,-0.64911819,-0.033390332,-0.85392666,0.343678,-0.43271062,-0.006449699,-0.21631002,0.65310425,0.14107785,1.4988468,-0.16637532,0.122944,-1.1579553,-0.30181244,0.00189469,0.59460938,-1.0505828,0.41648373,0.20279263,-0.94814414,-0.11571669,-1.2438073,-0.66907543,0.24334562,0.61635226,0.70738482,-0.097360529,-1.8016636,0.87718832,0.072368205,-1.0440532,0.66581631,0.021285791,0.14429043,0.74864078,-0.001534596,0.25112057,-0.42559052,0.046308346,0.61991656,-0.56491983,-1.0792675,0.040756337,0.5139544,-0.26850674,0.39264381,0.087719351,-0.21645141,-0.081009142,-0.36690435,0.46708459,0.67002785,-0.24774459,-0.41355842,-0.1838381,0.044482052,0.46907005,-0.89836776,0.35947055,-1.0191172,-0.40447557,-1.8211606,-1.0115857,-0.068504125,-0.52317971,0.13141805,-0.30741948,0.098548032,-0.09579242,-0.22903097,-0.784136,-0.54070652,0.64757323,-1.0434233,-0.31813586,-0.13359705,0.13878039,0.31243801,-0.45124021,-1.5436097,0.81657195,0.42668679,0.85078198,-0.15761268,0.48325312,0.32980424,0.040587097,-0.025553107,-0.12107269,0.30863994,-0.52672112,0.024119824,0.21420251,-0.35093117,-0.71378136,0.046478905,-0.56387466,-0.67896336,0.41359454,-0.48969814,-0.075976238,-0.82170475,0.65178996,0.88758624,0.057083599,0.20222206,-1.6390367,0.72306645,0.088223606,-0.14833376,-0.081379592,-0.51615989,-0.04551727,-0.14749005,-0.62731248,1.1584876,-0.74701917,0.083451316,0.2504386,-1.6587471,-0.20875418,0.25052434,0.003370009,-0.5680362,-0.94961667,0.280559,0.11914425,0.32046491,0.76071036,-0.78821194,-0.16758943,0.014786303,0.052520338,0.28417036,0.29864189,0.10562097,-0.096320033,-1.2356158,-1.6561389,-0.71261728,0.26374906,0.5263446,0.41182938,-0.42631212,-0.29659244,0.076700822,1.089028,0.000483699,0.048650071,-0.33180869,-0.26814434,1.0251931,0.095346808,0.19581236,1.1657534,-0.11659613,-2.2380333,0.01633016,0.80551612,-0.007689999,-0.075399831,-0.74188685,0.046176314,-1.5865195,0.097297177,-1.135407,0.43931481,0.11512499,-0.8319428,-0.11950883,0.26132745,0.61991405,-0.26195961,-0.13479845,-2.5091579,0.34604579,-0.42288256,-0.093614012,-0.058740616,0.23636036,0.49565282,0.13940413,-0.15872177,0.49170071,-1.5090115,-0.88468683,-0.28104386,0.85525489,-0.33471841,0.14096442,0.21473944,0.3882395,-0.055455733,0.38099903,0.37563133,0.7680158,-1.0370303,-0.4151423,0.89719814,0.080571346,0.26826388,-0.12133895,-0.18773061,-1.310451,-0.50667334,0.098182783,-0.42112491,0.52045941,1.2143817,0.37498075,-0.50135821,0.15499678,-0.37099326,0.68687284,0.71177256,-0.40335143,0.087225698,1.3534318,0.18871959,0.090309478,-0.97365642,-0.20671009,-1.9327091,0.94737834,-1.3692657,-0.28603452,-0.11626408,-1.2150307,-0.26134038,0.17542741,-0.10202138,0.93272972,0.68810248,0.40166083,-1.9152546,0.88966054,0.093115769,1.3340992,0.026711453,-1.1278226,0.001690164,-0.9244951,0.60081589,0.36547232,-0.75160474,0.52729142,-1.8110307,-1.5344301,-1.3424351,-0.43396837,0.57728207,0.63419807,0.23042086,-0.97053397,0.69843495,-1.1385756,-0.039763004,0.56793267,-1.0377908,0.036500439,0.00563874,0.67836785,0.068153694,0.40775251,-0.075456828,0.48206633,0.010910254,0.63319927,-0.030894684,-0.079219542,-0.77557606,0.28953761,1.0898378,-0.6177758,0.80617243,0.48482502,0.57589662,-0.64274269,0.84893888,0.18203464,-0.97770607,-0.59943974,-0.014315486,0.17658071,0.096387282,0.81756067,-0.27660879,-0.47713047,-0.55970281,-0.051699851,0.74400705,-0.17864032,0.17189027,-0.37637031,0.10691854,1.4438998,-1.172296,0.10007261,0.22707149,-0.58176452,0.001526561,0.14578304,-1.4307368,-2.0226803,-0.18330148,0.53244328,0.032922149,-0.18783551,0.79774827,0.098210722,0.37317359,0.2048517,-0.11889173,-0.61372143,0.10815416,0.18817258,-0.038985074,0.006839335,0.17385232,0.10120643,1.1694726,-1.5216792,-0.10780489,1.4986463,1.348871,0.59219944,-1.4391893,-0.20805691,-0.45411709,-0.184338,0.05631379,0.3487024,0.83048087,0.60149306,0.27695286,0.33334741,0.21940553,0.81555372,0.75023043,1.1537987,-0.8616634,0.29679281,0.36005497,-0.027154431,-0.3339448,-0.10985119,-1.5477729,0.26538649,-0.003870893,-0.40380788,-0.20175639,0.80199385,0.17760673,-0.5842067,0.17667305,-0.27223095,0.33219689,-0.08927758,0.76536775,1.0550967,0.34233093,-0.056355253,0.60544294,-0.058763903,0.19912271,-0.92143822,0.34326607,-0.74510527,0.00610894,0.76079285,-0.83120942,-0.74779338,0.43225241,0.30639011,-0.72249949,-1.2302905,0.56743872,-0.59410185,-0.13225192,-1.6106007,0.31616607,-0.23923847,-0.72308302,-0.36166763,1.1524351,0.34631383,-1.7998195,-1.1612854,-0.39371842,-0.010429416,0.35950112,-0.16848102,-0.004747775,0.44001871,0.15252094,-0.15430038,0.18433967,0.41097799,0.41395333,-0.10183956,-0.10645857,0.31623074,-1.3842864,-0.018307181,0.49032259,0.031584822,0.21162729,0.63582975,1.1390096,-0.37777027,-0.73371983,-0.4239217,0.44963917,-2.0238972,0.33994287,0.11980335,0.39581394,-0.67970705,-1.2379004,0.46572149,-0.50739855,0.13710879,0.042756297,-0.042583037,0.59158564,0.05473838,0.27386838,0.36793813,-0.046841018,-0.12309268,-0.43789977,-2.1538968,-0.75033075,-0.94881278,-0.038171627,-0.87149912,0.1779801,-0.1668136,-0.35947925,-0.033766396,2
0.631091,0.36846015,0.34198564,0.59686714,0.58951616,0.60681587,0.5914852,0.58451581,0.59682167,0.59207225,0.59072077,0.59139657,0.58798373,0.58099449,0.60269374,0.58331949,0.60498005,0.6096915,0.59967899,0.59530419,0.57847399,0.58468497,0.5751124,0.58641303,0.59153688,0.58001715,0.58544594,0.57330686,0.58213961,0.58030212,0.57760179,0.58950245,0.57758749,0.58071375,0.58032781,0.5724898,0.56718236,0.58820522,0.56292117,0.56667668,-0.83715492,0.33805275,0.38213909,0.41198379,1.3391957,1.7085161,1.274039,0.70359457,0.80884707,1.6136408,1.3903568,1.1738529,0.31016821,-0.1741081,-0.39267322,-0.38507023,0.58868861,0.33620822,0.39708203,0.30198503,-0.92556155,0.024248149,-0.6680578,0.31477135,-0.74965763,0.017249674,-0.19853602,0.73507762,0.12466434,1.5085877,-0.13041939,0.20736541,-1.1210761,-0.2449256,-0.12162897,0.75167835,-1.0173635,0.5383954,0.23272996,-0.88424987,-0.12784666,-1.2411335,-0.56280911,0.29504085,0.7464447,0.63637996,-0.006492004,-1.6717792,0.50085849,0.10270398,-1.0834763,0.6492905,0.056333106,0.071140535,0.44310832,-0.068044089,0.42812911,-0.27064699,0.062019497,0.5473333,-0.33818483,-1.0777954,0.054515053,0.55366039,-0.29971468,0.3363308,0.007927179,-0.11471975,-0.20287025,-0.28701743,0.46694818,0.67919344,-0.15613879,-0.30075571,-0.37742198,0.054444283,0.28121227,-1.0657557,0.45207447,-1.2231435,-0.3611362,-1.7289472,-0.95087326,-0.057326343,-0.55166936,0.20007241,-0.40199417,0.16949981,-0.097677447,-0.083042853,-0.7496196,-0.54950345,-0.27217194,-1.0607849,-0.23556526,-0.079898566,0.18080334,0.17023125,-0.4470076,-1.5438544,0.19970769,0.5145489,0.76752782,-0.16222806,0.44728515,0.26034054,0.07657852,-0.6253795,-0.3757174,0.36000723,-0.31281349,-0.18730879,0.35334301,-0.3513352,-0.66785491,0.065658242,-0.58957255,-0.4946236,0.30003715,-0.3386488,-0.00179046,-0.64576536,0.74439365,0.61227316,0.13335885,0.049227297,-1.6481124,0.52884132,0.024994083,-0.20112309,-0.088356644,-0.48819548,0.04141115,-0.18122028,-0.66695082,1.0238614,-0.61907804,0.11681538,0.29529718,-1.6872164,-0.15148209,0.24517393,-0.18258935,-0.51217264,-0.89218473,0.40458572,0.05940634,0.33022118,0.65096992,-0.76911175,-0.16437039,0.039953128,0.052087873,0.022606447,0.44610423,0.0938581,-0.067065462,-1.2353991,-1.6954173,-0.65704048,0.28414097,0.75682712,0.20620427,-0.43757227,-0.24759313,0.004505187,1.4142627,-0.16056298,0.13563725,-0.18768477,-0.27637017,1.0105996,0.15177864,0.2838226,1.2479936,-0.12094936,-2.1583953,-0.12491747,0.40110472,0.052562904,-0.14108357,-0.77869064,0.05016654,-1.4179399,0.24547318,-1.0471663,0.47261482,0.13270363,-0.89445865,0.064472102,0.10709652,0.59125257,-0.14050299,-0.31943277,-2.4217174,0.29702088,-0.8345933,-0.022183195,-0.013561711,-0.033198938,0.72919369,0.15718454,-0.25381154,0.69570869,-1.462117,-0.9016695,-0.26837894,0.43266842,-0.34608486,0.1294339,0.22378558,0.42098761,-0.042809833,0.49244514,0.56414145,0.77987361,-0.84375644,-0.30884537,0.55935222,0.004953392,0.16832224,-0.11128263,-0.36033142,-1.2609781,-0.49824101,0.10101608,-0.42343262,0.41181111,0.8370263,0.42903966,-0.48478925,0.13780805,-0.34339064,0.46884915,0.26054245,-0.4188379,0.1204516,1.5794227,0.12415616,0.12779787,-0.97609508,-0.16161971,-1.9364527,1.2093787,-1.4152067,-0.13166973,-0.077411108,-1.5778186,-0.1973612,0.096679494,0.069299862,0.5471859,0.44903708,0.35496813,-1.7412021,1.047666,0.007037066,1.1118611,-0.029866058,-1.2544538,-0.072495066,-0.85628414,0.63601685,0.33872843,-0.80112946,0.17042348,-1.6764319,-1.4941891,-1.3446881,-0.35745597,0.34487104,0.28543639,0.33704072,-0.99584043,0.77744395,-1.1068401,-0.10715827,0.23858407,-1.1640252,-0.10863928,0.095074929,0.38867337,0.22113001,0.26194534,-0.12019604,0.50352287,0.036813717,0.9717018,0.098924965,-0.14239967,-0.65233469,0.38444555,1.0058907,-0.71900111,0.51624376,0.47677386,0.47690469,-0.61981201,0.45610863,0.23807847,-0.92301536,-0.60398841,0.11541916,0.12610379,0.18181065,0.7128818,-0.33624843,-0.50597692,-0.56820899,-0.040452704,0.46669394,-0.24160612,0.042816631,-0.3936916,0.17477734,0.96100569,-0.9909088,0.15365683,0.25336337,-0.42041278,-0.11817455,-0.32083046,-1.3283901,-1.8764241,0.093704715,0.62170255,0.001994833,-0.13380998,0.69443399,0.013865769,0.41766033,0.27905905,-0.20277031,-0.60590965,0.20719707,0.037718851,-0.11362231,-0.72233683,0.26919082,0.046053648,1.0895607,-1.6039371,-0.028198184,1.3177291,1.4853052,0.37885475,-1.4795403,-0.40319487,-0.6039722,-0.34398857,-0.040970426,0.43434769,0.8344332,0.84188384,0.44139007,0.1454128,0.24288651,0.78392917,0.68663061,0.79229587,-0.96243119,0.14711979,0.12805238,0.11761485,-0.36023223,-0.20049387,-1.7451369,0.36817729,0.033485617,-0.34112838,-0.17866758,0.091360897,0.09144707,-0.78657246,0.27291664,-0.17661695,0.14686602,-0.16598795,0.21599504,0.76411033,0.27817568,0.11041901,0.59210652,-0.033503398,-0.20443712,-0.89455348,0.29772151,-0.6386168,-0.032014966,0.79145002,-0.94615704,-0.31179485,0.53041255,0.29297242,-0.67687762,-1.1431879,0.49168852,-0.61961704,-0.075869642,-1.7017372,0.26577055,-0.16176665,-0.44430768,-0.46782398,0.9579972,0.3050932,-1.8307999,-1.0844061,-0.45374435,-0.043419234,0.33356398,-0.17596781,0.126462,0.43583032,0.24995989,-0.10648021,0.2958515,0.29534459,0.34425378,-0.076301157,-0.03358274,0.10224994,-1.4326546,-0.043974143,0.45430604,0.012577739,0.1672938,0.63535661,0.69923651,-0.42507595,-0.77178925,-0.44077754,0.005154118,-1.8407016,0.34574533,0.31687891,0.47637939,-0.70420557,-1.300805,0.24650955,-0.64587873,-0.006150991,-0.1754978,-0.033031452,0.72480738,0.12260351,0.36102742,0.36062869,0.031299017,-0.2280063,-0.35510811,-2.2488577,-0.65734398,-0.9230783,0.069758363,-1.0210929,0.23157513,-0.11672164,-0.28746805,0.017739188,2
0.65429068,0.41362864,0.36322218,0.6150822,0.6041497,0.61276871,0.61057413,0.59732974,0.60599083,0.59984076,0.59599042,0.60561216,0.60680062,0.59495211,0.61581445,0.59668034,0.61127466,0.62807441,0.60421014,0.60619223,0.58606958,0.59661537,0.59605545,0.60023785,0.59387618,0.58809543,0.59945887,0.58763742,0.59710228,0.59473932,0.59539163,0.59201545,0.58516049,0.5852592,0.58544421,0.57698625,0.57751203,0.59803945,0.57359564,0.58009136,-1.0301663,0.36191344,0.5813849,0.55625194,1.4665869,1.7772386,1.4658891,0.87320238,1.0069548,1.7909898,1.5242519,1.3597088,0.44617486,-0.19373393,-0.40757328,-0.3498463,0.7859149,0.4314689,0.51852489,0.37411505,-0.94499665,-0.011688056,-0.65092891,0.47371349,-0.79695314,-0.029949673,-0.23134308,0.76896983,0.14311151,1.3749359,-0.19618171,0.28783444,-1.2187594,-0.14688851,-0.14148702,1.0924563,-1.1377379,0.63747162,0.23552513,-0.92467833,-0.13454349,-1.1866026,-0.57250047,0.34468314,1.0277655,0.76804519,-0.00743877,-1.7330278,0.68879408,0.14467357,-1.091904,0.63015467,-0.01065091,-0.022474336,0.68784058,0.010347649,0.26009452,-0.68619138,0.094835185,0.71437013,-0.74476671,-1.139474,0.082364194,0.54177117,-0.27927881,0.24968895,0.033803698,-0.098301306,-0.11616209,-0.27702063,0.40687594,0.67628133,-0.1294432,-0.49271575,-0.51397443,0.27896249,0.3419863,-1.2075369,0.50374782,-1.1048905,-0.34984505,-1.8791131,-1.1566041,-0.082404666,-0.54930758,0.22252403,-0.41471183,0.10362098,-0.063228935,-0.31408346,-0.79664922,-0.58737135,0.19045788,-1.2106805,-0.32089797,-0.27958265,-0.018112898,0.30970594,-0.44632986,-1.878832,0.73650706,0.59305805,0.89656699,-0.27723011,0.51000023,0.33433646,0.034621097,-0.35189432,-0.27494031,0.33008158,-0.61447883,-0.027106479,0.48507825,-0.31902528,-0.89637691,0.075513601,-0.68279874,-0.71626723,0.33164191,-0.57473624,0.032384407,-0.81362069,0.79534394,0.66848928,-0.012717646,0.030376654,-1.8119831,0.72458327,-0.066792026,-0.23531055,-0.067504101,-0.61281055,0.038191702,-0.15639511,-0.78364182,1.170803,-0.82617354,0.15585901,0.37297806,-2.0225513,-0.12917472,0.29670948,-0.13891745,-0.51002896,-0.90316176,0.29234815,0.04720071,0.46817374,0.74810183,-0.85406524,-0.15521523,0.061614767,0.080578998,0.16356973,0.40050831,0.18575674,-0.1510556,-1.3837584,-1.8865137,-0.83590055,0.28414351,0.73309106,0.30493098,-0.42464578,-0.36870986,0.061265662,1.3864963,-0.037300445,0.10160704,-0.47543627,-0.38114583,1.1144952,0.27180243,0.31330884,1.1543846,-0.12956247,-2.0403104,-0.052412931,0.56217778,-0.011513553,-0.069295965,-1.0373088,0.090195447,-1.7902757,0.25656188,-1.4695934,0.47946033,0.055155315,-0.89692754,0.074037522,0.16693193,0.57066011,-0.10778169,-0.070901692,-2.8898897,0.3361159,-0.61377621,0.060073331,-0.015519828,0.16911677,0.57410431,0.1946097,-0.16500436,0.47692138,-1.8897257,-0.87339258,-0.32726631,0.39883393,-0.37917915,-0.005534217,0.12124878,0.47925031,-0.002006229,0.46003613,0.40843809,0.73620194,-0.93121445,-0.27778581,0.67903048,0.034966893,0.22422621,-0.097373903,-0.27369174,-1.2003586,-0.46046293,0.16523142,-0.40005511,0.34012085,1.1369497,0.45746645,-0.47127742,0.21674055,-0.39371306,0.75167149,0.62287211,-0.41230291,0.11195889,1.8310134,0.23971356,0.1353662,-1.0610234,-0.24977376,-2.074439,1.1159887,-1.4810365,-0.51727885,-0.11371416,-1.4527358,-0.29623771,0.22248369,0.15254654,0.67176247,0.58988756,0.25463682,-1.8990191,1.0235939,0.09483064,1.2923343,0.068410009,-1.1425465,-0.10536486,-0.97081828,0.75952935,0.30694067,-0.91902918,0.35383341,-2.1373901,-1.8608426,-1.4020206,-0.3688044,0.45396852,0.58380198,0.42457029,-1.115433,0.84193659,-1.3341423,-0.17137051,0.38853419,-1.2111028,-0.061054572,0.1092259,0.60542303,-0.11318538,0.37639213,-0.1313269,0.46140084,0.021429915,0.6872043,0.1112481,-0.1740292,-1.0501928,0.50269723,1.0736353,-0.59224838,0.60949707,0.5248183,0.45066896,-0.69139719,0.6624105,0.19951946,-1.2204092,-0.64063275,0.13674745,0.06172394,0.14014024,0.88955283,-0.32658872,-0.61669844,-0.61045265,-0.060319416,0.60278893,-0.27606085,-0.009743955,-0.40303421,0.27223724,1.2316039,-1.3573908,0.17727083,0.41677922,-0.6482054,-0.047784019,0.099746555,-1.4836769,-2.0745859,-0.25139356,0.78887105,0.15559155,-0.20125763,0.87144786,0.20264985,0.53169739,0.35701758,-0.2090763,-0.71676278,0.30004227,0.10498123,-0.2402166,-0.45912489,0.26162377,0.18216506,1.3721113,-1.6486359,-0.065711066,1.6357287,1.7318256,0.44850275,-1.3827226,-0.35976908,-0.6662361,-0.22217044,0.086281247,0.35186803,0.91001248,0.7832067,0.57169771,0.29246524,0.25190455,0.88465679,0.67626888,1.0576377,-1.0159489,0.25730401,0.24271303,0.11682765,-0.3177976,-0.19351834,-1.6028489,0.46073139,0.045014188,-0.38174146,-0.28232139,0.40037525,0.18562087,-0.65705043,0.22608377,-0.11253285,0.41616791,-0.43231881,0.5322395,1.0263956,0.25169051,0.10980238,0.72008705,-0.29020694,-0.049924672,-1.1034722,0.34098491,-0.6966666,0.031700388,0.77567506,-1.0230551,-0.55002165,0.38550586,0.3185814,-0.76375163,-1.4366825,0.68942899,-0.62459552,-0.10484485,-1.6769122,0.31421933,-0.23170751,-0.7434746,-0.56084383,1.1317585,0.40404847,-2.1434832,-1.3818605,-0.43048227,-0.028893303,0.33365101,-0.067340009,0.13032219,0.56320226,0.24057549,-0.22450136,0.22023869,0.31954813,0.29750037,-0.011300296,-0.16694783,0.26527056,-1.5096171,-0.080072045,0.35898584,0.10897033,0.1774509,0.6504705,1.1206219,-0.43606478,-0.94267452,-0.38668138,0.25507599,-2.0521922,0.41106835,0.29242185,0.57270408,-0.77637875,-1.4761219,0.35421073,-0.65069997,0.34509933,0.025073055,-0.054656144,0.58081514,0.17143017,0.38980573,0.46512118,0.036572274,-0.33263117,-0.41086137,-2.3983774,-0.63598418,-1.1311018,0.1372292,-1.2371318,0.29903951,-0.10264255,-0.27300259,0.094720162,2
0.58347046,0.33102888,0.2978377,0.53990024,0.52980208,0.54410225,0.52573884,0.52140117,0.52530205,0.54243481,0.52697933,0.52887815,0.52711558,0.51958054,0.54091442,0.51391214,0.52075398,0.55028677,0.54481786,0.50938022,0.50884593,0.52996624,0.52925062,0.51852554,0.5295397,0.51608253,0.53923315,0.52902693,0.52022815,0.53361082,0.52193141,0.5269897,0.51327682,0.51542449,0.53004694,0.50131905,0.50534284,0.51999795,0.51070845,0.51566768,-0.86954772,0.30738178,0.45555216,0.46197331,1.3430979,1.7084858,1.3547305,0.75752974,0.89535558,1.6717725,1.4433494,1.2458942,0.31281325,-0.22803739,-0.37792525,-0.41774634,0.58627152,0.28585631,0.40092182,0.25222537,-0.63293386,-0.016483122,-0.82300675,0.34535906,-0.48016447,0.009329826,-0.15706706,0.73944581,0.1381149,1.6262043,-0.20479779,0.20409006,-1.2269565,-0.27979305,0.003937207,0.86018074,-1.0257919,0.4969483,0.19001274,-0.99815446,-0.18721431,-1.3364723,-0.58063293,0.34262481,0.81833494,0.71390587,-0.11459839,-1.7900499,1.0884197,0.086210757,-1.0655642,0.61156183,-0.00640814,0.085167386,0.85454893,0.043623745,0.35308212,-0.4986724,0.051094502,0.64321041,-0.56812358,-1.20109,0.069267362,0.44480985,-0.26954195,0.22719556,0.029945631,-0.26166764,-0.096812993,-0.42192331,0.51702386,0.7934463,-0.19870052,-0.30296028,-0.31676072,0.16535653,0.55250633,-1.0694361,0.40408823,-0.97552854,-0.41055188,-1.9264314,-1.092315,-0.032320708,-0.56891775,0.070093602,-0.41055775,0.084364407,-0.08397527,-0.23512721,-0.7873292,-0.5587641,0.55116212,-1.0605155,-0.19780289,-0.2117997,0.14111784,0.1498037,-0.54559577,-1.695713,0.82727098,0.46112025,0.93215597,-0.16503945,0.50594121,0.31802112,0.10004678,-0.064152494,-0.11088356,0.30268073,-0.60680258,0.25084227,0.36030155,-0.34446776,-0.81713903,-0.029069223,-0.66048455,-0.72900045,0.37723029,-0.45417812,0.068815582,-0.86490846,0.67978543,0.77367365,0.1248062,0.10054805,-1.8577987,0.8364495,0.000726148,-0.15245578,-0.080169111,-0.53577387,-0.092903696,-0.17910595,-0.67871511,1.1832328,-0.8743974,0.11854527,0.39555562,-1.7342016,-0.19057262,0.28433305,0.032861471,-0.61663127,-0.99809784,0.42029876,0.045769781,0.2323363,0.87916601,-0.68396664,-0.23384717,0.028593004,0.015661027,0.53359097,0.4103061,0.13564321,0.002756044,-1.297316,-1.7919309,-0.75440633,0.28544897,0.73118299,0.30549347,-0.46136054,-0.33491993,0.091628581,1.2483714,-0.03113804,0.1096501,-0.31259584,-0.31891242,0.99719667,0.10310236,0.24797481,1.1226258,-0.12808949,-2.2514265,-0.022299852,0.93931991,-0.046986237,-0.28037527,-0.82455134,0.021812975,-1.7128662,0.17515253,-1.2355509,0.45279443,0.15693037,-0.81163776,-0.062260959,0.32065293,0.53781098,-0.29086399,-0.040969446,-2.7038999,0.30013552,-0.49425155,-0.058868092,0.019169435,0.23666728,0.53545445,0.11052818,-0.178737,0.59101737,-1.75301,-0.90980351,-0.24832876,0.79093742,-0.39795932,0.088875368,0.15544508,0.43219322,-0.00855276,0.44080463,0.42339653,0.77108014,-1.1222093,-0.39499915,0.93789101,-0.012668297,0.30893749,-0.099520363,-0.16406342,-1.3181449,-0.56032258,0.063952588,-0.49847978,0.56208563,1.450346,0.36949453,-0.47381061,0.33195645,-0.48076832,0.63131738,0.83068192,-0.37890506,0.070266768,1.704895,0.1672814,0.24786398,-0.82866156,-0.26968738,-2.0951526,0.95299911,-1.5339713,-0.29092658,-0.20398372,-1.4095446,-0.22492756,0.14164069,0.029281512,0.96801972,0.72046489,0.38456059,-1.9767981,0.91806883,0.2163325,1.4078828,0.027146168,-1.1682867,-0.029308677,-0.94174379,0.55604231,0.34757262,-0.82781398,0.48019695,-1.8797717,-1.7041934,-1.5456359,-0.35486621,0.61034453,0.7739892,0.22062314,-1.0067179,0.7794466,-1.3378754,-0.13205183,0.33149818,-1.0946298,0.027768213,0.013370771,0.64368832,-0.021792741,0.42678314,-0.01529263,0.40967882,0.026117552,0.56928331,0.02693253,-0.12133704,-0.77197236,0.38515407,1.0578299,-0.64866722,0.66600591,0.53013247,0.60287505,-0.68657178,0.77531278,0.29950464,-1.0828003,-0.6763463,0.068391435,0.17676523,0.25838861,1.0370958,-0.29059038,-0.48576662,-0.5277614,-0.027152818,0.77661794,-0.22745791,0.16585651,-0.38504609,0.15441072,1.5457665,-1.2591537,0.17562424,0.36941785,-0.65326238,0.026337218,0.57406139,-1.5719569,-2.1495941,-0.34148854,0.65813053,0.024840698,-0.18034413,0.89869702,0.2012971,0.4656654,0.31908858,-0.15560976,-0.59855485,0.17014471,0.14074394,-0.055630576,-0.26210329,0.20832098,0.17365396,1.3238804,-1.6624284,-0.13512298,1.5191567,1.5775537,0.42555144,-1.3986567,-0.25171167,-0.52523255,-0.19058429,0.026807493,0.41670734,1.0408876,0.8309505,0.41573742,0.30358955,0.21794166,0.85779965,0.80893677,1.377745,-0.77970034,0.23706771,0.45684731,0.04331933,-0.45622671,-0.11415089,-1.4809818,0.30130523,0.013099626,-0.43134093,-0.20314242,0.99597597,0.2860882,-0.68782932,0.19108666,-0.23254459,0.41914123,-0.20076534,0.82353622,1.0798639,0.35220093,-0.020807534,0.70088744,-0.060783677,0.20383894,-1.0753235,0.36670595,-0.66741192,0.011072367,0.74333346,-0.76234269,-0.6885221,0.41488415,0.32940799,-0.75797588,-1.2391734,0.61843461,-0.69163072,-0.13777736,-1.7942936,0.33606136,-0.23524714,-0.70757544,-0.40788254,1.1392088,0.43315938,-1.9800441,-1.270159,-0.38461971,0.005376715,0.30232805,-0.051382244,0.083664767,0.53696215,0.22049491,-0.20589402,0.25360209,0.38152957,0.30802169,0.022825465,-0.10732205,0.24957344,-1.4678535,0.028887941,0.54176569,0.095774978,0.19995177,0.57624811,1.1680636,-0.38828346,-0.83433533,-0.36093986,0.37137148,-2.1198449,0.31777206,0.25848043,0.39823756,-0.6895594,-1.4062018,0.41199023,-0.69241947,-0.032960922,0.095260181,-0.043529209,0.63764668,0.16853526,0.33917534,0.4790768,-0.013803707,-0.19645882,-0.48582125,-2.4461083,-0.84454465,-1.0410566,0.033423979,-0.91558403,0.25414684,-0.17871237,-0.35901397,0.069455944,2
0.74784005,0.49498242,0.45319647,0.70082986,0.68972653,0.70790219,0.69000268,0.67723465,0.69604468,0.68707871,0.68884861,0.69149297,0.68738222,0.67874372,0.70172918,0.68372309,0.70409799,0.71131152,0.69485629,0.67984366,0.68673277,0.68645078,0.68239492,0.68779242,0.68438083,0.68376702,0.69115299,0.67636102,0.68836939,0.67391479,0.68174005,0.68339372,0.67566383,0.67847359,0.6810075,0.66844237,0.66340387,0.68430328,0.6656068,0.67059028,-1.0651507,0.43793136,0.61798531,0.57777965,1.4838296,1.8526655,1.5118035,0.90908319,1.0570903,1.8361309,1.5929526,1.3842984,0.31626573,-0.19343334,-0.46749136,-0.43760169,0.63355482,0.37539232,0.47701746,0.31861761,-1.132893,0.097399801,-0.76642519,0.27989882,-1.0661012,-0.029149778,-0.24076954,0.8417837,0.36562309,1.5686152,-0.16272208,0.22762249,-1.3007206,-0.29129422,-0.13836411,0.94550842,-1.2694062,0.53289598,0.20756146,-1.0715226,-0.12196733,-1.0652074,-0.62357849,0.29320237,0.83896446,0.79234916,0.021014035,-1.8891774,0.59711725,0.18534142,-1.1467381,0.86646032,0.046612035,0.04876332,0.59549022,0.094267935,0.32517651,-0.51487893,0.069235295,0.59204054,-0.71934783,-1.2315199,0.075969189,0.64979994,-0.52120763,0.27939677,0.17076613,-0.088172257,-0.23060772,-0.37244228,0.40417159,0.79917127,-0.24761598,-0.62135589,-0.42742684,0.3172915,0.41348842,-1.1844566,0.5207808,-1.2864106,-0.41281778,-1.9553113,-1.0805538,-0.090642318,-0.50928247,0.23406973,-0.51466,0.21282497,-0.18779677,-0.17564487,-0.95523268,-0.61690187,-0.26226878,-1.2688622,-0.35758153,-0.23853397,0.061724827,0.24849625,-0.551301,-1.7787256,0.20387793,0.61527598,0.93092716,-0.28010049,0.53469169,0.32007331,0.08695145,-0.63445675,-0.47705004,0.39613104,-0.73691666,-0.4118835,0.37927946,-0.37988889,-0.85631442,-0.025089759,-0.49211714,-0.763008,0.34983099,-0.69665438,-0.035389461,-0.90926141,0.8832469,0.73397028,0.012879804,-0.056844987,-1.9607927,0.40123951,-0.0047848,-0.19373605,-0.077981994,-0.6263203,-0.060245108,-0.15164208,-0.76937211,1.2222252,-0.85007042,0.14378023,0.33620435,-2.1101606,-0.23649761,0.42255345,-0.17886567,-0.54736781,-1.1957551,0.37020931,0.14435595,0.64155483,0.86450523,-0.89450932,-0.22778989,0.08417315,0.085835919,0.11009488,0.40262657,0.071777344,-0.28520972,-1.4875364,-1.9407415,-0.89884371,0.34782982,0.57590336,0.45237818,-0.52353877,-0.4492029,0.14090663,1.5987788,-0.18266094,0.10437381,-0.44594556,-0.32686806,1.1595423,0.1935403,0.33891004,1.3245809,-0.11262082,-2.2714913,-0.061269071,0.52597779,0.10281103,-0.11962166,-0.82366478,0.06918709,-1.6789471,0.23210751,-1.4736887,0.60586941,0.028160324,-0.9837724,-0.025387347,0.057547376,0.65604872,-0.11426755,-0.32391581,-2.8887496,0.33503687,-0.73384762,-0.025545616,-0.004009306,0.089237019,0.77402246,0.33118761,-0.26322436,0.62349576,-1.58081,-0.96522284,-0.17172511,0.49892348,-0.47458562,0.093514249,0.2506167,0.38298881,0.052847415,0.44569284,0.4283874,0.93838018,-1.0684572,-0.39405727,0.52035373,-0.013414867,0.26361012,-0.082293242,-0.19064446,-1.3739188,-0.46613136,0.1356824,-0.47314942,0.46854472,1.032226,0.45628408,-0.61601484,0.17123774,-0.4357205,0.73929864,0.4656918,-0.45770654,0.16643268,1.916729,0.18855691,0.19293901,-1.1826041,-0.23935787,-2.2179081,1.2338113,-1.4586124,-0.3264254,-0.11508361,-1.6884501,-0.47753581,0.30330968,0.25794771,0.65425432,0.56836629,0.24879728,-2.0551271,1.2406199,0.075653732,1.209973,-0.024961503,-1.2471964,-0.066026293,-1.0539489,0.92870885,0.33495802,-0.99570817,0.31407553,-2.0288029,-1.9601369,-1.4672227,-0.42162502,0.60584831,0.44292948,0.34176546,-1.1427214,0.83211267,-1.3104718,-0.034299299,0.38821205,-1.1861912,-0.087808318,0.11575934,0.60883057,-0.23606196,0.34193563,-0.093981758,0.67135465,0.061775625,0.86692464,0.012118623,-0.19231306,-0.95594209,0.47040558,1.1256673,-0.58867872,0.74548835,0.54256475,0.50435436,-0.67600942,0.49037245,0.13692179,-1.1294241,-0.45371944,0.11256602,0.12909965,0.13336234,0.81964028,-0.28133851,-0.65430212,-0.65966696,-0.022861976,0.58778596,-0.18983075,0.12369199,-0.35512006,0.22501448,1.2189739,-1.2838135,0.17236052,0.30499986,-0.69678438,-0.005583257,-0.3932699,-1.5927849,-2.239327,0.011390224,0.70304543,0.21675323,-0.16202886,0.8634752,0.21107426,0.48944047,0.2983242,-0.27916303,-0.6679408,0.2491632,0.065635748,-0.21854144,-0.5767653,0.30887932,0.099138476,1.5559295,-1.8014667,0.00887722,1.7297806,1.9339002,0.42968374,-1.5772746,-0.30253953,-0.43454218,-0.20834294,-0.011390608,0.4326362,0.94104928,0.82614827,0.65336835,0.2619324,0.28696084,0.78575397,0.7141937,1.0569633,-1.1670287,0.25850409,0.18544625,-0.059435531,-0.33945057,-0.21131966,-1.7891386,0.41046804,0.057330821,-0.41227761,-0.1561611,0.082222447,0.12773219,-0.70970219,0.31846347,-0.28858307,0.3558991,-0.28923196,0.52002913,1.1432884,0.31434327,0.026048627,0.74907517,-0.24703279,-0.23592776,-1.0707754,0.378649,-0.78294075,-0.11542609,0.899046,-1.2193775,-0.56721485,0.53322756,0.31190747,-0.66560531,-1.4473031,0.61533296,-0.67503065,0.087001026,-1.8619032,0.37250611,-0.2986322,-0.64661872,-0.63482976,1.2288678,0.38401568,-2.1639271,-1.4113632,-0.41245961,-0.003616575,0.31552559,-0.060179323,0.13068461,0.38885218,0.27035147,-0.15851852,0.23394763,0.39928612,0.43804494,0.021841735,-0.42500329,0.2265359,-1.6483426,-0.05064702,0.41554159,-0.015635224,0.27788985,0.82420778,1.35513,-0.53991961,-0.99747509,-0.31354934,-0.058571339,-2.1299579,0.46473491,0.26268816,0.49637759,-0.83529949,-1.5284915,0.35275167,-0.67131197,0.66166204,-0.053707466,-0.054156363,0.7703861,0.11538067,0.37773585,0.35914442,-0.001331848,-0.14843191,-0.41871086,-2.5091436,-0.85697722,-1.0142211,0.044593118,-1.1458738,0.4645505,-0.16018397,-0.30891728,0.033570752,2
0.5622564,0.31431293,0.27569598,0.53816724,0.53044826,0.55640453,0.53225338,0.52853858,0.53185183,0.52495718,0.52989876,0.52921903,0.52637511,0.51712263,0.53657258,0.52236414,0.53860474,0.54543018,0.53250039,0.51865172,0.5163132,0.52582967,0.51400983,0.52004296,0.52221167,0.51481676,0.52795613,0.51731342,0.52425677,0.51677907,0.515751,0.51799238,0.50481504,0.50619799,0.51027143,0.49636626,0.49986464,0.51166809,0.49174237,0.50323629,-0.90174472,0.26347578,0.35524315,0.38862729,1.3332069,1.6767761,1.2484549,0.6722312,0.79985905,1.6048124,1.3848251,1.1641788,0.23743606,-0.22106563,-0.26911122,-0.39050204,0.5266484,0.28526536,0.33684552,0.24106392,-0.87170577,0.019671466,-0.58812678,0.37093574,-0.84941345,-0.12227798,-0.2074246,0.62320745,0.25548136,1.3462949,-0.17553064,0.17344773,-1.1636436,-0.33541772,-0.015909687,0.8193748,-1.1134197,0.49416268,0.16932131,-0.95059085,-0.1118423,-1.0632961,-0.62768453,0.38114271,0.69954967,0.64884138,-0.016655816,-1.6436779,0.71545678,0.094709016,-1.0938158,0.63246876,0.051933941,0.052489422,0.54960191,-0.10992587,0.39593595,-0.2828081,-0.025780933,0.53193033,-0.63508654,-1.05072,0.04305302,0.54045272,-0.27266651,0.1549145,0.089915603,-0.16280082,-0.16045175,-0.34599087,0.45429808,0.71289492,-0.21412927,-0.42212474,-0.30054134,0.24779263,0.39542383,-1.0239803,0.36556983,-0.9999966,-0.38035041,-1.6951858,-0.90810674,-0.029965218,-0.43580005,0.30407077,-0.37478912,0.10835739,-0.12733287,-0.076804638,-0.76553679,-0.66786402,0.24669142,-1.0739766,-0.14808291,-0.061637416,0.099983595,0.44579667,-0.48491165,-1.5083086,0.68502152,0.42859247,0.79796195,-0.20457299,0.49334148,0.38177711,0.09748096,-0.21547928,-0.24107005,0.28580195,-0.37923566,-0.14647833,0.30514956,-0.20237842,-0.76233542,0.070423126,-0.46080446,-0.56579971,0.32641542,-0.39770579,-0.041123908,-0.74641335,0.75565898,0.64673114,0.10821598,-0.041483708,-1.6907719,0.56190109,0.008106537,-0.17320701,-0.062829748,-0.52480197,0.008835826,-0.16258459,-0.69743085,1.0089124,-0.70624399,0.10500227,0.41178262,-1.6710722,-0.16834898,0.31452799,-0.14968631,-0.37540263,-0.86597306,0.42274493,0.090357482,0.34602496,0.84823406,-0.77560556,-0.23341176,0.002704181,0.063420027,0.20902011,0.15412103,0.21249378,-0.12106887,-1.1888385,-1.7722468,-0.75598109,0.23274326,0.41171822,0.38593471,-0.42940405,-0.37063828,0.099181242,1.3305713,-0.063684106,0.044241291,-0.28853559,-0.1813294,1.0440841,0.13016352,0.22511557,1.2624663,-0.11130546,-2.2860277,-0.028544702,0.58667451,0.037748221,-0.10102271,-0.57390773,0.13819014,-1.3617831,0.20996431,-1.2572328,0.43411532,0.05068047,-0.84678417,-0.030963495,0.15843832,0.50291538,-0.24423397,-0.21954945,-2.484242,0.3122946,-0.51895022,-0.066380233,-0.10318511,0.12792645,0.61466497,0.074958034,-0.21274155,0.68270397,-1.3110534,-0.74120891,-0.26850718,0.3379494,-0.40076721,0.17346933,0.20651406,0.36797544,0.076973096,0.45484537,0.43679324,0.84997904,-1.0687551,-0.37089515,0.61191648,-0.054208707,0.25241166,-0.099914119,-0.21568522,-1.2447417,-0.44218901,0.08431711,-0.46308729,0.44855332,1.0459124,0.32188159,-0.51890713,0.20743188,-0.39515048,0.52125388,0.57597888,-0.47590119,0.10146861,1.5113622,0.15743092,0.16609064,-0.93265194,-0.26549518,-1.8699924,0.95456922,-1.1809487,-0.20081136,-0.11087992,-1.4769726,-0.2475214,0.18912156,0.039530024,0.63398206,0.51758242,0.2883803,-1.8196633,0.92128533,0.13909775,1.1060373,0.019618381,-1.0075381,-0.033061206,-0.89608824,0.6576699,0.45057243,-0.78967863,0.35802549,-1.667775,-1.5301969,-1.3543223,-0.44346935,0.46216789,0.43242967,0.25179803,-0.94109529,0.73446345,-1.0840678,-0.12935059,0.2358622,-1.0712132,-0.14927664,0.012890137,0.55070579,-0.005286643,0.36731541,-0.042550221,0.45805633,0.027734701,0.68467522,-0.094454184,-0.13949253,-0.89342111,0.37089914,1.0253451,-0.57709181,0.62672198,0.50790107,0.52120686,-0.66165936,0.64628202,0.21188344,-0.88076699,-0.49187422,0.078030974,0.062213182,0.16800916,0.74181128,-0.29403251,-0.47599983,-0.51829398,-0.00763752,0.51983106,-0.18349178,0.097369984,-0.31097916,0.13837682,1.1416805,-0.96480429,0.11256184,0.27557394,-0.61028111,-0.02487753,-0.18155192,-1.361685,-1.9472439,-0.11914547,0.5883069,0.13346067,-0.19783168,0.77836651,0.20266341,0.44702372,0.23890933,-0.22324087,-0.49449658,0.16861397,0.052088231,-0.15280132,-0.42050573,0.23343399,0.15844959,1.2552594,-1.641449,-0.098841503,1.5153166,1.6007493,0.37485176,-1.4242198,-0.22605734,-0.31395781,-0.14778325,0.072590321,0.37441748,0.76136303,0.83000058,0.37376112,0.25917846,0.16479546,0.71164095,0.66750699,0.95629442,-0.86488831,0.29819518,0.23159212,0.043741196,-0.31629857,-0.089544505,-1.5941366,0.27210256,0.009845536,-0.37226883,-0.22139253,0.42405927,0.11830094,-0.60138124,0.23082633,-0.24523991,0.37863356,-0.10137289,0.50380981,1.0734996,0.35624495,0.027126141,0.59543741,-0.31488287,0.052049898,-0.98719609,0.31806913,-0.68978959,0.030707121,0.73900676,-0.97282231,-0.34794432,0.49741971,0.37536758,-0.58826107,-1.0777161,0.57609177,-0.52092248,0.098030299,-1.6799541,0.29519317,-0.30352214,-0.50762343,-0.50316066,1.0118581,0.40233538,-1.8912842,-1.1129519,-0.32258987,-0.014619194,0.26736933,-0.026335724,0.068229325,0.39308977,0.20510367,-0.16752496,0.20073034,0.35526216,0.38383415,0.12110752,-0.04433354,0.22862607,-1.4538105,0.08408466,0.34405351,0.028920081,0.23719005,0.68648523,1.1699883,-0.41223145,-0.79346222,-0.34825328,0.19338293,-2.0156491,0.37510931,0.30041966,0.39607623,-0.75721699,-1.2295281,0.29503784,-0.66787708,0.30560791,0.03442435,-0.035528589,0.50248444,0.089966811,0.30145016,0.33098209,0.003332473,-0.067601159,-0.34270644,-2.1071286,-0.70581907,-0.81368655,0.054563805,-0.79776883,0.092839032,-0.024362922,-0.31635559,0.16677575,2
0.65950924,0.40942216,0.37775862,0.62077206,0.60855699,0.6274395,0.61699837,0.59964299,0.60955793,0.61256403,0.60519767,0.61722124,0.61279154,0.59488297,0.62468588,0.60666144,0.62053871,0.63443041,0.61387044,0.60531694,0.5971635,0.61192977,0.6015231,0.60488522,0.6077311,0.59925097,0.60905319,0.5965625,0.60965633,0.60274649,0.59548742,0.60519534,0.59381366,0.59646726,0.59665859,0.58974576,0.5894053,0.5994119,0.58547115,0.59235191,-0.98658919,0.36140922,0.53272164,0.53363001,1.4721279,1.7077312,1.4548223,0.85278356,0.97432649,1.7779019,1.5427761,1.3317064,0.26864827,-0.20818418,-0.295598,-0.34487331,0.68129599,0.33858654,0.35338426,0.29895377,-1.139478,0.095555879,-0.5840255,0.31561971,-0.71878356,-0.10402697,-0.23101309,0.74235934,0.41785672,1.6163098,-0.2572704,0.22151032,-1.2302829,-0.22066011,-0.031497851,0.98003745,-1.0751524,0.55943799,0.18659833,-0.96521425,-0.050474826,-0.94391406,-0.66939986,0.33326542,0.88525867,0.84898645,0.037120853,-1.7297518,0.77675843,0.15522864,-1.0718597,0.61375165,0.018147845,-0.001100002,0.5984993,0.22288023,0.36030242,-0.63012445,0.11187286,0.60980457,-0.85727638,-1.1802605,0.077827103,0.64180815,-0.36419022,0.4702037,0.12598743,-0.2142055,-0.080490306,-0.31714666,0.44644362,0.86140192,-0.20784745,-0.69792724,-0.38136357,0.26863256,0.35360488,-1.0661088,0.42562491,-1.1135054,-0.36719212,-1.8300278,-1.3079722,-0.10102953,-0.4503721,0.11812583,-0.4466348,0.13342218,-0.1243007,-0.36406302,-0.93044543,-0.5635829,0.082207128,-1.192543,-0.4148066,-0.2783401,0.10816672,0.40239683,-0.5042727,-1.8971428,0.697918,0.49532655,0.89601296,-0.18234004,0.54785371,0.41119468,0.1079695,-0.26760948,-0.25335988,0.43265599,-0.78962541,-0.2022901,0.35331991,-0.36465076,-0.79426593,0.06139604,-0.66788089,-0.8450712,0.36831069,-0.61029422,0.032643192,-0.79588974,0.76118082,0.82795715,-0.005571924,0.05310265,-1.8627622,0.72908092,-0.054917034,-0.2021783,-0.10231152,-0.60632157,-0.042591285,-0.1895508,-0.71265352,1.1823728,-0.8587622,0.1498037,0.49516946,-2.0851104,-0.19131537,0.37999958,-0.091490753,-0.53826648,-1.3621433,0.35324639,0.15273073,0.37624374,0.84121436,-0.80720067,-0.29817832,0.046447404,0.029115573,0.17726265,0.26265562,0.13818765,-0.21145129,-1.3282657,-1.7179707,-0.84233117,0.29362631,0.52022105,0.4871161,-0.49092817,-0.38851184,0.1401232,1.3049039,-0.096670911,0.064371549,-0.5169518,-0.36195594,1.2070278,0.18692645,0.30204645,1.6968217,-0.060416851,-2.4644225,-0.019047588,0.62440884,0.03565485,-0.11216451,-1.063283,0.14044265,-1.8575362,0.19006212,-1.5744858,0.40119296,0.05460038,-0.82994866,0.012539922,0.10202493,0.63162017,-0.19902438,-0.11010492,-2.9413991,0.43986756,-0.4422175,0.017947547,-0.20848662,0.30983734,0.60431474,0.19387767,-0.14266492,0.66319424,-1.8698667,-0.86205542,-0.35830742,0.59139895,-0.53014624,0.093024522,0.27633116,0.46811351,-0.037964799,0.44956633,0.33198333,0.86183828,-1.028214,-0.37195754,0.68260264,-0.076211855,0.29118374,-0.23750076,-0.01356861,-1.2282157,-0.47523272,0.11976793,-0.39434046,0.5563066,1.2278396,0.37461588,-0.49134579,0.19322436,-0.40003625,0.6482718,0.58094913,-0.44388017,0.078649171,1.7614532,0.13426647,0.13969,-1.2071787,-0.13445847,-2.1470251,1.0661745,-1.5183028,-0.58468366,-0.099441618,-1.4083905,-0.3406899,0.28683496,0.16712518,0.82534587,0.52659976,0.49317694,-1.9015231,1.0816456,0.075426802,1.2451031,0.086448908,-1.0526235,0.013179526,-0.90174025,0.79915941,0.26339164,-0.88469064,0.39043251,-2.1698358,-1.883328,-1.45218,-0.45867392,0.62236118,0.71032214,0.29527748,-1.3445334,0.82340926,-1.3089271,-0.16396089,0.55558479,-1.1907529,-0.056307778,0.051144235,0.65329671,-0.1737206,0.46731675,-0.019106746,0.5069344,0.036842763,0.74815583,-0.060815006,-0.11921021,-0.98349214,0.39909488,1.1413518,-0.57565188,0.7040751,0.5638718,0.453859,-0.83536756,0.76448321,0.27188194,-1.2420242,-0.43481514,0.08328864,0.11683591,0.17914423,0.85226011,-0.24905477,-0.59857059,-0.52614367,0.013200028,0.71689808,-0.16553572,0.1031886,-0.34958303,0.19223437,1.3420206,-1.2928345,0.13051368,0.32541549,-0.74607503,0.023940595,-0.043529481,-1.6662385,-2.207865,-0.15427664,0.63780224,0.20857126,-0.20480759,0.75602663,0.26354858,0.54712576,0.25058758,-0.22918513,-0.70491737,0.25646514,0.087440781,-0.14088994,-0.42393756,0.2333512,0.1572642,1.3989496,-1.6762871,-0.10318327,1.7132406,1.7918102,0.4682304,-1.3603859,-0.24771617,-0.70826459,-0.12859178,0.10619071,0.45896435,0.98884696,0.83832449,0.34189388,0.26754484,0.29731992,0.75570488,0.74246728,1.1273631,-0.95792711,0.31250429,0.40228364,-0.063227072,-0.32553974,-0.19300123,-1.6014453,0.33769244,-0.002899882,-0.35670358,-0.15128127,0.37909508,0.19322337,-0.63524234,0.27550116,-0.21672982,0.49296489,-0.48451748,0.70873117,1.1396489,0.2984449,-0.008316876,0.65056092,-0.34544992,-0.004356816,-1.0201433,0.33339512,-0.73270583,0.098362312,0.83001983,-0.94467968,-0.72712421,0.4935441,0.361074,-0.78509545,-1.4903564,0.6449635,-0.57431597,-0.045594856,-1.7172294,0.29665712,-0.15222205,-0.67639363,-0.58427268,1.1721764,0.52365029,-2.2038417,-1.3990374,-0.35581005,0.005180333,0.38210964,0.000369646,0.12624206,0.38086078,0.25464097,-0.19171673,0.25502867,0.3576465,0.47837603,0.012965515,-0.1388637,0.16922082,-1.4981004,-0.001318633,0.42888698,0.1025296,0.26328546,0.74980378,1.2541814,-0.45255587,-0.74963069,-0.38513145,0.2220681,-2.0047941,0.39180064,0.23642468,0.38438398,-0.86818475,-1.4777904,0.37720108,-0.51963222,0.4421398,0.092386372,-0.036927238,0.72394651,0.14784729,0.3426621,0.49235526,-0.045688026,-0.28891519,-0.44767988,-2.3901215,-0.82321358,-1.2314476,0.055716746,-1.1798207,0.11819011,-0.10279898,-0.37231034,0.078339092,2
0.67610884,0.42559808,0.38504979,0.61995125,0.61000299,0.62380195,0.611871,0.5972001,0.61347497,0.60453051,0.60572702,0.60811841,0.61039662,0.59342879,0.6205399,0.60506505,0.61833698,0.6300478,0.6146301,0.60926926,0.59870929,0.60907412,0.59780777,0.60879207,0.60348618,0.59804249,0.61196744,0.59338593,0.61561501,0.59815848,0.59587848,0.60876119,0.59927964,0.59577435,0.59923124,0.59186983,0.58977884,0.61250597,0.58370042,0.59342313,-1.10779,0.37843588,0.65263307,0.62298548,1.5409961,1.8337502,1.562278,0.95811218,1.0956022,1.8907802,1.6213471,1.4375728,0.37909523,-0.21553856,-0.46084732,-0.41110814,0.70115584,0.38226548,0.45746744,0.36161372,-1.0358894,0.062951632,-0.79736245,0.37116209,-0.80330724,-0.056717079,-0.27269879,0.64547038,0.2370692,1.2594397,-0.2089332,0.28654087,-1.3089565,-0.2062725,-0.12417585,0.9177624,-1.1883038,0.65221298,0.22678654,-1.0479615,-0.090009786,-1.2071013,-0.57585102,0.41285822,0.93859702,0.75052774,0.004220346,-1.8360164,0.68575442,0.18926901,-1.1294185,0.91081381,0.011033975,0.074312449,0.66399491,0.064460516,0.28564346,-0.40410441,0.022910871,0.65217435,-0.76908201,-1.2386674,0.074879214,0.53042769,-0.32905257,0.25070179,0.21556954,-0.18607607,-0.091533557,-0.35311046,0.48513877,0.73350298,-0.16977163,-0.41153979,-0.22032556,0.09393391,0.34751296,-1.1340444,0.46010232,-1.2780898,-0.41656256,-1.9448861,-0.97020054,-0.13013865,-0.57230258,0.29096743,-0.33631358,0.074640542,-0.11750906,-0.16797423,-0.82343709,-0.51259804,-0.14595374,-1.1528838,-0.334665,-0.13589352,0.070349529,0.27171105,-0.46249574,-1.6943432,0.47600278,0.61743736,0.88021618,-0.21448743,0.56765217,0.38579839,0.083622068,-0.48556843,-0.24990004,0.42030159,-0.71226633,-0.10820377,0.42510009,-0.36590075,-0.91165495,-0.015156955,-0.59206009,-0.62899917,0.31797528,-0.50878513,0.082248956,-0.97260177,0.87985438,0.75469941,0.0776724,0.00341557,-1.8613002,0.43112445,-0.041506559,-0.14097445,-0.040919207,-0.61407304,0.038262114,-0.13298881,-0.71228266,1.155961,-0.85977054,0.19502124,0.47481063,-2.0209305,-0.13305482,0.285514,-0.18717322,-0.5110929,-1.0782297,0.35927609,-0.001241446,0.47342765,0.96108222,-0.9065944,-0.27204865,0.061350334,0.011526145,0.14045204,0.43815672,0.022919953,-0.15309486,-1.3969824,-1.9294915,-0.8844834,0.31165183,0.55451232,0.36690801,-0.5095017,-0.41116065,0.077446803,1.4778388,-0.15791768,0.089190342,-0.28890759,-0.30835015,0.999695,0.23749554,0.38194621,1.5179971,-0.20675361,-2.2844801,-0.1127215,0.61956769,0.054020997,-0.14190045,-0.78533703,-0.017935529,-1.6764284,0.17484573,-1.3919148,0.41909507,0.14520583,-0.9192059,0.016933756,0.25846323,0.57487762,-0.17146972,-0.3726185,-2.9018402,0.15774015,-0.53340995,0.068598256,0.015571117,0.23298384,0.56548274,0.12662435,-0.26085132,0.32256743,-1.6564659,-0.88185459,-0.33518809,0.46772256,-0.4339869,0.024395451,0.15540874,0.43466094,-0.055062994,0.50828385,0.36448199,0.89046872,-0.91780221,-0.36369476,0.80391526,-0.025085513,0.2039063,-0.15865636,-0.28776771,-1.3654109,-0.51663446,0.17194806,-0.4233388,0.45374972,1.1685369,0.45165604,-0.59016657,0.23749074,-0.46271807,0.74065918,0.57710189,-0.423637,0.079038136,1.8734901,0.18871647,0.20466718,-1.0998402,-0.30883765,-2.1322279,1.0427136,-1.3384105,-0.35502237,-0.07664521,-1.70996,-0.5314799,0.29675633,0.30500773,0.82383716,0.6284852,0.23528004,-1.9577967,0.9895035,0.099840105,1.2488295,0.037771903,-1.3959945,-0.016606361,-1.0733442,0.61457217,0.25791842,-0.99293703,0.35571653,-1.9081082,-1.6134914,-1.5364445,-0.32237503,0.55455428,0.75333369,0.33019471,-1.0703621,0.93596125,-1.2997165,-0.059240803,0.41777924,-1.2544403,-0.096425489,0.086662635,0.50840878,0.015663184,0.3881669,-0.10728535,0.45760828,0.03558566,0.62047362,-0.015909616,-0.15112475,-0.92180544,0.46761826,1.1575446,-0.71348655,0.72255486,0.60885739,0.34601632,-0.73245132,0.82679963,0.11770406,-1.020125,-0.80403024,0.10353774,0.041655123,0.088481545,0.82331836,-0.24521261,-0.68525982,-0.72909999,0.018625015,0.55777806,-0.24930361,0.099906102,-0.45868489,0.22493097,1.3574227,-1.1698869,0.16644001,0.44018233,-0.66110218,-0.037637793,-0.23744929,-1.4022099,-2.1733308,-0.24366061,0.71308661,0.08318533,-0.24801537,0.80391914,0.20729977,0.53848344,0.32947299,-0.13554272,-0.52007711,0.28486374,0.14436169,-0.13525537,-0.61111605,0.28624883,0.12512365,1.4310497,-1.8293834,-0.067198858,1.406139,1.9489735,0.43292785,-1.419452,-0.34023449,-0.48162204,-0.18775059,0.013567909,0.25783935,0.83124542,0.48152235,0.58168423,0.19985114,0.22922868,1.0099299,0.71679616,1.2849674,-1.0772691,0.38640752,0.26158246,0.090109736,-0.43808243,-0.19347155,-1.5588655,0.40248561,0.050159249,-0.35293326,-0.18679374,0.3346276,0.27547315,-0.80647874,0.27901164,-0.18606426,0.44119093,-0.1888617,0.71981335,1.155062,0.32506454,0.0118892,0.68510717,-0.2058859,-0.031950694,-1.0516013,0.24226353,-0.76595128,-0.096722722,0.58726192,-0.99859452,-0.58947408,0.44037986,0.35129941,-0.66932082,-1.4683348,0.61749429,-0.71517539,0.023741283,-1.7340815,0.34715545,-0.2072157,-0.85262096,-0.55637825,1.1881869,0.42411077,-1.9622766,-1.2607117,-0.48550308,0.025611574,0.32188743,-0.20537773,0.11367399,0.48123577,0.2553497,-0.23336084,0.27263641,0.38285816,0.39347059,0.004100755,-0.23830254,0.28471541,-1.6577079,0.003545199,0.50139898,0.083623961,0.30536503,0.7279067,1.1175166,-0.42857766,-0.79659623,-0.40860611,0.36245492,-2.0662141,0.40997505,0.36498117,0.52113974,-0.89687681,-1.4590399,0.26781738,-0.6702038,0.16141002,-0.035237327,0.033648685,0.64554167,0.16109054,0.39509785,0.44645953,0.028942879,-0.19654274,-0.35840762,-2.4340093,-0.69696486,-0.92296016,0.11850408,-0.96137303,0.27398828,-0.09286575,-0.34934375,0.12036337,2
0.72677839,0.48542643,0.43330914,0.66462636,0.65866774,0.67421174,0.65905774,0.65207148,0.668136,0.66242242,0.65213585,0.65674776,0.65806198,0.64868373,0.68296659,0.65384066,0.6761328,0.68445146,0.67127788,0.66319597,0.65063608,0.65891582,0.65133572,0.66138428,0.663948,0.64715803,0.6613729,0.6511395,0.66326535,0.66223031,0.65629083,0.66802692,0.65031248,0.64702731,0.65825486,0.63986206,0.63948536,0.67141557,0.64565599,0.64823675,-1.0627865,0.44901338,0.71770805,0.66879535,1.5790112,1.8513238,1.6149725,1.0215873,1.172363,1.9329622,1.620648,1.5068948,0.4970271,-0.21831541,-0.20972046,-0.35213953,0.79008245,0.42605764,0.48846263,0.3719098,-2.7798691,-0.012805108,-0.68607926,0.55097383,-0.40434152,-0.098099865,-0.25423348,0.70239908,0.14673588,1.6340958,-0.20807514,0.28449768,-1.3069042,-0.16895398,-0.082165077,0.99269307,-1.0892462,0.64287776,0.29260004,-0.99627936,-0.11992103,-1.3635647,-0.67336386,0.47233415,1.0243198,0.76182908,0.007532252,-1.8327856,0.80897707,0.1387233,-1.181571,0.64991707,-0.002740331,0.10935329,0.71313506,-0.031668603,0.39343485,-0.69289541,0.077374116,0.72092295,-0.72256255,-1.2828778,0.0834288,0.53869444,-0.36462551,0.33701825,0.086985737,-0.29284558,-0.17208359,-0.31136948,0.38515192,0.87835872,-0.1921688,-0.39936584,-0.64221942,0.21277773,0.59985012,-1.2568885,0.48570296,-1.1321758,-0.36008552,-2.1158774,-1.3349794,0.005209006,-0.57561636,0.28982145,-0.42279255,0.12274534,-0.096790031,-0.3747161,-0.95787382,-0.60860884,0.28938898,-1.3211489,-0.31607458,-0.2682091,0.078526393,0.34419844,-0.43911886,-2.0131814,0.82840526,0.61500621,0.93645221,-0.26557249,0.51290345,0.29874244,-0.045566589,-0.1008841,-0.22599941,0.4697485,-0.57665354,-0.12395078,0.43903959,-0.44351518,-0.90026259,-0.11321197,-0.7921651,-0.79335159,0.36630675,-0.64775527,0.063702792,-0.78057098,0.86239433,0.70356643,0.064582951,0.13821581,-1.8802096,0.80740827,-0.10861969,-0.21425062,-0.095969602,-0.65714073,-0.059544206,-0.13951683,-0.73632485,1.3115845,-0.75264615,0.15845533,0.50451988,-2.0269747,-0.13653249,0.29735196,-0.12131788,-0.55389446,-1.0824879,0.40209851,0.16641268,0.4747856,0.96828991,-0.84917468,-0.20381767,0.059108425,0.046059415,0.25558361,0.49843183,0.097182922,-0.097630881,-1.5124269,-2.0024388,-0.8523367,0.31164527,0.65568364,0.24440764,-0.51018184,-0.41204911,0.089861795,1.3071398,0.19127217,0.068526827,-0.47434375,-0.43497807,1.2632897,0.20896348,0.30888325,1.5044115,-0.19906011,-2.3788092,-0.000642799,0.84641093,-0.028840683,-0.13210358,-1.0689099,0.069949254,-1.9661539,0.28960258,-1.404327,0.48319536,0.077810936,-0.91409242,-0.003710242,0.25605068,0.68061244,-0.18387124,-0.092978582,-3.1013379,0.4456186,-0.51920158,0.014211215,-0.15420395,0.22080402,0.59914094,0.15835193,-0.18176253,0.72245872,-2.0727172,-0.92479193,-0.2457802,0.60322583,-0.46894708,0.018678799,0.23993777,0.61590916,-0.047506712,0.4522503,0.40717939,0.87035978,-0.96332252,-0.30915868,1.1553894,0.023446873,0.25369856,-0.055549104,-0.33336949,-1.3183672,-0.59952247,0.11674878,-0.41750175,0.43186286,1.4719771,0.50129461,-0.50794095,0.16081858,-0.39859128,0.63786501,0.74514538,-0.43691215,0.10444279,1.7884126,0.1223349,0.16193344,-1.2628191,-0.20840284,-2.2976792,1.1331418,-1.6492234,-0.4722589,-0.1371229,-1.4663446,-0.28456432,0.242018,0.32079166,0.79072499,0.62855774,0.44865668,-2.0482311,1.0553361,0.032731682,1.3832326,0.042221211,-1.2544751,-0.052946806,-1.0860679,0.63078171,0.20824,-0.90677834,0.49648362,-2.2736692,-1.9612691,-1.5870588,-0.45573604,0.54691523,1.039022,0.4436473,-1.095883,0.89053261,-1.6068643,-0.20664009,0.34565976,-1.3809583,-0.066297799,0.1325704,0.60296792,-0.12832516,0.54697734,-0.16466531,0.46470779,0.005979708,0.63301194,0.15359718,-0.16728513,-1.0032821,0.47627717,1.0888063,-0.76502979,0.65103233,0.60723966,0.46588296,-0.83442116,0.89356428,0.27686098,-1.2688696,-0.806687,0.13969448,0.1557928,0.16343218,1.0394562,-0.4135763,-0.57420295,-0.59576607,-0.085943229,0.56769449,-0.23191971,0.09064509,-0.44245911,0.23790169,1.719875,-1.473552,0.18997654,0.38106298,-0.75424337,-0.072431207,0.18439633,-1.7374586,-2.2047572,-0.28671983,0.7020396,0.040585652,-0.27491769,0.93033946,0.32232696,0.55287135,0.33723682,-0.23290688,-0.68593597,0.2756539,-0.008928467,-0.13084522,-0.20095366,0.27825269,0.25238651,1.498354,-1.8662156,-0.034952484,1.7194356,1.8282377,0.56493723,-1.4350252,-0.3839938,-0.63380146,-0.19547194,0.044863831,0.33694619,1.0283979,0.84730774,0.34080771,0.33073416,0.23334296,1.0061271,0.73021054,1.3359663,-1.1185136,0.34474385,0.43708745,0.056561448,-0.42556936,-0.12041454,-1.6103066,0.45447719,0.023807416,-0.33676359,-0.22782174,0.60437262,0.18988019,-0.6751141,0.29380152,-0.055345967,0.44287372,-0.32787457,0.97971845,1.295231,0.26915053,0.07280986,0.74957937,-0.15623093,-0.044270344,-1.1994432,0.36799181,-0.73134542,0.14293158,0.88347149,-0.93098783,-0.51561671,0.4701539,0.38046622,-0.78068864,-1.4106389,0.71218121,-0.63134658,-0.14730632,-1.6988987,0.30051687,-0.16441995,-0.74892616,-0.54311603,1.3300796,0.39168453,-2.0680275,-1.3709328,-0.44303221,-0.061763249,0.32515451,-0.090731308,0.11545584,0.56284261,0.29764539,-0.24969703,0.20857403,0.33243296,0.46505949,-0.12296729,-0.29624984,0.33144489,-1.6734946,-0.076708063,0.53360116,0.095528923,0.15889512,0.62651706,1.361711,-0.41024637,-0.95831591,-0.37656394,0.33702511,-2.1670322,0.32284862,0.28476119,0.54586494,-0.87963384,-1.665179,0.30032694,-0.63798976,0.17891669,0.014945939,-0.014493287,0.57846344,0.24354762,0.39494413,0.63203955,-0.022415269,-0.2986472,-0.4669311,-2.579639,-0.70618445,-1.1459427,0.11695264,-1.2431302,0.33152118,-0.20844693,-0.44473237,0.08464215,2
0.6464324,0.40045318,0.36442387,0.59370929,0.58472294,0.60378075,0.58989197,0.58290362,0.59210265,0.59239769,0.58178246,0.58822012,0.58948964,0.58153862,0.60499942,0.58571172,0.59875458,0.61386549,0.59566957,0.58636177,0.57824928,0.58496249,0.58149207,0.58847421,0.59365284,0.58391654,0.58786118,0.57825345,0.58403552,0.58602178,0.58189595,0.58673644,0.57766926,0.57603031,0.58371699,0.5780794,0.56721956,0.58950114,0.56193674,0.57643437,-0.9286114,0.36520618,0.43859613,0.46329743,1.3149939,1.6792881,1.2968144,0.73757792,0.87407792,1.6346095,1.3824818,1.2072952,0.34087622,-0.21325156,-0.281973,-0.37474459,0.59461641,0.33928326,0.47992128,0.28093004,-0.88312012,0.032821395,-0.60335135,0.3898432,-0.95350915,-0.032108646,-0.2281298,0.75173759,0.22625799,1.3797096,-0.085235044,0.16872264,-1.163342,-0.19009,-0.13221276,0.79733539,-1.083307,0.49745873,0.23578319,-0.8864311,-0.11333303,-1.176524,-0.57149917,0.37278527,0.78653824,0.66069251,-0.001972653,-1.7147201,0.63358533,0.17057851,-1.0307102,0.77104998,0.006370671,0.079176649,0.50294632,-0.10711203,0.3398872,-0.49962968,0.001970273,0.57659847,-0.5978024,-1.2172565,0.092135765,0.57208192,-0.296606,0.3764416,-0.008127801,-0.17224026,-0.1567142,-0.37574622,0.36130863,0.74311799,-0.20451055,-0.2269567,-0.2936565,0.15443301,0.26813772,-1.0875742,0.45822603,-1.097671,-0.32566127,-1.8099067,-1.1322956,-0.014814112,-0.47804433,0.24136047,-0.38797578,0.15180077,-0.1325141,-0.14049883,-0.77498674,-0.49807233,0.18509573,-1.1922456,-0.2949712,-0.2231483,0.12023404,0.20481814,-0.4523302,-1.8069201,0.34202904,0.60806143,0.8238405,-0.14886162,0.44818318,0.23951712,0.04342927,-0.33713686,-0.29234615,0.39980644,-0.56059349,-0.11355608,0.3324818,-0.36178166,-0.78062844,-0.096795335,-0.63532877,-0.64594144,0.35305205,-0.56299734,-0.05246117,-0.69352698,0.7800712,0.58854681,0.041807272,0.015653633,-1.7997825,0.72355396,-0.10292406,-0.14263108,-0.078410164,-0.54474258,-0.000748649,-0.14886229,-0.71835977,1.160406,-0.76453227,0.10150246,0.39549303,-1.8475655,-0.18911701,0.39049646,-0.15618503,-0.54287958,-0.90700597,0.37457579,0.13208716,0.42666277,0.93708074,-0.80956125,-0.17517853,0.038107313,0.021395331,-0.000833169,0.27186218,0.04856167,-0.087023735,-1.3955734,-1.8321805,-0.76818812,0.25503165,0.58360946,0.26029569,-0.46420187,-0.28193429,0.1162869,1.3386657,-0.25140896,0.055606261,-0.46120512,-0.35744485,0.97313106,0.17334104,0.24392442,1.5250036,-0.059469089,-2.1100366,-0.082462244,0.48561171,0.050347414,-0.10626347,-0.82658881,0.093008116,-1.7365521,0.21686344,-1.2947692,0.43826461,0.050898042,-0.87238383,-0.046639513,0.055162027,0.61310756,-0.16914929,-0.39904124,-2.8138914,0.35190159,-0.37240791,-0.033048302,-0.14200513,0.088548966,0.71452737,0.15656376,-0.17396252,0.72597879,-1.5990713,-0.83515388,-0.19271606,0.30177122,-0.45373696,0.059407592,0.17149833,0.4019255,0.009192983,0.43261257,0.50523335,0.75052696,-0.97674894,-0.32809871,0.51630187,-0.017313361,0.22652383,-0.028873028,-0.167092,-1.2212209,-0.49819577,0.082826883,-0.37338334,0.42752683,1.0310847,0.49701807,-0.46319932,0.10391016,-0.35031375,0.50256145,0.58630639,-0.41396815,0.14073062,1.7519462,0.084123924,0.12358725,-1.0698161,-0.17976403,-2.0476916,1.1292291,-1.4388564,-0.30749401,-0.1301838,-1.3832989,-0.37288415,0.21411507,0.23356412,0.6344294,0.57203424,0.23701015,-1.9293797,1.0709059,0.037871659,1.1658959,-0.015339487,-1.1585183,0.065107226,-0.98009765,0.56784081,0.40877563,-0.83261287,0.28231955,-1.9219277,-1.8714466,-1.3980572,-0.37766391,0.50629652,0.98146307,0.41169059,-1.0636661,0.7067824,-1.2835636,-0.11726531,0.2823188,-1.137493,-0.043470558,0.14828491,0.55621022,-0.050996404,0.29071131,-0.19001411,0.44935009,0.029623834,0.82129425,-0.014621191,-0.20611197,-0.90905786,0.42220971,0.99739027,-0.6602897,0.63386333,0.46029419,0.52369809,-0.66168833,0.57405418,0.18517509,-1.0558075,-0.503021,0.060643248,0.061997607,0.13082175,0.77262294,-0.31723219,-0.56560713,-0.60076165,-0.044632256,0.41822535,-0.19177502,0.11726756,-0.34934008,0.19975957,1.1188378,-1.2916009,0.16207886,0.34531033,-0.64605987,-0.038884126,-0.2773681,-1.4853581,-1.993187,0.000314116,0.69849741,0.052612081,-0.11997323,0.7686277,0.21369644,0.46268442,0.2665439,-0.21850364,-0.59754181,0.20700765,0.06511347,-0.17421448,-0.59253079,0.27234739,0.13135089,1.3146613,-1.6873541,-0.021196291,1.4819306,1.6000646,0.41845793,-1.463232,-0.31647187,-0.63533223,-0.23140106,-0.063702621,0.43838674,0.916605,0.82723141,0.47795597,0.26183361,0.17209858,0.85757315,0.66448712,1.0347252,-0.9597137,0.091127396,0.22199892,0.015787184,-0.47502303,-0.20795161,-1.5191169,0.413715,0.046943903,-0.36186862,-0.19153646,0.28252631,0.17280516,-0.66343379,0.25256771,-0.12936984,0.42755523,-0.25755075,0.47116619,0.99413043,0.26936901,0.025109634,0.69632912,-0.10114013,-0.121807,-0.99864739,0.35061616,-0.70264351,0.14543819,0.79207414,-1.1807101,-0.40113485,0.46240908,0.30113357,-0.69014829,-1.4009578,0.51510513,-0.57732177,-0.058392361,-1.6906242,0.29048604,-0.19727609,-0.44561136,-0.49902436,1.0287213,0.24808681,-1.9732754,-1.3070109,-0.40608025,-0.024989881,0.26264226,-0.03621332,0.14299543,0.49706239,0.23382765,-0.17343605,0.18113895,0.29713988,0.37062263,-0.10626417,-0.069276899,0.19709031,-1.4664869,-0.095795088,0.42042103,0.059769303,0.20098956,0.65184218,0.89469641,-0.47520155,-0.89009285,-0.38135558,0.0875737,-1.9598422,0.37469485,0.22547983,0.57355499,-0.76529896,-1.4770136,0.23505875,-0.69350499,0.11109728,-0.091695607,0.068375282,0.91369611,0.088848665,0.32465366,0.35065266,-0.032592155,-0.22575201,-0.43083876,-2.3702881,-0.75253642,-0.99283421,0.054215938,-1.0384841,0.2694943,-0.19668913,-0.33518332,0.019819723,2
0.65727258,0.4290325,0.39375144,0.60185307,0.59628332,0.61083072,0.59294009,0.58837664,0.60446453,0.60051781,0.59923762,0.58568686,0.5911932,0.57673454,0.60407007,0.59285927,0.60135478,0.61469477,0.60815555,0.59468049,0.58589423,0.59373319,0.58723921,0.59369022,0.59464908,0.58408099,0.58801842,0.57867253,0.59461665,0.58562547,0.58174807,0.59326637,0.58004415,0.5807488,0.58615541,0.5718441,0.57214928,0.59688479,0.56721246,0.57182455,-1.1080283,0.38673711,0.64204848,0.617145,1.5410875,1.8259325,1.5563805,0.95133018,1.0861219,1.8700891,1.6109123,1.4355578,0.46198541,-0.16547185,-0.28098798,-0.42477804,0.79833162,0.4573209,0.47000962,0.40486541,-1.0534577,-0.002612088,-0.6790812,0.45850074,-0.54365027,-0.024288099,-0.20075937,0.60591471,0.094352901,1.4898899,-0.2320486,0.28737938,-1.2599566,-0.17203107,-0.1360558,1.0270737,-0.99283147,0.69698834,0.24547893,-0.95871699,-0.15729773,-1.2983017,-0.51820779,0.39633903,0.98930764,0.77394068,-0.014403009,-1.7637804,0.8089633,0.1342977,-1.1583413,0.79251516,0.014679376,-0.023665858,0.68918008,0.069133356,0.29233825,-0.85863066,0.070359856,0.71148729,-0.64518237,-1.2492549,0.056928329,0.48651785,-0.31490526,0.24636802,-0.044333979,-0.2233105,-0.081411377,-0.28745833,0.37325475,0.61036646,-0.13957641,-0.64750719,-0.46920025,-0.019340903,0.5624609,-1.2841127,0.50193304,-1.0878801,-0.36262324,-1.8816981,-1.3185275,-0.091659144,-0.60896599,0.10385068,-0.36241281,0.023732178,-0.02888418,-0.53987807,-0.88239235,-0.51427054,0.38214546,-1.1697332,-0.42568094,-0.43290198,0.058579236,0.10925896,-0.50366127,-2.0081418,0.74431348,0.60090518,0.93316603,-0.26721883,0.51059365,0.41709828,0.081994295,-0.037431702,-0.12603515,0.38815981,-0.65200543,0.21008612,0.51079655,-0.44912022,-0.89389729,-0.0393897,-0.82163703,-0.91836786,0.40007329,-0.82460535,0.10858498,-0.8542496,0.74631608,0.82594848,-0.10093143,0.11808926,-1.8672431,0.65625238,-0.080111943,-0.14390106,-0.087366812,-0.59040523,0.092543259,-0.17590778,-0.71628374,1.2364326,-0.86899859,0.14334084,0.49455172,-2.0181007,-0.17865105,0.1817057,-0.14306317,-0.72841799,-1.1203306,0.19138506,-0.009259701,0.40155113,0.95899105,-0.8463912,-0.23092824,0.081602789,0.089249149,0.29629797,0.34943995,0.040419683,-0.013720009,-1.382803,-1.9226277,-0.77881229,0.34505403,0.73268121,0.3334699,-0.50529504,-0.41371185,0.036143586,1.302953,-0.14830863,0.1375504,-0.55602372,-0.4499653,1.1303239,0.2518535,0.36275357,1.2158527,-0.17177865,-2.0888114,0.002778113,0.75019681,-0.022433206,-0.18594909,-1.2956789,0.048685178,-2.0511477,0.219612,-1.6497812,0.44080582,-0.001650009,-0.84940606,0.079557985,0.27471951,0.6892966,-0.18494122,-0.21558969,-2.962961,0.32154691,-0.53336203,0.041680612,-0.02146554,0.41163874,0.6086098,0.18523335,-0.11355614,0.44099098,-2.2494555,-0.9151448,-0.33873606,0.62438929,-0.32033348,-0.020656452,0.2134212,0.48958915,-0.1320675,0.40899956,0.37928796,0.77077442,-0.98387063,-0.31718537,0.91721404,-0.040340915,0.19778211,-0.20215511,-0.29071888,-1.2572761,-0.5331043,0.14744571,-0.4085592,0.43833494,1.292964,0.42649803,-0.45630854,0.27013487,-0.43843442,0.65068525,0.71562874,-0.43905425,0.062248692,1.7827501,0.33184168,0.19940437,-1.2699604,-0.3881273,-2.2071834,1.1959177,-1.814003,-0.69239259,-0.12074964,-1.4209759,-0.3411313,0.18954559,0.1863642,0.79234225,0.53143108,0.2425379,-1.8878735,1.032162,0.13673893,1.4299285,0.11266436,-1.2058618,-0.023359388,-1.0368545,0.66899925,0.2937746,-0.87244201,0.48487121,-2.4040389,-1.9231479,-1.5367546,-0.28263736,0.60196733,0.95782781,0.4319886,-1.3489262,1.0368217,-1.4338499,-0.30412167,0.42780954,-1.3032526,0.002015077,0.061233409,0.51956248,-0.046798646,0.41937351,-0.13419712,0.42766398,0.061742812,0.75507557,0.090360641,-0.16620103,-1.1265156,0.5205453,1.1336325,-0.75566763,0.73521453,0.59296441,0.41462377,-0.70482129,0.90031838,0.16581434,-1.495633,-0.75992858,0.16436255,0.095624886,0.049364999,0.96782309,-0.31816018,-0.58535767,-0.59206581,-0.060123291,0.65300596,-0.28181395,-0.039547149,-0.4992612,0.27423555,1.3733108,-1.5988371,0.18243819,0.42956513,-0.68442214,-0.036739182,0.31098202,-1.6993945,-2.2424209,-0.19966924,0.7626999,0.04942444,-0.2004981,0.86047828,0.11565804,0.55601329,0.39103436,-0.039265499,-0.96239066,0.27597606,0.23376291,-0.15618971,-0.30663463,0.30937681,0.28370842,1.4914615,-1.702857,0.003972873,1.5513272,1.7966938,0.58669132,-1.4048464,-0.42356148,-0.98781371,-0.27412871,0.10845363,0.42018104,0.9801023,0.69177985,0.46988392,0.32668662,0.235874,1.1950998,0.67997158,1.3083714,-1.0694253,0.18435436,0.34754056,-0.026900098,-0.40316406,-0.12570415,-1.4850326,0.47853285,0.052341368,-0.34027347,-0.22600542,0.60588992,0.25212443,-0.70545942,0.24894072,-0.092757612,0.66930079,-0.64557886,0.79188561,1.321094,0.35690609,0.11298076,0.6905334,-0.18751806,0.017811868,-1.0968546,0.31221658,-0.63587379,-0.01275292,0.70013028,-0.90200186,-0.57060248,0.39122057,0.29141772,-0.98358625,-1.4144588,0.70189887,-0.72636789,-0.35745984,-1.8589683,0.27534929,-0.18680933,-0.78919291,-0.58790684,1.2071033,0.27450264,-2.2253246,-1.3215914,-0.4704535,-0.000527618,0.39390397,-0.1515251,0.1543112,0.55466592,0.30780941,-0.22661982,0.17458214,0.33926252,0.32495055,0.03182739,-0.19738179,0.29770681,-1.5837866,-0.036944151,0.54883075,0.14958873,0.23516588,0.59543586,1.2461371,-0.46247405,-0.96712929,-0.32817158,0.37405327,-2.0461297,0.31015021,0.0816845,0.52317047,-0.87013662,-1.5944322,0.32432592,-0.6115334,0.077538654,-0.032627389,0.025589675,0.63058078,0.17228562,0.44181091,0.4624804,-0.001821704,-0.35618645,-0.52437246,-2.3906455,-0.70345873,-1.5754914,0.25311473,-1.2241108,0.23956701,-0.13816024,-0.38224623,0.10809483,2
0.5727213,0.30476168,0.26364806,0.53637904,0.51976395,0.5457744,0.53367209,0.51687622,0.53060883,0.52544928,0.51415658,0.51682472,0.53214556,0.51441365,0.54487503,0.51300722,0.54092741,0.54680145,0.52403677,0.53680229,0.51768363,0.53404808,0.51009202,0.52559894,0.52333105,0.51625299,0.51208341,0.49642882,0.52500451,0.53761739,0.51408696,0.53347278,0.51298898,0.52556264,0.51910627,0.51041752,0.5120104,0.53849554,0.50107265,0.51010156,-0.88736588,0.26858899,0.42281771,0.46544799,1.3203343,1.6768101,1.3052763,0.75242734,0.86501193,1.6513529,1.3761865,1.2173921,0.2461932,-0.21801358,-0.3747274,-0.30920249,0.56740797,0.30768132,0.417377,0.26436335,-0.74494344,0.011979627,-0.65573239,0.36768055,-0.79788071,0.010282822,-0.24817145,0.69906104,0.37666166,1.4907216,-0.15303193,0.16842189,-1.2213736,-0.2329133,-0.004217997,0.8513478,-1.1314029,0.48772627,0.28455722,-0.97287858,-0.11588337,-0.9983241,-0.69589746,0.33508512,0.76329982,0.73032582,-0.040550582,-1.7091236,0.61661762,0.13822399,-0.99462879,0.71955544,0.021715079,0.088420622,0.64613432,-0.025759131,0.32002014,-0.40041211,0.031171745,0.56005025,-0.65074885,-1.1141852,0.10158973,0.64450133,-0.31465372,0.27975994,0.15328459,-0.13558358,-0.14961544,-0.35359642,0.49376434,0.73171055,-0.18670265,-0.44344345,-0.33337164,0.18136427,0.38010406,-0.97853148,0.41383332,-1.2335845,-0.35666722,-1.7824541,-1.0666375,-0.075886667,-0.49268293,0.092502356,-0.36523739,0.16538297,-0.13930707,-0.16699341,-0.7163204,-0.52548766,0.19577287,-1.1653401,-0.31007156,-0.15455276,0.096543357,0.30971944,-0.41432431,-1.6290979,0.82299811,0.53199625,0.81718546,-0.21799764,0.46435374,0.33760029,0.098019436,-0.36313915,-0.27079722,0.25970659,-0.57592082,0.014880657,0.2897521,-0.33904594,-0.82831734,0.086690485,-0.60442948,-0.67369109,0.3418414,-0.36605379,-0.019194782,-0.78845394,0.67627513,0.66174781,0.099400975,0.010580361,-1.7250185,0.71326482,0.030456454,-0.19385645,-0.050110195,-0.56108844,0.011570863,-0.1498795,-0.69808471,1.0704705,-0.73986202,0.090282634,0.34292173,-1.6642213,-0.19282757,0.32804024,-0.095082015,-0.51284105,-0.83922678,0.33715257,0.16572307,0.32981378,0.68697596,-0.75572425,-0.21132061,0.024633955,0.024734175,0.22322689,0.27059433,0.12515439,-0.11612904,-1.3231546,-1.773375,-0.79011083,0.25362527,0.57368368,0.30554867,-0.46603981,-0.33695349,0.10163348,1.2778612,-0.074039102,0.045886345,-0.34679699,-0.25893807,1.1168896,0.17789255,0.21069676,1.2678621,-0.096498847,-2.041832,-0.025657099,0.51077712,0.018068271,-0.17242831,-0.75218266,0.062900648,-1.6320215,0.16069663,-1.144839,0.41366693,0.075853497,-0.84664124,-0.030702893,0.21485575,0.5627895,-0.20052347,-0.19377345,-2.5816514,0.35957614,-0.60015869,-0.05111324,-0.12064414,0.18306533,0.61623037,0.1394771,-0.23192665,0.74718869,-1.5631689,-0.80029678,-0.29427111,0.59472787,-0.40642267,0.08447551,0.16925263,0.47908902,0.02236627,0.45007181,0.40011686,0.70380437,-0.98849726,-0.35478634,0.58765781,0.021610923,0.29987058,0.041708857,-0.17188334,-1.2145592,-0.47899699,0.095863096,-0.36455601,0.3946709,1.1322182,0.42607203,-0.43544382,0.1761841,-0.35026783,0.63576305,0.6145696,-0.46260971,0.1294404,1.7471793,0.18016692,0.09075807,-1.0878104,-0.1767728,-2.1070325,1.0466815,-1.2724736,-0.29812613,-0.21948636,-1.5217756,-0.25834632,0.26029307,0.012595594,0.64789951,0.60668635,0.23610206,-1.8369122,1.0470505,0.083358347,1.2251042,-0.042370431,-0.98693359,0.050482795,-0.90254378,0.52794296,0.3017965,-0.82470894,0.35466471,-1.8865962,-1.6115676,-1.3358924,-0.44488555,0.54395181,0.45636827,0.34631169,-0.92855752,0.66447377,-1.1496217,-0.14319286,0.3294377,-1.1437262,-0.00774914,0.10917834,0.63030803,-0.025095887,0.30631536,-0.10498531,0.44449773,0.009497739,0.74783647,0.052424654,-0.13367061,-0.98640221,0.34543443,1.1111456,-0.61496079,0.6111874,0.51861471,0.55462301,-0.66037524,0.72876132,0.23240037,-0.94031096,-0.51977408,0.047718074,0.10663274,0.12662679,0.79080451,-0.31107962,-0.50305355,-0.55414224,-0.073288761,0.70872813,-0.2317968,0.10652892,-0.32746673,0.16615547,1.1447173,-1.0825682,0.13188878,0.25089902,-0.67475957,-0.029322308,0.16018915,-1.4668224,-1.8989185,-0.06392926,0.62714028,0.096320547,-0.21850018,0.87834269,0.30814874,0.4876796,0.2323565,-0.23637852,-0.51030344,0.21907379,0.076335266,-0.14896055,-0.36871874,0.22438851,0.37178552,1.2067839,-1.5935929,-0.048714601,1.6160312,1.458143,0.43743131,-1.4070383,-0.24430254,-0.42883426,-0.23477601,0.000726135,0.38469547,0.97155505,0.65001333,0.35904041,0.21883251,0.19060043,0.64604503,0.74604446,1.049369,-0.8820281,0.28695327,0.28191447,0.086075664,-0.33470064,-0.14570177,-1.7666187,0.37482703,-0.017046474,-0.43527749,-0.1950385,0.45257199,0.15523408,-0.55954945,0.27021244,-0.1481301,0.38864857,-0.12183028,0.58029473,0.97497267,0.24006873,0.022036005,0.66747612,-0.086869434,0.099845529,-1.0123742,0.27558538,-0.74414945,0.11582051,0.74256575,-0.96632636,-0.61763275,0.45408148,0.38843381,-0.60785329,-1.2660154,0.55788195,-0.55151147,0.070731923,-1.5401337,0.35450187,-0.23009165,-0.65826046,-0.49668792,1.0549001,0.44575909,-1.8960958,-1.1985707,-0.3557663,-0.049502462,0.22725795,-0.037203342,0.075024284,0.5202387,0.18885355,-0.14561899,0.24306133,0.30241996,0.44332153,0.008262485,-0.11814267,0.29747277,-1.4285296,-0.081462078,0.38103423,0.092243224,0.15970145,0.71942163,1.167786,-0.39871851,-0.84673649,-0.32991093,0.16514525,-1.9827578,0.37079108,0.27061394,0.47332156,-0.75781012,-1.3654981,0.52825451,-0.60997701,0.41794199,-0.009337589,-0.041510105,0.69591194,0.064939529,0.31472191,0.43281135,0.044386789,-0.16010062,-0.37168723,-2.3570824,-0.69743311,-0.95878643,0.009427004,-0.99573612,0.25462344,-0.21862033,-0.23913833,-0.02224613,2
0.88055944,0.61689067,0.57836664,0.81774306,0.81878972,0.81613237,0.80934447,0.82011199,0.82371914,0.82585788,0.81477857,0.80942732,0.81811368,0.80410099,0.83044827,0.80782318,0.83216465,0.83740103,0.83475792,0.83224565,0.81470108,0.81639725,0.81687498,0.80938739,0.81320506,0.80202627,0.81366509,0.80797863,0.81007767,0.81266636,0.79593557,0.82903004,0.81223309,0.81746751,0.81913364,0.79767549,0.80953258,0.81760776,0.79035121,0.79725236,-0.98121107,0.57497948,0.67213452,0.60804278,1.5208925,1.9038687,1.5626606,0.96344507,1.1088845,1.868376,1.5952371,1.438097,0.34998804,-0.23048836,-0.40233225,-0.29671261,0.6995312,0.36422873,0.53137475,0.32874608,-0.70614243,0.045793228,-0.6200614,0.50744724,-1.0036234,-0.046263773,-0.26516548,0.78792036,0.51556879,1.4329658,-0.12846613,0.23182848,-1.3119392,-0.22697951,0.02599252,1.0260772,-1.368136,0.56325436,0.30394167,-0.99249649,-0.089897998,-1.1630892,-0.64251941,0.43341443,0.92070752,0.88593799,0.03087523,-1.8025219,0.61152107,0.17816924,-1.0166544,0.85565579,0.032210734,0.088529795,0.57760882,-0.18351319,0.45788938,-0.53236151,0.034927897,0.62149537,-0.75038177,-1.3074462,0.15035449,0.60702556,-0.30953193,0.35780746,0.13889201,-0.10638799,-0.14700104,-0.41459468,0.49930537,0.9956491,-0.21203741,-0.26138115,-0.52790534,0.38254476,0.38261408,-1.2546787,0.49035525,-1.0965382,-0.45800698,-1.9757527,-1.0712343,0.004396848,-0.51399636,0.16188143,-0.4934721,0.25118321,-0.13017739,-0.1004113,-0.8462643,-0.5338167,-0.00563249,-1.287017,-0.15952951,-0.23975785,0.097683579,0.44409797,-0.5011819,-1.8273094,0.36435544,0.63862348,0.90690142,-0.23650955,0.57947814,0.28268135,0.12023771,-0.35872453,-0.49541062,0.26900801,-0.67672825,-0.45991561,0.3567093,-0.33871424,-0.86983633,-0.055996671,-0.66654122,-0.72558105,0.33089015,-0.43580717,-0.026487917,-0.81101966,0.8663162,0.54755098,-0.069072045,0.000508241,-1.9068007,0.57468647,-0.16898793,-0.18792976,-0.055905085,-0.63576198,-0.019240893,-0.15039361,-0.69163668,1.1611712,-0.78840137,0.093880005,0.36835229,-2.2365694,-0.19803162,0.37670106,-0.13096753,-0.56305265,-0.99649608,0.52540529,0.17795405,0.63349652,0.84550279,-0.83407712,-0.24614555,0.051508337,0.039181039,0.12570733,0.30999535,0.15531081,-0.20342135,-1.4474506,-1.8787314,-0.89996034,0.3462542,0.58355194,0.28620926,-0.44641066,-0.36090705,0.13283807,1.9446166,-0.064251661,0.070103593,-0.42369094,-0.32567191,1.1434627,0.17852989,0.2776956,1.6912557,-0.100922,-2.3254266,-0.18312252,0.52786148,0.025708735,-0.058084354,-0.86563939,0.051638894,-1.7210212,0.29832506,-1.4263279,0.59389192,-0.010333773,-0.98580766,0.013076419,0.14262418,0.68931133,-0.21770212,-0.088554956,-2.8837795,0.21984756,-0.85928202,-0.010755114,-0.16162166,0.014465645,0.67830473,0.17117201,-0.34426957,0.72629935,-1.6497779,-0.93052721,-0.22863783,0.32706749,-0.6080153,0.1096541,0.2150671,0.54843599,0.10174715,0.5644545,0.47526643,0.80661225,-1.0077364,-0.43956628,0.50764447,0.088599034,0.28878596,-0.021921977,-0.29937768,-1.2391803,-0.53055429,0.10499846,-0.46526054,0.52560812,0.99897289,0.58732808,-0.51025355,0.098375842,-0.50419676,0.64659268,0.43857872,-0.5167315,0.18705496,1.8987048,0.13807869,0.12357872,-1.1407396,-0.23849221,-2.232893,1.1775453,-1.5231166,-0.34090766,-0.15429398,-1.5908456,-0.37042576,0.35000926,0.096119404,0.5229634,0.4905369,0.38358065,-2.1136265,1.1317569,-0.057271045,1.1065289,-0.054893468,-1.2685379,-0.022674963,-0.99217629,0.79524696,0.35357869,-1.0197072,0.30814108,-1.9939529,-1.8465146,-1.5672169,-0.41449812,0.58624846,0.23120174,0.33860642,-0.98823327,0.73876905,-1.4673228,-0.18991943,0.25767323,-1.3056813,-0.028004818,0.15786284,0.56572098,-0.061688848,0.19897211,-0.06753394,0.51019067,0.045592628,0.97759265,0.046294287,-0.11669336,-0.77574372,0.40386379,1.1859771,-0.71453822,0.68315631,0.558079,0.68064231,-0.72129858,0.42286059,0.22076893,-1.2025054,-0.62253863,0.088278502,0.059470654,0.21914084,0.81175154,-0.36808974,-0.68438143,-0.70459771,-0.071064554,0.56233984,-0.32806888,0.21568312,-0.36582828,0.22316703,1.0522307,-1.1680295,0.21274786,0.20356297,-0.68264782,-0.106911,-0.3875041,-1.5275221,-2.0547936,-0.053222761,0.72140217,0.12249407,-0.29672703,0.88032168,0.34112805,0.49430892,0.28816485,-0.31717116,-0.56423759,0.28214037,-0.011092488,-0.11171587,-0.5023331,0.25810963,0.14080566,1.2924902,-1.8879721,0.019810043,1.6978189,1.7690976,0.38948521,-1.4556918,-0.27215174,-0.40538973,-0.21665896,-0.083929569,0.50083637,0.94543827,0.73935533,0.62221313,0.17978342,0.25848225,0.74363762,0.81434816,0.97112399,-0.94620585,0.30003643,0.32990119,0.22037978,-0.41392893,-0.25447947,-1.8857704,0.4414404,0.063121133,-0.3972123,-0.28916165,0.17071351,0.15619758,-0.80378264,0.27215707,-0.33451349,-0.28447512,-0.22433895,0.46958876,0.99767888,0.31806415,0.060524955,0.71839184,-0.33503303,-0.26566246,-1.1351233,0.2928991,-0.76813591,0.10372047,0.70230633,-1.1796404,-0.5125339,0.56049699,0.48066837,-0.66839993,-1.4883906,0.59459323,-0.68269044,0.12356602,-1.6458213,0.36706242,-0.25495523,-0.67212486,-0.65651643,1.1381941,0.52884108,-2.0442176,-1.3301076,-0.39798865,-0.050660599,0.26865369,-0.047755212,0.078727104,0.62548459,0.23850581,-0.16244121,0.25510687,0.29066041,0.42697766,0.013419628,-0.043492813,0.14086173,-1.5810925,-0.10801142,0.42278746,0.042736597,0.24975312,0.83917475,1.0620382,-0.46499366,-0.91486287,-0.45995384,-0.32115614,-2.1376307,0.40969008,0.37046662,0.57720476,-0.87634683,-1.488518,0.27298576,-0.75465083,0.25872985,0.01914826,0.044873618,0.79061121,0.1918456,0.35031796,0.51571274,0.016709831,-0.19530407,-0.40716243,-2.5583198,-0.75875342,-0.92861867,-0.092154406,-1.0568562,0.18081787,-0.15216695,-0.29036689,0.035109997,2
0.56999302,0.30839655,0.27783859,0.54655242,0.53633803,0.54945344,0.54302633,0.53933275,0.53929704,0.53450638,0.54166412,0.53094089,0.53978872,0.52453375,0.55251503,0.53953266,0.54598725,0.56037587,0.54603672,0.5368396,0.52854449,0.53410321,0.52771169,0.53553987,0.52444589,0.51954246,0.53395975,0.51590562,0.52326792,0.52943569,0.51612347,0.53401256,0.51632416,0.52591097,0.52144784,0.5241996,0.51567322,0.52973986,0.5176146,0.51468825,-0.78525251,0.27892423,0.28756779,0.38373601,1.2644985,1.6091721,1.1701024,0.61153185,0.72191685,1.5310786,1.2918159,1.0911309,0.24259552,-0.20119315,-0.30674621,-0.31514323,0.45689067,0.25419745,0.33710214,0.21868597,-0.82637513,0.038867358,-0.64390278,0.36551553,-0.8448754,0.039781094,-0.22279602,0.67367446,0.15094347,1.3830717,-0.18368877,0.13067058,-1.0374039,-0.26022974,-0.033142649,0.74072546,-1.0447097,0.46029142,0.2486639,-0.83385873,-0.16074565,-1.1358652,-0.56305587,0.26686692,0.63695532,0.61772364,-0.027538739,-1.6068707,0.52568686,0.10426107,-0.92776024,0.56289715,0.01186242,0.12740451,0.45969072,-0.11595348,0.34196508,-0.33747831,0.042593703,0.45787874,-0.36628079,-1.0320903,0.057001017,0.52505922,-0.26912081,0.24158579,-0.070432886,-0.12414376,-0.24119276,-0.31973773,0.4563536,0.73455024,-0.18099278,-0.19135755,-0.28702077,0.14858887,0.27954748,-1.0035911,0.41009015,-1.0470241,-0.32769907,-1.6716456,-0.80187243,0.001911853,-0.49817812,0.32660365,-0.37066993,0.13145857,-0.17040183,-0.072943829,-0.62859768,-0.50112957,-0.21477515,-1.0343827,-0.18910351,-0.09706296,0.23028478,0.23852664,-0.43833071,-1.4649894,0.13593842,0.48403972,0.73742443,-0.072425179,0.45300812,0.28842247,0.066982761,-0.36594623,-0.36528188,0.25830415,-0.34666175,-0.21834236,0.25980124,-0.20424964,-0.66097552,0.080902174,-0.53153163,-0.48449805,0.33605263,-0.35074893,-0.047311634,-0.64075214,0.73438877,0.50947952,0.15309332,-0.028651938,-1.6454191,0.55758476,-0.062581085,-0.16296519,-0.098951846,-0.47304091,-0.02760062,-0.14146854,-0.6061703,0.97440809,-0.67601764,0.097499572,0.33024457,-1.6356875,-0.15565401,0.25085658,-0.10922926,-0.52737826,-0.80950809,0.50621158,0.057112366,0.2897639,0.77108955,-0.6656673,-0.20672104,0.021366775,0.033075895,0.14828053,0.26364264,0.19477631,-0.088073187,-1.148963,-1.6241095,-0.64323545,0.24751313,0.62652516,0.25482193,-0.36432576,-0.28514698,0.070683762,1.4622942,-0.11145232,0.072749332,-0.21567498,-0.19588447,0.97245252,0.12006497,0.19442485,1.0920436,-0.065350868,-2.0784941,-0.071295492,0.35820842,0.013749405,-0.02501861,-0.68525356,0.13822849,-1.3921173,0.21086663,-1.0502141,0.49666131,0.14432332,-0.79193187,0.002703661,0.23481202,0.54806507,-0.19611207,-0.32157725,-2.357507,0.27358332,-0.57337922,-0.052794639,-0.13025688,0.010278799,0.64848256,0.13722731,-0.23782152,0.70799786,-1.3601631,-0.76395857,-0.17035806,0.26825559,-0.45280051,0.12274252,0.13182722,0.35042405,0.073311485,0.47984201,0.57110012,0.79221255,-0.87220943,-0.3431502,0.45435366,-0.030983247,0.21312356,-0.085669614,-0.29464906,-1.1550266,-0.44379136,0.066719674,-0.43011302,0.4218024,0.92227244,0.40309376,-0.46752295,0.14033166,-0.37690595,0.6064868,0.34719649,-0.44695979,0.12724343,1.5255517,0.08947292,0.13933982,-0.73371178,-0.17707047,-1.8417368,1.1172111,-1.27284,-0.11447075,-0.16711098,-1.4216316,-0.1256678,0.16091073,0.10815369,0.53619051,0.4998858,0.27626115,-1.7407602,0.94086879,0.01465847,0.97615814,0.004081832,-1.1317548,-0.011513934,-0.80350417,0.59993374,0.32172436,-0.76041281,0.20918034,-1.5465889,-1.5087917,-1.2530689,-0.37618971,0.33269778,0.22865111,0.27213305,-0.79447985,0.61161,-1.0099794,-0.10531931,0.22795089,-1.0330153,-0.040679,0.079809941,0.44795302,0.11971831,0.2091435,-0.064047694,0.65050203,0.01773819,0.89061588,-8.66E-05,-0.12123585,-0.65025324,0.30482858,0.91785717,-0.61043179,0.46019629,0.4421615,0.61755538,-0.53569001,0.40563852,0.28263903,-0.93690109,-0.55264378,0.036924589,0.17340244,0.23995478,0.64906228,-0.2909545,-0.48565784,-0.50954854,-0.061585598,0.47274002,-0.20391956,0.088158511,-0.2958234,0.1696381,0.91188657,-1.0587939,0.079828471,0.17781591,-0.45590249,-0.088074692,-0.40486631,-1.310197,-1.7695866,-0.046109736,0.58678585,0.093133263,-0.099924147,0.70721865,0.14201736,0.4004634,0.20646043,-0.20612265,-0.52225983,0.15246134,-0.026392072,-0.062339105,-0.40870383,0.19626933,0.063396618,1.1669567,-1.5247546,-0.1058303,1.4300052,1.4349697,0.35097122,-1.3513756,-0.21988904,-0.30401602,-0.19264695,-0.035180438,0.49215668,0.79547369,0.67801678,0.4451572,0.20391303,0.20885941,0.6009208,0.72561938,0.73785847,-0.88328606,0.1789712,0.21486524,0.12165666,-0.32399964,-0.088010654,-1.6455297,0.30779397,0.005203497,-0.33321172,-0.16814035,0.08949957,0.098506123,-0.64465606,0.19766581,-0.19754831,-0.032239795,-0.10262123,0.52094924,0.82934242,0.18276171,0.048875153,0.61440015,-0.12854205,-0.11238162,-0.91145945,0.32193828,-0.61431509,0.31984189,0.82187027,-0.94992846,-0.26875585,0.43292141,0.36431614,-0.55055505,-1.1057202,0.46529788,-0.50776243,-0.011042297,-1.4986835,0.3077431,-0.16151035,-0.46365651,-0.38604221,0.92441505,0.36977541,-1.7037143,-1.0469173,-0.32025474,-0.03757504,0.23747768,-0.036287099,0.070538886,0.49865434,0.1698758,-0.085322961,0.2253911,0.3344557,0.36239403,0.018649071,0.045443699,0.1203403,-1.3713739,-0.070917502,0.38936362,-0.004052658,0.20437111,0.6369971,0.66199946,-0.35391346,-0.73271209,-0.43472591,-0.17187142,-1.893662,0.33825719,0.32928544,0.43185887,-0.62706923,-1.2881832,0.25932336,-0.57621926,-0.03260386,-0.028050743,-0.081524491,0.70802635,0.08917018,0.27597156,0.39859,0.003922522,-0.11367819,-0.30531624,-2.1083357,-0.70566964,-0.84664476,-0.004691426,-0.80759865,0.15099104,-0.10487041,-0.3057752,0.03576652,2
0.64901888,0.38551277,0.33101246,0.60340261,0.61558253,0.61018836,0.60657245,0.59413397,0.60502851,0.61381561,0.61497462,0.60740143,0.60761237,0.59840536,0.62041217,0.60328221,0.60381734,0.62496042,0.61204767,0.59896308,0.59742486,0.6177665,0.59960699,0.60092783,0.60754037,0.59405077,0.61851084,0.61195016,0.59794676,0.6060642,0.60497445,0.61098897,0.59353673,0.60238808,0.61217076,0.58257562,0.59460527,0.60306942,0.59208786,0.60194618,-1.0323775,0.32210216,0.61621267,0.6348052,1.521662,1.7897408,1.5144598,0.93083811,1.0597997,1.8343334,1.5314181,1.4077383,0.23530418,-0.21562268,-0.30149293,-0.41854161,0.55066574,0.3799552,0.45134157,0.290966,-0.92661011,0.002748982,-0.60315835,0.37207413,-0.97877383,0.094707966,-0.23427382,0.82968628,0.38945973,1.2611732,-0.13490431,0.18735464,-1.2761103,-0.19260417,-0.066909939,0.87660801,-1.2465267,0.52658725,0.23907097,-0.89364767,0.01354976,-0.72691798,-0.69025564,0.43200266,0.65058595,0.67570454,0.002356474,-1.7946361,0.74442542,0.16688538,-1.0558717,0.92781651,0.038518429,-0.017551284,0.65576637,-0.034283686,0.33716995,-0.41591862,0.032687195,0.50539774,-0.91808832,-1.2169982,0.083983876,0.78888756,-0.35254043,0.36324939,0.29897004,-0.19863376,-0.092780165,-0.27572903,0.32315624,0.73844588,-0.23563127,-0.40254143,-0.319906,0.42822906,0.2618838,-1.1852463,0.45336396,-1.231547,-0.36593875,-1.9322696,-1.1822574,-0.074828692,-0.32266203,0.27941141,-0.40045494,0.20429523,-0.13852419,-0.035794593,-0.78552818,-0.63117731,0.052365631,-1.2878937,-0.21654156,-0.13887529,-0.08163175,0.48973632,-0.44263336,-1.8224754,0.52451426,0.6068778,0.97904754,-0.31234291,0.50933403,0.32288775,0.030181412,-0.49389467,-0.41311458,0.30677924,-0.69671243,-0.13284972,0.32456902,-0.3434712,-0.88888341,0.023218974,-0.62438416,-0.85876191,0.34816661,-0.59945101,-0.00772586,-0.7988351,0.82940286,0.6283893,0.079002559,0.06977199,-1.8109707,0.53022921,-0.070649572,-0.19267401,-0.05279436,-0.65342867,0.07441397,-0.15322697,-0.77146751,1.1541057,-0.75810075,0.12624477,0.42473373,-1.9070214,-0.14011437,0.42937845,-0.16524158,-0.44165146,-0.97662652,0.42637706,0.12581508,0.4707858,0.99065208,-0.92231071,-0.23288938,0.017171459,0.094618209,0.20984919,0.3817662,0.1476154,-0.33948815,-1.4422078,-2.080977,-0.86450762,0.27572125,0.5408749,0.35392025,-0.46996137,-0.37514234,0.066341817,1.601711,-0.1052947,0.01423645,-0.38413376,-0.25379071,1.1404045,0.21735707,0.28033882,1.4129492,-0.21259916,-2.2473903,-0.033156842,0.44950962,-0.002593164,-0.10367545,-0.82506847,0.16437156,-1.7723017,0.23888542,-1.3598047,0.39423668,0.11262818,-0.92984974,-0.017787894,0.10564178,0.65239507,-0.19460106,-0.28976861,-2.8986378,0.47539401,-0.64042348,-0.001537733,-0.16060616,0.012896001,0.70288384,0.13996314,-0.20428008,0.75196409,-1.7481149,-0.92378604,-0.26015532,0.45083913,-0.51361394,0.10743067,0.19593757,0.3980926,0.0824323,0.45590606,0.29222226,0.8679114,-1.0850043,-0.34987485,0.57029486,0.003475847,0.28041866,-0.061295893,0.016980737,-1.2532572,-0.4840703,0.081331976,-0.39937818,0.40811044,1.1754345,0.48599336,-0.50824916,0.1862562,-0.39573407,0.60763246,0.60212094,-0.47071162,0.17226897,1.79914,0.15664206,0.18122205,-1.2172877,-0.20891666,-2.2083614,1.0645735,-1.2919395,-0.28175676,-0.12917647,-1.6837273,-0.32682467,0.31049758,0.000960305,0.70377588,0.64348745,0.17200297,-2.0825088,1.1764975,0.096079841,1.2420986,0.033606477,-1.1118836,0.122389,-1.091011,0.58003259,0.4058916,-0.95659953,0.36987302,-2.0443931,-1.7150235,-1.4714886,-0.50531125,0.65156102,0.52793181,0.42935526,-1.0352935,0.72502995,-1.3269495,-0.041866347,0.31540248,-1.1965859,-0.047612786,0.1623702,0.62491083,-0.056628592,0.26923603,-0.19182187,0.52214772,0.042603262,0.77404428,-0.047653824,-0.17594783,-0.88925099,0.40276378,1.0694319,-0.64278674,0.60004729,0.50705391,0.39165953,-0.72443455,0.57981676,0.20804639,-0.98038042,-0.56670457,0.075626582,0.13927262,0.08781226,0.7649529,-0.32173324,-0.60063154,-0.61022425,-0.076944284,0.56197739,-0.24135396,0.23098674,-0.32910264,0.23891792,1.1687181,-1.2550502,0.17945334,0.26465797,-0.72021395,0.043830343,-0.25828508,-1.5610368,-2.0366788,-0.19573762,0.76312172,0.096653029,-0.19549403,0.89705235,0.35187301,0.4530814,0.2498081,-0.22151494,-0.56945801,0.24639378,0.099077702,-0.22486809,-0.59117216,0.25637609,0.15849896,1.3578411,-1.8079442,-0.073423885,1.8467636,1.7273401,0.46058849,-1.5144185,-0.23003511,-0.4934811,-0.19360821,0.014413406,0.30315241,0.97275788,0.56351465,0.56422877,0.16803345,0.23832735,0.77505517,0.73957777,1.0749552,-0.97514093,0.13482945,0.21108723,0.040885396,-0.41727424,-0.15359747,-1.8447511,0.45423394,0.022972409,-0.39599898,-0.17046113,0.2041354,0.21554643,-0.60269636,0.27274755,-0.23840575,0.15142697,-0.2251147,0.47424644,1.0494652,0.23204963,0.001432506,0.71767539,-0.10823197,-0.13377067,-1.0520446,0.38211161,-0.91385669,0.10858138,0.84259933,-1.1717843,-0.49398851,0.44982281,0.32668671,-0.66013044,-1.4654721,0.66053629,-0.74598908,0.17830251,-1.6954858,0.40085104,-0.25920686,-0.75124794,-0.52176493,1.2028737,0.3572894,-2.0891891,-1.3894498,-0.38358232,-0.02846292,0.24632457,0.016821204,0.14407676,0.59779131,0.26713619,-0.14451106,0.20859477,0.33431613,0.54357553,-0.02497261,-0.23508933,0.25124902,-1.5600842,-0.067864135,0.52382046,0.10559068,0.2131207,0.70224911,1.5988064,-0.37941316,-0.88760388,-0.42682871,0.12978713,-2.1014285,0.52685404,0.31859055,0.54157239,-0.91943222,-1.6289784,0.33857846,-0.6730172,0.90205407,-0.023764938,-0.072316743,0.73486173,0.080540076,0.32226288,0.42083609,-0.002559796,-0.055669621,-0.38582543,-2.4808352,-0.70875353,-0.96460748,0.044312913,-1.1065626,0.2590653,-0.2387538,-0.33147621,-0.018813368,2
0.62981153,0.35839513,0.30678281,0.59516299,0.61010301,0.59143782,0.61355376,0.59218597,0.59431565,0.58462512,0.59889865,0.63736326,0.62569213,0.62069762,0.62914562,0.63424885,0.6106385,0.61145782,0.59796208,0.63362193,0.56668568,0.59100306,0.59718013,0.6036005,0.58984566,0.57862353,0.59370351,0.57855999,0.60003948,0.59298462,0.5751155,0.61278695,0.60848665,0.59875846,0.58765674,0.62743032,0.58555418,0.59344727,0.58960426,0.56980014,-0.91070276,0.28983721,0.4859882,0.56803137,1.4103255,1.6945441,1.3570502,0.79933691,0.91806293,1.7060544,1.4090672,1.2706221,0.40278026,-0.19138701,-0.18675339,-0.37173939,0.72070974,0.36730218,0.39129713,0.31081918,-0.82973272,-0.036283974,-0.55441177,0.47970927,-0.86440092,0.045909382,-0.24961203,0.69656092,0.10440913,1.4064078,-0.2252354,0.18241666,-1.09231,-0.21830587,-0.14546447,0.89859641,-1.0696623,0.57142311,0.26053047,-0.84476358,-0.11468959,-1.1023381,-0.54823929,0.50326777,0.85492009,0.65215605,-0.001842528,-1.7135921,0.71226424,0.077671513,-1.0702174,0.74763823,0.02715398,0.014881825,0.53783637,-0.067692071,0.29026774,-0.35070246,0.058296315,0.6355046,-0.50624466,-0.98762459,0.028147787,0.61438781,-0.35524893,0.22175992,0.082063489,-0.1488502,0.017595634,-0.27838787,0.3819558,0.63208723,-0.20252027,-0.45532674,-0.23066252,0.15596776,0.52802992,-1.1489129,0.41934013,-1.0833638,-0.3529973,-1.678564,-0.93600005,-0.19154736,-0.47469538,0.23123541,-0.41770551,0.15301754,-0.11953451,-0.090534814,-0.86346501,-0.52552944,0.17528147,-1.0316494,-0.14839046,-0.09726198,-0.016335815,0.26311517,-0.44921389,-1.6032839,0.17454621,0.52084708,0.83715326,-0.23611319,0.48194516,0.31137297,0.047018439,-0.28153437,-0.35329515,0.39539391,-0.4898788,-0.16425242,0.40330207,-0.35775104,-0.7224291,0.090863407,-0.67538202,-0.64564854,0.34520465,-0.44552016,0.001989074,-0.58359599,0.71203929,0.62018764,0.024059307,0.066182584,-1.6351428,0.75504178,-0.039572217,-0.13832425,-0.035037719,-0.49433872,-0.071780205,-0.16488977,-0.73422915,1.0796075,-0.64750385,0.12871724,0.41924852,-1.5653974,-0.11613377,0.29515618,-0.21003439,-0.41561228,-0.90172625,0.29713601,-0.11259276,0.42252621,0.95099926,-0.74051058,-0.23849732,0.021681299,0.078371108,0.15910873,0.37765273,0.001979396,-0.15075789,-1.2917039,-1.8644686,-0.80360729,0.27435577,0.61144638,0.31560898,-0.4875181,-0.38039273,0.04499492,1.3866521,-0.20770115,0.052617073,-0.14692688,-0.21575588,1.2526175,0.19991031,0.26110417,2.0496366,-0.20500004,-2.4413075,-0.1106659,0.46419185,0.10645369,-0.041472103,-0.78413421,0.15958965,-1.5270704,0.30263868,-1.0561519,0.41792789,-0.019098133,-0.85438102,0.005181415,0.47584096,0.63512045,-0.20362423,-0.43834987,-2.5539272,0.33957148,-0.69335562,0.051631734,-0.14044845,0.29449704,0.62512898,0.10744276,-0.110677,0.70460629,-1.526029,-0.94292861,-0.055047736,0.39103889,-0.44834965,0.095834389,0.21842007,0.43720549,-0.014513507,0.383349,0.42364523,0.8220681,-0.94631183,-0.33807638,0.55148131,-0.071386248,0.16347829,-0.1335375,-0.25398576,-1.1803585,-0.40339708,0.10523759,-0.47483817,0.26511207,1.0855922,0.43682796,-0.46384779,0.1243641,-0.36011201,0.39981967,0.62509608,-0.43952504,0.07531184,1.637198,0.15264806,0.2135807,-1.0103902,-0.17367072,-1.9412872,0.94513583,-1.4306602,-0.19715659,-0.01659888,-1.3945494,-0.30758211,0.2211531,0.171406,0.6365909,0.43703359,0.44389015,-1.904032,0.90345371,0.019648084,1.0576901,0.005275816,-1.1575006,0.075788081,-0.87917489,0.5743953,0.29391599,-0.79485196,0.29124457,-1.8279184,-1.4359825,-1.3701657,-0.34261021,0.48147249,1.1383188,0.33281904,-1.0858308,0.81385767,-1.0505663,-0.087527096,0.29635659,-1.132699,-0.089732558,0.075469054,0.51516497,0.15206623,0.33555666,-0.32883364,0.40151036,0.026355695,0.53414255,0.053804606,-0.098925918,-0.85470635,0.410761,0.89597934,-0.72296226,0.64727461,0.49558583,0.37924224,-0.675475,0.47264323,0.27548113,-0.94887394,-0.52448136,0.099026315,0.13028209,0.081620947,0.91755629,-0.27842098,-0.49091053,-0.5607537,-0.065027863,0.32632387,-0.2280733,-0.032230295,-0.33004305,0.19216156,1.0590634,-1.0913539,0.11432038,0.30102232,-0.53296584,-0.068493471,-0.25192437,-1.3673933,-1.9803419,-0.14857584,0.7091192,0.005648196,-0.1304263,0.69526368,0.27763841,0.45959437,0.29661554,-0.21517611,-0.52111948,0.22239874,0.056929432,-0.26425648,-0.41758186,0.2001465,0.17578739,1.2681679,-1.6955683,-0.042825703,1.4577527,1.4392276,0.46328688,-1.4665565,-0.31609827,-0.50935763,-0.25462335,0.076824054,0.28798866,0.90607065,0.82985389,0.46815234,0.19556329,0.1954518,0.82310343,0.60633177,1.2365515,-0.94816053,-0.032954365,0.19920641,0.17209354,-0.43554187,-0.18148386,-1.6460955,0.41538364,-0.012210149,-0.34530365,-0.15914851,0.23657365,0.19805047,-0.55121702,0.28292832,-0.20023251,0.3595973,-0.20857814,0.4515768,0.9480443,0.27985236,0.024351915,0.64189637,-0.098977208,-0.16195118,-0.9286052,0.40295893,-0.73836255,0.2459172,0.77570605,-0.95618486,-0.42587829,0.43421832,0.19560295,-0.65922362,-1.1834507,0.60208046,-0.55347365,-0.020983843,-1.742173,0.22462603,-0.19924867,-0.52146059,-0.56355864,0.85951251,0.23192671,-1.8750112,-1.3026553,-0.39640164,-0.054043677,0.27991024,0.016389696,0.025653582,0.5650816,0.27192402,-0.068245411,0.22196133,0.26670015,0.33295748,-0.01726453,0.056609049,0.23287664,-1.347025,-0.082177743,0.41231725,0.0808639,0.16081291,0.5584532,1.3451301,-0.45578307,-0.76921898,-0.44626242,0.17510706,-2.0237594,0.46539366,0.26097795,0.50379902,-0.81098247,-1.3638945,0.27844349,-0.56819874,0.36011994,-0.032947578,-0.074314117,0.55691653,0.17665765,0.32314095,0.35324302,0.007325055,-0.21917444,-0.36375162,-2.2423394,-0.66872871,-0.94202465,-0.003841847,-0.97670269,0.28294823,-0.16843654,-0.28406039,0.082413763,2
0.59300089,0.32771689,0.27447477,0.55606633,0.53942841,0.57021451,0.54995143,0.53556162,0.55104876,0.56767702,0.54636073,0.55238402,0.54178226,0.52987736,0.54778969,0.5612973,0.54203856,0.58665848,0.55499721,0.51061404,0.53947455,0.56470138,0.53624147,0.54469723,0.54640579,0.54506695,0.55081952,0.54906279,0.54754603,0.58856177,0.55271673,0.54661119,0.53019232,0.54318136,0.55438513,0.52919674,0.53360426,0.53441167,0.52445161,0.54790479,-1.0531816,0.24884909,0.48570079,0.53716224,1.3960919,1.6975111,1.348555,0.78528035,0.91799414,1.6810362,1.4005888,1.2536156,0.41478834,-0.24957059,-0.42560244,-0.367477,0.69005609,0.36497566,0.47938499,0.32576704,-0.77719229,-0.06427601,-0.62541986,0.42116717,-0.84809184,-0.12802954,-0.24934569,0.73914129,0.25114435,1.2089463,-0.18935914,0.16055648,-1.2746174,-0.1905511,-0.11235341,0.88094246,-1.2232541,0.55550486,0.26163617,-0.90681756,-0.1057724,-1.0443021,-0.68679214,0.39931285,0.83221465,0.68074417,-0.021101238,-1.819185,0.66340846,0.16647923,-1.1816546,0.7520051,0.024982266,0.040718608,0.548958,-0.061814833,0.30746999,-0.32662579,0.086701527,0.64254987,-0.79710871,-1.115436,0.024341442,0.6227231,-0.32917404,0.24803896,0.22676563,-0.19778235,-0.1009217,-0.3164573,0.31422451,0.68425024,-0.23447341,-0.30623612,-0.2406314,0.5705086,0.26965332,-1.0746999,0.44022259,-1.1212189,-0.38037089,-1.9121748,-1.0370514,-0.10140907,-0.47731793,0.34149578,-0.39584205,0.15886647,-0.099592961,-0.1390581,-0.79544669,-0.59507066,0.19951583,-1.2218698,-0.23763721,-0.051076882,-0.028108105,0.41703245,-0.40010211,-1.7355492,0.45660436,0.58610588,0.85472,-0.23629919,0.54927731,0.33986378,0.03206297,-0.37954026,-0.36996305,0.27275643,-0.59815097,-0.2123916,0.40615538,-0.30293947,-0.92005229,0.10368014,-0.55315745,-0.57519704,0.35424256,-0.52363455,0.002343922,-0.78397822,0.73682362,0.67767537,0.1446507,0.078755736,-1.670031,0.60623789,-0.028761141,-0.17229269,-0.035670467,-0.60574359,0.029856598,-0.14873295,-0.80051547,1.1062739,-0.74951261,0.12762612,0.41728044,-1.493618,-0.11020821,0.28722039,-0.13195607,-0.4176361,-0.93473929,0.35505712,0.005215854,0.43441015,0.85234207,-0.89485693,-0.23749307,0.025527351,0.057799142,0.21951169,0.38491845,0.15202847,-0.2640475,-1.3662843,-1.9810311,-0.87114859,0.26987267,0.67737561,0.37478006,-0.43200937,-0.36542565,0.054846875,1.4524336,-0.10269491,0.052429654,-0.32165894,-0.24881454,1.0609481,0.20857243,0.27852497,1.1219649,-0.19941673,-2.2141144,-0.085565202,0.46913075,0.022521177,-0.027715929,-0.72914892,0.077918604,-1.6283829,0.16795893,-1.3308516,0.42920721,0.17098427,-0.88466543,0.005341273,0.28862256,0.57420671,-0.19637263,-0.29165447,-2.6660233,0.38769639,-0.74784756,0.019119233,-0.15058316,0.10377932,0.63389909,0.096986234,-0.2196227,0.51478314,-1.6041868,-0.89043659,-0.2844815,0.46803057,-0.45687237,0.11931746,0.12454985,0.47285667,0.036073774,0.42268917,0.41577631,0.8316443,-0.96855319,-0.36513293,0.73688918,0.052411497,0.27048925,-0.033527952,-0.16097108,-1.31157,-0.49288291,0.1270691,-0.42791909,0.32714635,1.1939219,0.44038817,-0.51651108,0.10437258,-0.34380889,0.78357178,0.5903306,-0.43040499,0.11747213,1.8932483,0.16927257,0.21845588,-1.0182233,-0.19412801,-2.0201955,1.0680093,-1.2582507,-0.2089971,-0.1973232,-1.5671958,-0.37503159,0.31248105,0.06807448,0.79081059,0.50867772,0.20813942,-2.0334945,1.0357473,0.00640555,1.2930472,0.008664796,-1.2155417,0.049182788,-1.0372843,0.55509669,0.27175027,-0.86857259,0.32218632,-1.9086397,-1.5643073,-1.4346306,-0.48665595,0.60139996,0.71389824,0.43163249,-1.0039622,0.79277182,-1.2005696,-0.012364864,0.32089323,-1.1485521,-0.05739186,0.11627248,0.63971221,0.086846381,0.26032764,-0.24276087,0.4527289,-0.002131866,0.74427497,-0.010299381,-0.11626708,-0.82174951,0.47001857,1.0795847,-0.58834523,0.59173805,0.47086766,0.45274302,-0.68549573,0.62397116,0.19929986,-0.88698429,-0.61498934,0.11290114,0.16175467,0.057092324,0.84661627,-0.2590082,-0.57261521,-0.58702922,-0.063375667,0.51370394,-0.13675712,0.10850999,-0.39591718,0.22404778,1.1724371,-1.172201,0.17250639,0.32395276,-0.65999931,-0.022869607,-0.024884731,-1.477892,-2.1003625,-0.15192778,0.76780915,0.036007881,-0.10771394,0.7777456,0.25873068,0.48787194,0.25582629,-0.23454896,-0.58254373,0.23671602,0.06055101,-0.19175826,-0.44440746,0.2539407,0.18634868,1.2956036,-1.7510102,-0.07359083,1.6381426,1.7330889,0.42922372,-1.5767092,-0.26485646,-0.54809844,-0.21150015,-0.023558348,0.25508502,0.87153423,0.7982896,0.4246479,0.1788031,0.1670122,0.79311061,0.69848084,1.0795271,-1.0440191,0.28485277,0.22558853,0.077438951,-0.38509408,-0.17472687,-1.8107324,0.45027778,-0.014389802,-0.42003351,-0.15084721,0.38181758,0.19079223,-0.65320498,0.2989637,-0.16161634,0.46064243,-0.02991128,0.54430294,0.98660308,0.29015553,0.033284716,0.76088303,-0.11380064,0.007170915,-1.0464259,0.41163349,-0.88746989,0.088401027,0.78242522,-1.0568855,-0.42449465,0.53839821,0.31830162,-0.60232109,-1.2560797,0.58652049,-0.69202006,0.07676509,-1.6607456,0.33695322,-0.22595212,-0.70803159,-0.47490126,1.1401185,0.41034013,-1.9229819,-1.1338607,-0.44929343,-0.020714264,0.25575811,-0.021797275,0.055968672,0.53203803,0.28575528,-0.10452294,0.20837969,0.39246249,0.39705062,0.004810408,-0.046870306,0.24271725,-1.5606643,-0.014822761,0.32276869,0.10742991,0.16477543,0.6939851,1.1125523,-0.37550634,-0.84696347,-0.37727749,0.11702874,-2.139827,0.41924727,0.31985024,0.53649187,-0.78741431,-1.4242154,0.31385529,-0.67679167,0.29270458,-0.061533362,-0.078947812,0.66049492,0.14508101,0.33743092,0.43578938,0.04224471,-0.14424174,-0.3609376,-2.3423417,-0.68642163,-0.92656368,0.04548806,-0.99597937,0.24676046,-0.12962055,-0.29531863,0.14945804,2
0.73095995,0.46547732,0.40486985,0.69082725,0.6762079,0.70662761,0.69228077,0.67727077,0.69358099,0.68861198,0.68906736,0.68390685,0.69180024,0.67973423,0.69893551,0.676489,0.69107205,0.7183069,0.68588793,0.67543352,0.66721016,0.68911874,0.67300951,0.69120806,0.68328559,0.67810285,0.68335158,0.68312818,0.6968019,0.6958735,0.68147624,0.67370909,0.66995347,0.67567986,0.68210018,0.66260147,0.66553152,0.67596364,0.67144132,0.67616034,-1.1322181,0.38532317,0.59067476,0.60754299,1.509366,1.7933729,1.4671402,0.88582629,1.015095,1.7953476,1.4952945,1.3576074,0.37616169,-0.20840001,-0.39164832,-0.34199861,0.73304677,0.40584397,0.40737644,0.3404071,-1.850801,-0.030351842,-0.69539213,0.48902327,-0.99001753,-0.035842303,-0.26838729,0.7201612,0.24963738,1.5433131,-0.21166623,0.19310543,-1.3096069,-0.23655902,-0.061617907,0.89804065,-1.2362591,0.62776852,0.26087788,-0.94778705,-0.099296138,-0.99658805,-0.71893126,0.48158181,0.92676371,0.70444876,-0.012214255,-1.9011407,0.70498908,0.13230972,-1.0661017,0.89452922,-0.003656548,0.14557776,0.5967434,-0.050286945,0.5095253,-0.40657678,0.064601943,0.67090595,-0.82269156,-1.2499906,0.026450869,0.6372475,-0.42909577,0.31194204,0.095535934,-0.2562167,-0.01851774,-0.35487837,0.44904989,0.81233728,-0.2064236,-0.24271166,-0.14188492,0.27915877,0.31098831,-1.1639589,0.43459296,-1.1245203,-0.39224935,-1.9940581,-1.1819737,-0.091065541,-0.4261221,0.22215697,-0.49621838,0.16492741,-0.15066648,-0.12123913,-0.82186282,-0.60210502,0.19312119,-1.2414056,-0.24919558,-0.081610285,-0.012260839,0.43769825,-0.49261659,-1.7791091,0.51935452,0.60359836,0.880844,-0.29808754,0.57940447,0.35469836,0.036658991,-0.39721984,-0.31634706,0.3232339,-0.62371087,-0.24061783,0.38491648,-0.34898716,-0.90123075,-0.014798017,-0.55206621,-0.82209057,0.40006718,-0.52033341,0.007322446,-0.85507083,0.79057223,0.70952702,0.065318398,0.20465377,-1.7651033,0.62752205,-0.045003738,-0.19188057,-0.066360123,-0.60264689,-0.010548962,-0.14641964,-0.7426579,1.2534804,-0.78511208,0.11446481,0.45172134,-1.9721639,-0.14224567,0.32099235,-0.086048372,-0.42722514,-1.0332092,0.28528762,0.13279812,0.38126063,1.0250506,-0.82870579,-0.2602936,0.032957345,0.042558111,0.24359208,0.39889508,0.1215024,-0.21942855,-1.4825634,-2.0788319,-0.72756475,0.26559773,0.71167535,0.53328204,-0.50788444,-0.41691566,0.068357274,1.4864745,-0.081708148,0.098748565,-0.33774558,-0.32451135,1.1198587,0.20166199,0.28821221,1.4906138,-0.22219636,-2.4251754,-0.056254335,0.69933903,0.000494102,-0.027914636,-0.78273994,0.11311096,-1.7295067,0.24781004,-1.2031362,0.40187496,0.031161282,-0.94764793,-0.023196224,0.36912316,0.57903528,-0.21440238,0.068899035,-2.8257055,0.32727945,-0.68265188,-0.002433956,-0.2023291,0.081241108,0.64885497,0.070956439,-0.22524369,0.56535369,-1.7225009,-0.91936713,-0.28789204,0.39049596,-0.45978943,0.14093994,0.18614642,0.45955986,0.032011945,0.41913337,0.40973157,0.82929689,-0.97436804,-0.36247739,0.67751271,-0.005352341,0.23623109,-0.062802285,-0.24196166,-1.3879446,-0.55459529,0.083069444,-0.42550445,0.61180347,1.257665,0.4909063,-0.5101372,0.08093638,-0.39903682,0.85266733,0.64624107,-0.45052415,0.11818889,1.9543989,0.15504359,0.20502023,-1.1211776,-0.22117557,-2.1176662,1.1242257,-1.4171904,-0.24227463,-0.1838875,-1.4560573,-0.27689415,0.28786439,0.13085334,0.83912921,0.4784472,0.31776929,-2.1356013,1.0736501,0.021831125,1.2422177,0.095846072,-1.2272525,0.081735447,-1.1558896,0.60518765,0.31280094,-0.96239829,0.38941294,-1.9823377,-1.6298975,-1.4986345,-0.5195682,0.76206744,0.91932344,0.41451094,-1.0816857,0.8671025,-1.3230402,0.005844265,0.34288046,-1.2019224,-0.094261408,0.12230296,0.56863588,0.033210922,0.43890265,-0.21186349,0.62572938,0.01880884,0.6593318,0.056736998,-0.11608467,-0.79249471,0.45530322,1.2146392,-0.7136606,0.62201101,0.54736793,0.48864415,-0.74355531,0.58109683,0.2776666,-0.99355596,-0.66208363,0.059025373,0.070129633,0.056107223,0.94020998,-0.26168111,-0.57656026,-0.67981279,-0.10054965,0.57985514,-0.18398556,0.39380401,-0.36985856,0.22966561,1.2532991,-1.3045962,0.13894777,0.30116317,-0.71499413,-0.019376317,-0.16125853,-1.5773778,-2.181118,-0.22087903,0.76036608,0.04862193,-0.12995198,0.84711784,0.27352101,0.52451926,0.25995392,-0.20734477,-0.50398785,0.23691532,0.04644509,-0.10941771,-0.3948116,0.25365683,0.19312215,1.4846216,-1.7812915,-0.087633289,1.7560415,1.854654,0.41325584,-1.5371763,-0.25177726,-0.37640086,-0.27142084,-0.019356754,0.40207282,0.94919592,0.86830932,0.47156128,0.29292107,0.2161689,0.8727445,0.71309865,1.0954709,-0.99276614,0.31677252,0.3440868,0.11793928,-0.51097947,-0.13885167,-1.7906303,0.46266592,-0.008548196,-0.40090773,-0.19721189,0.37996888,0.22286573,-0.64983493,0.25916401,-0.17191444,0.63273686,-0.15882169,0.62144649,1.1766285,0.31355381,0.032581635,0.72571045,-0.15801331,-0.11344758,-1.139402,0.42447627,-0.84309745,0.098086424,0.88095427,-1.0809665,-0.49225414,0.61593431,0.36550757,-0.67114687,-1.3575518,0.61699969,-0.68021679,0.11093096,-1.7636001,0.32173693,-0.27424258,-0.70396107,-0.48444483,1.2043188,0.37120318,-1.9751025,-1.2914701,-0.47253633,-0.042055801,0.27958333,-0.03218573,0.063852005,0.56301391,0.31728145,-0.20645458,0.21270403,0.3318091,0.3279205,0.030593231,-0.094854802,0.27996346,-1.6478295,-0.057208396,0.34676647,0.079210192,0.20209442,0.73670202,1.4807153,-0.46005568,-0.91018015,-0.33489478,-0.074147493,-2.2001586,0.37505761,0.39709806,0.51686925,-0.87461323,-1.4298825,0.31212592,-0.87009263,0.68140674,-0.011019349,-0.092258319,0.50510693,0.1297594,0.33907053,0.44020373,0.044302672,-0.08946722,-0.39670622,-2.5339866,-0.74921167,-0.94988406,0.038624827,-1.0800347,0.22019462,-0.19858101,-0.30299848,0.10032453,2
0.57011044,0.29680753,0.24084441,0.52971327,0.51392001,0.53561378,0.53014207,0.51958805,0.52896178,0.53558111,0.53087389,0.52253902,0.53708678,0.51941645,0.53045183,0.52354419,0.53537524,0.55081379,0.53420651,0.53899312,0.5225445,0.53234255,0.51328039,0.52797341,0.52697575,0.51758921,0.53220427,0.51803279,0.51860261,0.52899659,0.52739102,0.52078485,0.50944746,0.53215158,0.53115332,0.51200783,0.51890433,0.53040922,0.5096646,0.53068858,-0.9782601,0.2338803,0.54366195,0.61840004,1.4758484,1.7751329,1.4394948,0.85670841,0.99352586,1.7717149,1.4514973,1.3404714,0.35060924,-0.19796351,-0.37332815,-0.36959267,0.70760697,0.35177746,0.42989513,0.33339691,-0.65354174,-0.03261666,-0.58874792,0.48996574,-0.8100481,-0.12841217,-0.23719899,0.6799944,0.38565245,1.4516677,-0.17736666,0.16255213,-1.2230008,-0.20058742,-0.024235167,1.0085566,-1.0841247,0.54741985,0.26136351,-0.87120771,-0.10588199,-0.86622131,-0.58850664,0.36395723,0.90751207,0.70991248,-0.022005424,-1.7809139,0.67351454,0.13197327,-1.0660317,0.80762351,-0.005649164,-0.029436968,0.51914924,-0.045144275,0.38468784,-0.35814714,0.094747201,0.60791427,-0.62682301,-1.0611211,0.047427095,0.67641395,-0.33677176,0.35282344,0.14854755,-0.16308822,-0.15482745,-0.28373903,0.35804003,0.74470615,-0.17670459,-0.3099061,-0.12777841,0.44430217,0.349857,-1.1575038,0.29617298,-1.1613516,-0.33442715,-1.8590376,-1.0524317,-0.10676622,-0.43895143,0.29244789,-0.43587184,0.1478271,-0.12885696,-0.086022645,-0.79260957,-0.57989979,-0.057411015,-1.1756248,-0.27448392,-0.12985435,-0.012602359,0.33954906,-0.42631549,-1.7453562,0.53128928,0.5371815,0.85662556,-0.27448469,0.5871225,0.33454213,0.073403835,-0.33823183,-0.32309037,0.32574388,-0.64868146,-0.15922335,0.37790865,-0.2981897,-0.84601575,0.12551455,-0.59112889,-0.60039639,0.38936251,-0.41004172,0.02352366,-0.73254526,0.69340354,0.66581011,0.043686487,0.067470253,-1.6770391,0.61536443,-0.034859296,-0.21876162,-0.073176473,-0.59409565,-0.000580483,-0.12398311,-0.68818748,1.108474,-0.65828979,0.10679442,0.41275296,-1.7488482,-0.11513062,0.33811226,-0.067763314,-0.41637659,-0.9043014,0.36533347,0.12301911,0.37801054,0.93059045,-0.78271252,-0.14860885,0.060566105,0.015729172,0.25456244,0.38020748,0.099549845,-0.22364983,-1.398647,-1.9243567,-0.76921034,0.18890858,0.61632913,0.40960532,-0.45495847,-0.37510839,0.00750792,1.41282,-0.048172478,0.0645357,-0.22028671,-0.26593727,1.0805073,0.19164649,0.26776662,1.3567846,-0.16199666,-2.0717368,-0.087484747,0.60249877,-0.020025466,-0.041075915,-0.82713485,0.14950761,-1.6167178,0.22260846,-1.2288959,0.4496958,0.10105899,-0.87739468,0.033331282,0.19598243,0.520684,-0.1624878,-0.13128337,-2.7678728,0.40246072,-0.71507549,0.004141502,-0.14019823,0.16615748,0.67862701,0.10035495,-0.20042902,0.60873759,-1.6896048,-0.8880344,-0.27650505,0.39053217,-0.43203044,0.1566142,0.18673894,0.4457832,-0.001843419,0.42173454,0.41649002,0.82921869,-0.93910259,-0.30949518,0.62759042,0.001523826,0.2652396,-0.049349837,-0.25728238,-1.224158,-0.44260287,0.093102865,-0.38028637,0.48470271,1.1552551,0.41839963,-0.43790951,0.20005971,-0.36741093,0.62949699,0.59054887,-0.4209902,0.12879537,1.8409245,0.13649215,0.17052376,-1.0709357,-0.20777693,-2.1190908,1.0948085,-1.2735741,-0.22357984,-0.072503962,-1.5304811,-0.2128375,0.26295674,0.075686038,0.72322553,0.55356133,0.50700265,-1.9976432,1.0393114,0.050707124,1.1932625,0.082718551,-1.0708659,0.080891952,-0.95534998,0.58170563,0.46543682,-0.93054825,0.30363896,-1.9298214,-1.6257137,-1.43486,-0.41466302,0.60424644,0.52754688,0.34442174,-1.0308785,0.76389652,-1.141908,-0.037247762,0.32194883,-1.1984606,-0.064144246,0.085639887,0.659208,-0.001645062,0.32032704,-0.16762619,0.44814909,-0.035886459,0.74477339,0.098517217,-0.13851485,-0.89137304,0.4130626,1.0771885,-0.51120639,0.60479152,0.48136923,0.5190478,-0.73256707,0.65519685,0.38886613,-0.93914318,-0.59452921,0.079448745,0.10532071,0.14031653,0.90066952,-0.30728316,-0.57218128,-0.56661016,-0.081898898,0.62926698,-0.21358304,0.24000365,-0.33558607,0.21909291,1.1610832,-1.1984981,0.12681064,0.27969792,-0.67356515,-0.042385872,-0.19695225,-1.5489407,-1.9349126,-0.26315939,0.74158752,0.065761469,-0.14240068,0.79585743,0.33634719,0.51244074,0.28078192,-0.27542534,-0.58820236,0.26712739,0.040797714,-0.20139144,-0.50499761,0.21160501,0.15821904,1.3221186,-1.7315764,-0.085104838,1.6992042,1.7315588,0.40673864,-1.4275159,-0.27489486,-0.55600214,-0.21635704,0.032869458,0.4009282,0.97405463,0.82864374,0.63923764,0.19434048,0.16935354,0.72690213,0.70441586,0.94798535,-0.98124248,0.18259916,0.28359193,0.088619843,-0.35233819,-0.10177667,-1.803212,0.42148846,-0.020461831,-0.36034408,-0.18843323,0.32760125,0.17316814,-0.62762946,0.25241068,-0.23507148,0.38026923,-0.19123968,0.57455808,1.0023154,0.24912447,0.053662404,0.68555528,-0.10298231,-0.031057,-1.0476241,0.39583319,-0.75504917,0.081196271,0.86252606,-1.0015879,-0.46814781,0.46407062,0.34029722,-0.6901207,-1.2897042,0.56959879,-0.56067574,0.16600066,-1.4945519,0.3596929,-0.23182677,-0.69191855,-0.46925095,1.0648237,0.37843752,-1.9943579,-1.2121742,-0.428505,-0.026449105,0.25057104,0.030309703,0.07602448,0.57458854,0.28667769,-0.14262639,0.17311852,0.35677579,0.39098543,0.061159581,-0.16001883,0.21541689,-1.5565739,0.14059979,0.32987961,0.13567665,0.15184346,0.74065608,1.2131124,-0.43710464,-0.87759149,-0.42057627,0.009658545,-2.0519173,0.4024241,0.33826798,0.51509088,-0.77572328,-1.4038959,0.31380582,-0.60330236,0.60273254,0.013920495,-0.072233632,0.49567652,0.12087014,0.34303504,0.43214238,0.030363008,-0.15351601,-0.35796982,-2.3967209,-0.75463498,-0.95374155,0.046908669,-1.1097616,0.15159936,-0.17861158,-0.25611061,0.090256542,2
0.6690973,0.39364469,0.35283506,0.63948721,0.62642133,0.64078867,0.63628125,0.6272077,0.62913859,0.62534118,0.6233964,0.62527102,0.63579845,0.619416,0.6342864,0.61410213,0.67137718,0.64666295,0.63692486,0.62596107,0.61574399,0.62848097,0.62584102,0.62666243,0.62337148,0.61790067,0.63690966,0.6210891,0.62461686,0.62992281,0.630171,0.62707692,0.62020981,0.62220144,0.63202667,0.60253465,0.6098783,0.63001317,0.61095202,0.62217569,-0.92099905,0.34200144,0.49390036,0.53033626,1.4264352,1.7882524,1.3941697,0.79749864,0.92448878,1.7146397,1.4954797,1.2853048,0.49498045,-0.2178793,-0.36652026,-0.35440323,0.76265413,0.41617787,0.39845639,0.34308723,-0.92230356,-0.013541435,-0.77173734,0.40701294,-0.81835234,-0.025568608,-0.24080648,0.50799155,-0.1577287,1.4627234,-0.21664086,0.24954915,-1.1833498,-0.24564284,-0.18667698,1.0691875,-1.1156671,0.67224073,0.2143909,-0.88031483,-0.19429034,-1.2647204,-0.67048419,0.24640764,1.0016043,0.49943909,-0.083095476,-1.7747922,0.91420722,0.11657616,-1.1881214,0.7887603,-0.033530392,0.097866863,0.63125992,-0.038082261,0.19653675,-0.32901371,0.117365,0.7005946,-0.35452992,-1.0856295,-0.08515732,0.48588496,-0.42363736,0.20864646,0.085286394,-0.28247011,-0.081214257,-0.31876868,0.27506948,0.34538615,-0.17384586,-0.38217604,-0.096841544,0.022128701,0.44360965,-1.0350419,0.44477716,-1.1966171,-0.4407599,-1.8765533,-0.97125667,-0.10543407,-0.60555601,0.22560017,-0.36266789,0.067065641,-0.051412076,-0.16589743,-0.77294755,-0.59800601,0.22176382,-1.0341816,-0.14967686,-0.074242353,0.053841576,0.28420016,-0.40964243,-1.6438767,0.64558947,0.53259373,0.8364687,-0.14748102,0.50273591,0.17545596,0.009611838,-0.38214931,-0.22290137,0.37356922,-0.58057249,0.001508519,0.48814887,-0.28427571,-0.73329592,0.09496583,-0.56697732,-0.29739776,0.31970772,-0.35217953,0.11025305,-0.88532519,0.71292681,0.96411937,0.34429687,0.098458298,-1.6167437,0.57645208,-0.11488,-0.21137051,-0.092331499,-0.54939252,0.093271971,-0.17297605,-0.73920858,1.0821713,-0.64902437,0.18194565,0.42055053,-1.4690919,-0.10222867,0.19342586,-0.15106094,-0.44862685,-0.95218039,0.34952679,-0.012948304,0.60835743,0.85691768,-0.74759531,-0.22566278,0.093285076,0.11944945,0.1845752,0.35477412,0.10778252,-0.29372054,-1.3342267,-1.9566309,-0.62416345,0.27770585,0.96391201,0.40575105,-0.41248029,-0.28415114,-0.041231886,0.83548033,-0.07746093,0.2233512,-0.16901763,-0.2984283,1.0627179,0.15965015,0.32703942,0.71259773,-0.262344,-1.8542212,-0.032902393,0.37674072,-0.013868562,-0.11043595,-0.78976142,0.1154172,-1.5307796,0.23050165,-0.94183254,0.2792798,0.12560984,-0.91658348,0.001757436,0.26623183,0.35274506,-0.19806366,-0.089544833,-2.6016083,0.2873579,-0.62965596,0.060646057,0.008237302,0.25965178,0.52451354,0.31309277,-0.17583011,0.67176902,-1.6713238,-0.93951702,-0.32220423,0.42524603,-0.41367003,0.04690811,0.13608459,0.31020716,-0.034200642,0.35960037,0.47963816,0.76399899,-0.83062911,-0.36290896,0.59905523,-0.079072043,0.18381369,-0.1785509,-0.32654375,-1.3402128,-0.50637466,0.13077471,-0.36764497,0.45491001,1.0376754,0.38382393,-0.55627775,0.32316092,-0.381064,0.67125475,0.61382174,-0.35938019,0.089681461,1.5821697,0.13486364,0.29299688,-0.97323883,-0.33605856,-1.9268006,0.93954784,-1.3360341,-0.106556,0.025381729,-1.544471,-0.15346634,0.087205298,0.099709317,0.82984143,0.45123851,0.37251228,-1.966143,0.81073117,0.16020624,1.2856688,-0.022068147,-1.3502762,0.041923769,-0.96975917,0.59536588,0.4502309,-0.81196743,0.39875853,-1.6981213,-1.3720002,-1.3604872,-0.47978646,0.49600342,0.52344042,0.35212171,-1.0086576,0.9342016,-1.0283931,-0.099304274,0.23544906,-1.1349965,-0.11435749,0.060212243,0.56894833,0.068408482,0.23223457,-0.25181264,0.40848398,0.03000021,0.40442067,0.067945562,-0.17752461,-0.56166112,0.55032086,0.99005842,-0.52992666,0.49574396,0.54876924,0.41743854,-0.69770145,0.75604224,0.36510599,-0.86856014,-0.86313248,0.10779841,0.011601627,0.066972122,0.79144537,-0.2567715,-0.47433752,-0.58685142,-0.003104845,0.6293025,-0.16619286,0.13632448,-0.44196135,0.21305671,0.92489326,-1.1935358,0.15635492,0.30455086,-0.51506966,-0.090311028,0.16643804,-1.4602665,-2.0489395,-0.18923736,0.78760326,-0.051200494,-0.12526794,0.6893177,0.019017339,0.48681584,0.36719078,-0.22850016,-0.48156583,0.20309184,0.16332489,-0.10698038,-0.35808349,0.27777568,0.2058171,1.3015147,-1.5749489,0.068753257,1.4134616,1.3812251,0.44337276,-1.4649245,-0.35932535,-0.65612137,-0.36465496,-0.043195143,0.081068128,0.85353404,0.78519726,0.42379609,0.15747422,0.18110113,0.79836041,0.65531731,1.0144224,-1.0856425,0.16870981,0.17753509,0.23193637,-0.49842775,-0.044135302,-1.7404201,0.43730909,0.007333972,-0.31697193,-0.11790679,0.64997911,0.23560911,-0.59735686,0.21293601,-0.38044828,0.74685687,-0.11751938,0.54552621,1.1525289,0.38268,0.03967426,0.65251708,0.057707503,0.13765186,-0.95857656,0.34499264,-0.77780175,0.016893327,0.73146743,-0.80567241,-0.44768602,0.45552453,0.20083572,-0.53021902,-1.0364816,0.5297451,-0.63438851,-0.13862543,-1.7392733,0.22280127,-0.21115479,-0.6547727,-0.37384453,0.94439274,0.29822001,-1.8009392,-1.0974095,-0.50492716,-0.013653722,0.30439872,-0.14540577,0.061085138,0.43984643,0.31501025,-0.16206227,0.25297689,0.3149294,0.33172858,0.097309098,-0.014672734,0.7585935,-1.4283504,0.21688953,0.36706343,0.12071215,0.26962447,0.44898772,0.95483768,-0.40157729,-0.75545669,-0.3949002,0.034687579,-1.9971594,0.35952875,0.41675937,0.43528756,-0.65583318,-1.233285,0.29062989,-0.59539598,0.01464276,-0.17142019,-0.008943625,0.403539,0.17254296,0.41658446,0.28220114,0.065245017,-0.21232249,-0.41719389,-2.2517362,-0.72175759,-0.99610519,0.11671512,-0.93319458,0.14512995,0.032476842,-0.38977242,0.20441139,2
0.68066645,0.39849988,0.34105387,0.64919233,0.65007555,0.69011736,0.64447653,0.63332713,0.64658803,0.66028786,0.63924879,0.63198078,0.63018382,0.60743141,0.63473004,0.62936395,0.60904813,0.66529936,0.6615752,0.59676635,0.62125385,0.65358913,0.6362257,0.61144042,0.64800668,0.64616263,0.67616677,0.66533577,0.63666677,0.65338814,0.64923942,0.63789678,0.62128639,0.62983823,0.65485811,0.59877586,0.60833681,0.62781018,0.6142959,0.63539588,-0.97830975,0.27982938,0.61810791,0.63536274,1.5579245,1.8827945,1.5224349,0.92191339,1.0527762,1.8442326,1.6118863,1.4087899,0.46822405,-0.22946438,-0.46623862,-0.49405602,0.78098232,0.53278697,0.50786769,0.36827588,-0.82806724,-0.095485918,-0.75583601,0.34211954,-1.0229903,0.010722734,-0.28560874,0.77264678,0.002234727,1.2812123,-0.18458077,0.28711429,-1.3770262,-0.21925291,-0.25542226,1.084916,-1.3800633,0.62824106,0.19535373,-0.99762738,0.02923356,-1.1486337,-0.73457706,0.33846715,1.0020881,0.63136834,0.021043975,-1.9142213,0.83500183,0.21022147,-1.2401526,0.97998595,0.0537652,0.069228753,0.59656876,-0.13223809,0.24704859,-0.28412622,0.068930469,0.74270964,-0.78618073,-1.1290309,-0.0470156,0.71332109,-0.43943489,0.18950433,0.23423898,-0.32479668,-0.13751823,-0.28992635,0.19800186,0.45076188,-0.23606463,-0.31897032,-0.27861094,-0.057459563,0.23279035,-1.1474633,0.48370093,-1.1157496,-0.45390373,-2.0374832,-1.0045273,-0.20855752,-0.59581333,0.23541148,-0.42001727,0.15109298,-0.095162384,0.070893809,-1.0128522,-0.70312029,0.053724654,-1.240679,-0.36834216,-0.023476437,-0.025080964,0.16991022,-0.3762348,-1.9066558,0.43076387,0.60821664,0.96015215,-0.22427025,0.52034426,0.30372906,-0.027036667,-0.46936423,-0.49906889,0.52542108,-0.68991297,-0.17634696,0.50150704,-0.38471234,-0.76082033,0.11730851,-0.5953083,-0.5664531,0.2802327,-0.75990212,0.066301316,-0.84446293,0.85233176,0.80965698,0.27180552,-0.036203362,-1.8531994,0.55191749,0.070501506,-0.2889185,-0.048746128,-0.71916676,0.045545287,-0.10029764,-0.86358964,1.1351017,-0.89969158,0.2160171,0.46273613,-1.6201582,-0.15702122,0.34092122,-0.2164019,-0.32519239,-1.1576731,0.34841996,-0.038388655,0.5355072,1.0041401,-1.0364692,-0.22922461,0.17090751,0.26649532,0.10167585,0.40377456,0.02443888,-0.25013268,-1.5220978,-2.2179685,-0.833112,0.30085576,0.60015881,0.42842847,-0.45868039,-0.38488954,0.000847787,1.2887979,-0.30201262,0.16166592,-0.23528336,-0.28562903,1.1326525,0.21318914,0.43891725,1.3840122,-0.24809846,-2.3371708,-0.17503014,0.43751073,0.072341099,-0.23443717,-0.84719521,0.080288544,-1.7605374,0.18348017,-1.2118732,0.12721974,0.1260287,-1.0410731,0.027536727,0.13919683,0.56557548,-0.16316199,-0.44296837,-2.9200902,0.37067351,-0.67447996,0.006292991,-0.000942633,0.10374024,0.56935674,0.27894586,-0.21931231,0.38170969,-1.6612605,-0.91515088,-0.35341811,0.67470646,-0.52784038,0.1213814,0.052501991,0.2897017,-0.031016469,0.4384827,0.30898339,0.86114979,-1.066927,-0.42964685,0.6102106,0.033179469,0.14655271,-0.18720162,-0.097688355,-1.4640568,-0.56727982,0.16711161,-0.34969014,0.30645961,1.0246562,0.53150457,-0.64822304,0.21427566,-0.40516061,0.63317835,0.62818182,-0.47926754,0.15624654,1.7664101,0.17326413,0.47119975,-0.99453408,-0.31949902,-2.1858113,1.1249456,-1.323066,-0.20418836,-0.11492565,-1.6708544,-0.65218329,0.27903637,0.19132881,0.59512597,0.56659788,0.15280353,-2.1983576,1.1551802,0.29726058,1.2899615,-0.12555377,-1.419522,0.011676677,-1.2172173,0.66119182,0.20253187,-0.91790313,0.38009924,-1.9107827,-1.4737999,-1.3709655,-0.56544709,0.67038876,0.84739292,0.42017418,-1.2005483,0.92665458,-1.1843181,-0.16080323,0.45288545,-1.2032633,-0.22690238,0.15928678,0.57858276,0.27603185,0.28836739,-0.3771278,0.53718483,0.030577956,0.42372471,-0.043567095,-0.076055363,-1.009975,0.5984236,1.092608,-0.71184492,0.60254276,0.5951575,0.37167925,-0.82217652,0.72312474,0.089189678,-0.87632763,-0.77067989,0.16618857,0.063268319,-0.048095137,0.80387372,-0.24535543,-0.65225542,-0.71138597,0.001677573,0.58945495,-0.2987594,0.11443038,-0.42398399,0.2282363,1.0267959,-1.1918241,0.26294675,0.46303415,-0.67175549,0.030888569,-0.057158425,-1.4321318,-2.2761929,-0.27948496,0.75231636,-0.028768703,-0.18201232,0.89984447,0.20895883,0.53263092,0.28550521,-0.26171112,-0.63106209,0.31374115,0.18906555,-0.32411015,-0.54928273,0.29282099,0.21763495,1.4996777,-1.8608407,-0.10999504,1.6194118,1.8324249,0.48927262,-1.6120425,-0.37277335,-0.54595977,-0.30946308,-0.041900132,0.1034722,0.91241038,0.71839255,0.5330829,0.10929987,0.24712461,0.93528122,0.71500647,1.1576741,-1.1733366,0.17253855,0.094364092,0.12684371,-0.48003319,-0.19815485,-1.6046834,0.4999246,0.001188535,-0.4421863,-0.13887165,0.17229924,0.18478097,-0.65718824,0.42721677,-0.40007541,0.55600685,-0.13428122,0.51053613,1.0193825,0.35722744,-0.01820174,0.74017191,0.061436027,-0.040865257,-0.93541551,0.38079512,-0.99027711,0.030908324,0.77653897,-1.1575654,-0.49848068,0.51638722,0.22792728,-0.56655973,-1.4270192,0.62629914,-0.73131239,0.07000424,-1.7773317,0.24878705,-0.21675049,-0.71584678,-0.6022132,1.1739292,0.31400675,-2.0822976,-1.1789656,-0.58049423,0.04307073,0.33833587,-0.13074249,-0.17494184,0.46351928,0.39932117,-0.11469401,0.23460549,0.37088257,0.45825142,0.36798584,-0.35001299,0.26128858,-1.6006376,0.010580636,0.41259849,0.12432772,0.30244416,0.67921489,1.323771,-0.44323051,-0.9257744,-0.47315118,0.06063734,-2.1603756,0.61907554,0.32865906,0.51616693,-0.86326319,-1.5160084,0.41497099,-0.61921287,0.49618664,-0.18319514,-0.039338864,0.55918229,0.15100773,0.4247148,0.28019851,0.033381104,-0.049714819,-0.39470312,-2.4567385,-0.77450633,-0.98792893,0.058455907,-0.99877346,0.3088859,-0.054564774,-0.35123688,0.19526044,2
0.64150852,0.37289354,0.3306784,0.61831248,0.60147852,0.61688405,0.59563559,0.59700495,0.60381025,0.60582083,0.60225254,0.60133547,0.59845966,0.59224212,0.61088073,0.60179406,0.60777771,0.62994421,0.60336667,0.59197301,0.58784753,0.605878,0.59377861,0.59979081,0.5957073,0.5951041,0.60417336,0.59322882,0.5963164,0.59666264,0.59622836,0.59718001,0.59108448,0.59136772,0.59892088,0.58639061,0.58305287,0.5949918,0.58389091,0.58991712,-1.1365012,0.31638244,0.64272833,0.64232755,1.580339,1.7660425,1.5675972,0.94811088,1.1004329,1.8773611,1.6419995,1.4422708,0.39736131,-0.20572767,-0.39679047,-0.46979749,0.65861201,0.383026,0.43607986,0.31126222,-0.5164901,-0.046695821,-0.67542046,0.34563637,-0.9865672,0.011885852,-0.17476667,0.7141099,0.33662182,1.3487972,-0.22000024,0.26692268,-1.2868485,-0.26718813,-0.037954237,0.86512661,-1.3377185,0.5447436,0.22098725,-0.95460397,-0.17894505,-1.1281316,-0.48953333,0.42623276,0.81331658,0.78611076,-0.024789995,-1.8518801,0.72654331,0.19597429,-1.0966113,1.1018248,-0.006883007,0.085800871,0.50906837,-0.094812334,0.22970387,-0.7028271,0.002940487,0.6278249,-0.70077235,-1.2667056,0.066546045,0.60247916,-0.37182161,0.41483665,0.13171113,-0.18641293,-0.079831764,-0.37574616,0.33905739,0.74190563,-0.25399059,-0.32946476,-0.21209823,0.36303365,0.44474721,-1.2817736,0.47498745,-1.2338777,-0.41355562,-1.9946225,-1.2425243,-0.12312111,-0.45697179,0.16226137,-0.47605127,0.19157566,-0.16365694,-0.28198868,-0.98600852,-0.61243439,0.13813627,-1.2057245,-0.18740393,-0.28841159,0.090636775,0.39619547,-0.5742085,-1.9165605,0.44626796,0.60435528,0.94280577,-0.14043924,0.61940444,0.28413212,0.060102418,-0.26900154,-0.20323721,0.41887653,-0.70050049,-0.2230418,0.39976519,-0.4563998,-1.0342691,-0.015296433,-0.55748481,-0.84487039,0.43557605,-0.59476507,0.00218999,-0.8284331,0.83235878,0.71700245,-0.09126991,0.10310279,-1.9938955,0.7260589,-0.12848745,-0.046316363,-0.054180495,-0.57095438,-0.095693909,-0.1646288,-0.68858194,1.2924848,-0.94456315,0.12355882,0.46451172,-2.2602744,-0.34101719,0.32896507,-0.04838549,-0.68496239,-1.2532256,0.42914411,0.022083327,0.56540638,1.0010196,-0.8187229,-0.24504925,0.09557201,0.15589698,0.1983245,0.50814563,0.039773792,-0.22996892,-1.4474223,-1.9366146,-0.87758809,0.32076329,0.72789454,0.52869433,-0.51973712,-0.43338862,0.10277146,1.9039402,-0.19113712,0.18998748,-0.44561982,-0.33196861,1.1941737,0.11984372,0.33006245,1.4402014,-0.10803975,-2.5604625,-0.099243514,0.62055832,-0.025009561,-0.19165429,-0.99835598,0.13358581,-1.9092097,0.18899179,-1.6641853,0.54261333,0.00452546,-0.89068317,-0.014691103,0.13165177,0.68539155,-0.26769817,-0.1658037,-3.0960927,0.3498275,-0.66945726,-0.088030703,-0.19427547,0.20347145,0.70715791,0.20459162,-0.2248655,0.546978,-1.925813,-1.1118264,-0.34681126,0.60991132,-0.57934332,0.088533357,0.27071407,0.43886819,0.056619167,0.44053593,0.49080133,0.97346914,-1.0723828,-0.43363839,0.74707431,0.061889172,0.32742411,-0.1542308,-0.267252,-1.3088006,-0.45495617,0.11696095,-0.479509,0.48695844,1.2025075,0.4530496,-0.57445538,0.18431138,-0.57784414,0.74313307,0.73619097,-0.55516243,0.11538778,1.9972442,0.12193277,0.35882151,-1.1292924,-0.25144178,-2.3334098,1.1691978,-1.615854,-0.37227929,-0.13381983,-1.566007,-0.43287027,0.35881281,0.005939633,1.0335349,0.40771917,0.45643607,-2.2016313,1.2063056,0.31919125,1.334841,0.057674825,-1.2330196,0.10412671,-1.0828795,0.83393514,0.52653331,-0.98431802,0.34118116,-2.1611948,-1.6277766,-1.5833578,-0.27793118,0.6869756,0.60122889,0.33114082,-1.3174474,0.86952543,-1.385252,-0.054639846,0.44175938,-1.1566954,-0.095346399,0.084265582,0.52765512,-0.092046022,0.2832281,-0.1575031,0.63724178,0.018058078,0.93100482,-0.089037552,-0.15560882,-0.84282571,0.45057532,1.0691713,-0.60920376,0.89253604,0.54351109,0.60817868,-0.75535417,0.61423266,0.23484439,-1.189319,-0.59734195,0.060138103,0.16829255,0.22487712,0.93821794,-0.216583,-0.59786379,-0.64653397,0.035518199,0.57978356,-0.20894225,0.19760618,-0.39726985,0.1789325,1.2586539,-1.443148,0.19778587,0.28172165,-0.70902514,-0.12650821,-0.12219237,-1.6291534,-2.3765943,-0.066270977,0.72593218,0.080234647,-0.11517571,0.85591257,0.20259397,0.42320386,0.2800054,-0.20339005,-0.6581741,0.2515212,0.20911016,-0.14122833,-0.35746831,0.25391114,0.12468657,1.451717,-1.8127245,-0.18532228,1.6133035,1.9821305,0.48316079,-1.4874887,-0.25778905,-0.68532461,-0.18031754,0.032339174,0.45544493,1.061512,0.96731055,0.77383929,0.27767327,0.18648788,0.88791549,0.82508904,1.1557515,-1.1233855,0.22707298,0.3484191,0.03685049,-0.42684248,-0.22461751,-1.7909364,0.41990033,0.022000343,-0.4557184,-0.26768684,0.39028662,0.12732869,-0.78580093,0.29386938,-0.33778805,0.40503675,-0.2887218,0.56205058,1.308291,0.4342345,0.027059417,0.81430006,-0.23550174,-0.13659255,-1.1352506,0.44848016,-0.74245358,-0.047895983,0.87655669,-1.1605923,-0.60397297,0.44493574,0.30980772,-0.83011389,-1.6103144,0.6470964,-0.77138096,-0.051797017,-1.8684678,0.43334034,-0.36462227,-0.67088109,-0.63123482,1.1339979,0.41190246,-2.2408636,-1.52047,-0.43688259,0.031210471,0.40794986,-0.033272613,0.048617668,0.471634,0.29586679,-0.13809639,0.23430806,0.42053896,0.54994088,0.12337917,-0.015229538,0.2684845,-1.6989822,-0.054296099,0.47761965,0.1058638,0.36535001,0.77099365,1.171761,-0.49298322,-0.77044433,-0.41917276,0.13210972,-2.2391279,0.37941882,0.14905217,0.49993372,-0.86664933,-1.6605802,0.30629328,-0.72776884,0.1264697,0.009017691,0.023796037,0.71680701,0.11607496,0.39692482,0.4256404,-0.006223202,-0.26773033,-0.5124563,-2.5990627,-0.87384659,-1.1725872,0.024291854,-1.1501756,0.37341017,-0.11811902,-0.28083533,0.12809801,2
0.60115278,0.32265002,0.29034153,0.60797489,0.58916926,0.61498773,0.60372865,0.58935714,0.60091805,0.59670937,0.58924717,0.59009463,0.59298503,0.58399576,0.60881495,0.58984417,0.59552133,0.62249315,0.59899998,0.59095776,0.57898641,0.59224129,0.58193135,0.59057599,0.59750509,0.58317149,0.59971792,0.59090698,0.59323359,0.59234864,0.58862221,0.58812594,0.58298111,0.58190686,0.58232152,0.57416862,0.57097864,0.59355986,0.56966448,0.57962418,-0.67290479,0.27447447,0.31965804,0.46620685,1.3883677,1.6959432,1.2334082,0.67507267,0.77351207,1.6088071,1.407861,1.1541101,0.38746068,-0.16978121,-0.4313063,-0.34424919,0.60411119,0.35678497,0.34807137,0.27667275,-0.55962878,-0.069509178,-0.69039607,0.35240322,-0.7939685,0.075333789,-0.26561922,0.57359397,0.018829778,1.1257067,-0.18034154,0.17177536,-1.0666624,-0.30274498,-0.1786989,0.81135195,-1.0364568,0.50432909,0.20720635,-0.79352951,-0.11924134,-1.1129125,-0.59364599,0.30858251,0.75099289,0.48752338,0.004756134,-1.6881659,0.68031532,0.11673511,-1.0601641,0.87751573,0.028548704,0.13167477,0.44664073,-0.019839011,0.30159074,-0.20918389,0.096184254,0.60823649,-0.44847935,-0.96394432,-0.024786375,0.57037222,-0.35301012,0.29593629,-0.034380138,-0.21405035,-0.11212654,-0.22769898,0.21323693,0.39799103,-0.16278602,-0.34065175,-0.001358122,0.093740515,0.28167364,-1.0254278,0.38639793,-0.86725008,-0.36488178,-1.654047,-0.78126079,-0.15016991,-0.58257192,0.35126874,-0.35546201,0.12491113,-0.088349685,-0.00344082,-0.77342433,-0.61199415,0.059918035,-0.99851942,-0.32490849,0.02771958,0.039592631,0.31630713,-0.34665892,-1.4382825,0.36292151,0.48852146,0.78541666,-0.17692156,0.36950034,0.29988205,-0.032764386,-0.37128508,-0.31074861,0.23511031,-0.53528118,-0.070625283,0.38869721,-0.28298151,-0.5910089,0.17730162,-0.40530679,-0.39182377,0.3285788,-0.50041473,-0.0096532,-0.71008664,0.65953982,0.5795306,0.20499377,0.091976792,-1.4665614,0.4711706,-0.020485425,-0.18328224,-0.06416785,-0.48282701,0.092834197,-0.15753463,-0.64203596,0.96639872,-0.71370852,0.12443792,0.25382924,-1.443051,-0.14980914,0.18454725,-0.21998703,-0.44636074,-0.87740499,0.25799319,-0.19735506,0.32127559,0.51286662,-0.79211044,-0.2140132,0.087858573,0.017105365,0.11424054,0.12007983,0.10238541,-0.12646495,-1.205996,-1.9094336,-0.57619661,0.21129693,0.82718027,0.44197804,-0.30891633,-0.38460645,-0.026542209,1.1217595,-0.11390013,0.13706356,-0.098757267,-0.16867039,1.0074091,0.16350511,0.26575565,1.574378,-0.17663208,-1.998859,-0.081445299,0.26586854,0.028160442,-0.018025301,-0.68739182,0.06996043,-1.2693686,0.18166986,-0.85375923,0.31087652,0.14390132,-0.90492511,0.037708819,0.037795842,0.59291607,-0.14078455,-0.17896087,-2.2291448,0.34009308,-0.74581945,-0.018773174,0.044384234,0.088087291,0.65306503,0.16021571,-0.08850383,0.62718862,-1.2946216,-0.76222742,-0.2470893,0.3869445,-0.37721509,0.093735181,0.08691033,0.23426716,-0.028793044,0.33046323,0.46882516,0.71236372,-0.88841379,-0.3770985,0.32812452,-0.038336191,0.11949702,-0.076938666,-0.31041652,-1.3534749,-0.41208321,0.10594852,-0.3592099,0.21088471,0.81080025,0.38623306,-0.47076726,0.16336145,-0.30351177,0.50553644,0.41463205,-0.46728992,0.11970679,1.5040815,0.17018062,0.33169824,-0.69252074,-0.29670078,-1.7420983,1.0177605,-1.1676294,0.005622774,-0.080278128,-1.3448586,-0.32226741,0.10214286,0.037037991,0.62667936,0.52471852,0.48267633,-1.7745885,1.010438,0.24967062,1.1495119,-0.044422429,-1.2284517,0.100671,-0.94866103,0.59023136,0.26299065,-0.73136699,0.27040365,-1.5208141,-1.1299946,-1.1338603,-0.39719772,0.37180945,0.40175158,0.31416112,-0.95838612,0.81243628,-0.78566945,0.08551769,0.22282924,-1.0799135,-0.12280884,0.061428636,0.51165742,0.10221983,0.26061362,-0.32842359,0.42518815,0.001716346,0.72367322,-0.010802863,-0.17857379,-0.59361529,0.43836167,0.88069463,-0.58030623,0.62064022,0.47441256,0.3404876,-0.54374284,0.60603648,0.16077906,-0.682459,-0.73003089,0.099562891,0.059739996,0.049795084,0.67837626,-0.22284096,-0.42592618,-0.5084042,-0.00447521,0.38589334,-0.10993714,0.058804266,-0.40562615,0.16851477,0.76319182,-0.88144642,0.14054243,0.31230962,-0.51219773,-0.041311458,-0.23426826,-1.2861383,-1.8999604,-0.07307931,0.64155626,-0.032853268,-0.049470827,0.71973121,0.10314073,0.36814934,0.26468319,-0.17364927,-0.53953016,0.20127881,0.053653229,-0.23339045,-0.30415121,0.2687887,0.16344729,1.0994462,-1.5423431,-0.09459129,1.2530198,1.4106497,0.3165884,-1.4827814,-0.32627261,-0.5013153,-0.32492471,0.022279505,0.17427655,0.78148448,0.54788041,0.40363249,0.18650329,0.2409299,0.94817567,0.57280046,0.84197879,-1.0298396,0.048427418,0.075706154,0.06095203,-0.36744133,-0.16465682,-1.5202142,0.36864471,-0.042850163,-0.25815651,-0.21480407,0.23847492,0.12652656,-0.50743073,0.31614572,-0.30231333,0.34284899,-0.054081861,0.15909648,0.80712271,0.36217755,0.061965726,0.59181023,0.067064464,0.050236911,-0.80970973,0.34530079,-0.79995692,-0.045311131,0.73560548,-0.89262789,-0.39251992,0.54838365,0.16866286,-0.49732965,-1.0261381,0.55616295,-0.49974835,0.01203467,-1.7421098,0.17483208,-0.29760736,-0.68386179,-0.51452905,0.86852771,0.19276738,-1.7023909,-0.88292617,-0.49470669,-0.015110512,0.33032784,-0.13902052,0.034416214,0.35154134,0.24628025,-0.04512126,0.14770009,0.25221008,0.33954874,0.37803376,-0.039280318,0.26697844,-1.3147619,0.000124816,0.33973652,0.10709959,0.1983346,0.48501745,0.87861919,-0.38621259,-0.78318763,-0.42103282,0.06654945,-2.025888,0.36437994,0.21064655,0.45490772,-0.6431393,-1.3211263,0.4218846,-0.51109731,0.022449344,-0.15133645,-0.056244738,0.71951848,0.11680002,0.33449286,0.30990896,0.047516998,-0.13317676,-0.35852221,-1.9916486,-0.64621276,-0.81033218,0.072549373,-0.82898986,0.11714786,-0.047852486,-0.16825473,0.20615378,2
0.56990242,0.30068493,0.27982679,0.57605243,0.56440759,0.58721364,0.56318569,0.56039375,0.56879389,0.56555057,0.56304443,0.55977786,0.56596667,0.54320359,0.57112908,0.56136954,0.56886458,0.58930969,0.56872672,0.55812359,0.55051798,0.56817746,0.55015361,0.55843836,0.56294584,0.55430901,0.55895746,0.54922187,0.56421393,0.54851878,0.55394602,0.5573746,0.54624319,0.55042732,0.55437887,0.54277056,0.54420739,0.55956304,0.53968239,0.54394019,-0.80126441,0.25943089,0.3168723,0.43886253,1.3814957,1.6846676,1.2415599,0.66983312,0.77995372,1.6154989,1.4106374,1.1604207,0.31538755,-0.18461384,-0.053311471,-0.30701089,0.55114269,0.30100849,0.29857418,0.22735132,-0.7929213,-0.07406871,-0.55452573,0.28342676,-0.7264576,0.049734011,-0.23563056,0.60126865,0.016169071,1.5184255,-0.18608479,0.19208907,-1.0952395,-0.3378278,-0.075693548,0.76008576,-0.95850044,0.46583897,0.17611471,-0.82340246,-0.17763764,-1.1288992,-0.56540549,0.47583479,0.74664915,0.51751149,-0.056019731,-1.6899099,0.79698598,0.074642658,-1.0619428,0.80121887,0.022059169,-0.017975613,0.46265376,-0.024181828,0.26634938,-0.38891211,0.12164872,0.55523914,-0.42038077,-0.96108782,-0.036626562,0.5876593,-0.28978887,0.22673257,0.010714864,-0.21347238,-0.039809406,-0.32258126,0.17037195,0.56646824,-0.14324619,-0.42035809,-0.13352472,-0.065072209,0.51903629,-0.9508577,0.43093836,-1.0300254,-0.36376137,-1.6749429,-0.95478839,-0.085853636,-0.5239554,0.25795534,-0.41632599,0.21700707,-0.068086661,-0.26217547,-0.57347298,-0.60871828,0.087349638,-0.99426365,-0.13121882,-0.095083192,0.097912692,0.36659998,-0.5068363,-1.5118452,0.39928195,0.39297241,0.73725247,-0.098220482,0.45696679,0.27858007,0.006380923,-0.35609215,-0.24069278,0.46945471,-0.34122932,-0.058585294,0.32647446,-0.27114558,-0.70351744,0.000927739,-0.5482024,-0.57316548,0.3623153,-0.47806814,-0.015153693,-0.64304453,0.55041856,0.6209054,0.10061321,0.21056418,-1.633124,0.80379105,-0.041860834,-0.13643503,-0.073188297,-0.50198418,0.045283608,-0.049897388,-0.6640951,1.0643033,-0.58241916,0.10561144,0.39918247,-1.4002688,-0.099783614,0.3624413,-0.087499559,-0.41764405,-0.8306253,0.50845206,0.076318666,0.25222179,0.63958591,-0.67211968,-0.18089788,0.021242535,0.12296684,0.23633361,0.11350583,-0.043037608,-0.21456736,-1.2346592,-1.7561824,-0.73677844,0.19338192,0.64548457,0.33669245,-0.44950211,-0.24439651,0.059663393,1.2452902,-0.18431947,-0.078804061,-0.2289239,-0.22993797,1.1141063,0.08998584,0.22741394,1.3965923,-0.19801505,-2.0188041,-0.064702578,0.58952653,-0.012916837,0.038403451,-0.70937079,0.30005488,-1.4701045,0.21061143,-1.0029776,0.3631807,0.084881589,-0.79104906,0.003088647,0.30622524,0.49654847,-0.11642709,-0.22856914,-2.4806087,0.36099398,-0.51464653,-0.053785831,-0.10722023,0.23158942,0.56920034,0.22643763,-0.13198683,0.5747546,-1.6266527,-0.86283195,-0.30255997,0.44546902,-0.46226314,0.21442571,0.21442333,0.31440166,-0.012968618,0.35455695,0.47537687,0.65785182,-0.85491353,-0.40738583,0.71472979,-0.15546227,0.20055993,-0.2280657,-0.19630264,-1.1768323,-0.43004921,0.056440633,-0.41978648,0.17053455,1.1572496,0.36159033,-0.47797838,0.19189286,-0.31207055,0.39267582,0.63471717,-0.42854896,0.05057342,1.4956903,0.12294334,0.19902942,-1.1231087,-0.23064038,-1.8437684,0.9929834,-1.4072474,-0.20404039,-0.069382243,-1.3592931,-0.19204204,0.14558685,0.25971371,0.69083124,0.46416301,0.35857797,-1.824586,0.90633422,0.1336084,1.2415073,-0.074712396,-1.0732346,0.00814604,-0.8417834,0.5632925,0.15984759,-0.68787915,0.33365381,-1.6997771,-1.2700765,-1.3132671,-0.3918395,0.39738977,1.1657057,0.20144102,-1.0434469,0.7593835,-0.97964466,-0.018240631,0.25248918,-1.0057427,-0.23951855,-0.00720044,0.62507415,0.089801401,0.35561511,-0.23131943,0.49015072,0.00478299,0.56975681,0.18061531,-0.1471419,-0.63166076,0.387851,0.65448248,-0.43766621,0.5154618,0.44504505,0.33913064,-0.62093204,0.8489002,0.48374867,-0.78217959,-0.64424342,0.12960251,0.13735974,0.2160518,0.73821861,-0.23829333,-0.39745134,-0.45976359,-0.031503994,0.37174368,-0.10439046,0.20685333,-0.31741065,0.16388169,1.0858642,-1.0564529,0.12149245,0.2748591,-0.48654553,-0.017199991,0.1072652,-1.5081655,-1.8901601,-0.17350596,0.54646093,-0.1412435,-0.084890723,0.68207991,0.19234794,0.402044,0.23643285,-0.17666718,-0.51657659,0.16192856,0.14964114,-0.13631506,-0.46603951,0.20823899,0.22832337,0.98484063,-1.4732203,-0.081617564,1.4265885,1.1226417,0.43247145,-1.3533653,-0.21995847,-0.62701154,-0.21942241,0.11591171,0.39048776,0.80005318,0.83089674,0.49548718,0.19894949,0.17310707,0.94177592,0.65190881,1.0136216,-0.99229419,-0.13102916,0.32209462,0.016965173,-0.51953501,-0.12731549,-1.6156392,0.31032184,-0.044510011,-0.38110778,-0.071123749,0.42909399,0.18249603,-0.58952701,0.27168313,-0.29328808,0.81927502,-0.056665577,0.46673852,1.0490295,0.35136697,0.033388004,0.5463298,0.023111865,0.033252664,-0.91410965,0.37819982,-0.67882848,0.13593377,0.86605942,-0.89255995,-0.42838407,0.35594639,0.087847292,-0.66696358,-1.0716963,0.56916785,-0.617993,-0.17040497,-1.7369395,0.20055771,-0.23483205,-0.65684855,-0.35113257,0.81883323,0.32384542,-1.7009075,-1.1004331,-0.41387731,-0.00291981,0.32572377,-0.019120105,-0.031909551,0.44026276,0.19168372,-0.10931581,0.17224416,0.26397741,0.37598723,0.1060407,-0.035434864,0.2094142,-1.3303719,-0.004156388,0.39508101,0.05434791,0.19506255,0.46241474,0.95812088,-0.46405858,-0.73059452,-0.34193391,0.11250328,-1.9204835,0.3517006,0.38873333,0.4285104,-0.63388789,-1.2122365,0.35603857,-0.53944224,0.098619714,-0.096699633,-0.07735315,0.6010915,0.15134329,0.3151381,0.38580713,0.011493228,-0.11659571,-0.43007585,-2.1648343,-0.67610794,-0.81085944,-0.04541494,-0.8767947,0.084234565,-0.079396509,-0.31585059,0.12770645,2
0.76012373,0.49520394,0.46176514,0.74166477,0.72542942,0.73334074,0.72321129,0.72105163,0.72502327,0.72738069,0.7175411,0.72662723,0.72216433,0.7102989,0.74090338,0.72935593,0.73017418,0.7502054,0.72806144,0.70681226,0.70736217,0.7216565,0.71670884,0.72395217,0.72516805,0.71272862,0.73034018,0.71290481,0.71969533,0.729397,0.72037429,0.72216487,0.71057093,0.71208107,0.7212463,0.71649992,0.70777929,0.72316176,0.70935142,0.71653593,-0.99594557,0.44929719,0.46340805,0.50375468,1.4029641,1.7492731,1.3403852,0.76664817,0.89875615,1.6817462,1.4709836,1.2338611,0.32993597,-0.17021708,-0.29390103,-0.48852748,0.46272147,0.29420856,0.46685138,0.26297584,-0.972247,-0.004101845,-0.68930256,0.23597628,-0.83114415,0.087268412,-0.19266373,0.7810216,0.073017627,1.5324242,-0.19658537,0.21122086,-1.2109365,-0.25851777,-0.049005236,0.42959136,-1.027007,0.46971762,0.46819681,-0.93219602,-0.19930549,-1.3245889,-0.58985382,0.13764888,0.42558697,0.65825278,0.012294502,-1.9055297,0.75643539,0.18580598,-1.1119335,0.92446792,0.07016471,0.019389732,0.35749429,-0.10343876,0.11013697,-0.68213165,0.022256428,0.59222424,-0.28776574,-1.2323813,0.073267043,0.65220523,-0.28757095,0.26304057,0.049138039,-0.17207663,-0.10667025,-0.3817803,0.14503154,0.46768782,-0.23638293,-0.60400611,-0.37303159,0.58657241,0.43266529,-1.1996329,0.58140874,-1.1121761,-0.43079254,-1.8306763,-1.2655903,-0.07412412,-0.54273176,0.078493088,-0.36468223,0.32480764,-0.16387017,-0.41721225,-0.9429301,-0.48209542,-0.01473698,-1.2606179,-0.48867562,-0.36221379,0.15542069,0.35812402,-0.60076493,-1.7812316,0.50930154,0.59554172,0.86043012,-0.066316932,0.48416415,0.21511728,0.10886844,-0.25139022,-0.42509314,0.28684521,-0.023050308,-0.18765542,0.26278535,-0.49156368,-0.84700751,-0.043613955,-0.62124938,-0.8492353,0.4900803,-0.85071379,-0.10127193,-0.64295739,0.68045616,0.66977048,-0.14255545,0.16194771,-1.9694673,0.74519742,-0.080348603,0.03419365,-0.032804698,-0.54292876,-0.076368093,-0.17388509,-0.64707279,1.2592843,-0.95586663,0.11707555,0.19541813,-2.2961285,-0.24003837,0.30334872,-0.14474112,-0.7240411,-1.2540439,0.29174623,0.025177091,0.73231655,0.51345515,-0.81114519,-0.25107569,0.072435647,0.17860171,0.066252604,0.28879067,0.060903989,-0.11369714,-1.435746,-1.8681602,-0.65497798,0.33972129,0.48131558,0.31658876,-0.31281757,-0.12548648,0.069140658,1.6020373,0.012958106,0.21907188,-0.51156944,-0.36021182,1.0150315,0.16273059,0.3263098,1.9329931,-0.16220543,-2.4678221,-0.047525041,0.27981007,-0.01426137,-0.059323564,-1.0381303,0.13003078,-1.83762,0.23884365,-1.2258632,0.90488338,-0.21947819,-0.87647998,-0.12040071,-0.12013593,0.94102263,-0.19985989,0.020901397,-2.9454606,0.38402209,-0.86522055,-0.1232456,-0.14894485,0.19866042,0.96037579,0.24461813,-0.15643997,0.55766439,-1.9873714,-1.1217486,-0.2753765,0.45906615,-0.54946864,-0.005510718,0.18830131,0.24078795,0.063329622,0.33362675,0.52854574,0.78019983,-1.0289911,-0.43320379,0.61017042,0.24025761,0.24344595,-0.22122714,-0.26940382,-1.4039773,-0.49728006,0.12561648,-0.49566793,0.20812342,1.0247893,0.48164999,-0.5507493,0.16377237,-0.47231096,0.52557564,0.62887084,-0.40006769,0.14057943,1.4538114,0.14243691,0.41863093,-1.2183304,-0.32656258,-2.2599056,1.2961347,-1.640498,-0.18852639,-0.066850781,-1.4169106,-0.25465763,0.41775537,-0.3405959,0.85172904,0.50407696,0.5844537,-2.1758637,1.1397583,0.29420161,1.2908648,0.012688167,-1.2205423,0.1027721,-1.029315,0.9462291,0.34023169,-0.75178027,0.37951288,-2.1183038,-1.7927558,-1.612839,-0.39884168,0.46994862,0.33288974,0.32286799,-1.2771692,0.69022566,-1.2141356,0.071620241,0.4320671,-1.0973587,-0.066256724,0.1532831,0.82014382,-0.17741488,0.099942029,-0.29537031,0.56972075,0.022874888,1.2329476,-0.098274723,-0.12266678,-0.78254747,0.35850152,0.88204014,-0.76533985,0.70070446,0.48406336,0.55174851,-0.58046252,0.52945918,0.16431241,-1.1452568,-0.6602518,0.051559519,0.22126958,0.14754252,0.64542544,-0.29314443,-0.51529932,-0.54545283,0.037075594,0.46340096,-0.097126096,0.10248869,-0.37740731,0.17193486,0.92336082,-1.3742375,0.18404201,0.23677851,-0.44829968,-0.057954844,-0.19060063,-1.7484148,-2.2602124,0.27277303,0.68734068,0.024455965,0.022540301,0.86389995,0.2770617,0.31878436,0.21818718,-0.4150604,-0.83899999,0.18594399,0.031280551,-0.14604428,-0.10134637,0.25491071,0.12089352,1.1499363,-1.513292,-0.16688408,1.6137006,1.4625775,0.30050763,-1.7314214,-0.29068431,-0.79485118,-0.25410992,0.02646683,0.48415947,1.0923035,0.82943201,0.4002912,0.34418696,0.12737648,0.86020368,0.68460041,0.88456255,-1.1616633,-0.035706758,0.29505762,-0.21057685,-0.47221899,-0.16519608,-1.959828,0.38907087,0.032997996,-0.37196338,-0.25306955,0.33756188,0.12820241,-0.65690857,0.45009398,-0.32335681,0.27195984,-0.33157021,0.44630253,0.81461179,0.24343671,0.12088266,0.77615273,-0.015423603,-0.29791909,-0.94402146,0.48660976,-0.69049668,0.048788711,0.87766737,-0.92404032,-0.79317355,0.59153444,0.25902551,-0.85691983,-1.5630512,0.59595895,-0.54586989,-0.16613173,-1.8096688,0.31692046,-0.11844677,-0.71128285,-0.52719223,1.0346452,0.23974803,-2.0433128,-1.2975154,-0.41162777,-0.015452836,0.47134531,-0.024681147,-0.003132526,0.53451455,0.17682669,0.087973177,0.1244054,0.29338095,0.53064084,0.21930404,0.34159204,0.21233118,-1.5802199,-0.007829005,0.65862846,0.069888279,0.18068641,0.83610809,0.93608958,-0.49196488,-0.79424357,-0.45183188,-0.2839582,-2.1867051,0.19881673,0.093007803,0.53484672,-0.75028747,-1.6454988,0.26009804,-0.82835406,0.054289654,-0.092354268,-0.101781,1.2003149,0.066194102,0.38919061,0.46014661,-0.043275848,-0.21999009,-0.59493506,-2.5259337,-0.92780423,-1.2182319,0.12915787,-1.3275911,0.41692427,-0.058738403,-0.41025373,0.052451186,2
0.61813426,0.32157364,0.26336238,0.57542002,0.5824551,0.60219502,0.56179774,0.55764294,0.57057714,0.58480793,0.56232548,0.55706668,0.55973208,0.52646065,0.55637097,0.54489982,0.53302836,0.58420449,0.59647882,0.52725637,0.55347061,0.57183123,0.56341624,0.54143822,0.57216215,0.5727241,0.59436935,0.57950997,0.56459177,0.57788551,0.57264078,0.56801891,0.54970074,0.55112433,0.58074754,0.51535046,0.53704262,0.56434166,0.53432018,0.56093097,-1.1839712,0.20124045,0.49303359,0.52404809,1.3924015,1.736271,1.360273,0.78383273,0.92533642,1.693965,1.4709241,1.2720706,0.38591325,-0.24321482,-0.49312776,-0.40218693,0.64392179,0.41140455,0.46045971,0.34300148,-1.1375338,0.037352696,-0.68866587,0.33924916,-0.95922929,-0.007988989,-0.22463562,0.80483782,0.13256948,1.3409469,-0.13989012,0.24664833,-1.3511255,-0.24573404,-0.10465407,0.81096429,-1.3000413,0.52088714,0.19302216,-0.93677497,-0.007895663,-1.0276624,-0.72940218,0.45276076,0.79207152,0.63203138,0.016466299,-1.8444808,0.69042778,0.18648785,-1.1187079,0.95801663,0.039591391,0.068036057,0.56293541,-0.036656864,0.32200646,-0.28818882,0.06729272,0.6179539,-0.8562628,-1.1521212,0.052887797,0.6308192,-0.44079828,0.34096009,0.095624961,-0.22217101,-0.098779917,-0.33465675,0.20927401,0.53198457,-0.19823365,-0.37203795,-0.10576507,0.091799147,0.18769251,-1.1136663,0.40200999,-1.1009209,-0.46832111,-1.9368674,-0.93698359,-0.13151599,-0.45756137,0.41981831,-0.42970014,0.13035296,-0.080259867,0.010577515,-0.85948277,-0.72995186,-0.046174124,-1.1445016,-0.34168887,0.001332365,-0.051319152,0.26024854,-0.37338582,-1.7303878,0.2760838,0.61471725,0.8313641,-0.26088718,0.51390278,0.31759363,0.008669026,-0.48058784,-0.40405816,0.42985567,-0.78014755,-0.13364664,0.42104888,-0.29368255,-0.85414159,0.12191854,-0.49211663,-0.53715414,0.3389135,-0.50444907,0.022568755,-0.84227014,0.83130938,0.76063085,0.23009132,0.019626763,-1.6461697,0.5683648,0.031944554,-0.17200175,-0.016969875,-0.64160043,0.083858237,-0.08757548,-0.83185536,1.1198932,-0.80886227,0.1912477,0.38926414,-1.6428578,-0.10865445,0.32375586,-0.22627056,-0.39498168,-1.0430351,0.34957084,-0.041099593,0.50125718,0.93612945,-0.95276421,-0.20618677,0.12379186,0.15513669,0.14018118,0.39426491,0.095860653,-0.22047174,-1.4004723,-2.0946074,-0.76532739,0.35332859,0.71973515,0.53221416,-0.42598885,-0.34693715,0.058360867,1.1720061,-0.31436533,0.098534264,-0.27513537,-0.24350278,1.0550495,0.18744639,0.352319,0.90309632,-0.16988471,-2.4011972,-0.10555086,0.41704744,0.027834045,-0.045472633,-0.76984644,0.14180481,-1.5344887,0.19518892,-1.0509931,0.17939554,0.13427567,-0.97167641,-0.017119382,0.10277048,0.57220531,-0.19217595,-0.34151256,-2.649456,0.34252995,-0.691495,0.01446062,-0.0079538,0.11610353,0.64188337,0.14584485,-0.2148588,0.57832855,-1.4348354,-0.85725111,-0.33798563,0.68682438,-0.46387881,0.064233854,0.13972133,0.28646463,-0.007436551,0.4158088,0.4209291,0.82855117,-0.96391684,-0.44252139,0.64688784,0.079449333,0.18753266,-0.17132625,-0.18502951,-1.4263449,-0.57446933,0.14547876,-0.32831448,0.4314796,1.0666642,0.45269525,-0.54646236,0.17558512,-0.355048,0.66109395,0.52462327,-0.42759821,0.11406682,1.8773681,0.18492731,0.27808458,-1.0474041,-0.31188232,-2.0138373,1.0717493,-1.2308817,-0.17823271,-0.073743694,-1.6488675,-0.48631063,0.22598243,0.20697579,0.68446505,0.6841715,0.10095042,-2.1232939,1.0746163,0.1347111,1.2666749,0.013624564,-1.3102924,0.053642988,-0.99374491,0.66365123,0.38699386,-0.92210501,0.32472727,-1.7671665,-1.4690104,-1.3058707,-0.55532527,0.59940195,0.67671323,0.3905578,-1.0778568,0.84274441,-0.98838109,-0.037042819,0.34282827,-1.1430798,-0.21146159,0.12306292,0.53820425,0.12319036,0.26114932,-0.29931784,0.47339189,0.082682915,0.70559537,0.029149823,-0.18347459,-0.77827609,0.43411145,1.0798564,-0.6250689,0.66619492,0.59771371,0.41804281,-0.76406544,0.60516089,0.23591031,-0.8648116,-0.62010735,0.049658835,0.056719042,-0.076212227,0.77606887,-0.25139329,-0.55565274,-0.6444788,-0.012113167,0.58068442,-0.1171602,0.19491094,-0.39876041,0.21408209,1.018774,-1.1148124,0.19778648,0.3254202,-0.59986001,0.017522685,-0.20962545,-1.4619585,-2.0752416,-0.13775916,0.69052136,0.045541652,-0.099937066,0.87346137,0.24838512,0.50956869,0.26499373,-0.22490224,-0.50695002,0.3069191,0.17769852,-0.27549946,-0.47655952,0.28406897,0.17816462,1.3404598,-1.6683655,-0.11707232,1.5796795,1.7234086,0.38133043,-1.6141584,-0.33006704,-0.37267014,-0.28138632,-0.004173164,0.22710386,0.93207002,0.86499351,0.45517373,0.17290106,0.18318835,0.75303668,0.68125975,1.0694317,-1.0519397,0.27642852,0.17755,0.12385846,-0.42416123,-0.17632535,-1.7695153,0.53483069,0.017406462,-0.39857838,-0.17383647,0.15842293,0.21912943,-0.62195289,0.33735105,-0.26578206,0.3679519,-0.041671336,0.3891415,1.1041917,0.32093102,0.015650123,0.73809546,-0.061794758,0.050992757,-0.97440648,0.31993729,-0.87997627,0.005080521,0.74407744,-1.0635923,-0.35855043,0.55612653,0.28089482,-0.59251589,-1.2276613,0.63165498,-0.51912844,0.15316907,-1.7568939,0.23757856,-0.24972433,-0.54658401,-0.54947919,1.1498636,0.28449079,-1.9282962,-1.1696036,-0.4702791,0.039878897,0.30098748,-0.067648932,0.065856911,0.44809335,0.31076175,-0.14705354,0.23720619,0.32915241,0.35824028,0.039495498,-0.1906289,0.26827717,-1.5195329,0.027175212,0.3082633,0.10666335,0.30732036,0.68929839,1.2515656,-0.43407518,-0.81604165,-0.45188072,-0.047923923,-2.1056395,0.52148235,0.26195624,0.47949976,-0.81993628,-1.4631433,0.26348415,-0.64375854,0.42221379,-0.129033,-0.014833391,0.46278653,0.088814028,0.37348852,0.26960576,0.002486867,-0.10570035,-0.38934579,-2.3498282,-0.73689413,-0.89246535,0.076883152,-0.91671008,0.31260312,-0.10869348,-0.26669657,0.085823461,2
0.70191574,0.43280327,0.39348468,0.66351402,0.653211,0.67352951,0.65221256,0.65121961,0.6627568,0.65762866,0.65081584,0.65417719,0.66156793,0.64578295,0.66663021,0.64971602,0.66228783,0.68095922,0.65822351,0.65519094,0.64577615,0.65717018,0.64874017,0.65734875,0.65892291,0.65009999,0.65501273,0.65543878,0.65860516,0.65337735,0.65370941,0.65387201,0.64103818,0.64677882,0.65775251,0.638331,0.64228839,0.65972513,0.63917518,0.64691633,-0.97406852,0.37997037,0.64885533,0.65712678,1.5824057,1.8364558,1.5689349,0.95088935,1.0979885,1.8806688,1.6422055,1.4456253,0.45577696,-0.17461227,-0.36813751,-0.38590074,0.79203284,0.48060179,0.43645966,0.35791153,-0.77438283,-0.024843302,-0.60034233,0.35649964,-0.76186764,0.020993307,-0.19575337,0.6600166,0.22230525,1.330575,-0.28755468,0.24163595,-1.234551,-0.25231332,-0.1496411,1.0636514,-1.1713431,0.70139277,0.19181524,-0.96712804,-0.14203563,-1.1946219,-0.48666826,0.4326725,0.98409444,0.58635783,-0.014790879,-1.8483074,0.82529831,0.1306057,-1.2080674,0.99306387,0.06179031,0.025751051,0.49784297,9.13E-05,0.16047964,-0.61113018,0.14734711,0.7121166,-0.74671531,-1.1499524,-0.000683464,0.62293804,-0.40236175,0.16215803,0.17957516,-0.26163569,-0.12401535,-0.3189247,0.29359892,0.64790946,-0.21623559,-0.37895131,-0.37651944,0.3262412,0.45677519,-1.2715957,0.43978322,-1.0607857,-0.37620521,-1.9085652,-1.1776674,-0.16080508,-0.57942027,0.10239324,-0.40331513,0.10344067,-0.11941361,-0.39719248,-0.90130937,-0.55131519,0.24283029,-1.1561837,-0.26254267,-0.18401818,-0.010669783,0.33068442,-0.47647333,-1.9518284,0.51819962,0.57292682,0.91145951,-0.19540957,0.51286584,0.30070248,0.058447227,-0.27045071,-0.224278,0.39079547,-0.52596617,-0.16011773,0.53478146,-0.42493355,-0.80136627,0.037687097,-0.71609378,-0.64874339,0.41177422,-0.61992669,0.069973014,-0.69224495,0.73616773,0.80261183,0.064757228,0.086436242,-1.8987936,0.62603831,-0.090276599,-0.075596839,-0.051801663,-0.59764606,-0.020192001,-0.1764015,-0.74205536,1.2779481,-0.88774037,0.17803167,0.54172993,-2.0564775,-0.19966394,0.22165984,-0.095200598,-0.55427206,-1.2451228,0.3352657,-0.12581056,0.47627208,0.96421844,-0.81269813,-0.29868114,0.060979117,-0.013804264,0.20008066,0.25912997,0.018310465,-0.19602239,-1.4840504,-1.9725921,-0.77471006,0.31221941,0.77866834,0.45151782,-0.45776066,-0.45797896,0.022012077,1.539867,-0.060982607,0.18099916,-0.30721149,-0.39384398,1.1404037,0.25394389,0.37450135,1.6828021,-0.24167958,-2.5419753,-0.086285859,0.39086252,-0.014115326,-0.11084817,-1.082903,0.079069853,-1.9129667,0.3253144,-1.317137,0.53388244,-0.001849338,-0.91468275,0.017936651,0.4090991,0.68070203,-0.24241853,-0.067092448,-3.0503709,0.40824872,-0.68447518,-0.040761739,-0.046127342,0.36223644,0.69540089,0.15858755,-0.12976819,0.7853471,-2.0484369,-1.0319668,-0.42396665,0.52358276,-0.41219568,0.080198057,0.17049542,0.39497647,-0.011020804,0.37127441,0.47061223,0.87727267,-0.98026758,-0.35553649,0.79414701,-0.14370616,0.29719424,-0.15083292,-0.21507953,-1.2952712,-0.43191072,0.12589329,-0.46093518,0.33856815,1.2090652,0.45651698,-0.51256055,0.22921175,-0.45380592,0.50251955,0.64374077,-0.44795018,0.016590647,2.0173066,0.090458304,0.24933672,-1.1290647,-0.34820205,-2.2294383,1.1230878,-1.5488203,-0.36561048,-0.06866587,-1.6230253,-0.37561533,0.3130492,0.1410238,0.65995097,0.46411109,0.49397108,-2.1725214,1.1000586,0.15957001,1.359771,0.024838129,-1.2654088,0.12552586,-1.1014025,0.70841193,0.29797408,-0.8887527,0.44009364,-2.1976233,-1.4049687,-1.5918067,-0.28708389,0.7005173,0.50968462,0.39550155,-1.3085871,1.0391461,-1.3071649,-0.093826897,0.43635261,-1.3266535,-0.25611991,0.037313379,0.65881926,-0.088798732,0.30573782,-0.24259794,0.44298747,0.0357178,0.88081253,0.047070093,-0.12435847,-0.85077047,0.54753888,0.994322,-0.64602953,0.68721366,0.57676196,0.50334102,-0.71472138,0.80972654,0.37942758,-1.1026877,-0.59567058,0.12411116,0.072589949,0.19995049,0.81562173,-0.282529,-0.53289431,-0.56531262,-0.033067696,0.52675253,-0.14963551,0.083639465,-0.44412249,0.23346446,1.1817763,-1.3604335,0.18305244,0.43631834,-0.68653297,-0.10970064,0.020943671,-1.6835842,-2.4266074,-0.097283162,0.82448924,0.000427462,-0.1641176,0.82185388,0.19166681,0.50704032,0.34950954,-0.066951737,-0.67829418,0.30729735,0.071383893,-0.12474657,-0.28860557,0.29750705,0.1900799,1.3798425,-1.7953628,-0.087009802,1.6001252,1.7787089,0.71542877,-1.5415006,-0.35341102,-0.74010742,-0.24798828,0.022961956,0.29280537,0.99226904,0.64202559,0.62679493,0.25460637,0.20107335,0.9279421,0.71273631,1.1264497,-1.171834,0.085386351,0.26304179,0.06659095,-0.46551561,-0.17805684,-1.7216997,0.47208786,-0.016230565,-0.47227654,-0.23991346,0.42485118,0.15421282,-0.68133771,0.34050322,-0.24728617,0.31414908,-0.30346978,0.64675915,1.2757819,0.33885336,0.08575505,0.71734005,-0.09820161,-0.17781834,-1.0826166,0.48817527,-0.76887381,0.073357634,0.83195412,-0.95003325,-0.73719645,0.42918,0.30119428,-0.67558974,-1.2961546,0.73378485,-0.67985576,-0.13119973,-1.8335807,0.28169352,-0.21420038,-0.74162614,-0.62775022,1.0372585,0.29823011,-2.2130299,-1.3650651,-0.49913293,-0.007072648,0.38549691,-0.004437984,0.023202231,0.49471101,0.32934237,-0.10971223,0.21423297,0.34838238,0.36842635,0.069642127,-0.050864615,0.2765182,-1.7197819,-0.046260297,0.49099204,0.1163652,0.30283612,0.61279756,1.2585752,-0.49736023,-0.96903968,-0.47913551,0.27639496,-2.2150354,0.42668396,0.18853271,0.47315276,-0.87050313,-1.5173657,0.41229784,-0.58286577,0.24729338,-0.11648112,-0.083103128,0.7358681,0.18360399,0.4117229,0.46583015,0.026039165,-0.17710826,-0.47935843,-2.4445772,-0.82089478,-1.0874374,0.14087158,-1.2022216,0.13770701,-0.10139662,-0.36360532,0.1077164,2
0.56065774,0.27216122,0.20888811,0.52538574,0.53582764,0.56031954,0.52107692,0.50962389,0.52314502,0.54514259,0.5160414,0.51477432,0.51093554,0.49425954,0.52750111,0.50326574,0.5016346,0.54233432,0.55054069,0.48991913,0.50702471,0.51998705,0.51320624,0.4924466,0.53192115,0.52109522,0.5461852,0.53337932,0.51559621,0.52948791,0.5049355,0.52148777,0.49933833,0.50233424,0.52188873,0.46572953,0.48642704,0.50529146,0.48632234,0.49932545,-0.86829728,0.15758048,0.26394868,0.35254833,1.2154011,1.5505772,1.1143309,0.57282376,0.69220221,1.4906642,1.2949977,1.0689893,0.33218873,-0.25260323,-0.35417688,-0.37997711,0.4991509,0.29680538,0.33771959,0.30882815,-0.82313436,0.015866498,-0.73720539,0.15023418,-0.78824782,0.11523423,-0.14867005,0.62412739,-0.059879988,1.2421237,-0.15455636,0.20288032,-1.0072987,-0.18300976,-0.17920551,0.63958549,-1.1646364,0.28062302,0.16659164,-0.8148306,-0.15570444,-1.1147939,-0.58674562,0.26730776,0.62534159,0.52953494,-0.098454416,-1.6013362,0.59157318,0.12988974,-1.056771,0.61878109,0.082819402,0.044707723,0.52235979,0.08379069,0.23457104,-0.30963486,-0.007589946,0.58798945,-0.48689267,-0.87726331,0.002808958,0.48315737,-0.31609511,0.09609732,-0.011734229,-0.21033418,-0.1642302,-0.24971446,0.27821156,0.55156386,-0.18773951,-0.33311224,-0.1758498,0.070366547,0.31647688,-0.88215685,0.3713071,-0.99530673,-0.42342305,-1.7198702,-0.77833706,-0.085787326,-0.57531929,0.34583357,-0.33210492,0.18157202,-0.020259798,-0.090879276,-0.68255574,-0.58461022,0.24594305,-0.87657553,-0.096911147,0.040465787,0.1058832,0.25784218,-0.38036379,-1.3334413,0.53436863,0.44152829,0.7168324,-0.11145054,0.42621604,0.15654543,-0.003852099,-0.33413118,-0.39178956,0.25337383,-0.55108494,-0.039516851,0.38248867,-0.24004376,-0.64340991,0.10263908,-0.59785157,-0.35935467,0.25258362,-0.35562626,0.015580814,-0.70467037,0.66489148,0.65202194,0.22038275,0.000109695,-1.595768,0.60836691,0.065441526,-0.26717639,-0.059103668,-0.45405942,-0.038922422,-0.11964303,-0.6962201,0.93587554,-0.69466686,0.10953192,0.30778995,-1.2399753,-0.20555083,0.24170363,-0.11766695,-0.42841309,-0.84928358,0.43410268,-0.079867989,0.31621107,0.70905983,-0.71383774,-0.20690557,0.078668535,0.1863735,0.21438795,0.31714806,0.10719948,-0.13284026,-1.0802133,-1.6622331,-0.67712301,0.25151718,0.6754207,0.24755114,-0.37266314,-0.15934256,0.007348776,1.1373917,-0.046941251,0.088870645,-0.11788601,-0.27775729,0.89003158,0.14614284,0.30588365,0.74260098,-0.11304997,-1.9952381,-0.11941424,0.34019694,0.039818279,-0.14689654,-0.62406951,0.096384525,-1.3864772,0.039638631,-0.91470987,0.27397898,0.13637012,-0.75623512,-0.064910397,0.17193547,0.460659,-0.19612715,-0.24037921,-2.2157059,0.22645013,-0.57218951,-0.017645549,0.12878709,0.091633655,0.56259644,0.15320221,-0.14351128,0.63445872,-1.3583312,-0.80879056,-0.22295171,0.56249321,-0.3149384,0.14417012,0.12812749,0.25226474,-0.071283206,0.42996779,0.39335859,0.77966458,-0.85723001,-0.41813922,0.63008654,-0.080648996,0.15276334,-0.059512217,-0.19677711,-1.1808627,-0.42973912,0.11106971,-0.43098718,0.26670179,0.94677317,0.36573601,-0.46234918,0.11332952,-0.24777099,0.54472297,0.44520825,-0.36561725,0.14301096,1.3257837,0.06574063,0.21126044,-0.78717476,-0.18880309,-1.6883754,0.98516935,-1.179462,-0.10752757,-0.1220734,-1.2360839,-0.13715622,0.093095541,0.060869202,0.61713672,0.39793074,0.3099016,-1.7380068,0.78950465,0.13372213,1.0730056,-0.042172827,-1.1180866,-0.069683254,-0.86074674,0.43798396,0.25545713,-0.7288878,0.22124672,-1.4496918,-1.1822766,-1.1992275,-0.38240728,0.3244243,0.47334659,0.22806178,-0.83565593,0.73012394,-0.99551296,-0.025437772,0.20366758,-1.011272,-0.11617137,0.099541545,0.45752537,0.17753613,0.25295901,-0.15630767,0.49614209,0.031372726,0.62917215,-0.12861264,-0.10315825,-0.44073841,0.4001084,0.86452079,-0.49122998,0.56778127,0.48975787,0.33684057,-0.53609598,0.57631612,0.24371126,-0.7022869,-0.527134,0.19533658,0.14198315,0.092627496,0.71754241,-0.25427741,-0.431936,-0.52060235,-0.007300326,0.52250969,-0.2169157,-0.019818399,-0.28098917,0.080057763,0.91280818,-0.99019152,0.10075012,0.40837944,-0.43234557,-0.10798253,-0.039840877,-1.1302922,-1.8080213,-0.24009654,0.54751915,0.040186092,-0.117836,0.62042683,0.15542749,0.4363794,0.23439156,-0.17271674,-0.39645118,0.16442651,0.022708593,-0.12664717,-0.37811136,0.17136052,0.099384628,1.0420876,-1.4143038,0.001774667,1.2168863,1.3806859,0.382577,-1.4360509,-0.32759756,-0.50238633,-0.2313427,-0.078258604,0.22619578,0.76388049,0.59201658,0.28642619,0.071496107,0.2413041,0.82797086,0.67524761,0.85340083,-0.94935036,0.098917514,0.074955091,0.14037158,-0.36975771,-0.15745141,-1.6119934,0.29943997,0.05486865,-0.35846317,-0.11819242,0.34956646,0.17708594,-0.67823756,0.26285395,-0.2821492,0.44018358,-0.005118415,0.40295136,0.85959059,0.30671501,0.022902366,0.53545666,0.080716081,-0.037920285,-0.8712694,0.32140672,-0.73651785,-0.050863594,0.75375819,-0.83897364,-0.46685001,0.39573318,0.18922743,-0.41499224,-1.007139,0.48193517,-0.56415242,-0.064147085,-1.6126605,0.23538369,-0.22760871,-0.39380902,-0.30157241,0.84892786,0.2489706,-1.5711427,-0.92388517,-0.45806572,0.010254821,0.29964012,-0.080393627,0.036701374,0.32748565,0.27869022,-0.087319344,0.20373534,0.35270798,0.27664146,-0.010740422,-0.12808833,0.24674872,-1.3129617,0.081027649,0.38009441,-0.01069073,0.25839368,0.43102157,0.75631481,-0.21554962,-0.67848366,-0.26574296,0.30748409,-1.8862405,0.32662576,0.30613735,0.38659632,-0.55592614,-1.18039,0.25116006,-0.64082766,-0.056648344,-0.082270876,-0.022390451,0.43747532,0.040208694,0.34309795,0.30602679,0.013171404,-0.12038577,-0.30731922,-2.0450323,-0.65231037,-0.75967479,0.066991508,-0.65818179,0.23605295,0.000447556,-0.30155641,0.10470662,2
0.71029496,0.42569774,0.36420095,0.66767323,0.66455227,0.67881942,0.65311396,0.64231277,0.66638124,0.66712403,0.65805924,0.6471318,0.64554679,0.6230883,0.64913666,0.63573462,0.6431601,0.70656204,0.6774745,0.63467216,0.64601243,0.65068781,0.65878534,0.64005268,0.65474594,0.65043706,0.65948457,0.64996773,0.66228366,0.657511,0.65144217,0.64900756,0.64540464,0.63711369,0.65737665,0.59718877,0.62335682,0.64731002,0.62306285,0.64126068,-1.0779456,0.30780095,0.3713482,0.41581345,1.2531973,1.6327996,1.2364581,0.66564858,0.78454483,1.5699058,1.3513353,1.1279631,0.3320173,-0.21080898,-0.33326593,-0.36726409,0.49162897,0.30454415,0.44584233,0.25492707,-0.95745975,0.10485525,-0.60760486,0.17301808,-0.96848351,0.095019311,-0.13445526,0.73843873,0.25698557,1.4775801,-0.12470146,0.24740858,-1.1816146,-0.2667827,-0.039480191,0.54526246,-1.1554751,0.47646141,0.25166723,-0.917032,-0.11460516,-1.1024079,-0.58644307,0.25158536,0.62770492,0.56523848,-0.030362777,-1.7845252,0.67211831,0.17295924,-1.0171806,0.73286593,0.032343503,-0.037791334,0.51002675,-0.15686534,0.13294713,-0.63713288,0.047323167,0.47374821,-0.63936818,-1.1546955,0.076371595,0.54909068,-0.38195813,0.27158374,0.12852022,-0.20643175,-0.12272041,-0.43620652,0.37980795,0.74947941,-0.18673569,-0.60308504,-0.30675322,0.3683809,0.32649571,-1.1166599,0.45585293,-1.1698332,-0.53557312,-1.879777,-1.0198574,-0.055310003,-0.46175599,0.2610687,-0.47903982,0.14444727,-0.15606882,-0.1901387,-0.76511741,-0.58330363,0.064235851,-1.0774193,-0.16755885,-0.3025825,0.11079972,0.39003924,-0.50660217,-1.683208,0.32734498,0.57879555,0.7843594,-0.10806027,0.57620132,0.23665877,0.07770668,-0.44467908,-0.32456061,0.36866438,-0.55201846,-0.087135524,0.3237544,-0.27226973,-0.81468666,-0.057569914,-0.54861462,-0.65466249,0.37511259,-0.58564764,-0.049985141,-0.79654467,0.75020421,0.6684581,-0.007451695,-0.004638497,-1.8831608,0.62151462,-0.036795482,-0.10987717,-0.056649096,-0.56063551,-0.055311181,-0.098724753,-0.72752273,1.0720341,-0.74469024,0.11408153,0.41035911,-1.8806195,-0.14710335,0.39027774,-0.11378451,-0.53126305,-1.2393961,0.4504579,0.15499133,0.62177211,0.97917134,-0.79353213,-0.18457149,0.10171069,0.16758744,0.14659037,0.45289725,0.090741023,-0.17710274,-1.3456581,-1.7159115,-0.73310721,0.37778854,0.58628023,0.40971977,-0.50125176,-0.24883355,0.21562749,1.5832205,-0.15798013,0.068874069,-0.50128222,-0.35828641,1.1120232,0.16042134,0.27708608,1.2773069,-0.15105452,-2.3145773,-0.10350002,0.55255204,0.022510562,-0.01264656,-0.87060273,0.20758185,-1.711887,0.23025823,-1.3574288,0.68912798,-0.000604115,-0.83895051,-0.073185414,0.074521855,0.64568663,-0.19375899,-0.46483341,-2.8230865,0.34558752,-0.55721086,-0.035183311,-0.09017317,0.062110443,0.7047022,0.26733226,-0.1954816,0.49680975,-1.6154915,-0.88665664,-0.23078185,0.42973232,-0.51288342,0.053425811,0.30828562,0.3091166,0.036603604,0.42081052,0.424705,0.91763735,-0.94319159,-0.46726415,0.58035731,0.056871414,0.24390082,-0.24060036,-0.12096649,-1.2057317,-0.50731963,0.087904632,-0.38722599,0.46877104,1.1344851,0.46339607,-0.45721036,0.11460091,-0.37462956,0.54946738,0.68081343,-0.37704802,0.10269828,1.65809,0.15631881,0.16416971,-0.99211657,-0.22152504,-2.0317106,1.1430264,-1.3848053,-0.39355069,-0.17066945,-1.3682764,-0.26630348,0.29471159,0.16216354,0.84773052,0.36026722,0.21401654,-2.0743062,1.044314,0.23805127,1.2164338,0.085901715,-1.0324428,-0.049747154,-0.92533499,0.76760495,0.3284381,-0.75547135,0.27812272,-1.8867385,-1.9404913,-1.3633819,-0.43044567,0.51164305,0.47889388,0.30242708,-1.1285471,0.68148208,-1.2128048,-0.11106244,0.31507054,-0.95898306,-0.060208943,0.074503556,0.68504596,-0.11319207,0.31386572,-0.14192587,0.63452947,0.11769805,0.85667431,-0.058657371,-0.1238171,-0.65664577,0.35806707,0.96146113,-0.54036748,0.69087291,0.53224111,0.56290096,-0.65810418,0.67344415,0.22953285,-1.1062804,-0.39278176,0.072504617,0.16847977,0.14834896,0.77286446,-0.25404954,-0.58327401,-0.59635484,0.02584804,0.57080621,-0.27846554,0.14216259,-0.31986052,0.14493915,1.1227357,-1.3327806,0.1620895,0.28702033,-0.55769563,-0.06168608,-0.19300386,-1.4320916,-2.007262,-0.11878383,0.61208415,0.14076737,-0.13749436,0.75407243,0.2685591,0.43548697,0.17038497,-0.3552731,-0.50374216,0.21348771,0.067636445,-0.15493038,-0.45040652,0.19858873,0.039308004,1.2316073,-1.6184069,-0.048493057,1.5820049,1.6328695,0.32956004,-1.4728541,-0.28553814,-0.47336555,-0.17674723,-0.022653608,0.43414909,0.87745607,1.0943395,0.44535846,0.25946015,0.18147087,0.91205537,0.72914112,1.0623848,-1.0138111,0.15126051,0.28007177,0.00166364,-0.39877009,-0.20801136,-1.7558943,0.38093585,0.043558963,-0.35924697,-0.2126202,0.28324005,0.21311754,-0.6720798,0.23078275,-0.24325621,0.32055104,-0.38694981,0.48515576,1.1262836,0.27987731,-0.013821146,0.71689248,-0.051877454,-0.12723561,-1.0219185,0.427719,-0.65110499,0.068028115,0.84186685,-1.1430399,-0.43101132,0.42293361,0.24442033,-0.57243443,-1.4421076,0.5686723,-0.58877236,0.052830324,-1.679215,0.37355328,-0.14023143,-0.34680334,-0.50168622,1.0944422,0.33820033,-1.9496005,-1.1832802,-0.39021352,0.031862155,0.32706243,0.013555288,0.034389444,0.46811706,0.20415811,-0.11686411,0.27223206,0.32653505,0.41090044,0.12346487,0.17169099,0.274674,-1.4680251,0.03274525,0.27871081,0.046398025,0.26989588,0.67013842,0.88603085,-0.43365198,-0.76440203,-0.37769669,0.22193813,-1.8340384,0.40609884,0.20339666,0.44376272,-0.74677241,-1.4712598,0.24032459,-0.71401787,0.14089629,-0.041173592,-0.11693596,0.7359581,0.12343498,0.36812651,0.37335056,-0.052051064,-0.1033529,-0.44323009,-2.3573723,-0.8603071,-0.99119914,0.008661322,-1.0275937,0.40990317,-0.14650676,-0.27899984,0.01154419,2
0.63874727,0.37949434,0.25840801,0.60809565,0.58457923,0.62066209,0.58318198,0.56840837,0.58816296,0.59654289,0.57933652,0.57069302,0.56180537,0.53647363,0.55091721,0.54997694,0.53936386,0.60374671,0.61274296,0.53891695,0.54881632,0.58595794,0.58269918,0.55922604,0.56854177,0.58417106,0.605829,0.58957809,0.58365512,0.60225415,0.59438014,0.55620068,0.56640756,0.55302817,0.59949678,0.5165326,0.54266149,0.55623102,0.54047364,0.57768476,-1.0248103,0.20200808,0.53740382,0.5653584,1.4220002,1.7430785,1.4320191,0.86823404,0.97054613,1.7830825,1.5238945,1.3296539,0.25791791,-0.19429815,-0.21779975,-0.25767025,0.50097489,0.3238903,0.37426281,0.25276721,-0.94348085,-0.066002153,-0.44889924,0.43029165,-0.90584964,-0.086730622,-0.17502524,0.83986455,0.36397493,1.3083323,-0.14558387,0.21179628,-1.1701632,-0.24916378,0.04098326,0.67395627,-1.2192582,0.46728984,0.23954116,-0.87549198,0.045838669,-0.76065791,-0.64803898,0.2827073,0.68329799,0.74773866,0.035070654,-1.700135,0.84671068,0.093278527,-0.92932338,0.76157141,0.11459817,0.12762812,0.51605868,-0.18729578,0.33082616,-0.65024102,0.048929773,0.50615954,-0.88284659,-1.122699,0.071518943,0.67368305,-0.30749702,0.21393999,0.18396223,-0.20299292,-0.086013414,-0.26057306,0.26726404,0.78245246,-0.20756851,-0.48277354,-0.26533714,0.47145081,0.51426661,-1.0540535,0.32874128,-0.91069311,-0.40023708,-1.8032527,-1.2070273,-0.07805001,-0.27624905,0.29265019,-0.34021676,0.08100678,-0.122549,-0.25244081,-0.8283236,-0.49912739,0.81282198,-1.1825767,-0.19280912,-0.25518647,0.006203309,0.51569819,-0.52188081,-1.9347106,0.80663633,0.50781357,0.87544852,-0.30376115,0.52129126,0.23434934,0.090127841,0.019191459,-0.25635785,0.40313947,-0.48997426,-0.21389611,0.29943597,-0.29773057,-0.82084638,-0.015877888,-0.62020689,-0.88699311,0.44577456,-0.62653553,0.00911988,-0.68967509,0.71035618,0.74332088,-0.11591415,0.018267378,-1.9000175,0.59643245,-0.0167813,-0.16790059,-0.063519955,-0.63994694,-0.016219374,-0.13504289,-0.70143414,1.1345282,-0.65899885,0.13528293,0.42057762,-1.678709,-0.25578204,0.32976332,-0.028561467,-0.52222735,-1.2467496,0.32491028,0.21891397,0.13270518,0.78185934,-0.9899019,-0.17914788,0.12975742,0.054975234,0.1389896,0.26129779,0.15160753,-0.1643576,-1.3473701,-1.6576595,-0.78210557,0.24977063,0.53170353,0.4121404,-0.31112075,-0.33745795,0.11814254,1.3689134,0.007322356,-0.023859128,-0.63253367,-0.31085795,1.1222835,0.14885339,0.27799308,1.189273,-0.17040661,-2.1873684,-0.019329295,0.64802039,0.019817915,-0.22699198,-1.0483258,0.18326172,-1.651023,0.20424123,-1.6479553,0.71887386,0.008466948,-0.79639065,-0.015458584,0.16928181,0.77553344,-0.14608978,-0.12696478,-2.7469044,0.41200548,-0.58166301,-0.10148639,-0.1974441,0.42383456,0.52968425,0.067644954,-0.15886687,0.61783063,-1.7318959,-1.004341,-0.4392837,0.43886706,-0.4995929,0.012901545,0.34675318,0.31875768,0.062558442,0.42475033,0.2602641,0.9961834,-1.0746636,-0.54348034,0.57396525,-0.061200336,0.299997,-0.29825425,0.01439853,-1.1858746,-0.4562701,0.12072571,-0.43728751,0.56416416,1.2328554,0.40645725,-0.44427639,0.13196552,-0.4249354,0.6530683,0.68115789,-0.29115149,0.12421437,1.6417614,0.2459756,0.73182905,-1.1927384,-0.16795406,-1.9930301,1.0626615,-1.464674,-0.4397918,-0.15938252,-1.0348506,-0.48601282,0.30178654,0.21367672,0.72450376,0.64215869,0.31867218,-2.0317788,1.0847118,0.42656487,1.3301421,0.12306825,-1.0738118,-0.049284674,-0.94753629,0.57564038,0.45933002,-0.8111974,0.45761341,-2.1419873,-1.7366734,-1.4577726,-0.48462039,0.70621377,0.65918243,0.29141358,-1.1840019,0.67751986,-1.3557503,-0.027679682,0.31711873,-1.0801566,0.023926888,0.017613666,0.64818448,-0.050046362,0.30726701,-0.069700733,0.5461309,0.13916196,0.68429643,0.039769791,-0.097777605,-0.94302905,0.36225206,1.0129483,-0.52222836,0.80306792,0.52941406,0.47580481,-0.69865513,0.8164202,0.25154689,-1.1683735,-0.42975378,0.13702649,0.183043,0.029641688,0.90397829,-0.23351368,-0.61286509,-0.48078448,0.03957513,0.74836087,-0.19960266,0.15297621,-0.32103381,0.14558384,1.236012,-1.3300674,0.27064121,0.2676605,-0.69297922,-0.021235604,-0.055536896,-1.4595929,-2.0935614,-0.031393871,0.48688501,0.18009396,-0.13959542,0.7998268,0.21234974,0.51032507,0.12932871,-0.17961277,-0.77303571,0.16581886,0.26496646,-0.17636949,-0.020340502,0.24393985,0.29699412,1.3629405,-1.5801052,-0.2450076,1.7700957,1.71652,0.46101016,-1.2876109,-0.29505384,-0.59574479,-0.11095343,0.14319219,0.39823434,0.90917253,0.82439327,0.58505744,0.39360493,0.27349755,0.82431936,0.68435347,1.2246642,-0.87287539,0.21447541,0.46957672,-0.1092426,-0.25350338,-0.22066231,-1.4958235,0.33303821,0.10108984,-0.40904739,-0.053727482,0.64535433,0.28355676,-0.53085095,0.24668805,-0.27445823,0.008091658,-0.50009298,0.67005062,1.0377333,0.32750377,-0.03680009,0.68522096,-0.17753816,0.02590191,-0.99135256,0.36455226,-0.65766144,0.11676504,0.82345277,-0.95870483,-0.54915452,0.2976304,0.30302203,-0.80373454,-1.4134102,0.6833663,-0.66747558,0.089634791,-1.6474593,0.35306472,-0.19080222,-0.54674244,-0.47167838,1.2410122,0.40949565,-2.0032735,-1.27844,-0.31983921,0.040386438,0.32863253,0.061075754,-0.033148762,0.43550986,0.23526564,-0.097769544,0.23628221,0.39574048,0.45375612,-0.18471393,-0.070687369,0.39464775,-1.3035343,0.035334349,0.49157715,0.11287834,0.20846975,0.70116115,1.2726669,-0.39146867,-0.70168316,-0.43043458,0.22545475,-1.890801,0.44595909,0.12168364,0.32900876,-0.75724745,-1.5410061,0.24000409,-0.63620734,0.57398808,0.098033935,-0.035087507,0.73279643,0.11731631,0.31949976,0.43713105,-0.111014,-0.16657564,-0.55125785,-2.212903,-0.81109875,-1.1948597,0.046916835,-1.1154134,0.2508373,-0.17726837,-0.26171744,-0.015666477,2
0.51337528,0.21628022,0.17759961,0.50725365,0.51046646,0.54485106,0.50024867,0.48528099,0.50444293,0.5199613,0.49644363,0.48912477,0.48775822,0.45107007,0.48585173,0.4790259,0.45016456,0.52265584,0.52601528,0.45488107,0.4770987,0.49920353,0.4949466,0.47271138,0.49256766,0.49822086,0.51898003,0.51007921,0.48692998,0.49995697,0.5028044,0.47540212,0.47219145,0.47397447,0.49864757,0.43907827,0.46004409,0.48126423,0.45910823,0.48524326,-0.85620058,0.11654559,0.25837111,0.35696003,1.2404608,1.5706435,1.1495175,0.60407436,0.70013481,1.5266397,1.3323435,1.0914758,0.28342614,-0.27904376,-0.005665147,-0.40588772,0.48254165,0.26962426,0.22092086,0.23711906,-0.70074958,-0.090103261,-0.57064158,0.24247307,-0.85426515,0.1193939,-0.13555858,0.64548266,0.084469467,1.4379308,-0.12923859,0.16330981,-1.0434873,-0.2185629,-0.063925609,0.64691609,-1.0828182,0.38935921,0.2234495,-0.79754764,-0.14838836,-1.0992539,-0.63548273,0.24712226,0.63751817,0.58220768,-0.051130615,-1.6512721,0.59544325,0.13571839,-0.98194349,0.68799949,0.10586323,-0.047380716,0.36584231,-0.12820196,0.11571345,-0.37633127,0.006256862,0.48699424,-0.46267673,-0.93109298,0.034417219,0.51108122,-0.33888805,0.15063767,0.086619705,-0.25595286,-0.043086872,-0.33079082,0.2324111,0.77335179,-0.12841031,-0.31745425,-0.26410708,0.25583142,0.13314557,-0.89847469,0.39713416,-1.0039237,-0.45873803,-1.7707636,-0.86119294,-0.020707108,-0.4755908,0.25570303,-0.34374681,0.15924311,-0.1016506,-0.059168503,-0.56289345,-0.48117697,-0.028072044,-0.93064684,-0.040593784,-0.1773241,0.14750582,0.17840001,-0.4439072,-1.3589952,0.19238062,0.39671782,0.71097577,-0.049937408,0.51555723,0.19802973,0.014478303,-0.45203638,-0.4033429,0.23777822,-0.14097877,-0.35779431,0.27841637,-0.24020523,-0.62138575,-0.01483357,-0.52070147,-0.50963318,0.33984712,-0.30894291,-0.008889701,-0.64107776,0.68270111,0.50526577,0.12073338,0.043378942,-1.7176716,0.57274401,-0.032066341,-0.139246,0.019368533,-0.53625357,-0.13808551,-0.14264899,-0.68301517,0.81100821,-0.49703789,0.12746827,0.30133289,-1.3380632,-0.14915794,0.27820861,-0.11063063,-0.47634208,-0.88681853,0.46281558,0.15863052,0.38040996,0.79072589,-0.75186807,-0.22037967,0.07733456,0.20173416,0.18362656,0.12712798,0.098496065,-0.13718818,-1.095894,-1.5484014,-0.61457169,0.27689674,0.51604438,0.33394074,-0.35555568,-0.19539489,0.099463068,1.4676012,-0.21238036,0.093311615,-0.27279145,-0.18435176,0.95995897,0.11212899,0.25164321,1.1840935,-0.11777978,-2.3334112,-0.1457648,0.32187352,0.050395198,-0.0974693,-0.71965933,0.25343508,-1.4477112,0.17057575,-1.2305976,0.60565799,0.09836977,-0.75226384,0.003510249,0.18203534,0.44655824,-0.11135206,-0.41906279,-2.3169899,0.26539883,-0.63092124,-0.018598057,-0.022637829,0.086817987,0.63425124,0.17173219,-0.25062326,0.94209617,-1.312746,-0.8145563,-0.22746456,0.34710154,-0.41890892,0.20120391,0.20087931,0.38331625,0.090919077,0.4245463,0.40145659,0.87201679,-0.91493559,-0.45994705,0.42221811,-0.051285539,0.22547919,-0.12128616,-0.13229126,-1.1770238,-0.50355262,0.087600723,-0.46570426,0.43689555,0.97618258,0.40152881,-0.44322053,0.093745351,-0.32106572,0.66469663,0.47092244,-0.38626486,0.092710607,1.0593883,0.087297484,0.24187472,-0.59523165,-0.099549919,-1.7091393,1.034624,-1.3186541,-0.11526158,-0.17568913,-1.4312938,-0.014905371,0.21384041,0.052114218,0.58380884,0.40412107,0.46610415,-1.8079565,0.87641031,0.10525412,1.1295247,-0.019603405,-1.088349,-0.097660109,-0.71055251,0.50142998,0.23705789,-0.76746935,0.18326658,-1.4144318,-1.4063894,-1.3277388,-0.49250445,0.43561834,0.35073775,0.18978706,-0.81510043,0.62667632,-1.0537066,-0.010502115,0.27789703,-1.007254,-0.029915489,0.059030749,0.44903147,0.15535593,0.14739037,-0.1343078,0.44888017,0.075419374,0.83293641,0.073902413,-0.10464237,-0.60849375,0.3024343,0.78799826,-0.5872137,0.55562353,0.47745252,0.46709108,-0.56706643,0.45158815,0.39257169,-0.92283851,-0.55122459,0.069600351,0.26216733,0.17536663,0.62795043,-0.25994083,-0.45494184,-0.46528113,-0.002058448,0.45188063,-0.18772778,0.13244638,-0.23939122,0.11252827,0.76344305,-0.95199847,0.1233368,0.27047816,-0.41067666,-0.11759079,-0.34258148,-1.2377795,-1.7784423,-0.19671378,0.44393533,-0.037115067,-0.13483645,0.6639753,0.10592031,0.39586353,0.09733633,-0.31267577,-0.43036842,0.17585099,-0.040052194,-0.042614229,-0.45256376,0.20226704,0.14087522,1.0132753,-1.4387808,-0.051453985,1.5108294,1.4053237,0.28419378,-1.3866458,-0.28332099,-0.30673006,-0.16513336,-0.027886655,0.29622638,0.72320098,0.72554493,0.33732033,0.099939078,0.13549086,0.56756246,0.75524431,0.86677259,-0.87409234,0.27043527,0.1795305,0.24539292,-0.37179625,-0.18915765,-1.6531019,0.29054582,0.058265701,-0.36196953,-0.0224602,0.21352667,0.15361804,-0.6914618,0.30870801,-0.29974645,0.17672271,-0.10429986,0.2640577,0.78375709,0.24791625,0.028164258,0.60333383,1.8807282,-0.084694624,-0.8991189,0.3793512,-0.61298645,0.12029153,0.77267289,-0.69035864,-0.38832861,0.27091247,0.32995647,-0.47862181,-0.96752828,0.50084001,-0.58716381,0.030256934,-1.4722785,0.30779487,-0.087213069,-0.39516059,-0.36419806,0.88377094,0.42221916,-1.6717654,-1.0738922,-0.37376302,0.040613592,0.33694318,0.007164687,0.018730016,0.39250487,0.19589537,0.011890024,0.1811994,0.37877929,0.3695097,-0.017369829,-0.014914021,0.16760288,-1.2996871,0.038045421,0.43440488,0.031484723,0.2455084,0.61153036,0.67507166,-0.37513134,-0.74519569,-0.44315571,0.02536194,-2.0433297,0.3181285,0.34635967,0.37585968,-0.59220827,-1.302321,0.18413432,-0.73469281,-0.029760972,-0.065825976,-0.08138866,0.44181624,0.14306504,0.34168822,0.45894018,-0.048916791,-0.089351386,-0.36359096,-2.104979,-0.70385534,-0.79509223,-0.023943821,-0.66675615,0.12485033,-0.2407935,-0.27089024,0.076100364,2
0.63789874,0.38902488,0.33318478,0.60375863,0.59235072,0.6112771,0.59926629,0.5875572,0.60603517,0.59572589,0.60053635,0.59055001,0.59825689,0.58019435,0.6059612,0.59488654,0.60030127,0.61852396,0.60246229,0.59021199,0.58491129,0.5985235,0.58631957,0.58621812,0.5940128,0.57529324,0.5890041,0.58177513,0.5920195,0.58380866,0.586496,0.57968986,0.57568848,0.58023417,0.58384311,0.57818431,0.57080197,0.59033489,0.56322652,0.57607478,-1.092082,0.32077914,0.41759604,0.44630343,1.3814578,1.7427959,1.3104223,0.73510271,0.86600167,1.6655204,1.4459834,1.2199836,0.33782119,-0.18307823,-0.42406654,-0.41406193,0.5697372,0.32418996,0.41931999,0.29139149,-0.9785589,0.1116026,-0.67295986,0.30817431,-1.0169586,0.081499144,-0.2471551,0.71879333,0.15807085,1.3214748,-0.11419337,0.19166914,-1.246752,-0.30480841,-0.14690015,0.75602072,-1.1707414,0.47692466,0.16296925,-0.9734962,-0.11596054,-1.2563053,-0.54109573,0.26182613,0.74365866,0.61068988,-0.013028236,-1.7482516,0.64134651,0.15532029,-1.0940135,0.87754071,0.050551713,0.14993922,0.53734946,-0.14260557,0.24360381,-0.35120639,0.048822589,0.54580808,-0.46181852,-1.1408807,0.020109788,0.6195029,-0.43094683,0.36932254,0.16341221,-0.15618557,-0.15704319,-0.31373912,0.32580513,0.5959667,-0.22593889,-0.2143625,-0.2981874,0.38611782,0.30582845,-1.1208636,0.40610716,-1.1389871,-0.41168007,-1.8051193,-0.92520863,-0.075635463,-0.56873691,0.34928864,-0.3670983,0.16900754,-0.14743724,-0.086595453,-0.87811589,-0.65775812,-0.14137611,-1.1503503,-0.2149339,-0.078332946,0.079207912,0.306182,-0.54308963,-1.6654087,0.35247472,0.5405556,0.8149491,-0.14156272,0.4266606,0.37936544,0.0892483,-0.60005957,-0.43562391,0.26501518,-0.40147927,-0.050159156,0.33461684,-0.3330715,-0.84845483,0.015422232,-0.59199882,-0.45724189,0.35994473,-0.41251916,-0.02525834,-0.79171944,0.88748145,0.68356752,0.14691764,-0.081461661,-1.7842857,0.40586519,0.044578329,-0.21830487,-0.042893369,-0.50778556,0.056390628,-0.15813696,-0.73780859,1.1092589,-0.81475496,0.13449609,0.36634982,-1.7236438,-0.16591585,0.34275934,-0.21365809,-0.46153709,-0.98044813,0.45789775,-0.04588601,0.5089609,0.79394615,-0.85301113,-0.24522789,0.070331745,0.044028006,0.16344652,0.20860747,0.12065369,-0.18155308,-1.3535246,-1.9110017,-0.74385339,0.29263344,0.70590842,0.4608542,-0.4415915,-0.31688362,0.064476222,1.5649326,-0.15554373,0.17885463,-0.29860166,-0.25649297,0.9950217,0.16891532,0.30095148,0.83352613,-0.15138507,-2.4338253,-0.12005901,0.36800528,0.074786678,0.007403083,-0.67825633,0.018250108,-1.555192,0.23036328,-1.2217994,0.48685315,0.081933685,-0.90078712,-0.096672066,0.078192666,0.56625861,-0.14527276,-0.51974821,-2.6009357,0.29338619,-0.67770791,-0.065450609,-0.020176977,0.037950955,0.75327456,0.16731811,-0.26862752,0.44402611,-1.4930853,-0.8878845,-0.27799231,0.45286694,-0.46026462,0.062604018,0.15257081,0.24944218,0.063753977,0.50156796,0.47171342,0.84059578,-0.96096104,-0.38701135,0.54661942,0.052899785,0.21126547,-0.11351719,-0.3292616,-1.3587126,-0.42533028,0.27921027,-0.44517764,0.40630788,1.004715,0.43326652,-0.52331448,0.15768605,-0.40303272,0.63136017,0.41352871,-0.43305522,0.17901491,1.7974166,0.16601995,0.20271893,-0.87083697,-0.23679581,-2.0086491,1.1827011,-1.2866621,-0.1380157,-0.01810953,-1.4489626,-0.26781899,0.1762688,0.004151359,0.53535402,0.5164848,0.17640109,-1.9836085,1.0349871,0.1151631,1.1989697,-0.043877028,-1.3078395,0.048080951,-1.0041051,0.63596511,0.30022806,-0.94142693,0.24139579,-1.7508303,-1.653376,-1.4161304,-0.34198698,0.40153131,0.45191258,0.26964468,-1.0387402,0.72038907,-1.1687719,-0.11834593,0.26722559,-1.1825976,-0.082605377,0.079844892,0.51597834,0.0043208,0.17660671,-0.20185938,0.55753851,0.081508771,0.8509177,-0.14659274,-0.14686792,-0.71310735,0.4041754,1.0440487,-0.66620672,0.62120169,0.48935533,0.53857464,-0.6470741,0.55154157,0.16152295,-0.91714638,-0.58000344,0.07075949,0.090166025,0.12131593,0.69902259,-0.24361849,-0.55413073,-0.63322842,-0.006127865,0.49578848,-0.20012127,0.092528798,-0.37338975,0.16221157,0.95933527,-1.1408037,0.12613924,0.26330784,-0.53893632,-0.081146285,-0.23616122,-1.2756178,-2.1113274,-0.025490925,0.64022875,0.10343018,-0.12803257,0.82123035,0.21009947,0.41676313,0.24435011,-0.22954895,-0.48484215,0.2010289,0.18843317,-0.20294948,-0.56783056,0.28097805,0.19751026,1.1932536,-1.6268857,-0.088665001,1.4707072,1.6999073,0.41837299,-1.554208,-0.288533,-0.43595293,-0.25708258,-0.031251006,0.32769728,0.91390526,0.79847693,0.53970075,0.21364483,0.14871143,0.78010011,0.68796372,0.90247339,-1.0916984,0.20693052,0.12963662,0.16714557,-0.4033311,-0.18572937,-1.7088834,0.3732155,0.057840258,-0.37644783,-0.18638431,0.12194432,0.18942341,-0.74836195,0.30656651,-0.28007242,0.19246724,-0.16422129,0.27208897,0.9396022,0.33958316,0.042150233,0.71871364,-0.1589949,-0.11044911,-0.95833987,0.35930929,-0.73031706,-0.075600624,0.87171525,-1.1788741,-0.28727287,0.50319111,0.30338842,-0.59726375,-1.2272459,0.47217304,-0.64962238,0.11792085,-1.7510047,0.34305531,-0.24296945,-0.33328608,-0.49497366,0.98494935,0.33766261,-1.8925312,-1.3397449,-0.45545861,0.01831051,0.3389672,-0.092367515,0.092484504,0.40527174,0.22632675,-0.078832775,0.18489017,0.34445983,0.33123684,0.22620033,0.013571098,0.19294286,-1.5033488,0.092852041,0.37543252,0.012698974,0.26819703,0.69012755,0.96545041,-0.44005966,-0.77121121,-0.46038443,0.03982839,-2.0383267,0.41973716,0.33617306,0.48346442,-0.72022033,-1.4109708,0.29048935,-0.72912157,0.15637515,-0.091406628,-0.092767447,0.70510733,0.11030076,0.36503837,0.31252107,0.007333772,-0.18035735,-0.34153962,-2.3095655,-0.8252452,-0.88957918,-0.004055612,-0.95092666,0.1520063,0.043418005,-0.25304258,0.025374992,2
0.46581602,0.21684897,0.17103179,0.43593037,0.42981052,0.44227242,0.4318015,0.4246136,0.43370229,0.42422748,0.42282319,0.41979349,0.43012083,0.41168916,0.44585654,0.42057556,0.43135622,0.4399589,0.43011737,0.42113268,0.41215599,0.41999483,0.41475528,0.41431105,0.41799426,0.40417147,0.41857892,0.40898341,0.41493469,0.4169634,0.41336897,0.41190669,0.40874225,0.41361463,0.41903758,0.397706,0.39318401,0.41548258,0.39436644,0.40447184,-0.9706372,0.16966492,0.28487617,0.34117594,1.2775345,1.6230861,1.2066462,0.60040885,0.73542559,1.5424793,1.3536366,1.0880344,0.25646576,-0.24241634,-0.50830883,-0.43737856,0.49599805,0.25788799,0.35885739,0.211466,-0.91031182,0.12090793,-0.77653408,0.22305,-0.90921056,0.007371239,-0.20167467,0.67421257,0.2422006,1.469555,-0.16754618,0.1591204,-1.1692799,-0.29317084,0.041540161,0.67098254,-1.1888636,0.39999804,0.22079788,-0.92271912,-0.18970203,-1.1282992,-0.59580266,0.28011411,0.65576345,0.60595703,-0.086899482,-1.7421268,0.57413781,0.10467177,-1.0236425,0.76604807,0.028171428,0.083183222,0.53684491,0.38992545,0.25349969,-0.3299751,0.087606288,0.49993601,-0.51390433,-1.068072,0.001795717,0.5088442,-0.25071076,0.11934576,0.07741984,-0.12875667,-0.12780245,-0.34724665,0.36478534,0.72941029,-0.21724717,-0.053318352,-0.038636804,0.37417507,0.20855168,-0.99268132,0.33042389,-0.98649049,-0.43356603,-1.7172958,-0.84433597,-0.057175327,-0.51133841,0.19574469,-0.35510615,0.15794514,-0.15326081,-0.019163117,-0.71738195,-0.54985964,0.079855219,-0.99800903,-0.20006128,-0.089230627,0.15030961,0.44603017,-0.4957937,-1.3142803,0.23577809,0.45998737,0.79043508,-0.099986382,0.48869297,0.36404082,0.081720904,-0.38128412,-0.29889673,0.22223817,-0.41826424,-0.23759165,0.24728362,-0.17303537,-0.71908933,0.039007053,-0.43410757,-0.59043008,0.32846189,-0.4035542,-0.064338312,-0.80072355,0.71982008,0.68816149,0.12636487,0.11708507,-1.6814432,0.53693753,-0.023203339,-0.048716806,-0.003131785,-0.4899382,0.013093866,-0.13232853,-0.63226348,1.0174538,-0.66041356,0.092162028,0.22879903,-1.5379496,-0.18974417,0.29108191,-0.10371472,-0.46796641,-0.91073161,0.43120319,0.021656603,0.12867761,0.82293493,-0.76456273,-0.14579591,0.043166894,0.083477683,0.20237936,0.42105895,0.20347266,-0.18585461,-1.1584108,-1.6292956,-0.81751698,0.26473513,0.78246313,0.59685969,-0.35693333,-0.34868506,0.10081889,1.5231293,-0.080152728,0.11195496,-0.28250831,-0.2154188,0.99153149,0.13119808,0.21530074,0.98142308,-0.13483863,-2.4310496,-0.11919034,0.45199162,0.068002596,-0.061417066,-0.60293031,0.12265915,-1.4931687,0.12249704,-1.0698147,0.5736075,0.063055374,-0.81106454,-0.08324153,0.005119458,0.56058693,-0.1989602,-0.019363433,-2.3822062,0.2405684,-0.56866801,-0.11768097,-0.16046062,0.086774424,0.61822981,0.15005401,-0.24701449,0.62789488,-1.3000139,-0.85359973,-0.20658544,0.46484342,-0.46665275,0.16409473,0.17341129,0.35125899,0.042740129,0.40348333,0.50399095,0.78399992,-0.9566347,-0.41468483,0.5730139,0.11436735,0.27331975,-0.072688773,-0.23776899,-1.3244901,-0.4243134,0.086041622,-0.53684783,0.40342501,1.0308944,0.39716172,-0.5307132,0.1236864,-0.39137262,0.71907389,0.27581474,-0.42856717,0.078222714,1.6785374,0.1385006,0.16935034,-0.81876075,-0.22099221,-1.8900386,1.0728106,-1.2618285,-0.22037201,-0.000883043,-1.3223464,-0.19394921,0.22108236,-0.068761945,0.70888978,0.32001066,0.31660169,-1.837726,0.92273736,0.059054498,1.128943,0.030273562,-1.170687,-0.012875766,-0.90371132,0.62259489,0.48235607,-0.83197701,0.30182332,-1.5952659,-1.4723368,-1.3526469,-0.39318842,0.4686293,0.27258807,0.17743345,-0.94540471,0.59601372,-1.0921688,0.011228189,0.41600758,-1.0208621,0.008026306,0.0407295,0.57650489,0.31611314,0.30328709,-0.086557835,0.43751538,0.030636363,0.77948391,-0.051869616,-0.097939283,-0.61805606,0.29412469,1.0509639,-0.62316489,0.6144188,0.45246914,0.61822784,-0.58031648,0.46845183,0.26824573,-0.87769037,-0.57095075,0.033221304,0.074047357,0.16999848,0.7112875,-0.21434452,-0.53200322,-0.59060621,-0.011616854,0.49998501,-0.210749,0.18101445,-0.3463659,0.14983115,0.96895349,-1.0897411,0.133246,0.23716909,-0.56701738,-0.071939915,-0.001216888,-1.2538213,-1.9578296,-0.036417276,0.50967675,0.081029907,-0.10246599,0.76565367,0.14902905,0.38827407,0.18879619,-0.24360526,-0.48078129,0.11484584,0.079552814,-0.059904553,-0.37549651,0.21033418,0.10366491,1.1557168,-1.5707282,-0.11722344,1.5186877,1.567997,0.26727748,-1.4836884,-0.17774428,-0.41344425,-0.2263267,-0.003248921,0.44070119,0.82593244,0.61067176,0.49401227,0.2512016,0.18830001,0.700432,0.76014638,0.84405917,-0.91227329,0.11599639,0.27318847,0.1318565,-0.37395954,-0.18711837,-1.6611331,0.26844358,0.016964633,-0.40608904,-0.15303919,0.25697401,0.10884146,-0.69001222,0.20398125,-0.34968233,0.005356431,-0.11752119,0.33053032,0.94202787,0.2113778,-0.0131357,0.62277478,-0.029145338,-0.003092978,-0.9060387,0.36394948,-0.75048125,0.048528969,0.77672935,-0.97151673,-0.45406726,0.46955788,0.32230511,-0.62108386,-1.1867642,0.48098624,-0.60779315,0.12385993,-1.7682556,0.32531276,-0.2358745,-0.41325545,-0.48224443,0.95686269,0.461355,-1.7835345,-1.0438033,-0.37187916,-0.009802412,0.31211156,-0.015135624,0.15306167,0.34620389,0.16112266,-0.092474356,0.23187953,0.35777366,0.32575589,0.038525477,0.090598881,0.1113869,-1.3528295,-0.007342117,0.30143803,-0.028384883,0.25437123,0.69640559,0.91951525,-0.45452416,-0.84537977,-0.41433287,-0.21089929,-2.0715437,0.41303617,0.29225942,0.41836587,-0.64825755,-1.3007659,0.32156879,-0.68694746,0.15266588,0.000190496,-0.084398888,0.63123745,0.079629228,0.29595053,0.38285989,-0.012552042,-0.18723835,-0.27384901,-2.2288172,-0.74926966,-0.83430266,-0.049696684,-0.83322996,0.2604174,-0.14319474,-0.26512253,-0.003534724,2
0.55798644,0.33125401,0.2780616,0.52953184,0.527758,0.5371995,0.53005219,0.52244198,0.52535844,0.53456628,0.52617443,0.53009534,0.53095031,0.52065462,0.53852516,0.51565826,0.52378321,0.53461897,0.52976072,0.51320302,0.52023506,0.51505077,0.51596999,0.50826538,0.52156144,0.50259328,0.52057028,0.50547755,0.50895506,0.51803732,0.50103343,0.52070194,0.50164747,0.51366329,0.51167703,0.48641342,0.49114072,0.50659555,0.49046522,0.49283087,-1.0200855,0.27886504,0.28105193,0.35431671,1.2604847,1.6124736,1.1741402,0.60389531,0.71900916,1.5307331,1.3181974,1.0917667,0.30228817,-0.19674268,-0.35584545,-0.45338076,0.51172328,0.29549956,0.34133893,0.22561502,-0.96484792,0.06606409,-0.63475955,0.40372413,-0.88007331,-0.22702836,-0.15227,0.58929574,0.15485543,1.2458098,-0.18167594,0.17462721,-1.0661889,-0.26789781,0.010097781,0.76328593,-1.1184753,0.44825709,0.16066244,-0.89415687,-0.15944767,-1.0550814,-0.51551396,0.28033245,0.67413908,0.62660921,-0.10032479,-1.6182818,0.73977369,0.094992273,-1.0309113,0.69240057,0.001209833,0.069298208,0.54185206,0.028291985,0.24606633,-0.29731041,0.018628722,0.4989765,-0.69669813,-0.97881937,0.032548252,0.46594366,-0.33249322,0.1990954,0.00156188,-0.18698758,0.016844824,-0.32475156,0.43083602,0.62927151,-0.18196939,-0.20222645,-0.027662128,0.038718015,0.34746772,-0.97187722,0.29577804,-0.98546791,-0.36569822,-1.6884236,-0.8341983,-0.095375888,-0.40955555,0.33253586,-0.3596541,0.049126253,-0.072073624,-0.13235117,-0.67804599,-0.6161927,0.49194863,-0.93951827,-0.1063326,-0.051880643,0.091119438,0.38649029,-0.41544414,-1.4081879,0.81063509,0.4286088,0.75333691,-0.1302717,0.54112685,0.27213344,0.061129827,-0.10757434,-0.11568475,0.21823235,-0.67369866,0.010351852,0.30398571,-0.23660032,-0.79038227,0.0198825,-0.53478682,-0.42429739,0.30238801,-0.3133696,0.000294125,-0.8416146,0.70045757,0.93789268,0.14372714,0.11106725,-1.5925872,0.60654217,-0.00842404,-0.14275938,-0.048196469,-0.50250614,0.056030884,-0.14294194,-0.65897602,0.94786036,-0.63512707,0.10009329,0.39815027,-1.2386175,-0.21265805,0.1672899,-0.037174366,-0.46714371,-0.7771619,0.41523737,-0.027042776,0.382819,0.85175741,-0.67428839,-0.17125534,0.046028141,0.014037848,0.33121127,0.29094881,0.14783171,-0.16598555,-1.1281338,-1.6590741,-0.7313236,0.2715728,0.4630174,0.37736547,-0.35407633,-0.32682675,0.060654126,0.98431695,-0.18395624,0.11073883,-0.27430943,-0.20708162,0.86514413,0.095681414,0.23479468,0.73230606,-0.049261421,-2.0217421,-0.053165674,0.61721241,-0.011093742,-0.15860572,-0.57223088,0.15473033,-1.4364942,0.155976,-1.0802426,0.12397119,0.22548777,-0.77179098,0.000263173,0.17817596,0.3576889,-0.20692234,-0.19196641,-2.3576305,0.24345452,-0.46124002,-0.058191534,0.011480078,0.15808192,0.44057187,0.14851648,-0.20512381,0.43264621,-1.3474643,-0.75887322,-0.39672092,0.28561604,-0.39548376,0.12398316,0.15442221,0.3993606,-0.017112397,0.37287033,0.35512996,0.73117626,-0.86353636,-0.38870901,0.61223006,-0.013963751,0.25880912,-0.060113732,-0.20148273,-1.2113886,-0.39428207,0.072449975,-0.51268566,0.59222561,1.1432313,0.36346084,-0.48346126,0.17405975,-0.41083446,0.65326583,0.69115174,-0.3675257,0.042042203,1.5541205,0.15032308,0.11848498,-0.76956159,-0.19790126,-1.866726,0.8344149,-1.1265234,-0.24127865,-0.20616204,-1.1112341,-0.27799955,0.10027803,-0.073457032,0.87680912,0.42419821,0.19297096,-1.8252339,0.75001729,0.16110446,1.1454473,0.14034908,-1.0963669,-0.012913957,-0.91286409,0.45525825,0.38865393,-0.78010613,0.39219746,-1.5040524,-1.4602892,-1.317521,-0.30039513,0.55263472,0.35807669,0.23951879,-0.86087108,0.65657181,-1.04211,-0.11746758,0.31025183,-0.93088055,-0.11730388,0.023563731,0.5952071,0.18507695,0.31558695,-0.078999043,0.431279,0.025971375,0.31392568,0.024215274,-0.1241105,-0.56087798,0.33457991,1.0111098,-0.4378148,0.51792783,0.47919348,0.48617747,-0.68030035,0.64426386,0.22345988,-0.78736269,-0.57106423,0.039983317,0.071145676,0.16080102,0.74437511,-0.21308082,-0.47335953,-0.53286135,-0.058216237,0.62964165,-0.19880919,0.16685654,-0.33605427,0.12058864,1.0896612,-0.96775937,0.11414099,0.275879,-0.56025481,-0.07219404,0.067941934,-1.1537867,-1.7777066,-0.35259837,0.55942649,0.027208969,-0.16840018,0.69325709,0.13577485,0.4263491,0.22722322,-0.11610587,-0.42943805,0.16369474,0.065611504,-0.093319841,-0.29749513,0.18319069,0.12099176,1.1449571,-1.5467306,-0.11481696,1.377131,1.5625095,0.44585559,-1.30212,-0.17177278,-0.46387655,-0.17196563,0.005192287,0.28159016,0.75613689,0.64662385,0.49511969,0.21093231,0.16694584,0.71017319,0.69658238,0.96014637,-0.85710013,0.29990128,0.23225589,0.1021871,-0.37655154,-0.14015305,-1.4765735,0.29020482,0.021574179,-0.35801518,-0.21939407,0.67168039,0.17322703,-0.39338529,0.1692062,-0.24879567,0.35581625,-0.064044215,0.61538857,1.0152856,0.3416416,-0.022071272,0.57192242,-0.01610335,0.24119397,-0.92143983,0.2806617,-0.69340509,0.011440054,0.67366755,-0.93860173,-0.42611429,0.40243608,0.37356329,-0.55090368,-1.1395491,0.50971067,-0.67093396,-0.007251306,-1.6484377,0.29576567,-0.25315458,-0.59302926,-0.37281677,0.90011966,0.40861529,-1.7192376,-1.0631765,-0.38592553,-0.012443136,0.28309688,-0.090738624,0.051628634,0.40652531,0.20415647,-0.15533991,0.25956249,0.32001618,0.3301096,-0.053158917,8.17E-05,0.27196109,-1.4425548,0.01553202,0.27352512,0.036404256,0.24582028,0.60905385,0.87353629,-0.32145143,-0.81936204,-0.36754218,0.3295182,-1.9203331,0.34293568,0.25684863,0.3876228,-0.65853548,-1.0830693,0.23199087,-0.61579692,0.015633434,0.010824531,-0.052818239,0.46837407,0.065521143,0.31744125,0.32884756,-0.013238996,-0.14298196,-0.29890317,-2.1099684,-0.65201902,-0.78494537,0.027705796,-0.73484629,0.14546788,-0.14622933,-0.30583888,0.026928723,2
0.59757388,0.35703519,0.30169949,0.57215679,0.56757921,0.57719707,0.56785953,0.56403995,0.56891119,0.57023656,0.56603974,0.57267249,0.56665182,0.55688524,0.58538973,0.56221712,0.57438761,0.59064507,0.57501239,0.56319618,0.55432063,0.56405908,0.55757892,0.56106675,0.56352687,0.55352271,0.56346452,0.55093861,0.5597927,0.56381041,0.55671108,0.56097299,0.55428165,0.55164027,0.5581255,0.54277915,0.54498094,0.55705702,0.53928304,0.54960871,-0.98368621,0.29379129,0.4862572,0.51753151,1.4788585,1.7294242,1.4121225,0.83094198,0.95284367,1.7665433,1.5364228,1.3202438,0.29234055,-0.2011411,-0.31352967,-0.45568466,0.57993251,0.30926442,0.35588795,0.25931871,-0.66774744,0.003884566,-0.6856069,0.27471936,-0.80532002,-0.17843193,-0.23295498,0.57779688,0.11245161,1.4632022,-0.18259516,0.16255829,-1.169572,-0.30606622,-0.066692643,0.84996653,-1.102566,0.47342885,0.16049495,-0.96524692,-0.18166885,-1.2860421,-0.57392281,0.51515579,0.78548056,0.6359809,-0.052806683,-1.8059767,0.82470322,0.10080534,-1.1466581,0.72985458,0.040285364,0.18874776,0.52277625,-0.093267471,0.31224132,-0.38768226,-0.06779892,0.55743128,-0.55988318,-1.0547724,0.037129451,0.55106777,-0.34483415,0.3541435,0.036860488,-0.30786967,0.002844676,-0.33184746,0.4831436,0.69251078,-0.22251208,-0.37211293,-0.23630124,0.08277525,0.56940532,-1.047053,0.34855211,-0.97596574,-0.38713872,-1.819088,-0.89608276,-0.084146574,-0.56291372,0.22482057,-0.42213222,0.15359244,-0.12507239,-0.15939231,-0.79921621,-0.60053349,0.39972401,-1.0823458,-0.22347453,-0.086986199,0.073749915,0.14259204,-0.47306299,-1.6064668,0.60674399,0.47142398,0.82099789,-0.12960698,0.53760028,0.26417211,0.079376459,-0.25248855,-0.22671603,0.41723192,-0.45849496,-0.040382788,0.30789697,-0.32416844,-0.72797555,0.050867654,-0.52187151,-0.46572566,0.34509924,-0.31493151,-0.054372042,-0.76861048,0.73844558,0.72998297,0.18222378,0.13108766,-1.8739645,0.62833089,0.029570632,-0.13689652,-0.053794056,-0.57135129,-0.055408329,-0.1813959,-0.73337972,1.0661602,-0.83181858,0.12392342,0.40900803,-1.6246793,-0.16676924,0.26927245,-0.079543665,-0.47251517,-0.98750675,0.43664116,0.040529907,0.30761987,0.79101467,-0.73831809,-0.16453376,0.04889445,0.16852194,0.23637721,0.34066075,0.18650581,-0.051822912,-1.3029912,-1.7901809,-0.70746726,0.2620281,0.66100192,0.40308172,-0.43330583,-0.32863691,0.060179994,1.3139194,-0.14877009,0.16473797,-0.23778696,-0.26326379,1.076221,0.12270744,0.23625258,1.3895854,-0.1071313,-2.3814166,-0.067961209,0.49394071,-0.001036023,-0.22330868,-0.80153286,0.081840813,-1.5349095,0.20150679,-1.0305305,0.3248046,0.15262505,-0.90373182,-0.010582391,0.23455057,0.53918982,-0.1969606,-0.2540783,-2.610513,0.331249,-0.57244277,-0.057492331,-0.11732282,0.20997447,0.56704748,0.21872529,-0.14764833,0.75170201,-1.5186458,-0.9091152,-0.32166982,0.57537413,-0.39188108,0.14605808,0.16045307,0.38558275,-0.015678894,0.45680296,0.506432,0.65384042,-0.94017446,-0.39094746,0.65739512,-0.2064136,0.21185553,-0.075193375,-0.34403259,-1.3587267,-0.46821296,0.080645002,-0.49240756,0.53179216,1.1183091,0.40651608,-0.47982568,0.16380569,-0.4046874,0.53884828,0.50965309,-0.41766715,0.056647927,1.5696487,0.22660984,0.082558833,-0.98714781,-0.22789443,-1.9874966,1.0704787,-1.3733597,-0.17098123,-0.18202196,-1.2810205,-0.22472009,0.11713078,0.22135694,0.91586959,0.25928095,0.46887687,-1.9581342,0.92770195,0.18366647,1.2117801,-0.068405397,-1.2289276,0.031411111,-0.97895873,0.63058549,0.39770952,-0.74822921,0.35197276,-1.7349246,-1.6055294,-1.4593662,-0.34476772,0.4845928,0.59594572,0.22525084,-0.9612897,0.7712636,-1.1382862,-0.096460074,0.3468523,-1.1691678,-0.035241984,-0.009800447,0.52997005,-7.85E-05,0.36581385,-0.13518602,0.44974643,0.020659922,0.75776869,0.000935286,-0.10977037,-0.64342338,0.37336281,1.0305452,-0.637959,0.69470817,0.50257552,0.51465416,-0.7376352,0.69626582,0.32116705,-0.97721839,-0.68862188,0.036537331,0.12133899,0.13676913,0.7411322,-0.30337268,-0.47247142,-0.54536998,-0.045743227,0.536744,-0.25962704,0.12305244,-0.36337003,0.13060746,1.067547,-1.0062337,0.14609495,0.39326221,-0.56055063,-0.055035569,-0.040532559,-1.4372599,-2.1315317,-0.18992218,0.57105303,0.035091817,-0.21165672,0.74717724,0.20189604,0.45687738,0.24977483,-0.093750268,-0.48728946,0.17708702,0.10762983,-0.064742953,-0.22927895,0.20520554,0.18639542,1.207244,-1.6692947,-0.12765393,1.5121276,1.604576,0.63048756,-1.4503919,-0.28361106,-0.4394787,-0.26736256,0.041812297,0.35280913,0.89511788,0.64172482,0.35585877,0.22251913,0.20467898,1.1412714,0.75771451,1.0483451,-0.97473454,0.32355121,0.22116248,0.206341,-0.41619483,-0.18078785,-1.6186064,0.32267338,0.020789582,-0.38337758,-0.21634382,0.39222509,0.13447647,-0.64410603,0.23301524,-0.29664907,0.3307696,-0.090579793,0.49097311,1.1192499,0.45274937,-0.001066972,0.62455231,0.1483295,0.025116894,-0.98887712,0.34422356,-0.77215266,0.06441842,0.71838206,-0.85486656,-0.58634275,0.5389269,0.39537862,-0.54237562,-1.1821191,0.66511047,-0.58546996,-0.04999534,-1.7920699,0.2769472,-0.28629261,-0.62401414,-0.5073365,0.97206986,0.45214,-1.8352216,-1.1767993,-0.46812588,-0.018643588,0.3917616,-0.073826782,0.020937713,0.37368873,0.24975665,-0.14921032,0.30186099,0.30689076,0.31066746,0.1014982,-0.1278494,0.17977549,-1.5074077,-0.006871048,0.41924331,0.038064137,0.27857274,0.65982509,1.2038795,-0.36314923,-0.83723164,-0.37626487,0.26527083,-2.0717173,0.32553735,0.36128724,0.41538984,-0.72451818,-1.3037069,0.3036707,-0.58440679,0.1009814,-0.086585477,-0.021596566,0.5279538,0.082448445,0.3300854,0.42117673,0.014357835,-0.030353434,-0.39299083,-2.2474363,-0.81090099,-0.8401897,-0.007193539,-0.84734595,0.1892844,-0.15106963,-0.31165034,0.049279984,2
0.70375991,0.42084178,0.36717921,0.66065502,0.65764129,0.67465162,0.64267796,0.64369571,0.66285849,0.65746081,0.65691328,0.64219964,0.65077239,0.62051481,0.64753306,0.63799661,0.64009273,0.66274405,0.66770732,0.63728797,0.64057297,0.64883155,0.64705694,0.6388514,0.65254247,0.64430952,0.6601299,0.64873779,0.64642739,0.63908648,0.64238816,0.64292789,0.63184798,0.63516259,0.6581291,0.59853762,0.62090468,0.63781345,0.61465907,0.63322294,-0.98005503,0.32287651,0.53530669,0.55867213,1.4443514,1.7773571,1.440323,0.84810191,0.97540313,1.7744089,1.5417188,1.3347337,0.32071084,-0.21946427,-0.41281289,-0.37559724,0.61878943,0.35995206,0.35941136,0.29731649,-0.98566401,0.051275041,-0.59373134,0.28059337,-1.0134882,0.034153491,-0.25014123,0.70926934,0.3378554,1.3410523,-0.1593117,0.21736698,-1.1949821,-0.26524007,-0.046142019,0.95842916,-1.2397674,0.56831992,0.23412393,-0.93486989,-0.050178871,-1.0157363,-0.5037871,0.39609033,0.83708316,0.78807712,0.039128177,-1.6433628,0.71356726,0.14807445,-0.99429756,0.8799597,0.091747314,0.10567483,0.52133572,0.006159917,0.35697052,-0.46692365,0.015103372,0.55811256,-0.67861336,-1.1327271,0.056154191,0.60816884,-0.33205977,0.2913309,0.024471384,-0.15229325,-0.14241518,-0.35988733,0.37453759,0.70683748,-0.19773008,-0.38676986,-0.17993167,0.42044491,0.31283569,-1.0825809,0.39553326,-1.1896158,-0.37728867,-1.8313738,-0.99310744,-0.12460549,-0.49337104,0.20135471,-0.44498062,0.12974165,-0.14534061,-0.12554067,-0.86853856,-0.5451858,-0.070364416,-1.0613537,-0.17029478,-0.099491656,-0.014910743,0.39084768,-0.40715179,-1.7021414,0.26574978,0.50212055,0.85650021,-0.24393612,0.5973115,0.33755627,0.090856314,-0.43232423,-0.29299453,0.260032,-0.51583183,-0.21142837,0.34505087,-0.29326895,-0.70296413,0.086328484,-0.56942904,-0.58917344,0.35399771,-0.44468603,-0.005671434,-0.7333408,0.84530962,0.70454544,0.076780692,0.0458702,-1.8780068,0.58955622,-0.055981629,-0.1485507,-0.039045673,-0.56687343,0.067907721,-0.10653086,-0.69005013,1.1189481,-0.70974445,0.16615933,0.39003676,-1.9186584,-0.15759017,0.32595643,-0.14969152,-0.44640094,-1.1316731,0.41392875,0.089653447,0.52898127,0.79759818,-0.82205284,-0.24387892,0.10495883,0.046967022,0.1170731,0.20296672,0.13063776,-0.19256398,-1.3677417,-1.7928123,-0.72183502,0.29072049,0.78904617,0.55622351,-0.40192461,-0.37645382,0.10747384,1.4951388,-0.20692769,0.1157783,-0.27795291,-0.33390123,1.0119971,0.15290797,0.28570503,1.2026006,-0.07531742,-2.4026022,-0.079930261,0.44268423,0.053062782,-0.16729027,-0.851578,0.097591192,-1.5810962,0.22221762,-1.2265809,0.4809548,0.082103193,-0.93390667,-0.000494234,0.11413248,0.58449179,-0.14535308,-0.30511591,-2.7535925,0.27822521,-0.6683799,-0.034234401,-0.1663869,0.075426534,0.65913296,0.12315952,-0.16165088,0.6361286,-1.614918,-0.89250553,-0.32180017,0.3354739,-0.49083295,0.035560414,0.1892591,0.37712991,-0.00513066,0.48885581,0.39722496,0.82496631,-0.95739686,-0.42038369,0.53523612,-0.13115573,0.20946895,-0.12247446,-0.15560859,-1.2621064,-0.45153141,0.086696833,-0.44445753,0.60415608,0.99097633,0.3827287,-0.47403336,0.10680557,-0.40585792,0.76298916,0.42968974,-0.42211768,0.021321204,1.8502989,0.07052657,0.1103249,-1.1012295,-0.22663414,-2.0686784,1.0705199,-1.322227,-0.38859624,-0.059257381,-1.5015647,-0.34043297,0.24727815,0.085304007,0.80402076,0.59239954,0.28823173,-1.9849735,1.040509,0.1238891,1.1441563,0.1046595,-1.2107639,-0.007170558,-1.0120873,0.58757061,0.5454461,-0.87248093,0.29955873,-1.8901722,-1.5402544,-1.3713957,-0.33746409,0.61400419,0.41210026,0.26095295,-1.055841,0.73010451,-1.1873162,-0.016750261,0.29793799,-1.1740395,-0.076737985,-0.000208166,0.55807519,0.024184786,0.34556758,-0.037770614,0.54398561,0.069788225,0.80345821,0.008670434,-0.1101881,-0.76793718,0.4100512,1.0917317,-0.59268123,0.6802454,0.56980044,0.4936724,-0.69495749,0.44844827,0.30918723,-0.93174714,-0.62083364,0.09752325,0.076567054,0.16197203,0.73345309,-0.18253633,-0.55558729,-0.60169846,-0.014827301,0.56107593,-0.20045932,0.13625652,-0.34732413,0.16075042,1.0155642,-1.2083315,0.14873612,0.28592563,-0.55937856,-0.042501152,-0.094525784,-1.230158,-2.041409,-0.13538598,0.58845758,0.15273279,-0.21994895,0.78227931,0.25527522,0.46829829,0.25998181,-0.29176944,-0.53651607,0.22048342,0.053010564,-0.16944641,-0.5061577,0.27245048,0.19254541,1.3055018,-1.7154121,-0.029564947,1.6202538,1.6533012,0.43995163,-1.3950671,-0.32819256,-0.50577903,-0.18919894,-0.02362486,0.40285018,0.84184688,0.54375356,0.70121992,0.13195166,0.25061661,0.81438363,0.70868134,0.98348927,-1.001268,0.40396383,0.20554204,0.065261871,-0.40825632,-0.21904247,-1.5757366,0.34289259,0.013568141,-0.44371974,-0.093524709,0.22810918,0.14127581,-0.35407475,0.28492478,-0.31789309,0.267443,-0.23736081,0.32250553,1.0771425,0.36133933,0.027725313,0.61531425,1.2654285,-0.18017277,-1.0204538,0.35406071,-0.70090437,0.007595584,0.75341165,-1.01366,-0.48183566,0.49441761,0.34478578,-0.63828027,-1.2560105,0.59906286,-0.72132945,0.12385623,-1.6774619,0.34486729,-0.2156907,-0.666731,-0.55292833,1.0710406,0.46182531,-2.0027356,-1.2008533,-0.42120779,0.032973412,0.30501974,-0.026923157,0.081376627,0.36103573,0.26585579,-0.16280007,0.29193401,0.32876718,0.41209641,0.029044479,-0.17329402,0.29249942,-1.4605184,0.041765139,0.35825604,0.054377876,0.28316015,0.78310406,1.1985352,-0.4012534,-0.8587634,-0.46265942,-0.050160017,-1.9569955,0.44334537,0.36826617,0.4019469,-0.79912782,-1.5746703,0.34822139,-0.65832126,0.44953644,-0.0094736,-0.087179564,0.67326385,0.12826785,0.35380042,0.40415901,-0.002798715,-0.18308404,-0.35124701,-2.299298,-0.81476152,-0.91609001,-0.003075291,-1.0093058,0.17666616,-0.17868252,-0.26594794,0.024892943,2
0.60120988,0.34078774,0.2592788,0.5673272,0.56411618,0.6001575,0.54848266,0.54295635,0.57246727,0.57297683,0.55670083,0.53714371,0.54596049,0.50874132,0.53969133,0.536282,0.51946729,0.58070767,0.5830456,0.51873308,0.53255284,0.5583933,0.54726446,0.53512353,0.55799294,0.5557453,0.58106607,0.56143004,0.54843706,0.55153912,0.54867077,0.53149307,0.53172868,0.52922577,0.55347586,0.48612654,0.52281326,0.52989817,0.50529546,0.54277027,-0.97844684,0.18341827,0.45226556,0.46522707,1.3635459,1.695745,1.3372959,0.76778632,0.89408618,1.6899344,1.4620267,1.2527732,0.3073681,-0.2345316,-0.3555952,-0.37114304,0.55442947,0.32111406,0.33659333,0.26918852,-0.7921744,-0.017122366,-0.80507517,0.31088707,-0.81659204,0.10821219,-0.16676246,0.72718143,0.15969226,1.4327101,-0.11572272,0.19410659,-1.1444427,-0.26355162,-0.040787585,0.77859545,-1.1057746,0.48892602,0.19226311,-0.86998403,-0.16845727,-1.2287849,-0.55762392,0.36364222,0.78453225,0.60805041,-0.019346384,-1.7332623,0.92072439,0.11664273,-1.0220175,0.61385375,0.000297502,0.090053789,0.62940633,0.026369795,0.27064937,-0.41259819,-0.019692859,0.59049219,-0.35011396,-1.0622296,0.082167491,0.31287259,-0.22312084,0.16408169,0.11921742,-0.29945567,-0.013480008,-0.2958504,0.41684318,0.74363744,-0.18810338,-0.28812397,-0.24201721,-0.28465751,0.57260829,-1.0276614,0.27453601,-1.0191631,-0.475171,-1.8643932,-0.84808642,-0.059255689,-0.53716058,0.20278257,-0.38203901,0.13489959,-0.056922138,-0.1342676,-0.80481303,-0.43384874,0.005983092,-0.95270205,-0.26904219,-0.045078129,0.084316924,0.19662997,-0.49107039,-1.5076239,0.72199917,0.50621754,0.77374721,-0.19883418,0.52391863,0.39229697,0.1095635,-0.25345421,-0.21369559,0.29450276,-0.60968399,0.023725584,0.33037695,-0.29640964,-0.69813359,-0.000476927,-0.4618592,-0.60879213,0.31027079,-0.36354151,0.004849184,-0.85226595,0.72270572,0.62242687,0.097040147,0.11259712,-1.7650844,0.56081384,0.028225064,-0.13139237,-0.020958021,-0.5650633,0.025262773,-0.15805134,-0.72128636,0.99618208,-0.54324311,0.13675646,0.47088704,-1.6091229,-0.12612613,0.24566606,-0.10773255,-0.59523958,-1.0077257,0.38288772,0.0100362,0.24179526,0.75983238,-0.82499874,-0.25494087,0.062238745,0.16293454,0.1632437,0.29176033,0.047902241,-0.04725045,-1.1907072,-1.6206827,-0.69523013,0.27448046,0.36648059,0.19761103,-0.40041867,-0.19132583,0.05920057,1.384711,-0.020158119,0.21581565,-0.1981056,-0.23925339,0.8563031,0.16642737,0.28350121,1.3353145,-0.163699,-2.3623621,-0.094036549,0.69637179,0.056521308,-0.066122875,-0.79671353,0.050407685,-1.4398402,0.13952057,-1.215638,0.18198875,0.12654181,-0.84392464,0.007973746,0.15095365,0.49415565,-0.025530323,-0.56347615,-2.3839176,0.13624167,-0.71743697,-0.021727748,0.050436392,0.16479464,0.48502281,0.16236208,-0.19623701,0.27496913,-1.371992,-0.83426172,-0.23920311,0.56333172,-0.3342171,-0.06425643,0.12817061,0.42116988,-0.016492296,0.53561956,0.3522867,0.71321929,-0.84654272,-0.39279437,0.64963257,0.004295103,0.07165131,-0.13123973,-0.28501344,-1.2947557,-0.5751884,0.12710483,-0.54981834,0.56694126,1.1482621,0.41073427,-0.48641866,0.1026378,-0.49039906,0.57856739,0.53577197,-0.36037242,0.086187385,1.2535149,0.21955024,0.15882987,-0.72548246,-0.2714563,-1.7450897,0.91558146,-1.4548647,-0.15735888,-0.14334816,-1.3664312,-0.49386984,0.08907485,0.1490424,0.7018916,0.68851727,-0.013281912,-1.7793136,0.81530827,0.016515955,1.286279,0.067878187,-1.4198432,-0.10603949,-0.83436269,0.4307971,0.4388957,-0.76984072,0.31723663,-1.6385978,-1.4514312,-1.4769205,-0.4171564,0.44078028,0.73080134,0.24348801,-0.8284471,0.79608184,-1.0373131,-0.20122296,0.31506342,-1.0466272,-0.1786533,0.11915404,0.33206618,0.19116747,0.34789994,-0.051241428,0.60429037,0.087166853,0.57022178,-0.069496937,-0.14687884,-0.54758102,0.36345971,0.93970996,-0.61918449,0.59878057,0.51111871,0.41418582,-0.65633887,0.82103837,-0.072111517,-0.98436105,-0.634727,0.071371488,0.18325761,-0.000302464,0.88149971,-0.30295599,-0.54119253,-0.60585403,0.015995005,0.62970513,-0.23211661,0.17086105,-0.30402181,0.11978671,1.1239407,-0.92363471,0.14034465,0.37409967,-0.40555441,-0.019727854,-0.045748234,-1.1941988,-1.8117079,-0.2426462,0.54668355,0.057507217,-0.059476614,0.83189613,0.050406635,0.4045015,0.18280128,-0.16210459,-0.5502106,0.20377457,0.21281031,-0.024359386,-0.4028011,0.24917178,0.092186324,1.2130941,-1.6067761,-0.068291947,1.0497739,1.8178513,0.43838239,-1.4499819,-0.3928732,-0.32706237,-0.26890972,0.095559761,0.36149004,0.75852132,0.27608997,0.33325723,0.26950276,0.22953942,1.1503718,0.68370938,1.1068742,-0.92045075,0.34251919,0.2293461,0.065743394,-0.35256842,-0.14575948,-1.4909533,0.33361095,0.040956229,-0.4430424,-0.15872078,0.45983416,0.22342008,-0.73298818,0.20837343,-0.20558669,0.45023566,-0.15858915,0.6796872,1.1010609,0.28332111,-0.034014538,0.57994306,-0.14104275,0.035978917,-0.90500814,0.35399741,-0.58104563,-0.000948638,0.65390003,-0.81401992,-0.44432822,0.4505417,0.35319811,-0.6346184,-1.2222829,0.66217381,-0.48717904,0.19927377,-1.68984,0.29776815,-0.2130097,-0.57514465,-0.41328922,1.0637623,0.45727974,-1.8296252,-1.1493546,-0.47869349,0.036420744,0.3334887,-0.2185041,0.11485317,0.46405056,0.21887027,-0.15921307,0.1597932,0.24006525,0.28839287,0.09639059,-0.15654671,0.61037302,-1.4906968,0.010290515,0.52341741,0.002622109,0.23729396,0.65861863,0.94323456,-0.34381652,-0.69719714,-0.33316362,0.17937627,-1.8857561,0.32443184,0.40323186,0.38384241,-0.79518139,-1.3989115,0.26849878,-0.69632542,-0.029321611,-0.074400738,-0.10241792,0.58484226,0.13440728,0.34357136,0.41259518,-0.005113652,-0.10448994,-0.41052973,-2.2446568,-0.795627,-0.8698436,-0.001546964,-0.78760463,0.15178278,0.010761276,-0.32818478,0.040937185,2
0.63707113,0.36553526,0.30824977,0.59744418,0.60301495,0.62794745,0.58443284,0.58088267,0.59558463,0.60681343,0.5850656,0.58283609,0.57388377,0.55240989,0.57176536,0.56726623,0.55532515,0.60835981,0.62339121,0.54646009,0.56884444,0.5793885,0.58513129,0.55857748,0.59092879,0.58113533,0.60914052,0.59884572,0.57659507,0.59432405,0.58566153,0.57491231,0.56662655,0.56129533,0.59358132,0.51888013,0.5484286,0.56636858,0.54395819,0.56588483,-1.1095779,0.25288427,0.46777058,0.51198721,1.3693285,1.7575109,1.3728619,0.78540176,0.89804858,1.7046609,1.4758246,1.2703881,0.38890892,-0.25149506,-0.38457173,-0.38232535,0.61362952,0.37750447,0.41818887,0.33615825,-1.0827038,-0.028690752,-0.77424371,0.35675606,-1.1631738,-0.051961601,-0.16547938,0.71090287,0.075480103,1.270593,-0.19990963,0.28504092,-1.208847,-0.17422068,-0.082691178,0.78576875,-1.3317318,0.58093822,0.26062152,-0.89043915,-0.089043774,-1.1473012,-0.50330698,0.38334903,0.78931993,0.73237503,0.005404841,-1.7675248,0.63333952,0.17167328,-1.0644522,0.87735569,0.032397982,0.097404838,0.428785,-0.079626054,0.11322095,-0.52018273,0.062019669,0.57916051,-0.46106157,-1.1189994,0.083089873,0.52613211,-0.30544749,0.14836805,0.13977896,-0.15755522,-0.13525511,-0.3219986,0.32630098,0.64293832,-0.15514392,-0.32463649,-0.091219395,0.21181148,0.36495155,-1.0120043,0.48493651,-1.1879908,-0.41556421,-1.9419566,-1.0153024,-0.15145333,-0.47696048,0.21503332,-0.3725785,0.077846408,-0.10985856,-0.12962525,-0.75128019,-0.46401036,-0.3274349,-1.0030358,-0.26869079,-0.09541636,0.10393887,0.39747611,-0.51133662,-1.5732884,0.19998057,0.51525557,0.85848117,-0.12633547,0.57258648,0.2882061,0.033527367,-0.54024535,-0.26470912,0.44931424,-0.68347955,-0.29951024,0.38510746,-0.36348692,-0.80791384,0.067620024,-0.57991421,-0.50808871,0.28996199,-0.530496,0.062998712,-0.83524239,0.71936762,0.67719257,-0.022358611,-0.00639993,-1.7752864,0.40895528,-0.10890923,-0.17846638,0.030989483,-0.58255202,-0.039623965,-0.12812161,-0.72507042,1.1020296,-0.53799844,0.15521248,0.44025409,-1.8169742,-0.10043165,0.26019612,-0.12059955,-0.48701203,-1.2205112,0.37908334,0.048137635,0.25476098,0.84774464,-0.86603272,-0.20551237,0.14488646,0.13346292,-0.1248868,0.534531,0.043738872,-0.4062598,-1.2864459,-1.645771,-0.78118992,0.35546339,0.59647262,0.3876805,-0.35433728,-0.44551736,0.095827676,1.6764593,-0.18756637,0.090907581,-0.27047181,-0.22958751,1.0914184,0.1875876,0.35568196,1.0445149,-0.1219407,-2.2604923,-0.15383285,0.52604049,0.061956402,-0.12052103,-0.90118039,0.16181064,-1.6854935,0.19087197,-1.4617047,0.59094381,0.023731766,-0.84801042,-0.047747076,0.2505731,0.65418917,-0.12455477,-0.34369114,-2.7075729,0.17113298,-0.54589128,0.053701617,-0.33814585,0.25459787,0.57325548,0.2126489,-0.19973813,0.36632073,-1.5937915,-0.79877901,-0.26359302,0.36055776,-0.40362176,0.051885463,0.27792343,0.41553825,-0.041061379,0.40891257,0.25037199,0.90398449,-0.89553094,-0.45028967,0.49811888,0.036767483,0.1702157,-0.24617244,-0.10424016,-1.2413853,-0.49579859,0.17940541,-0.42565459,0.59776163,0.99252892,0.38923037,-0.43770903,0.1518693,-0.44103962,0.8049891,0.51958102,-0.33600891,0.095350474,1.5258398,0.070896864,0.13381383,-0.93917829,-0.27802664,-1.976423,1.0343161,-1.453694,-0.43142182,0.10168633,-1.3670675,-0.42847824,0.2119551,0.25382978,0.70423853,0.38789409,0.32870764,-1.9911234,1.037532,0.26472735,1.1125277,0.030845748,-1.2878487,-0.073634341,-0.89629149,0.58338529,0.30244547,-0.90908802,0.29970554,-1.7867262,-1.3094563,-1.3925784,-0.28015402,0.50152683,0.39524215,0.29776263,-1.1505144,0.83452535,-1.1576238,-0.057728603,0.34836078,-1.1051271,-0.029911228,0.093544543,0.63594818,0.13208798,0.22942814,-0.13636142,0.62709188,0.1104671,0.59063387,0.020355761,-0.1220742,-0.75443137,0.44724119,1.0266192,-0.5898658,0.68944228,0.56881845,0.44849634,-0.70196325,0.67320812,0.13077432,-0.9971537,-0.55544811,0.085964315,0.10316186,0.095968768,0.86275172,-0.2485593,-0.60826349,-0.66330123,0.013394719,0.56959325,-0.1992905,0.095013037,-0.39319947,0.17195059,1.0624535,-1.3603293,0.12184564,0.27296096,-0.45312643,-0.1287865,-0.20876461,-1.2639276,-1.9907354,-0.02606459,0.59957278,0.031293273,-0.23583217,0.70603693,0.10310394,0.50232196,0.17599803,-0.28380519,-0.61237347,0.27416226,0.13005291,-0.12339243,-0.38717884,0.24064568,0.1511144,1.3010976,-1.6246973,-0.012573692,1.4619411,1.7603264,0.38931769,-1.3847485,-0.3821978,-0.54296148,-0.21813285,-0.026661605,0.40044528,0.9124521,0.60180205,0.70005876,0.15681425,0.23767334,0.7741279,0.75714153,1.1380627,-1.0030085,0.16093671,0.18017526,0.015288979,-0.39297247,-0.17485513,-1.625543,0.38224602,0.082592145,-0.33298206,-0.16771415,0.21849492,0.22309412,-0.75988376,0.253167,-0.2263571,0.10791707,-0.33398473,0.47076535,1.103847,0.37565839,-0.048784204,0.68497401,0.13786328,-0.20472313,-0.92514431,0.27840388,-0.60866076,0.018277019,0.81885409,-1.1544421,-0.42284089,0.32070017,0.34112954,-0.71955085,-1.3989108,0.63988048,-0.66811937,-0.032853648,-1.6861041,0.34158736,-0.22327116,-0.68532503,-0.49805796,1.1420286,0.44287193,-1.9453318,-1.1814308,-0.43528557,0.029641917,0.39875871,-0.10168385,0.062417712,0.41764757,0.33480278,-0.16721722,0.17715746,0.31165898,0.35290352,-0.015850626,0.055210829,0.21954165,-1.3813806,0.1828835,0.50149405,0.074994974,0.29610366,0.69246334,0.91125202,-0.36580768,-0.82999098,-0.44916087,-0.15495056,-1.8398089,0.48162508,0.17189552,0.43676275,-0.71732873,-1.4477327,0.20286208,-0.7020548,-0.007594317,-0.01462052,-0.14573392,0.61576021,0.16396934,0.37523091,0.3167606,-0.066066317,-0.20062497,-0.39732617,-2.2768543,-0.81423122,-1.1028972,0.070193253,-0.99085736,0.3491019,-0.14613166,-0.32074222,0.066169053,2
0.67213261,0.4293828,0.38991237,0.61524558,0.61544698,0.62140787,0.61785328,0.59946972,0.62465394,0.61507601,0.61855078,0.59854138,0.60882634,0.59728563,0.61086673,0.59717113,0.59684712,0.6299541,0.62343252,0.59460491,0.59875566,0.61250883,0.60676515,0.6094566,0.61407501,0.60185534,0.62761801,0.60203451,0.60936236,0.61417514,0.61456573,0.60270858,0.60277653,0.60733843,0.61964077,0.58746576,0.59151733,0.61205333,0.58726811,0.59983313,-0.89507043,0.36091834,0.56283665,0.54501516,1.4186761,1.754953,1.4773781,0.87026632,1.0055447,1.7919382,1.5406553,1.352079,0.41890305,-0.21673867,-0.28167915,-0.37311494,0.69450003,0.37921965,0.39759248,0.31488147,-0.81063181,0.01187348,-0.62199432,0.40563729,-0.70822012,-0.1078229,-0.20729429,0.58156699,0.061324686,1.5935414,-0.21864229,0.23851871,-1.2135695,-0.19786909,-0.039922759,0.98675376,-1.0584471,0.64854693,0.23884967,-0.9269942,-0.12653314,-1.146291,-0.65061998,0.32641023,0.96714932,0.64229465,-0.036910865,-1.7180798,0.7088936,0.12618938,-1.084358,0.81949699,0.045326032,0.22056672,0.45629993,-0.10848451,0.3997803,-0.37409019,0.073248342,0.58581865,-0.54803175,-1.1369315,0.043461785,0.54211938,-0.33078295,0.183697,0.010041147,-0.23906852,-0.015225515,-0.33432192,0.44860935,0.68357158,-0.19482893,-0.43378764,-0.20822915,0.18258719,0.44471833,-1.1017274,0.47374919,-1.0284666,-0.3761816,-1.7740364,-1.0052279,-0.071578883,-0.4455584,0.4213967,-0.46581706,0.053402238,-0.11496243,-0.1942443,-0.72407651,-0.55603391,0.077879906,-1.0770787,-0.13588983,-0.051721856,0.10723093,0.088493258,-0.45096096,-1.6704021,0.69629443,0.45384598,0.81768614,-0.16953269,0.44313377,0.25987893,0.003423229,-0.34476864,-0.30161712,0.34790838,-0.56137526,-0.20189436,0.4050951,-0.34090936,-0.73557377,-0.015456595,-0.58127815,-0.47786888,0.33183381,-0.28345695,0.053072441,-0.72142661,0.787099,0.57562596,0.27669397,-0.052109279,-1.7875808,0.70155627,0.021713674,-0.18287282,-0.059411038,-0.59477174,0.020489499,-0.19108173,-0.71140045,1.0688266,-0.85848713,0.15000813,0.36226279,-1.7196143,-0.084009051,0.23786367,-0.14737582,-0.46489707,-0.94336259,0.41561711,0.11238998,0.32481986,0.74537098,-0.74849671,-0.218355,0.055864021,-0.007902274,0.21018846,0.40302366,0.099843524,-0.16576108,-1.3233011,-1.7769506,-0.69926435,0.27216753,0.72361386,0.33146024,-0.37954563,-0.33058652,0.03945376,1.1643507,-0.024996128,0.1274768,-0.29942614,-0.24514362,1.1400349,0.1635593,0.29204273,1.0710843,-0.22849169,-2.3229938,-0.059022345,0.48174658,0.019289164,-0.13551465,-0.87737167,0.19265848,-1.589368,0.33181387,-1.11248,0.34741798,0.028613908,-0.89930803,0.045561697,0.044831872,0.45851204,-0.26368749,-0.16300981,-2.6374774,0.38350311,-0.59729141,-0.028389081,0.030399278,0.093066119,0.5725137,0.24032277,-0.23639956,0.64679354,-1.6210289,-0.84318739,-0.32702392,0.43494076,-0.4188005,0.19728893,0.18488096,0.39050907,-0.005160026,0.4902713,0.45281982,0.79995751,-0.84550565,-0.35917231,0.60990238,-0.11314912,0.24716963,-0.049589984,-0.34513944,-1.2864043,-0.40368557,0.0649909,-0.45479745,0.51584345,1.1673563,0.40427274,-0.45576191,0.20232424,-0.30619028,0.68968815,0.47425473,-0.39040229,0.0505579,1.5196437,0.081058994,0.12952335,-1.051909,-0.21046254,-1.9975255,1.0534917,-1.3357917,-0.19741258,-0.057580531,-1.5509448,-0.038892206,0.15297544,0.21120474,0.53664607,0.47118551,0.35265717,-1.9730585,0.87854207,0.044979297,1.2207826,-0.007155046,-1.1550512,-0.017284766,-0.88036948,0.64768064,0.31037524,-0.86693567,0.29565263,-1.8397164,-1.698552,-1.4016404,-0.44253865,0.44116661,0.56532246,0.28143412,-1.0634862,0.86473763,-1.1816167,-0.032880113,0.25680873,-1.223079,-0.027132571,0.040152051,0.45261931,0.025700726,0.34004432,-0.10761741,0.45848519,0.035033077,0.55938655,-0.003045842,-0.1533743,-0.82841957,0.4559688,1.0559148,-0.58966154,0.62316614,0.53618729,0.53160024,-0.74990463,0.67010045,0.45562053,-0.94419634,-0.76495421,0.080086775,0.10549049,0.14242409,0.81584537,-0.30226398,-0.51996446,-0.58607799,-0.022460625,0.455708,-0.22682045,0.069099538,-0.43630743,0.20980531,1.1098608,-1.1554199,0.10036404,0.29538989,-0.56954288,-0.088663414,-0.40547609,-1.3923446,-2.0244105,-0.27277893,0.7254945,0.046148062,-0.22986332,0.76315701,0.14935857,0.51314175,0.30242682,-0.26965582,-0.51806039,0.22169873,0.079277106,-0.12019254,-0.30263081,0.23486589,0.15564024,1.3450685,-1.6246947,-0.071584463,1.6521815,1.4855926,0.42731452,-1.3601527,-0.31272912,-0.57845294,-0.28697294,0.10074459,0.34165549,0.85997772,0.81512612,0.45647931,0.28856218,0.21198606,0.76651603,0.71869886,1.0649675,-0.90031159,0.2735464,0.20281395,0.18908498,-0.42333114,-0.21002437,-1.7980053,0.36113662,0.045738332,-0.3641519,-0.18296963,0.25499764,0.14414974,-0.64155096,0.24999486,-0.19675609,0.35947728,-0.20607647,0.61419642,1.0530198,0.29175717,-0.01514734,0.579014,-0.084493503,-0.002486594,-1.0273499,0.3199912,-0.70341158,0.18078673,0.82276869,-0.86575276,-0.3759805,0.41905442,0.36223805,-0.68222737,-1.0941129,0.66827273,-0.5495016,-0.014944382,-1.7110506,0.22902371,-0.20868443,-0.49032992,-0.47452301,1.0292414,0.41385722,-1.9406428,-1.2505649,-0.4504109,-0.002279589,0.32893738,-0.048771337,0.016039219,0.41158554,0.25646049,-0.17426741,0.26115194,0.33640116,0.35352755,-0.098325469,-0.094965182,0.20718598,-1.4263296,-0.00999668,0.38177142,0.040456366,0.21529421,0.65660185,0.99908918,-0.41790751,-0.79382533,-0.4276858,-0.17570215,-1.9782863,0.32392672,0.3826012,0.4205769,-0.75824463,-1.3997254,0.24894334,-0.59446931,0.091045916,-0.022956043,0.082334004,0.33756989,0.14478216,0.38804781,0.34482452,0.02960645,-0.25864902,-0.38148978,-2.2876234,-0.73822188,-0.98067129,0.07446079,-0.98676902,0.23246865,-0.16567878,-0.37876195,0.076250717,2
0.48518762,0.2365635,0.19643459,0.47812757,0.4682343,0.48341021,0.47276074,0.46196991,0.47512344,0.47204775,0.4705424,0.46380997,0.46460474,0.45988089,0.47978023,0.46511734,0.47716069,0.49362603,0.47114438,0.46450299,0.45525831,0.46035558,0.45184356,0.46203363,0.46378887,0.45326376,0.46386099,0.4510352,0.46287268,0.45775825,0.45332313,0.45253149,0.44902641,0.45389891,0.45676011,0.44262946,0.44248784,0.45707142,0.43523502,0.44527322,-0.76855755,0.18844289,0.1846382,0.30203107,1.2610536,1.5588557,1.091921,0.54291612,0.63841474,1.4827197,1.2877415,1.0289502,0.22371013,-0.18021497,-0.28831619,-0.36489916,0.4451625,0.23281015,0.27218321,0.18939182,-0.77307808,0.043770954,-0.60534358,0.26226544,-0.73951381,0.051026314,-0.1536539,0.49570498,-0.006854564,1.1583297,-0.16041997,0.11447148,-0.96924555,-0.28116518,-0.10878418,0.632568,-0.93002939,0.37612811,0.16247326,-0.77612722,-0.17464349,-1.0352277,-0.49207708,0.20392476,0.63062829,0.44731086,-0.09881866,-1.4851897,0.73750246,0.050208814,-0.95355761,0.6731354,0.00385461,-0.000957206,0.48166621,0.075145021,0.2525984,-0.26240334,0.010052056,0.50054216,-0.43018112,-0.89186364,-0.018996693,0.41733789,-0.20864005,0.20987108,-0.078435838,-0.17380279,-0.019563928,-0.23977852,0.24883844,0.44118163,-0.16458187,-0.28804865,-0.074135691,-0.004030258,0.36619106,-0.88510144,0.27241203,-0.95725578,-0.32023287,-1.515995,-0.71723306,-0.041528329,-0.47527102,0.28117698,-0.27832088,0.07685329,-0.095847242,-0.069108173,-0.64677411,-0.59805828,0.19401886,-0.82294995,-0.1516497,0.022499993,0.078766048,0.16007364,-0.35431978,-1.2296485,0.38300604,0.34501714,0.69174337,-0.10093115,0.40892369,0.27751464,0.10118304,-0.33303988,-0.18980584,0.25860259,-0.56842351,-0.018793821,0.2504822,-0.14702259,-0.59301591,0.10195733,-0.47209662,-0.27179796,0.24001506,-0.30483127,0.005973056,-0.68795252,0.66019648,0.73497772,0.24107905,0.076055035,-1.4189261,0.63322604,-0.018323269,-0.11504163,-0.03640331,-0.43870607,0.11483781,-0.10895078,-0.63248897,0.887995,-0.63014209,0.081966564,0.26984712,-1.2302158,-0.061452992,0.20685385,-0.052732699,-0.35895622,-0.70397907,0.40063608,0.04956302,0.067086309,0.61671835,-0.58238316,-0.14258237,0.023880564,0.06563814,0.2157717,0.18686593,0.1579784,-0.17103729,-1.0241823,-1.4881639,-0.59477633,0.2350896,0.78476918,0.39960173,-0.27461582,-0.23144129,0.071687333,0.77459389,0.086735845,0.13579348,-0.12888032,-0.19917537,0.84398711,0.089508012,0.18302186,0.56006885,-0.12841329,-1.9858999,-0.02871025,0.33166572,0.029128265,-0.10368022,-0.58649814,0.13233867,-1.1830738,0.12234278,-0.7967217,0.13329014,0.16143915,-0.73192489,0.038729906,0.08792761,0.22860877,-0.1289826,-0.02434817,-2.0827587,0.28333667,-0.56173396,-0.079955615,-0.071023665,0.12233496,0.39393348,0.15147837,-0.085323773,0.52042425,-1.2076433,-0.70658046,-0.29641521,0.29270843,-0.39295107,0.16677272,0.15790729,0.31396171,0.04981374,0.34872478,0.43411815,0.63933945,-0.74239123,-0.32885748,0.44657496,-0.20149136,0.18831703,-0.034530662,-0.25673202,-1.0777621,-0.37250182,0.05653844,-0.36692321,0.32482231,0.94330227,0.28937033,-0.400455,0.49982023,-0.2492927,0.53828597,0.52162617,-0.33814859,0.054671653,1.3628669,0.24325316,0.13159491,-0.77144611,-0.11666334,-1.5723373,0.83596331,-1.0956628,-0.17252678,0.051254779,-1.2345139,-0.09090139,0.0576206,-0.000420719,0.38479134,0.4344503,0.35247925,-1.5733685,0.6851297,0.16005877,1.0957055,0.012638838,-1.0026292,-0.028024688,-0.73717701,0.51534766,0.26273134,-0.65345567,0.31814522,-1.387495,-1.2858374,-1.0896505,-0.28470099,0.32459989,0.17712203,0.14624253,-0.74827784,0.54396141,-0.82517171,-0.009138346,0.19911113,-0.90265095,-0.05461327,-0.023452887,0.44535795,0.032683101,0.2743794,-0.1178295,0.42330751,0.040541992,0.20809135,-0.028214205,-0.11305455,-0.56803346,0.26749003,0.83423549,-0.345689,0.4266178,0.39354679,0.50796944,-0.56370312,0.60621095,0.36357284,-0.63900709,-0.62202191,0.022289358,0.030496404,0.17669216,0.58176333,-0.1904479,-0.37217888,-0.44668102,-0.051306203,0.54430741,-0.10832657,0.019131232,-0.28875923,0.10086254,0.86864841,-0.86679375,0.10427791,0.19360758,-0.41709441,-0.032428227,0.15965536,-1.1185844,-1.6011688,-0.15122595,0.45926681,0.091816783,-0.12324113,0.67702413,0.11489255,0.42319354,0.16793822,-0.1050033,-0.33065128,0.13210544,0.1639353,-0.068227917,-0.28010884,0.17718801,0.069566786,1.0186063,-1.3434782,-0.13360421,1.3393947,1.1955917,0.37988785,-1.2310556,-0.17961763,-0.3557457,-0.21767105,0.063254319,0.13783669,0.69903469,0.59248233,0.34427106,0.18513471,0.17067471,0.44698942,0.63620448,0.81734246,-0.68811297,0.099060565,0.16795976,0.11458917,-0.31241918,-0.14272356,-1.4926965,0.23625672,-0.013713799,-0.36340472,-0.15337345,0.61017793,0.10264106,-0.5189001,0.15363315,-0.26299244,0.11926362,-0.044173695,0.48865387,0.77586782,0.28872463,0.000456392,0.51288623,0.48617446,0.084127009,-0.80379474,0.27655381,-0.624726,0.033404753,0.70391065,-0.77846503,-0.33339587,0.34224433,0.26003051,-0.41879967,-0.85556316,0.54388505,-0.56630069,-0.014840902,-1.4804894,0.24385802,-0.23718506,-0.48696005,-0.3389931,0.79832536,0.27646813,-1.4808849,-0.87830579,-0.33361229,-0.019428987,0.2110154,-0.045230098,0.16658983,0.34414789,0.14011011,-0.088396862,0.25020093,0.28070885,0.28198987,-0.009405948,-0.19004938,0.19214994,-1.1359615,-0.007684879,0.26262328,0.027182851,0.18303318,0.41520777,0.86964107,-0.31424493,-0.68795496,-0.38602394,0.014331944,-1.618276,0.32863128,0.29531908,0.35250205,-0.49186817,-1.0424811,0.24810871,-0.56845516,0.066290542,-0.014873214,0.001820639,0.1602494,0.086653575,0.26418486,0.23963349,0.026246089,-0.044095226,-0.2586028,-1.8375226,-0.59656304,-0.73774832,-0.000940811,-0.72368926,0.045572132,-0.013036534,-0.24519292,0.055971451,2
0.69233853,0.45408452,0.41789448,0.62713575,0.63156712,0.64370835,0.61696672,0.61664689,0.62734425,0.63964909,0.62660348,0.61450356,0.6226458,0.61523932,0.6331647,0.61170149,0.62185878,0.64520377,0.64150554,0.61993808,0.61883712,0.62099069,0.61332321,0.60829097,0.62412131,0.60994607,0.62579775,0.6182937,0.6162321,0.63106418,0.61648113,0.62593079,0.60674912,0.61496204,0.61881202,0.58779126,0.59931958,0.63170594,0.6120981,0.60600716,-0.98990345,0.42755401,0.86661792,0.80897582,1.6758687,1.7778273,1.8024371,1.1643107,1.3300588,2.0742965,1.8081126,1.6603936,0.52128351,-0.21915075,-0.45415843,-0.3250913,0.8659811,0.47404504,0.49895716,0.35968578,-0.79293293,-0.029641759,-0.77113527,0.47638747,-0.88349617,-0.089495756,-0.23573247,0.62537861,0.25061208,1.4710692,-0.2111811,0.3019163,-1.3131454,-0.1781377,-0.086499006,1.2635635,-1.3175981,0.65645975,0.26369157,-0.99310899,-0.087228253,-1.196986,-0.62001693,0.38100842,1.151273,0.77406895,-0.032542348,-1.7844837,0.66094035,0.12351672,-1.1836624,0.86093485,0.048286065,0.12645948,0.49668753,0.002896652,0.29447237,-0.44007462,0.001666807,0.72431242,-0.67876768,-1.1618532,0.029164448,0.60683262,-0.33965045,0.28564817,0.088964224,-0.20546758,-0.042117096,-0.3249563,0.40173909,0.69761646,-0.16350424,-0.4035089,-0.29994491,0.23867999,0.30507743,-1.2141778,0.44165123,-1.1798216,-0.39461094,-1.9318293,-1.1054349,-0.1127131,-0.58208305,0.2163431,-0.40768987,0.099463582,-0.088355325,-0.210806,-0.84890592,-0.5676446,0.086037762,-1.1578761,-0.23137067,-0.1178744,0.02807638,0.32252464,-0.45494932,-1.7875749,0.35222933,0.58757156,0.89340293,-0.24174327,0.53913367,0.30105895,0.064287573,-0.45796219,-0.4147473,0.26358742,-0.66490531,-0.25386325,0.52931434,-0.43373317,-0.83517659,-0.02114033,-0.60294932,-0.62262404,0.3526189,-0.40781519,0.069423452,-0.92180741,0.85483962,0.63886678,0.18823633,0.006670505,-1.8653318,0.470595,-0.055202387,-0.21647242,-0.06938459,-0.63297296,-0.003299352,-0.15157916,-0.81145787,1.2015468,-0.87663734,0.15503374,0.32993352,-2.0362017,-0.17714533,0.20000233,-0.16879234,-0.48150349,-1.0588845,0.33245167,0.050030768,0.50053245,0.77572459,-0.83610785,-0.24571232,0.12814943,-0.020646289,0.13353676,0.38164765,0.11207592,-0.18123177,-1.4478183,-1.9368162,-0.79958045,0.30386132,0.78860229,0.38055551,-0.41842043,-0.39890498,0.010681018,1.4176522,-0.17936748,0.13006219,-0.29656529,-0.34463367,1.0561086,0.14393735,0.37108666,1.1598729,-0.19475196,-2.3181818,-0.05268532,0.44804615,0.051397815,-0.036787745,-0.93823284,0.13222231,-1.7488794,0.26625371,-1.2263405,0.46862969,0.089292817,-0.97917968,0.044132233,0.081201926,0.59507155,-0.19524227,-0.25713202,-2.8438699,0.33842626,-0.76247883,-0.022559941,0.021930993,0.20196632,0.6470536,0.13240215,-0.17235929,0.5783236,-1.7595336,-0.86809546,-0.29042456,0.63450301,-0.43835959,0.070749395,0.16551697,0.38413596,-0.078294113,0.44913489,0.47928971,0.84493333,-0.96998465,-0.35712507,0.70445299,-0.13989331,0.1973643,-0.010960309,-0.34464651,-1.4181644,-0.48776418,0.14839098,-0.4448753,0.49266833,1.0311714,0.44139558,-0.52733129,0.18455815,-0.40839243,0.64113963,0.36634588,-0.41150111,0.12026831,1.8514529,0.020225866,0.18366984,-1.0115565,-0.2423702,-2.087647,1.1910324,-1.4170821,-0.34847364,0.004314259,-1.6248509,-0.28225297,0.14727376,0.14558688,0.68918252,0.41472805,0.21998908,-1.9846956,1.0122386,0.030829858,1.278695,-0.052371159,-1.3783379,0.045140475,-1.1182038,0.69174582,0.26948518,-0.9236812,0.34799519,-1.9974664,-1.7247474,-1.530537,-0.36008251,0.41827831,0.45725805,0.36469296,-1.1055645,1.0190029,-1.3381065,-0.085882962,0.29682294,-1.4139242,-0.032838821,0.028947791,0.55071557,-0.084802665,0.26822519,-0.22686294,0.62109435,0.049155623,0.70781457,0.015725501,-0.21987046,-0.85611647,0.60157073,1.158329,-0.75382906,0.63698351,0.63002378,0.41070113,-0.72179401,0.52474141,0.22499672,-1.1019993,-0.7617681,0.092189595,0.083874822,0.12660597,0.79643905,-0.28863919,-0.62112522,-0.67592132,-0.002736358,0.51252228,-0.18122622,0.057084531,-0.5368638,0.26367575,1.0996445,-1.3453426,0.12931767,0.40503368,-0.64437872,-0.11013933,-0.23251304,-1.4909331,-2.2087021,-0.26069337,0.8154974,-0.017176658,-0.26788783,0.78995067,0.11462711,0.55059576,0.37573463,-0.21961486,-0.59275043,0.32335037,0.01029803,-0.11983012,-0.43449336,0.31292242,0.19916329,1.3400877,-1.8066235,-0.023215804,1.542383,1.7571006,0.51395321,-1.5092041,-0.40951556,-0.64134085,-0.38054514,-0.014592044,0.28908008,0.93031323,0.56948632,0.61149538,0.15727633,0.2609728,0.90525806,0.73972189,1.0220251,-1.0170765,0.29556227,0.11796083,0.17170796,-0.48727757,-0.18363281,-1.7900431,0.48047382,0.094513088,-0.34324968,-0.10261674,0.22755165,0.16483039,-0.7260586,0.24325189,-0.29680121,0.26909399,-0.249037,0.46072319,1.0424613,0.36203706,0.069378234,0.67577857,-0.24328658,-0.1678625,-1.052406,0.35877338,-0.85406518,0.014687389,0.71873689,-1.0290157,-0.5590983,0.57966703,0.4124212,-0.69140887,-1.2923549,0.70935571,-0.61275589,-0.050821319,-1.7625282,0.25158,-0.20934027,-0.78254628,-0.47034016,1.1180874,0.4526315,-2.0038195,-1.2683382,-0.53160429,-0.005120339,0.33217543,-0.15187863,0.041296165,0.35983348,0.35223681,-0.18517303,0.17365129,0.34929076,0.43443799,-0.077899396,-0.20053107,0.20555602,-1.553767,-0.002878111,0.37992185,0.086586073,0.32486457,0.64217627,1.1088201,-0.41495708,-0.91680473,-0.48963886,0.089640737,-2.1389687,0.37024426,0.4435536,0.53524691,-0.84497368,-1.5639578,0.29656532,-0.70755816,0.15566689,-0.079317078,-0.054783784,0.47548467,0.21541005,0.45956403,0.4289692,0.049131028,-0.2029642,-0.3431398,-2.4167573,-0.79990804,-0.93891442,0.13293391,-1.0455332,0.22387329,-0.1725011,-0.33059317,0.11524169,2
0.63039136,0.4039979,0.36534342,0.60559177,0.59255952,0.61130106,0.59181839,0.58344173,0.59594733,0.59209996,0.59111083,0.59223789,0.5928843,0.57399189,0.60067576,0.58468425,0.59452027,0.61842459,0.59363717,0.58947891,0.56768024,0.58162332,0.57309824,0.58405358,0.58235168,0.57604635,0.58590531,0.57177734,0.57591259,0.5786128,0.56838119,0.57196569,0.56514817,0.57213813,0.57791328,0.56254667,0.55798966,0.57656592,0.54441392,0.56156552,-1.0067164,0.36000371,0.57558072,0.57131428,1.5251389,1.7548866,1.50175,0.90711385,1.0340133,1.8346992,1.5794339,1.3849568,0.34256762,-0.20227908,-0.25034729,-0.39121246,0.64517063,0.33953235,0.35620233,0.27625006,-1.0466541,0.048582472,-0.59763467,0.4060832,-0.62736827,-0.011210091,-0.23974489,0.75978637,0.11973089,1.6321502,-0.24722585,0.18183786,-1.2429287,-0.28694892,0.033436887,0.90270185,-1.0392609,0.55564183,0.25727686,-0.97028768,-0.14081265,-1.2384279,-0.6136843,0.42856684,0.85973597,0.79676813,-0.052437529,-1.8339744,0.9536854,0.10792682,-1.1931707,0.72927904,0.014144763,0.079249002,0.57339346,-0.17550203,0.32941797,-0.48074192,0.085394338,0.6008063,-0.64478135,-1.1728764,0.00549002,0.55648434,-0.3624039,0.30813423,0.040042233,-0.31170693,-0.058309421,-0.32927203,0.4526906,0.72746134,-0.25671354,-0.20407327,-0.30133855,0.16580826,0.65959597,-1.1429489,0.38976118,-1.0828582,-0.41716382,-1.9280949,-1.1305014,-0.10405967,-0.53707308,0.12178296,-0.40146551,0.11536296,-0.12706964,-0.20638831,-0.88471025,-0.55022228,0.24539477,-1.1350478,-0.34899986,-0.11394234,0.11387868,0.33991146,-0.53376931,-1.7858201,0.79102504,0.45239267,0.8759591,-0.19376579,0.51966822,0.40795785,0.11947577,-0.20516676,-0.18198341,0.35705692,-0.68563008,-0.085162044,0.3367092,-0.36891925,-0.76941448,0.00479091,-0.65175766,-0.60976732,0.38069937,-0.40686709,-0.021363437,-0.76084983,0.74903864,0.91700882,0.095308632,0.089857258,-1.8941329,0.85607153,-0.017152049,-0.21992663,-0.13474798,-0.63471222,0.073149063,-0.22593655,-0.68690193,1.20283,-0.83052111,0.1134387,0.47197571,-1.8497223,-0.135692,0.23075461,-0.04098333,-0.52325457,-1.1367215,0.34911638,0.15758425,0.39639544,0.6557439,-0.74918956,-0.24037609,0.030476352,0.01503716,0.17825729,0.41790092,0.16458955,-0.16310388,-1.3557056,-1.782539,-0.71023273,0.24868836,0.8838762,0.46036485,-0.37684876,-0.39029548,-0.010295242,1.1097592,0.075455196,0.12665133,-0.31280351,-0.32668376,1.1787096,0.16318172,0.29135552,1.3535652,-0.24580145,-2.5601387,-0.006413374,0.59759539,0.014648908,-0.14865023,-0.95952177,0.14296408,-1.7114875,0.22674245,-1.1520882,0.27791899,0.071541719,-0.95522285,-0.051169928,0.10614038,0.56412745,-0.27398264,0.06643419,-2.8239779,0.38177994,-0.62101567,-0.065101385,-0.028040498,0.26922727,0.57564753,0.12624395,-0.14937961,0.81016111,-1.7350435,-0.93281668,-0.30844545,0.57249367,-0.49418458,0.17384446,0.14245717,0.46619064,-0.043837242,0.46357015,0.4967708,0.80066067,-1.0361445,-0.3770099,0.84294087,-0.11823586,0.25274873,-0.098447956,-0.31609559,-1.3648999,-0.50670761,0.080843359,-0.48189899,0.53420079,1.2275991,0.43487024,-0.48378688,0.44935453,-0.35726178,0.78208238,0.72252876,-0.47218972,0.038454171,1.6708305,0.34032297,0.18459558,-1.1763883,-0.22968431,-2.2080264,1.1069677,-1.481166,-0.36773121,0.042483926,-1.5226743,-0.023505621,0.1569517,0.10178775,0.73858154,0.72462958,0.6160953,-2.0759547,0.9292658,0.24098717,1.4155288,0.036374435,-1.1850126,0.024451479,-0.97494984,0.64537579,0.21933359,-0.85310262,0.49474561,-1.978434,-1.8052347,-1.6014642,-0.41341412,0.5323233,0.5426904,0.2627787,-1.1062887,0.78852582,-1.3953164,-0.11230531,0.35013267,-1.3224974,-0.013090506,-0.007019544,0.61663234,0.088121049,0.42101577,-0.078794062,0.50164384,0.011902511,0.65219527,-0.035088662,-0.078899816,-0.87596083,0.38532674,1.2068893,-0.64365888,0.61104858,0.51643991,0.56221974,-0.80352914,0.82768101,0.53569657,-1.0475495,-0.74772835,0.071917541,0.060325131,0.2029064,0.9416334,-0.34641731,-0.52747524,-0.53901327,-0.048326023,0.74259472,-0.2103025,0.14113414,-0.47255835,0.19007051,1.2730572,-1.1986519,0.12534538,0.2747618,-0.69495088,-0.091051847,0.21705648,-1.5581156,-2.1687586,-0.23563999,0.60568172,0.069450125,-0.23876256,0.80094522,0.13473421,0.48960993,0.26560342,-0.1314173,-0.66725087,0.20166431,0.34453163,-0.029773258,-0.24526459,0.25021267,0.15431839,1.3517438,-1.6581953,-0.10916097,1.6927392,1.6044509,0.48882163,-1.4929991,-0.32652587,-0.61390948,-0.33284372,0.11306331,0.41768938,0.98767495,0.95046985,0.43438286,0.28026551,0.21868244,0.87466258,0.78273755,1.0053303,-1.0049181,0.34354839,0.29923451,0.079213999,-0.41759706,-0.072262555,-1.8202368,0.30949613,0.017507516,-0.39494833,-0.17234045,0.60296607,0.17221329,-0.69699401,0.24821569,-0.30502808,0.25801012,-0.22125307,0.83082014,1.1919227,0.38369846,-0.05711212,0.62003195,-0.13676149,0.012192022,-1.0955477,0.37957472,-0.73456812,0.16880766,0.91257292,-0.88402915,-0.63152754,0.51958817,0.50271243,-0.69078565,-1.218361,0.663535,-0.67062831,-0.072827302,-1.7421671,0.26915658,-0.20179272,-0.52236879,-0.53593987,1.1470628,0.52073944,-1.9957335,-1.2364668,-0.45489755,-0.01785114,0.40974212,-0.08683975,0.099486783,0.44576484,0.24008562,-0.14596331,0.23566312,0.3410027,0.38888741,0.001691818,-0.20328502,0.25974804,-1.6454176,0.17302977,0.55882615,0.038081035,0.20500965,0.67503405,1.1252015,-0.40621781,-0.88910842,-0.42239642,-0.017953737,-2.1329837,0.37304395,0.22549264,0.4154799,-0.75275409,-1.4536281,0.38696867,-0.57894933,0.066200793,-0.059719518,-0.027351253,0.52694291,0.085644878,0.35082227,0.39264166,0.020510621,-0.15156943,-0.4731802,-2.3631022,-0.87002707,-1.0407805,0.09133257,-1.1053391,0.13622445,-0.20894463,-0.38415638,0.089601941,2
0.61748135,0.36582237,0.33732861,0.59172285,0.58424795,0.5960511,0.58458686,0.5740537,0.58473045,0.58064455,0.58194637,0.57669097,0.58119768,0.57254159,0.59474576,0.57750309,0.58188343,0.60248315,0.58768022,0.57544196,0.56893802,0.5772025,0.57176298,0.57964194,0.57703751,0.56714082,0.57882756,0.56945729,0.57265723,0.56803215,0.57321995,0.58065712,0.56247461,0.56945336,0.57472801,0.56035674,0.55579603,0.57678461,0.5541811,0.55747354,-0.9292345,0.3301177,0.35529053,0.40788907,1.3340781,1.6712894,1.2542841,0.68562305,0.79674858,1.611871,1.3960564,1.1596855,0.30966693,-0.23630774,-0.34008181,-0.41214687,0.55006957,0.27861828,0.31826964,0.24985985,-0.74963909,0.035310339,-0.7270807,0.34939438,-0.85751915,-0.036410194,-0.15858622,0.66417646,0.13350916,1.4335384,-0.17505538,0.20408773,-1.1155725,-0.31083244,0.039800782,0.85806429,-1.0812935,0.48728916,0.21224041,-0.89246726,-0.18637964,-1.0943675,-0.64151841,0.39241812,0.76034498,0.60969126,-0.12411723,-1.63272,0.55216539,0.098632611,-1.0358636,0.82853556,-0.007298872,0.11892024,0.35102519,0.21346004,0.176365,-0.31157762,0.016802348,0.5060007,-0.51603609,-1.045779,0.00190299,0.45888764,-0.38787895,0.22761139,0.035506461,-0.18549559,-0.066712245,-0.38646555,0.47439137,0.78020072,-0.18104483,-0.31268853,-0.013603747,-0.014312148,0.21820262,-0.76017201,0.30646336,-0.99757272,-0.42999893,-1.7628212,-0.81699097,0.020807685,-0.45368373,0.31167153,-0.36442646,0.034053452,-0.15344462,-0.085594803,-0.62928289,-0.54836595,0.10707702,-0.97581774,-0.10799208,-0.018735126,0.14281549,0.25337738,-0.4278878,-1.360209,-0.034284115,0.42731404,0.7418766,-0.098586239,0.53975296,0.24566677,0.058293134,-0.25495037,-0.26182392,0.4366352,-0.55243701,-0.37457085,0.31921712,-0.19346851,-0.71046996,0.033603631,-0.49627852,-0.41570672,0.29473418,-0.31401813,-0.030280385,-0.73415554,0.77742422,0.62406456,0.14279531,0.23218217,-1.6172425,0.58748531,-0.047418863,-0.072590023,-0.07190489,-0.50728834,-0.015074376,-0.079054974,-0.67540234,0.86675715,-0.76866788,0.10510434,0.28043711,-1.5151865,-0.13745733,0.28996322,0.011570122,-0.52819431,-0.78685457,0.47009814,0.14027411,0.36534315,0.82206374,-0.65012521,-0.23713791,0.027924255,0.002496131,0.21415734,0.33510503,0.1631746,-0.021197986,-1.1401002,-1.5607135,-0.63356239,0.20309553,0.69879818,0.47385582,-0.42047185,-0.20712104,0.074565336,1.1251974,-0.2725642,0.06143387,-0.2277669,-0.22553903,0.97370529,0.12865853,0.24370143,1.4856826,-0.17706758,-2.1506805,-0.07180357,0.6363911,0.044950861,-0.049463335,-0.64286774,0.16722687,-1.4159845,0.17097367,-0.9068042,0.17734212,0.11106775,-0.81370735,-0.026693784,0.13727622,0.4147343,-0.16019352,-0.42311174,-2.3565762,0.23951095,-0.42170259,-0.02845411,0.04093647,0.14433935,0.49961206,0.089968883,-0.15914653,0.5611186,-1.3315238,-0.74235195,0.13153011,0.27298301,-0.4063578,0.20713511,0.16114135,0.4114044,0.036249384,0.35314345,0.5277701,0.62865227,-0.84272814,-0.40530214,0.43373206,-0.035653047,0.24471201,0.019155484,-0.24181004,-1.2603947,-0.497603,0.040538359,-0.47693956,0.55641526,0.98591638,0.36368471,-0.44055575,0.1168462,-0.28128138,0.7109251,0.35168192,-0.43511608,0.064599521,1.4115293,0.070567973,0.10738324,-0.84742332,-0.14138418,-1.8175014,0.86974716,-1.2713702,-0.14249855,-0.029203445,-1.2727133,-0.14005038,0.11362821,0.11564638,0.77127934,0.40653616,0.2820366,-1.8127029,0.73554564,0.085647225,0.74870169,-0.04734987,-1.1470146,0.003685162,-0.83336234,0.55463034,0.48829335,-0.72363502,0.22401795,-1.5529771,-1.5342503,-1.3028796,-0.4230758,0.45572022,0.95638341,0.18945813,-0.79941934,0.7062217,-1.0289556,-0.014596298,0.32170928,-1.0514058,-0.11103475,-0.002575594,0.32269439,0.027638145,0.24355733,-0.053062424,0.42174226,0.010268744,0.51652235,-0.015180811,-0.026678711,-0.57796651,0.34779987,0.95496434,-0.47164214,0.57536757,0.5226419,0.51658702,-0.62135661,0.49445382,0.33068731,-0.86619717,-0.69810277,0.070211314,0.032777242,0.14333078,0.58722979,-0.21683368,-0.46866247,-0.58148015,-0.036031947,0.33324456,-0.23028007,0.26719999,-0.34487629,0.15066677,0.96769452,-1.0422592,0.097822346,0.22263336,-0.55680704,-0.052181553,-0.088237599,-1.244628,-1.856021,-0.20294443,0.54300702,0.006557554,-0.10111959,0.73488915,0.13372117,0.45500907,0.23312217,-0.26389062,-0.36226892,0.1664601,0.03653967,0.02814623,-0.34298122,0.24925047,0.13077469,1.0197524,-1.5355371,-0.141875,1.3382076,1.1234056,0.41271293,-1.323184,-0.18708347,-0.28111216,-0.24747208,-0.078354985,0.48028827,0.67827654,0.51313949,0.2943072,0.19543289,0.2188887,0.72003263,0.752931,0.99302155,-0.78788346,0.31627014,0.37521103,0.15578705,-0.38969785,-0.16081735,-1.5189342,0.28480622,-0.023316536,-0.39729512,-0.18445039,0.31484073,0.076429211,-0.63451296,0.22244659,-0.34229428,0.27126944,0.011336043,0.2872144,0.98335457,0.33145249,-0.012248612,0.58568645,0.039181076,-0.047056492,-0.92929536,0.26809862,-0.73248255,0.16527158,0.64396942,-0.80908626,-0.56047213,0.43168491,0.38837636,-0.48898482,-0.99275076,0.41638598,-0.59124255,0.055002991,-1.6663325,0.26394206,-0.21819097,-0.52417147,-0.36905295,0.85642493,0.47760525,-1.6264561,-1.0311952,-0.3771126,-0.01526247,0.25937,-0.050196625,0.086863175,0.30963358,0.20199853,-0.1072748,0.24789584,0.36899936,0.27336895,0.002660081,-0.24682194,0.15593807,-1.3485273,-0.026078846,0.28903228,0.005272839,0.30651131,0.60276759,0.99723279,-0.42020279,-0.61687881,-0.34304577,-0.13345793,-1.9271542,0.27529863,0.27868465,0.39954296,-0.59364456,-1.1076765,0.20961051,-0.63985658,0.14930585,-0.054077238,0.14034009,0.26823378,0.11863507,0.31391758,0.35085702,0.020802708,-0.055710204,-0.39747989,-2.1225448,-0.71333611,-0.71193248,-0.001139373,-0.686975,0.10154358,-0.033646919,-0.31857276,0.040614419,2
0.61956197,0.33807766,0.28586236,0.5702306,0.59373134,0.60078251,0.57518399,0.56983113,0.59422225,0.58604532,0.58212548,0.57530028,0.58119911,0.56349242,0.58130902,0.55855465,0.57242864,0.59692866,0.58602661,0.57799369,0.56389296,0.58403361,0.57045305,0.5659793,0.58374524,0.5717591,0.58257705,0.57922637,0.56244445,0.57465196,0.56345695,0.57336837,0.55938762,0.55758697,0.58578205,0.54296434,0.55023229,0.58095706,0.54861724,0.56130469,-1.015988,0.25742093,0.29874939,0.34020162,1.2594073,1.590252,1.1742502,0.60089004,0.73672128,1.5224599,1.3158941,1.088649,0.24628232,-0.26495704,-0.4033404,-0.39323628,0.57384503,0.31779858,0.34592813,0.24252778,-0.56892145,0.19608347,-0.6045832,0.36427855,-1.0362329,-0.061785638,-0.23098667,0.64685786,0.22277302,1.4089085,-0.21287958,0.19066679,-1.1871834,-0.28453058,-0.027059548,0.87746823,-1.2665312,0.42968562,0.16256866,-0.91525513,-0.14528316,-0.93092388,-0.60980266,0.31681886,0.73791134,0.67582321,-0.043969169,-1.6656291,0.6022715,0.090428866,-1.0233117,0.75943804,0.050152216,-0.003500963,0.52546984,-0.084623523,0.34147939,-0.32007849,-0.023190031,0.52113843,-0.7966367,-1.0378423,0.029033881,0.49150643,-0.30496067,0.30860257,0.11787453,-0.16788158,-0.064395778,-0.36632589,0.41474548,0.72289914,-0.23833564,-0.21424483,-0.11200768,0.26055196,0.12478617,-0.95762086,0.3135694,-1.0816787,-0.40499139,-1.7957431,-0.86807239,-0.086827978,-0.34700641,0.34066495,-0.35124341,0.10054336,-0.10189451,-0.060753226,-0.58101177,-0.68250579,0.31669354,-1.0078611,-0.12797171,-0.087828085,0.13629588,0.31882551,-0.4135381,-1.4348153,0.60188639,0.46646363,0.74818301,-0.1592844,0.59146726,0.3111845,0.091473192,-0.38698745,-0.18043098,0.2369726,-0.65200329,-0.11748198,0.32815495,-0.21679123,-0.77142543,0.015956357,-0.52350491,-0.53996414,0.28753024,-0.26402098,-0.046886873,-0.79158199,0.79657078,0.71434021,0.21714698,0.10927442,-1.6294155,0.52448404,-0.042494126,-0.18652615,-0.068347678,-0.5603773,-0.004203405,-0.13467911,-0.72706121,0.8578521,-0.58225733,0.11025742,0.34121826,-1.3627136,-0.19841911,0.28734592,-0.044868521,-0.35538483,-0.88382411,0.48303622,0.076522201,0.3462761,0.80763596,-0.74604541,-0.19322762,0.087733284,-0.002772978,0.21851268,0.30806622,0.23223008,-0.17881244,-1.1618097,-1.6767007,-0.70022905,0.25023356,0.66693288,0.60896063,-0.45420167,-0.30199379,0.11754408,1.2527058,-0.078026369,0.052364856,-0.29240394,-0.23209952,1.0253038,0.083215393,0.23177332,0.96332884,-0.089323312,-2.2645819,-0.08301121,0.42256522,0.018418724,-0.091656551,-0.61285132,0.1576975,-1.4524623,0.17201725,-1.1784691,0.30983233,0.23747271,-0.83827055,-0.039786227,0.066673353,0.39844868,-0.27417266,-0.28020611,-2.4317274,0.27198902,-0.69001037,-0.059572715,-0.049683385,0.072431698,0.55428326,0.1152387,-0.19889277,0.54084581,-1.2955108,-0.80575818,-0.17734747,0.29636145,-0.49471053,0.20518661,0.17028055,0.40724331,0.045990836,0.43213451,0.43788362,0.80762893,-0.95849884,-0.42609823,0.55217624,-0.060305048,0.21988739,-0.027733052,-0.23991475,-1.2974061,-0.46714309,0.066679753,-0.4935028,0.58522081,1.0588139,0.35086355,-0.50144088,0.19456796,-0.38499859,0.71969616,0.49425846,-0.43263093,0.070454508,1.5186961,0.12096536,0.12180082,-0.75712597,-0.17795363,-1.8548557,0.94261783,-1.125492,-0.24816476,-0.21196669,-1.3521577,-0.22593343,0.15818685,-0.022611886,0.50472659,0.36351615,0.18375398,-1.870832,0.88362736,0.041772582,1.0770468,0.074149162,-1.1110227,0.046694785,-0.9197197,0.5569253,0.59534037,-0.82853103,0.2871756,-1.6153404,-1.571322,-1.2665683,-0.43428707,0.48576936,0.25080854,0.22423321,-0.82568473,0.67024547,-1.0804311,-0.046557859,0.29238456,-1.0213577,-0.014182374,0.006491804,0.53912866,0.15009454,0.25410944,-0.039992034,0.49222621,0.036301814,0.62170684,-0.029810958,-0.1243872,-0.62693548,0.35585463,1.0804194,-0.48628587,0.65556151,0.49201632,0.6432361,-0.64673841,0.58535248,0.31013906,-0.8226276,-0.55067062,0.03184966,0.093382657,0.12529501,0.75766647,-0.26118174,-0.56923962,-0.53939605,0.003213868,0.5628534,-0.21586297,0.23443462,-0.2979081,0.10647769,0.96905094,-1.1112905,0.11668848,0.25627518,-0.58165878,-0.021023935,-0.10458443,-1.1752301,-1.896132,-0.20811364,0.52071476,0.10438117,-0.22354418,0.74942303,0.18258741,0.45770568,0.16959849,-0.1514675,-0.43788186,0.18695089,0.082266644,-0.025766032,-0.43454462,0.21840382,0.1616054,1.095651,-1.675548,-0.081553183,1.5598094,1.4538538,0.33924174,-1.438566,-0.1909183,-0.34785551,-0.19365184,-0.052305408,0.32568136,0.76197606,0.74751914,0.38466558,0.22362348,0.16815545,0.80693191,0.79015779,0.93113792,-0.79950726,0.30986989,0.16709268,0.20442222,-0.34669098,-0.15465914,-1.7146162,0.30201787,0.018856466,-0.38028878,-0.21567747,0.33559656,0.19742435,-0.65627503,0.27058598,-0.30878562,-0.15346265,-0.013724357,0.34325662,1.0409085,0.36615747,0.011536188,0.60524946,0.017856516,0.049343519,-0.9682613,0.31999135,-0.76905316,-0.007026538,0.80493069,-1.0886214,-0.21071409,0.36928317,0.41156903,-0.48958021,-1.0847996,0.51220858,-0.61818326,0.13837448,-1.6486149,0.36309505,-0.2536965,-0.49685782,-0.45808578,0.97779715,0.50847465,-1.7636466,-1.2087262,-0.39194214,0.00651818,0.25556517,0.012127634,0.055169497,0.30867213,0.20897239,-0.10963379,0.21235278,0.36172646,0.35718289,-0.007560104,-0.048844822,0.15672687,-1.3923631,0.013300315,0.24518284,-0.003671572,0.29289958,0.70879304,0.85706133,-0.37645575,-0.79008585,-0.42557713,0.017926306,-2.0127189,0.4011175,0.27165446,0.38630244,-0.64032602,-1.2195966,0.26412296,-0.66413808,0.14796695,-0.067122281,0.000633828,0.43143067,0.07407783,0.33212793,0.31025413,0.004328528,-0.082837336,-0.23495287,-2.2007678,-0.78301358,-0.86974627,-0.039003715,-0.76858717,0.16288453,-0.13661408,-0.27506316,0.038446501,2
0.53883201,0.26372036,0.20284644,0.51081187,0.52747321,0.55268931,0.50436115,0.49637103,0.51825684,0.53169531,0.51217681,0.49462253,0.49735719,0.46070522,0.49164474,0.48724228,0.46832222,0.53996271,0.53729922,0.47331631,0.49382108,0.50943798,0.50138998,0.47497177,0.51504654,0.51805878,0.52685976,0.51226085,0.50160646,0.51518947,0.49608582,0.49802354,0.48421139,0.48570329,0.51415133,0.43805319,0.47737855,0.49102294,0.45942169,0.48897928,-0.97449911,0.13649555,0.2626878,0.34546289,1.211064,1.5291115,1.125282,0.5832932,0.68580228,1.5001221,1.2985696,1.0639368,0.29010138,-0.30566287,-0.3377344,-0.40859365,0.53992289,0.35826951,0.29485881,0.27485436,-0.6763373,0.01418081,-0.67764843,0.24464732,-1.0068283,0.010918319,-0.185785,0.57988775,0.14484623,1.279816,-0.098354667,0.19349557,-1.1577694,-0.21725105,0.02671944,0.73930776,-1.1741413,0.42543748,0.20083742,-0.75962913,-0.16332325,-1.0052661,-0.64571327,0.22147927,0.72888458,0.58321881,-0.034625597,-1.5829735,0.46569839,0.12710807,-0.95959824,0.76596189,0.041526482,0.021741889,0.41652375,-0.036568835,0.19639125,-0.33579445,0.023148745,0.49074292,-0.50323683,-1.0263796,0.075461179,0.42700496,-0.29190472,0.17350784,0.07482776,-0.2652775,-0.079549007,-0.34102222,0.31978208,0.72511518,-0.12685218,-0.36686158,-0.11379403,0.082594201,0.057730168,-0.85254645,0.32969233,-1.0141523,-0.53413951,-1.7569146,-0.79424399,-0.00285583,-0.38684887,0.28611103,-0.38735217,0.10186283,-0.10441695,-0.11748219,-0.52267987,-0.53775674,-0.24295646,-0.8614108,-0.030912938,-0.0721846,0.17314416,0.39366591,-0.37695307,-1.3923496,0.025360316,0.46422824,0.63540536,-0.057922494,0.56300694,0.29000223,0.009653375,-0.50941646,-0.29552329,0.31096849,-0.45188126,-0.23017535,0.33449626,-0.16558048,-0.7228837,0.023062944,-0.51575327,-0.35600626,0.2512041,-0.25305215,-0.000214625,-0.72079039,0.7351709,0.57356888,0.21651438,0.032415092,-1.6315857,0.57457811,-0.037474502,-0.085647315,0.015031677,-0.5514943,-0.011686096,-0.055161059,-0.72934097,0.75910026,-0.68261772,0.14058433,0.28033394,-1.3580023,-0.12086836,0.30316615,-0.074418947,-0.34274405,-0.80100846,0.509606,0.14980331,0.20582908,0.76101661,-0.78407633,-0.23213816,0.052938327,0.34528637,0.18825085,0.3634963,0.16771576,-0.032444369,-1.0823009,-1.5149209,-0.56765419,0.30044472,0.75906354,0.44909483,-0.41173029,-0.24448198,0.16121855,1.1858814,-0.21384308,0.02803967,-0.28750741,-0.21571828,0.98126221,0.11147938,0.28555799,0.70940101,-0.019452557,-2.0761676,-0.17493287,0.38294291,-0.002360001,-0.14691167,-0.65095806,0.22980067,-1.3672419,0.12430952,-1.0231128,0.47527403,0.12418041,-0.70879656,0.03228315,0.18157044,0.36707953,-0.1467312,-0.48443535,-2.3356428,0.20882231,-0.71988547,-0.027352408,-0.062362835,0.028149657,0.50617665,0.10869755,-0.23060186,0.60117149,-1.1412553,-0.74029964,-0.24229482,0.36181691,-0.38414928,0.11971729,0.19676863,0.4319993,0.055023126,0.45134556,0.39987978,0.69051731,-0.81853747,-0.41537771,0.44609258,-0.048007995,0.18095616,-0.12694505,-0.20611466,-1.158434,-0.55319673,0.093402959,-0.48899293,0.48213097,0.85751444,0.36776629,-0.45601329,0.11098195,-0.3489641,0.66890955,0.37485495,-0.33820355,0.074351378,1.3764639,0.076934099,0.14079656,-0.96642071,-0.16146331,-1.7685416,1.0000125,-1.1445264,-0.14951444,-0.12033769,-1.4412541,-0.084881596,0.18814074,0.074315339,0.6278373,0.35540819,0.13010564,-1.8200424,0.80856949,0.35134134,0.90720856,0.013260256,-1.0960513,-0.11838555,-0.74528879,0.48788825,0.4835335,-0.73819208,0.26459184,-1.4060071,-1.5023495,-1.2096897,-0.50984454,0.50263101,0.11102585,0.27472368,-0.7992503,0.62029868,-0.92937768,-0.011009902,0.25177592,-0.89760059,-0.069422312,0.045622468,0.38813165,0.052682258,0.17810868,-0.047869563,0.43248078,0.09803912,0.65721309,0.007570785,-0.06542547,-0.44751036,0.35466936,0.90742922,-0.41051012,0.50813818,0.53458548,0.6054104,-0.55133659,0.54784501,0.37882459,-0.78150326,-0.56145561,0.058970544,0.084829301,0.031459928,0.59498012,-0.23451224,-0.46361428,-0.51957273,0.019207666,0.55677259,-0.26420134,0.15090325,-0.22343375,0.14691535,0.73815495,-0.98003012,0.18635169,0.24093825,-0.45247716,-0.063725494,-0.33785591,-1.188694,-1.7236024,-0.23238069,0.49097973,0.012571529,-0.13047257,0.71828783,0.18123424,0.43995696,0.094239593,-0.37046105,-0.31793123,0.21338089,0.079567656,-0.013826236,-0.43624136,0.17620349,0.10129638,1.0805477,-1.5370637,-0.053191558,1.4395564,1.266367,0.34848177,-1.3056791,-0.24663997,-0.40456766,-0.16846037,-0.086014144,0.30133283,0.65233296,0.76112235,0.29404739,0.08934094,0.12963744,0.59378922,0.74500489,0.85030311,-0.80270451,0.28390783,0.2160525,0.20074998,-0.38864172,-0.19421865,-1.5234369,0.33257544,0.004483238,-0.36909482,-0.14654543,0.09418048,0.17414409,-0.68440926,0.29188889,-0.2673476,-0.13871968,-0.004718289,0.3764061,0.94399256,0.28801373,0.005835746,0.59486365,0.057784542,-0.031839203,-0.89515305,0.24626672,-0.60981274,0.087900028,0.69231367,-0.8855207,-0.22805396,0.34503868,0.38852912,-0.46048987,-0.94396764,0.44935623,-0.54987389,-0.00716055,-1.6329507,0.29618174,-0.12863258,-0.37746328,-0.34666097,0.83411139,0.46923146,-1.6097975,-0.99163049,-0.36189646,0.030627191,0.20141169,0.026065093,0.003659171,0.31703651,0.24672264,-0.084901541,0.27048936,0.35566777,0.37437934,0.98227096,-0.040893674,0.21036251,-1.2913437,0.029406685,0.19509596,0.031565212,0.22536337,0.67538381,0.6797334,-0.31993937,-0.69183749,-0.39927399,-0.20871955,-1.8037724,0.27674225,0.34723464,0.37836075,-0.60311449,-1.146642,0.17812267,-0.68548322,-0.029357195,-0.057231739,-0.074845701,0.31130576,0.13275549,0.34267345,0.345267,-0.029641367,-0.005072802,-0.31109816,-2.0714512,-0.65165162,-0.78775871,-0.034530133,-0.67058778,0.25085065,-0.006444722,-0.25730753,0.049395978,2
0.54046392,0.27866215,0.21229428,0.53399229,0.52546513,0.57679367,0.52345484,0.50309086,0.53954029,0.53592718,0.52181119,0.50443321,0.49826461,0.47319764,0.50876278,0.49636275,0.48141614,0.54833961,0.54916912,0.47255939,0.50074291,0.52109802,0.50939912,0.49069175,0.52113736,0.52023637,0.53196001,0.52671087,0.51485282,0.51409197,0.51160866,0.49135491,0.48832446,0.47759032,0.51778114,0.44159102,0.46948099,0.49048728,0.46913117,0.48601937,-0.92042613,0.15249106,0.32537687,0.41295585,1.3321332,1.6268699,1.23154,0.67812842,0.7764709,1.6142421,1.4104123,1.1639105,0.23946792,-0.28792298,-0.34770265,-0.44797334,0.53533983,0.34375209,0.33267534,0.24291535,-0.69637603,0.00266812,-0.58134991,0.3061119,-1.0748509,0.15581135,-0.26254803,0.71105367,0.1968365,1.1946909,-0.16238214,0.19098045,-1.1878819,-0.30037969,-0.11431762,0.71701902,-1.3211566,0.45198897,0.14793605,-0.93813813,-0.10112187,-1.038057,-0.66937172,0.24233963,0.66740167,0.60601377,0.024180057,-1.6918013,0.81075907,0.11271604,-1.0502743,0.77198333,0.098352626,0.12972441,0.62918359,0.12558652,0.15034075,-0.3033278,0.024777535,0.58804786,-0.81878698,-0.9876352,0.015423968,0.58865887,-0.32833573,0.20979831,0.2696476,-0.18722403,-0.11526111,-0.39355844,0.26269758,0.73497397,-0.21947402,-0.22293112,-0.14851442,0.40022671,0.10053188,-0.95642757,0.36528754,-0.80693066,-0.4420687,-1.8630058,-0.87113321,-0.073393501,-0.44655186,0.40093195,-0.34374389,0.06807258,-0.099221393,0.011876807,-0.79260588,-0.63666856,0.1354299,-1.0572413,-0.23098551,-0.006980538,0.22558133,0.29815179,-0.34355402,-1.5260143,0.41879588,0.43886447,0.78339207,-0.14199927,0.50104111,0.24304901,-0.043659687,-0.20393071,-0.40803504,0.50736684,-0.54873496,-0.26887718,0.27396595,-0.16330048,-0.64152402,0.090663686,-0.48248804,-0.52844453,0.31814224,-0.47246903,-0.056200631,-0.69162184,0.78126657,0.68745297,0.250505,-0.006423321,-1.5362337,0.58723229,-0.078567266,-0.064289413,0.003727876,-0.56871444,0.083734736,-0.066241056,-0.76159167,0.93357044,-0.76840097,0.12356266,0.30199668,-1.3286642,-0.2042454,0.30573773,-0.088864043,-0.28487378,-0.91885513,0.52381426,0.044879913,0.12357114,0.77743441,-0.89992678,-0.12992699,0.11451176,0.4017629,0.15530057,0.194591,0.1772745,-0.21479075,-1.2207205,-1.7994766,-0.74015379,0.24278165,0.70814329,0.50739688,-0.34455591,-0.394638,0.16312239,1.272837,-0.064250872,0.034118168,-0.34212413,-0.16190413,1.037621,0.13852896,0.29230985,0.95369422,-0.12503603,-2.1827235,-0.13240415,0.50374103,0.065618083,-0.22415397,-0.68568021,0.10424179,-1.4397273,0.15791066,-1.1850711,0.45398468,0.10748051,-0.83356225,-0.076173566,0.17711987,0.54279643,-0.2159669,-0.33336705,-2.431463,0.40217528,-0.57676369,-0.11138862,0.10263866,0.046982922,0.56598765,0.23142183,-0.1909229,0.47750145,-1.3657199,-0.81535226,-0.28897622,0.37147003,-0.53692877,0.15034163,0.11379629,0.24561194,0.053633466,0.47430179,0.39359957,0.81623721,-1.0536923,-0.47385526,0.45417678,-0.084034525,0.23176304,-0.086058624,-0.13669977,-1.2378178,-0.50133628,0.17660424,-0.41736472,0.47746167,1.1567979,0.33692354,-0.44862238,0.15145648,-0.31784925,0.60228807,0.52912211,-0.41229939,0.029370748,1.7073752,0.27625719,0.20750883,-0.84467673,-0.26380071,-1.9335148,1.0831116,-1.1285433,-0.25131062,-0.1546008,-1.4987555,-0.37256169,0.19093111,0.1724434,0.62985897,0.42245877,0.096885428,-1.9508326,0.98315668,0.45479417,1.2026821,-0.058085002,-1.1274095,-0.10421157,-0.92445415,0.51485306,0.41588405,-0.84555316,0.30411407,-1.6978865,-1.5345038,-1.2615441,-0.48792729,0.5773195,0.72510946,0.19980322,-0.88212669,0.65817809,-1.0612874,0.012197167,0.28194046,-1.0179162,-0.040998913,-0.057840422,0.50831378,0.1416619,0.26600537,-0.18864894,0.59991699,0.089803755,0.63757181,0.13782376,-0.14043434,-0.73697138,0.38668299,0.9985708,-0.51316434,0.72258931,0.50297689,0.56386667,-0.61101347,0.56376743,0.19259915,-0.78042567,-0.51694423,0.1456227,0.14662574,0.12916043,0.73955172,-0.15690641,-0.53079104,-0.48614454,0.073185533,0.53888619,-0.28399324,0.09799201,-0.27204168,0.11541162,0.98665488,-1.0703506,0.12385619,0.32923779,-0.59210503,0.004108086,-0.16479465,-1.2175375,-1.8965389,-0.11250494,0.50414032,0.025940895,-0.12571225,0.84184825,0.16831416,0.49295148,0.075323448,-0.086776838,-0.49914458,0.18735033,0.25516832,-0.18901503,-0.34293994,0.25952512,0.073953122,1.3220316,-1.6078233,-0.099583842,1.4692812,1.6117437,0.20054865,-1.506125,-0.27885115,-0.34600157,-0.1578916,-0.002930689,0.26727861,0.83352435,0.68914354,0.47854918,0.14183059,0.22830549,0.7421369,0.76168102,0.97160113,-0.98431057,0.2214665,0.26757395,0.10321896,-0.39151531,-0.25828394,-1.4878486,0.31599179,0.014891934,-0.40502903,-0.26429906,0.30366021,0.10950772,-0.62471968,0.26905078,-0.32987571,0.19860777,-0.061196618,0.44984525,0.78412443,0.29557773,-0.012492752,0.646918,1.8736043,0.036710888,-0.94385582,0.3824628,-0.83450472,0.024372607,0.72941631,-1.0748565,-0.31877384,0.35140723,0.28292674,-0.55171269,-1.1199598,0.63788086,-0.69592321,0.053675678,-1.680052,0.31793341,-0.18405031,-0.45774511,-0.51551986,1.0120044,0.30957481,-1.7810601,-1.1131058,-0.38138157,-0.016955864,0.27235222,0.043963451,0.03219242,0.33426729,0.25571534,-0.089323036,0.23228844,0.3487266,0.41748491,0.16916555,-0.086007163,0.24808623,-1.3858273,-0.043047532,0.3252621,0.042165224,0.26320723,0.61988831,0.88180476,-0.39180601,-0.73160428,-0.39762032,-0.075433828,-2.0247045,0.53124619,0.31263345,0.37057999,-0.68030655,-1.480436,0.28608292,-0.63574225,0.22853744,-0.077445462,-0.085750557,0.70131755,0.11366086,0.38215417,0.37288585,-0.048766959,-0.19067472,-0.34725377,-2.1185014,-0.69443941,-0.88796103,0.051506788,-0.8003161,0.23760051,-0.066469915,-0.24360155,0.071960218,2
0.70384467,0.44389135,0.41540375,0.61729056,0.60916662,0.62856483,0.61485243,0.60192782,0.60872376,0.61644948,0.60842162,0.61297685,0.61016119,0.58845067,0.62256885,0.608132,0.61345792,0.62708354,0.61151296,0.59792697,0.60956299,0.60798144,0.6095525,0.60741913,0.60251677,0.59517407,0.61742389,0.61146188,0.60917073,0.60611266,0.6112259,0.61204112,0.60298735,0.59904134,0.60850251,0.59161317,0.59627062,0.6027391,0.59589994,0.60158956,-0.79286987,0.41012588,0.81456792,0.72338206,1.5497799,1.7777594,1.7301639,1.0815841,1.2609887,1.9958714,1.717235,1.5800231,0.51345551,-0.17959824,-0.39010498,-0.40656909,0.78067172,0.44334459,0.53189778,0.38851684,-0.8038789,0.10391907,-0.67816287,0.43581551,-0.76353616,-0.1376524,-0.14453314,0.59571266,0.057380825,1.3899986,-0.24781525,0.28568974,-1.12442,-0.1768084,-0.035434112,1.0615579,-1.0359818,0.73530984,0.2415287,-0.94417262,-0.079563498,-1.2969689,-0.40398362,0.39966801,1.0705996,0.64897603,-0.031560697,-1.7806091,0.60668373,0.14062473,-1.1540495,0.80723929,-0.002660163,0.10672791,0.5801661,0.10450172,0.41529313,-0.60835171,0.045651145,0.68493301,-0.55801141,-1.1066961,0.079256207,0.48257387,-0.27374902,0.31857944,-0.015474707,-0.15133706,-0.027731471,-0.26022393,0.35538661,0.67822921,-0.14790705,-0.32673299,-0.36363977,0.15723959,0.53045869,-1.2534552,0.52520502,-1.1600444,-0.29286474,-1.792312,-1.1923156,-0.15006396,-0.69248539,0.2215635,-0.39035368,0.030125275,-0.071913041,-0.379695,-0.85163724,-0.5478847,-0.090565711,-1.1316382,-0.29301134,-0.24023581,0.073712274,0.15052165,-0.45208475,-1.8983562,0.47157487,0.59582609,0.85321128,-0.20831692,0.47066173,0.28691167,-0.024321049,-0.32207894,-0.32133642,0.32642987,-0.57716179,0.013810113,0.53363198,-0.47513616,-0.78473771,-0.065979518,-0.69346255,-0.6871835,0.30660349,-0.4669562,0.12895703,-0.81163478,0.7133956,0.52846509,-0.01640771,0.004977927,-1.7386601,0.45734838,-0.044282679,-0.15609334,-0.067331687,-0.57014394,0.006615471,-0.18497612,-0.69746339,1.2058235,-0.65629482,0.18313767,0.45200568,-2.1577821,-0.085148498,0.18491256,-0.27568567,-0.45357448,-1.0407932,0.27176395,-0.058953524,0.42596641,0.74293077,-0.84060478,-0.1642175,0.095267966,-5.35E-05,0.066081546,0.36821309,0.084231183,-0.24134219,-1.417048,-1.9483562,-0.75063437,0.28334546,0.78281426,0.20099384,-0.39356306,-0.41593778,-0.005451128,1.2700968,-0.006819829,0.12002674,-0.40182528,-0.38188887,0.9772079,0.15151885,0.36493322,0.84814668,-0.22739397,-2.0168095,-0.12286698,0.46255624,-0.006997621,-0.12151557,-1.1417975,0.07669092,-1.6576144,0.28389129,-1.4300381,0.444713,-0.038090006,-0.94216084,0.099841639,0.25150666,0.58753884,-0.18681103,-0.24576937,-2.858243,0.28106692,-0.60356027,0.045553371,-0.087086692,0.19562691,0.61496288,0.14954279,-0.096903011,0.52076745,-1.9278219,-0.73216093,-0.14470842,0.48394269,-0.37786725,-0.020187423,0.18109748,0.42334795,-0.10127312,0.46648166,0.33765537,0.77784228,-0.81462121,-0.2834785,0.71354616,-0.15028834,0.097783163,-0.24431674,-0.39310512,-1.2431792,-0.42140433,0.14147699,-0.37077463,0.33291912,1.0740865,0.3953335,-0.36796269,0.28859973,-0.37256661,0.51834393,0.45823014,-0.38115957,0.070461884,1.8026191,0.10375327,0.1474894,-1.0568194,-0.23425345,-2.0442653,1.2217121,-1.6126647,-0.55526054,-0.025194839,-1.5581007,-0.25547189,0.17870581,0.15723225,0.54041922,0.43306753,0.33959645,-1.833807,0.94399607,0.041133732,1.3030778,0.013967844,-1.2304324,-0.01011081,-1.0168766,0.77228141,0.32748419,-0.86415243,0.35275185,-2.1641488,-1.7523932,-1.5117542,-0.19715536,0.36832458,0.60954314,0.39695525,-1.2697713,1.0665054,-1.3114105,-0.23025227,0.30342048,-1.3862153,-0.032016106,0.11092682,0.52718771,-0.031651355,0.32986334,-0.19712731,0.4232913,0.040673561,0.67006552,0.000289079,-0.19731572,-0.9493773,0.59368861,1.0780205,-0.7441715,0.59979832,0.60372603,0.39025909,-0.7491467,0.73585844,0.15616065,-1.2580349,-0.7524128,0.12190378,0.012369722,0.11565575,0.7854386,-0.35006052,-0.59816933,-0.65322751,-0.035832271,0.4231036,-0.21631861,-0.19918358,-0.49190372,0.23992851,1.2044199,-1.2939452,0.13034859,0.38805658,-0.58766204,-0.086129442,-0.20111743,-1.5269749,-2.1936698,-0.15663593,0.84443462,0.04435049,-0.32105941,0.83708602,0.13159665,0.53650421,0.40632623,-0.19140045,-0.86504519,0.30343834,0.064609505,-0.17117918,-0.60011637,0.24855885,0.20181186,1.4262631,-1.7080033,-0.016578807,1.4305952,1.8326175,0.45667383,-1.3574851,-0.4239502,-0.79978609,-0.31842536,0.10017135,0.29439521,0.84779131,0.34738639,0.58584303,0.21053404,0.23167926,0.83062339,0.61986566,1.0364728,-0.92760837,0.21185437,0.13322282,0.15119693,-0.39818895,-0.24964681,-1.6230954,0.45846283,0.022305809,-0.3026883,-0.14970218,0.24710689,0.18074182,-0.7103169,0.25786364,-0.14251806,0.55860507,-0.52629685,0.54564977,1.061496,0.30750382,0.076391608,0.62733918,-0.013105743,-0.12894145,-1.0513506,0.30474532,-0.68117201,-0.048235059,0.66671813,-0.97592491,-0.51238286,0.45888638,0.25982064,-0.82615292,-1.3487676,0.74595493,-0.56803918,-0.24025746,-1.6451249,0.15874676,-0.1709809,-0.68723834,-0.50973159,1.0465498,0.26279643,-2.1123524,-1.1896508,-0.50200212,0.024689734,0.33073974,-0.20441583,0.097485296,0.46333161,0.32369214,-0.25311226,0.23317465,0.33231372,0.3087818,-0.13490514,-0.14111696,0.20038284,-1.3234385,0.04752652,0.45233381,0.10919526,0.24885547,0.58669335,1.0263963,-0.49271435,-0.91689789,-0.41171014,0.18295702,-1.9362061,0.30065703,0.28962693,0.50957,-0.87137055,-1.5378466,0.25678563,-0.56621003,0.12290829,-0.028274931,0.069425881,0.51178867,0.18198583,0.43209761,0.3704145,0.002465991,-0.35314482,-0.40011752,-2.3521259,-0.68981069,-1.1631584,0.25010318,-1.2307162,0.2699917,-0.16146296,-0.39427221,0.12571733,2
0.48797786,0.23494318,0.20150384,0.47275147,0.46561599,0.47463092,0.46854925,0.46154368,0.44874436,0.45693809,0.45549697,0.47178459,0.46815047,0.45040628,0.49322689,0.46426815,0.47036332,0.47386873,0.45493257,0.45406383,0.45328075,0.46169111,0.44792858,0.45039231,0.45100272,0.4451279,0.46561575,0.45076472,0.45635131,0.4450832,0.45049164,0.45927715,0.44077295,0.44320571,0.44842714,0.44581828,0.42870599,0.45221767,0.43296805,0.43595883,-0.75839651,0.1985935,0.1549477,0.25267237,1.1737783,1.5038218,1.027944,0.48556966,0.59210622,1.4204291,1.2257904,0.96411914,0.15942386,-0.19322413,-0.12509547,-0.39648387,0.3778297,0.22210693,0.29182795,0.14137451,-0.50859183,0.056007523,-0.62553489,0.28277498,-0.63051581,-0.036743909,-0.094821148,0.6746617,0.13054237,1.2626188,-0.17503206,0.13206121,-0.97902906,-0.29840776,0.012556648,0.38988402,-0.9059813,0.39094284,0.14554638,-0.85982317,-0.14013775,-0.98337489,-0.5715152,0.37924764,0.47987401,0.57481486,-0.069222137,-1.5441293,0.8586275,0.066697992,-0.89063168,0.60587168,0.11800066,0.088435195,0.55258954,0.13327874,0.2903226,-0.36601976,-0.011663282,0.51796103,-0.62163091,-1.0435452,0.03498425,0.5616048,-0.37970942,0.20372918,0.22169495,-0.13001078,-0.051116206,-0.35650218,0.35926151,0.57993585,-0.19902328,-0.34489477,-0.11231267,-0.14789118,0.27006686,-0.9274354,0.32967401,-0.7948187,-0.32353413,-1.5614359,-0.8434639,-0.13898017,-0.40471819,0.15906273,-0.39409432,0.045430757,-0.1802412,-0.15054289,-0.71549004,-0.62940824,0.94448209,-0.95335764,-0.21447802,-0.177533,0.089265257,0.35176933,-0.38209915,-1.3507961,0.80589628,0.36227146,0.83489913,-0.10431302,0.40207186,0.26746351,0.01895538,0.40623125,-0.081583887,0.26009679,-0.47207668,-0.1297604,0.17936964,-0.20871446,-0.66240567,0.008108199,-0.4382318,-0.56395668,0.3578876,-0.39715773,-0.033026088,-0.59956074,0.61807483,0.71222055,0.08116588,0.097176164,-1.5997782,0.82755893,0.022765599,-0.1905207,0.2314198,-0.44581345,-0.1132987,-0.15792985,-0.47015944,1.0572605,-0.63711017,0.05132113,0.28240421,-1.3711599,-0.24380389,0.2308802,-0.040038817,-0.35238945,-0.82869339,0.39079511,0.023322076,0.37965181,0.70139104,-0.69862336,-0.22254673,0.056900229,0.092213586,0.22901988,0.42061853,0.17935035,-0.049759027,-1.0983881,-1.5433025,-0.61727363,0.17904523,0.48098952,0.35177913,-0.48489276,-0.31186357,0.11815321,1.0007281,-0.003481247,0.11575397,-0.36874384,-0.25467351,1.0187849,0.10868594,0.15393481,1.9585205,-0.22335118,-2.0974605,-0.009102672,0.7230773,-0.023981303,-0.13694383,-0.59818357,0.034983151,-1.4088928,0.21540758,-1.0704477,0.17861032,0.27087614,-0.75866652,-0.12047301,0.25378117,0.56192899,-0.19643319,0.013544649,-2.3277493,0.22096971,-0.35184133,-0.14626051,-0.091410592,0.21532464,0.39186108,0.12927392,-0.013205886,0.44773236,-1.2764605,-0.83605456,-0.12757403,0.60228574,-0.27350044,0.080737479,0.1050249,0.23926771,-0.039138984,0.28388035,0.32165492,0.6113528,-0.77748847,-0.40024555,0.54233205,-0.094273865,0.23151726,-0.045922726,-0.080256864,-1.1927779,-0.37698978,0.095181122,-0.43960485,0.40672112,1.2394755,0.29107022,-0.3456558,0.12037176,-0.34817582,0.45354748,0.58893794,-0.33518901,0.013424143,1.3461612,0.096682355,0.18069771,-0.86089796,-0.26863107,-1.8500865,0.70771122,-1.1911877,-0.3083539,-0.064941354,-0.72159678,-0.41792291,0.16675332,0.10658516,0.68867552,0.56488073,0.53741843,-1.693338,0.93474841,0.27661046,0.99905825,0.062563345,-0.97490817,0.015440106,-0.86088073,0.57632262,0.41597587,-0.62979215,0.51060939,-1.5950922,-1.5849032,-1.2374104,-0.37759864,0.49984127,0.74411213,0.15293959,-0.92812556,0.64683133,-1.0149946,-0.055964127,0.25208339,-0.8563059,0.019103922,-0.042406186,0.49827361,0.050013795,0.36172748,-0.10110931,0.60758352,0.021333627,0.40535858,-0.074522279,-0.10236111,-0.69682395,0.2701793,0.8888886,-0.51792485,0.64771724,0.4058603,0.40503451,-0.69338053,0.6594277,0.17404872,-0.81547976,-0.59228587,0.052450478,0.15107371,0.16209926,0.75747317,-0.14817245,-0.41536719,-0.47363296,-0.010274898,0.56707186,-0.26876554,0.16216955,-0.36781615,0.073652513,1.0679034,-0.97207642,0.079082333,0.38195151,-0.5238629,-0.00211722,0.18957195,-1.2132865,-1.7679143,-0.15702516,0.48810071,0.029310077,-0.13464341,0.66941297,0.15012017,0.32216632,0.16208558,0.25823176,-0.46610877,0.093681164,0.083869152,-0.039673906,0.18192941,0.14362168,0.055798151,1.0845011,-1.5294706,-0.19400531,1.2616762,1.2695374,0.39064664,-1.2709817,-0.18394649,-0.54889411,-0.21139592,0.025509609,0.30670273,0.86692655,0.70291114,0.18560079,0.32624802,0.17401163,0.71618408,0.64048797,1.213414,-0.83177096,0.12303045,0.4179531,0.026464835,-0.42526075,-0.13275996,-1.2844225,0.18606403,-0.059383791,-0.40072003,0.007906504,0.75413781,0.10107815,-0.52832001,0.21133484,-0.25236812,0.1894111,-0.025894895,0.36603603,0.83384281,0.25504217,-0.072144702,0.56461275,-0.07492581,0.009972006,-0.83455074,0.21442017,-0.69745129,0.18739322,0.64603209,-0.72678119,-0.46671331,0.42712495,0.20498192,-0.49134237,-1.0179917,0.57819533,-0.58636403,0.09106034,-1.7263707,0.30691582,-0.23066783,-0.50793326,-0.49097902,0.94180954,0.40600482,-1.6826032,-1.1581222,-0.35399708,0.034835339,0.3958165,-0.086807974,0.001492986,0.31948197,0.12923755,-0.10869136,0.15558115,0.23874572,0.40338182,-0.065836035,-0.20285383,0.25205135,-1.2687315,-0.068900496,0.48627859,0.10294965,0.13954632,0.54674649,1.0633293,-0.40210041,-0.7271961,-0.35057414,0.55408454,-1.8222386,0.37068173,0.12839144,0.31499389,-0.69073391,-1.1259671,0.25777197,-0.66646093,0.065647602,0.039027262,-0.014555991,0.47037089,-0.01237154,0.25129884,0.28177005,-0.030240498,-0.082642302,-0.34270483,-1.863019,-0.75615382,-0.82461071,-0.10250249,-0.81961638,0.1271861,-0.07765311,-0.27867812,-0.049479511,2
0.61908537,0.37240639,0.3279615,0.57745183,0.57192802,0.59693033,0.58025944,0.5535807,0.57207763,0.56030595,0.569695,0.56810832,0.57445943,0.55243325,0.5721181,0.56306529,0.59240562,0.59644699,0.56974047,0.56880856,0.56835359,0.55953944,0.55556631,0.56499588,0.57121825,0.55100465,0.55476916,0.55293083,0.57222855,0.54948646,0.54461038,0.55882931,0.54734194,0.54874545,0.56023502,0.53904366,0.54911935,0.56650949,0.54120022,0.54517579,-1.0735321,0.32080498,0.46794564,0.44883084,1.4003643,1.748829,1.3485571,0.76871419,0.90759623,1.7016561,1.4704653,1.2598238,0.38431332,-0.20799139,-0.24462053,-0.46241066,0.64749682,0.3631722,0.42383003,0.27552611,-0.97290832,0.075370356,-0.67460787,0.37847069,-0.80564469,-0.1800493,-0.18363085,0.74052179,0.076736122,1.5434858,-0.16671106,0.19188425,-1.1869928,-0.22797692,-0.011566624,0.8763274,-1.0481936,0.53239739,0.21045794,-0.99312198,-0.18562749,-1.228587,-0.59793055,0.50852901,0.87114251,0.72603017,-0.035442054,-1.7158811,0.6739518,0.13468093,-1.1659175,0.7856068,-0.003613241,0.14909454,0.52483386,-0.033858642,0.36198634,-0.34975243,-0.009364823,0.62261045,-0.49930492,-1.0916324,0.026792094,0.53708768,-0.2913864,0.28190663,-0.063745022,-0.19561639,-0.027652606,-0.31631976,0.49722674,0.67071784,-0.21737632,-0.39863145,-0.17117125,0.019754291,0.53036869,-1.0427427,0.42112118,-1.235581,-0.39560276,-1.8105829,-0.88307071,-0.087370589,-0.57264209,0.33037713,-0.51446503,0.038784295,-0.13828501,-0.20580167,-0.85178936,-0.62963998,0.22109541,-1.0659326,-0.25242609,-0.052996509,0.094358698,0.32759154,-0.43422839,-1.6296571,0.37206352,0.50790799,0.81769419,-0.16651075,0.52242476,0.32307985,0.041343801,-0.35316297,-0.28534743,0.45378232,-0.61618012,-0.092400253,0.35077697,-0.35308582,-0.84857285,-0.004503422,-0.58332062,-0.53145301,0.32432464,-0.30668628,-0.015006099,-0.73712033,0.83239782,0.76707864,0.21614426,0.1661644,-1.9271683,0.73689258,0.060795039,-0.1041985,-0.077831246,-0.53977346,0.00120895,-0.16740818,-0.79358077,1.019619,-0.85475111,0.15367711,0.40967396,-1.5896547,-0.084898189,0.3194555,-0.15903348,-0.48682004,-0.90896052,0.41459677,0.10877633,0.38019678,0.61817914,-0.80296582,-0.20974083,0.090996921,0.17905712,0.082796425,0.26800776,0.066981301,-0.041911602,-1.3138372,-1.7935693,-0.64349598,0.24527076,0.68669647,0.39471433,-0.54561627,-0.20589463,0.051110595,1.0319469,-0.28116375,0.092530094,-0.26145405,-0.2470814,1.0674531,0.13341036,0.28843287,1.6875669,-0.1773372,-2.1821589,-0.03462182,0.62169808,0.044292595,-0.23534289,-0.72248775,0.11575658,-1.5193682,0.15576431,-1.0427763,0.13871938,0.17970936,-0.91055644,0.003884144,0.24363421,0.50042325,-0.15547803,-0.45865545,-2.5913644,0.29584929,-0.6533947,-0.009972721,0.096601784,0.23545749,0.55054539,0.077793196,-0.078877732,0.63139504,-1.522779,-1.0026324,0.025077358,0.41113546,-0.42900974,0.1628826,0.095213041,0.36314517,-0.043429948,0.47139677,0.4831537,0.61382246,-0.89546639,-0.41691086,0.58366293,-0.13519561,0.17366485,0.002368184,-0.33698943,-1.3395888,-0.48851806,0.12805565,-0.45857286,0.53693783,1.0424495,0.37990183,-0.52448726,0.19110849,-0.37921259,0.56198657,0.51778424,-0.47230405,0.027493402,1.4583641,0.14888126,0.13064855,-1.0322939,-0.12777601,-1.985199,0.96218812,-1.4622834,-0.14563826,0.049752831,-1.362483,-0.23197681,0.15625693,0.15157917,0.66175872,0.53462398,0.29854861,-1.9040563,0.92630517,0.15512322,0.94711572,0.046011612,-1.2715225,-7.34E-05,-0.94169354,0.5729692,0.49643633,-0.79082996,0.24867396,-1.7447093,-1.7432287,-1.3979124,-0.35827801,0.3953613,1.0970869,0.28793392,-0.99844337,0.8500157,-1.1007997,-0.14975949,0.32765716,-1.1401726,-0.14164849,0.013207735,0.46003282,0.19042346,0.29770157,-0.1058901,0.78291607,0.032766558,0.52783233,0.035512976,-0.1639632,-0.78941226,0.45042562,1.0050638,-0.6337378,0.65605617,0.57571107,0.31270397,-0.74043286,0.73019451,0.31846756,-0.98225164,-0.72561187,0.061167687,0.16070844,0.089619115,0.69314194,-0.28999281,-0.43658423,-0.5878731,-0.009873101,0.37573329,-0.2772795,0.10204547,-0.42352527,0.17036413,1.1179264,-1.130595,0.15561804,0.36324185,-0.52109045,-0.044912502,-0.037276089,-1.3338056,-2.0065811,-0.24727033,0.66023779,-0.043612912,-0.14679055,0.77053279,0.12841013,0.55729991,0.28723481,-0.15726313,-0.48546278,0.2235519,0.14021796,-0.016660826,-0.50882208,0.26662451,0.057796437,1.0523257,-1.7180418,-0.08540675,1.3657367,1.1034663,0.36257708,-1.4490316,-0.31829178,-0.55593026,-0.28389633,0.068884179,0.42449105,0.77938002,0.72647631,0.34817657,0.18590072,0.17706285,1.3298528,0.666269,1.2023067,-1.0835916,0.3583881,0.21723738,0.13327996,-0.45932955,-0.15551394,-1.6326081,0.35468921,-0.02822208,-0.38184574,-0.24573046,0.38800615,0.068875,-0.69035202,0.23922852,-0.25335407,0.32081145,-0.1090434,0.32250479,1.0141503,0.33142009,-0.021761665,0.60452622,-0.037760355,0.010271404,-0.93424094,0.2350224,-0.65821898,0.14467049,0.79111785,-0.88805509,-0.39167398,0.50862175,0.40108448,-0.6768375,-1.0581686,0.58014315,-0.5120973,-0.055493422,-1.8126084,0.23697379,-0.24184155,-0.59397304,-0.50828755,1.0255824,0.37826106,-1.8166432,-1.2843376,-0.43185496,0.023372261,0.40442353,-0.13187541,0.061072767,0.37587586,0.21814996,-0.16271532,0.30257303,0.22344178,0.34746212,0.053770468,-0.26474693,0.30069482,-1.4461784,-0.045599468,0.42859745,0.062520862,0.24039614,0.65611273,1.1906856,-0.44703892,-0.85668063,-0.36197123,0.020537797,-2.0232375,0.2915985,0.35117733,0.49517688,-0.82921356,-1.3588136,0.21084256,-0.70553565,0.22935337,-0.090400591,-0.10437872,0.34219104,0.098644853,0.37814519,0.29166099,0.020333724,-0.087341711,-0.39847106,-2.2719541,-0.76936036,-0.93668312,0.070783377,-0.88270211,0.20558894,-0.17540626,-0.32180634,0.15244389,2
0.71150273,0.45534605,0.41557273,0.69746691,0.67068267,0.69024777,0.68876451,0.6663993,0.67641991,0.66942221,0.67194283,0.67221266,0.67316365,0.6534338,0.68181324,0.66601545,0.68225211,0.68446404,0.6684866,0.66762507,0.65429956,0.66691482,0.65500379,0.66850436,0.67117882,0.6530385,0.66279352,0.64750963,0.66977602,0.65682805,0.65853429,0.66065389,0.652632,0.64954638,0.65278137,0.64098799,0.64330441,0.65836,0.63876122,0.64530361,-0.94912809,0.40636134,0.41808772,0.44311902,1.3750154,1.7187397,1.2919524,0.73001909,0.85505766,1.6596419,1.4375457,1.2126313,0.2575852,-0.20914574,-0.48994982,-0.39367825,0.53046542,0.31201756,0.37891284,0.22826514,-0.92706293,0.04719007,-0.74139434,0.327115,-0.9455902,-0.1089183,-0.19835186,0.66772032,0.31271455,1.2592711,-0.19774203,0.19317928,-1.1782964,-0.34738684,-0.071733639,0.69522142,-1.194119,0.55627078,0.16806197,-0.95548093,-0.16413376,-1.1159189,-0.55167979,0.32423964,0.65385115,0.69353479,-0.034220107,-1.7059962,0.77243227,0.11931953,-1.0451914,0.76636183,0.029473726,0.13022003,0.60564387,-0.003457174,0.35450739,-0.29722816,-0.023918094,0.5864535,-0.85142308,-1.1389793,0.030987713,0.52878654,-0.28073803,0.29112524,0.19337773,-0.14992675,-0.082726412,-0.38574803,0.41968277,0.55927569,-0.21563202,-0.35664815,-0.095332712,0.017717987,0.20541772,-1.0316417,0.36782095,-1.0192337,-0.36395615,-1.8327049,-0.84463453,-0.11431243,-0.51901495,0.26946169,-0.45751843,0.075328469,-0.10002019,-0.012166902,-0.87542385,-0.58417749,0.39644706,-1.0817928,-0.18546756,-0.10500824,0.049395934,0.5099085,-0.37813926,-1.4854882,0.69916397,0.47676647,0.88667744,-0.20168751,0.51113766,0.40366614,0.092809677,-0.2060267,-0.2050301,0.27329114,-0.63446879,0.009968177,0.31496674,-0.15191293,-0.72226542,0.11901313,-0.48339212,-0.54052949,0.30846232,-0.37950611,-0.017272057,-0.86868608,0.82690728,0.95891452,0.18798003,0.048995286,-1.7625599,0.50758779,0.052356131,-0.054965399,-0.075670108,-0.56498975,0.16779663,-0.15248238,-0.66648966,1.0088885,-0.75177628,0.068216689,0.40194279,-1.49878,-0.21483728,0.23154069,-0.10890778,-0.32577884,-0.97434354,0.40299237,0.026799381,0.32435071,0.87587702,-0.80776584,-0.22310574,0.035765231,-0.031273451,0.15460579,0.10556217,0.19479987,-0.15660453,-1.2539167,-1.828254,-0.76553988,0.21734615,0.65273994,0.48673606,-0.40436071,-0.47601825,0.077609979,1.0264726,-0.13869381,0.099376276,-0.21214454,-0.230929,0.90000325,0.14191437,0.23829618,1.2935152,-0.11758662,-2.3371842,-0.094669588,0.63053405,0.058514379,-0.14835416,-0.58615422,-0.034305364,-1.463341,0.22217512,-1.1198239,0.15270209,0.19309467,-0.91870522,-0.041287005,0.20755947,0.50699323,-0.2268323,-0.11175023,-2.5154176,0.2073853,-0.65153849,-0.020673588,-0.037507087,0.078013785,0.5243938,0.1547838,-0.20718537,0.20784247,-1.3301729,-0.85454643,-0.29961523,0.41471928,-0.3877722,0.065219611,0.17774253,0.35876599,-0.013254464,0.43819091,0.39232579,0.88133645,-1.0192052,-0.36430448,0.45878944,-0.036733247,0.18940279,-0.010761499,-0.24136046,-1.3129444,-0.48087555,0.14696082,-0.46483797,0.49730581,0.99062055,0.41595078,-0.50803101,0.20615774,-0.41762364,0.65886933,0.51917928,-0.42715687,0.081911571,1.6751616,0.22214472,0.14304793,-0.91079962,-0.21178718,-1.9311883,0.92904365,-1.1577364,-0.26750308,-0.17289384,-1.4612308,-0.47479248,0.17006591,0.046527922,0.9016577,0.42351657,0.27486759,-1.8607519,0.82925612,0.068597138,1.2361627,0.11417995,-1.2330785,0.094752505,-0.94312888,0.50098598,0.26248014,-0.89866388,0.33083943,-1.6606914,-1.5350015,-1.3396537,-0.34218371,0.60158956,0.53903091,0.24368861,-0.82895154,0.74489599,-1.1058296,-0.070782296,0.40234596,-1.0398623,-0.051246211,0.006669258,0.53982598,0.14007924,0.39263737,-0.053122625,0.62925923,0.009123744,0.50836229,-0.093318179,-0.099641137,-0.78166628,0.40266663,1.1742896,-0.5669592,0.61699867,0.52192152,0.39691746,-0.63682944,0.59835821,0.017008036,-0.77713645,-0.70888293,0.075358398,-0.005751848,0.093007073,0.75299585,-0.15107159,-0.5591132,-0.59942174,-0.048143104,0.60414839,-0.19447543,0.096738413,-0.36887968,0.1307449,1.0625702,-1.0548954,0.11025313,0.37568951,-0.55546868,-0.059811242,0.03336072,-1.2338053,-1.9753668,-0.17867585,0.62494242,0.12520701,-0.12324616,0.79881078,0.18931901,0.42358258,0.27750093,-0.11366309,-0.41044492,0.19197991,0.28839681,-0.10306811,-0.46784374,0.24338055,0.14514668,1.3171242,-1.6558541,-0.069401763,1.3131521,1.7016296,0.42569003,-1.4770505,-0.2367954,-0.44219571,-0.21229729,0.001943894,0.28210473,0.79354763,0.55090922,0.47016019,0.15607984,0.2471811,0.87277025,0.67216396,0.97941011,-0.98120892,0.18967958,0.2077533,0.090775512,-0.37943041,-0.14100099,-1.4780176,0.30281082,-0.003303055,-0.39583793,-0.22087017,0.43616524,0.20558336,-0.70150465,0.20470467,-0.28875446,0.35213214,-0.043959148,0.51519102,1.0621142,0.34528852,0.000715537,0.61812085,-0.12143954,0.11036449,-0.95065039,0.25851864,-0.81480002,-0.090508044,0.51207209,-0.99089271,-0.45441121,0.49707094,0.32444552,-0.49774158,-1.1805935,0.56199813,-0.6745342,0.012200452,-1.7691913,0.31260806,-0.30633029,-0.70548826,-0.46772996,1.0607196,0.4625712,-1.8251303,-1.1944971,-0.43975866,-0.01428188,0.27925688,-0.16404861,0.066066079,0.37020385,0.21003148,-0.18207508,0.23990208,0.31289941,0.42987534,-0.043885618,-0.21573135,0.4863745,-1.519196,-0.059554797,0.30272803,0.070333518,0.28072941,0.70098692,1.0673981,-0.34711772,-0.84286046,-0.43625173,0.20272961,-1.9579308,0.51902002,0.24476144,0.40931487,-0.7496984,-1.2522343,0.24446249,-0.6472578,0.15651938,-0.011871204,-0.063422039,0.68260545,0.084172003,0.31109375,0.29447585,0.06689059,-0.11511238,-0.27710193,-2.1401024,-0.69746876,-0.85188246,0.021251313,-0.8159641,0.1045002,-0.03855978,-0.23206411,0.045994245,2
0.59356081,0.34367681,0.30092651,0.5534718,0.53845364,0.56856477,0.55324709,0.53463435,0.5458107,0.54899931,0.54391986,0.54401338,0.54659438,0.52505088,0.55355716,0.53572762,0.54519415,0.57162035,0.5519985,0.53307736,0.52627558,0.54743904,0.54084629,0.53516233,0.54169422,0.53626895,0.54752296,0.53344929,0.54945898,0.54180968,0.54081637,0.53902543,0.52955806,0.52815652,0.54279727,0.52012193,0.51278758,0.53503913,0.51939082,0.52453649,-0.99090582,0.28621966,0.48717326,0.5142628,1.4402802,1.7780972,1.3968308,0.81682169,0.94429755,1.7649964,1.520915,1.3000406,0.40546644,-0.21160838,-0.31289896,-0.41132528,0.69610929,0.38468337,0.39385396,0.2960785,-0.93735939,-0.003460811,-0.59555554,0.3206839,-0.79417604,-0.11493018,-0.182787,0.64811713,0.21241614,1.2635525,-0.1687189,0.21530634,-1.1661595,-0.31235522,-0.05217503,0.97737205,-1.2514763,0.56142217,0.17824867,-0.9933272,-0.13946606,-1.1530946,-0.57286108,0.42271441,0.95971847,0.67557508,-0.019973576,-1.6697485,0.69905746,0.13312063,-1.1384529,0.73569793,0.021226723,0.1575665,0.52192724,-0.14613339,0.2799769,-0.32460499,-0.018675102,0.61351246,-0.58011991,-1.0644751,0.016648233,0.51572484,-0.3898479,0.30872571,0.20766488,-0.21664152,-0.057878815,-0.30465946,0.46185526,0.68121231,-0.2424065,-0.4209168,-0.32481879,0.21240503,0.51109284,-1.198457,0.39353675,-0.80448526,-0.41703793,-1.8069556,-0.94476527,-0.08814273,-0.48246747,0.31204915,-0.41939741,0.060715951,-0.13313916,-0.12248451,-0.82606983,-0.63565165,0.29031464,-1.0738673,-0.17225142,-0.088203505,0.011798427,0.17923428,-0.42043608,-1.6483099,0.59716672,0.49817812,0.86267823,-0.25484866,0.52681082,0.35210192,0.065222666,0.048448175,-0.26606637,0.3257297,-0.73903537,-0.019934013,0.37478477,-0.32212132,-0.75486714,-0.044513833,-0.55225843,-0.65502173,0.37957031,-0.36588657,-0.018682705,-0.77695143,0.78140408,0.75917178,0.16802247,0.004657909,-1.8190024,0.49164429,0.009885788,-0.18056644,-0.054862298,-0.54678857,0.079081632,-0.18645903,-0.66844743,1.108638,-0.81196612,0.14980927,0.49727464,-1.6236649,-0.16785014,0.23792583,-0.12208248,-0.39452523,-0.98070228,0.32420897,0.046112329,0.42538798,0.92006111,-0.81611681,-0.26657081,0.086305171,-0.055495575,0.20945033,0.27700391,0.098856963,-0.074272826,-1.2550005,-1.9073164,-0.85675395,0.2628271,0.65944356,0.40208942,-0.43542129,-0.51464558,0.059268683,1.3923347,-0.10905623,0.14282572,-0.20942023,-0.24622665,0.92537028,0.1241911,0.28812718,1.4397142,-0.15572783,-2.4657309,-0.039541338,0.65453005,0.061297175,-0.16638786,-0.69036847,-0.025524855,-1.5048026,0.18323417,-1.1687309,0.30411744,0.1890289,-0.87488252,-0.047163486,0.16377896,0.57581049,-0.19479705,0.032270461,-2.4725904,0.24405786,-0.64503551,-0.04539701,-0.14574069,0.19512966,0.53378981,0.17031009,-0.26159376,0.38164884,-1.5556135,-0.95244879,-0.24362028,0.46923381,-0.4554286,0.036711499,0.18802302,0.35982385,0.013218638,0.52806664,0.37261894,0.75442415,-1.0172118,-0.40700772,0.71123707,-0.11794756,0.21700171,-0.1431683,-0.28571609,-1.2651473,-0.42505968,0.1183044,-0.45985961,0.45809671,1.1404346,0.37287775,-0.48354852,0.15438689,-0.4592126,0.57020545,0.53169423,-0.4061805,0.088879183,1.7481179,0.17198122,0.22408961,-0.95289898,-0.2350343,-1.9275281,0.99966562,-1.2610505,-0.21200436,-0.19309291,-1.3564836,-0.40053988,0.19739537,0.154028,0.86984086,0.5087595,0.40050733,-1.9124449,0.95170921,0.1137972,1.1501789,-0.026441397,-1.2855302,-0.009844184,-1.0550864,0.53947866,0.37223005,-0.93031186,0.30799174,-1.7306699,-1.4388945,-1.4884989,-0.338617,0.54634511,0.72242022,0.24882323,-0.93464029,0.79328525,-1.2725725,-0.15231213,0.37154347,-1.2023541,-0.094065256,0.009379583,0.503842,0.081445321,0.37442037,-0.12540069,0.46439853,0.066838533,0.53731048,0.036128551,-0.16850024,-0.77952927,0.45861518,1.0527958,-0.67142582,0.60928476,0.52722925,0.3757084,-0.6662246,0.60575473,0.13758659,-0.93089056,-0.7109763,0.070776835,0.075181298,0.12772481,0.86078161,-0.26418197,-0.53118724,-0.54002535,-0.004449451,0.43483686,-0.23848298,0.11816283,-0.37089357,0.18643306,1.1868476,-1.0369006,0.20214435,0.32059255,-0.62829173,-0.063877948,-0.17070703,-1.3426825,-2.1350784,-0.18967345,0.63238186,0.049938798,-0.16356486,0.73766291,0.22799951,0.42370585,0.29139328,-0.10415974,-0.51499772,0.24287242,0.10749925,-0.10338464,-0.22212419,0.24030197,0.14929909,1.3547801,-1.6161771,-0.061331313,1.4224628,1.7792054,0.46255106,-1.4045129,-0.28801003,-0.41205424,-0.23097688,0.10787907,0.29953545,0.83605075,0.5121429,0.63419163,0.20396072,0.22870192,1.1422014,0.63208836,1.1839036,-1.0377908,0.30488652,0.26393148,0.12797832,-0.3973746,-0.10318947,-1.4952564,0.3564111,-0.014609549,-0.34937763,-0.12511547,0.42357183,0.12710418,-0.67490697,0.22730014,-0.31269863,0.43892229,-0.12882598,0.60508645,1.0875287,0.37146091,-0.052702785,0.60492069,-0.16667758,-0.020840866,-1.0388876,0.35685459,-0.72386229,-0.068656653,0.56422997,-0.93533921,-0.40561754,0.4483825,0.39651078,-0.64139581,-1.1876699,0.67839742,-0.69013417,0.069416843,-1.7364628,0.34824857,-0.25559193,-0.73297644,-0.56298387,1.0506837,0.38548183,-1.8084657,-1.2435913,-0.43080503,-0.002903888,0.34697738,-0.13248461,0.066924557,0.42648527,0.24615201,-0.16433434,0.25029978,0.36443284,0.33437771,0.048406586,-0.13152444,0.33413938,-1.5664492,0.13677786,0.45557994,0.023864899,0.19573796,0.69475925,1.1822681,-0.34379321,-0.93362504,-0.32447875,0.22681275,-2.0652099,0.3707265,0.34857729,0.45803922,-0.84760767,-1.3984398,0.27916524,-0.64063323,0.29176685,0.009783275,-0.004891604,0.64196277,0.12357819,0.34954378,0.40496755,0.061798435,-0.14151303,-0.39378199,-2.1462991,-0.77804089,-0.86085325,0.052597143,-0.93481314,0.20633522,-0.017519176,-0.28872368,0.10529925,2
0.60401773,0.34352431,0.31239936,0.56654739,0.54294717,0.56840968,0.5538249,0.54264557,0.54192555,0.55323422,0.53281951,0.54912657,0.54588717,0.53742337,0.56422985,0.54679435,0.54941726,0.57211316,0.55224955,0.54153752,0.524957,0.54902619,0.53422308,0.53436178,0.53903222,0.54089522,0.55674541,0.53644437,0.54054785,0.54749048,0.53030187,0.54486537,0.53867835,0.54194355,0.54044026,0.5337168,0.52317774,0.53335428,0.52308834,0.53029454,-1.0115706,0.30224675,0.61124313,0.58248317,1.5271556,1.7368624,1.5351356,0.91728806,1.0749552,1.8484519,1.6026195,1.4154835,0.30138847,-0.26275927,-0.36820734,-0.35256374,0.69143641,0.36949575,0.45674446,0.29105505,-0.75117987,0.023703571,-0.54377401,0.44734281,-0.8130886,-0.075773068,-0.19510962,0.80972993,0.58084935,1.2435195,-0.22638172,0.20303157,-1.2634152,-0.27458507,-0.022535183,1.0922563,-1.2941159,0.55058599,0.25213468,-1.0461599,-0.043875448,-0.59234297,-0.67918688,0.36934268,0.95787382,0.85198903,0.043986067,-1.741452,0.66804737,0.16194415,-0.91354752,0.9386698,0.054464884,-0.025458511,0.52297753,-0.11758672,0.28015202,-0.49325356,-0.005694166,0.59133267,-1.0144112,-1.2459916,0.10377603,0.68543035,-0.42158759,0.20874469,0.32316196,-0.13783526,-0.057122573,-0.38538396,0.44460315,0.94260669,-0.27437752,-0.39776999,-0.25179565,0.47362453,0.34110183,-1.0554651,0.37280509,-1.1306155,-0.50572258,-1.9045089,-1.0599661,-0.074738815,-0.19161224,0.32100686,-0.52477664,0.21464169,-0.15710884,-0.092885911,-0.80751377,-0.3219538,0.26108566,-1.2069527,-0.29430714,-0.2416046,-0.072758004,0.35807133,-0.43443599,-1.6260047,0.63534498,0.52663386,0.93979782,-0.34629524,0.62929678,0.40766329,0.10104892,-0.25611222,-0.37784225,0.23958009,-0.76915801,-0.34419465,0.38354236,-0.27665436,-0.84491253,-0.017353818,-0.60454094,-0.68972731,0.38353673,-0.46559545,0.037182271,-0.84983099,0.83945459,0.68034267,0.01085218,0.090473585,-1.8776115,0.4306829,-0.04038721,-0.22428587,-0.13778919,-0.64328367,-0.074369624,-0.13112992,-0.61895353,1.0698963,-0.78289151,0.13230665,0.44837302,-1.867323,-0.18775649,0.51372552,-0.11199926,-0.45861849,-1.0433493,0.48855615,0.35477087,0.34838063,1.0474178,-0.85301596,-0.25842583,0.088506483,-0.070077427,0.26230222,0.33769497,0.14307126,-0.17722468,-1.4075356,-1.7261412,-0.96181768,0.2617141,0.522838,0.6190756,-0.4798663,-0.4507615,0.17963475,1.5874617,-0.057158791,0.070084885,-0.45741078,-0.31998342,1.0435095,0.18134889,0.27697894,1.3677099,-0.079083323,-2.308187,-0.081851892,0.65448344,-0.020387033,-0.021578893,-0.75683916,0.079781607,-1.7030467,0.2420453,-1.3916583,0.5646174,0.079902284,-0.92132509,-0.017259631,0.12319979,0.61790657,-0.22816698,-0.074753046,-2.795265,0.2719138,-0.75589085,-0.042339813,-0.099413171,0.2356402,0.69252181,0.1261799,-0.26846868,0.48775071,-1.6032135,-0.85715306,-0.34068972,0.51324826,-0.5022127,-0.001765892,0.20637026,0.59336406,0.036313534,0.53420097,0.33356905,0.8471362,-1.0581858,-0.38802975,0.67093384,-0.11032347,0.27516082,-0.10038447,-0.15856828,-1.2718027,-0.51710153,0.11729108,-0.38545913,0.72464031,1.2153045,0.39992777,-0.54545313,0.17856865,-0.489461,0.71810031,0.5234341,-0.46193963,0.2104906,1.7730234,0.14970794,0.19866718,-1.195276,-0.1873523,-2.169148,1.0250821,-1.1972048,-0.43094558,-0.3086822,-1.42892,-0.46585637,0.40029955,0.14851326,0.70465875,0.48485091,0.17755072,-2.0037699,1.0559731,-0.009617627,1.0262512,0.15283665,-1.0916307,0.05541411,-1.0438895,0.522358,0.61936057,-1.0692799,0.39770967,-1.9592154,-1.7680537,-1.4975895,-0.44739074,0.97772264,0.50494939,0.28383356,-0.98877764,0.73114759,-1.283759,0.074443087,0.43397778,-1.1647666,-0.1980958,0.068943247,0.5100987,-0.091633946,0.37554768,0.041005462,0.48905128,0.042181835,0.97351277,-0.015658088,-0.054414485,-0.99068189,0.43629572,1.1783462,-0.57772708,0.5597713,0.56470048,0.39327097,-0.66603732,0.69027311,0.20221806,-1.0199798,-0.59821272,0.13320528,0.096744671,0.080275655,0.78857255,-0.21177669,-0.68176603,-0.61126655,-0.00683707,0.68465662,-0.20496529,0.40399489,-0.30123296,0.20709199,1.3113015,-1.205079,0.15000649,0.28696537,-0.6842792,0.020070883,-0.031730562,-1.4833263,-2.0804229,-0.10491654,0.66922641,0.23405793,-0.21818767,0.81054938,0.36046579,0.55275989,0.27800703,-0.32171568,-0.43750477,0.22708264,0.10570748,-0.061571151,-0.40785429,0.24139524,0.15250286,1.3166206,-1.7301526,-0.129206,1.6930739,1.7155249,0.3996456,-1.3246818,-0.20253682,-0.29977193,-0.074945979,0.007287696,0.42402124,0.85162294,0.3067441,0.54180026,0.20946357,0.2270661,0.75577891,0.73906261,1.0659617,-0.95307243,0.37843233,0.39411098,0.11104149,-0.38344061,-0.10239277,-1.6712672,0.33673754,0.019076169,-0.39236462,-0.075301513,0.40090239,0.1773266,-0.7315824,0.24951206,-0.21887143,-0.041722074,-0.2299498,0.79041201,1.1532459,0.39132294,0.053749308,0.69324774,-0.18687788,-0.14086136,-1.0213655,0.18253197,-0.76493365,0.010608673,0.48816764,-1.0208058,-0.48275715,0.43993139,0.43642893,-0.60761696,-1.4100654,0.58900303,-0.66236562,0.22336277,-1.6752548,0.38892126,-0.21987176,-0.8423357,-0.46340409,1.2161647,0.63616174,-2.0193634,-1.3023406,-0.37325066,0.022946451,0.2714645,-0.056413636,0.085692175,0.41544038,0.27788854,-0.20918484,0.31127432,0.28110904,0.52079475,0.000195324,-0.15307359,0.15398313,-1.5654483,0.092517346,0.45368281,0.096315309,0.29811776,0.89143431,1.6229403,-0.41884267,-0.89813149,-0.33006877,0.031105913,-2.0518193,0.41649187,0.337084,0.44685441,-0.83112669,-1.3662612,0.26211217,-0.6612795,1.0627022,0.013525374,-0.041735299,0.75500053,0.1390031,0.30808911,0.54392445,0.036777481,-0.13383672,-0.41721284,-2.3746061,-0.88692057,-0.87687808,0.084911764,-1.010769,0.13765503,-0.083059914,-0.25882736,0.085635789,2
0.65331781,0.40916526,0.36782002,0.59497309,0.59828889,0.61497867,0.59805089,0.58353943,0.60024011,0.59039724,0.59350598,0.58949834,0.58297336,0.58132195,0.59572494,0.5813868,0.58800566,0.62229067,0.60728824,0.57887292,0.58054125,0.58991736,0.58697104,0.5876925,0.59288061,0.5895167,0.60202426,0.58866084,0.58526146,0.58831692,0.58758187,0.58516335,0.57471412,0.5813902,0.58672762,0.56738722,0.56909728,0.59265482,0.56636995,0.5824393,-1.0154706,0.35760415,0.50293547,0.53242242,1.3827184,1.782999,1.4134499,0.81273156,0.95942849,1.7432749,1.4978745,1.3028965,0.35667226,-0.24153961,-0.36815044,-0.42709336,0.65150094,0.35841593,0.43099552,0.29605541,-0.81733721,0.060733169,-0.58248329,0.31130254,-0.91120267,-0.025554661,-0.20656416,0.93045628,0.26335573,1.3157051,-0.16013294,0.21924624,-1.227152,-0.23839045,-0.042802095,1.1845067,-1.3050113,0.53823018,0.16807154,-1.0069457,0.15563676,-0.36075115,-0.72600102,0.4232167,0.8836658,0.59298915,-0.037888236,-1.7136612,0.72835875,0.13414793,-0.99261796,0.74699068,0.078577965,0.037288234,0.59400284,-0.1122167,0.36507046,-0.33563849,0.042647697,0.56317592,-0.90135407,-1.1529632,0.056695029,0.7696048,-0.47536856,0.25266856,0.25730434,-0.17541197,-0.10753991,-0.39301085,0.38248265,0.68746895,-0.23531654,-0.32406759,-0.14280915,0.55972588,0.35260993,-1.038273,0.39464027,-1.183197,-0.44472849,-1.8485942,-1.1226695,-0.10292531,-0.16109985,0.45408782,-0.37901199,0.20884877,-0.11051878,-0.076981485,-0.70133734,-0.52961266,-0.082443848,-1.1767359,-0.26320562,-0.12088235,-0.098703891,0.24920949,-0.35513565,-1.5856338,0.48184773,0.51729679,0.83665198,-0.38832426,0.52073824,0.29236257,0.073573031,-0.46663564,-0.28901809,0.26604044,-0.59231186,-0.16243514,0.32673544,-0.33935356,-0.78430492,-0.061316438,-0.58554655,-0.58377218,0.25888643,-0.32571965,-0.005287509,-0.89687943,1.1226951,0.67031991,0.2448096,-0.10516477,-1.7882057,0.38199085,-0.082896635,-0.1381132,-0.14954682,-0.6015287,-0.034256596,-0.17539406,-0.75038207,0.97163838,-0.77623057,0.12157065,0.36874691,-1.5771531,-0.14725398,0.45275703,-0.14944887,-0.38101628,-0.87298262,0.47425151,0.48648682,0.49381527,1.2743781,-0.78285301,-0.21582982,0.060239047,0.001589904,0.2816543,0.32845375,0.15249786,-0.16574854,-1.4070387,-1.8933897,-0.89165801,0.28438437,0.45803377,0.53753972,-0.53339255,-0.41057265,0.1389935,1.2382092,-0.040975951,0.056011088,-0.43051639,-0.29131034,0.96307027,0.15471673,0.28650689,0.99937236,-0.20032591,-2.2113414,-0.061788023,0.4455213,0.071747474,-0.13286552,-0.65318793,0.10278146,-1.5692357,0.20532677,-1.2282656,0.27114081,0.16782734,-0.91585696,-0.031886127,-0.041061312,0.29611713,-0.20865881,-0.45800695,-2.6597586,0.32737085,-0.61049908,-0.050786451,-0.020584464,0.14108381,0.51633167,0.088840097,-0.21584736,0.56045282,-1.5823628,-0.81441975,-0.51814598,0.34025499,-0.46356523,0.093471497,0.19603705,0.49231184,0.021112086,0.49407694,0.30804151,0.75856954,-1.0246695,-0.40873873,0.53141582,-0.17536801,0.26986274,-0.27790657,-0.23888399,-1.2572355,-0.46360147,0.074916452,-0.32340097,0.4767049,1.1098599,0.43185288,-0.51733011,0.20628403,-0.37299094,0.45529795,0.5330289,-0.42189151,0.12634519,1.6477954,0.12569936,0.13778967,-1.1700557,-0.10320596,-2.1405177,0.90405029,-1.0390339,-0.2457184,-0.26874816,-1.40911,-0.42991328,0.3136771,0.043749422,0.62878007,0.45065433,0.080429107,-1.9513639,0.85570925,0.001314919,1.0419414,0.047958557,-0.96468848,0.01037465,-1.108826,0.56713593,0.33199865,-0.912404,0.43694353,-1.823504,-1.7848762,-1.3588604,-0.47236037,1.1431558,0.6851958,0.25872451,-0.92279571,0.65857321,-1.2047518,-0.080591038,0.35935116,-1.0640571,-0.10659203,0.062876001,0.42851269,-0.04676247,0.38684145,-0.030866206,0.51863909,0.055073619,0.49229151,0.080137067,-0.075097144,-0.84526175,0.45727476,1.0419571,-0.37806001,0.55682349,0.56564164,0.32162222,-0.74016315,0.60725975,0.29427677,-0.81169075,-0.47492129,-0.007626094,0.055433281,0.048118174,0.71753252,-0.21662351,-0.61291969,-0.60048467,-0.014874244,0.53938073,-0.14982042,0.43350577,-0.24684967,0.20987128,1.1047359,-1.1483247,0.15315989,0.25252804,-0.65305221,0.041512638,-0.3426621,-1.3533076,-2.0713923,-0.33931956,0.68689024,0.20433795,-0.20640515,0.76176882,0.31448141,0.81579065,0.26971075,-0.275702,-0.30150506,0.22209777,0.13228883,-0.078129083,-0.55995637,0.20575242,0.22609425,1.3168732,-1.6496556,-0.20105061,1.7893629,1.6086252,0.30200517,-1.3533716,-0.11177516,-0.35656324,-0.16947107,-0.004506255,0.21849379,0.60677892,0.67167896,0.33565345,0.1575269,0.1766229,0.72759897,0.73069274,1.0384979,-0.840572,0.33710983,0.2504741,0.14683804,-0.43891782,-0.19241652,-1.7035084,0.36064491,0.057685912,-0.42286962,-0.14499509,0.34562856,0.14851421,-0.40321794,0.24203061,-0.32448506,0.23728484,-0.086091354,0.58241171,1.2994092,0.28288698,-0.006351244,0.69079936,-0.10953972,-0.012682745,-0.9271273,0.26376104,-0.78844583,0.11325989,0.5988766,-1.1572526,-0.33908349,0.38869339,0.26573867,-0.47152314,-1.2168245,0.55568123,-0.63999254,0.3238821,-1.6098409,0.39234963,-0.25682926,-0.58208489,-0.43889338,1.0557575,0.45950091,-1.9309665,-1.2516551,-0.34732497,0.025400158,0.20333953,-0.010569431,0.000328705,0.34202504,0.22683275,-0.17157754,0.41654187,0.28325281,0.3879801,-0.068962924,-0.43224102,0.15707044,-1.4848167,-0.016119428,0.27538466,0.052575048,0.2551519,0.82422507,2.0517774,-0.40639237,-0.94480711,-0.26319778,-0.05621111,-1.9737865,0.36773157,0.39721218,0.45309111,-0.74899846,-1.334124,0.21692412,-0.72928101,1.1666131,-0.11609565,-0.032885469,0.29866022,0.12115251,0.3011269,0.37481216,0.032913387,-0.043425269,-0.370628,-2.310441,-0.7795949,-0.76131904,-0.017163439,-0.88453662,0.31464529,-0.12619857,-0.26071048,0.051679753,2
0.49098665,0.24753419,0.20794584,0.49372107,0.4910664,0.49827293,0.48354051,0.4705984,0.48279068,0.47832361,0.47492045,0.47836196,0.46975803,0.46906373,0.48757946,0.47007099,0.48493648,0.50528753,0.48420626,0.46951151,0.45825422,0.46769509,0.47118539,0.47503901,0.46687275,0.46754956,0.48201275,0.45812407,0.46286756,0.46413779,0.46365076,0.46413046,0.44447625,0.45717418,0.46039581,0.4394545,0.44175017,0.46756631,0.44645685,0.4495514,-0.74375451,0.19893843,0.34908509,0.45811474,1.4461973,1.6659453,1.280393,0.71699131,0.82659471,1.6690013,1.4686043,1.2179406,0.24800649,-0.19187158,-0.15425435,-0.50306886,0.46478859,0.2623257,0.28738368,0.18233949,-0.87624329,-0.052191474,-0.65427804,0.22612666,-0.79780608,0.020336963,-0.24831939,0.63835436,0.068130374,1.2655165,-0.10015546,0.15372926,-1.0593221,-0.33871698,-0.1243417,0.65902495,-1.0272683,0.38749787,0.10855639,-0.82016039,-0.18038172,-1.0560496,-0.55736274,0.40572411,0.66243637,0.51852316,-0.053237483,-1.6061592,0.51039565,0.072485112,-1.015619,0.73546743,0.094782114,-0.043703839,0.37299177,0.14785571,0.31107879,-0.19370571,0.045955703,0.5394417,-0.61189443,-0.96953225,0.03583179,0.56781542,-0.34610987,0.19865377,0.17289475,-0.12847041,-0.032205984,-0.29414359,0.41326836,0.59152699,-0.1718872,-0.35980773,-0.06243515,-0.089146316,0.19491455,-0.94017822,0.33065024,-1.0783988,-0.3202022,-1.5985917,-0.83934653,-0.17349491,-0.52157974,0.29857719,-0.38728681,0.20754728,-0.10156801,-0.002045363,-0.70760369,-0.61570132,0.14553031,-0.96861488,-0.26983377,-0.029487528,0.057750046,0.15268128,-0.37822241,-1.2769121,0.10934217,0.37155414,0.7406407,-0.12120906,0.46241331,0.27860725,0.051666662,-0.5830487,-0.39693922,0.39664471,-0.60681522,-0.20160155,0.24302213,-0.15345366,-0.5692398,0.065352172,-0.40866902,-0.43879789,0.30494094,-0.34488091,-0.085138008,-0.69442368,0.65405929,0.59693837,0.12022905,0.12351997,-1.6040817,0.67172211,0.006127842,-0.072545186,-0.03620718,-0.46565735,0.026636854,-0.15532908,-0.66460347,0.96760082,-0.68649203,0.080851771,0.20622508,-1.1620758,-0.14406642,0.32538447,-0.16528273,-0.34394601,-0.78914511,0.38580912,0.083652079,0.2139844,0.50336212,-0.68355763,-0.10278271,0.058201201,0.098995611,0.15093204,0.21150917,0.00793989,-0.09975104,-1.1474259,-1.5880684,-0.70101869,0.20520265,0.54699194,0.49289164,-0.50073373,-0.19398648,0.13245618,1.1275764,-0.36788404,0.10261755,-0.21990374,-0.096588403,0.92764384,0.14596394,0.20787305,1.4283826,-0.10599773,-1.9135399,-0.093088381,0.52958322,0.11350273,-0.24127692,-0.65815759,0.13233912,-1.3015891,0.16324016,-0.96058625,0.022643983,0.25081512,-0.78967434,0.027259134,0.19530001,0.47665405,-0.20098579,-0.31305316,-2.1602197,0.31285042,-0.54214352,-0.031351607,-0.033985123,0.054836415,0.52329463,0.10677728,-0.064099133,0.68844819,-1.1298602,-0.68444836,-0.10312127,0.349843,-0.33852801,0.32887828,0.12532751,0.26064843,-0.049863651,0.39185035,0.34111056,0.64581925,-0.90272087,-0.38892937,0.34625477,-0.24840434,0.10964528,-0.029810403,-0.11108509,-1.1546259,-0.38687822,0.094542056,-0.51196527,0.30018133,0.91769332,0.36869201,-0.50414228,0.123568,-0.24303174,0.38875017,0.34561199,-0.3971355,0.13321044,1.4319355,0.14242485,0.20657235,-0.78782785,0.060753375,-1.6931729,0.91898125,-1.1524979,-0.19227907,0.004017785,-1.3315488,-0.37058857,0.10544747,0.22018175,0.81587899,0.48675612,0.29040742,-1.656514,0.85232496,0.14077486,0.96854198,-0.087958179,-1.0576084,0.039592057,-0.74521255,0.54564542,0.2842837,-0.71089607,0.093328118,-1.4673189,-1.3330598,-1.1506547,-0.34825051,0.35436758,0.94346613,0.18598264,-0.9305383,0.56422925,-0.83117044,0.039660662,0.21851762,-0.89597803,-0.1657327,0.03404028,0.50540286,0.33431351,0.38359916,-0.13862152,0.44757256,0.040398296,0.49913535,0.053576529,-0.11957397,-0.95300603,0.30198741,0.87399882,-0.44655058,0.47315219,0.4454363,0.21587411,-0.58152103,0.37425953,0.3149603,-0.6956442,-0.52675754,0.079734825,0.014521077,0.1190342,0.56989121,-0.17296296,-0.39278156,-0.45741427,0.006150054,0.34227771,-0.16062254,0.070527643,-0.29255879,0.084048465,0.9333331,-0.8984704,0.13978878,0.28343189,-0.42137283,0.040171277,-0.1634693,-1.118608,-1.7484807,-0.10670257,0.47710937,-0.0039244,-0.07180953,0.59808671,0.20762858,0.44273806,0.19895521,-0.12700842,-0.42751047,0.14590958,0.074802369,-0.17237508,-0.69260311,0.16298997,0.11101659,0.84884274,-1.3529375,-0.10143986,1.2632042,1.0924394,0.49505714,-1.4344683,-0.26219472,-0.56196266,-0.26995459,0.031337336,0.39117071,0.6821866,0.452425,0.39606348,0.19048178,0.26172304,0.69130266,0.60607219,0.92282909,-0.97185481,0.16651139,0.15050213,0.11285512,-0.36759299,-0.1855448,-1.5403156,0.25174472,-0.040488448,-0.34708717,-0.11511727,0.12768939,0.075860038,-0.54276514,0.20553872,-0.27587444,0.31373596,-0.005176537,0.044806421,0.59311223,0.24780515,0.035604201,0.57973492,-0.20602077,0.020084016,-0.75878513,0.27140999,-0.7504608,-0.014434636,0.70422632,-0.80803525,-0.40002745,0.51545823,0.088860601,-0.42765135,-0.93088669,0.45395654,-0.51125896,0.03265132,-1.7157772,0.16704783,-0.28610831,-0.63052046,-0.36868876,0.82372195,0.38286889,-1.701243,-0.99727833,-0.38885754,0.015410028,0.27434269,-0.096684389,-0.008336552,0.19372648,0.18965927,-0.077951588,0.26393843,0.31201211,0.34594017,0.12638481,-0.16799644,0.14583039,-1.2203755,-0.030314341,0.32782671,0.11244491,0.22219063,0.50911736,0.99719131,-0.42221996,-0.59272557,-0.30354619,0.1159694,-1.927191,0.40754625,0.281308,0.39563856,-0.6601671,-1.2115134,0.31850922,-0.60029656,0.22821765,-0.12972152,-0.011489019,0.50104922,0.059735708,0.28703281,0.30490085,0.032194838,0.054119885,-0.27742767,-2.0601313,-0.64319718,-0.81205314,-0.10422646,-0.71313673,0.099700376,0.037823558,-0.16039184,0.064048231,2
0.49169141,0.25675696,0.2441082,0.4865095,0.47825003,0.51028407,0.48605111,0.46106285,0.47459173,0.49665129,0.46444362,0.48301867,0.47851348,0.44847161,0.48976731,0.4748207,0.46953011,0.51057816,0.4947772,0.44056368,0.46276596,0.47970998,0.46650231,0.46015063,0.49090534,0.47520947,0.48553264,0.47871405,0.4788684,0.4846791,0.46995205,0.4778311,0.45621142,0.4507193,0.4806172,0.44924438,0.45240933,0.47313809,0.45016733,0.45145729,-1.1034002,0.20783876,0.52496052,0.57089138,1.44491,1.7886472,1.4434397,0.84205198,0.99238068,1.7679174,1.5090897,1.3363578,0.30832407,-0.19992696,-0.1844355,-0.28174514,0.57944101,0.35943019,0.41870683,0.28689089,-0.95742953,0.033346146,-0.59444809,0.36447987,-0.83062661,0.012243964,-0.21699983,0.74426246,0.12747777,1.5085392,-0.18724585,0.17953922,-1.1972464,-0.19996077,-0.08249522,0.86549437,-1.0402755,0.56716353,0.25848085,-0.8571738,-0.10740995,-1.162335,-0.4526805,0.34344056,0.79319781,0.66654539,-0.027805556,-1.7729985,0.75545257,0.13776748,-1.0584898,0.80920982,0.010355726,0.090213932,0.73600024,0.001831695,0.32905918,-0.49889171,0.10198022,0.56960547,-0.62943959,-1.0545803,0.035812818,0.57535493,-0.39608899,0.23246348,0.091256961,-0.22214909,-0.033321984,-0.35229155,0.31529629,0.65093148,-0.2406247,-0.43118697,-0.36534816,-0.047417536,0.40064365,-1.1025176,0.42720804,-1.0838528,-0.39730966,-1.8998457,-1.0281552,-0.09273985,-0.57394207,0.26171106,-0.44943556,0.044949099,-0.13130245,-0.22180904,-0.89308357,-0.46713108,0.14297631,-1.1321492,-0.16462541,-0.17924821,0.087851018,0.22936152,-0.5005765,-1.828192,0.76021761,0.43190175,0.8361032,-0.16888088,0.53352767,0.48799306,-0.054171249,-0.1812529,-0.12059316,0.19680059,-0.44235581,0.11095956,0.3498736,-0.39048839,-0.87521374,0.051645279,-0.55921447,-0.62075222,0.38578767,-0.46170551,-0.00669796,-0.74900287,0.76618838,0.895868,0.056403417,0.16915739,-1.7646124,0.62038141,0.028649583,-0.16742687,-0.032879051,-0.54321814,0.087214813,-0.14631474,-0.71561873,1.1325525,-0.81840545,0.11178333,0.51355761,-1.6032723,-0.12122446,0.22065103,-0.15086778,-0.57755095,-1.0157238,0.39493099,0.085390389,0.50039136,0.84413421,-0.76573914,-0.2414269,0.070564955,-0.086931929,0.1290798,0.30360454,0.12889086,-0.12530799,-1.3290061,-1.8400815,-0.75183916,0.33543175,0.48815739,0.4519462,-0.47447923,-0.31563821,0.069250472,1.3373885,-0.19833556,0.083830185,-0.47293684,-0.32354683,1.0802324,0.12676823,0.25309351,1.3449422,-0.14984471,-2.3727937,-0.058475211,0.61984611,-0.022829857,-0.08945366,-0.8557182,0.14941218,-1.6423348,0.18308267,-1.3954048,0.34795415,0.019440576,-0.90930665,-0.002344322,0.30579174,0.51859611,-0.21257491,-0.20507926,-2.8042626,0.35679463,-0.55464673,-0.043294109,-0.18865456,0.21745826,0.56086689,0.20820391,-0.17800315,0.48947912,-1.5753177,-0.83473325,-0.25753003,0.40434149,-0.40087733,0.12265854,0.15058087,0.32112569,-0.001514327,0.50727332,0.38906333,0.92694175,-0.95012486,-0.334447,0.58863688,-0.15494123,0.25830531,-0.066134512,-0.21548896,-1.2118593,-0.41730598,0.13923998,-0.37451655,0.54100519,1.1460569,0.42127913,-0.46429282,0.38576704,-0.38275164,0.81786072,0.74902964,-0.44740349,0.060528398,1.6000953,0.26990041,0.18206203,-1.0308775,-0.21960425,-2.1051199,1.1008916,-1.3980045,-0.36713982,-0.14125355,-1.4719003,-0.38512424,0.17422272,0.011319369,0.51671338,0.52634871,0.3197698,-2.0443888,0.98082715,0.025222955,1.3237441,0.036089595,-1.0773214,-0.070465796,-1.0118074,0.65945745,0.30192381,-0.86423379,0.37010241,-1.8677454,-1.8287628,-1.4573685,-0.25037155,0.53310251,0.80037093,0.280148,-1.0348486,0.79600501,-1.2918724,-0.16657117,0.34154463,-1.1546742,0.018193591,0.026552465,0.64884788,-0.037417781,0.36176518,-0.11542934,0.43608129,0.057448611,0.58554238,0.043443874,-0.15968227,-0.87010586,0.39591527,1.0929005,-0.64371991,0.61543727,0.5685761,0.50767457,-0.7172159,0.86092675,0.27767599,-1.0393548,-0.58297157,0.091425568,0.14444467,0.18469837,0.80841053,-0.2447167,-0.5206666,-0.51861668,-0.008315236,0.71020401,-0.16997869,0.1443385,-0.4079268,0.15087181,1.2170963,-1.1787034,0.14967306,0.35027006,-0.67771703,-0.065469377,0.10095587,-1.5257156,-2.0911279,-0.23558187,0.7059536,0.068500541,-0.21144854,0.8697204,0.14269122,0.49669769,0.21797557,-0.1281994,-0.60038191,0.21578401,0.31389403,-0.21107794,-0.49229532,0.24766898,0.12134153,1.3077261,-1.667362,0.061054103,1.5829933,1.7039652,0.43458146,-1.361104,-0.37952644,-0.39423293,-0.17017674,0.17801602,0.28384483,0.82479125,0.58963799,0.52406526,0.27430707,0.19884935,0.88241935,0.62714314,1.164891,-0.94980133,0.22616775,0.27627298,0.08656501,-0.3967129,-0.20124815,-1.5737208,0.31466666,-0.026758637,-0.34768972,-0.19934982,0.57511044,0.18951523,-0.66083145,0.24531701,-0.25223345,0.57037163,-0.24902999,0.69245166,1.0607839,0.3183822,-0.004171582,0.6401661,0.14148492,0.18958262,-1.0471803,0.38431543,-0.6858924,0.097141072,0.81839341,-0.94398624,-0.57112348,0.43838298,0.35348713,-0.65902466,-1.3415465,0.68318123,-0.57494718,-0.016840404,-1.6882718,0.29994151,-0.21253893,-0.81182408,-0.58521104,1.1156904,0.4076497,-2.0329432,-1.2984008,-0.40983647,0.051408485,0.25771582,-0.071567111,0.023473332,0.60988563,0.18894988,-0.16014452,0.28963158,0.34942335,0.39315912,-0.14385481,-0.098073274,0.56663179,-1.5124365,0.011665739,0.46119407,0.12775615,0.16259573,0.58908737,1.1065505,-0.38720018,-0.8760668,-0.299308,0.44846797,-2.0809255,0.35813281,0.23595867,0.40730342,-0.79584551,-1.3900697,0.35935792,-0.55429685,0.21689194,-0.001644358,-0.09278214,0.7269994,0.12502959,0.32247102,0.30173355,0.040723607,-0.17389092,-0.39904404,-2.2858973,-0.69193918,-0.96461445,-0.026977781,-0.95045704,0.31231943,-0.17699593,-0.30120155,0.037366718,2
0.67084146,0.42124259,0.37711835,0.64273632,0.56320775,0.67726731,0.65122366,0.61590362,0.64291549,0.64946187,0.63373637,0.64049166,0.62682426,0.60012674,0.64502603,0.63056397,0.62747216,0.6750468,0.65126652,0.60966945,0.61693639,0.63285327,0.62478942,0.632038,0.65480715,0.63384283,0.64630079,0.62849081,0.64211053,0.63693815,0.63145846,0.64234817,0.62057793,0.62121564,0.6407721,0.61401504,0.61151552,0.64001423,0.61328989,0.62473255,-1.0752962,0.30164209,0.73326862,0.68215621,1.5213715,1.8927824,1.6213319,1.0028415,1.1775647,1.8991581,1.6145046,1.4912087,0.42620951,-0.32243064,-0.2433525,-0.47080463,0.80895823,0.49329677,0.52819288,0.40173107,-0.87091297,-0.10357987,-0.60969627,0.28594026,-0.82571375,-0.087818891,-0.19500296,0.7251901,0.16502586,1.3466215,-0.16128317,0.13161166,-1.2368323,-0.17626671,-0.17436622,1.2192931,-1.1798961,0.73522329,0.34289122,-0.92865694,0.072140843,-0.78779602,-0.63912201,0.46258479,1.1320755,0.75268775,0.003919764,-1.8443773,0.71473926,0.19865718,-1.0602825,0.91668236,-0.008018747,0.039845433,0.54228348,0.001562372,0.43750447,-0.40702119,-0.054722838,0.76212651,-0.9141196,-1.1819475,0.087920427,0.69693458,-0.46506256,0.21450667,0.25165796,-0.13975938,-0.13916299,-0.2544229,0.43376389,0.66100073,-0.24410306,-0.36886293,-0.40276769,0.11515215,0.35719219,-1.1216387,0.49912643,-1.2468542,-0.38294274,-1.957065,-1.2749457,-0.21134762,-0.37565395,0.34203643,-0.40042984,0.2349852,-0.068964094,-0.1660659,-0.80935532,-0.48580706,-0.014026761,-1.4205832,-0.42558461,-0.13306357,-0.16197871,0.2613593,-0.3863385,-2.1225009,0.54519337,0.53099978,0.94400871,-0.39686826,0.60104817,0.35194397,-0.065235212,-0.37414008,-0.3605445,0.27924532,-0.4813337,-0.29083481,0.56355178,-0.40392068,-0.92177367,0.007711902,-0.7065354,-0.61847043,0.2968235,-0.62446421,-0.021792304,-0.96009254,0.89738339,0.73864663,0.11571205,0.03493508,-1.7112584,0.26819003,-0.091981985,-0.2548669,-0.043235358,-0.69943428,-0.064829797,-0.17867383,-0.87356031,1.0859289,-0.84884357,0.2127012,0.48859528,-2.024353,-0.035055839,0.34934551,-0.20407256,-0.47946873,-1.0333184,0.33281377,0.29952946,0.74948758,1.1460235,-0.94125867,-0.31810373,0.10676911,0.013261426,-0.04723078,0.45052183,0.13556938,-0.16605674,-1.5128996,-1.9839673,-0.79812479,0.42905843,0.61609238,0.38712555,-0.44701818,-0.38655069,0.063914344,1.2491624,-0.15046504,-0.016594799,-0.57379144,-0.36919194,1.0312961,0.28780073,0.32886946,1.2213432,-0.36247069,-2.1722164,-0.1479824,0.55322599,0.077837117,-0.14673308,-0.84588271,-0.016093314,-1.6657921,0.17435299,-1.4992392,0.38425088,0.017505705,-0.98983812,0.13053827,0.004158109,0.41887751,-0.11321974,-0.26921695,-2.9531596,0.22813705,-0.61472273,0.09498091,-0.10551051,0.15752965,0.63496947,0.31418389,-0.21953513,0.26137424,-1.6680875,-0.78959668,-0.44193673,0.54259336,-0.53130931,0.046414532,0.24875915,0.48613784,0.085753426,0.53150511,0.16979402,0.75893688,-0.90432423,-0.24222636,0.73727077,-0.1964011,0.23115945,-0.067216754,-0.32856715,-1.2622882,-0.50426686,0.18098563,-0.23463978,0.50052381,1.186908,0.53792834,-0.47831288,0.18712479,-0.249212,0.61742377,0.53189611,-0.45069635,0.15918128,1.7325442,0.19595648,0.24063177,-1.1824731,-0.19017319,-2.1440601,1.0256937,-1.3578906,-0.37706104,-0.18407618,-1.6766306,-0.49927402,0.28166401,0.098992221,0.75039244,0.63794619,0.16479698,-2.0675073,0.97093683,0.05692739,1.2084628,-0.004402209,-1.206902,-0.037068814,-1.1220329,0.65315098,0.15152647,-1.1057837,0.33517832,-2.0698779,-2.0008345,-1.448352,-0.42680836,0.71352088,0.64449704,0.42228484,-0.98484904,0.97881073,-1.3238999,-0.12982497,0.35285214,-1.5430436,-0.16287827,0.14219806,0.52629757,0.031846546,0.4260003,-0.22264978,0.27973139,0.082381934,0.45905069,0.036685094,-0.1153395,-1.2011046,0.59075713,1.138509,-0.66057158,0.65534401,0.56776959,0.31696129,-0.7868703,0.72323412,-0.025960505,-0.99469578,-0.68660891,0.19809783,0.16788317,-0.092835456,0.96859366,-0.26580089,-0.74515784,-0.66822284,0.023931727,0.48251134,-0.34566921,0.12418871,-0.36504233,0.24977362,1.2796221,-1.291386,0.20867231,0.37093669,-0.70058382,0.070515722,-0.42497864,-1.4880859,-1.9447753,-0.36952066,0.9548558,0.18065996,-0.27726546,0.84038204,0.30875015,0.59200764,0.36128166,-0.27993652,-0.52102637,0.34987742,0.13295753,-0.27532071,-0.62880695,0.3324433,0.18180279,1.5168643,-1.8082793,0.043869801,1.6596367,1.8732468,0.47046357,-1.3475302,-0.35962707,-0.59421742,-0.18027429,0.1206243,0.18505585,0.80824053,0.54784578,0.46197844,0.17316297,0.26044974,0.86541724,0.65994269,1.1964552,-1.0138046,0.33157304,0.24591106,0.063875213,-0.4182941,-0.20020023,-1.7770008,0.42601064,-0.001880515,-0.27777821,-0.088895023,0.3185975,0.22400382,-0.66594672,0.29257834,-0.21070805,0.40383577,-0.30114675,0.68304223,1.2377224,0.30876076,0.033918496,0.72962797,-0.31057227,-0.033968113,-1.0427465,0.29819003,-0.83318412,0.091611758,0.79649949,-1.1744773,-0.49052334,0.42167881,0.34729528,-0.72448528,-1.3989624,0.65360022,-0.53053468,0.16099589,-1.5903294,0.3182241,-0.15633167,-0.73909241,-0.43868658,1.199868,0.38324827,-2.171906,-1.2339674,-0.5112164,0.065774217,0.25036991,-0.15412942,0.030240711,0.71784282,0.26076269,-0.26548779,0.34823638,0.26935646,0.36434495,-0.12120128,-0.37495697,0.24597219,-1.6390256,0.006544524,0.32361692,0.12303501,0.26441032,0.79399836,1.6338128,-0.53471601,-0.74094194,-0.3834756,0.038423426,-2.0181963,0.41389564,0.392647,0.53747386,-0.98235744,-1.5318581,0.3231068,-0.47619542,0.93329811,-0.02044481,-0.096449092,0.37269515,0.10423186,0.39393228,0.36735448,0.093306907,-0.22945464,-0.44200194,-2.4179053,-0.52670956,-1.0173439,0.072334334,-1.1510097,0.33634242,-0.080819473,-0.45464012,0.18411943,2
0.4713271,0.23674722,0.23868763,0.47911853,0.46183261,0.48827279,0.46980453,0.45262635,0.46275538,0.47379446,0.45365238,0.46526459,0.46005017,0.44085488,0.47907108,0.44900978,0.46253318,0.49141836,0.47034559,0.44657081,0.45680618,0.4665924,0.45797861,0.45478863,0.48209125,0.4582898,0.46049422,0.45354474,0.47157854,0.46967018,0.44998226,0.47105768,0.45442176,0.44681042,0.46588862,0.44113708,0.44436061,0.47653115,0.4481079,0.44644618,-1.0457726,0.20049208,0.59018934,0.62097275,1.5098183,1.8336866,1.5114264,0.91428888,1.0624379,1.828231,1.5655956,1.4048381,0.38766208,-0.18897152,-0.24799737,-0.29502213,0.60868895,0.37376302,0.43181205,0.30459112,-1.3261509,-0.046839874,-0.64416635,0.41510224,-0.6560092,0.019209586,-0.21625234,0.64157832,0.11390525,1.5104613,-0.18653917,0.19243336,-1.2155703,-0.19859819,-0.074531257,0.79889888,-0.97358346,0.58421928,0.32671809,-0.81784087,-0.13228384,-1.3789704,-0.53728402,0.35812643,0.80660355,0.64995223,-0.026355375,-1.8109038,0.66923571,0.13828337,-1.095946,0.68085366,-0.002612457,0.033175521,0.73746145,-0.032048263,0.38483965,-0.52154601,0.14290121,0.58212119,-0.47451404,-1.175149,0.07253059,0.5595184,-0.30188507,0.27132243,-0.081658259,-0.22636412,-0.13113485,-0.30927509,0.25416338,0.58214849,-0.18386105,-0.35935605,-0.43279326,0.23865718,0.56903827,-1.1492301,0.48191795,-1.2205747,-0.42449465,-1.9271998,-1.2197129,-0.053681187,-0.72289097,0.28833246,-0.45941433,0.13173102,-0.10556467,-0.30030996,-0.8031643,-0.46435142,-0.2900207,-1.1429386,-0.22135785,-0.14263204,0.1296217,0.12569597,-0.45266491,-1.8875625,0.33118504,0.46337497,0.86734313,-0.1315347,0.49589619,0.49290663,0.083221279,-0.39267242,-0.25483385,0.33463991,-0.47991246,-0.11071495,0.40652037,-0.39018786,-0.87006897,0.09873876,-0.69938159,-0.59949982,0.33919305,-0.42225519,0.020625278,-0.65795934,0.76711214,0.75182289,0.10525274,0.029570095,-1.73764,0.80265701,-0.008416109,-0.20340662,-0.11376062,-0.58194423,0.054390088,-0.12983684,-0.68383366,1.2431188,-0.71317929,0.14125942,0.48586935,-1.9657449,-0.081768587,0.25497764,-0.14572865,-0.68560189,-1.1273959,0.46001619,0.13149861,0.61120999,0.85626751,-0.762869,-0.25962436,0.06081228,0.037584811,0.12675732,0.2618911,0.13336761,-0.001911946,-1.4158753,-1.8286214,-0.69499528,0.40279385,0.98976231,0.30039334,-0.44233435,-0.29609978,0.062485173,1.2163242,-0.091674447,0.11435124,-0.34613332,-0.35862914,1.1351364,0.16513827,0.23923987,0.81907767,-0.27345076,-2.2357049,-0.05692127,0.48524749,-0.03123524,-0.1012979,-0.9983629,0.10064234,-1.6789038,0.19462574,-1.1579633,0.46680152,-0.15458764,-0.91914254,0.044096705,0.29127657,0.52221161,-0.26851216,-0.33180475,-2.8941431,0.42123076,-0.35312107,-0.008913636,-0.014766902,0.24830666,0.65416873,0.22223349,-0.13764021,0.57316226,-1.6005676,-0.78142214,-0.40774715,0.65699637,-0.44967103,-0.010070935,0.27234042,0.41959974,0.014264323,0.53233838,0.55014479,0.80416095,-0.86535662,-0.32083243,0.78057015,-0.15789649,0.21956062,-0.18806769,-0.37062216,-1.2796149,-0.4900822,0.10523625,-0.2574017,0.54997122,1.1403065,0.39810359,-0.41275591,0.26752526,-0.32820415,0.67082375,0.55503452,-0.41702068,0.091706209,1.7464389,0.19459455,0.2282438,-1.1707382,-0.23175748,-2.1230054,1.2163153,-1.4908981,-0.30283612,-0.074857742,-1.6471777,-0.062747061,0.16074207,0.014642373,0.6320914,0.51219898,0.45120966,-2.0638924,0.92876458,0.075524181,1.30326,-0.057079904,-1.2104956,-0.096754648,-0.92306656,0.75810087,0.34468663,-0.86733454,0.45669875,-1.9698321,-1.8293064,-1.4645269,-0.36296046,0.40408081,0.76494724,0.30431533,-1.0390997,0.84980756,-1.2621806,-0.13992982,0.29589167,-1.3256009,0.050568726,0.051758304,0.55334979,-0.09571819,0.3793537,-0.1065318,0.48070142,0.089203641,0.7997632,-0.01365374,-0.19524673,-0.76555073,0.39402831,1.0196373,-0.69980377,0.57997638,0.57654929,0.50666666,-0.71052325,0.81460088,0.44097814,-1.0841752,-0.76550484,0.11204449,0.12387608,0.13623965,0.84457207,-0.28174558,-0.53969783,-0.54465091,-0.010701137,0.5956735,-0.11466566,0.11280526,-0.42279208,0.19467568,1.2249917,-1.2681153,0.18799277,0.26675951,-0.58975333,-0.027801093,0.19828334,-1.6467578,-2.0476227,-0.087552413,0.7605865,0.028713286,-0.21320252,0.83241212,0.15779053,0.51232094,0.25582045,-0.1527099,-0.72263575,0.25617123,0.24164492,-0.14307106,-0.56701571,0.25816047,0.15218544,1.4314723,-1.5900297,-0.024765829,1.594847,1.5550081,0.45058417,-1.4205973,-0.39156282,-0.62885571,-0.23422581,0.086008802,0.42549679,0.95367634,0.71030539,0.39521113,0.20843647,0.19275844,0.840599,0.73383123,1.0021689,-0.95960152,0.41881216,0.31501576,0.12856767,-0.41133627,-0.20105232,-1.8695345,0.33014965,0.03264083,-0.3665753,-0.17695436,0.52823544,0.16172513,-0.72042525,0.3077518,-0.22160314,0.70509112,-0.29991704,0.6948204,1.2177126,0.29193443,0.066205919,0.68611175,-0.075224608,-0.055869073,-1.0523031,0.32940713,-0.65449464,0.13070923,0.76871234,-0.84963506,-0.54654789,0.48539016,0.44718164,-0.71909016,-1.1639441,0.62799263,-0.57591957,-0.15770724,-1.6391749,0.22395474,-0.1756001,-0.75318027,-0.18538879,1.1136937,0.3505668,-2.0287905,-1.259174,-0.40444672,0.017980449,0.26086599,-0.090661243,0.11199725,0.61370283,0.2798582,-0.14530067,0.18759708,0.26872781,0.29269308,-0.20121084,-0.060318969,0.39226201,-1.6177354,-0.003592672,0.51516664,0.099825248,0.24061278,0.65309906,1.001703,-0.3936041,-0.85222459,-0.24452108,-0.18044361,-2.0053453,0.22263606,0.49696052,0.44941795,-0.78003061,-1.3613123,0.27022403,-0.62568194,0.074245825,-0.034402683,0.0759895,0.63245165,0.22430176,0.35851526,0.43859768,0.039913543,-0.25518656,-0.50499159,-2.367502,-0.64524466,-1.0225606,0.037842888,-1.1272615,0.18464661,-0.38817042,-0.36909258,0.016981445,2
0.51395029,0.26308781,0.28400844,0.53518492,0.52184749,0.53746569,0.53209996,0.51823002,0.53884912,0.53325731,0.52476287,0.53275758,0.5318287,0.51956093,0.54946959,0.52318293,0.5432381,0.5649873,0.53307742,0.52998471,0.51992345,0.52403367,0.51943517,0.53506267,0.53320426,0.51663065,0.51500338,0.51342458,0.52569288,0.52389073,0.51621032,0.52677131,0.51208931,0.51923877,0.52407587,0.5182572,0.52232087,0.53292215,0.50674862,0.51187438,-0.90218765,0.27923369,0.34690368,0.38862401,1.3087564,1.6689204,1.2494065,0.67113328,0.78973961,1.5963712,1.3528652,1.151708,0.34895539,-0.21709736,-0.31958425,-0.24857561,0.66969174,0.3822059,0.3481093,0.31666282,-0.86771107,0.096615672,-0.58435148,0.43151119,-0.85683918,-0.14393763,-0.20500818,0.70913696,0.25015539,1.4049504,-0.21979395,0.21045651,-1.1684747,-0.27754402,-0.059370272,1.1221138,-1.1318874,0.53205776,0.21190852,-0.88810879,-0.099328406,-0.90833509,-0.58369213,0.29368606,0.93824154,0.64134222,-0.011731219,-1.5945626,0.64069325,0.12340509,-0.96408314,0.66254371,0.024703275,-0.008426195,0.55407876,-0.076484978,0.47566798,-0.24815281,0.086078234,0.61636925,-0.78427708,-1.0011752,0.044256441,0.54857767,-0.31566072,0.15072861,0.1317675,-0.15172268,-0.14689206,-0.3104116,0.43935072,0.57851386,-0.18363328,-0.35461643,-0.27160412,-0.013598979,0.10594058,-0.9218412,0.31251833,-1.1861987,-0.37333947,-1.6580102,-0.80757177,-0.069719121,-0.38404855,0.39743406,-0.44624934,0.14235604,-0.099839672,0.021249115,-0.75914741,-0.66182274,0.020755343,-1.0471638,-0.20979725,-0.012806058,0.074353814,0.24622224,-0.39000282,-1.4698133,0.38492563,0.43604401,0.78292912,-0.21741703,0.57282388,0.36243483,0.076371938,-0.61258489,-0.2799536,0.1610803,-0.61071932,-0.053587168,0.41524774,-0.11715103,-0.73781711,0.10235372,-0.46164751,-0.46986827,0.26566166,-0.27044755,-0.013542512,-0.76325357,0.79548872,0.68878031,0.23076054,-0.065583676,-1.592266,0.3615135,0.00046695,-0.21303512,-0.05704847,-0.52073455,0.12597559,-0.17301998,-0.69343978,0.81717342,-0.7302404,0.11425898,0.33347872,-1.4211622,-0.11642314,0.29969406,-0.095917098,-0.30326226,-0.84030169,0.45214528,0.19328523,0.49404913,0.76067847,-0.71353674,-0.21610034,0.058845241,0.080594338,0.22702976,0.28245223,0.20766592,-0.19851543,-1.1431636,-1.6135926,-0.67735511,0.22191229,0.63656873,0.47453761,-0.47373348,-0.35468459,0.12535067,1.0831413,-0.2256936,0.062082272,-0.23950879,-0.17855643,0.95433766,0.17597541,0.2468293,0.62796205,-0.10510243,-2.2060525,-0.085011616,0.42021719,0.036159407,-0.02186669,-0.56765372,0.062107027,-1.3268658,0.19047843,-1.144485,0.027430296,0.17340259,-0.83685899,0.064288959,0.08529079,0.26899302,-0.22720948,-0.50516176,-2.3222961,0.28121135,-0.77469802,-0.041721646,-0.090224691,-0.089123264,0.43609065,0.12480327,-0.21617305,0.44946331,-1.2533495,-0.77193916,-0.36937734,0.51923519,-0.50288236,0.16039349,0.21899833,0.45190418,0.080854282,0.51291132,0.42295715,0.77285379,-0.94073695,-0.26853773,0.5307408,-0.13947694,0.20341837,0.007262591,-0.27608138,-1.2042774,-0.43683642,0.063897938,-0.39069855,0.40468931,0.99691248,0.39365649,-0.49590999,0.18713519,-0.3387593,0.74950218,0.42595991,-0.41869634,0.11001185,1.7033918,0.12093808,0.17961375,-0.9153648,-0.20586717,-1.7502056,0.93429369,-1.0509275,-0.19573651,-0.15706055,-1.4878297,-0.34072381,0.15463175,0.088285327,0.51201183,0.45853853,0.05978772,-1.7006637,0.81569457,0.028822759,1.0687218,0.06206524,-1.0431404,0.000965208,-0.87473708,0.50712919,0.19227494,-0.88330925,0.20020866,-1.5864643,-1.5458419,-1.2387182,-0.40821809,0.57348615,0.34359267,0.25175053,-0.77577615,0.75513554,-1.0652148,-0.13192615,0.2223109,-1.0336335,-0.081769466,0.040809225,0.45186016,0.12879035,0.38921732,-0.043325767,0.4448806,0.021997141,0.27054816,0.21405306,-0.10570168,-0.63988441,0.45005006,1.1215036,-0.47712374,0.50587875,0.47831923,0.57656342,-0.63327754,0.49773499,0.31212753,-0.83114922,-0.49536905,0.11328872,0.068141408,0.11321302,0.84178001,-0.20371212,-0.51644945,-0.50649369,-0.024649696,0.57998425,-0.16679123,0.18614006,-0.28209886,0.21624011,1.0333389,-0.93964905,0.14858752,0.28634512,-0.57628256,-0.008231703,-0.061184853,-1.1320459,-1.6971264,-0.28960317,0.65964144,0.15434363,-0.19886616,0.72856426,0.27086368,0.51209712,0.27664226,-0.23900916,-0.38312924,0.23996145,0.084828362,-0.108934,-0.66176736,0.26917851,0.15050974,1.1165859,-1.6043034,-0.094234228,1.5092809,1.4801741,0.37726274,-1.3499568,-0.14691484,-0.23294882,-0.15754163,-0.005149391,0.23595262,0.71440393,0.57074428,0.39026642,0.088052213,0.23550564,0.73477685,0.69385898,0.88106596,-0.78467786,0.35375774,0.12366699,0.1843722,-0.29309648,-0.15809686,-1.6100569,0.31303594,0.054130789,-0.33229765,-0.1756797,0.20236956,0.12577479,-0.62621886,0.1959582,-0.25206056,0.015680417,0.003070861,0.46996498,0.83205891,0.32535449,0.058864705,0.57834488,-0.24284187,0.067435354,-0.96433896,0.25471663,-0.7574268,0.061693057,0.646689,-1.0004978,-0.21844845,0.51346004,0.4555583,-0.45532838,-1.0345739,0.49553257,-0.52245164,0.24908195,-1.6074631,0.32547268,-0.28206983,-0.54890239,-0.49833918,0.94380105,0.52198058,-1.7680022,-1.0609065,-0.32660124,-0.020713009,0.17665991,-0.017859444,0.013060194,0.47339246,0.20100828,-0.14802788,0.29014504,0.291913,0.38961905,-0.22506738,-0.35854518,0.42959917,-1.3658339,-0.005840132,0.1875,0.023150012,0.24471939,0.75913209,1.0660374,-0.37354103,-0.76439464,-0.33120593,-0.07802622,-1.8286262,0.42183039,0.28415933,0.3815974,-0.67991477,-1.1443501,0.28364775,-0.57774812,0.5446794,-0.069129921,-0.038248695,0.19960105,0.15154278,0.29394257,0.33017999,0.1006778,-0.16498159,-0.27027228,-2.0843673,-0.603948,-0.77582866,-0.007524792,-0.79142034,0.22926426,-0.20614904,-0.20000726,0.067008153,2
0.51726735,0.29818827,0.31210616,0.54415345,0.51635951,0.56010437,0.54352301,0.51751018,0.55702758,0.53677577,0.54920781,0.54131591,0.53795445,0.52245259,0.54442251,0.53603351,0.56684542,0.58257186,0.54272121,0.55233431,0.54311138,0.53379536,0.53191006,0.5517379,0.55790067,0.52363384,0.5249204,0.53339309,0.55375332,0.51932585,0.53368199,0.53053683,0.53310615,0.53010923,0.54386306,0.52761048,0.52911526,0.54444838,0.52481294,0.52007991,-0.83472759,0.31234452,0.47650367,0.49868223,1.3894782,1.7747893,1.3916439,0.79048395,0.91563481,1.706256,1.4154453,1.2718794,0.45201302,-0.15369099,0.1909837,-0.23063454,0.75036681,0.41436529,0.37470874,0.34811926,-0.90191388,0.026932459,-0.39877704,0.52940005,-0.62832451,-0.062671587,-0.2013468,0.84517717,0.20711848,1.5064151,-0.24059221,0.25485548,-1.0359657,-0.17094016,-0.044683494,1.0082583,-0.83978754,0.58675313,0.35041636,-0.80063039,-0.10057814,-1.0902001,-0.54292178,0.46428022,1.1078963,0.72126919,-0.007717352,-1.6351559,0.76434851,0.1032386,-0.98770487,0.56579792,0.032990441,-0.034283243,0.50212467,-0.056892149,0.43915734,-0.69050354,0.057384215,0.7711606,-0.4746446,-1.0565693,0.069824055,0.57157105,-0.40405107,0.15945433,-0.006640457,-0.23219973,-0.054009385,-0.23364124,0.32135332,0.82448947,-0.18648085,-0.35340849,-0.63658106,0.18837175,0.51444548,-1.0519383,0.42865756,-1.0741749,-0.36962461,-1.7088979,-1.1684868,-0.049521547,-0.42644125,0.18494727,-0.40760058,0.14671537,-0.14534567,-0.45337719,-0.79160255,-0.35633934,0.26681367,-1.0932568,-0.086716227,-0.3324309,0.14418209,0.15773785,-0.46313819,-1.9216667,0.36422014,0.40074724,0.86517107,-0.16866787,0.51168549,0.25263637,0.003738388,-0.1875833,-0.14905705,0.38563037,-0.41574064,-0.13330328,0.4768115,-0.4997701,-0.75633842,-0.043320782,-0.79769999,-0.70797789,0.39891165,-0.29997468,-0.022004064,-0.44062281,0.70836359,0.49835825,-0.038963944,0.092549093,-1.6975745,0.85200149,-0.007687345,-0.1867708,-0.085616842,-0.53135324,-0.21643889,-0.17475922,-0.63504601,1.0308949,-0.74012989,0.14904268,0.46070069,-1.9578693,-0.075095937,0.2569859,-0.058098581,-0.57705444,-1.0944297,0.36497876,0.45088053,0.43358186,0.69500393,-0.64266574,-0.25708941,0.072767176,0.058854822,0.13138671,0.39278629,0.029032007,-0.1581232,-1.2573996,-1.5679079,-0.60471529,0.26726195,0.71255368,0.20912454,-0.50011772,-0.39165732,0.030453593,1.3345171,-0.15851749,0.028202716,-0.52709901,-0.41589695,1.2970841,0.23814686,0.27033752,2.1467307,-0.20946339,-2.298815,0.028197594,0.52170587,0.002914206,-0.04702232,-1.1905006,0.24819984,-1.737942,0.37112629,-1.2954932,0.49285328,-0.01135296,-0.77935076,0.042347006,0.43422568,0.56066209,-0.25361377,-0.31983423,-2.9080391,0.41143498,-0.64001477,0.010073766,-0.088458329,0.49764696,0.57501972,0.16832526,-0.13609639,0.95678699,-2.0331378,-0.9540413,-0.10021251,0.45869887,-0.49597114,0.15107366,0.22868212,0.50759202,0.019272542,0.39653525,0.57771504,0.86592388,-0.84552544,-0.3005214,0.58331305,-0.23532075,0.33192611,-0.091141738,-0.25101471,-1.0993921,-0.41958687,0.094883561,-0.26328886,0.50643158,1.2736695,0.37308317,-0.37974679,0.19101098,-0.25041181,0.53523499,0.59478247,-0.47402433,0.074705474,1.3313578,0.09217222,0.16907808,-1.0894897,-0.10489535,-2.1370208,0.98003709,-1.5989432,-0.40632874,-0.073523939,-1.5805702,0.03079026,0.19661586,0.3588419,0.49310964,0.5512625,0.610071,-1.9736338,0.94018561,-0.006631687,1.1308558,-0.043152679,-1.035828,-0.034844503,-0.85403985,0.67984056,0.23020767,-0.78212333,0.48042238,-2.106246,-1.8125896,-1.4536743,-0.36169088,0.3833794,0.45096511,0.30884126,-1.0014002,0.84981358,-1.4368126,-0.22586554,0.27120796,-1.3239348,-0.034989186,0.05020491,0.52642077,-0.11258829,0.26099414,-0.090644196,0.30074146,0.040030748,0.82338887,0.1349021,-0.16602172,-0.77937418,0.51953387,0.95489049,-0.79164159,0.57587427,0.48945293,0.42874807,-0.76790249,0.88437593,0.69432199,-1.2581606,-0.51353759,0.12122194,0.19705154,0.25041199,1.0369112,-0.34483117,-0.46052143,-0.4057909,-0.020162849,0.67705482,-0.15965205,0.057604507,-0.37375519,0.24635024,1.2641743,-1.3000858,0.17277668,0.29344371,-0.61681974,-0.13110562,-0.21948759,-1.7146633,-2.0003841,-0.23209023,0.77657568,0.007598549,-0.30575466,0.6293608,0.21274018,0.51371241,0.29326135,-0.090524197,-0.74859476,0.26376694,0.045172166,-0.026429176,-0.38512516,0.27642271,0.22322388,1.2299618,-1.6495204,-0.035851739,1.7041992,1.3630437,0.58877385,-1.2138847,-0.3361496,-0.74576187,-0.22621797,0.10518116,0.41357759,0.89666593,0.99803579,0.31401521,0.22307846,0.18201411,0.63741398,0.67935967,1.1485244,-0.91496891,0.21516199,0.30165356,0.12032777,-0.38002494,-0.16251725,-1.5665388,0.3583436,0.052454144,-0.29944354,-0.1701051,0.41715926,0.17696559,-0.60666013,0.30404329,-0.14400043,-0.12479447,-0.40464911,0.66925716,1.2669928,0.27362415,0.12754616,0.60470217,-0.088546328,-0.14152625,-1.0842389,0.39153123,-0.51924682,0.34388608,0.83241063,-0.77897328,-0.48431751,0.38129845,0.45455295,-0.74947196,-1.0819055,0.59877223,-0.47850341,-0.23230386,-1.5712091,0.20310166,-0.10701099,-0.5736239,-0.52939862,0.97067285,0.43303156,-1.9868966,-1.3315191,-0.34951329,0.013440301,0.27148271,0.007652871,0.008248694,0.55359733,0.16128623,-0.10861219,0.12091066,0.27679399,0.42188615,-0.22791934,-0.13859753,0.17029741,-1.3650944,-0.029694337,0.49151126,0.085961372,0.21538699,0.61534357,1.035579,-0.46198928,-0.76933169,-0.39053982,0.24291083,-1.9965572,0.24122024,0.23234013,0.39883673,-0.82585633,-1.4403594,0.31349927,-0.5438084,0.14555755,0.026109055,0.17743799,0.48332322,0.22490183,0.34530213,0.48268834,0.022948736,-0.22329545,-0.53259784,-2.1596477,-0.59471577,-1.1432879,0.036672086,-1.1271824,0.21992311,-0.24796863,-0.51364124,0.12614742,2
0.5477879,0.29277506,0.2861549,0.58044732,0.57970971,0.59336293,0.5765332,0.56908196,0.57934022,0.58498108,0.57724172,0.5744347,0.57704687,0.56849629,0.60077721,0.56905746,0.58336848,0.59902596,0.58258224,0.57575655,0.56810659,0.57503366,0.56629902,0.56764269,0.58028471,0.56007862,0.57426125,0.55813491,0.56762099,0.57335907,0.56768686,0.57637537,0.56821644,0.5622716,0.57284808,0.56691319,0.55759281,0.5770787,0.54900467,0.56033194,-0.78460532,0.27017626,0.36858982,0.46234629,1.3893998,1.7099197,1.3022716,0.72339571,0.83731329,1.6696624,1.4071193,1.2082691,0.28210586,-0.1503593,-0.081270799,-0.32488692,0.53168184,0.27448198,0.29674387,0.22529343,-0.50084186,-0.005793626,-0.5462352,0.42223072,-0.55677986,-0.18826392,-0.21443784,0.73165548,0.12850794,1.5252017,-0.20286533,0.16221535,-1.1252248,-0.26961839,-0.002452977,0.70884579,-0.7998907,0.51414454,0.18931857,-0.86144757,-0.12094084,-1.2578881,-0.46875784,0.46023953,0.75534385,0.65678412,0.004384939,-1.7125568,0.83504045,0.059891958,-1.0761278,0.5485993,0.013092488,0.066494823,0.65618908,-0.052889921,0.40928093,-0.4473303,0.055519536,0.52196234,-0.53051662,-1.1028353,0.014362924,0.54143989,-0.26957446,0.079967752,-0.005147532,-0.21032666,-0.005190805,-0.28505629,0.43104351,0.71931171,-0.19051075,-0.32109168,-0.34235549,-0.084076673,0.65114236,-1.0552537,0.33127877,-0.94537199,-0.34945506,-1.7092955,-0.98418158,-0.11080107,-0.52893746,0.18000078,-0.42675248,0.18113083,-0.10325503,-0.25245023,-0.756805,-0.29953888,0.39933652,-1.0354629,-0.24997951,-0.064646319,0.13498017,0.38813013,-0.54757398,-1.6881222,0.59206343,0.35296318,0.87087584,-0.1828846,0.46661294,0.38487038,0.11583893,-0.32847592,-0.14397448,0.32918173,-0.46251944,0.076139972,0.31130916,-0.49366742,-0.660869,0.029971406,-0.58291656,-0.62155956,0.33381444,-0.35161382,-0.039838444,-0.50875455,0.63053423,0.6528464,-0.012627468,0.022636153,-1.7305766,0.79955268,0.010369636,-0.18219945,-0.044736058,-0.47265607,0.052999906,-0.21726024,-0.60174716,1.1078149,-0.69278246,0.078461595,0.44062334,-1.369385,-0.15838431,0.29980102,-0.046477694,-0.47069383,-0.91957891,0.41625649,0.10468796,0.40117997,0.84771073,-0.60308206,-0.2441929,0.012637669,0.00267658,0.13476351,0.33300105,0.029120073,-0.024971344,-1.2489686,-1.6858189,-0.65448117,0.4090353,0.60202891,0.27237183,-0.49014831,-0.32141489,0.084679142,1.0364236,-0.15298733,0.0787846,-0.29819813,-0.23282456,1.1840588,0.1132534,0.16882637,2.3103664,-0.14601097,-2.3676419,-0.041476585,0.72335494,0.018555837,-0.10380645,-0.75415546,0.086321145,-1.5060762,0.20665622,-1.0072486,0.18327165,0.099844098,-0.82056046,-0.024427008,0.23563018,0.55131519,-0.24656554,-0.12941422,-2.5414941,0.33313155,-0.76735198,-0.085760102,-0.25586161,0.354655,0.42661199,0.081457406,-0.040989384,0.67675436,-1.6806619,-0.95200622,-0.028375179,0.40044895,-0.33672184,0.15007828,0.14186335,0.39477599,-0.056267045,0.45946461,0.44519347,0.71975762,-0.9703719,-0.3149617,0.5110119,-0.27688542,0.18519326,-0.10625736,-0.23356502,-1.2544801,-0.42158875,0.070816882,-0.42010126,0.41038775,1.1172061,0.32540789,-0.434264,0.10947533,-0.34511271,0.53269923,0.77423912,-0.40484822,0.061421908,1.4345545,0.059457719,0.14820756,-1.2009807,-0.17563473,-1.935378,0.88764197,-1.5164343,-0.2218374,-0.051731467,-1.3482009,-0.32578665,0.08851973,0.39905041,0.58578902,0.61689174,0.65798378,-1.7851743,1.0076199,0.020901661,1.2367842,-0.026052196,-1.0800207,-0.010040998,-0.83641601,0.72719538,0.15200314,-0.73684472,0.39654064,-1.784363,-1.5830956,-1.4165597,-0.29833722,0.56052232,0.76417589,0.18703586,-1.0073907,0.76916873,-1.1943471,-0.1791631,0.25408944,-1.0619844,0.048557006,-0.033605374,0.45711169,0.060266212,0.44533157,-0.063043535,0.54454935,0.014121901,0.52986228,0.1273393,-0.12759194,-0.69905692,0.31573194,0.98633599,-0.53064483,0.54893899,0.44282076,0.40936655,-0.73567241,0.84095591,0.44559735,-0.95915067,-0.60810709,0.09130764,0.22298791,0.22223923,0.85815823,-0.28130054,-0.38321197,-0.4394061,-0.048476912,0.69392329,-0.21381286,0.12572826,-0.38399887,0.13692629,1.2163517,-1.0305103,0.12435344,0.20912361,-0.62298882,-0.04928048,0.28931722,-1.4234235,-1.9267199,-0.32199135,0.52105957,-0.053439781,-0.19545485,0.70082206,0.20658828,0.42976916,0.21515827,0.028595001,-0.54504132,0.18178967,0.12728347,-0.13776128,-0.41119817,0.25071934,0.16942514,1.1871592,-1.6092777,0.15006353,1.4529009,1.4129263,0.52356088,-1.2604288,-0.29955906,-0.54977995,-0.17688826,0.20809764,0.42708692,0.82186806,0.72499633,0.41962209,0.25729996,0.23513924,1.0319099,0.67706358,1.2788601,-0.95473439,0.30775124,0.2776401,0.080117382,-0.44034088,-0.11833674,-1.431386,0.24808232,0.003630597,-0.32870841,-0.15273109,0.44740564,0.17892639,-0.60902697,0.2185525,-0.25592422,0.19715565,-0.14156821,0.47888294,1.1678423,0.35600853,-0.002725551,0.58936292,-0.13906471,0.043661229,-0.99360245,0.36387789,-0.6018275,0.4493466,0.93481928,-0.55369449,-0.52381015,0.47381157,0.41522115,-0.6197443,-1.0805374,0.6501295,-0.52042192,-0.044059172,-1.5960097,0.30046272,-0.27233189,-0.71581954,-0.39821377,1.0675105,0.46857768,-1.6908765,-1.2533708,-0.39224342,-0.007981751,0.28226873,-0.059829459,-0.045579627,0.47729495,0.19425753,-0.12393883,0.20889507,0.28459996,0.37903243,-0.142461,-0.24326259,0.1610956,-1.4760023,-0.025106203,0.56764668,0.065627888,0.20117378,0.59754145,1.0641615,-0.41720483,-0.72549498,-0.37222081,0.35596815,-1.8511069,0.31606811,0.32549143,0.33991376,-0.74978507,-1.2749518,0.4361465,-0.47882143,0.019104302,0.012481645,-0.08208736,0.54579508,0.11332505,0.26049218,0.36252427,0.030714545,-0.13114254,-0.46884662,-2.1474991,-0.7065208,-0.89527249,-0.1260293,-0.89105415,0.17284259,-0.23738191,-0.26315996,0.013489086,2
0.51290166,0.25648284,0.2593708,0.53735995,0.53589034,0.54897428,0.53730667,0.52031916,0.53515857,0.53431857,0.52831101,0.52825749,0.53313923,0.52286351,0.54708731,0.52448106,0.53254694,0.5587908,0.53262526,0.53163475,0.51695335,0.52846873,0.52240461,0.5256567,0.53079802,0.52486539,0.53310776,0.50760508,0.52704287,0.53110707,0.51363826,0.54083478,0.51501393,0.5290665,0.52116519,0.51682425,0.51442498,0.53357482,0.50858343,0.51491243,-0.73979431,0.24515778,0.43303216,0.49434763,1.4113493,1.7451884,1.3661493,0.78317094,0.90119725,1.7175975,1.4590323,1.269088,0.26878944,-0.082311243,0.13529161,-0.26044109,0.49166518,0.25702342,0.31284049,0.22559161,-0.43546978,0.040697619,-0.4126696,0.50155127,-0.3502847,-0.17452475,-0.084359534,0.68627989,0.25297594,1.6135726,-0.23015644,0.21522494,-1.0572435,-0.25488141,0.049715079,0.69922686,-0.7563386,0.53039718,0.23696211,-0.90083534,-0.10557619,-1.1934793,-0.54748088,0.55407465,0.67192471,0.82964277,-0.038264677,-1.5877304,0.981848,0.097752713,-0.972974,0.52566344,0.13854527,0.088151745,0.72166294,-0.19285887,0.45653954,-0.638556,-0.014986621,0.52612227,-0.47476304,-1.1427636,0.022200763,0.62798524,-0.34406868,0.13552323,-0.02602993,-0.29895684,0.027471989,-0.25855398,0.4085021,0.79943299,-0.25262123,-0.41299802,-0.35116756,-0.17535362,0.78762841,-1.1753051,0.40446281,-0.83522534,-0.39066374,-1.8221252,-1.2613003,-0.062439714,-0.41544604,0.25079545,-0.40667552,0.050423577,-0.17903028,-0.35969722,-0.90128338,-0.40190166,1.216078,-1.0995474,-0.41662878,-0.20877762,0.091194913,0.36399296,-0.51536179,-1.9572834,1.3025587,0.35614067,1.0766504,-0.23157032,0.61436582,0.48277059,0.070566788,0.81686175,0.13897711,0.18060169,-0.39977929,0.24112315,0.29761934,-0.399957,-0.64658576,-0.002652466,-0.79946887,-0.77841985,0.4846915,-0.43193799,0.092349149,-0.48623532,0.68208951,0.87826234,-0.055474252,0.088983767,-1.8573596,0.88160372,0.1804321,-0.21970811,0.22155951,-0.44379881,0.059276093,-0.22519864,-0.28134581,1.1698972,-0.87808621,0.04150556,0.50122511,-1.6899107,-0.24253649,0.17321786,0.15686443,-0.61607343,-1.1194123,0.2841925,0.30701736,0.43931073,0.57777649,-0.66690636,-0.27037051,0.012926865,-0.059537787,0.25839964,0.36816898,0.15677769,-0.027998384,-1.3277925,-1.804316,-0.61568534,0.27262679,0.57288671,0.26402956,-0.49707326,-0.34922639,0.015461996,0.89841938,0.087242946,0.12616874,-0.4577786,-0.37653437,1.1048934,0.10110714,0.15944667,2.3678401,-0.25295627,-2.4151735,0.11513834,1.3339746,-0.099799506,-0.11084695,-0.97072649,0.088428505,-1.7144318,0.36832011,-1.3554568,0.21027064,0.19181664,-0.78771406,-0.032719586,0.4121739,0.66155207,-0.30139869,0.10234275,-3.0174811,0.36847278,-0.35937732,-0.14572027,-0.1503402,0.32090771,0.36010703,0.10140767,0.042242929,0.70814675,-1.9029682,-1.0085847,-0.31601372,0.52384943,-0.25432187,0.12866931,0.20913225,0.46902055,-0.14071247,0.45938331,0.38678211,0.82887113,-1.0571809,-0.39176685,0.7250489,-0.26742175,0.42572322,-0.032804176,-0.13266554,-1.3033947,-0.39013493,0.057661466,-0.38898426,0.6209861,1.5130465,0.32236955,-0.14955826,0.22228345,-0.42080945,0.82054842,0.77257729,-0.31857991,0.065843701,1.4461424,0.12742893,0.15046117,-1.1237504,-0.20738928,-2.2097659,0.79222399,-1.6512816,-0.43889511,-0.032594711,-0.87031239,-0.30990145,0.11698905,0.00277926,0.89393294,0.48665264,0.79357994,-2.0240493,0.98910296,0.020046113,1.2537684,0.13357943,-1.0371416,-0.050363138,-1.006066,0.58947951,0.1827527,-0.78674483,0.63074166,-2.0926495,-1.8937598,-1.5993707,-0.36375016,0.54470009,0.99046272,0.17693432,-1.0720893,0.71222061,-1.4364372,-0.21390234,0.29761907,-1.3046516,0.19041783,-0.048575323,0.65867466,-0.055469308,0.4634259,-0.037269339,0.3281624,-0.002692569,0.4554812,-0.021561131,-0.13100401,-0.78521484,0.30138302,1.1378334,-0.53304601,0.53695226,0.48241201,0.48451537,-0.84015077,0.92820621,0.53196692,-1.2182211,-0.80143988,0.031059869,0.18751383,0.21589646,0.91128331,-0.2341373,-0.4228833,-0.37061015,-0.056149743,0.90395224,-0.21227241,0.17951404,-0.40636122,0.075098,1.4050841,-1.3043979,0.088985361,0.24849501,-0.71035528,0.021404374,0.3662582,-1.6856058,-2.0498223,-0.39114815,0.50759643,0.021576524,-0.26354626,0.81566966,0.16532479,0.42479396,0.18716143,0.39809451,-0.68693674,0.15599376,0.30204189,-0.060769886,0.43135399,0.21095662,0.074537136,1.3446654,-1.6918386,-0.038117185,1.7213565,1.4359931,0.54675704,-1.2220755,-0.30876377,-0.58881968,-0.19255425,0.29521924,0.42774695,0.89357978,0.83741713,0.18867783,0.48904598,0.25414944,0.77537715,0.66420603,1.5069079,-0.81355327,0.18842185,0.63227284,-0.058828309,-0.41247511,-0.057298437,-1.3966761,0.25379163,0.015362509,-0.42984104,-0.06859497,1.2828934,0.475095,-0.46255562,0.2146354,-0.24447721,0.51625735,-0.26970226,0.81782889,1.1532646,0.37068695,-0.05658824,0.56238246,-0.075380459,0.16771095,-1.1393872,0.37782809,-0.51890427,0.17011493,0.7084381,-0.43475491,-0.62739944,0.43962362,0.45816457,-0.82067692,-1.3369553,0.85146677,-0.65872812,0.080211498,-1.6971169,0.3315874,-0.25628474,-0.98573267,-0.44207346,1.2029741,0.49010712,-1.8619931,-1.3857138,-0.35803273,-0.029379539,0.44284415,-0.13288741,0.038709924,0.52039021,0.19145432,-0.16801745,0.22578841,0.32486558,0.42037314,-0.22494486,-0.29501823,0.83598518,-1.5299778,-0.005167851,0.76700282,0.13202758,0.18345816,0.62049472,1.4355806,-0.35865682,-0.83792788,0.030958444,0.56427127,-1.8112571,0.23057735,0.20038439,0.32346052,-0.80852968,-1.3884633,0.40060699,-0.60088968,0.15073377,0.12412113,-0.046016198,0.44933659,0.069784805,0.24793808,0.41220671,-0.003861655,-0.1498971,-0.61889952,-1.9885169,-0.78850335,-1.1122993,-0.12424524,-1.069488,0.10624786,-0.13173258,-0.45081988,-0.017410289,2
0.61520344,0.39499074,0.40123522,0.59806061,0.58633852,0.59809959,0.59466642,0.58127189,0.593427,0.59664315,0.61374384,0.59173703,0.58647597,0.5947054,0.61235023,0.61210495,0.60916156,0.62537128,0.59869456,0.60953379,0.59182835,0.58542651,0.58365828,0.61394739,0.60286373,0.57598817,0.58755398,0.58341783,0.60530335,0.59283197,0.5811317,0.60420191,0.58323967,0.60726213,0.59116501,0.63110757,0.60553181,0.62349898,0.58316058,0.58026445,-1.0835671,0.39587599,0.71073747,0.64530402,1.5407364,1.9368384,1.6269799,1.0056393,1.1637816,1.9187102,1.6312504,1.496733,0.54771876,-0.17990679,-0.17604411,-0.22822861,0.89055371,0.51670426,0.53199601,0.51045096,-0.53844726,0.04122594,-0.46091646,0.45820469,-0.46162477,-0.34150815,-0.16159882,0.69682449,0.13838077,1.3632842,-0.23261765,0.40731999,-1.1765754,0.005014345,-0.1324105,1.1262941,-1.0021797,0.76086009,0.35578278,-0.86411929,-0.025571931,-1.0333313,-0.46261552,0.58922851,1.1348276,0.85836875,0.069148317,-1.7412313,0.87005973,0.24251181,-0.99179363,0.7338196,-0.015917413,-0.21956237,0.67502326,-0.17268567,0.25719422,-0.88386017,0.044124231,0.83224988,-0.9871105,-1.1010759,0.15718815,0.45759761,-0.44816211,0.35220546,0.026266605,-0.24848476,-0.042698823,-0.17537475,0.38892969,0.58852434,-0.12393768,-0.56810361,-0.77754486,0.13071054,0.68551421,-1.2261927,0.46895134,-1.2437787,-0.37182119,-1.8696916,-1.6516697,-0.1564047,-0.47926378,0.27845332,-0.41440296,0.14315438,-0.018925056,-0.44870216,-0.84352213,-0.3766405,0.16636166,-1.2046871,-0.27583402,-0.46857756,-0.063655779,0.17958994,-0.41691503,-2.0811751,0.77114213,0.52202737,0.96066666,-0.36440265,0.49728978,0.4343338,-0.006801859,-0.44279385,-0.15892176,0.4900679,-0.62946385,0.10534938,0.6257866,-0.45127416,-1.0068266,-0.1286301,-0.73610914,-1.1531928,0.31594121,-0.66472769,0.13591082,-0.79975128,0.78264493,0.82878375,-0.19220912,0.020492889,-1.5447106,0.60673189,-0.24297684,-0.13516104,-0.057883561,-0.66316694,-0.040996633,-0.10282747,-0.63902479,1.2257794,-0.83161354,0.23233677,0.76796544,-2.0768032,-0.01790674,0.31486988,-0.18950275,-0.56774175,-1.4943564,0.23650408,0.21825512,0.68360913,1.0397718,-0.77203852,-0.37389189,0.11643775,0.15235028,0.19004598,0.54373908,-0.21745154,-0.19012874,-1.3662978,-1.8444409,-0.87408102,0.38976312,0.66996694,0.25560179,-0.47807643,-0.3822875,0.061132848,1.3500192,0.075120449,0.061821774,-0.69475716,-0.37338042,1.2633821,0.32328916,0.39819172,1.2569443,-0.21469608,-2.3338714,-0.06139506,0.66310453,-0.028568294,-0.14384955,-1.2270126,-0.081010945,-2.1416276,0.30095768,-1.8426323,0.4294998,-0.058199622,-0.81501055,0.10787594,0.39107987,0.69685423,-0.17943759,-0.20067948,-3.0232661,0.29317856,-0.53642023,0.17042001,-0.19296774,0.51996511,0.41713831,0.28141832,-0.22676536,0.42074758,-2.171823,-0.94829589,-0.40441465,0.81963027,-0.50999177,-0.089794353,0.26329234,0.56243944,-0.027250644,0.427522,0.02406612,0.82959253,-0.8670938,-0.23104185,0.95687819,0.003131639,0.10645263,-0.31542388,-0.22632298,-1.1050144,-0.44307542,0.20195995,-0.28811455,0.45874387,1.3239803,0.47101086,-0.47386053,0.37084094,-0.27012485,0.68209022,0.83965063,-0.44186854,0.14286983,2.0329065,0.24310715,0.31048745,-1.2915254,-0.11143901,-2.1766765,1.0096436,-1.7982416,-0.92863977,-0.15249798,-1.9080727,-0.46588713,0.36612216,0.23762053,0.58044952,0.59531152,0.34001502,-1.871327,0.95600981,0.09419965,1.3024864,0.10383162,-1.1517195,-0.040533796,-1.0809016,0.63009125,0.35399145,-0.98552418,0.52254343,-2.4474547,-1.8714501,-1.4941466,-0.26657945,0.53021848,0.70296931,0.44686663,-1.1252167,1.0612772,-1.6186337,-0.3258689,0.44614351,-1.2460433,-0.1616379,0.20859306,0.61034703,-0.14773378,0.60751379,-0.10782576,0.29753542,0.083754584,0.22333094,0.25026748,-0.21848825,-1.1366811,0.62586653,1.2154276,-0.70396519,0.71206558,0.60127836,0.28662884,-0.79089671,0.9766804,0.20120049,-1.6599109,-0.68521535,0.20251274,0.21370766,0.16716,1.1071295,-0.31642023,-0.65050262,-0.50127327,0.11272691,0.65716654,-0.23410684,-0.035443671,-0.40345988,0.36038151,1.5966692,-1.4467803,0.20553376,0.47677651,-0.7838369,0.064771906,-0.029744714,-1.7892923,-1.9528878,-0.45833135,0.98147702,0.18018574,-0.30481496,0.86115181,0.3735916,0.5503962,0.44207609,-0.11238921,-1.0291177,0.35469431,0.20946689,-0.35056737,-0.46386352,0.32713646,0.31185564,1.439326,-1.7948859,-0.059173558,1.5796484,1.9228001,0.55621934,-1.1099612,-0.38842884,-0.77101141,-0.10963771,0.11070085,0.3361969,0.97779417,0.75252634,0.51943064,0.17172824,0.28649136,0.8781864,0.56455123,1.3119547,-1.0471727,0.27521232,0.32877451,0.054708995,-0.45722187,-0.28596514,-1.5195754,0.45517272,0.094325788,-0.23160648,-0.19431755,0.54544687,0.19592045,-0.68025863,0.30891421,-0.098284431,0.53580928,-0.63239312,0.94846988,1.4365913,0.33856863,0.07204701,0.78297043,-0.31321204,0.080797687,-1.1329575,0.27058861,-0.68580818,0.17234594,0.75502092,-0.95582217,-0.5759145,0.27995855,0.40119398,-1.2330185,-1.5182695,0.79455841,-0.52017903,-0.24554439,-1.6182306,0.22548692,-0.099652566,-0.85389161,-0.62885588,1.1887603,0.51983261,-2.059998,-1.2832935,-0.38922,0.11333574,0.31840658,-0.083486453,0.11095642,0.6980269,0.2319372,-0.38419425,0.20620188,0.26898518,0.29473552,-0.13442118,-0.29654431,0.38444263,-1.6999327,-0.010566381,0.53206247,0.22893736,0.24612209,0.65074837,1.4441956,-0.41063085,-0.67061782,-0.33469263,0.39528871,-1.9666296,0.3403956,0.19182697,0.52072752,-1.0724235,-1.4015273,0.25862271,-0.43914375,0.40109462,0.01699762,0.039943524,0.57522082,0.35772496,0.4597773,0.59728372,0.041160777,-0.5342617,-0.53547633,-2.3644676,-0.42783162,-1.7823291,0.14544153,-1.1875768,0.4190363,-0.26460969,-0.41466528,0.2348211,2
0.56397891,0.35302788,0.31516865,0.57919776,0.58092266,0.58891213,0.58286142,0.57219827,0.59654856,0.58357471,0.58940613,0.57978159,0.58321494,0.57013571,0.58717853,0.56952,0.59679031,0.60499442,0.58874887,0.60021663,0.58674669,0.57492512,0.57843393,0.59408462,0.59023201,0.57496703,0.57591647,0.56741357,0.60047013,0.57832909,0.57621199,0.57845402,0.58403957,0.58196586,0.58893472,0.56690902,0.57616198,0.60271907,0.57701212,0.57524562,-1.0408034,0.30010659,0.68883359,0.67462188,1.5685792,1.9010627,1.6292031,0.99609405,1.1417841,1.9154365,1.6067214,1.4871576,0.52581078,-0.15403678,-0.25321105,-0.41275173,0.87804073,0.54219389,0.54394209,0.465211,-0.98161048,-0.069974676,-0.56959301,0.45681319,-0.63668317,-0.13913812,-0.28355235,0.53241181,0.11014274,1.1020441,-0.22046156,0.28973487,-1.0813437,-0.1761651,-0.13429731,1.2643625,-1.028132,0.6742413,0.33491623,-0.90875828,-0.045269247,-1.0930986,-0.59964907,0.4527927,1.2247081,0.68163449,-0.025521997,-1.7868711,0.70718169,0.13906248,-1.1564462,0.67693949,-0.016986251,0.035708584,0.55244911,-0.011794463,0.403025,-0.42593366,0.066536993,0.85213935,-0.79416585,-1.1208708,0.10331502,0.56577563,-0.38265255,0.24277291,0.095473535,-0.22444841,-0.059195347,-0.25062871,0.30782095,0.59119356,-0.19285734,-0.30244955,-0.49517587,0.23211683,0.51616013,-1.1800895,0.53913081,-1.147891,-0.3096233,-1.8802314,-1.2248973,-0.15985349,-0.57751632,0.34998098,-0.28933117,0.13597235,-0.11141743,-0.071469717,-0.8078779,-0.57196224,0.036623269,-1.311969,-0.19203727,-0.086830333,-0.15505318,-0.039425462,-0.34565052,-2.0070531,0.4684557,0.54442531,0.82854772,-0.33100358,0.50448197,0.31119478,-0.013749585,-0.42512155,-0.39909965,0.38519013,-0.56813085,-0.2241382,0.60275948,-0.51951879,-1.0024287,-0.10067896,-0.77989382,-0.60695356,0.25935659,-0.36494136,0.06422881,-0.80888951,0.81703478,0.64983672,0.23166057,0.083802491,-1.6991942,0.33037922,-0.076064199,-0.18751112,-0.02515698,-0.64944011,-0.042271085,-0.10020937,-0.77702469,1.0125031,-0.71039128,0.19744197,0.55623758,-1.8266377,-0.036134511,0.25861305,-0.21741962,-0.35514212,-0.95207429,0.38465226,0.082926184,0.65789437,0.95257771,-0.94672388,-0.3304559,0.11157201,0.032905489,0.091246076,0.48193163,0.060796052,-0.27096865,-1.5496867,-2.0346224,-0.83620375,0.34257105,0.53328389,0.26381952,-0.45513731,-0.41863549,-0.046499327,1.2006214,-0.057099983,0.083808273,-0.4024241,-0.32299459,0.98257023,0.27345118,0.34188071,0.54336536,-0.29178488,-2.1971393,-0.1597672,0.37892556,0.033919942,-0.017949905,-0.87875432,-0.065513879,-1.5829318,0.2779268,-1.3277141,0.36152124,0.08010079,-1.0074847,0.10365365,0.14324075,0.53519022,-0.17478755,-0.25314632,-2.9323721,0.22914806,-0.67234433,0.074850053,0.053231269,0.24376655,0.523902,0.18970215,-0.25081274,0.25461334,-1.8150499,-0.81747186,-0.32084501,0.59689486,-0.41894948,0.011104643,0.23473193,0.56567895,0.009644613,0.53422999,0.17438637,0.80830783,-0.91503811,-0.21762964,0.77005202,-0.16343702,0.12565601,0.02682104,-0.35796344,-1.2741379,-0.49838591,0.10625309,-0.26932588,0.36312073,1.125832,0.47872889,-0.4830189,0.28469267,-0.34642786,0.70594382,0.49079394,-0.44086844,0.11336732,1.6577079,0.15150686,0.30883357,-1.0570104,-0.22768509,-2.1248717,0.96403885,-1.2077656,-0.36102861,-0.21045734,-1.6174843,-0.49877912,0.22727896,-0.1885539,0.54889846,0.4867129,0.097821832,-1.9487178,0.91613162,0.092680506,1.1987151,-0.054091208,-1.3205909,0.023635447,-1.2264574,0.56955242,0.17308602,-1.0187223,0.43421853,-1.9724344,-1.8293256,-1.2860013,-0.44577378,0.45401251,0.42449826,0.44421679,-0.91408408,1.0094579,-1.4729384,-0.20205504,0.34179178,-1.3879318,-0.18182357,0.16852187,0.5141778,0.043410383,0.31479931,-0.30731612,0.38324255,-0.022656824,0.38501772,-0.084746189,-0.11061515,-0.82713205,0.61894631,1.0542372,-0.68053496,0.59434003,0.57707793,0.30034533,-0.83235228,0.81647885,0.10558715,-0.98638606,-0.87607479,0.1574474,0.087168753,-0.018114537,0.93581569,-0.30112243,-0.71637642,-0.65497363,0.054517992,0.5023666,-0.13829178,0.057239085,-0.44171801,0.3192811,1.2257652,-1.2154616,0.20963544,0.43194222,-0.64400792,-0.025510844,-0.1724643,-1.4114516,-2.1221542,-0.34393951,0.93339819,0.004089698,-0.3897126,0.64924657,0.18883546,0.50202137,0.36260718,-0.16536862,-0.61193395,0.36120707,0.074423313,-0.22792299,-0.53458905,0.33241782,0.28345114,1.2936077,-1.8221296,0.059157323,1.4894341,1.7584263,0.43126073,-1.3739103,-0.39211664,-0.56672364,-0.28785107,0.013462504,0.15488774,0.72509825,0.53813636,0.52415448,0.09891656,0.19765429,0.73855436,0.64451176,1.0564275,-1.0629557,0.30317247,0.15353265,0.23822825,-0.49294055,-0.22378856,-1.7783247,0.46380508,0.075505622,-0.29033312,-0.11122145,0.32311216,0.25517741,-0.66817266,0.30283618,-0.023283765,0.21101673,-0.26641953,0.73658001,1.2291614,0.37618768,0.12505329,0.68543482,-0.19363514,-0.081391774,-1.0417086,0.29268295,-0.84728974,0.099752054,0.71923459,-0.92716277,-0.32667637,0.50410473,0.32963628,-0.64723504,-1.4724412,0.66325581,-0.44054145,0.11757991,-1.5897801,0.30524763,-0.20362791,-0.93727356,-0.50729442,0.96219707,0.41699374,-2.052254,-1.3280567,-0.46071529,0.059580386,0.2310493,-0.19220284,-0.008847123,0.6454885,0.33466345,-0.23903316,0.20490523,0.28244984,0.32147288,-0.048393324,-0.26976672,0.17556821,-1.6278309,-0.01280506,0.38444883,0.14102238,0.26649743,0.76207495,1.1583629,-0.45048678,-0.85264325,-0.45137095,-0.076394171,-2.1040206,0.37312236,0.42096972,0.58952713,-0.91734785,-1.4175138,0.28155398,-0.46436965,0.52246368,-0.060452394,0.015802957,0.39202845,0.27874655,0.44632271,0.45362303,0.063270912,-0.18880786,-0.35979819,-2.3927851,-0.58689177,-1.0001423,0.14291167,-1.0751257,0.29204747,-0.11159845,-0.4440704,0.15732102,2
0.58615935,0.34059024,0.30988359,0.644256,0.62632096,0.65268469,0.63952428,0.62105018,0.63462138,0.6447711,0.63450086,0.63446283,0.63670093,0.61665148,0.64910281,0.63352108,0.64351362,0.666098,0.64454919,0.63271397,0.59125054,0.63974559,0.62541288,0.63597274,0.64337623,0.63050294,0.64187574,0.63724637,0.64568329,0.64245933,0.63859153,0.63772815,0.636042,0.63786888,0.63727605,0.62558186,0.61639667,0.64876151,0.62304699,0.63327795,-0.96403074,0.29306602,0.48573327,0.58291161,1.4537964,1.8045661,1.4131198,0.81803274,0.94294852,1.7448243,1.4940579,1.3083062,0.36576125,-0.13035862,-0.28521609,-0.37784606,0.67810374,0.4268384,0.44042248,0.34577248,-0.85482454,-0.05501163,-0.58829331,0.37346235,-0.71569192,0.15049328,-0.27698904,0.61058158,0.00619477,1.2905784,-0.23150191,0.18103346,-1.125059,-0.20041662,-0.18821999,0.85213172,-1.0161451,0.65325439,0.20633548,-0.79553461,-0.12399983,-1.1377493,-0.48920703,0.29861724,0.86699355,0.58555394,-0.022579622,-1.8304945,0.69703674,0.13384026,-1.1304586,0.96226376,-0.015487716,0.007950306,0.57284582,-0.001849204,0.26307097,-0.55151963,0.086621806,0.67618811,-0.55143058,-1.0935081,-0.018681668,0.63153285,-0.24583729,0.10981405,0.13089296,-0.16425958,-0.074720338,-0.22301987,0.18753271,0.49723142,-0.21458161,-0.35231447,-0.42052901,0.41705555,0.40535331,-1.1111848,0.47407764,-1.2238395,-0.35153133,-1.7921799,-1.1645231,-0.1859675,-0.57290483,0.20014897,-0.3160297,0.1969745,-0.13351151,-0.24422015,-0.87261671,-0.49569976,-0.094466448,-1.1857598,-0.19970836,-0.15998214,0.043837085,0.29530463,-0.3959859,-1.8638107,0.27551687,0.46974671,0.86730415,-0.1927368,0.43262833,0.28962293,0.037422784,-0.54701293,-0.33461058,0.39496157,-0.40271071,-0.17663333,0.44840527,-0.43446565,-0.78916311,0.073495284,-0.53226322,-0.67776173,0.41593477,-0.60904598,0.025191372,-0.64111185,0.68730533,0.72004908,0.041036665,0.12322024,-1.5839771,0.61906594,-0.049182642,-0.12552279,-0.035028785,-0.5460996,0.00903682,-0.13296014,-0.72732377,1.1063341,-0.88513434,0.13018952,0.46377537,-1.9855379,-0.10162868,0.17180422,-0.20445861,-0.5542109,-1.0763849,0.26140225,-0.10191742,0.62682295,0.78885216,-0.7771641,-0.34188181,0.023401069,0.016365398,0.13036779,0.36810207,0.061524689,-0.16518207,-1.3819121,-1.8911455,-0.68568546,0.41353148,0.85156125,0.41125166,-0.45151517,-0.40326464,-0.009264141,1.3657656,-0.079124756,0.12692408,-0.34904662,-0.35777199,1.1450018,0.21633431,0.27506319,0.90767449,-0.2034187,-2.4350314,-0.084146269,0.19046551,0.004617645,0.11105466,-0.99530685,0.20088603,-1.6674213,0.33951563,-1.2133336,0.64793289,-0.037989371,-0.90124631,0.016997295,0.34894216,0.68600613,-0.2301394,-0.34660658,-2.8803763,0.46234816,-0.67340261,0.00056871,0.030709974,0.27967292,0.73797494,0.21742943,-0.12415063,0.74362493,-1.8740247,-0.89283073,-0.26744527,0.58855432,-0.4237479,0.096696913,0.28484264,0.30379334,0.061370961,0.36613381,0.49262983,0.8619734,-0.89878625,-0.30356485,0.65606189,-0.12127823,0.26764181,-0.11824635,-0.21412691,-1.2888662,-0.39876524,0.10927138,-0.41504645,0.34807009,1.1117636,0.47422528,-0.48569798,0.19688366,-0.34779489,0.55936378,0.58538902,-0.38978189,0.034792632,1.7999063,0.21181132,0.28986567,-1.0038301,-0.2452729,-2.1471555,1.1503016,-1.5119355,-0.24391851,-0.061583959,-1.759645,-0.2824859,0.26608992,-0.02815029,0.56079441,0.3217324,0.34904182,-2.0484285,1.0837845,0.12424124,1.3064425,0.006299692,-1.1188447,0.090580583,-0.96322441,0.67447501,0.20778485,-0.86228079,0.41269445,-2.0284476,-1.4706397,-1.3692981,-0.35501087,0.37131381,0.17887092,0.38818207,-1.2242122,0.91150194,-1.2313552,-0.006868571,0.32947353,-1.23088,-0.04669182,0.10510768,0.62689638,-0.074368134,0.27124655,-0.31738079,0.44087964,-0.012464205,0.92553049,0.10101518,-0.14984666,-0.85010731,0.503829,0.89317113,-0.73358691,0.57769758,0.44337112,0.47423351,-0.63668728,0.7699374,0.35581532,-1.028012,-0.60229969,0.09193518,0.19453947,0.20225163,0.8216362,-0.21690494,-0.46560794,-0.53311121,-0.018312398,0.56059062,-0.04555212,0.021596529,-0.39242226,0.19749826,1.0978507,-1.3563765,0.17597327,0.33635154,-0.59179282,-0.051653061,-0.043055825,-1.6371571,-2.1780534,-0.031799629,0.82105446,0.012758866,-0.13748983,0.75890177,0.17660731,0.47047791,0.28157112,-0.13913123,-0.78769875,0.29742587,0.060800601,-0.20891631,-0.50973564,0.29748997,0.20989059,1.2876649,-1.6593044,0.054222062,1.6372186,1.7143342,0.46641868,-1.5157251,-0.34341654,-0.65563148,-0.2221148,-0.017340953,0.16744938,0.95101988,0.76385355,0.48300445,0.24538898,0.21948987,0.77058935,0.65884537,0.94261664,-1.2270632,0.092334732,0.21433462,0.077033907,-0.37290633,-0.18972765,-1.9291652,0.4224253,-0.001937859,-0.32948139,-0.067567393,0.30088276,0.19664684,-0.59174478,0.31730911,-0.25484067,0.15213308,-0.31577042,0.54358065,1.1705897,0.32170433,0.089030832,0.69918513,-0.15147185,-0.097986057,-0.98953456,0.50076699,-0.71850324,0.09783417,0.94272792,-0.92105973,-0.60921216,0.47161454,0.21253876,-0.66894627,-1.2877582,0.61067414,-0.53285664,-0.11437752,-1.7139305,0.25771245,-0.2023723,-0.6315906,-0.57466125,1.0299566,0.22926255,-2.081388,-1.2616805,-0.43215859,-0.016423671,0.29345176,0.032238901,0.026093053,0.58956432,0.26885533,-0.025162429,0.10897011,0.34913909,0.34581321,0.047621787,-0.045607597,0.13300192,-1.5073071,-0.022367364,0.44397748,0.11208102,0.17240444,0.5242092,0.97138286,-0.49556768,-0.89870381,-0.52253747,0.027432524,-2.1728287,0.44291261,0.20592499,0.46587092,-0.7309016,-1.3752362,0.33069348,-0.52449065,0.1539654,-0.1099686,-0.043161385,0.73693979,0.16549143,0.35075176,0.44007811,0.023651946,-0.15942246,-0.45693445,-2.3614309,-0.6333577,-1.0544343,0.026853319,-1.1323035,0.18528944,-0.13405673,-0.33614081,0.18808475,2
0.46607977,0.21491909,0.20075572,0.52546489,0.52121389,0.53686279,0.52607322,0.51795983,0.52301252,0.52262414,0.51569241,0.52624559,0.52972221,0.49595445,0.52752352,0.51859242,0.5276525,0.55131531,0.52773273,0.51907128,0.51112163,0.52472407,0.51667154,0.52790952,0.53180456,0.53116941,0.52675253,0.51969045,0.53404498,0.52841902,0.52268505,0.52329844,0.51793516,0.5223965,0.52740526,0.51135743,0.51153183,0.52889562,0.51243007,0.52151656,-0.86511743,0.17986155,0.35667181,0.48617345,1.340521,1.7011108,1.2922784,0.69332713,0.81330752,1.6248235,1.3744776,1.1770307,0.31757417,-0.1408961,-0.23651937,-0.32365751,0.63518775,0.35730711,0.33507356,0.31047821,-0.71933663,-0.10012957,-0.74934554,0.34932804,-0.76255029,-0.055283029,-0.24107142,0.56144941,-0.035551101,1.3579456,-0.18186207,0.18946216,-1.1501755,-0.23604412,-0.10961592,0.78478092,-1.0574572,0.57925636,0.24136291,-0.82861793,-0.14551643,-1.2637571,-0.65375584,0.43036351,0.79543298,0.63428742,-0.06475912,-1.826435,0.71965426,0.093892753,-1.157243,0.82030487,-0.001200926,0.13531682,0.5458743,-0.041037612,0.29813048,-0.33352721,0.041183725,0.60821003,-0.45068434,-1.0626833,-0.006491289,0.56307143,-0.21254207,0.37977999,0.008370343,-0.2201139,-0.097100571,-0.28367126,0.40086785,0.71359438,-0.21661964,-0.28695527,-0.29208201,0.4786433,0.60927737,-1.0721658,0.4505617,-0.96954906,-0.3994737,-1.9367546,-0.98806119,-0.1001935,-0.62656659,0.28328413,-0.32075274,0.12232935,-0.14000531,-0.16708502,-0.8291043,-0.43259519,0.24705775,-1.2069051,-0.033093996,-0.055636719,0.11759143,0.29205173,-0.47477746,-1.6649109,0.49426234,0.43723756,0.82862413,-0.18134217,0.47740597,0.41422534,-0.025728069,-0.46308964,-0.30873594,0.30813289,-0.26003924,-0.17192437,0.39758208,-0.37662211,-0.79114389,0.1002475,-0.56576526,-0.54881662,0.32504904,-0.44589365,0.000729531,-0.75299227,0.6954298,0.58584195,0.14259401,0.10549416,-1.7789199,0.61831897,-0.019135412,-0.14286405,-0.035448462,-0.57252008,-0.040420085,-0.15608814,-0.70554632,0.97218138,-0.81046975,0.10662962,0.50430977,-1.6640027,-0.14078516,0.24541029,-0.13935277,-0.54704392,-0.9160381,0.42435107,-0.043930635,0.46057385,0.86295247,-0.86499858,-0.39948291,0.004692353,0.001894446,0.22610044,0.30722341,0.048802294,-0.1612055,-1.3576795,-1.9108229,-0.72781724,0.2587449,0.63490736,0.38171148,-0.4384008,-0.41773152,-0.038822159,1.4001017,0.021187305,0.066238061,-0.18672994,-0.31359667,1.1858658,0.13639246,0.23998646,1.712588,-0.22942635,-2.4301314,-0.085229427,0.37224644,-0.007713526,-0.011953447,-0.8228339,0.1907874,-1.5309825,0.22228616,-1.2765774,0.62208384,0.11648154,-0.89409804,0.013959514,0.25763094,0.60619754,-0.2517426,-0.13406822,-2.6857579,0.28798872,-0.48654449,-0.033067316,0.032348767,0.32986256,0.66227716,0.062884398,-0.26228625,0.56810236,-1.7134573,-0.96115661,0.009404242,0.54735506,-0.44958416,0.16125745,0.22339328,0.35274312,0.02591745,0.42533046,0.50747579,0.88561547,-1.0100975,-0.3185035,0.58341855,-0.16955134,0.30293453,-0.084251687,-0.28277799,-1.3220904,-0.5086959,0.10462976,-0.42741501,0.30446318,1.1410111,0.33044818,-0.47625953,0.16976605,-0.33659169,0.67336595,0.6479429,-0.33812487,0.087625057,1.3639152,0.11230384,0.2249473,-0.77638519,-0.18607913,-1.970788,0.99743289,-1.4361368,-0.095082387,-0.046097614,-1.4888504,-0.25437635,0.19946186,0.23960704,0.78146416,0.55790079,0.44331416,-2.0180809,0.93991619,0.040509731,1.1773068,-0.004551997,-1.2174412,0.012907222,-1.0580776,0.73757714,0.36708844,-0.86850584,0.42266756,-1.8263464,-1.4441479,-1.4540644,-0.49186373,0.46289727,0.51026845,0.28643522,-0.99118173,0.88280785,-1.2263622,-0.034051389,0.27461594,-1.1364661,-0.006200623,0.026260205,0.56474632,0.031993095,0.28441805,-0.15783887,0.50676262,-0.044696767,0.8237263,-0.027312946,-0.14592665,-0.57382238,0.3929185,0.94575173,-0.62822104,0.53294522,0.47829473,0.42925245,-0.65723205,0.86898541,0.39866933,-0.9075889,-0.7047087,0.096426591,0.1702614,0.21616304,0.83389235,-0.27355409,-0.52157122,-0.51237065,-0.076647952,0.49110842,-0.15230651,0.06289947,-0.40862799,0.17223331,1.1428472,-1.1649448,0.19297238,0.27627259,-0.54931104,-0.066724002,-0.006142274,-1.5619117,-2.0454445,-0.16995098,0.72330058,-0.061978996,-0.17792697,0.71197361,0.16480064,0.44785613,0.28744709,0.001185417,-0.53278494,0.22863823,0.028907519,-0.18509972,-0.39192688,0.2965647,0.16693006,1.2289809,-1.7265313,-0.037544619,1.7008994,1.6255928,0.40113464,-1.4700983,-0.31832004,-0.49495652,-0.20202696,-0.021551222,0.28326213,0.84784454,0.71470553,0.47084799,0.24608061,0.1870911,0.71040177,0.72923332,1.2122853,-1.0393277,0.20374885,0.29070345,0.10785759,-0.40406263,-0.1594449,-1.8087461,0.36760184,0.005827323,-0.37118715,0.019514546,0.32640582,0.23240547,-0.63059396,0.27677101,-0.23714171,0.24941626,-0.10460556,0.5117299,1.2298857,0.31645912,0.089323856,0.64835149,-0.12645711,0.004709027,-1.0401393,0.42895263,-0.73465288,0.11212168,0.86397171,-0.87509942,-0.5188936,0.46915391,0.31954819,-0.58229184,-1.2721554,0.52881593,-0.67449033,-0.026860792,-1.6362019,0.26924127,-0.25584605,-0.72893888,-0.35243732,1.0498881,0.37314767,-1.8574538,-1.1506519,-0.43119168,-0.026058584,0.28754672,-0.047361184,-0.016388549,0.5203442,0.2475697,-0.087448031,0.18728535,0.35144091,0.39884368,0.005856827,-0.14442514,0.16815856,-1.4831181,-0.030954918,0.5728966,0.068351455,0.25745615,0.57928014,1.0600373,-0.44551921,-0.84994757,-0.42970622,0.23254894,-2.1751752,0.3784824,0.32530993,0.41871011,-0.69975048,-1.3394523,0.41841906,-0.55144262,0.009279653,-0.021490142,-0.077563941,0.55698103,0.14443859,0.29758474,0.4169994,0.049067698,-0.11042567,-0.41510037,-2.3216496,-0.69014674,-0.87303042,-0.058908511,-0.87341154,0.13306575,-0.11504874,-0.36806461,0.10358361,2
0.58650595,0.35031557,0.33876905,0.59426475,0.58563268,0.61034656,0.59590948,0.56523943,0.58323908,0.59505063,0.57844746,0.57870078,0.57692391,0.56019598,0.58808219,0.57455981,0.57626927,0.59853727,0.58759028,0.56066483,0.55777746,0.58053523,0.56750906,0.56772572,0.58314848,0.56493342,0.57746291,0.57150757,0.56853271,0.58436239,0.56574863,0.57507885,0.56761819,0.5691396,0.57758164,0.54686904,0.55088532,0.56970286,0.55564356,0.56568307,-0.82062763,0.3274959,0.35824639,0.44121033,1.3272542,1.6991466,1.1476833,0.71964312,0.8211782,1.5990678,1.2434064,1.1704214,0.21772337,-0.34290725,-0.067636371,-0.22780688,0.49256799,0.20993161,0.36224604,0.22414872,-0.32011071,-0.03258751,-0.35819095,0.40570191,-1.0168383,0.010615461,-0.2167784,0.65868866,0.45975482,1.5630076,-0.23388073,0.1666716,-1.035259,-0.27364272,0.086166203,0.64202434,-1.2503701,0.35736281,0.16877502,-0.92437887,-0.21342878,-0.86552227,-0.38749176,0.43132406,0.61749971,0.67176753,-0.100545,-1.7536693,0.70710319,0.071671925,-0.87073904,0.61350822,0.001585364,-0.13986008,0.47928759,-0.16394196,0.36970729,-0.8786236,-0.013589291,0.3761971,-0.81864572,-1.125122,0.032138553,0.59967828,-0.20465276,0.11390875,0.23805881,-0.19262022,-0.10427079,-0.5390175,0.50568569,0.97862512,-0.26388174,-0.25740647,-0.26454043,0.52305621,0.21316396,-1.030231,0.41657841,-1.0298445,-0.53889155,-1.7957277,-0.98153758,-0.014888529,-0.28636658,0.24443299,-0.29786325,0.19137922,-0.25338918,-0.21419917,-0.69561762,-0.33535945,0.30176187,-1.0447272,-0.084795311,-0.39301175,0.15628521,0.4978528,-0.52005875,-1.72876,0.71722901,0.44910428,0.8689298,-0.10792927,0.69990587,0.44323307,0.12571806,-0.35187674,-0.066273302,0.46255022,-0.49767596,-0.053033754,0.23848785,-0.15556648,-0.83276808,0.017639808,-0.55716699,-0.60539764,0.36493781,-0.55089796,-0.09535528,-0.62820625,0.59557378,0.71750414,-0.028659925,-0.004826699,-1.9064579,0.82311714,-0.15718168,-0.13055691,-0.1001516,-0.54504013,-0.044253752,-0.040928081,-0.50835943,1.0825595,-0.70875895,0.032341979,0.50151908,-1.7305852,-0.19069867,0.46085316,0.12275435,-0.65333021,-1.0606929,0.60830832,0.20413597,0.44248784,0.81329483,-0.55501193,-0.2426973,-0.029652506,0.072907105,0.43351072,0.33135062,0.29076374,-0.044070281,-1.2828391,-1.5364203,-0.68791807,0.32659829,0.66136849,0.43955725,-0.62727499,-0.36574516,0.2271539,1.7246182,-0.13971953,0.005093222,-0.45518261,-0.51559681,1.227957,0.068197317,0.21346256,1.1863391,-0.005421748,-2.26491,0.000676207,0.73846757,-0.067098573,-0.045920841,-0.99104846,0.26511157,-1.6988711,0.046669565,-1.4645466,0.59899354,0.1047654,-0.80152881,-0.17838351,0.12651002,0.4569518,-0.35504317,-0.23680471,-2.8527756,0.3931897,-0.38250276,-0.10567915,-0.14957495,0.22787687,0.6505087,0.1346643,-0.20695283,0.76644713,-1.66008,-0.98971546,-0.27967018,0.45080021,-0.57883567,0.18341936,0.25335398,0.40790057,0.11933106,0.43036672,0.48589599,0.88713109,-0.9658168,-0.48913848,0.55517268,-0.16236727,0.4378823,-0.056262188,-0.10913537,-1.1105694,-0.58483279,0.001343556,-0.37067544,0.53123367,1.4358864,0.3786369,-0.42164898,0.17931059,-0.36999851,0.8412441,0.94752002,-0.43563718,0.087705933,1.7582507,0.092002198,0.17658971,-0.90100592,-0.25012648,-2.0989299,0.98794705,-1.3796716,-0.47885376,-0.16989329,-1.2932802,-0.083739385,0.33429021,0.20970567,0.87429047,0.49643326,0.12380106,-2.004425,0.99831307,-0.051382959,1.1422411,0.21467756,-0.85988969,-0.038683698,-0.81484413,0.57532036,0.33122882,-0.74894398,0.36709559,-1.9861164,-2.022222,-1.4218209,-0.23667848,0.55766535,0.44240183,0.22133055,-0.99970847,0.58736312,-1.3337457,-0.037667856,0.4344821,-0.90360397,0.10089284,0.028195292,0.70629954,-0.14332356,0.49387217,0.10402314,0.62697911,0.021364648,0.79867661,-0.017672358,0.001727827,-0.84062392,0.26161173,1.0157108,-0.4137007,0.67307055,0.47684807,0.7224806,-0.72356635,0.64567816,0.42813832,-0.9521479,-0.33990899,0.048705507,0.21336274,0.366299,0.74357527,-0.26676181,-0.53736663,-0.5306251,0.00227684,0.72390157,-0.078269675,0.26360777,-0.19699253,0.084360391,1.3324137,-1.3290921,0.067125484,0.25262901,-0.6541158,0.049032051,0.22087833,-1.4275408,-1.8737462,-0.41787013,0.57592583,0.25111708,-0.22236297,0.76751643,0.27586001,0.41949189,0.098195106,-0.15662533,-0.47900715,0.16044851,-0.004175834,0.005278509,-0.47875261,0.1334499,0.09693338,1.2206422,-1.5505359,-0.026990766,1.7298431,1.7451707,0.25805983,-1.1117032,-0.10873401,-0.41744798,0.034052566,-0.02866343,0.54379141,0.82991642,0.93581581,0.41578513,0.26723152,0.17095235,0.6690439,0.86638588,1.2743599,-0.753254,0.17417641,0.46938685,-0.058443218,-0.40022081,-0.14459723,-1.4219971,0.29531687,0.000295039,-0.40500101,-0.068792194,0.52639008,0.21223572,-0.59019375,0.22125259,-0.26605409,0.27286845,-0.22530338,0.70275271,1.1999772,0.27524185,-0.083125435,0.6798209,0.16856143,0.15591222,-1.1925188,0.44218743,-0.46115595,0.22002849,0.91460586,-1.0923818,-0.52242577,0.47022387,0.30334172,-0.63185424,-1.3505806,0.38283408,-0.61453927,0.014329171,-1.5289545,0.38290566,-0.20937379,-0.44135225,-0.39190239,1.0343047,0.50398815,-1.9477348,-1.3078059,-0.24075533,-0.018355347,0.23493552,0.14124244,-0.006494676,0.54996055,0.07776732,-0.11800054,0.2924318,0.42476088,0.56208211,-0.1311463,-0.026983008,0.37713444,-1.3409929,-0.028504228,0.17560472,0.046767142,0.22856745,0.63920826,1.1039239,-0.39010257,-0.79934555,-0.41145492,0.37966445,-1.8914375,0.33627182,0.28762534,0.40815681,-0.65263706,-1.4296628,0.3304933,-0.81278837,0.2317286,0.1570348,-0.076456398,0.68934429,0.13429002,0.27547216,0.53828663,-0.12891142,0.002734289,-0.42427206,-2.2812481,-0.82247615,-0.97074485,-0.10553704,-0.94950777,0.21907939,-0.17192283,-0.33796751,-0.026162142,2
0.38227648,0.13699503,0.10787679,0.42155981,0.39365673,0.43016416,0.40698937,0.38853973,0.39940697,0.40517974,0.38738543,0.39858389,0.39162591,0.37070152,0.41714627,0.39880222,0.39507508,0.42638958,0.39701626,0.37224281,0.38266343,0.4078142,0.38288784,0.38939512,0.40899757,0.39576134,0.3805362,0.38298079,0.40229237,0.39962161,0.37798566,0.39129755,0.37076521,0.36586684,0.38326859,0.36772513,0.36605197,0.39679709,0.35866421,0.36563897,-0.8896057,0.070605412,0.21281224,0.35281149,1.1996708,1.5295757,1.0927278,0.54798537,0.66712081,1.461807,1.2331207,1.0323327,0.27863222,-0.22014552,-0.2849887,-0.16573273,0.55943352,0.32067752,0.33510888,0.24382278,-0.37404853,-0.015384724,-0.57982957,0.35633048,-0.82747018,-0.062222093,-0.16144915,0.59072226,0.12693834,1.2229815,-0.17191064,0.14147523,-1.0246534,-0.23905833,-0.014576171,0.76185048,-1.0942973,0.48163491,0.19504075,-0.82285208,-0.14612252,-0.99495721,-0.52228367,0.28559834,0.75533706,0.55724603,-0.077115618,-1.5317767,0.53800774,0.092447147,-0.94612986,0.60831517,0.00731305,0.020052981,0.5142318,-0.064873494,0.29953909,-0.28422636,0.10661993,0.49551123,-0.61687428,-1.0163081,0.00875064,0.42033711,-0.3321535,0.040332891,0.17642209,-0.13947234,-0.10115398,-0.29943967,0.28933921,0.70482439,-0.17451793,-0.16036551,-0.26358142,0.11552126,0.17215054,-0.84550053,0.35218197,-0.97888184,-0.38338637,-1.6359438,-0.69413221,0.014179746,-0.4890407,0.36894816,-0.33779356,0.12574962,-0.11310031,-0.020654768,-0.58839285,-0.57367557,-0.26255533,-0.88131779,-0.007717762,-0.005616397,0.14116839,0.35287625,-0.36390439,-1.4083378,0.27981952,0.38155457,0.66815895,-0.080916002,0.52766347,0.43047684,0.023781084,-0.48288211,-0.27478322,0.2121211,-0.46944016,-0.16893426,0.34092313,-0.062177114,-0.70221651,0.098774672,-0.44265783,-0.33425325,0.25241706,-0.22965236,-0.062310446,-0.67674506,0.61955923,0.56277895,0.16104013,-0.005717672,-1.4604235,0.50349569,0.00776203,-0.16977784,0.005409945,-0.47562984,0.063506201,-0.076112658,-0.63927448,0.84071988,-0.65650684,0.13203524,0.39296797,-1.305492,-0.089969426,0.234808,-0.048344824,-0.42107475,-0.69735682,0.50993109,0.0829041,0.45240083,0.71107703,-0.65336972,-0.21506783,0.064445704,0.15214421,0.25879729,0.37805462,0.22479263,-0.17051488,-1.0315503,-1.5366472,-0.62418991,0.22700566,0.70283389,0.33321202,-0.39670706,-0.22653148,0.10975337,1.2331657,-0.13504139,0.057615776,-0.21780607,-0.21779074,0.96517342,0.13392775,0.21490109,0.68830454,-0.070589125,-1.9845738,-0.11530691,0.34328231,-0.016868642,-0.021350589,-0.54638416,0.21781769,-1.2365654,0.096122399,-1.054724,0.24460974,0.15238044,-0.77103305,-0.020106006,0.26728186,0.23811649,-0.17768869,-0.55404699,-2.1584735,0.26777419,-0.5614686,-0.050388947,-0.021543533,0.035964802,0.40086508,0.08425834,-0.22888854,0.62827057,-1.1974778,-0.59564161,-0.29497635,0.34527528,-0.48427427,0.28250813,0.21641001,0.3968302,0.10203116,0.43885297,0.49162996,0.8940652,-0.82729876,-0.32380474,0.54327214,-0.13413489,0.26297355,-0.076672606,-0.25092044,-1.1262121,-0.41590306,0.063337848,-0.33126122,0.34126866,0.9927991,0.32527378,-0.39977774,0.15788315,-0.31837696,0.55461651,0.43949258,-0.28459635,0.048813,1.5057781,0.054560587,0.22091019,-0.72323173,-0.25070107,-1.6395837,0.89853275,-1.1183193,-0.17996199,-0.19302243,-1.4274676,-0.086130954,0.1046907,0.002981007,0.54792124,0.31833851,0.15320066,-1.6267025,0.77008516,0.027991066,0.98337299,-0.004733058,-1.0062777,-0.11781071,-0.70964742,0.46737602,0.27123457,-0.74960631,0.25632367,-1.4415464,-1.3685328,-1.1667486,-0.35233766,0.38597536,0.10608417,0.20530374,-0.71490681,0.68621588,-0.94504464,-0.1236261,0.22578761,-0.96386033,-0.060398091,-0.006001403,0.46725571,0.091280125,0.32698891,-0.027581632,0.35447946,0.073897094,0.53554922,0.040809631,-0.093303859,-0.51709366,0.32602268,0.92044145,-0.40173739,0.56481898,0.45244473,0.64646178,-0.58014476,0.55669445,0.39576572,-0.67808676,-0.49759281,0.076077797,0.056357406,0.22106859,0.67605931,-0.20410737,-0.42868993,-0.43097937,0.009051155,0.47468907,-0.17985073,0.13926634,-0.30083165,0.13824496,0.96538556,-0.8958655,0.15362726,0.27646828,-0.5340727,-0.0709612,-0.13224508,-1.1732587,-1.6594615,-0.22676255,0.59300631,0.057676919,-0.18736143,0.68482953,0.15372559,0.48692772,0.18180794,-0.2662642,-0.38651741,0.22573619,0.096863896,-0.079386115,-0.49064794,0.20966622,0.10353688,1.0101016,-1.5762933,0.039097548,1.3983663,1.4030758,0.22491843,-1.2579982,-0.17073332,-0.19839408,-0.14907362,-0.04015445,0.20861915,0.65165192,0.61213309,0.37663639,0.13746785,0.17366512,0.60987973,0.72400522,0.90447438,-0.72292262,0.3045527,0.19002274,0.20857371,-0.32462326,-0.16247077,-1.5924556,0.27219924,0.057060808,-0.3083398,-0.059986256,0.22273262,0.12209111,-0.61486143,0.20836905,-0.22331171,-0.15557934,-0.023621343,0.49158806,0.91624886,0.23492609,0.072559975,0.51308131,-0.31375927,0.10121685,-0.8924914,0.30372617,-0.63297719,0.098518774,0.70377243,-0.91873223,-0.1862233,0.33595499,0.27217239,-0.38668373,-0.93428981,0.48072115,-0.5175941,0.089179687,-1.41563,0.28953746,-0.22213972,-0.56800169,-0.39471728,0.82727319,0.37539339,-1.6349659,-0.91352153,-0.30406073,0.018527869,0.16573264,0.014214572,-0.004367483,0.44726527,0.16316441,-0.11833306,0.27925679,0.33125013,0.37986165,-0.13605693,-0.14970973,0.17536609,-1.2380351,0.011240534,0.22802207,-0.003063595,0.21813017,0.49267042,0.7243551,-0.31481302,-0.71392959,-0.40453804,-0.058933258,-1.7644615,0.35924736,0.31029513,0.35079515,-0.53426182,-1.0509212,0.29899055,-0.54311478,0.059925139,0.040394366,-0.048018679,0.21305953,0.14252663,0.30487609,0.31624067,0.051708359,-0.077468157,-0.27907264,-1.955369,-0.61882687,-0.65797609,-0.016068053,-0.66750246,0.27440757,-0.20210002,-0.27859506,0.07666491,2
0.34139448,0.091869012,0.10108542,0.42614019,0.41450411,0.44147733,0.42634934,0.41158098,0.4289552,0.4288193,0.42065042,0.42937112,0.42038429,0.41965145,0.44754699,0.42250097,0.44168317,0.45687371,0.44292775,0.42729115,0.4219721,0.42910731,0.42114133,0.42535442,0.44401741,0.41515541,0.43114066,0.42733234,0.42651731,0.43500066,0.4158774,0.44012946,0.42212915,0.42834866,0.43293732,0.41155785,0.41942847,0.43313828,0.42343402,0.41948897,-0.79118639,0.095602661,0.37744057,0.48696834,1.3974481,1.7135364,1.3176053,0.74814093,0.85559803,1.6879082,1.3745919,1.237102,0.27257103,-0.13501796,-0.068583928,-0.30122134,0.5540365,0.33005124,0.3175109,0.26981091,-0.72467297,0.055842683,-0.46534875,0.38977167,-0.70540541,0.018264391,-0.25720659,0.63351977,0.20125312,1.4017675,-0.24256609,0.16005254,-1.1423298,-0.25159222,-0.037385989,0.77059442,-0.9286502,0.51529837,0.22099753,-0.80873305,-0.080138579,-0.95045739,-0.54869425,0.34110278,0.76397234,0.61963141,-0.027121026,-1.6656954,0.72476351,0.070701621,-0.97266692,0.60649246,-0.001563005,-0.014531998,0.6918512,-0.020061456,0.38256118,-0.31723362,0.087450489,0.53706956,-0.77606398,-1.0275681,0.022298612,0.58494794,-0.33302394,0.24132663,0.12083033,-0.19464216,-0.015013888,-0.28546238,0.40998679,0.6617856,-0.21429402,-0.44029877,-0.37208155,-0.053081065,0.44114614,-1.0247595,0.35559642,-0.98522532,-0.33220279,-1.7549636,-1.0677055,-0.11719792,-0.42422152,0.26901641,-0.42368671,0.1648118,-0.10717867,-0.13612662,-0.82501161,-0.47816297,0.23538865,-1.0981643,-0.34998384,-0.071457043,0.047989324,0.39444005,-0.42597052,-1.6820927,0.91742891,0.36157811,0.81259108,-0.22375838,0.45515755,0.4538596,0.10321384,-0.28383914,-0.11609391,0.25529376,-0.61472774,0.17980887,0.32941657,-0.3726086,-0.77415073,0.11264715,-0.5846355,-0.59591472,0.31578594,-0.42004061,-0.00328337,-0.66849226,0.66279846,0.81850868,0.066817887,-0.031750299,-1.5753158,0.61500978,0.075693533,-0.14855696,-0.099509031,-0.56581581,0.16743121,-0.16673514,-0.63355052,1.0376598,-0.66364849,0.073387265,0.44818756,-1.3929185,-0.13919659,0.31437621,-0.066506729,-0.32257894,-0.92504025,0.43169218,0.14808668,0.31464303,0.72907013,-0.77710009,-0.25588647,0.041177977,0.009542134,0.20013656,0.28410113,0.1036049,-0.063943028,-1.2479215,-1.8326888,-0.71869171,0.28195241,0.51703155,0.38500157,-0.47711429,-0.35459614,0.15933543,1.1283134,0.16442963,0.058799431,-0.32001179,-0.232428,1.0439551,0.14168885,0.19497642,1.380893,-0.074219763,-2.2100263,0.004522421,0.54911321,0.004625409,-0.05972077,-0.76943493,0.11962102,-1.5040441,0.15146863,-1.1334647,0.24512635,0.1292011,-0.8160218,0.054286081,0.27611476,0.57114524,-0.27308643,-0.22671753,-2.5631378,0.43414542,-0.53900838,-0.07200636,-0.058395363,0.20058927,0.52026653,0.13793182,-0.096114665,0.5504148,-1.5976245,-0.8477242,-0.46668434,0.63521057,-0.38810667,0.13252918,0.16888765,0.3845436,-0.05961081,0.47554857,0.27387097,0.85586321,-0.98340201,-0.3048712,0.54750407,-0.20370489,0.28135985,-0.12103623,-0.19804871,-1.167539,-0.46611866,0.068288602,-0.34827876,0.35166237,1.104408,0.3096301,-0.39346737,0.34896895,-0.3429783,0.62818927,0.63541895,-0.41329345,0.054639034,1.5815527,0.17178491,0.19285423,-1.0344163,-0.17697191,-1.9060947,0.87627071,-1.1706338,-0.32375711,-0.13973229,-1.355086,-0.40649763,0.19018821,0.027631626,0.68255287,0.61634141,0.33254236,-1.8219271,0.91885281,0.014721854,1.1952268,0.048233096,-0.94904006,-0.006173223,-0.83842623,0.55389017,0.41678405,-0.79382008,0.49855506,-1.8569446,-1.4797565,-1.2681663,-0.35807773,0.56303751,0.54192072,0.2380884,-0.86909473,0.71781671,-1.1213515,-0.22180833,0.37482086,-1.0525484,0.041068826,-0.003387205,0.64397055,0.069361091,0.3437264,-0.068425074,0.53766406,0.026632197,0.52741408,0.054086894,-0.10755172,-0.87470138,0.32987887,1.0520458,-0.54429346,0.54914695,0.44529557,0.47538149,-0.66157985,0.94421041,0.26761466,-0.88796365,-0.58372843,0.046793826,0.13144912,0.15145448,0.81683743,-0.29505387,-0.5176627,-0.44280249,-0.054157428,0.65711302,-0.16290615,0.085290842,-0.29780778,0.12781678,1.1700579,-1.0886439,0.12586156,0.26537299,-0.60624093,0.092264809,-0.13250864,-1.3645589,-1.929854,-0.26882213,0.62902641,0.11096351,-0.22777474,0.84228641,0.28861177,0.43367314,0.22431219,-0.055410609,-0.5554347,0.20115812,0.1763019,-0.21364704,-0.55546904,0.22084911,0.17646474,1.2260361,-1.5570084,-0.088855386,1.5065209,1.4276294,0.51470888,-1.2554811,-0.22131439,-0.49248666,-0.11234878,0.15164152,0.25233555,0.82853162,0.61820674,0.27229506,0.2327791,0.19383019,0.8143968,0.66722006,1.1725497,-0.81448603,0.23119149,0.2956472,0.065640315,-0.30230594,-0.13355017,-1.5537788,0.29322088,0.004354645,-0.3667534,-0.064837486,0.50162339,0.32490081,-0.53015029,0.27119443,-0.22302219,0.30778581,-0.14758159,0.71823978,1.029236,0.28899816,0.021151666,0.62795538,-0.12810931,0.28014001,-0.94911653,0.2669962,-0.65195334,0.14724395,0.67252088,-0.83887041,-0.47241464,0.47285926,0.33490017,-0.61909264,-1.210294,0.61322474,-0.55185223,0.057528831,-1.5444224,0.28414056,-0.24262884,-0.7907474,-0.51559782,1.0685389,0.39621955,-1.8249621,-1.2162768,-0.34413165,-0.022424072,0.21304196,-0.050579228,-0.013430479,0.51727808,0.18789653,-0.14734732,0.24066192,0.34418809,0.37086061,-0.17460942,-0.063166559,0.74740267,-1.3961092,-0.045947768,0.43771902,0.081849501,0.18990283,0.59477866,1.2829287,-0.33940142,-0.79999888,-0.4212746,0.41348678,-1.8403037,0.37759161,0.28151533,0.36668503,-0.72521663,-1.2184404,0.33164448,-0.49467093,0.51864123,0.027853798,-0.017067421,0.68640757,0.10327138,0.2692771,0.33902192,0.051780652,-0.12888427,-0.44888574,-2.1041942,-0.65498638,-0.95337409,-0.055966899,-0.95754218,0.14555511,-0.18183061,-0.20563874,0.037228685,2
0.56930596,0.33082092,0.32546997,0.5804553,0.55024022,0.58601958,0.57698357,0.5658887,0.57972538,0.56305707,0.56895977,0.5683279,0.57801092,0.5601846,0.59568119,0.56312644,0.58441883,0.60869825,0.57916141,0.58407146,0.57113725,0.5764764,0.56838208,0.57614303,0.5850575,0.58422732,0.5720405,0.55814701,0.57372445,0.57853299,0.55487502,0.57824552,0.56491143,0.57747304,0.58136785,0.56904054,0.57259595,0.58964622,0.56093514,0.56749189,-1.0887778,0.338186,0.78528059,0.75008112,1.638296,1.856437,1.7112641,1.0862877,1.2335634,1.9925579,1.6877308,1.574038,0.5711987,-0.17330389,-0.10752074,-0.2577433,0.95731241,0.56333059,0.51336062,0.47605526,-1.0165586,-0.002474061,-0.6235674,0.54320407,-0.5910756,-0.13463527,-0.23443547,0.66697067,0.027184516,1.6034248,-0.3017475,0.33376372,-1.2007174,-0.11479088,-0.1720719,1.2477314,-1.0071263,0.73817539,0.39952093,-0.87209255,-0.10114616,-1.3428743,-0.55869114,0.44332263,1.3670421,0.69163603,0.00287408,-1.7833204,0.78023207,0.1515477,-1.1106677,0.5167318,-0.025215194,-0.017048743,0.59013736,-0.003228128,0.36005449,-0.83199024,0.14441484,0.98730886,-0.52482504,-1.1192749,0.094416611,0.49567515,-0.49723071,0.44942844,-0.030395836,-0.26542169,-0.066854566,-0.20260264,0.29183716,0.62003636,-0.10108176,-0.4861421,-0.65493309,0.10910909,0.59448105,-1.2018645,0.50000095,-1.1196281,-0.41693574,-1.893316,-1.293698,-0.0976438,-0.62770379,0.25029808,-0.37283546,0.10924271,-0.056897886,-0.56190491,-0.90871716,-0.42067629,0.17412591,-1.1820551,-0.23480776,-0.41266495,0.085847765,0.24189292,-0.45346159,-2.198575,0.52983278,0.63063025,0.89430261,-0.22549538,0.46922949,0.37450817,-0.013036266,-0.14884865,-0.23634605,0.31966838,-0.49545616,-0.069551989,0.64455068,-0.51786554,-0.94965196,-0.060926031,-0.73255217,-0.74874175,0.36925781,-0.47102398,0.11438909,-0.74796116,0.78002161,0.80624998,-0.05997565,0.095131896,-1.6669197,0.54503322,-0.13715531,-0.20240146,-0.019474266,-0.58544314,-0.057706617,-0.23729149,-0.76386547,1.075829,-1.0364983,0.23192373,0.57122278,-2.0868809,0.014111474,0.20173834,-0.18996078,-0.58392304,-1.2958114,0.31313077,0.13967341,0.64879572,0.74302638,-0.74945289,-0.45083088,0.10067669,0.10207474,0.18183365,0.5220896,0.022778019,-0.15180403,-1.3716108,-1.8126595,-0.6589582,0.40075126,0.87202418,0.36240837,-0.42670095,-0.44138998,0.044855967,1.3794047,-0.10052522,0.047461227,-0.61069971,-0.42999208,1.2372279,0.31415272,0.38851237,0.8460198,-0.27897552,-2.4746265,-0.050562881,0.43107256,-0.053781793,-0.063595101,-1.4255108,0.13987982,-2.0331678,0.31290728,-1.6605635,0.52452087,-0.029594023,-0.87465417,0.072896957,0.37598693,0.58085024,-0.20764665,-0.10515599,-3.1026497,0.39492205,-0.53192276,0.14199737,0.066585049,0.44107676,0.58103323,0.16340221,-0.13772173,0.79604435,-2.3854599,-0.93368429,-0.58483398,0.73302066,-0.53379238,0.040786192,0.26281589,0.52891701,-0.03538008,0.4364773,0.46844512,1.0042312,-0.79026431,-0.2654641,0.87037122,-0.15394731,0.21593742,-0.12351386,-0.3835198,-1.1740071,-0.48461276,0.18929398,-0.2114172,0.34849635,1.2398685,0.42646438,-0.42350322,0.26569951,-0.26612505,0.72258466,0.58212781,-0.39066976,0.074683353,1.7074677,0.20451738,0.25119039,-1.2190546,-0.21530089,-2.2081659,1.2406738,-1.8588669,-0.70909703,-0.2329061,-1.5842302,-0.096235394,0.23382029,0.18751034,0.47731262,0.44184759,0.49279135,-1.9988849,0.96993774,0.08303313,1.3095796,0.042948879,-1.3264742,-0.10533927,-0.94311476,0.50979125,0.07742732,-1.0017385,0.50698107,-2.4265459,-1.9194317,-1.4667637,-0.33429158,0.31531411,0.41356975,0.47412252,-1.092598,1.1129634,-1.5165837,-0.17672628,0.37906143,-1.4961464,-0.0293639,0.13309319,0.52895659,-0.03424222,0.39085424,-0.16697061,0.34100607,0.057659909,0.82816094,-0.002255268,-0.22138031,-1.0384364,0.63317502,1.0200844,-0.80509728,0.59205043,0.57005644,0.52251005,-0.8098579,0.93119198,0.42999548,-1.4311423,-0.59627849,0.17120284,0.20317709,0.11490391,1.1868637,-0.40259349,-0.52247602,-0.50703532,0.023207607,0.64017403,-0.18602198,-0.038742617,-0.39974999,0.3658838,1.3175539,-1.5364623,0.19725293,0.49316987,-0.64003485,-0.094043523,-0.23602012,-1.7857072,-2.0841472,-0.29586074,1.1068723,0.050199628,-0.27425894,0.72741055,0.2114418,0.61440551,0.45326787,-0.15275384,-0.94970179,0.37562829,0.097151592,-0.16711734,-0.34833631,0.34621155,0.30571523,1.391674,-1.7550375,0.067082539,1.5326321,1.7320971,0.57079065,-1.3569227,-0.44511038,-0.95506585,-0.24585307,0.09109062,0.2289845,0.95929158,0.71852845,0.25737911,0.29323351,0.23469684,0.99749899,0.68446845,1.1611997,-1.1376804,0.087399334,0.2947861,0.21035923,-0.35910892,-0.14473617,-1.8428037,0.49689218,0.040030047,-0.24871567,-0.11679532,0.43935776,0.24098611,-0.56158501,0.34282914,-0.2387642,0.16642606,-0.60576528,0.83716202,1.2839001,0.37590992,0.30665901,0.72387826,-0.085395239,-0.085956782,-1.1252024,0.41212249,-0.59432113,0.15226349,0.87128145,-0.86000651,-0.53973043,0.40360513,0.38083178,-0.85475934,-1.1520202,0.66646826,-0.5745675,-0.39233154,-1.6097147,0.20684543,-0.1638301,-0.74128556,-0.59374315,1.0976964,0.42642006,-2.0961642,-1.343004,-0.40563017,0.085691512,0.36680004,-0.08539696,0.038253065,0.67713237,0.31809813,-0.18041097,0.17146805,0.33032179,0.34425503,-0.13490866,-0.18453777,0.33575642,-1.6495676,0.045953244,0.50458807,0.16959062,0.255337,0.55614555,0.990619,-0.47567341,-0.85694093,-0.4025355,0.17708376,-2.1607752,0.29392323,0.32560956,0.49916995,-0.90000784,-1.5452063,0.32501978,-0.5199911,-0.00587976,-0.009788416,0.16175091,0.5402981,0.32583711,0.46484226,0.51290184,0.027397562,-0.40831232,-0.52427834,-2.3460932,-0.61530095,-1.5738651,0.085630827,-1.3269241,0.19904971,-0.14391163,-0.48426485,0.22999012,2
0.41813999,0.15438819,0.1667133,0.48133099,0.47709507,0.49557534,0.47856236,0.46634591,0.48552856,0.48974213,0.47679871,0.48182827,0.48354417,0.46306598,0.49510849,0.4736633,0.49092466,0.50767452,0.48696303,0.480196,0.47432563,0.47530115,0.47621047,0.47934017,0.48874575,0.46739954,0.4786402,0.46719128,0.48511422,0.48116624,0.4658792,0.48837626,0.46996996,0.47694319,0.48523548,0.47224551,0.46752667,0.48901406,0.46575487,0.46663994,-0.68839812,0.16381967,0.20583224,0.32350275,1.2341015,1.5585624,1.1178524,0.55500698,0.66505444,1.4889895,1.2614263,1.0432496,0.20866808,-0.18274739,-0.004797695,-0.2986156,0.46646824,0.26905707,0.25422651,0.20558277,-0.61708277,0.019402612,-0.50918204,0.32290635,-0.69384485,-0.044016283,-0.19206142,0.71924853,0.091483444,1.2232988,-0.17531624,0.16165753,-0.92174053,-0.27602342,-0.035227645,0.68086988,-0.84483916,0.44181424,0.17303742,-0.78474462,-0.12483674,-0.95621395,-0.43160084,0.34949154,0.59271449,0.6277234,-0.059155747,-1.4339135,0.63039529,0.076327153,-0.87685347,0.73771536,0.030538488,-0.027933151,0.45271516,0.086535409,0.36421546,-0.38528544,0.038992357,0.41723904,-0.5189119,-0.93994182,-0.004329994,0.41710183,-0.2485479,0.093323909,0.045403015,-0.18202582,-0.055603623,-0.29401797,0.33480719,0.72453558,-0.18595733,-0.34775651,-0.227332,-0.024402097,0.38389337,-0.89514422,0.31444177,-0.73164773,-0.33000919,-1.5187261,-0.81189513,-0.085987873,-0.45001352,0.12488447,-0.29621845,0.080960065,-0.13903691,-0.22057575,-0.63238806,-0.4932074,0.41768664,-0.89672452,-0.10188033,-0.13363087,0.12088075,0.30458856,-0.51523787,-1.4018824,0.64681995,0.3457,0.74947321,-0.092092074,0.44779736,0.39762425,0.041715957,-0.16758533,-0.14601743,0.23536628,-0.51534712,0.045417726,0.25016224,-0.1587631,-0.56644565,-0.036753178,-0.54693216,-0.39545262,0.28280583,-0.31791258,-0.04478801,-0.5299567,0.62550133,0.65753961,0.006897952,0.007138684,-1.4986936,0.66656095,-0.058232192,-0.16362897,-0.06440933,-0.43107718,-0.074782476,-0.17335571,-0.51317286,0.88286185,-0.65559423,0.072979644,0.39170215,-1.2373517,-0.15547957,0.23446241,-0.031852491,-0.27863497,-0.79239082,0.4289977,0.11090139,0.48598871,0.7722578,-0.61649901,-0.21745458,0.034346715,0.006228546,0.27906474,0.30133015,0.15449065,-0.076450154,-1.0026653,-1.4033643,-0.61620378,0.20814264,0.64161801,0.34073451,-0.46516874,-0.37736124,0.087780885,1.2066212,-0.21508722,0.050906286,-0.26935375,-0.29465064,0.98059529,0.08787591,0.16165021,2.0967133,-0.096300147,-1.9692876,-0.053390585,0.56399149,-0.006427703,-0.1226017,-0.66914845,0.18413973,-1.2865586,0.15889359,-1.0999829,0.29457289,0.19800517,-0.72115803,0.027919013,0.20200339,0.4490926,-0.11354406,-0.2406541,-2.1986969,0.31411776,-0.65724969,-0.11965697,-0.13130867,0.17492944,0.52919048,0.041406412,-0.11131319,0.75843936,-1.2695663,-0.78838277,-0.020078197,0.4488706,-0.32139912,0.23863551,0.13144848,0.35598075,0.009843014,0.32484615,0.38608509,0.61609256,-0.79773247,-0.34560397,0.31841093,-0.12373311,0.22927421,-0.11260739,-0.22399974,-1.0201677,-0.37368533,0.022540376,-0.41055983,0.36909556,1.1583539,0.3150053,-0.34631059,0.10611842,-0.31303275,0.55287212,0.51296866,-0.36751109,0.070440866,1.2199492,0.057661016,0.11829098,-0.78079414,-0.14786966,-1.660169,0.84020835,-1.2466577,-0.26441872,-0.12073198,-1.0289518,-0.11158378,0.12109376,0.40317613,0.53301126,0.43477824,0.49616012,-1.5422993,0.83229041,-0.055493444,1.0391434,0.013458012,-0.9364323,0.041825071,-0.65448803,0.59861004,0.13690433,-0.65518832,0.26810217,-1.4630276,-1.3242302,-1.1903627,-0.27256864,0.4457922,0.38570672,0.15665968,-0.81116575,0.62140006,-0.96636939,-0.097936176,0.30179402,-0.85976613,-0.080427229,-0.033663034,0.44827899,0.069418855,0.27211976,-0.12552729,0.35819796,0.023897901,0.58543998,0.027218334,-0.11023956,-0.63524723,0.25077561,0.92789316,-0.34951741,0.55496287,0.37768173,0.47273201,-0.57069159,0.64022177,0.36679977,-0.78443015,-0.48457813,0.067580149,0.18650873,0.21931422,0.79597396,-0.23496953,-0.38989019,-0.43557417,-0.044654056,0.54985309,-0.14398345,0.041429054,-0.29490608,0.081212997,0.98473012,-0.9124347,0.092696279,0.2912789,-0.47642449,-0.031343412,-0.089600831,-1.2160192,-1.6349219,-0.095608167,0.46181542,0.035213336,-0.12224618,0.6673041,0.1413952,0.3911128,0.14411375,0.001644313,-0.41975889,0.12505901,0.064994626,-0.049604721,-0.44688714,0.22012573,0.089683339,1.0906088,-1.4738617,0.10545196,1.253283,1.3932348,0.37381825,-1.1445147,-0.19405308,-0.49102357,-0.13572082,0.056520183,0.34590703,0.72109103,0.47061631,0.26346749,0.22647421,0.15920493,0.66413337,0.63535053,0.98200881,-0.72821987,0.092743248,0.4010953,0.1248187,-0.31025591,-0.19325572,-1.2784855,0.22077751,0.020537406,-0.39607874,-0.033228494,0.50333983,0.17719044,-0.58873641,0.25302002,-0.24612072,0.097401798,-0.12115711,0.29113033,0.88364798,0.25380915,0.006041187,0.50759232,-0.11390261,0.11194395,-0.83101124,0.29110456,-0.51132029,0.21404216,0.73887944,-0.82037282,-0.5147509,0.32132074,0.22890913,-0.42655388,-0.97097224,0.49492013,-0.56190753,-0.083432779,-1.5157503,0.26557994,-0.17452592,-0.32435715,-0.35956308,0.8029893,0.33017045,-1.6326733,-0.90683663,-0.34274185,-0.008930679,0.26784924,-0.057637125,0.000673164,0.41016793,0.16753052,-0.082320586,0.19176428,0.33245426,0.37058794,-0.15446763,-0.071626917,0.3115328,-1.1761466,-0.002325973,0.38617536,-0.040610678,0.18268323,0.46388727,0.83677882,-0.39003649,-0.72272688,-0.34185448,0.35498846,-1.7850107,0.31850019,0.19540569,0.3127321,-0.56682318,-1.0796813,0.33125225,-0.57891154,-0.028670758,-0.008975655,-0.095081471,0.44534102,0.078355208,0.22795172,0.2829951,0.010404894,-0.13303912,-0.36885545,-1.918738,-0.68716097,-0.72064787,-0.086339265,-0.74116856,0.11829937,-0.16676281,-0.22238512,-0.00421864,2
0.58084893,0.33969814,0.33879024,0.65861434,0.64799088,0.66870189,0.65516162,0.64212769,0.66088843,0.65397525,0.64856267,0.64922023,0.65617144,0.62703025,0.67794931,0.64755094,0.65410554,0.67804348,0.66575426,0.64998066,0.63575882,0.65547103,0.64275151,0.65264791,0.66357738,0.64292222,0.64762872,0.64015979,0.65277964,0.64973062,0.6469844,0.66460788,0.64345473,0.65388024,0.65557253,0.64819318,0.63890445,0.66174185,0.64510965,0.64876342,-0.8186245,0.33666122,0.32009077,0.42679676,1.3313887,1.6660533,1.2444243,0.68051815,0.78646207,1.613261,1.3565199,1.1634499,0.24160203,-0.19086874,-0.1613581,-0.24823058,0.50987965,0.28710285,0.27738664,0.244205,-0.80781978,0.083974369,-0.46274257,0.3348,-0.87342674,-0.064887591,-0.19657533,0.57160139,0.29862773,1.4003797,-0.17356734,0.14531446,-1.0855377,-0.30381417,0.006638564,0.72279274,-1.0498022,0.48992977,0.20186138,-0.83768052,-0.12960102,-1.0347245,-0.52193999,0.36444917,0.68914366,0.60685897,-0.034283303,-1.6162177,0.58083498,0.082095511,-0.96239531,0.62490273,0.05624092,0.023587845,0.50227809,-0.13913447,0.39893055,-0.37511674,0.057057276,0.46104181,-0.5878703,-1.0032059,0.021621317,0.54117626,-0.24363062,0.31914613,-0.003356826,-0.17617363,-0.11530842,-0.29653794,0.45985305,0.89828622,-0.19902174,-0.24706027,-0.39741215,0.29516211,0.39320475,-0.97937644,0.33912969,-1.0556456,-0.37173262,-1.7010489,-0.87786627,-0.025848325,-0.46067086,0.31965372,-0.40569523,0.28528664,-0.16692966,-0.039137334,-0.61856425,-0.48688468,-0.054965544,-1.0543691,-0.063272104,-0.079502538,0.15768258,0.27339032,-0.47199789,-1.5880731,0.33160684,0.40477484,0.7474243,-0.10762476,0.54322153,0.39806163,0.079520777,-0.36220759,-0.26354551,0.26166061,-0.43908402,-0.20548645,0.29006177,-0.15327938,-0.68631339,-0.031487443,-0.46803921,-0.5947516,0.31020141,-0.29238075,-0.083511427,-0.62316573,0.73433483,0.52626324,0.12095504,-0.013115194,-1.6741093,0.58213001,-0.036929779,-0.10538753,-0.08330071,-0.48252285,0.057295203,-0.14386944,-0.54958153,0.92524874,-0.68391246,0.069077775,0.46146783,-1.495575,-0.1655907,0.34531114,-0.095645986,-0.44153813,-0.84291089,0.5775466,0.12225416,0.42857677,0.88725406,-0.64729351,-0.22649476,0.03263025,0.002363687,0.24633147,0.25469968,0.21445663,-0.031187113,-1.1502801,-1.6252675,-0.69136637,0.22305183,0.55580753,0.31550825,-0.43410283,-0.30593586,0.14153606,1.5742824,-0.16005237,0.075906932,-0.30395812,-0.20032929,1.0742348,0.10152777,0.18216901,1.2224634,-0.05145134,-2.4510081,-0.08839345,0.48228884,-0.012292117,-0.058101833,-0.62623829,0.17698582,-1.3607215,0.22600281,-1.1341466,0.47626987,0.17957753,-0.76221079,0.0145796,0.18611279,0.50163168,-0.21416646,-0.24943767,-2.5443261,0.36500081,-0.57924545,-0.09151043,-0.053724825,0.10492572,0.56540108,0.087280579,-0.21460071,0.54129052,-1.3976834,-0.74681562,-0.2270122,0.38184449,-0.46989012,0.26501304,0.23255657,0.43314433,0.091740325,0.50505364,0.49620008,0.7491138,-0.94871092,-0.32204387,0.36401504,-0.16036204,0.27586886,-0.061300635,-0.23706138,-1.1714003,-0.44096151,0.018162105,-0.40478683,0.42533445,1.0617008,0.35360804,-0.45487627,0.1178335,-0.37373027,0.69895154,0.48966557,-0.35708794,0.092024788,1.5532484,0.029433316,0.11556854,-0.79381776,-0.084243171,-1.8447212,1.0573907,-1.3024397,-0.19065723,-0.2007888,-1.4957209,-0.021928873,0.15017408,0.094459549,0.83214152,0.43860728,0.39046526,-1.7771807,0.88373089,-0.013603842,1.0496522,0.004280765,-0.99286914,-0.08271911,-0.80565315,0.59827912,0.14120772,-0.78774732,0.30540881,-1.6504035,-1.5013713,-1.3400195,-0.34216273,0.52353549,0.58568966,0.19024058,-0.85503143,0.65122426,-1.1451617,-0.13082638,0.21253127,-1.0569798,0.036467478,-0.038071625,0.47005257,0.10011186,0.41218629,-0.016425356,0.45522109,0.00832917,0.84117025,-0.011960428,-0.11460304,-0.58563572,0.30482268,0.9819414,-0.51379335,0.52158779,0.41778606,0.64270592,-0.62077296,0.59904277,0.46565145,-0.84824437,-0.54629987,0.06201002,0.1307973,0.26114801,0.73203659,-0.2588973,-0.44497728,-0.42982808,-0.02064042,0.4674547,-0.20958102,0.097506478,-0.24103521,0.12142861,1.0302166,-0.95508105,0.11185528,0.21005507,-0.56916571,-0.052585393,-0.36660409,-1.3702885,-1.8463553,-0.10085208,0.56679177,0.11664408,-0.18861406,0.73752171,0.22802693,0.39615235,0.17997691,-0.1341297,-0.41087782,0.16391379,0.02948167,-0.12294228,-0.56050289,0.23542145,0.10878663,1.2283212,-1.5401998,0.082972355,1.5877452,1.5042568,0.46020278,-1.2767057,-0.14379488,-0.33929333,-0.11517691,0.054428466,0.37698555,0.75442964,0.61637193,0.3847934,0.15461622,0.18201579,0.81194913,0.7582522,0.91087306,-0.83767343,0.34641787,0.28386584,0.17522436,-0.3591271,-0.18788916,-1.6540221,0.25280091,0.036261484,-0.36068165,-0.1460453,0.19321424,0.11154357,-0.64680225,0.28310865,-0.25300458,0.36128005,-0.021309815,0.43064409,0.98613942,0.26886231,0.086990595,0.57949483,-0.18196723,-0.000741478,-0.99318075,0.34780568,-0.59398067,0.17175184,0.73723251,-1.0192444,-0.30965182,0.48602778,0.39647976,-0.52815533,-1.0498595,0.56895423,-0.61641103,0.097467944,-1.5126345,0.32949859,-0.23728508,-0.39675525,-0.41106477,0.86730564,0.40381998,-1.7617007,-1.101956,-0.33279571,-0.013542358,0.21681309,0.072178826,-0.01107065,0.46179718,0.14953795,-0.11338599,0.25331217,0.38167721,0.47275424,-0.19689088,0.042674258,0.10141011,-1.3899432,0.001278712,0.32558414,-0.030096369,0.20166074,0.60833228,0.8604517,-0.36630103,-0.78728557,-0.35531542,-0.14468293,-1.9301908,0.32899517,0.33559057,0.33548993,-0.66055357,-1.2196316,0.32203993,-0.62979263,0.1955364,-0.015873812,0.001471885,0.59448159,0.092294879,0.24002473,0.40738308,0.04509978,-0.048404679,-0.33925617,-2.1076317,-0.72016531,-0.79407412,-0.11412147,-0.78614622,0.18023908,-0.19339612,-0.26074424,-0.014980716,2
0.57873881,0.33618614,0.32463074,0.5665338,0.55038774,0.58303416,0.55725658,0.53593403,0.54865885,0.56609923,0.54475641,0.5488162,0.54393268,0.53152382,0.55228168,0.54033446,0.54110873,0.58274323,0.56021458,0.52590346,0.54069865,0.55265421,0.54744047,0.53677511,0.56538188,0.54495144,0.54866123,0.54545701,0.54948568,0.55691826,0.54840398,0.55074346,0.53809774,0.52901196,0.55149627,0.51218015,0.52235049,0.54809284,0.5317409,0.53342265,-0.90598345,0.28791007,0.48706359,0.50569689,1.3681593,1.7537236,1.3791662,0.77940124,0.92930263,1.6957902,1.4494848,1.2704334,0.40032309,-0.20960519,-0.040319677,-0.372343,0.6847316,0.39898485,0.41207081,0.336472,-0.18784088,0.004584418,-0.3491835,0.41952184,-0.63362211,-0.2534427,-0.23627575,0.60425282,0.18279588,1.3622549,-0.21487904,0.25158641,-1.1415452,-0.18061951,-0.074068055,1.1149766,-1.0502818,0.5861302,0.23923923,-0.87993848,-0.029306777,-0.84114403,-0.61067826,0.45306787,1.0175142,0.63027227,-0.007442216,-1.668203,0.7264781,0.14655828,-0.99420154,0.56425869,0.052653484,-0.00689892,0.51235873,-0.093705833,0.40184551,-0.38457718,0.058543213,0.65967709,-0.73030007,-1.0298231,0.011491723,0.58791625,-0.46236753,0.29329604,0.12378711,-0.25745493,-0.11687078,-0.30197769,0.39447457,0.77439255,-0.17816973,-0.32477161,-0.56107682,0.33668858,0.49605903,-1.1219023,0.38225213,-1.0957742,-0.43289116,-1.7671634,-1.0622648,-0.076528847,-0.40285635,0.46651924,-0.42078519,0.12681469,-0.13446119,-0.10681611,-0.79132634,-0.5051055,0.18396187,-1.1067159,-0.20084801,-0.043057315,0.017993316,0.11631699,-0.43352115,-1.7797873,0.51254606,0.43196672,0.77859879,-0.20420364,0.5686326,0.34579611,0.022087932,-0.39436489,-0.47005087,0.3043744,-0.42078051,-0.21991706,0.45189434,-0.39409178,-0.75154984,0.037359446,-0.65987813,-0.58411276,0.29853463,-0.44873229,0.034483075,-0.57591242,0.79973269,0.49912256,0.079379216,-0.095209554,-1.7203826,0.65249068,-0.006213158,-0.20436499,-0.049385794,-0.62409645,-0.01138553,-0.14472884,-0.62763202,0.9734056,-0.71080101,0.14502288,0.57827055,-1.7760577,-0.10406581,0.35561958,-0.16815767,-0.40888029,-0.99858415,0.49063712,0.1780373,0.48278999,0.80567563,-0.80606759,-0.30545989,0.086487569,-0.033968408,0.14721379,0.39587021,0.12762335,-0.082708575,-1.3170226,-1.7174621,-0.73583031,0.29759514,0.60716033,0.23525691,-0.46815339,-0.32995865,0.13781835,1.2158277,-0.10595474,0.010695545,-0.40167204,-0.30803469,1.1607678,0.20345755,0.28638345,1.8834141,-0.14637469,-2.351264,-0.040258139,0.38333237,0.023928072,-0.009016231,-0.82147372,0.18234366,-1.5518608,0.27520964,-1.3161318,0.32158774,0.062587783,-0.87841451,-0.0084378,0.2205516,0.45938057,-0.23287228,-0.2992537,-2.7219014,0.43939281,-0.70613277,0.012293398,-0.14332107,0.3508808,0.49386221,0.2444893,-0.15172103,0.60925418,-1.5576661,-0.69572198,-0.31672859,0.69235921,-0.466838,0.1852645,0.20822853,0.42505473,-0.040092103,0.52659035,0.34885523,0.93456769,-0.88465053,-0.31359702,0.87315857,-0.13239898,0.26554328,-0.096691743,-0.15843225,-1.1394464,-0.43345362,0.091206625,-0.305585,0.41787642,1.3311977,0.35904098,-0.38306603,0.17637914,-0.29542023,0.53955615,0.56278807,-0.42170399,0.11112988,1.3948575,0.11477157,0.23360518,-0.91401041,-0.11855561,-2.0388372,1.0070019,-1.3817706,-0.3071748,-0.087260045,-1.3830922,-0.14918035,0.24157989,0.35398588,0.5126695,0.40524462,0.45216635,-1.9330449,0.96160489,0.059807375,1.1055297,0.015984777,-0.91729504,-0.011357427,-0.93812174,0.77139646,0.10700258,-0.88820386,0.36167559,-1.9536073,-1.5790635,-1.3582848,-0.44213787,0.38120246,0.45214304,0.28546178,-0.96535838,0.88385296,-1.2534801,-0.27910626,0.23620918,-1.1570582,-0.10044841,0.040096398,0.53594446,-0.019944066,0.42437753,-0.14627576,0.38645637,0.025543084,0.51488322,-0.01087391,-0.19150966,-0.86969161,0.50526154,1.03969,-0.63937145,0.59611785,0.52523553,0.41426867,-0.76709068,0.83620214,0.51659125,-0.93438709,-0.49855286,0.12753487,0.16389844,0.15419173,0.82663095,-0.3177585,-0.55868256,-0.46153662,0.031358298,0.5525521,-0.11068472,-0.12458841,-0.37506735,0.24341083,1.3351344,-1.0360167,0.15090334,0.33709615,-0.69065106,-0.019335089,-0.21285313,-1.4067764,-1.9447842,-0.31030056,0.74183518,0.10297883,-0.32084903,0.76053429,0.28687155,0.539599,0.25216872,-0.22832114,-0.48217165,0.27089915,0.074670866,-0.25721708,-0.48662704,0.21981665,0.18233201,1.1940486,-1.5890893,-0.032112256,1.7873635,1.6766686,0.45716667,-1.253901,-0.29716635,-0.37204093,-0.16934031,0.15051785,0.20121711,0.81170452,0.79707766,0.27792042,0.19503942,0.16550738,0.68621236,0.65966016,1.2445015,-0.90784204,0.351069,0.19375239,0.087740764,-0.36173585,-0.08712285,-1.7225703,0.34574467,0.064735949,-0.29106954,-0.14549571,0.2621792,0.18742599,-0.57967716,0.24286343,-0.17964607,0.035463721,-0.20952432,0.75220847,1.1612293,0.26527309,0.043661386,0.62865835,-0.13786136,-0.050503999,-1.0246994,0.29686737,-0.68918097,0.36586487,0.91550404,-0.84693164,-0.36740696,0.41624686,0.40824524,-0.5688684,-1.0685499,0.6541298,-0.50977242,0.009751169,-1.5592518,0.25979125,-0.11778202,-0.54520059,-0.46651277,1.050586,0.44586545,-1.9617178,-1.209059,-0.36755979,0.027776133,0.26030001,0.010901719,0.034457304,0.5703733,0.22078556,-0.17438711,0.24398413,0.34999838,0.35981256,-0.14820611,-0.33806068,0.18306269,-1.4712179,0.045279436,0.4729197,0.11559822,0.1951479,0.60924077,1.153255,-0.40338641,-0.83477157,-0.44566074,0.064435512,-1.9207278,0.38249004,0.34432703,0.40375087,-0.79501408,-1.3811007,0.1982782,-0.50609511,0.39950854,-0.003991611,-0.079418406,0.40131199,0.19042908,0.33485413,0.40352607,0.043613493,-0.16580439,-0.3907252,-2.1469686,-0.69355124,-0.93497491,0.042832091,-0.89911813,0.25737387,-0.17046344,-0.35232788,0.12331773,2
0.46285731,0.21444803,0.19164015,0.49044624,0.464477,0.49364078,0.47774965,0.45476016,0.45817941,0.47575164,0.46082237,0.46930224,0.46330684,0.45035386,0.48330495,0.46097159,0.46844625,0.4976497,0.46938431,0.44044429,0.44916084,0.47166628,0.45607865,0.46180961,0.4749431,0.4594329,0.46046305,0.45372188,0.4660036,0.46543747,0.46218705,0.46350455,0.44878057,0.43664205,0.46053234,0.441989,0.43529725,0.44793302,0.44172254,0.43644637,-0.75955355,0.16890943,0.2351321,0.35447726,1.2201039,1.5592595,1.1382577,0.57286036,0.69570696,1.4946797,1.2713358,1.0508316,0.2792421,-0.22574389,-0.073082641,-0.27891877,0.50620139,0.25585151,0.29174012,0.23536731,-0.25848383,0.032933533,-0.43755206,0.37113243,-0.74093401,-0.043896832,-0.14826618,0.55486882,0.24113695,1.3908862,-0.13808225,0.14893033,-0.9769544,-0.26138082,0.05700944,0.80325812,-0.97855663,0.4801375,0.21649039,-0.82056028,-0.15126686,-0.97288966,-0.53483969,0.37704092,0.71279544,0.58310294,-0.061337344,-1.4715359,0.52594918,0.10143864,-0.86297804,0.54272056,0.043393452,0.07410299,0.48830357,-0.18948801,0.44215855,-0.36427921,0.054903783,0.4669514,-0.46261144,-0.97138822,0.056067429,0.41433567,-0.24773893,0.004591137,0.099679023,-0.21342902,-0.099164873,-0.32886684,0.41551113,0.90299112,-0.17131403,-0.24177864,-0.34491414,0.21343333,0.31763899,-0.85281831,0.30400226,-0.95256668,-0.39314234,-1.5914974,-0.80694181,0.015509877,-0.42112306,0.29270074,-0.40422553,0.093488544,-0.15509641,-0.15645736,-0.60465205,-0.39950478,0.12980048,-0.93411624,0.021181777,-0.13219632,0.14987659,0.40515196,-0.47732368,-1.4060296,0.45320597,0.38341066,0.67149192,-0.075336412,0.52862501,0.2841267,0.057964526,-0.30170512,-0.25816968,0.2108992,-0.37177381,-0.11039442,0.29006982,-0.14652331,-0.69363719,0.01187928,-0.5412609,-0.48697186,0.29290396,-0.16669211,-0.041799504,-0.58899015,0.64203942,0.60096991,0.094239444,-0.079821289,-1.5603181,0.70749277,-0.09789823,-0.090860814,-0.016368143,-0.46205568,-0.062459446,-0.10727964,-0.61461854,0.84795368,-0.66581923,0.10770342,0.38676447,-1.3550527,-0.10115245,0.35612381,0.002712071,-0.42678189,-0.75269055,0.54977316,0.2693069,0.38832647,0.72577363,-0.58269924,-0.32464334,0.031871583,0.055797894,0.25997216,0.25247109,0.27397403,-0.10213756,-1.0560125,-1.413492,-0.6192643,0.19628492,0.71512711,0.24533278,-0.39564732,-0.28112316,0.1307008,1.3005643,-0.1499531,0.067880064,-0.27095765,-0.26558876,0.97618979,0.11776968,0.18431041,1.0636711,-0.11499445,-2.2603474,-0.078001484,0.41651502,-0.023404032,0.010615453,-0.59934032,0.25559443,-1.3190384,0.23795976,-1.0882822,0.34923187,0.11950421,-0.76436204,0.003290765,0.36542845,0.35338336,-0.19174564,-0.17543899,-2.2370541,0.27915236,-0.56946754,-0.039457846,0.003521919,0.080222771,0.42460823,0.079083703,-0.2364579,0.68565136,-1.3817989,-0.81297493,-0.3498418,0.38382375,-0.43796551,0.20714463,0.223933,0.37954813,0.1021056,0.48578659,0.39327237,0.75424975,-0.90706462,-0.37961635,0.48564127,-0.12843084,0.28379676,-0.15483733,-0.30387729,-1.0546396,-0.42845559,0.080307566,-0.33322901,0.46819952,1.0748733,0.3183198,-0.39910531,0.11710582,-0.31972408,0.54259545,0.47492826,-0.38822383,0.075152554,1.3950077,0.067535222,0.13551506,-0.88753211,-0.14565352,-1.7153242,0.92666787,-1.2230369,-0.14713174,-0.18977317,-1.3279725,0.00372815,0.18310818,0.22647515,0.73320109,0.37249449,0.26952782,-1.6719905,0.79384404,-0.012216,0.98746556,0.056389987,-0.92041761,-0.09686818,-0.72165483,0.46806586,0.32013136,-0.72294629,0.29644093,-1.4755497,-1.4537262,-1.2687843,-0.37861469,0.39370859,0.45644739,0.15819097,-0.75640291,0.61678451,-1.0715108,-0.19416323,0.19016045,-0.97422439,-0.036684021,-0.016200723,0.43039799,0.020677406,0.38461596,0.005905792,0.41994536,0.047373116,0.62417555,-0.004452307,-0.067496695,-0.55203313,0.34153116,0.88900006,-0.40089887,0.50806201,0.45061013,0.61118478,-0.58446217,0.61100614,0.51902837,-0.86599493,-0.4985801,0.079628065,0.14640269,0.26536247,0.69399214,-0.26641053,-0.44939023,-0.42825201,-0.021047078,0.43794698,-0.20529945,0.17316318,-0.21164657,0.14976852,1.0069493,-0.97893292,0.1176542,0.2616514,-0.54660988,-0.042319383,-0.21169281,-1.278023,-1.6801541,-0.23377624,0.57324362,0.068936363,-0.15995181,0.63441324,0.23903468,0.41070679,0.20716588,-0.18675907,-0.32308024,0.13423164,0.093691126,-0.06690713,-0.41032022,0.181399,0.13358678,0.93191445,-1.5072192,-0.03267638,1.5075601,1.2564387,0.31028864,-1.1297158,-0.17812212,-0.31559333,-0.11820522,0.04294648,0.34447044,0.67359746,0.7939989,0.30588788,0.17130308,0.13098121,0.66775805,0.6959213,0.88462108,-0.69245666,0.26791254,0.3741188,0.31610143,-0.35044575,-0.17345215,-1.5246314,0.22130358,0.006333426,-0.38278154,-0.12770943,0.2537021,0.17912708,-0.6191411,0.23256502,-0.27209672,0.05821386,-0.045016795,0.45368892,0.97256982,0.3061164,0.035096433,0.55350542,-0.099053942,-0.046294551,-0.94021016,0.31902313,-0.53823167,0.22346736,0.79355443,-0.83904868,-0.27608585,0.33808216,0.41977847,-0.43237618,-0.94167668,0.49206346,-0.54977542,0.060312137,-1.4569691,0.30625877,-0.17454207,-0.46228817,-0.40173963,0.82192534,0.47544348,-1.5657967,-1.0292977,-0.26953849,0.006036492,0.21923894,0.007738762,-0.055104215,0.43693107,0.11616935,-0.12981904,0.21969557,0.28133002,0.39303607,-0.11287796,-0.041094452,0.24636681,-1.2822453,0.038707603,0.27094722,-0.002726879,0.14837964,0.54853171,0.86006612,-0.37483284,-0.69484073,-0.38196313,-0.15896925,-1.8153914,0.25773236,0.3255814,0.30941075,-0.56401503,-1.051757,0.18537514,-0.58341312,0.029124603,0.057551716,-0.16377398,0.367347,0.14138895,0.24870467,0.44426766,0.041346744,-0.035109818,-0.3796252,-1.9835826,-0.67280012,-0.71732926,0.009698294,-0.6967991,0.22146292,-0.00050053,-0.22251809,0.048611939,2
0.51433259,0.26034677,0.23389539,0.51459694,0.50051135,0.54729414,0.49869376,0.48844582,0.50718969,0.51031679,0.49924532,0.50660181,0.50389922,0.48063219,0.5074327,0.50612354,0.4917385,0.54079831,0.51463813,0.47410285,0.48986077,0.50204098,0.50125408,0.49435002,0.51894701,0.49811244,0.50760978,0.50810885,0.50098467,0.51097935,0.50755942,0.50041044,0.48404238,0.47892448,0.50637054,0.4682138,0.46852189,0.49186334,0.48485899,0.48380548,-0.92313814,0.18152688,0.37934899,0.42535323,1.3042166,1.6749443,1.2820189,0.69176185,0.82955182,1.6133518,1.3737864,1.1751395,0.3107985,-0.21859311,-0.22495255,-0.3100917,0.618155,0.39816344,0.38065237,0.27852088,-0.47576672,-0.00353044,-0.41930732,0.44416514,-0.81990975,-0.1469768,-0.21311603,0.75406802,0.35506678,1.3435251,-0.18097863,0.21118096,-1.1419351,-0.19434512,0.003625557,1.0114228,-1.1569606,0.60457373,0.23336196,-0.89395499,-0.027548969,-0.78030843,-0.53544676,0.42688036,0.82155037,0.70861542,-0.020754809,-1.5453757,0.72044396,0.1322563,-0.94216365,0.61471128,0.017127175,-0.12273772,0.61127794,-0.072247475,0.37538218,-0.51834786,0.12713189,0.5264715,-0.87609994,-1.0935441,0.047636263,0.62362981,-0.43493462,0.13146469,0.24956386,-0.14297859,-0.12555027,-0.36654285,0.30997556,0.86475164,-0.21444525,-0.38116291,-0.39981085,0.40360248,0.28382283,-1.0336995,0.39697176,-1.0926572,-0.37060916,-1.7475743,-1.169921,-0.12590861,-0.36690754,0.27801055,-0.45511237,0.14142027,-0.15144463,-0.1833472,-0.72540873,-0.40793711,0.060168222,-1.0819001,-0.18748458,-0.12151343,0.013998255,0.34584934,-0.42188752,-1.8372469,0.69075537,0.437929,0.86353022,-0.23115483,0.55508745,0.35568494,0.1035027,-0.38599741,-0.26596376,0.24026366,-0.64299661,-0.19218573,0.40308475,-0.28370267,-0.77716827,0.050145082,-0.58441728,-0.61503673,0.3235234,-0.44093785,0.029404569,-0.56855476,0.70208871,0.62969023,0.040545482,-0.039580122,-1.7357025,0.76240122,-0.039057445,-0.19485906,-0.063037217,-0.56775796,-0.018628953,-0.10494213,-0.67897159,1.0522058,-0.72424555,0.16683346,0.48637927,-1.8224236,-0.1268882,0.35144734,-0.10852496,-0.46143299,-1.0239635,0.44440031,0.14859511,0.43021697,0.78890765,-0.71797526,-0.30831581,0.082176365,0.10077011,0.22663634,0.32394791,0.17331697,-0.27910221,-1.2810342,-1.6596563,-0.76622289,0.26590359,0.79098463,0.32824147,-0.45228019,-0.35851753,0.17012624,1.2891903,-0.17462939,0.092595406,-0.37105119,-0.37728512,1.1810107,0.15312682,0.27060699,1.2888366,-0.084608719,-2.2509274,-0.079718396,0.50935531,-0.016588908,-0.14747214,-0.90190125,0.16058789,-1.6147209,0.22492024,-1.336587,0.32569051,0.05244204,-0.76865071,0.033421438,0.21424834,0.46349597,-0.20714715,-0.36102286,-2.8929501,0.45602041,-0.58557773,0.011005253,-0.1814474,0.23035401,0.46666801,0.12084217,-0.15225202,0.82098222,-1.7020477,-0.82173002,-0.40301126,0.48342052,-0.48447925,0.11557764,0.15619928,0.48238078,0.053287547,0.45336413,0.31664264,0.83778971,-0.95365185,-0.34873739,0.60306519,-0.12291849,0.33715943,-0.18232501,-0.13922341,-1.1094806,-0.43692052,0.08195629,-0.24083798,0.49422619,1.2523218,0.36915404,-0.40625042,0.2118015,-0.3492375,0.70925575,0.5786193,-0.41809392,0.025850929,1.8236005,0.15150806,0.16912121,-1.134011,-0.092773363,-2.0654233,0.99435437,-1.2703154,-0.47400415,-0.16290081,-1.4578727,-0.21561188,0.28160408,-0.11486158,0.68154395,0.45804477,0.25075719,-2.0054615,0.9482255,0.0753901,1.1642396,0.11415769,-0.96078658,-0.12211712,-0.92428994,0.57929337,0.24205694,-1.2536227,0.29242051,-1.9967889,-1.6763842,-1.3300589,-0.40097886,0.57526267,0.47699499,0.29749194,-1.0571759,0.77243233,-1.316839,-0.15710412,0.44330686,-1.1300918,-0.082190201,0.012310598,0.5112161,-0.13129444,0.43201405,0.012204006,0.46858016,0.029432863,0.51947498,-0.008483633,-0.13639294,-1.0652031,0.44068515,1.0652333,-0.41215116,0.6479702,0.50377321,0.41450125,-0.71733975,0.65212983,0.43824658,-0.94362348,-0.48408502,0.095258012,0.092024788,0.18711098,0.78022861,-0.28972962,-0.57843554,-0.49430203,0.014618231,0.65319049,-0.16354851,0.027587436,-0.33387572,0.1958226,1.2030134,-1.2968081,0.1612698,0.35297245,-0.58838934,0.031477597,-0.17272969,-1.3387134,-2.0014951,-0.26514351,0.68775773,0.15963778,-0.22071877,0.7826007,0.26467061,0.50517422,0.26148909,-0.24069518,-0.59500784,0.22859308,0.18552409,-0.17149356,-0.53992999,0.25024906,0.19244361,1.2456956,-1.7081316,-0.033215966,1.7278705,1.6468707,0.39088616,-1.1417396,-0.22605142,-0.5669412,-0.12270634,0.016917413,0.35842475,0.86585093,0.86980999,0.59292388,0.10732518,0.23362829,0.7095139,0.72675616,1.1318874,-0.90442109,0.32184097,0.32467288,0.055671886,-0.37369335,-0.20921132,-1.6198412,0.32892525,0.031035874,-0.35440707,-0.12917817,0.37536258,0.26129118,-0.67120016,0.23611611,-0.22862712,0.27542308,-0.39578396,0.67104399,1.1184453,0.27393267,0.017541289,0.63739568,-0.11906718,0.008841321,-1.0097497,0.3543908,-0.69311893,0.18041955,0.76935452,-1.0491462,-0.46630049,0.41225374,0.39588782,-0.68563294,-1.2855688,0.60526747,-0.5728268,0.10865664,-1.4555337,0.34317446,-0.16940604,-0.52995062,-0.6077323,1.0357386,0.42825094,-2.03128,-1.3009397,-0.33987141,0.055263057,0.22853449,0.080788344,0.020337651,0.48467386,0.20579192,-0.18657756,0.22198975,0.38299823,0.44339496,0.048331946,-0.097359762,0.21661177,-1.4522877,-0.006065115,0.32872835,0.092411026,0.22422463,0.72387785,1.0697805,-0.42982131,-0.82481253,-0.41055888,0.1175226,-1.9018989,0.42027342,0.31913221,0.38867083,-0.77382666,-1.3299993,0.2792322,-0.59814978,0.48416841,-0.017562062,-0.063235246,0.45794374,0.14628145,0.33674073,0.48630583,0.023857705,-0.19522908,-0.44231135,-2.2273967,-0.68784708,-1.0127001,0.015868977,-1.1008267,0.19390064,-0.15982056,-0.29492342,0.13382588,2
0.47203124,0.22384609,0.21307528,0.52665043,0.51272249,0.54468596,0.51505542,0.50501931,0.51932931,0.52927113,0.50520062,0.52101868,0.52138907,0.50179356,0.53250635,0.5192647,0.51580048,0.55198169,0.53184807,0.50439376,0.50539696,0.52506977,0.51108295,0.51401705,0.53128093,0.52144808,0.52567506,0.51407558,0.5209927,0.52140093,0.51192784,0.53106928,0.50407511,0.51214755,0.52862096,0.50375104,0.50066108,0.5267278,0.50524378,0.50369847,-0.85786402,0.1619229,0.30983335,0.40792221,1.2214695,1.6085081,1.1988554,0.64035845,0.75366229,1.5426979,1.2662797,1.1221452,0.36955619,-0.19096686,-0.23224439,-0.058863953,0.67616463,0.38417941,0.36921275,0.31649041,-0.78970176,-0.041416466,-0.51271284,0.30678624,-0.83719921,0.029164635,-0.19590297,0.52801275,0.29918119,1.3315768,-0.23296741,0.21879295,-1.1179435,-0.2112855,-0.086114787,1.0209579,-1.1162012,0.54633152,0.23963185,-0.78579205,-0.078530744,-0.867311,-0.62172407,0.32306257,0.93097699,0.58505875,-0.066779137,-1.5929693,0.57437956,0.099497505,-0.9343226,0.60634464,0.014574032,-0.049112447,0.49848187,-0.090359211,0.39015207,-0.36755681,0.005964448,0.59468102,-0.79419422,-1.0019982,0.065097183,0.57596397,-0.40082771,0.15925357,0.14229314,-0.20053273,-0.21261859,-0.291199,0.3946611,0.7616784,-0.15977533,-0.22589436,-0.37787169,0.077201486,0.21839446,-0.89291692,0.39174509,-1.0231556,-0.40125281,-1.7212883,-0.77767134,-0.063486084,-0.45337653,0.38509697,-0.38257664,0.09431386,-0.11590917,0.003385946,-0.67804474,-0.49183643,-0.23930545,-1.0334588,0.059094507,-0.027764924,0.075645968,0.26549011,-0.3580969,-1.5852447,0.1506038,0.41245338,0.73176718,-0.13636491,0.55568868,0.31575841,-0.000435136,-0.526483,-0.33718786,0.12345934,-0.48952353,-0.27658623,0.40258527,-0.091343798,-0.77573538,0.16080263,-0.49736801,-0.47816023,0.22380532,-0.26463127,0.024312645,-0.70353144,0.69685096,0.49592337,0.12534656,-0.020138051,-1.4862641,0.51540554,-0.068441831,-0.13267247,-0.065140098,-0.56487691,0.048819229,-0.10954958,-0.68063408,0.86782497,-0.70373452,0.16894421,0.40442044,-1.4268173,-0.080735914,0.35673058,-0.048942987,-0.37009558,-0.89613247,0.57293212,0.20379084,0.36495829,0.82919186,-0.72216892,-0.25894034,0.062898934,0.010939676,0.25624549,0.35676375,0.19220692,-0.15468487,-1.1898062,-1.5845602,-0.69819152,0.23124085,0.70084482,0.26348698,-0.42679551,-0.2032516,0.1795564,1.211208,-0.27661881,0.024162328,-0.25525391,-0.19848423,0.99147648,0.18108486,0.23607221,0.64155132,-0.13948089,-1.9283062,-0.14752421,0.34681004,-0.017696582,-0.11763716,-0.64169461,0.2396104,-1.35763,0.20207167,-1.1317444,0.1897833,0.10774931,-0.82458371,0.039637573,0.38766226,0.3544226,-0.24223185,-0.36041865,-2.4416938,0.31967169,-0.69797176,0.004677504,-0.046272121,0.10384088,0.50490677,0.10909564,-0.23368727,0.6088255,-1.2798281,-0.63712066,-0.32886234,0.37821507,-0.49602434,0.2042131,0.17017213,0.48837128,0.078339204,0.47066948,0.42406458,0.81031513,-0.79808813,-0.28180966,0.52477628,-0.15499333,0.30033758,-0.1291292,-0.20743249,-1.131075,-0.48963219,0.09545809,-0.25719568,0.47005501,1.06977,0.33487195,-0.41426975,0.18253088,-0.29215151,0.60000628,0.39229843,-0.42360646,0.092667311,1.631943,0.085409932,0.21488091,-0.83664113,-0.12586468,-1.8584824,0.91540539,-0.97701043,-0.29102993,-0.087222882,-1.6145046,-0.15086168,0.16883376,0.000368744,0.54438406,0.40735999,0.1271275,-1.8518991,0.79676235,-0.003362887,0.9634158,0.006429974,-1.0076983,-0.019817382,-0.85343087,0.42134708,0.22413221,-0.85940361,0.2724531,-1.5904701,-1.474754,-1.1889392,-0.45915386,0.38746491,0.063892365,0.24494845,-0.70744562,0.75173336,-1.0324929,-0.12912171,0.23116364,-1.0598472,-0.10714318,0.051661532,0.4694041,0.022778559,0.36602902,-0.013512239,0.31016192,0.000843987,0.47344667,0.086517237,-0.066105612,-0.54966885,0.42273164,0.91513109,-0.49485511,0.48841321,0.47826064,0.4861387,-0.66154826,0.58561254,0.38613471,-0.75708181,-0.51355207,0.10851794,0.087806672,0.18331669,0.71062702,-0.26365873,-0.55089295,-0.49230766,-0.012908648,0.54056334,-0.10391872,0.16726166,-0.23669937,0.19912767,1.0270895,-0.91527051,0.12018315,0.2840575,-0.5466482,-0.004293982,-0.2407009,-1.2447733,-1.6971865,-0.30164531,0.72885001,0.14186674,-0.23773225,0.66712564,0.23702146,0.51958138,0.24586944,-0.25931716,-0.39032388,0.22540136,0.028153278,-0.1027199,-0.62863278,0.22325969,0.20203993,1.0198783,-1.6048573,0.097401828,1.5437899,1.4507046,0.32083809,-1.1837571,-0.21729787,-0.19953337,-0.12222686,-0.11982155,0.20847774,0.77137542,0.71155578,0.33450967,0.010507427,0.14218953,0.57357937,0.73146111,0.80912256,-0.72288442,0.25783747,0.17809877,0.27041343,-0.33400172,-0.10178296,-1.7642089,0.32633984,0.041995946,-0.27838349,-0.2005116,0.31364214,0.22804244,-0.63355017,0.25010288,-0.17037085,-0.22576888,-0.11692743,0.52001631,0.93120563,0.27708402,0.10690662,0.58288276,-0.037680872,-0.042202674,-0.95501024,0.28134364,-0.70458585,0.12248027,0.71998382,-0.97957349,-0.23666407,0.39029628,0.33812898,-0.36246634,-1.026638,0.47951645,-0.48120216,0.17927054,-1.4740435,0.33964103,-0.14652485,-0.59567618,-0.49562147,0.90709734,0.50645518,-1.7599062,-1.0860518,-0.31717345,0.038257055,0.19746143,0.070992626,0.054134101,0.5128001,0.17825228,-0.10774572,0.33536804,0.32474479,0.32338071,-0.15157688,-0.070821308,0.45315713,-1.2789643,0.032408938,0.16584648,0.041625995,0.19308884,0.61986715,0.94195986,-0.33002794,-0.70392156,-0.42907113,-0.038982883,-1.8093631,0.43131036,0.42190325,0.39680305,-0.67461801,-1.1910443,0.2274514,-0.53074896,0.34373751,0.038065951,-0.025721129,0.25588155,0.18603826,0.31310642,0.41331893,0.069502227,-0.047011562,-0.27850294,-2.1098754,-0.60333449,-0.75666147,0.00108821,-0.71510959,0.21685728,-0.1678475,-0.24244981,0.083898216,2
0.53739309,0.29337865,0.27394578,0.57939994,0.56384516,0.59620404,0.57963622,0.55159545,0.58166754,0.5762822,0.56533951,0.5701052,0.57330382,0.54049498,0.58419979,0.56543005,0.57341921,0.60565877,0.58772433,0.56257933,0.56122655,0.56791073,0.55736721,0.56712866,0.59145904,0.56868279,0.56452084,0.55930102,0.58459079,0.56873,0.5638907,0.57577825,0.56102228,0.55327535,0.57809007,0.54302847,0.56384593,0.58159912,0.54191566,0.55216622,-0.88081658,0.23818786,0.4337787,0.49810794,1.3482363,1.7156141,1.3421298,0.75602853,0.89094871,1.6647463,1.415951,1.2393013,0.31618619,-0.16554055,-0.13367651,-0.27761257,0.59777629,0.32044262,0.35951525,0.25039431,-0.78648049,0.14580336,-0.49197406,0.31737834,-0.72340602,-0.020912498,-0.15064059,0.66838759,0.19492006,1.5176525,-0.20422128,0.19772831,-1.1233126,-0.21014056,-0.000789419,0.8741802,-0.92744029,0.53193939,0.25753826,-0.83210808,-0.1383034,-1.1592712,-0.50935262,0.41921017,0.82943821,0.67479163,-0.007042411,-1.7116179,0.79769653,0.10715803,-0.94587821,0.50286782,0.044502836,-0.021600571,0.66179478,-0.102208,0.44225273,-0.38659716,0.060855091,0.56416172,-0.69292367,-1.0202079,0.097615317,0.5155499,-0.37840289,0.21244396,-0.10094757,-0.24357113,-0.015763134,-0.32197389,0.41152462,0.77000988,-0.20505303,-0.28790268,-0.46231395,0.028959215,0.38534901,-1.0103604,0.35709256,-1.1048664,-0.3792581,-1.768014,-0.95645595,-0.072128862,-0.46333688,0.22965117,-0.43626723,0.15589224,-0.079878509,-0.19647796,-0.73650312,-0.47036088,0.093503103,-1.0710911,-0.22901496,-0.13821352,0.10793056,0.31924775,-0.46094191,-1.6720697,0.84212148,0.39406371,0.80324936,-0.15954065,0.60117072,0.56095761,0.050621487,-0.53427887,-0.1492538,0.13102525,-0.61666691,0.26195574,0.37328482,-0.2143791,-0.78501981,0.036924914,-0.61826766,-0.57964671,0.29379418,-0.31658983,0.038817786,-0.72057772,0.73678052,0.76645887,0.084388666,-0.018804971,-1.7061067,0.60949522,0.020831212,-0.18953176,-0.048017934,-0.57446593,0.040570103,-0.16689742,-0.65553838,0.96515119,-0.70828742,0.12829682,0.54440629,-1.4306473,-0.1599279,0.32136902,-0.084233284,-0.46801218,-0.96436357,0.47351599,0.22389178,0.51814896,0.70586061,-0.72920811,-0.33094752,0.06705597,0.041677885,0.31709802,0.26746956,0.18007137,-0.10443423,-1.208035,-1.7009612,-0.71573192,0.33540729,0.48854619,0.26392442,-0.47635761,-0.35365561,0.14460406,1.2258393,-0.21834126,0.055462264,-0.38230857,-0.22718525,0.95532876,0.12465705,0.22532938,1.589489,-0.046415523,-2.3394742,-0.07407774,0.41645506,-0.030169992,-0.025199085,-0.78440231,0.13785787,-1.422134,0.2820245,-1.1937802,0.20664233,0.11158845,-0.84207857,0.032216147,0.24926458,0.51092428,-0.22297671,-0.49357629,-2.5618184,0.39612198,-0.52695096,-0.070294619,-0.10697185,0.060807467,0.4762193,0.08470197,-0.17940825,0.42494756,-1.465847,-0.80888617,-0.31708515,0.5473538,-0.43308249,0.14721587,0.25320816,0.42764148,0.056180406,0.55231887,0.32818681,0.80578297,-0.95311403,-0.31940848,0.59663838,-0.047286548,0.23702274,-0.22169945,-0.27340373,-1.1806732,-0.49973541,0.080365114,-0.35821611,0.56700414,1.2234161,0.36128643,-0.39700866,0.17256273,-0.36728188,0.65657997,0.58559108,-0.43096733,0.061978221,1.4832745,0.17319275,0.17713599,-0.95196784,-0.14881888,-2.0329163,0.94824231,-1.326481,-0.30303586,-0.2635065,-1.5223521,-0.24398515,0.20131151,-0.006846979,0.7810446,0.51132864,0.36259931,-1.8688691,0.87857687,0.022772834,1.2179487,0.08119458,-1.0573138,-0.053629965,-0.85606349,0.50082082,0.17798114,-0.79068875,0.31996185,-1.7238489,-1.6799705,-1.3330085,-0.36536181,0.45293587,0.73466134,0.21512109,-0.89155585,0.71486592,-1.1528535,-0.25195345,0.25901881,-1.1229874,0.005173549,0.012324769,0.60319084,0.13184366,0.38359067,-0.04281354,0.40713277,-0.009273673,0.62376809,-0.015450481,-0.13610174,-0.73683947,0.36023322,1.0812956,-0.54470551,0.64415264,0.4995476,0.50931776,-0.70841467,0.87513888,0.33496413,-0.91772395,-0.54509926,0.062177327,0.12871006,0.13830706,0.87245834,-0.27902785,-0.54324162,-0.47723234,-0.013610079,0.69668263,-0.20984961,0.039377544,-0.26734814,0.16247131,1.1838628,-0.97231567,0.11532948,0.27850911,-0.61435199,0.019593459,-0.11003484,-1.383981,-1.8949091,-0.32687277,0.65307564,0.092520431,-0.23226139,0.80355912,0.28675723,0.47935817,0.23169464,-0.083177581,-0.54162532,0.2116787,0.24627307,-0.14234181,-0.65358937,0.22738579,0.1147294,1.1136016,-1.6160029,-0.076281525,1.5239171,1.4679042,0.43793416,-1.3429587,-0.27670324,-0.44490576,-0.12870666,0.18510754,0.36002865,0.80953085,0.60461187,0.32275754,0.18599503,0.19527215,0.65879774,0.68073398,1.0792232,-0.79290843,0.33158946,0.27069524,0.10190255,-0.35308012,-0.14656866,-1.642647,0.26207498,0.054976173,-0.39899445,-0.19172844,0.53045326,0.26951206,-0.61900401,0.27972761,-0.20838167,0.31831169,-0.16622138,0.71851057,1.0158472,0.25445533,0.047499966,0.59236836,-0.11680797,0.18020077,-0.9586727,0.31897512,-0.60332513,0.19696924,0.74416411,-0.8795898,-0.39702576,0.44399792,0.38025576,-0.59640896,-1.1617621,0.64426893,-0.52660143,0.064698771,-1.5897434,0.29080653,-0.20912704,-0.58203638,-0.45641017,0.96879143,0.47642684,-1.857424,-1.1805314,-0.34691203,0.02431952,0.23371796,-0.04638999,0.0362119,0.52836317,0.15847053,-0.17269607,0.27798855,0.33197051,0.4067356,-0.29386401,-0.053908084,0.58837628,-1.3997098,-0.021173108,0.43709126,0.050728437,0.23769632,0.58584845,1.0964434,-0.32702881,-0.71897912,-0.39630836,0.40300918,-1.8962166,0.29953521,0.33231699,0.35654739,-0.81494617,-1.270121,0.2639229,-0.52478641,0.19109848,0.002609476,-0.078678139,0.61375558,0.17612717,0.28512776,0.40926075,0.016677525,-0.19854464,-0.40150511,-2.1547723,-0.6712504,-0.96554911,-0.038572222,-0.86284173,0.21402259,-0.1825649,-0.29563692,0.06593775,2
0.60895336,0.36684173,0.36681598,0.62156194,0.61195213,0.64841616,0.61125785,0.59429759,0.61335301,0.62189907,0.59910882,0.60592276,0.60322011,0.58819246,0.61719167,0.60272861,0.59517205,0.63955539,0.619874,0.59038383,0.596448,0.6128217,0.60750753,0.60221696,0.62342113,0.60713828,0.61859727,0.61312836,0.61848563,0.62138665,0.60688269,0.61486423,0.59993261,0.59736937,0.62115145,0.58833277,0.59314024,0.62228709,0.60057068,0.60094798,-1.109627,0.33200613,0.69878781,0.66352212,1.5132565,1.8934979,1.5857315,0.96810198,1.1223729,1.8524716,1.5794716,1.4563248,0.49467754,-0.18019402,-0.16192521,-0.2469364,0.75009191,0.47281662,0.50657189,0.42834389,-0.7432465,-0.025135372,-0.47688022,0.50477022,-0.58004701,-0.13179994,-0.24989772,0.55069661,0.05573684,1.2189263,-0.2369124,0.29386798,-1.0804833,-0.14235263,-0.15485972,0.92318702,-0.90493673,0.67870408,0.36054051,-0.84912568,-0.097547263,-1.1101797,-0.41675627,0.43059298,0.99293125,0.69199967,0.017875381,-1.7362387,0.70184708,0.16998696,-1.0513846,0.92060173,-0.039074026,-0.16070786,0.613199,0.033744484,0.31753126,-0.86547184,0.091742568,0.72937405,-0.71673727,-1.0169479,0.11051814,0.43121812,-0.34940928,0.19686453,0.038303085,-0.14250496,0.050872177,-0.20327379,0.24284542,0.58027637,-0.15459685,-0.40396267,-0.55728137,0.006691739,0.4583953,-1.0618958,0.46633041,-1.1147122,-0.36491072,-1.7900752,-1.458402,-0.12573601,-0.49504703,0.28908232,-0.38084081,0.084970109,-0.041627429,-0.54031563,-0.87187588,-0.45034826,-0.094038457,-1.1613798,-0.26344615,-0.42959487,0.1105427,0.12034104,-0.42116737,-1.9274406,0.56932759,0.50105768,0.82992947,-0.18413451,0.50820345,0.38932106,-0.018226042,-0.41584486,-0.077446297,0.37211275,-0.52854627,0.13864833,0.57965815,-0.45994836,-0.99618083,-0.12598966,-0.79352105,-0.87984067,0.27328053,-0.68774009,0.11200751,-0.76017177,0.74438953,0.74578011,-0.082804382,0.058872476,-1.5015259,0.4531213,-0.002413228,-0.18385848,0.000560109,-0.63982916,-0.063418671,-0.093527675,-0.61836845,1.0515926,-0.74707878,0.20976403,0.66141737,-1.6993191,0.020152777,0.20883219,-0.12156261,-0.45899564,-1.0273066,0.18645874,0.093775451,0.6375103,0.93550545,-0.83381546,-0.35881531,0.076399133,-0.0330607,0.095829807,0.465774,-0.040388033,-0.2098247,-1.3233193,-1.8125069,-0.69102055,0.56020153,0.39371732,0.22839731,-0.43534386,-0.40784043,0.037783399,1.4824938,-0.080971539,0.04176788,-0.63568169,-0.36977327,1.0244033,0.29063836,0.37058336,0.84323925,-0.16903867,-1.9887807,-0.072811097,0.42400813,-0.064296842,0.072687343,-1.2694384,0.18466958,-2.0008483,0.23836669,-1.7926592,0.49830508,-0.039398037,-0.81556886,-0.015273564,0.29776645,0.58197695,-0.1764801,-0.32918307,-2.8871598,0.3350333,-0.55568153,0.15195322,-0.18528132,0.45634094,0.50062197,0.19677645,-0.14954826,0.22437343,-2.1408405,-0.807338,-0.43986061,0.62555754,-0.43924451,0.005379915,0.18993992,0.56913865,0.005119946,0.34286222,0.19634315,0.82463348,-0.75567782,-0.24071923,0.75044626,-0.13143049,0.16932341,-0.12462795,-0.22598523,-1.0729448,-0.49924433,0.17958967,-0.21302901,0.40541065,1.2716244,0.42013818,-0.44359675,0.37981457,-0.34372815,0.58871716,0.75858355,-0.37846014,0.073879763,1.6225843,0.25420132,0.2963233,-1.1050245,-0.12774706,-2.0081189,1.0649056,-1.6824782,-0.6928817,-0.21761878,-1.6062474,-0.42169333,0.23325865,0.2408825,0.56481802,0.60963893,0.24023853,-1.8428012,0.95889968,0.15453094,1.2407218,0.085300639,-1.0554156,0.03180556,-0.9367379,0.62589574,0.21924976,-0.82558471,0.51579893,-2.2796254,-1.8083732,-1.2931396,-0.23327488,0.46957809,0.65362597,0.45816356,-0.99959475,1.0700852,-1.4466934,-0.15217768,0.44329092,-1.2886939,-0.050040118,0.15210004,0.61785233,-0.064719751,0.40911704,-0.23787569,0.40283272,0.041262668,0.53776836,-0.002427135,-0.16276601,-1.1026821,0.52506983,0.96569788,-0.61784124,0.6600703,0.55739647,0.36150342,-0.69280231,0.98814934,0.093325496,-1.3208896,-0.64506018,0.19041243,0.15313977,0.050934181,0.9292345,-0.29443675,-0.65671605,-0.5469507,0.03762912,0.5373202,-0.17720808,-0.090954468,-0.32737428,0.30797565,1.3883295,-1.4719417,0.20665176,0.39828175,-0.61260271,-0.024832988,0.029552341,-1.6673266,-1.9830513,-0.24363001,1.0082551,0.018600464,-0.33120474,0.88008577,0.18841577,0.51588815,0.33151829,-0.073385105,-1.0878496,0.33057094,0.18737498,-0.22219801,-0.54527605,0.3009795,0.27300796,1.4113448,-1.6151414,0.10090404,1.4148407,1.8542422,0.49539629,-1.1836216,-0.39119285,-0.79130781,-0.1207132,0.15730293,0.2243766,0.78225327,0.46547002,0.31633097,0.19170475,0.17457175,0.74796635,0.58794081,1.346499,-0.96254325,0.12347129,0.2761026,0.020010024,-0.40327907,-0.071979314,-1.4033159,0.4185282,0.070171654,-0.27771702,-0.03663291,0.48618999,0.2471046,-0.54242486,0.3350994,-0.076390274,0.18003395,-0.62875998,0.83460993,1.3109858,0.38716531,0.12687102,0.68070006,-0.24322161,0.088200204,-1.0131316,0.29937249,-0.60011733,0.10243393,0.69976747,-0.92983073,-0.48658246,0.30112708,0.24753185,-1.0972252,-1.6395822,0.72235405,-0.42125544,-0.36993384,-1.5447719,0.25993398,-0.147422,-0.89387125,-0.50242591,1.1087787,0.32150894,-2.0416598,-1.2771007,-0.39857084,0.082232043,0.29957807,-0.13950032,0.075618982,0.68682396,0.21215731,-0.28491858,0.13091594,0.36591506,0.33013073,-0.12333061,-0.083796024,0.40324146,-1.5050542,0.050220724,0.43488604,0.18207683,0.22841747,0.53774792,1.0669026,-0.43252856,-0.73080337,-0.49259239,0.47816879,-1.8644991,0.28499857,0.22698025,0.49972695,-0.8941592,-1.3545127,0.29190531,-0.47596034,-0.017246038,-0.00916367,0.050829567,0.61730504,0.30100051,0.40778905,0.37633669,0.016911542,-0.39819595,-0.52885103,-2.2184038,-0.59811687,-1.6225405,0.13957757,-1.1613133,0.29040694,-0.16232882,-0.39739528,0.1887015,2
0.54618859,0.29359785,0.30246946,0.57310772,0.5725773,0.60298616,0.57852983,0.56342185,0.58285201,0.585545,0.56686425,0.58236694,0.578435,0.55204773,0.59221113,0.56922889,0.57625675,0.60612416,0.59277254,0.55820525,0.5728274,0.57494235,0.57747924,0.56983733,0.59916627,0.58213735,0.58904219,0.57414794,0.59293294,0.58226925,0.57306898,0.58543265,0.56976736,0.56901509,0.59075642,0.54974186,0.56362808,0.58802068,0.567752,0.57460773,-0.99246836,0.2632089,0.43527603,0.49876964,1.3193262,1.7099895,1.3322941,0.74487865,0.87481242,1.647071,1.3775418,1.2256801,0.44333547,-0.18020852,-0.35292989,-0.32547283,0.67197508,0.40011692,0.44556865,0.31648684,-0.7101382,0.051934116,-0.68804592,0.34351328,-0.84588897,0.031238429,-0.14949331,0.56151205,0.16856088,1.2194035,-0.20839351,0.21672229,-1.1351299,-0.13066201,-0.11288345,0.92969811,-1.1437042,0.61551201,0.32394871,-0.77100497,-0.087251343,-1.2598917,-0.47143632,0.31155339,0.89123774,0.57203341,-0.040363073,-1.7153361,0.57569325,0.14138064,-1.0021412,0.6910153,-0.022065833,0.011561971,0.52074558,0.03522408,0.34114745,-0.34532845,0.086518653,0.63491607,-0.5927273,-1.0350901,0.097327083,0.48013192,-0.27865076,0.16750285,0.12451216,-0.21547595,-0.22387284,-0.29250428,0.29182374,0.62568247,-0.14194165,-0.1477841,-0.42458871,0.10127081,0.20479038,-0.97240615,0.42698151,-1.0615188,-0.36922282,-1.8007177,-0.78289181,-0.12961461,-0.69821912,0.28755346,-0.42082828,0.091573857,-0.11143547,-0.064098559,-0.59696013,-0.45286989,-0.12929437,-1.0364642,-0.092568852,-0.00791315,0.074270293,0.18003932,-0.36072725,-1.6169448,0.23428085,0.46334627,0.75575352,-0.074189126,0.50836426,0.32000616,-0.013607159,-0.51654398,-0.37410367,0.22777829,-0.3451381,-0.18131523,0.4290764,-0.26132315,-0.79557663,0.12896597,-0.56385005,-0.365022,0.21725868,-0.39365283,0.023548931,-0.79812491,0.69447923,0.55768478,0.07263191,0.028086022,-1.5311065,0.38301253,-0.043697141,-0.13245504,-0.002180632,-0.5186559,0.032807317,-0.10559111,-0.64775681,0.87907881,-0.69382346,0.17494008,0.43246961,-1.5153091,0.000924945,0.23149498,-0.17332307,-0.42629644,-0.94823277,0.48351121,0.019349217,0.53505534,0.82959998,-0.78982377,-0.3870188,0.055669177,-0.006941587,-0.007012039,0.39704347,0.038142428,-0.14753512,-1.250735,-1.6946657,-0.7022773,0.32941717,0.72464359,0.25471455,-0.40660277,-0.30319524,0.072446115,1.5170949,-0.12671268,0.11249539,-0.19364941,-0.25646231,0.84589028,0.18945391,0.26927266,0.50864691,-0.16111445,-1.9377128,-0.22099914,0.25790709,-0.007629649,-0.084718443,-0.72881043,-0.011633009,-1.4331315,0.16844042,-1.1687005,0.364577,0.077461101,-0.9026612,0.067372203,0.23778827,0.42602149,-0.16017883,-0.43100941,-2.5095992,0.11632498,-0.74428546,0.054127604,0.11885372,0.1712407,0.51536661,0.088069506,-0.26694399,0.44906896,-1.3571907,-0.63066977,-0.31085277,0.44552702,-0.43534979,0.11278845,0.20061947,0.47185633,0.089866519,0.50262564,0.41811177,0.80268431,-0.76043373,-0.27969578,0.43005621,-0.067434058,0.16959859,-0.079690173,-0.35117859,-1.1047661,-0.47465003,0.1526774,-0.30248603,0.38423505,0.89862806,0.41623044,-0.39282119,0.21638614,-0.33960187,0.59144473,0.3902387,-0.28265491,0.079649001,1.6488358,0.16366072,0.18952881,-0.71334654,-0.1975856,-1.906929,0.98752958,-1.2887831,-0.2375932,-0.11710989,-1.6059467,-0.27455196,0.18450326,0.084864952,0.44337258,0.52612513,0.15869203,-1.8876479,0.87449706,0.044794008,1.0293339,-0.032387856,-1.248014,-0.099064186,-0.8948698,0.42808437,0.055214629,-0.89361203,0.25282097,-1.5671492,-1.5517138,-1.2153949,-0.29202825,0.35490048,0.15538943,0.33182198,-0.81777227,0.8068018,-1.0516708,-0.14084955,0.27947074,-1.1400125,-0.073269919,0.082098268,0.46019083,0.11024652,0.29117835,-0.1191799,0.46738654,0.026626449,0.63980395,-0.071527496,-0.070804328,-0.5179227,0.42540568,0.94762266,-0.62090415,0.55862248,0.49051172,0.53187782,-0.61939049,0.63489562,0.19323766,-0.84548664,-0.61975813,0.12492832,0.073716588,0.050361276,0.79505849,-0.25064629,-0.52784699,-0.63379854,0.02041873,0.47251078,-0.13676375,0.070634328,-0.35217971,0.22739831,0.94059289,-1.0155493,0.17427117,0.31481481,-0.48231539,-0.10281652,-0.17518291,-1.2700477,-1.8356991,-0.11891727,0.82538837,0.029093906,-0.28382438,0.74157369,0.19221176,0.47851118,0.27958053,-0.2077748,-0.4714798,0.27167687,0.077370323,-0.13813038,-0.5988456,0.23436341,0.19752541,1.1275584,-1.6808567,0.048207112,1.2168716,1.517971,0.45531321,-1.3210661,-0.31244981,-0.3641718,-0.18040137,-0.1339646,0.24381608,0.7024101,0.14548919,0.50168133,0.01345937,0.22090918,0.68544239,0.69725746,0.86647439,-0.90679252,0.24638012,0.1366047,0.23368701,-0.45003015,-0.2296298,-1.6349738,0.34110796,0.041176178,-0.28110418,-0.14978419,0.31079653,0.15239812,-0.5470075,0.26019853,-0.14408296,-0.16449711,-0.18212467,0.52065587,0.90665054,0.34269816,0.093737639,0.63216615,-0.072438866,-0.036616411,-0.92132264,0.26880741,-0.69095814,0.12489869,0.64339137,-1.0578624,-0.35332742,0.42138171,0.30193835,-0.45447367,-1.2097054,0.45689189,-0.46339825,0.096354321,-1.520287,0.28258485,-0.13733763,-0.66332364,-0.53591019,0.80078393,0.45220837,-1.8422868,-1.044293,-0.41051355,0.073429279,0.24453118,-0.10598423,0.082490563,0.57925713,0.21336861,-0.11157663,0.25160342,0.25598276,0.29925746,-0.23416653,-0.019499354,0.16401997,-1.4267104,-0.041287206,0.32800272,0.067513734,0.23799016,0.5626933,0.77024096,-0.33299136,-0.70431364,-0.42864269,-0.086262129,-1.7863103,0.42755425,0.3379724,0.42269617,-0.6872583,-1.1412709,0.22471246,-0.60974061,-0.034744978,-0.07352066,0.047280744,0.51625454,0.20283262,0.34685338,0.35754576,0.027532559,-0.25560033,-0.30104789,-2.2320437,-0.53225297,-0.8079049,0.064643554,-0.79074526,0.30155978,-0.21917079,-0.24794585,0.11485024,2
0.4791939,0.22320271,0.20752406,0.52768898,0.51385796,0.54826617,0.5187881,0.5032804,0.51243126,0.52802873,0.501858,0.51340556,0.50984919,0.49729717,0.53317881,0.51063919,0.51056367,0.55490464,0.52670223,0.49006888,0.50144625,0.52097243,0.49052811,0.51440424,0.52852982,0.51298195,0.52046353,0.51671141,0.51819402,0.52113843,0.5176034,0.51592827,0.49695408,0.49695504,0.51622367,0.48928151,0.49586037,0.51286262,0.49459809,0.50221199,-1.0040545,0.18249348,0.49625891,0.54837501,1.4195955,1.7463094,1.4088224,0.83244002,0.96295673,1.7499704,1.4587455,1.3239993,0.37413466,-0.23519099,-0.35159862,-0.38151944,0.63656205,0.38175339,0.4013626,0.32728186,-0.84538209,-0.001633482,-0.68301547,0.37389666,-0.94028777,-0.10950661,-0.18946508,0.62820238,0.25154015,1.4746883,-0.20055887,0.20160407,-1.2442534,-0.20717537,-0.012040086,0.88993192,-1.234735,0.57053488,0.33678895,-0.84682053,-0.1405938,-1.2638324,-0.65371883,0.42827123,0.89517885,0.68295872,-0.001057463,-1.8059881,0.64451611,0.13212837,-1.046765,0.69251972,0.042029981,0.073623165,0.59488589,-0.097218946,0.41187456,-0.27410877,0.071704537,0.62470126,-0.54598886,-1.1028032,0.088528693,0.5470401,-0.29808518,0.21450505,0.030155178,-0.19955039,-0.15082812,-0.28065833,0.44828191,0.79111874,-0.14000794,-0.33681977,-0.32248399,0.12568538,0.20202228,-1.0152411,0.44855359,-1.2814717,-0.45088947,-1.8847245,-0.89347804,-0.02544545,-0.57853705,0.37790436,-0.48559135,0.17136844,-0.10971404,-0.032973856,-0.74625599,-0.59309912,-0.30430534,-1.0658923,-0.13109444,0.007253468,0.21019931,0.29895216,-0.38462976,-1.6069695,0.024742961,0.45380288,0.78667182,-0.11352848,0.5986172,0.33232003,0.049654894,-0.65516555,-0.4212274,0.2404968,-0.47211275,-0.19498014,0.39403039,-0.24140345,-0.77006614,0.044968367,-0.48237628,-0.44455016,0.24201973,-0.25235999,-0.018797172,-0.81100684,0.77005583,0.59172428,0.19687787,-0.036938548,-1.7133971,0.45489323,0.044171154,-0.16918804,-0.005740628,-0.5224871,0.061211526,-0.10520099,-0.75806546,0.88986588,-0.66316766,0.1496205,0.39741966,-1.6311795,-0.078750186,0.30485088,-0.12181022,-0.35258937,-0.82991689,0.54168558,0.15629099,0.51820427,0.84412861,-0.83603227,-0.24082044,0.073502719,-0.033414587,0.17089586,0.37326777,0.20265466,-0.19434988,-1.262468,-1.7974544,-0.74173415,0.29532051,0.64583582,0.27677295,-0.46014008,-0.33414724,0.050710469,1.4060041,-0.19947451,0.093639977,-0.26826459,-0.21808439,0.97990805,0.18964793,0.24400955,1.084098,-0.17767757,-2.3510211,-0.16687068,0.34890014,0.021606838,0.040430322,-0.69967246,0.082464583,-1.4187318,0.15543637,-1.1152728,0.42137694,0.10371577,-0.95257592,0.052383564,0.034448206,0.43067446,-0.20176771,-0.58495772,-2.5200582,0.27610245,-0.8002218,-0.017897516,-0.064828441,-0.096186087,0.59710807,0.13520245,-0.29395604,0.41175479,-1.5044911,-0.78338391,-0.30921373,0.36558446,-0.41220969,0.20535347,0.27358806,0.52280873,0.061466943,0.62442327,0.51841056,0.7160629,-0.8673951,-0.34185576,0.39608234,-0.10282093,0.22487128,-0.010312166,-0.29530048,-1.3160282,-0.52825028,0.11762162,-0.35279277,0.54468757,0.92593133,0.38999692,-0.47328576,0.20155644,-0.35609305,0.6877383,0.42595941,-0.45907685,0.12726112,1.5285802,0.1286165,0.22725363,-0.93613166,-0.12067414,-1.9470887,1.1093388,-1.3138984,-0.16190973,-0.26377335,-1.5816478,-0.26255408,0.075802863,0.022175699,0.57048845,0.5114727,0.19577703,-1.922157,0.92209524,-0.075178586,1.1065762,-0.092754818,-1.2592354,-0.093166195,-0.98679352,0.59043235,0.3565599,-0.91690534,0.24400184,-1.7083972,-1.5131471,-1.3467607,-0.47777364,0.47554612,0.4633339,0.28395298,-0.85547757,0.82845795,-1.1819906,-0.16315392,0.25525254,-1.2095828,-0.031196989,0.027502194,0.4651508,0.088471979,0.30694467,-0.10803452,0.43229771,0.05238042,0.79220271,-0.037451744,-0.10029186,-0.83486933,0.41831738,1.0570726,-0.51781863,0.55332375,0.54699183,0.62192255,-0.63519728,0.43235582,0.34716469,-0.81756771,-0.73788905,0.1477184,0.087678246,0.15904269,0.8214106,-0.27436048,-0.50118083,-0.61297262,-0.006089203,0.49881643,-0.16203767,0.12609321,-0.329961,0.20032382,0.97634214,-0.91612965,0.15564936,0.3189148,-0.63650274,-0.04157123,-0.45909175,-1.3388827,-2.0005767,-0.094105288,0.75316203,-0.007669151,-0.23151886,0.78890914,0.22833605,0.51533014,0.23028891,-0.20711514,-0.43932512,0.23676726,0.068911277,-0.1510756,-0.75821549,0.25610173,0.17534158,1.3425676,-1.6700791,-0.015778841,1.4927902,1.7241002,0.39122677,-1.4635512,-0.24383342,-0.42199117,-0.24144918,-0.082352549,0.33602375,0.71969205,0.5412401,0.39122745,0.012581475,0.22115195,0.77302146,0.76528925,0.93580103,-0.99424744,0.42794478,0.17061706,0.25671378,-0.39427537,-0.21215747,-1.8148055,0.32087833,0.018769715,-0.3396292,-0.062696666,0.10696776,0.13067132,-0.74138951,0.32766277,-0.21163104,0.12165114,0.005293697,0.34494597,0.9777717,0.24924725,0.093254894,0.61638588,0.22182304,-0.063578606,-1.0241654,0.25838527,-0.80133277,0.15371694,0.7860359,-1.0037832,-0.32207918,0.47981596,0.49480331,-0.53370333,-1.1063961,0.49106729,-0.53837079,0.03493977,-1.6837331,0.35593,-0.18746242,-0.66828877,-0.44752505,0.9406364,0.5043487,-1.8034449,-1.1298596,-0.40436506,0.16074345,0.2264996,-0.10707647,0.044604443,0.54905063,0.19832093,-0.11961755,0.21312001,0.32134777,0.4997822,-0.1392097,-0.15616132,0.14548223,-1.5484278,0.020512214,0.37214124,0.017139737,0.22434795,0.71299511,0.92663759,-0.38246441,-0.83167899,-0.38598213,-0.15536228,-1.934839,0.31319618,0.41032705,0.46072,-0.696594,-1.2211065,0.26224557,-0.65566432,0.049753904,-0.048199326,-0.095013082,0.50122273,0.17838408,0.33436975,0.37830263,0.071165428,-0.11023724,-0.40344277,-2.2445304,-0.67455435,-0.79328543,-0.00674548,-0.83403921,0.22163424,0.073201433,-0.27058482,0.090724275,2
0.48435873,0.23835963,0.21058041,0.52986062,0.51674008,0.55005658,0.53281575,0.50096691,0.51772738,0.52213204,0.51150119,0.52576226,0.51407903,0.49591601,0.52610606,0.50857693,0.51803666,0.54816282,0.52942252,0.50237846,0.50430661,0.51105964,0.50887263,0.50473928,0.5234105,0.50281298,0.5044089,0.5036183,0.51723784,0.515118,0.51095903,0.51503891,0.50204074,0.49456257,0.512748,0.47825217,0.49094754,0.51559615,0.49481466,0.49496955,-0.96709269,0.18511719,0.41708755,0.47793749,1.4090662,1.6787498,1.3210691,0.75534725,0.89743817,1.6839807,1.4453881,1.2490823,0.25127706,-0.24449068,-0.27875161,-0.42794633,0.56932592,0.33728328,0.3528567,0.2325955,-0.56682569,-0.020985372,-0.72484767,0.31210443,-0.90871531,-0.006131388,-0.18632852,0.76423264,0.2800692,1.3443531,-0.18428433,0.17540993,-1.2003436,-0.29132649,-0.063184321,0.82876015,-1.265272,0.51056486,0.15433663,-0.96395403,-0.015290223,-0.98972046,-0.67719722,0.45703,0.79595739,0.66391128,-0.04129611,-1.8437366,0.72633654,0.14304449,-1.045812,0.7971282,0.034834467,0.031052522,0.54444712,-0.062582344,0.39036638,-0.31885183,0.027867218,0.5373258,-0.82404441,-1.0940118,0.057258297,0.5983302,-0.27742648,0.083617099,0.25904545,-0.16955714,-0.10050058,-0.3706888,0.43136108,0.68362439,-0.256055,-0.24434084,-0.2092917,0.011892527,0.36341766,-0.96233296,0.35352367,-0.93232054,-0.40761051,-1.8288586,-0.84780753,-0.12632075,-0.46091136,0.30605024,-0.53456247,0.23245195,-0.091325931,-0.055166841,-0.77153927,-0.72335881,0.34319708,-1.1056048,-0.21566904,-0.044222176,0.027999982,0.49860805,-0.45764422,-1.5981266,0.75327283,0.40321574,0.81913847,-0.24115258,0.57090396,0.28320891,0.036299698,-0.32403424,-0.30164963,0.2448976,-0.56769514,-0.28072208,0.30712038,-0.09994828,-0.71778184,0.082026727,-0.49863857,-0.55636144,0.30159253,-0.36994144,-0.051070105,-0.83883524,0.71609896,0.67422855,0.20519629,-0.003382012,-1.7041173,0.4727591,-0.045138665,-0.1039079,-0.066535681,-0.54718393,0.011842091,-0.13272117,-0.71324497,0.96391636,-0.79701459,0.091138639,0.37571239,-1.4461614,-0.16181198,0.34062445,-0.073688634,-0.32240286,-0.88970464,0.49066049,0.22980042,0.56345654,1.0636278,-0.73580348,-0.34423614,0.035598334,-0.039954402,0.26308379,0.30595466,0.12748466,-0.22449577,-1.2465138,-1.6794618,-0.84097213,0.26737383,0.56505448,0.52232778,-0.53297335,-0.37135628,0.1689783,1.2949475,-0.079830334,0.025440311,-0.41007805,-0.19681236,1.035642,0.15431949,0.21964273,0.93157649,-0.11017697,-2.3597639,-0.098795742,0.71408898,0.064099208,0.11903709,-0.63012385,0.10313871,-1.4699265,0.12702422,-1.2379955,0.17465466,0.17830367,-0.89084661,-0.018184125,0.1812678,0.46228722,-0.26918131,-0.10351485,-2.4447539,0.28716177,-0.77799261,-0.072971188,0.039565325,0.038872972,0.50653416,0.16253777,-0.21144398,0.52073389,-1.2990975,-0.83965802,-0.32648611,0.58398384,-0.53512049,0.27638996,0.23057327,0.39714286,0.061558336,0.46032235,0.38522324,0.77731949,-1.0299083,-0.37409884,0.54245913,-0.17540123,0.22808722,-0.10298693,-0.20662867,-1.3065677,-0.4915731,0.093726709,-0.42738605,0.37643325,1.1576726,0.41272661,-0.51927215,0.14524169,-0.35251904,0.50295502,0.55397892,-0.44767979,0.093583055,1.6395993,0.10672343,0.19124201,-1.0640141,-0.19309828,-1.9017787,0.97329915,-1.0540816,-0.32752347,-0.27015811,-1.4454691,-0.44988084,0.24371976,0.11802574,0.67695904,0.64483207,0.1654492,-1.8440719,0.90790224,-0.033625461,1.0810741,0.015866974,-1.0762386,0.022921458,-0.96616149,0.51267797,0.40425837,-0.86080426,0.38661006,-1.7333328,-1.7005244,-1.3404191,-0.47785097,1.0240813,0.52360046,0.22368488,-0.87757307,0.65625024,-1.1402942,-0.047821894,0.38028324,-1.0215905,-0.15900829,0.010291297,0.57258391,0.21156485,0.50143456,-0.045810923,0.45699933,-0.00027056,0.45440802,-0.13483575,-0.045763116,-0.81855923,0.37063715,1.115419,-0.48800251,0.62877864,0.45729575,0.48578566,-0.66855162,0.44807863,0.15664178,-0.76540619,-0.46142879,0.096059382,0.085243903,0.10909845,0.72564739,-0.22883198,-0.48088023,-0.54674906,-0.00824675,0.56075877,-0.029801443,0.2431052,-0.30205444,0.16354807,1.1532,-0.89963657,0.10626684,0.32910883,-0.6916495,0.010623496,-0.10212871,-1.2146705,-1.8554925,-0.34408367,0.58355522,0.13821863,-0.23707284,0.76589626,0.25816733,0.57748634,0.17851833,-0.1545711,-0.40071282,0.1914255,0.10100295,-0.13536762,-0.50472778,0.20034239,0.26437658,1.3188627,-1.5703069,0.027057264,1.5622327,1.6746027,0.37984413,-1.3837812,-0.18240754,-0.21730757,-0.098313123,-0.012128439,0.26901302,0.73805714,0.46278802,0.43758401,0.21907574,0.26623389,0.81848896,0.74689847,1.0780712,-0.93941939,0.36689484,0.26639777,0.15443818,-0.35842085,-0.18099897,-1.6400266,0.2698887,0.036776938,-0.47502351,0.081433751,0.35605004,0.14117841,-0.60263795,0.27879047,-0.32283646,0.1917183,-0.016039178,0.47524151,1.0703999,0.25564915,-0.053661615,0.62297344,-0.081857145,0.10628318,-0.99925411,0.30731788,-0.87899458,-0.056840092,0.76904637,-1.0179983,-0.55899811,0.39239663,0.28948769,-0.46796596,-1.1750213,0.5625571,-0.59482008,0.14865124,-1.6300244,0.32267454,-0.30086401,-0.68860543,-0.44340086,1.046593,0.48939753,-1.852692,-1.1698117,-0.36346996,0.022134354,0.20544247,-0.049220741,-0.017637929,0.46231359,0.21287273,-0.1580275,0.3122721,0.32992214,0.45951253,0.035957664,-0.32734746,0.22840777,-1.45363,0.020364869,0.32623091,0.046983041,0.2434338,0.73069692,1.590115,-0.35239494,-0.78975892,-0.31568387,0.14146584,-1.9534442,0.47690487,0.26920742,0.37372559,-0.68696499,-1.1706877,0.25336552,-0.55490476,0.76389742,0.030821986,-0.13863426,0.46733242,0.097890139,0.24300355,0.29441929,0.041405622,-0.027770996,-0.34339508,-2.2016368,-0.72921401,-0.78636956,-0.040516056,-0.76061934,0.17041633,-0.10163914,-0.23394164,0.061074253,2
0.56335127,0.3114886,0.28129682,0.57146728,0.55126512,0.58701873,0.57339334,0.53891665,0.56350791,0.57471722,0.55526727,0.56162083,0.55083233,0.53391457,0.56890124,0.55409896,0.55565953,0.58323419,0.57155275,0.53482652,0.54769272,0.54960155,0.549631,0.54808736,0.57658291,0.54415029,0.5593372,0.57400179,0.56471843,0.56259304,0.55393577,0.55954838,0.54257047,0.53713673,0.55816942,0.52632147,0.53275228,0.56315911,0.53774405,0.54557633,-1.0724318,0.24438913,0.8165772,0.76833111,1.6697791,1.9317844,1.7379398,1.108403,1.2752923,2.0083449,1.7282959,1.6045115,0.43884134,-0.20801786,-0.26253384,-0.42851108,0.77026463,0.45704162,0.46549571,0.36430037,-0.93593383,-0.095048547,-0.52628338,0.53754354,-0.85090518,-0.12551245,-0.26964727,0.7490828,0.2424458,1.442853,-0.27523327,0.26507223,-1.2564745,-0.18201287,-0.095293008,1.1249207,-1.2123476,0.65954506,0.30942518,-0.95571315,-0.056118142,-0.95305026,-0.6537782,0.46367964,1.0341148,0.82266444,0.016207272,-1.8649902,0.74746794,0.15324916,-1.0860851,0.84988964,-0.003097966,-0.034775931,0.58289403,-0.039993837,0.35991496,-0.7434808,0.064288557,0.71170813,-0.91901869,-1.2820916,0.042400286,0.63920248,-0.28935722,0.37988389,0.12916109,-0.21187595,-0.057042085,-0.29971263,0.3386471,0.75128615,-0.25754395,-0.4141928,-0.61327851,0.36671677,0.39496341,-1.1806922,0.43134895,-1.1499878,-0.40482342,-1.9806569,-1.3083935,-0.14251283,-0.48537582,0.25549501,-0.40725592,0.17943549,-0.098911166,-0.22840621,-0.84589928,-0.50289601,0.092040062,-1.3440331,-0.35846844,-0.27504912,0.034943819,0.21825235,-0.4397181,-2.0521684,0.70391285,0.52741814,0.94815266,-0.27138132,0.61078876,0.39961854,0.043515749,-0.33546993,-0.32212901,0.23686631,-0.61909848,-0.079689562,0.50153238,-0.39622486,-0.95909822,-0.019824196,-0.69393808,-0.76867831,0.3928206,-0.77333367,0.075819083,-0.75841904,0.84129143,0.71781027,-0.063493654,0.13323297,-1.849252,0.53812903,-0.0396506,-0.20225877,-0.057567116,-0.69551498,-0.079652503,-0.18780264,-0.71048242,1.143968,-0.81518739,0.20603566,0.53294098,-2.0877252,-0.092272304,0.31821585,-0.066673636,-0.68858922,-1.2018406,0.36324319,0.18881121,0.63060224,0.77811819,-0.90643287,-0.31768402,0.080091588,-0.10671991,0.10131389,0.45185161,0.14646392,-0.12760501,-1.437657,-1.8435853,-0.85896862,0.35051572,0.58706325,0.3082262,-0.39953172,-0.39072472,0.1119369,1.5120978,-0.039052717,-0.000566974,-0.5612818,-0.39155817,1.2218342,0.26395443,0.34318921,1.3962536,-0.14247696,-2.4451354,-0.064560056,0.50442219,-0.020987295,0.055039562,-1.1379104,0.16948083,-1.9015276,0.25277606,-1.6485283,0.53023005,0.013614934,-0.98278606,0.041525118,0.17233905,0.74073505,-0.25239629,-0.11577454,-3.1596155,0.39118278,-0.76088399,0.024997465,-0.16158456,0.39373916,0.60769641,0.15224558,-0.23951858,0.4890058,-1.9216619,-0.88348287,-0.34291703,0.58252275,-0.53063333,0.017548755,0.11433472,0.54236931,0.046009559,0.52991414,0.34863687,0.99857855,-1.037688,-0.32915938,0.61765611,-0.19040999,0.2750816,-0.1220027,-0.20969866,-1.3177,-0.53356642,0.13786723,-0.31879058,0.5033741,1.2909851,0.40866482,-0.47873765,0.22357148,-0.43821156,0.8233496,0.64627075,-0.39684373,0.10650387,1.7729712,0.13836063,0.30592269,-1.0883548,-0.24638031,-2.2468925,1.1278,-1.56136,-0.55549902,-0.24789584,-1.4493523,-0.44661531,0.27019283,0.17384575,0.88447672,0.72857392,0.35699013,-2.1679988,1.0940059,0.060113173,1.2918372,0.079321407,-1.0981283,-0.020113498,-1.1118835,0.67810398,0.24892464,-1.0084039,0.48797297,-2.2842622,-1.9030447,-1.4560244,-0.45369828,0.69695771,0.67309266,0.36071199,-1.1615541,0.9444387,-1.5169574,-0.12871544,0.46863997,-1.3141345,-0.013525158,0.076285094,0.63903832,-0.21779576,0.37683031,-0.18901634,0.58936554,0.060370371,0.75082576,-0.17171203,-0.11609255,-1.0255046,0.58308411,1.1652437,-0.65997136,0.64159322,0.57352108,0.48457357,-0.75778514,0.82565731,0.17551565,-1.2080183,-0.67327619,0.15056467,0.15455188,0.12486559,0.94420105,-0.31249559,-0.69890678,-0.59363788,0.023180408,0.74624854,-0.16053818,0.19151127,-0.42340842,0.29096848,1.2854714,-1.440726,0.14986533,0.39120236,-0.68985754,0.019911531,0.00479129,-1.6020733,-2.2559984,-0.13982634,0.85959673,0.073545277,-0.27209577,0.91131586,0.2187763,0.52523154,0.28217989,-0.22794735,-0.78609157,0.30614191,0.21606384,-0.1406839,-0.411035,0.31434676,0.36038002,1.4609623,-1.7598517,0.049013078,1.7700366,1.8880959,0.40433553,-1.4256358,-0.37157109,-0.61670154,-0.17667669,0.09242779,0.31250495,0.94494164,0.5456481,0.54488099,0.26763007,0.22890851,0.75438005,0.7346639,1.2115535,-1.0942582,0.32487002,0.33854726,-0.052659214,-0.42835885,-0.23926166,-1.8495877,0.37796378,0.070890337,-0.37581408,-0.033537783,0.52423561,0.22879624,-0.72426045,0.32029384,-0.18628457,0.3953791,-0.39672139,0.721861,1.2104837,0.38182586,0.048449606,0.71797729,-0.11674812,-0.009431787,-1.1395155,0.35863787,-0.77148139,0.14016154,0.85687345,-1.04071,-0.4984045,0.49525458,0.39374879,-0.80552566,-1.6196101,0.69494867,-0.62653559,-0.093687497,-1.5889952,0.37294778,-0.15347914,-0.90191698,-0.62625182,1.2696172,0.46338892,-2.1596761,-1.4167812,-0.4480992,0.060059607,0.26195845,-0.053097956,-0.006166838,0.59242606,0.31801498,-0.21342289,0.14715755,0.38449496,0.50332415,-0.11238194,-0.30732596,0.11644198,-1.6197033,0.005724012,0.48002952,0.13343257,0.26779968,0.68898147,1.2698727,-0.41730821,-0.97672474,-0.49647561,0.17625535,-2.1649508,0.41403067,0.26778418,0.50301421,-0.83091396,-1.598088,0.30005395,-0.56938791,0.47057116,-0.046397418,-0.060806438,0.80249238,0.19939303,0.39365816,0.48841295,0.029454835,-0.22749422,-0.53781837,-2.4546142,-0.71770149,-1.1902386,0.064905301,-1.1782117,0.29558125,-0.13114427,-0.37994227,0.15003343,2
0.44974828,0.16856889,0.14930743,0.51442325,0.50694203,0.53729117,0.51625156,0.49200371,0.49987483,0.51898372,0.49797338,0.5056383,0.51039529,0.48657203,0.50878274,0.49809438,0.50072801,0.52782989,0.51174194,0.49482068,0.49887201,0.49871817,0.49727982,0.48620182,0.52513695,0.49614072,0.50439864,0.49212399,0.5043968,0.50126052,0.48462847,0.51293707,0.49163201,0.48668754,0.49876273,0.4621495,0.47573456,0.50383735,0.47667706,0.47309983,-0.66836131,0.11500137,0.20962238,0.34589773,1.2139869,1.5278128,1.1091515,0.55452752,0.66611129,1.4718724,1.2449126,1.0345123,0.24242494,-0.2152328,-0.25082314,-0.31361908,0.47559011,0.28874713,0.25492635,0.20034093,-0.23842317,-0.01723133,-0.53483695,0.33868998,-0.78817624,0.024318896,-0.071720034,0.56219876,0.34584892,1.3153149,-0.17365757,0.12046021,-0.99579841,-0.24023916,0.049255311,0.665295,-1.0335397,0.46501204,0.13846171,-0.80408317,-0.15185681,-0.96653134,-0.45589873,0.26023325,0.589715,0.56441051,-0.0802854,-1.4730545,0.5562464,0.11101608,-0.84323978,0.54248703,0.045772977,-0.054719944,0.54052675,-0.044971049,0.33248711,-0.33533537,0.082060248,0.42692238,-0.61579537,-0.89222753,0.03346521,0.4588958,-0.27256033,0.13521895,0.068344876,-0.11882356,-0.18388452,-0.30706152,0.36565584,0.82815647,-0.18235441,-0.16828918,-0.27213037,0.17941403,0.031950593,-0.86554265,0.30944395,-0.92769217,-0.33392271,-1.5907359,-0.69096071,-0.048458599,-0.43583101,0.39181888,-0.40984958,0.14295879,-0.13036388,-0.057629377,-0.50110769,-0.37606233,-0.15069011,-0.89708328,-0.011589255,-0.049808264,0.15189719,0.36828765,-0.38986474,-1.3696043,0.32330787,0.34391597,0.69447201,-0.089121826,0.57098114,0.32985732,0.06355156,-0.52920693,-0.27827874,0.2681092,-0.36706245,-0.16790023,0.25839877,-0.086781405,-0.65155751,0.056493454,-0.4379648,-0.44320706,0.23510326,-0.23093459,-0.052333422,-0.60811937,0.67226297,0.63859522,0.068275973,-0.03096725,-1.5204514,0.49936852,-0.15052021,-0.1348988,-0.041811619,-0.42341021,0.070940465,-0.10172904,-0.48247948,0.83891791,-0.60612214,0.083835319,0.37795582,-1.1707051,-0.14482491,0.2892215,-0.008896656,-0.3581613,-0.77231407,0.56181818,0.096674383,0.48113987,0.82734209,-0.60289049,-0.31530043,0.038324073,-0.035786785,0.27801117,0.26509434,0.19499181,-0.12223162,-0.93949044,-1.3956081,-0.69487423,0.16646641,0.68248576,0.37354255,-0.45515317,-0.25360945,0.17717136,1.4735912,-0.22128165,0.13325869,-0.27663106,-0.19489501,0.97077191,0.068705857,0.1636522,0.84623998,0.014591413,-1.8904969,-0.13644461,0.43588606,-0.055237219,0.026270501,-0.52592045,0.1784478,-1.2125263,0.15824635,-1.0478762,0.23459876,0.13878171,-0.6985622,0.029076854,0.29789063,0.30630666,-0.25858042,-0.66420126,-2.1448672,0.2043508,-0.65767795,-0.064282723,-0.065700442,-0.081975333,0.42795995,0.054409675,-0.22417903,0.47349313,-1.2534413,-0.79216623,-0.21133691,0.31013131,-0.43758544,0.30690211,0.18294558,0.37463588,0.087986708,0.47236815,0.4286516,0.74547404,-0.8710683,-0.33446002,0.41801116,-0.14516969,0.24073854,-0.043735825,-0.20918046,-1.0282649,-0.43023694,0.05454661,-0.37218913,0.45980462,1.0265646,0.35839644,-0.40877795,0.10970095,-0.3141759,0.67809123,0.45688206,-0.38487899,0.074861735,1.5786567,0.065199725,-0.023778334,-0.5928635,-0.13919207,-1.6928892,0.88302356,-1.0458833,-0.23353742,-0.15425539,-1.3843064,-0.18230608,0.22071242,0.06802395,0.50567955,0.59962332,0.011610419,-1.5672244,0.80051887,-0.010069678,0.97761375,0.075435393,-0.91954374,-0.13137044,-0.70960385,0.4041253,0.11678575,-0.82365894,0.15012102,-1.4485878,-1.3450562,-1.1717354,-0.28885883,0.46693408,0.30035663,0.15590738,-0.71929693,0.60326791,-0.96284217,-0.073426738,0.26538819,-0.87415797,-0.035168909,0.005133798,0.47197884,0.1622532,0.37519243,0.006468728,0.37198716,-0.019438151,0.57924795,-0.049422953,-0.019395642,-0.53560543,0.29219979,0.91468441,-0.37053153,0.53087378,0.40996653,0.65311646,-0.50670916,0.49351868,0.43451092,-0.730093,-0.40307528,0.067748278,0.07418219,0.26646411,0.61425751,-0.20725933,-0.45578638,-0.45563042,0.001618374,0.48605874,-0.11257378,0.090442799,-0.20902331,0.11542048,1.0236747,-0.92171013,0.10745946,0.25725257,-0.53144711,-0.043777276,-0.2509155,-1.1326935,-1.5567081,-0.22394295,0.52079284,0.12394041,-0.16314968,0.64936221,0.20776206,0.43173087,0.13334385,-0.15567197,-0.33430466,0.14576317,0.085853279,-0.079906181,-0.66651535,0.16906238,0.088093281,1.0609907,-1.4160784,-0.062959552,1.3592366,1.4634839,0.34447235,-1.0934668,-0.10201941,-0.22888803,-0.026804147,-0.040878158,0.28412718,0.65658778,0.53562486,0.51020557,0.07157097,0.20201422,0.68696725,0.75078261,0.83853155,-0.64361745,0.18901877,0.27559283,0.20339222,-0.27431807,-0.15517122,-1.4061563,0.21117315,0.03094648,-0.3669562,-0.12659684,0.25200328,0.18875074,-0.64620203,0.19876313,-0.24470791,0.067742944,-0.008933961,0.43347529,0.78299022,0.26763177,0.042303577,0.55981612,-0.071742296,0.10606876,-0.89023715,0.29002383,-0.55958498,0.15270695,0.66731751,-0.85234976,-0.30801192,0.34202984,0.34423226,-0.39312807,-0.96523929,0.36976981,-0.60585034,0.09475933,-1.4349393,0.3364687,-0.1885829,-0.56013387,-0.4346351,0.82324702,0.46055269,-1.5800519,-0.98419732,-0.26613355,0.023580257,0.17939048,0.061523102,0.026152389,0.43479639,0.14528078,-0.11985503,0.19141616,0.42895103,0.44962499,-0.087558851,-0.047200806,0.15814501,-1.2523285,0.038966037,0.28808996,-0.002007972,0.16602722,0.53052557,0.75682455,-0.29112849,-0.71578372,-0.37832239,0.0093804,-1.7981099,0.36308381,0.31872311,0.2941063,-0.55307645,-1.0532355,0.25601271,-0.53279084,0.18936124,0.015188985,-0.088020362,0.514732,0.1154772,0.21705198,0.37792474,0.035706945,-0.084605038,-0.29339445,-1.9100851,-0.65133637,-0.65207493,-0.066382989,-0.62483174,0.1281819,-0.040507585,-0.15742898,0.080408365,2
0.4493655,0.16323301,0.14401364,0.52794456,0.51930112,0.55741167,0.53477263,0.5062393,0.51690048,0.52518362,0.50817037,0.52100515,0.51129544,0.49855793,0.51998866,0.50339472,0.51640666,0.55188268,0.53780925,0.4889147,0.51290345,0.50983834,0.50970322,0.50228858,0.53981495,0.51659417,0.51639396,0.51407611,0.52393842,0.51998621,0.50869161,0.52576578,0.4976711,0.4955197,0.50998127,0.4837929,0.49345052,0.51890612,0.49304682,0.49744958,-0.66426212,0.11298774,0.27204907,0.39608511,1.2414078,1.5511918,1.1630652,0.62436503,0.73309046,1.5274496,1.2757559,1.0999173,0.21961176,-0.20837718,-0.15109301,-0.30153251,0.49016228,0.28331947,0.29261389,0.20259501,-0.57822317,-0.045332886,-0.53508872,0.40708435,-0.82150471,-0.001384735,-0.20963976,0.67100829,0.20805229,1.4990741,-0.17706566,0.13731812,-1.0562088,-0.27549088,-0.001416907,0.59039652,-1.0549021,0.49223942,0.20662385,-0.86398762,-0.13620716,-1.0777611,-0.53664505,0.34670153,0.64824188,0.64729393,-0.043263011,-1.5640321,0.65112334,0.09858083,-0.85068113,0.49281594,0.034224827,0.089777946,0.59106696,-0.16135553,0.43970802,-0.37438327,0.008816494,0.44810194,-0.63935727,-1.0260632,0.027985085,0.45282498,-0.22202015,0.1048269,0.065570384,-0.1683307,-0.039786324,-0.32990587,0.4327527,0.81171787,-0.19157895,-0.39868474,-0.41853482,0.11045781,0.31524232,-0.95441878,0.33086064,-0.8439672,-0.38396376,-1.6772913,-0.85873997,-0.043627396,-0.43779746,0.41432571,-0.33935231,0.09150514,-0.1455846,-0.11418305,-0.66024035,-0.43875682,0.27277973,-1.0182494,-0.10275823,-0.066839486,0.14587498,0.29294035,-0.47112882,-1.5851535,0.78760123,0.37025911,0.76867926,-0.1403757,0.55160248,0.45705789,0.057575814,-0.24636643,-0.17818739,0.24091285,-0.50455534,0.094389468,0.26325262,-0.055616364,-0.65178829,0.016926855,-0.55673361,-0.51783264,0.287415,-0.3724094,-0.034776352,-0.64696062,0.69424969,0.65242791,0.13937095,-0.047865577,-1.6477268,0.73558104,0.014538392,-0.22900076,-0.059669089,-0.50085926,0.065799758,-0.13863848,-0.57812154,0.92981911,-0.66163659,0.06849502,0.46661955,-1.3253247,-0.17077737,0.27565718,0.018073924,-0.33845526,-0.84867376,0.41496038,0.19039112,0.43867511,0.88203371,-0.69498402,-0.31352535,-0.001281545,0.010392014,0.32958195,0.27231079,0.19153054,-0.01271151,-1.0869682,-1.6226772,-0.6918633,0.19357088,0.67485422,0.24119903,-0.42699593,-0.33920199,0.16695084,1.1289117,-0.10233954,0.052023709,-0.33192167,-0.20178942,1.0382001,0.070713341,0.16221529,1.2301807,-0.098420121,-2.2593219,-0.077933863,0.59595251,0.001265949,-0.039666325,-0.66934258,0.34587097,-1.3232733,0.15758318,-1.1279968,0.18377712,0.15514544,-0.76082772,-0.011069529,0.22017503,0.3930594,-0.24862342,-0.15037431,-2.3257258,0.34049824,-0.53603309,-0.10060392,-0.19386329,0.11107226,0.38826251,0.041632179,-0.19252463,0.61475676,-1.3492906,-0.8008579,-0.2689316,0.52634442,-0.41438764,0.21220508,0.21705851,0.37441888,0.11001097,0.49433878,0.35943386,0.87024015,-0.98427165,-0.36239451,0.45754609,-0.063238889,0.24304713,-0.025464557,-0.20476703,-1.1230938,-0.48542511,0.018868688,-0.38462806,0.51517028,1.2596502,0.35484028,-0.41160303,0.19096671,-0.37282705,0.55411154,0.60624659,-0.42460188,0.095409185,1.5762801,0.067199923,0.13651849,-0.74663228,-0.11718433,-1.76432,0.92825055,-1.1894997,-0.31718934,-0.2184536,-1.1878068,-0.22074808,0.18062973,0.1492233,0.54926682,0.6442498,0.2262989,-1.7303011,0.82992339,0.023677457,1.1042087,-0.06621068,-0.94999182,-0.068634674,-0.87294549,0.46601439,0.18411402,-0.7278049,0.30020687,-1.6100373,-1.4182738,-1.2632798,-0.37048984,0.45612705,0.6365512,0.16014141,-0.80682898,0.61424619,-1.1180741,-0.1937795,0.20963152,-0.9783597,0.037132867,-0.036675908,0.52450508,0.1174557,0.46173927,-0.058309659,0.40499318,-0.007746313,0.40039244,-0.011240885,-0.046950113,-0.59960067,0.30314082,1.0192641,-0.42609304,0.53325403,0.41123202,0.58277726,-0.58512133,0.81061733,0.30694047,-0.79231769,-0.52974629,0.04200216,0.14976664,0.22015578,0.75643504,-0.29122496,-0.44748321,-0.48710084,-0.053915851,0.69169712,-0.12320298,0.14173128,-0.22932421,0.088011459,1.1467299,-0.99810094,0.085519709,0.21509238,-0.5944562,0.060858928,0.37422961,-1.2279071,-1.8105061,-0.28629991,0.50995421,0.131699,-0.15281342,0.76258552,0.2323931,0.43612641,0.11651133,-0.17376345,-0.50117224,0.16607563,0.12408291,-0.14232391,-0.50805837,0.18883927,0.081082284,1.2883134,-1.5849802,-0.030763753,1.516899,1.5807177,0.35962549,-1.2132736,-0.17819309,-0.39895371,-0.073307917,0.071014285,0.33578324,0.78433263,0.64807922,0.36911517,0.24660346,0.19179633,0.63706774,0.68823051,1.1152204,-0.69812262,0.30380967,0.38315716,0.16376378,-0.31304145,-0.20083952,-1.4061772,0.21232852,0.013979137,-0.39595112,-0.089180887,0.44215006,0.26314795,-0.6151365,0.21722747,-0.27058241,0.31543976,-0.12072879,0.67846823,0.93964815,0.27506697,-0.041672256,0.57100135,-0.075877249,0.21466368,-0.98461664,0.36099917,-0.60087812,0.15076575,0.69187987,-0.99557143,-0.30193043,0.45338881,0.35927099,-0.58614069,-1.0683514,0.58211291,-0.61217117,0.031094301,-1.4332435,0.31320786,-0.19342476,-0.41031721,-0.36693352,1.0172992,0.39947504,-1.7479354,-1.0735639,-0.31427264,-0.034567714,0.19661802,-0.004533462,-0.054667283,0.48054373,0.12003694,-0.16852058,0.26581794,0.39947721,0.43619123,-0.055141754,0.051938996,0.65199655,-1.2621521,-0.000824195,0.30275351,0.005991045,0.1574136,0.58167768,0.99858791,-0.31663215,-0.79664207,-0.4516477,0.30945367,-1.8557522,0.39181507,0.30575061,0.3223812,-0.65200812,-1.2927666,0.28918222,-0.56455964,0.11578627,0.040156469,-0.12805995,0.54896891,0.079720363,0.21957368,0.36454928,0.018453605,-0.096671954,-0.39474988,-1.9999981,-0.71955788,-0.84697849,-0.078010395,-0.77039248,0.21540587,-0.12151748,-0.20830613,0.000890623,2
0.5323661,0.27817738,0.24401371,0.52021527,0.49326146,0.53927922,0.50471115,0.49124163,0.48529977,0.50899845,0.47163451,0.49643523,0.48936623,0.47818586,0.50099802,0.49306771,0.47163641,0.52104527,0.52095562,0.45869827,0.47115809,0.50290006,0.49423838,0.48270959,0.52160823,0.49598473,0.51042265,0.50973678,0.48881623,0.5097729,0.50961518,0.50688195,0.4920699,0.48156929,0.5105049,0.46437275,0.47149849,0.48246381,0.46931925,0.49248111,-0.93408871,0.20443788,0.54359853,0.55044955,1.3928214,1.756699,1.4428867,0.83496428,0.99814963,1.7462785,1.4906716,1.3241318,0.47886768,-0.27126962,-0.22377194,-0.30814201,0.7221694,0.42057374,0.42999858,0.31714845,-0.73732704,-0.023125168,-0.5601806,0.44955432,-0.61223948,-0.009347625,-0.19021638,0.65061998,0.25076741,1.4548597,-0.20418669,0.26704517,-1.1831558,-0.15449049,-0.005919505,0.88914728,-1.2338629,0.60946298,0.37316474,-0.84657037,-0.098082267,-1.2823378,-0.48530412,0.48851818,0.99225032,0.76093215,-0.039347947,-1.6930351,0.7881369,0.18396428,-0.98823035,0.83723682,0.04065986,0.007915163,0.49814308,-0.11787061,0.21123724,-0.66984832,0.17577054,0.65053654,-0.53428763,-1.1615934,0.026290767,0.59987795,-0.3281137,0.15262298,0.10813081,-0.23061393,-0.068333663,-0.34989488,0.3876673,0.82493836,-0.14849219,-0.39145458,-0.52618718,0.39315245,0.43409777,-1.1588111,0.40372849,-1.1836843,-0.46574724,-1.8987119,-1.4266562,-0.02216424,-0.49954259,0.18932959,-0.39055285,0.15944687,-0.068627506,-0.45138356,-0.86007333,-0.31810603,-0.25738209,-1.1725549,-0.095343158,-0.28488851,0.25850227,0.34163058,-0.55722988,-1.9239645,0.30981055,0.45659822,0.87681347,-0.11981311,0.57623237,0.34400001,0.051152784,-0.5545851,-0.2811363,0.25000662,-0.36723351,-0.17546026,0.47280347,-0.40353137,-0.85737443,-0.058279458,-0.76338661,-0.69437128,0.39390463,-0.33673412,0.09117721,-0.58855951,0.72559392,0.467509,0.017549179,-0.015365943,-1.7266055,0.79178655,-0.07805194,-0.17104371,-0.026418844,-0.52613515,-0.063301653,-0.1682696,-0.69397807,1.090795,-0.80749851,0.14390546,0.42858118,-1.871981,-0.064583167,0.24272951,-0.003440201,-0.58219957,-1.0796111,0.34921899,0.10892923,0.48914534,0.95920408,-0.78383148,-0.35708842,0.050434209,0.020797016,0.20099148,0.40222338,0.018170044,-0.23477538,-1.3038716,-1.6641096,-0.7554338,0.31308991,0.87072611,0.21560401,-0.43408543,-0.35818872,0.056415617,1.6093874,-0.19461736,0.12034008,-0.52596271,-0.35504705,1.1238806,0.21459168,0.28905264,1.4859589,-0.10876524,-2.2957549,-0.084299386,0.52949536,-0.00293371,-0.088263854,-1.1049391,0.21678451,-1.8530173,0.31056434,-1.4444498,0.65762854,-0.013281945,-0.80642509,0.099354446,0.28730622,0.74573863,-0.28302705,-0.38960969,-2.9879017,0.36789107,-0.75471109,0.043635726,-0.27207768,0.34900075,0.63619059,0.20178911,-0.28265658,0.78375173,-2.0610385,-0.97321117,-0.3802855,0.83529258,-0.50140589,0.056162797,0.25266373,0.49395052,0.045533456,0.52208048,0.42847094,0.817756,-0.9921093,-0.429272,0.91831201,-0.14518651,0.2581425,-0.22040525,-0.22673751,-1.2206608,-0.513372,0.10705106,-0.28936034,0.54922622,1.1865015,0.40390578,-0.44332549,0.19087297,-0.35241744,0.78855807,0.57463092,-0.35518855,0.10568553,1.811409,0.16156861,0.29270706,-1.0632788,-0.18217953,-2.2149909,1.1369338,-1.6299694,-0.29315823,-0.29915893,-1.7002473,-0.16737509,0.23467886,-0.047490016,0.42878419,0.51053971,0.37894404,-2.0948689,1.0277439,0.06648238,1.2335677,0.042907782,-1.1556125,-0.081128977,-0.97171247,0.58149797,0.15196569,-0.87526828,0.36609614,-2.1372209,-1.7014568,-1.5503492,-0.33274525,0.58731198,0.48725235,0.26825616,-1.2102555,0.89659107,-1.394333,-0.024005294,0.29946306,-1.2408178,0.004938919,0.10576091,0.57990873,-0.19162321,0.33383679,-0.09334299,0.41734609,0.029008497,0.96631324,-0.007022318,-0.081709474,-0.83668232,0.48917082,1.0445223,-0.6405791,0.76096833,0.53391033,0.68065643,-0.67081738,0.67305249,0.55610096,-1.1638782,-0.6340549,0.17053272,0.227826,0.19490241,0.9032923,-0.28634843,-0.49951935,-0.54434025,0.0123308,0.70665288,-0.15337075,0.083012804,-0.40272194,0.26299423,1.2839164,-1.4531404,0.13386576,0.32739002,-0.69260037,-0.072952047,-0.029972672,-1.6417826,-2.1271727,-0.09128923,0.63317072,-0.1089946,-0.19420573,0.83699417,0.19956988,0.52196139,0.23397326,-0.24983197,-0.8203153,0.24730851,0.10648086,-0.055355918,-0.49021369,0.26146516,0.21958244,1.381032,-1.6246501,-0.055446114,1.5713686,1.7408788,0.40345001,-1.2729988,-0.38367364,-0.90052533,-0.2018424,0.00627738,0.44598123,0.93759602,0.83675182,0.55692458,0.14867145,0.18091916,0.66080266,0.72055334,1.0966796,-0.9869746,0.20641436,0.31487188,0.20153353,-0.35525218,-0.34084946,-1.6027632,0.34395641,0.077868409,-0.35337862,-0.1396829,0.40399837,0.29131573,-0.78465819,0.39739364,-0.26963764,0.17530471,-0.29365063,0.711694,1.1238575,0.3350887,0.052782908,0.69129729,-0.18270572,-0.062797382,-1.0966959,0.43134558,-0.601354,0.171803,0.8176856,-0.83839762,-0.68695271,0.28112912,0.48682231,-0.88011312,-1.2249597,0.64735609,-0.62650746,-0.2905353,-1.5753422,0.32533398,-0.19729999,-0.69710183,-0.50948411,0.87605029,0.51360571,-2.0988598,-1.2874868,-0.47042572,0.049326375,0.28081286,0.015601192,-0.007145163,0.56690252,0.2520296,-0.10902845,0.17152452,0.28218085,0.39960518,-0.079490356,0.023987815,0.23439112,-1.5566232,0.005941081,0.54228133,0.1406607,0.25447822,0.71417761,0.99013281,-0.40948719,-0.84388971,-0.46107376,-0.034525018,-2.0060811,0.24835889,0.28487313,0.35755226,-0.74514455,-1.5063119,0.2642718,-0.58312601,-0.05204764,-0.111412,-0.056150787,0.75325298,0.2528162,0.37430272,0.56530762,-0.065937258,-0.32989287,-0.54772747,-2.4141002,-0.65629822,-1.2600671,0.016220409,-1.176102,0.20549671,-0.15857561,-0.33381021,0.16851805,2
0.42741716,0.16088977,0.15014981,0.46397424,0.43049246,0.47157329,0.45120406,0.42633039,0.43995458,0.44430584,0.42948064,0.44247481,0.43878639,0.42098036,0.44917095,0.43766689,0.45935121,0.47339085,0.44203228,0.41944218,0.42360941,0.44246817,0.4363113,0.44033438,0.44637698,0.43106455,0.43107292,0.42523769,0.44359735,0.43602988,0.43762171,0.43711254,0.42335036,0.39363858,0.43058258,0.42128849,0.41679943,0.43528301,0.41824904,0.4192284,-0.89994997,0.12621824,0.3505969,0.43496519,1.322801,1.5556142,1.2504922,0.68734318,0.82195586,1.5932035,1.3666279,1.1799067,0.29501939,-0.23322816,-0.26839164,-0.37490231,0.58148181,0.32866979,0.35536188,0.27322802,-0.54961777,-0.049581554,-0.63549805,0.32079393,-0.9150939,-0.041570146,-0.18490326,0.73147297,0.2057173,1.2566117,-0.17493229,0.17979078,-1.1305871,-0.24948174,-0.03543663,0.74376047,-1.1847401,0.52106261,0.17542103,-0.94578338,-0.11491299,-1.1484013,-0.61160481,0.42252672,0.76378101,0.62825114,-0.053385392,-1.6431534,0.59368116,0.13645245,-1.0503674,0.53485918,0.035297424,0.054362137,0.54437304,-0.075020835,0.41386244,-0.30038482,0.071319476,0.53851521,-0.82351673,-1.1336738,0.061797209,0.53503788,-0.37670732,0.35212743,0.15845829,-0.14550693,-0.10258137,-0.38045913,0.45159665,0.72521561,-0.21305516,-0.30407122,-0.2228671,0.034560353,0.19354554,-0.97093892,0.34158731,-0.88916481,-0.40200621,-1.7938277,-0.78994495,-0.070373967,-0.54830426,0.35910976,-0.358569,0.15335508,-0.1195882,0.022700861,-0.82025158,-0.57782722,-0.015104633,-1.0717362,-0.1507937,-0.088578813,0.065672994,0.35919178,-0.4683463,-1.5764819,0.44812226,0.44227174,0.7825858,-0.1739552,0.54130292,0.30683655,0.029030181,-0.38942122,-0.3762244,0.40035802,-0.49355954,-0.25040445,0.32735193,-0.19509967,-0.77618879,0.061963901,-0.49628198,-0.5394249,0.26828411,-0.36737639,-0.068301097,-0.71445024,0.74589574,0.60365671,0.094939083,-0.008480351,-1.6924763,0.47038466,-0.083668999,-0.092998989,-0.002752077,-0.53356731,0.082209989,-0.089912191,-0.66234905,0.95653099,-0.70595074,0.1340695,0.43087775,-1.424363,-0.16271749,0.37326181,-0.080608428,-0.34750789,-0.89700747,0.52692521,0.084571004,0.54083902,0.86978126,-0.79900825,-0.3360869,0.061282925,0.10710303,0.26521552,0.26562715,0.071642108,-0.13338652,-1.1930856,-1.7165585,-0.79832143,0.26327586,0.80281174,0.41076878,-0.47700444,-0.34715608,0.16040429,1.3210832,-0.21038911,0.087897122,-0.30361968,-0.17041399,0.94293582,0.13858491,0.23854986,1.2299286,-0.15822916,-2.3323922,-0.15631869,0.58473676,0.089267857,-0.008623056,-0.56688088,0.13370231,-1.463007,0.12456648,-1.2875981,0.18567148,0.21638583,-0.84704161,0.027220879,0.26176059,0.39535916,-0.095629804,-0.37927103,-2.3742371,0.20908841,-0.63329017,-0.082570858,-0.055224583,0.045915887,0.47896963,0.11874326,-0.31727034,0.45451897,-1.3146906,-0.84735441,-0.33056071,0.40131164,-0.56875825,0.22151393,0.27834624,0.39836746,0.094358876,0.53071117,0.36446124,0.8459453,-1.0140365,-0.36304834,0.53132552,-0.13968344,0.24753806,-0.10930844,-0.23989847,-1.2339733,-0.44668871,0.096996993,-0.48918495,0.46397701,1.1428738,0.43868142,-0.45527622,0.13228987,-0.37712651,0.6366781,0.49346018,-0.46740413,0.11310675,1.752534,0.17812312,0.28675672,-0.68133193,-0.15143645,-1.8964887,0.99054521,-1.0639592,-0.2361872,-0.27442077,-1.4505675,-0.42938271,0.25803402,0.14773588,0.64323026,0.51598263,0.26170927,-1.8239156,0.88464689,0.037116401,1.0486289,0.001200981,-1.1702482,-0.001482099,-0.83330315,0.5016824,0.32473212,-0.9511978,0.2247002,-1.6166352,-1.5678582,-1.3228166,-0.41607606,0.62797868,0.77447987,0.19401389,-0.77500886,0.69123054,-1.1566541,-0.15524045,0.31803614,-1.0105766,-0.14039701,0.05637747,0.46198112,0.14777212,0.43206796,-0.085383415,0.53660727,0.074187025,0.31888139,-0.005371261,-0.072045602,-0.74527907,0.38267633,1.1078153,-0.52052724,0.56251168,0.47935322,0.62750381,-0.6372683,0.49099469,0.19198433,-0.84356827,-0.45978987,0.080693573,0.097594693,0.15535653,0.75486541,-0.21916242,-0.55994934,-0.57430506,-0.00099213,0.50084728,-0.080040962,0.21013927,-0.27393275,0.16242637,1.1245321,-0.96383059,0.14821641,0.30022764,-0.655756,0.064540386,-0.32956722,-1.1730533,-1.8082671,-0.26955539,0.58975995,0.14374582,-0.16187498,0.67876101,0.27351591,0.48501575,0.18866482,-0.14302982,-0.31419677,0.25440854,0.17718306,-0.24074772,-0.64298189,0.18080951,0.1578076,1.2493606,-1.6015806,-0.1474323,1.4054463,1.690557,0.37348849,-1.2999545,-0.17432733,-0.23246002,-0.10338605,-0.040769227,0.32334715,0.79144251,0.6859827,0.62133348,0.16812649,0.17615412,0.67679292,0.76020753,1.1147704,-0.87783498,0.33563662,0.29950666,0.20800915,-0.32574528,-0.21112204,-1.4502935,0.29747963,0.011767644,-0.35993031,-0.13519822,0.2735101,0.14045061,-0.6798141,0.26486337,-0.30418032,0.3669247,-0.074762404,0.48324543,0.90345746,0.24220376,-0.005875505,0.65104938,0.058525488,0.098296665,-0.98680449,0.27912214,-0.74953264,0.081970602,0.73912966,-1.0252151,-0.39218473,0.42432386,0.29511341,-0.50302881,-1.0737853,0.50618601,-0.57158822,0.23103337,-1.6323369,0.32520452,-0.28066382,-0.49479568,-0.4816978,0.98232275,0.37470606,-1.8363428,-1.2091464,-0.3453058,0.013788531,0.20501179,-0.025563456,0.008676466,0.46500123,0.11216491,-0.18089554,0.28875211,0.38166666,0.33437678,-0.13108008,-0.24206385,0.61500847,-1.4401028,0.01706982,0.32191494,0.015824698,0.21551469,0.68432587,0.98387438,-0.42537361,-0.8533864,-0.35012352,0.065076977,-1.840644,0.45935342,0.45767608,0.39681077,-0.67500222,-1.2226658,0.21726786,-0.64843822,0.35795012,0.018533073,-0.11272763,0.52575314,0.19345953,0.2841571,0.33134475,0.070470884,-0.055176325,-0.36416623,-2.1822808,-0.66220176,-0.7652657,-0.11089456,-0.77315801,0.30366814,-0.070083126,-0.20336142,0.04247712,2
0.49392706,0.25344104,0.23200805,0.53518164,0.53395712,0.55477494,0.52746439,0.51384807,0.51527315,0.54094982,0.51428878,0.53493202,0.5223062,0.50871003,0.54111588,0.52332044,0.52290487,0.55269122,0.54015917,0.51068521,0.52273113,0.52196288,0.52089107,0.51271886,0.54064572,0.51768875,0.53278518,0.51905006,0.53156018,0.53770423,0.51576227,0.53290045,0.51674032,0.50982559,0.53009635,0.50132239,0.49976784,0.52080297,0.50673723,0.51111293,-0.89941138,0.20092352,0.4660092,0.52051264,1.4297605,1.7272344,1.3794785,0.80188388,0.93825418,1.7190742,1.4642897,1.28995,0.27933711,-0.23675528,-0.31607652,-0.28095648,0.57593751,0.35934365,0.33777082,0.27058423,-0.68063372,-0.01922876,-0.63691884,0.38651484,-0.89093274,0.034346327,-0.22796273,0.56266111,0.28416032,1.187613,-0.18177135,0.20703322,-1.1879995,-0.2180234,-0.034622505,0.8993665,-1.1953423,0.48980212,0.23726489,-0.91768563,-0.10090731,-1.0748913,-0.61763334,0.47820953,0.81091881,0.60846454,-0.040583558,-1.7252254,0.59713352,0.11748355,-1.0287701,0.76903713,0.018409483,0.092801541,0.5791558,-0.015130073,0.39842799,-0.30025476,0.055054247,0.51380724,-0.69695747,-1.0639584,0.064481758,0.5324564,-0.34598807,0.17286794,0.17308822,-0.141545,-0.059351116,-0.32206881,0.40923977,0.80401528,-0.21230373,-0.28496441,-0.26434696,0.02370581,0.29002503,-1.0330095,0.3698369,-0.9824627,-0.43298241,-1.8086481,-0.90300471,-0.0170075,-0.45837176,0.4174059,-0.400731,0.19551279,-0.11502386,-0.078642562,-0.7392835,-0.46743,0.07750579,-1.0774791,-0.14297472,0.022098705,0.083003521,0.30511087,-0.46929124,-1.5792148,0.42381003,0.42132282,0.82273102,-0.18605301,0.53548241,0.28984883,0.054150119,-0.44738904,-0.35031104,0.26168713,-0.59014583,-0.2186227,0.37249547,-0.17532314,-0.79376286,-0.004305035,-0.46205029,-0.59019411,0.063821197,-0.32668096,-0.010243103,-0.8188045,0.75173378,0.53585374,0.15185146,-0.060892891,-1.6540884,0.42502958,-0.007005796,-0.16963628,-0.034704052,-0.55187082,0.02760528,-0.091579825,-0.65390289,0.98541725,-0.61549395,0.1187675,0.44948235,-1.4079024,-0.16793631,0.37447378,-0.12355307,-0.43168154,-0.86985999,0.58940697,0.11778292,0.3780413,0.94238985,-0.79426831,-0.27600592,0.11359914,0.012886506,0.21562989,0.31795877,0.1835545,-0.15778139,-1.2779781,-1.778015,-0.78997594,0.27072677,0.43792078,0.31636894,-0.45360017,-0.34330583,0.19092788,1.4327997,-0.29878047,0.071579248,-0.2931754,-0.14522757,0.9674539,0.14143288,0.22599596,1.4682761,-0.048961326,-2.2756371,-0.15188313,0.54825372,0.032198671,0.047025479,-0.57904017,0.068277501,-1.4662913,0.18211843,-1.1281564,0.33330566,0.20217805,-0.84807104,0.028275909,0.021146089,0.55709708,-0.2407141,-0.23093703,-2.4834886,0.20143308,-0.80994111,-0.049303789,-0.071391851,0.060923345,0.5202533,0.14712775,-0.2367795,0.23474729,-1.3346248,-0.74230421,-0.25642833,0.54753286,-0.4848814,0.16327557,0.22941406,0.4097442,0.025649365,0.55166394,0.35616699,0.76730132,-0.95469654,-0.30505794,0.49774158,-0.11506819,0.2191118,-0.062851712,-0.155388,-1.2702786,-0.50690335,0.059321463,-0.42971045,0.415838,1.015505,0.3748346,-0.45988768,0.15240932,-0.3777802,0.56787807,0.43695763,-0.44288546,0.14100231,1.5541345,0.11102848,0.2085216,-0.83988667,-0.15933743,-1.9935142,0.92840785,-1.0945759,-0.24366139,-0.1256658,-1.3639307,-0.45526317,0.18998827,0.16967027,0.52234852,0.40679905,0.19702591,-1.8758832,0.94119513,0.062931821,0.94018447,-0.026282132,-1.1113636,-0.048822075,-0.94918895,0.6023832,0.28694236,-0.86317796,0.28421167,-1.6321418,-1.5751833,-1.3623834,-0.4526422,0.43077478,0.55016857,0.26486674,-0.86628491,0.73044795,-1.1342425,-0.12151465,0.23627269,-1.0045309,-0.076956645,0.03806274,0.46429375,0.10222173,0.465166,-0.12183842,0.44394571,0.10493498,0.56400001,0.036498494,-0.10559597,-0.75964975,0.38052338,1.0091444,-0.48969862,0.56301492,0.48861286,0.51995158,-0.63331389,0.56904376,0.15182379,-0.85242254,-0.5818063,0.1508702,0.079106562,0.15451755,0.8097381,-0.2612682,-0.53927177,-0.59573311,0.009369925,0.43919429,-0.056588948,0.12229341,-0.31240314,0.19496356,1.1278586,-0.93603122,0.15523551,0.27716494,-0.66703397,0.009831466,-0.19867504,-1.1914269,-1.8570088,-0.27836475,0.66058433,0.097584069,-0.2170054,0.8423959,0.32779929,0.46342209,0.21739639,-0.16355586,-0.37884521,0.23232692,0.033174753,-0.16413635,-0.67632014,0.22869499,0.22756179,1.1728768,-1.5959334,-0.016924625,1.3383083,1.6611538,0.35270476,-1.3385623,-0.21523094,-0.29963773,-0.14379917,-0.030225545,0.3291969,0.67547244,0.20705456,0.48847699,0.17337066,0.22817945,0.68512613,0.7663756,1.0824881,-0.87666321,0.41448003,0.23464362,0.181362,-0.34529948,-0.18406381,-1.6674243,0.30346906,0.03736949,-0.33363947,-0.068077371,0.24565995,0.20364317,-0.69227886,0.257393,-0.21959034,0.098703325,-0.044020884,0.41366243,0.89971536,0.30597711,0.048473425,0.63928729,-0.15524752,0.088845529,-0.96371156,0.26719457,-0.7856378,0.070887893,0.63626283,-0.92714685,-0.30532768,0.50777888,0.37089595,-0.49487108,-1.2041142,0.59118009,-0.55910599,0.21931483,-1.654017,0.34795481,-0.26382792,-0.65286094,-0.52450377,1.0128088,0.52494705,-1.7427295,-1.0942732,-0.37427756,0.019040514,0.18147103,-0.11772196,0.025968665,0.46419612,0.19865152,-0.19119237,0.28374788,0.3646636,0.38209569,-0.039277025,-0.36480775,0.20315602,-1.4642283,-0.020361595,0.33316696,0.052220553,0.23216125,0.71336448,1.1439847,-0.33183268,-0.8003276,-0.45400906,-0.059650443,-1.9154189,0.39969295,0.41558456,0.38751638,-0.74422991,-1.2237376,0.18964058,-0.54727173,0.32605779,0.064777769,-0.099678889,0.51133084,0.17809337,0.29289338,0.41583517,0.039300241,-0.063926838,-0.30163491,-2.2187383,-0.69118387,-0.74085504,-0.024672836,-0.72553211,0.14614686,-0.089517668,-0.23078595,0.094273455,2
0.52937305,0.27292919,0.199232,0.50583971,0.47851002,0.5162456,0.47182727,0.45841557,0.47984266,0.48285037,0.47055238,0.46463037,0.45691603,0.43264091,0.46674377,0.45859635,0.44580215,0.49344143,0.49020475,0.43174142,0.44921786,0.47042531,0.45733935,0.44739351,0.38169834,0.46279407,0.48766279,0.46595392,0.46133864,0.46348432,0.46179056,0.44931626,0.44565612,0.43939191,0.46118599,0.41386127,0.42732286,0.44476372,0.42240366,0.44444144,-1.0332036,0.1572568,0.60060287,0.61843264,1.4878967,1.8160869,1.5322154,0.92314589,1.0557607,1.8444998,1.5622644,1.4047263,0.48935562,-0.2225154,-0.22699139,-0.38594878,0.80882269,0.49701384,0.43241799,0.38777533,-0.95295531,-0.012977965,-0.4910776,0.58458632,-0.97357583,-0.103096,-0.26079908,0.70853162,0.34802926,1.5034451,-0.15656264,0.22235748,-1.2273893,-0.16543035,0.006682761,1.1456928,-1.2284974,0.70920438,0.27601364,-0.92063099,-0.069352016,-1.1490417,-0.56101042,0.53035808,1.1090199,0.76961678,0.063923329,-1.6833249,0.66562629,0.1344002,-1.0637569,0.71678412,0.053079411,-0.036728993,0.56210446,-0.023076668,0.42777407,-0.59335452,0.1401697,0.70851839,-0.69019741,-1.1435966,0.066151574,0.54875124,-0.39648142,0.40983683,0.034558106,-0.22564106,-0.090862945,-0.3009063,0.42678499,0.95143998,-0.17131649,-0.46724027,-0.45314026,0.28456369,0.44644505,-1.0926301,0.41827941,-1.107267,-0.36486608,-1.8794931,-1.0769613,-0.04584568,-0.52689695,0.20339119,-0.40390983,0.16671751,-0.072148539,-0.26685753,-0.82635993,-0.50576591,-0.17650011,-1.1635344,-0.047469847,-0.31528232,0.10488727,0.17848451,-0.46266204,-1.8473544,0.30428383,0.51728094,0.75796628,-0.17364734,0.58781016,0.31436405,0.024133936,-0.45323914,-0.44061494,0.42042235,-0.6513561,-0.4071489,0.51683152,-0.36902314,-0.93323368,-0.040741421,-0.66292715,-0.80147362,0.35574609,-0.47925282,0.049596909,-0.62214428,0.74163437,0.50651711,-0.023604766,-0.010602754,-1.7694536,0.58375245,-0.14542484,-0.1571289,-0.060603127,-0.57164598,0.002706736,-0.1594345,-0.72712946,1.017038,-0.81258839,0.15764721,0.4917731,-2.075491,-0.096189983,0.36154175,-0.080518596,-0.49059078,-1.175228,0.49647716,0.045962274,0.26033738,0.7855587,-0.79612851,-0.23621385,0.14160042,0.13525593,0.17528392,0.30339232,0.10860651,-0.060360096,-1.3554718,-1.7696066,-0.71570313,0.30470845,0.730591,0.34526438,-0.49116409,-0.40230316,0.13113353,1.6541675,-0.026551992,0.10197362,-0.49708796,-0.41796333,1.1317844,0.31088799,0.35383922,1.2417367,-0.17974415,-2.123729,-0.14097252,0.4537791,-0.013625581,-0.1653834,-1.0097616,0.11790221,-1.7324387,0.1703696,-1.5081096,0.4706884,0.024491133,-0.86770725,0.17202292,0.27918032,0.56860042,-0.11529268,-0.33784574,-2.8489037,0.31914294,-0.82137942,0.12631176,-0.14065269,-0.013957694,0.58166075,0.2223856,-0.20906271,0.59811836,-1.6761118,-0.93697244,-0.29610786,0.42618042,-0.52920043,0.15320878,0.21620059,0.44831109,0.019142415,0.49229863,0.37011388,0.82935685,-0.85412723,-0.39863369,0.50636256,-0.021806471,0.24353774,-0.19317414,-0.31330153,-1.186879,-0.53125376,0.17530145,-0.4038403,0.51389343,1.1711813,0.45266554,-0.49653363,0.053001743,-0.37191811,0.51842296,0.51006365,-0.38229162,0.090793751,1.8539509,0.10703346,0.065927058,-0.97635585,-0.21720253,-2.0794446,1.2130926,-1.4174694,-0.42635036,-0.23094346,-1.7380239,-0.23479193,0.26208186,0.18121569,0.59567302,0.57547563,0.28503448,-2.0114448,1.0875455,0.22444549,1.1678368,-0.055813391,-1.1492407,-0.13156191,-0.90038693,0.60982788,0.29535168,-0.96233225,0.22565983,-1.971691,-1.7797511,-1.6480818,-0.40778574,0.52073985,0.45880476,0.31665528,-1.1015987,0.97157192,-1.3899161,-0.12093807,0.3052229,-1.3757837,-0.078809738,0.021111049,0.51205397,-0.17656754,0.34111464,-0.072272748,0.67976195,0.10570234,0.80824178,0.23280749,-0.14311147,-0.87782204,0.54239976,1.0995412,-0.68677247,0.60077482,0.5822764,0.63845289,-0.70692819,0.58769256,0.38885641,-1.1803679,-0.49336505,0.17459702,0.080864586,0.14795525,1.0390167,-0.34369251,-0.57847154,-0.58529693,-0.01707663,0.6154117,-0.38833773,0.049192499,-0.39006621,0.18669891,1.1416286,-1.1571134,0.22330122,0.32336476,-0.735066,-0.064518385,-0.38359398,-1.5925577,-2.0368373,-0.38095891,0.70528853,0.051544309,-0.27041417,0.8324331,0.22320446,0.62733692,0.2976613,-0.34866109,-0.6756227,0.24229337,0.074934036,-0.1696631,-0.64160728,0.27716255,0.14618576,1.3795459,-1.8029201,-0.061998546,1.666984,1.8334626,0.50835145,-1.3277268,-0.32583266,-0.51090395,-0.1666806,-0.010536052,0.37873602,0.96335292,0.85524982,0.53939492,0.14751093,0.20397285,0.85703969,0.78087437,1.0653855,-0.97206348,0.31334659,0.32298061,0.20016931,-0.3585754,-0.2021734,-1.7025037,0.44637546,0.005244069,-0.38927919,-0.26493496,0.22699004,0.17091019,-0.83258492,0.33530885,-0.36874282,0.085150838,-0.31941718,0.57469249,0.89830935,0.3384307,0.11273807,0.60553157,0.15737568,-0.11153608,-1.1646968,0.3656584,-0.63982785,0.19897276,0.75793064,-1.0479858,-0.48694214,0.43013978,0.37837106,-0.62484562,-1.2569449,0.57758063,-0.68768328,0.021978784,-1.504135,0.3207826,-0.16117132,-0.57473475,-0.64735973,1.1099355,0.39834943,-2.0494144,-1.2255764,-0.40094101,-0.006211769,0.26790738,0.053332523,0.11584363,0.56088644,0.85764325,-0.16527359,0.16000095,0.41149056,0.41190112,0.00410372,-0.080722257,0.32838151,-1.5464982,-0.054818962,0.45296198,0.093985073,0.25915945,0.70167297,0.96618587,-0.51451421,-0.8937372,-0.40846637,-0.002665045,-2.0309756,0.23944223,0.37361252,0.48992732,-0.87726808,-1.575994,0.25827619,-0.63217145,0.17033747,0.010486096,0.12114935,0.58810878,0.15348405,0.45877856,0.50435483,0.007354211,-0.21850282,-0.46875769,-2.3848915,-0.67755133,-0.96659839,0.11397152,-1.0359734,0.15476108,-0.14912391,-0.36367458,0.17666264,2
0.49921292,0.24815172,0.22236525,0.53340977,0.52350587,0.56328571,0.5310353,0.50974512,0.51895976,0.53713751,0.52136111,0.52633232,0.52051061,0.50429899,0.5274927,0.51433265,0.51154315,0.55819905,0.54282832,0.49406672,0.50865805,0.52634138,0.5243178,0.50931883,0.53823495,0.52350849,0.53651506,0.53506505,0.52674776,0.53423429,0.53120959,0.52715266,0.516119,0.50410116,0.52968872,0.50136524,0.50279814,0.51482415,0.50651681,0.50949228,-0.86771846,0.16836047,0.35046715,0.43934602,1.3149085,1.6460345,1.2453941,0.67992461,0.80955583,1.5962565,1.3698838,1.1660229,0.28018269,-0.22622569,-0.35422212,-0.33860856,0.58967489,0.36682349,0.3288886,0.27826568,-0.46157914,-0.077148199,-0.59732497,0.30484152,-0.89430821,-0.17325273,-0.17803411,0.5999077,0.26770523,1.228236,-0.15565598,0.18082261,-1.1264995,-0.21867394,-0.092389427,0.80401212,-1.1740196,0.55884564,0.21445805,-0.82808548,-0.09709166,-1.081117,-0.58887047,0.52497178,0.81695485,0.63298738,-0.005239758,-1.631984,0.55824274,0.13617037,-1.0149494,0.76443362,0.047235612,0.017634481,0.43069923,-0.090682909,0.37994483,-0.2611227,0.054217927,0.53683519,-0.76619267,-1.0135487,0.0609628,0.5519278,-0.27479789,0.17516114,0.15003654,-0.15749021,-0.11261585,-0.29555899,0.35229287,0.70082033,-0.23103793,-0.47759116,-0.15839612,0.27068865,0.27074939,-0.93967956,0.31931502,-0.94369638,-0.38562161,-1.7233562,-0.80497837,-0.10581013,-0.48209724,0.2912367,-0.30604237,0.09166906,-0.096745968,0.021205053,-0.73133612,-0.48322684,-0.20941721,-1.0144856,-0.11664256,0.034409583,0.027285516,0.32343876,-0.35531229,-1.5142831,0.13323796,0.38851085,0.79642195,-0.18626544,0.5708226,0.33328149,-0.004281685,-0.53302431,-0.37900478,0.27919397,-0.57636529,-0.30601424,0.34918481,-0.15669495,-0.66304106,0.11204779,-0.43820548,-0.4334434,0.27199763,-0.28168249,-0.024260288,-0.70503259,0.71479219,0.53056592,0.18426511,-0.028140131,-1.5165453,0.46446109,-0.053817049,-0.12595412,-0.013010565,-0.5151338,0.07473366,-0.12233306,-0.69100446,0.89121866,-0.6960668,0.13103323,0.38026249,-1.2801857,-0.12579401,0.29783738,-0.097074337,-0.36221737,-0.84658575,0.46072617,0.082890809,0.42445961,0.84397739,-0.77770275,-0.31376919,0.050338738,0.018825831,0.18011844,0.36534226,0.11229008,-0.15842441,-1.1532692,-1.6025391,-0.72538948,0.22107676,0.6717521,0.39297292,-0.40795901,-0.37198663,0.15992953,1.3578212,-0.21529263,0.06046224,-0.25908324,-0.18660486,0.91046584,0.18772586,0.21176094,1.1708816,-0.11020453,-2.1803634,-0.16798943,0.32023412,0.053086072,-0.040190034,-0.64335006,0.098549619,-1.3482292,0.17374578,-1.1133416,0.26735771,0.15720335,-0.8812356,0.035495646,0.14655191,0.46673504,-0.23285227,-0.44304669,-2.3024869,0.28931999,-0.7692852,-0.020683512,-0.078053832,0.097991906,0.50060838,0.11154637,-0.22246519,0.40804082,-1.2411535,-0.76014286,-0.31272542,0.34372473,-0.44826901,0.26179564,0.22734159,0.38793129,0.067015104,0.51597244,0.39371386,0.69786996,-0.91397864,-0.30307838,0.27329248,-0.15748173,0.24193558,-0.093460925,-0.19626547,-1.1907674,-0.43944511,0.11245675,-0.38684073,0.46336761,0.93699676,0.38863051,-0.42258176,0.10017289,-0.34527412,0.58211774,0.38978359,-0.41196123,0.090158708,1.6327419,0.11896558,0.20087191,-0.79415178,-0.1389153,-1.8712469,0.98332316,-1.0284511,-0.24111503,-0.15586169,-1.5254852,-0.31064591,0.17624186,0.14494973,0.4170199,0.47495955,0.20332196,-1.8315804,0.88075542,0.029590525,0.99860561,-0.061904814,-1.1161971,0.002142966,-0.89796782,0.45957553,0.18649617,-0.85925376,0.26235223,-1.6340356,-1.3792399,-1.2601663,-0.43631276,0.47935247,0.28803909,0.19591549,-0.8586871,0.72797716,-1.0061698,-0.025886685,0.30615768,-1.0388505,-0.10675162,0.02064809,0.53958702,0.1104601,0.35717103,-0.074791029,0.47604564,0.032093812,0.57711166,-0.06427329,-0.013759956,-0.62392199,0.39361811,1.0324042,-0.44425631,0.53626895,0.45697767,0.50754327,-0.65241122,0.49828792,0.27315545,-0.69361269,-0.4922868,0.074289255,0.05488506,0.099104449,0.70694494,-0.24180439,-0.51761109,-0.54797715,-0.004054931,0.46938512,-0.10449286,0.05263792,-0.30382836,0.18858638,0.91115284,-0.80528766,0.13984014,0.29555237,-0.6033327,-0.000547824,-0.27692571,-1.1056699,-1.8009386,-0.19308789,0.57661086,0.068259805,-0.23068658,0.66348314,0.26741296,0.48265782,0.18729244,-0.12800816,-0.46398851,0.18278684,0.072066352,-0.1625164,-0.67822123,0.22704655,0.15195167,1.2456481,-1.6061072,0.058887467,1.4278734,1.6022222,0.29779735,-1.3086644,-0.2237944,-0.32528475,-0.13748789,-0.071133181,0.25697634,0.68931621,0.60751414,0.52866554,0.075192541,0.25907424,0.58234751,0.70996821,0.91351664,-0.89035767,0.23126087,0.20855442,0.20000502,-0.33229759,-0.19828416,-1.5897586,0.30232018,-0.003614139,-0.30176878,-0.18380249,0.12773351,0.16830403,-0.63685095,0.29058698,-0.23992799,-0.065506548,-0.045273319,0.2106865,0.92801881,0.35323372,0.022076409,0.55291325,-0.029637143,0.10335328,-0.89666545,0.29958189,-0.78717256,0.13345936,0.67987186,-0.89745039,-0.4191668,0.39461029,0.30019471,-0.46591425,-1.0486127,0.52819699,-0.60516077,0.23726434,-1.4886599,0.29295203,-0.18795064,-0.57556969,-0.46912062,0.85553402,0.42298836,-1.7862023,-1.1273533,-0.38265741,0.025385499,0.18137325,-0.010575593,0.003134457,0.48212889,0.20153643,-0.093866929,0.27660114,0.42719686,0.39383456,-0.082737118,-0.10945734,0.25828022,-1.3539603,-0.010033134,0.29933631,0.058677752,0.2037583,0.64329207,1.0540432,-0.34592962,-0.80272454,-0.39995328,-0.20495379,-1.9100164,0.4608463,0.34190685,0.35191667,-0.69539714,-1.2690781,0.2858012,-0.53476131,0.26471147,-0.032278098,-0.095807016,0.52680182,0.14953434,0.28205979,0.34214395,0.044034828,-0.11169851,-0.28053772,-2.0344272,-0.62660354,-0.781564,-0.051943265,-0.75175387,0.21495758,-0.15882528,-0.21302299,0.11250154,2
0.4906711,0.260571,0.23399732,0.51553404,0.49897897,0.52432436,0.50854671,0.48997566,0.5059604,0.50848067,0.49692088,0.50583076,0.50399143,0.49620709,0.50603747,0.49352172,0.49879187,0.52429593,0.49644399,0.48131767,0.46864444,0.49179399,0.48055685,0.48461953,0.49084115,0.47875744,0.48600453,0.47371739,0.48733205,0.486857,0.47975022,0.47194886,0.47369254,0.47314334,0.47278553,0.4590252,0.45012873,0.4654052,0.44636875,0.46541739,-0.86588985,0.22034217,0.44165701,0.52109271,1.422307,1.7529134,1.3776929,0.79260987,0.91830975,1.7267547,1.4738901,1.2825021,0.29852223,-0.19834198,-0.28538823,-0.31630445,0.57942581,0.33313766,0.35758072,0.29903251,-0.36864868,-0.025278794,-0.64922345,0.35711679,-0.82394475,-0.10657331,-0.20748502,0.60762393,0.2059623,1.4200698,-0.19410124,0.19328587,-1.1305157,-0.22445184,-0.06813179,0.84229881,-1.1393723,0.53521895,0.3130703,-0.89226252,-0.1437784,-1.2314651,-0.57168061,0.41927189,0.86356765,0.66418105,-0.027977873,-1.6496499,0.62651646,0.095343933,-0.98308468,0.66619509,0.03739395,0.13980757,0.53412879,-0.12384778,0.42786616,-0.3376545,0.025230756,0.55500257,-0.54652292,-1.0774559,0.059247565,0.50222778,-0.22931141,0.16190447,0.11118259,-0.19603458,-0.075226411,-0.27242088,0.38123798,0.82428962,-0.20495392,-0.4500716,-0.47654718,0.23133922,0.44297552,-1.0563824,0.40735272,-1.0602595,-0.3602089,-1.7853622,-0.93149257,-0.048345935,-0.55358553,0.37147489,-0.36519337,0.16915756,-0.17390974,-0.21950881,-0.68795663,-0.45039159,0.190418,-1.07143,-0.13307388,-0.082233451,0.13568294,0.34380016,-0.47655636,-1.554561,0.3488296,0.4531689,0.80817294,-0.16104062,0.50506335,0.40789813,0.091202408,-0.24457617,-0.26674166,0.27865377,-0.52790576,-0.13642199,0.35778815,-0.2706489,-0.72165215,0.043874405,-0.61711204,-0.5713324,0.29439682,-0.32299972,-0.025414987,-0.72323298,0.72229242,0.55160326,0.14732596,0.040487036,-1.6958601,0.53207302,0.010233507,-0.17369533,-0.063255675,-0.48349214,0.009137213,-0.13650396,-0.64009356,1.0335914,-0.67057693,0.11630049,0.4695119,-1.3765033,-0.15838505,0.26744902,-0.11577831,-0.5409863,-0.87087834,0.36813119,0.089957207,0.4208656,1.096579,-0.74423325,-0.32943946,0.021942267,0.081860296,0.19839448,0.32024747,0.15576732,-0.095197514,-1.2348906,-1.7923658,-0.69951946,0.22967218,0.57890934,0.25865877,-0.42601109,-0.3767125,0.084201768,1.5310373,-0.15713066,0.11961182,-0.19776353,-0.26087391,0.95292073,0.1137361,0.22232813,1.3494534,-0.12525752,-2.1951365,-0.051063418,0.44702944,0.009325367,-0.068591148,-0.72282559,0.080064528,-1.4270822,0.2204634,-1.1053061,0.36735129,0.077314928,-0.86175704,0.000503888,0.23401606,0.5919475,-0.21124519,-0.28297237,-2.4751902,0.27209067,-0.65514112,-0.053753227,-0.038680449,0.11524633,0.58086747,0.058582615,-0.2664527,0.74197751,-1.5431356,-0.78209585,-0.3069919,0.33279535,-0.39164075,0.090014815,0.24332662,0.47008765,0.073149219,0.4897052,0.48916483,0.71098632,-0.92113602,-0.32038847,0.53695148,-0.075231753,0.20245984,-0.01061853,-0.29744643,-1.2889802,-0.46890378,0.048768662,-0.40741923,0.45082581,1.1059433,0.37105855,-0.46401581,0.17167231,-0.371272,0.66256672,0.46532097,-0.43700293,0.086865023,1.7338459,0.1195713,0.16550694,-0.873703,-0.18505438,-1.8780682,1.0549738,-1.335644,-0.19399247,-0.16013417,-1.4116162,-0.22003284,0.17838189,0.25959963,0.67494977,0.45223638,0.30872351,-1.8035737,0.97208202,0.034670167,1.0893226,-0.020980217,-1.2240933,-0.043609113,-0.95195442,0.57403338,0.29968569,-0.82962418,0.31232241,-1.7007939,-1.432783,-1.370712,-0.39201948,0.44210988,0.61579067,0.25724971,-0.88050157,0.71939564,-1.1828533,-0.17562911,0.27756578,-1.1610858,-0.052247427,0.013346551,0.46147406,0.13545959,0.35944122,-0.076346874,0.50829297,0.010880491,0.82980335,-0.050122477,-0.11972857,-0.61686587,0.35658786,1.0073166,-0.54898286,0.60821778,0.50167787,0.54970396,-0.59253848,0.52089053,0.29371172,-0.831532,-0.63594037,0.070487745,0.13439663,0.16303639,0.76546121,-0.29749146,-0.44887891,-0.59868664,-0.040007323,0.43869978,-0.20976016,0.11338861,-0.34944493,0.17195943,1.1261752,-1.0559547,0.17137936,0.26684728,-0.54549664,-0.059282228,-0.31138074,-1.3345138,-2.0029678,-0.078030087,0.71806151,0.057519227,-0.17166191,0.72974247,0.25402278,0.48178127,0.27285227,-0.1638443,-0.61054921,0.2056473,0.049922682,-0.14038812,-0.43362308,0.29243636,0.17497155,1.3992126,-1.663124,-0.030906007,1.4875582,1.763849,0.39311787,-1.3584445,-0.27703205,-0.46272415,-0.20453456,-0.017238852,0.40187085,0.86103719,0.73795986,0.42810944,0.14342256,0.24091609,0.70761651,0.62743616,1.0198678,-0.96280372,0.28052256,0.29353476,0.18152691,-0.35000461,-0.16485339,-1.6433408,0.32900023,0.022748083,-0.36063126,-0.15842958,0.2951048,0.11690882,-0.65677953,0.25663167,-0.20900029,0.25579208,-0.14245512,0.54696876,1.1351759,0.2806581,0.095717058,0.62831712,-0.096119866,-0.16308588,-0.99976707,0.33894157,-0.68736339,0.139558,0.7587747,-0.89652467,-0.36106408,0.5155226,0.44349068,-0.60158241,-1.1308818,0.5728488,-0.57203108,0.031817991,-1.5715284,0.30833259,-0.19457035,-0.5746308,-0.50572401,0.98385686,0.47413766,-1.754396,-1.100924,-0.38697952,-0.018812489,0.27442285,-0.029192999,0.001870274,0.51802868,0.20387647,-0.14406446,0.20403215,0.31406698,0.5541653,0.050643921,-0.008573718,0.35898891,-1.448452,-0.007590985,0.43696254,0.023760628,0.17664477,0.63964224,1.0396225,-0.37720451,-0.75130433,-0.37539703,0.091683045,-1.939062,0.36644801,0.33249134,0.41235748,-0.70031619,-1.2285171,0.29519671,-0.54166669,0.086156532,-0.037177183,-0.080650836,0.69791603,0.11485253,0.30250698,0.43478411,0.060982388,-0.25483954,-0.35348713,-2.2123311,-0.70444483,-0.9345448,0.034700055,-0.93244791,0.18159962,-0.14532235,-0.2683543,0.075121664,2
0.4417918,0.19786099,0.15362041,0.40969005,0.39991087,0.4183799,0.40741256,0.40035892,0.40180239,0.40535939,0.39909777,0.40252864,0.408279,0.39470267,0.41589808,0.40172929,0.41326171,0.42942208,0.4060272,0.39616722,0.39387083,0.40825555,0.39334103,0.40251267,0.40586156,0.3946037,0.39402455,0.39096785,0.40301329,0.39957786,0.39112616,0.39624715,0.3848756,0.3904196,0.39532459,0.38697514,0.38500112,0.39713758,0.38762599,0.38700241,-0.85247904,0.15068658,0.44260341,0.47909325,1.4135064,1.6046767,1.4129776,0.77510309,0.91583169,1.7294703,1.507504,1.2817085,0.31627947,-0.22206315,-0.047671616,-0.37206963,0.5706346,0.32825986,0.3239949,0.25017834,-0.85510314,-0.007769409,-0.49757522,0.43641418,-0.75033897,-0.21024875,-0.21704796,0.7236287,0.25248811,1.5604631,-0.19775681,0.17605732,-1.1579633,-0.3021403,-0.007421583,0.85092598,-1.0148351,0.53135753,0.18323898,-0.98060846,-0.13166043,-1.1239593,-0.53194189,0.5352056,0.77687562,0.71816123,-0.020826604,-1.6260031,0.75481749,0.13124883,-0.98062348,0.56394112,0.094000526,-0.050479326,0.64017797,-0.040163755,0.32538894,-0.30423567,0.12128228,0.59505957,-0.60471904,-1.1026347,0.034732979,0.62387329,-0.44253176,0.10310986,0.10634243,-0.1847118,-0.060555756,-0.35583997,0.46999452,0.85401088,-0.21107036,-0.26623055,-0.4121989,0.16794828,0.54049975,-1.1079688,0.35908976,-1.2070121,-0.39975333,-1.7594849,-1.006112,-0.068802781,-0.42829537,0.29895365,-0.46562767,0.11827923,-0.16629714,-0.1964125,-0.83975285,-0.56424749,0.42391667,-1.013589,-0.21960583,-0.11363901,0.10076261,0.49186543,-0.48390794,-1.4862648,0.63158524,0.42702836,0.86592537,-0.17048264,0.53980666,0.35981596,0.10027812,-0.44103926,-0.21247625,0.50488126,-0.59859645,0.045041636,0.35021627,-0.29533461,-0.71232039,0.017585687,-0.54664361,-0.66361457,0.3195197,-0.37174845,-0.062109664,-0.59960508,0.7032162,0.71673542,0.030565802,0.052370109,-1.7735416,0.94189227,0.017896056,-0.19371079,-0.014109541,-0.53612286,0.012050066,-0.21394868,-0.67931789,1.0953367,-0.51802582,0.11806206,0.46106282,-1.4676191,-0.2218377,0.32632506,-0.10264544,-0.44242516,-0.95765269,0.45945731,0.28476274,0.18327954,0.67868161,-0.70819896,-0.24661297,0.047956593,0.15562709,0.18994686,0.27763382,0.16003494,-0.18749055,-1.2625028,-1.8100681,-0.72265887,0.22062957,0.73141962,0.24955226,-0.59432209,-0.34311554,0.12461185,1.3540391,0.034093931,0.1422902,-0.26685581,-0.31319389,1.153617,0.11758342,0.25992942,2.0575767,-0.12365252,-2.6341295,-0.0113196,0.70356667,0.021506267,-0.19252786,-0.75893164,0.090140365,-1.5501933,0.27014765,-1.2066962,0.1738179,0.10522442,-0.90720189,0.02661255,0.28259254,0.50283843,-0.28258383,-0.51507217,-2.6783147,0.41456741,-0.55810386,-0.066778958,-0.18686916,0.14491963,0.53006822,0.14245766,-0.13378361,0.94144189,-1.7090175,-0.9337756,-0.22523865,0.73652494,-0.41508859,0.13905036,0.17697111,0.36050451,-0.054108046,0.50237536,0.39636269,0.77369654,-1.0409077,-0.40237832,0.52579784,-0.11021104,0.28161484,-0.078248017,-0.23991597,-1.2756807,-0.45788223,0.096401773,-0.43746552,0.48931038,1.2737691,0.34380373,-0.43891224,0.15144931,-0.31492153,0.71166694,0.67478108,-0.45702371,0.036599424,1.7215333,0.17263336,0.15114206,-1.2380568,-0.074410886,-2.0009613,1.0358225,-1.3625751,-0.31334907,-0.20782249,-1.3386496,-0.21183904,0.15508717,0.28918874,0.63719922,0.54302078,0.43352056,-1.8361218,0.99494201,0.084209844,1.2050253,0.026141804,-1.1146072,-0.057928145,-0.94881892,0.62907284,0.21016024,-0.82549572,0.3584162,-1.849844,-1.5406932,-1.410187,-0.34255382,0.4195314,0.91749328,0.20903619,-0.99971294,0.7926411,-1.2831317,-0.23580199,0.3049424,-1.1556847,-0.050099768,-0.045802698,0.53612334,0.12765728,0.40173718,-0.046113759,0.48125401,0.030742848,0.70045018,0.052451164,-0.14630073,-0.74672902,0.37836388,1.1187915,-0.54675627,0.55995178,0.4942404,0.43740499,-0.67872703,0.78408593,0.49842489,-0.96490639,-0.5359444,0.0526108,0.12249735,0.20193553,0.77818394,-0.25602129,-0.50836265,-0.52113795,0.005382936,0.63597506,-0.30305728,0.15514217,-0.365473,0.12618099,1.3090974,-1.1746457,0.093936518,0.52713251,-0.64077938,-0.049196418,-0.017465353,-1.4505637,-2.1585171,-0.20285521,0.5824784,0.094927058,-0.19757636,0.71297789,0.26307935,0.5108304,0.26623964,-0.055657744,-0.55830574,0.16698286,0.13848534,-0.094471321,-0.64550143,0.17493387,0.1522413,1.1934664,-1.7864999,-0.11413314,1.5669822,1.5357438,0.4760817,-1.3690867,-0.24980433,-0.5775966,-0.20179157,0.042990148,0.45756221,0.85307056,0.95715719,0.34627458,0.17363216,0.20407578,1.6159633,0.68297082,1.298275,-0.96163881,0.30225492,0.27297559,0.13971424,-0.43049634,-0.13139883,-1.5862026,0.28277093,0.013081688,-0.40819079,-0.1935147,0.46230718,0.24150671,-0.61778009,0.27215293,-0.26394853,0.36764812,-0.063082062,0.58634543,1.0874263,0.31057668,0.017268322,0.67514682,-0.12104785,-0.11089343,-1.0344658,0.36529207,-0.69386774,0.28327584,0.87631989,-0.82481742,-0.35528213,0.47657609,0.47824118,-0.53638804,-1.0861835,0.56715906,-0.61043751,-0.031164572,-1.7255887,0.27991489,-0.22150055,-0.39170533,-0.54157019,1.1290466,0.48797691,-1.8097742,-1.1913176,-0.39480072,0.023899216,0.29381114,-0.019083753,-0.03009386,0.37693131,0.18432643,-0.17772873,0.22127843,0.34962636,0.4156819,0.074555218,-0.055095889,0.18398918,-1.4934415,-0.029567571,0.4408921,0.056838393,0.22150762,0.63136184,1.2011192,-0.41905028,-0.8509655,-0.41697723,0.44566518,-2.001214,0.3935672,0.24283408,0.39633441,-0.73898113,-1.3153722,0.31849498,-0.61775035,0.12621905,-0.085912041,-0.31698561,0.59390134,0.061983045,0.33351272,0.35782588,0.011002138,-0.17812218,-0.40923393,-2.2481117,-0.79716182,-0.95123655,-0.067776851,-0.93590975,0.20737021,-0.078605779,-0.22555619,0.079397023,2
0.52882349,0.30451539,0.31544653,0.52694422,0.52409279,0.53697455,0.52943313,0.51505136,0.53210723,0.5295375,0.52861142,0.52738786,0.5330916,0.51168513,0.53719211,0.52415073,0.52944648,0.55420208,0.53117424,0.52846122,0.5183599,0.52954572,0.51916277,0.5260548,0.53560942,0.52347195,0.52735686,0.50911474,0.52964884,0.52565414,0.52072781,0.52191556,0.51792634,0.52720916,0.53288996,0.51724023,0.52199829,0.53794217,0.51705056,0.51683939,-1.019374,0.30625656,0.82881945,0.75937998,1.6311293,1.8782768,1.7583432,1.1244125,1.2759262,2.0177217,1.7090051,1.6126428,0.54196024,-0.20485215,-0.20812766,-0.31908664,0.88028514,0.50895917,0.53268647,0.50926769,-0.65101171,-0.061101533,-0.56815028,0.50261009,-0.61449814,-0.1974521,-0.21630648,0.54693836,0.20706326,1.254781,-0.28840292,0.37934747,-1.0439308,0.021876901,-0.16167822,1.0353444,-1.0089189,0.68284851,0.50784028,-0.84376478,-0.05326134,-1.2890215,-0.48421031,0.52508515,1.1539242,0.75143719,0.086681366,-1.8240032,0.7666899,0.17362154,-1.0667988,0.88865805,-0.045715615,-0.1584498,0.56166965,0.11833543,0.46017212,-1.0321145,0.12635994,0.83630037,-0.73188287,-1.14442,0.17922063,0.36576328,-0.33371475,0.26857924,-0.056771658,-0.14357778,-0.085356988,-0.14122181,0.38864744,0.64854038,-0.046010301,-0.40618223,-0.83952731,0.29391629,0.76363343,-1.1794097,0.56004,-1.1079094,-0.33213696,-1.8054421,-1.5319123,-0.15597577,-0.56721604,0.32315445,-0.36940879,0.15064159,-0.061710708,-0.65019327,-0.76640034,-0.36717102,0.10510865,-1.3242977,-0.6048311,-0.59375578,0.036072463,0.27216056,-0.21312006,-1.954357,0.35405686,0.55037522,0.77569759,-0.30128729,0.55339766,0.41804284,-0.066804618,-0.52880812,-0.26016709,0.3224355,-0.37027538,-0.17515165,0.62571853,-0.52793521,-1.0446512,-0.19945374,-0.90807033,-1.0371356,0.30271739,-0.87791222,0.17468393,-0.70096409,0.82955527,0.6164788,-0.1149907,0.117055,-1.4540396,0.37399176,-0.18797418,-0.11998501,0.029416405,-0.6321739,-0.14712927,-0.046642058,-0.66587424,1.0525364,-0.69783509,0.25142592,0.58297431,-2.0080729,0.043125495,0.21115713,-0.22260888,-0.60211545,-0.90729415,0.17541996,0.18068719,0.62282324,0.84861076,-0.86831981,-0.37246197,0.066810489,0.083987176,0.010564148,0.58961517,-0.12014884,-0.28473318,-1.4109187,-1.8854299,-0.66645491,0.36283323,0.5179615,0.23442586,-0.5130434,-0.38196659,0.041774482,1.601258,-0.043372381,0.062937245,-0.80759382,-0.36697656,1.1076587,0.29050109,0.39291728,0.8925271,-0.1565991,-1.962893,-0.1171484,0.40114033,-0.13207392,-0.049989589,-1.4560539,0.046902992,-2.0739882,0.27855754,-1.9247479,0.56210732,-0.084224805,-0.85998833,0.11162556,0.46430627,0.66075015,-0.20898354,-0.19414578,-3.0124958,0.22309519,-0.59096593,0.21196352,-0.038912803,0.44573748,0.59357357,0.16589978,-0.27783638,0.38622156,-2.4606156,-0.77177995,-0.20578639,0.60397124,-0.37144348,-0.069982857,0.27847749,0.70303583,-0.023048788,0.37698239,0.26867118,0.83637804,-0.71149254,-0.18950716,0.77182901,0.046132714,0.085903198,0.052553914,-0.3959496,-1.1296862,-0.57704997,0.23925813,-0.14985947,0.37539288,1.2041901,0.44675744,-0.39788941,0.3973254,-0.22648539,0.44555819,0.71125257,-0.36998257,0.079396814,1.6826963,0.19918707,0.24582872,-1.0114043,-0.14856359,-2.1423717,1.0918393,-1.9726365,-0.69151914,-0.11896057,-1.7144771,-0.41470551,0.3122085,0.20821822,0.52152389,0.55947161,0.28028616,-1.8238471,1.0293425,0.064878643,1.1842278,0.01433844,-1.3671107,-0.010010153,-1.0384645,0.57215559,0.12113089,-1.0083729,0.48157948,-2.4592969,-1.9040115,-1.2249771,-0.29142329,0.26874268,0.62566966,0.45392022,-0.9008919,1.0879238,-1.5866898,-0.17009974,0.34680653,-1.5557827,-0.084156722,0.18696788,0.55311865,0.038804006,0.3810792,-0.27302524,0.35533744,0.031638321,0.79709369,-0.031428419,-0.24043243,-1.0862741,0.54460025,0.91806042,-0.74832416,0.64686555,0.62140453,0.35223562,-0.73405528,0.89603442,0.1817435,-1.6610701,-0.84700978,0.22909793,0.20392212,0.028410912,1.0664817,-0.36537468,-0.63617146,-0.70097482,0.034249485,0.50171196,-0.16785528,-0.18482558,-0.23460902,0.3649646,1.3382065,-1.5320315,0.23781274,0.49138188,-0.58410305,-0.036692683,-0.18025002,-1.8654792,-1.9401027,-0.16324551,0.99956775,0.004072264,-0.31651136,0.86500698,0.36534071,0.64095539,0.39651784,-0.019568056,-1.0739713,0.39184752,0.1196836,-0.25331864,-0.48804951,0.36807641,0.37675738,1.3841113,-1.8432398,0.095303364,1.3480873,1.8622751,0.48696008,-1.2712033,-0.52022076,-0.83725166,-0.18820307,0.046100587,0.33485648,0.84248805,0.60622859,0.26098037,0.14838672,0.20960288,0.79633909,0.5631156,1.3035415,-0.96903956,0.22609852,0.2478428,-0.15418243,-0.48200786,-0.20150451,-1.7371498,0.47100252,0.021125035,-0.17428924,-0.11170851,0.41829908,0.24947865,-0.70550919,0.30860311,0.095289111,0.44568533,-0.6815595,0.69524229,1.372653,0.34461376,0.20979041,0.73893678,-0.19275163,-0.13229451,-1.154525,0.22717804,-0.67708856,0.27051777,0.66223961,-1.0120955,-0.44139728,0.35379696,0.42916387,-1.2340416,-1.552123,0.64591879,-0.34465873,-0.39961699,-1.5407141,0.19393404,-0.002061829,-0.82825315,-0.56009173,1.0793688,0.53811669,-2.0469942,-1.256165,-0.41421521,0.11586028,0.38569152,-0.17324528,0.12640136,0.66149569,0.28833932,-0.34516793,0.17570931,0.19670501,0.30129182,-0.071694598,-0.25324231,0.3287586,-1.5969265,0.007323084,0.52082253,0.2141837,0.20985596,0.62048912,1.1023769,-0.36858663,-0.64302629,-0.23551516,0.32699659,-1.96823,0.11257884,0.24432498,0.55499399,-1.0189862,-1.5276475,0.27311546,-0.5177291,-0.014528275,0.029483169,0.080739737,0.70985246,0.39277896,0.55293107,0.55924481,0.016166806,-0.5280261,-0.56107903,-2.4215922,-0.46914533,-1.7107697,0.22891235,-1.0761327,0.36241674,0.009697214,-0.47507256,0.24365748,2
0.53582907,0.28518599,0.26556146,0.55054569,0.52827471,0.5695346,0.53904778,0.52246433,0.53132004,0.53619784,0.52190512,0.53350526,0.51860356,0.50959015,0.53612846,0.52195561,0.5185948,0.55934668,0.54183835,0.49421269,0.50719333,0.52893817,0.51775777,0.51445502,0.53332275,0.51955765,0.53341293,0.53092104,0.51669335,0.532381,0.52173018,0.5203793,0.50919962,0.49208128,0.52340221,0.49176157,0.48420969,0.49876127,0.49547684,0.50127053,-0.73163015,0.23497735,0.34503925,0.42943648,1.2980212,1.6207399,1.2356492,0.66152877,0.7880426,1.5779183,1.3477868,1.1461623,0.33524829,-0.17148979,-0.16033295,-0.35310206,0.5313164,0.31016064,0.34089726,0.24664614,-0.2266812,-0.003402932,-0.62465143,0.39470267,-0.6107406,-0.022651393,-0.1733482,0.5757978,0.040552229,1.4015801,-0.12854877,0.19190471,-1.010079,-0.24164805,-0.04877837,0.71354967,-0.94129801,0.52692634,0.22887179,-0.79047775,-0.10893887,-1.058627,-0.52226162,0.35224587,0.68855578,0.6480974,0.009339878,-1.6164197,0.61197364,0.10237349,-1.0085073,0.6579845,0.049705297,0.051646397,0.44756314,-0.10875849,0.32022697,-0.20157462,0.048237123,0.48975164,-0.45309699,-0.90154159,0.059235908,0.45101562,-0.35023838,0.051573202,-0.000313811,-0.16175607,-0.04607784,-0.26713538,0.31348878,0.71624672,-0.15895338,-0.25131452,-0.21034971,0.007205695,0.23873118,-0.89376187,0.40062618,-1.0913975,-0.37838423,-1.6548128,-0.7824505,-0.097504519,-0.44776735,0.32459164,-0.38935712,0.075844117,-0.095515661,-0.075250044,-0.69307756,-0.50627303,-0.22323135,-0.92471713,-0.13850515,-0.00114955,0.13268888,0.32470816,-0.38805166,-1.3724172,0.29817629,0.38084403,0.72819775,-0.13922833,0.5265466,0.22746128,-0.018379971,-0.57632101,-0.26984307,0.24377221,-0.41777736,-0.012909383,0.33787787,-0.25895387,-0.5274477,0.053033747,-0.51715505,-0.37792355,0.25532073,-0.21546711,0.023047015,-0.67504942,0.67050666,0.53221345,0.18308757,0.079600401,-1.5030515,0.53104365,0.022149965,-0.21628419,-0.077346452,-0.49761301,0.012320511,-0.15133159,-0.63968211,0.73879844,-0.63681191,0.13567124,0.42040843,-1.1903141,-0.11673301,0.1851926,-0.13131671,-0.38318515,-0.84214711,0.40499228,0.20274894,0.45776206,0.69543153,-0.74625957,-0.34646463,0.032025285,0.091830477,0.10303459,0.32777947,0.10117839,-0.1048748,-1.0973878,-1.5485322,-0.58326691,0.26342893,0.62089062,0.33848953,-0.35700941,-0.23615538,-0.026465386,1.0981853,-0.22529355,0.084227815,-0.23115559,-0.22153017,0.81756896,0.13505158,0.19780381,1.2914277,-0.15070091,-2.0888367,-0.08709228,0.33966082,0.019505648,-0.019700982,-0.73730624,0.14721955,-1.2890491,0.27365386,-1.0795265,0.35146877,0.15580928,-0.86631238,0.00738425,0.090053603,0.29778892,-0.22714114,-0.64782417,-2.1633949,0.30769044,-0.70887834,-0.014186971,-0.049569786,0.079609685,0.47531933,0.26313728,-0.17882726,0.77686632,-1.3525685,-0.75915033,-0.28920826,0.45248359,-0.3767938,0.13980937,0.20332237,0.40936244,-0.059531212,0.44956186,0.39709672,0.60328788,-0.8142131,-0.33690363,0.56664151,-0.188851,0.16231275,-0.086421929,-0.31012166,-1.147831,-0.44759184,0.068305999,-0.35061005,0.50872707,0.9481352,0.356374,-0.49600583,0.1613501,-0.2201948,0.68526936,0.45380089,-0.38573131,0.054115139,1.1499441,0.10532819,0.12855425,-0.75935227,-0.14310092,-1.704209,0.93297648,-1.3442637,-0.13689572,-0.17093091,-1.5889487,-0.12888142,0.069630727,0.2356775,0.63887495,0.33244824,0.28110856,-1.6718316,0.73319769,0.031194214,1.0369397,-0.014876815,-1.1559211,-0.012218654,-0.84320962,0.48223275,0.30312306,-0.75531507,0.23462658,-1.4780613,-1.2751548,-1.2337563,-0.34633097,0.4288848,0.53644192,0.23010188,-0.79564768,0.71733201,-0.9977001,-0.084064573,0.20000717,-1.1017706,-0.093756743,0.018314548,0.38546926,0.19059896,0.27575284,-0.12726548,0.37183589,0.052826922,0.55372149,-0.052082777,-0.14820811,-0.67295903,0.36273497,0.98095143,-0.46534997,0.57079929,0.48548222,0.41496679,-0.61598098,0.58927739,0.35882381,-0.81061715,-0.64941752,0.071393348,0.16517971,0.16018863,0.69620341,-0.27102947,-0.42981756,-0.46900243,-0.024018962,0.51909208,-0.10824437,0.16463777,-0.36410332,0.1786104,0.99228132,-0.8171584,0.11282769,0.26659161,-0.4682568,-0.063280642,-0.36905164,-1.2433348,-1.777691,-0.2600919,0.5783987,-0.049217537,-0.17902662,0.60265231,0.10612105,0.47721434,0.23831806,-0.16764717,-0.47505665,0.19243832,0.076038033,-0.090302438,-0.62452692,0.22617877,0.20011663,1.0331388,-1.4967256,-0.085092455,1.2655749,1.3669682,0.29827213,-1.2607536,-0.35797077,-0.43792623,-0.25089529,0.063829213,0.24834539,0.56795144,0.56757724,0.38204667,0.13351856,0.2029023,1.0873182,0.64274585,0.94353902,-0.84678161,0.32210916,0.14712797,0.19203199,-0.34864336,-0.13778605,-1.429791,0.27114326,0.041683257,-0.27743155,-0.1244128,0.25214708,0.09846615,-0.60777658,0.21969086,-0.26072717,0.12383179,-0.046038866,0.40413794,0.81156993,0.41284561,0.037490424,0.51254213,0.32491493,0.025409944,-0.8467477,0.28083462,-0.63831043,0.030577794,0.76625496,-0.65662187,-0.35228527,0.4006286,0.37189713,-0.47975704,-0.97106302,0.50227183,-0.55994755,-0.033546947,-1.509331,0.21075679,-0.14326084,-0.55609453,-0.45962653,0.9332006,0.37911022,-1.663995,-0.94360352,-0.40272093,0.029594263,0.24287787,-0.16369513,-0.038566768,0.4401269,0.1933396,-0.16884258,0.24646625,0.27150312,0.37046909,-0.14985152,-0.20854852,0.30297568,-1.3478169,0.089583673,0.35869563,0.075703695,0.22031143,0.52612787,0.79638475,-0.36410254,-0.69520348,-0.33478546,0.072419226,-1.7949438,0.26333398,0.31015685,0.3696472,-0.63184541,-1.1026704,0.22955626,-0.51162034,-0.008740038,-0.072568305,-0.121877,0.33237848,0.15980937,0.31196317,0.33006981,0.060878448,-0.1595709,-0.3629615,-1.9772744,-0.68220907,-0.80413324,-0.028652964,-0.73322231,0.14538151,-0.16271587,-0.28972813,0.11879668,2
0.50188982,0.2802023,0.25617462,0.50918841,0.49094746,0.56155866,0.49675396,0.47526646,0.49223801,0.505126,0.48198533,0.4882448,0.4829888,0.45736498,0.49866626,0.47614139,0.47699606,0.50688046,0.49791634,0.45673323,0.46189353,0.48116082,0.46964496,0.46752995,0.47008067,0.47129673,0.47996199,0.48167175,0.47635859,0.47595587,0.47132179,0.46516579,0.46303076,0.466129,0.47969565,0.45261449,0.45094341,0.47280139,0.45799732,0.45074484,-0.81401354,0.24664009,0.44047284,0.46662265,1.3664157,1.7393363,1.3547446,0.75665718,0.89670277,1.6822438,1.4273605,1.2510689,0.32533011,-0.18893752,-0.13847303,-0.35515192,0.63657403,0.32146454,0.39441448,0.2874147,-0.41589692,-0.02939331,-0.44257289,0.40865499,-0.6746434,-0.047365844,-0.21275233,0.73258543,0.21411338,1.5993102,-0.25410742,0.22344659,-1.1319039,-0.19667433,0.11509325,0.90248281,-0.96232414,0.51998556,0.26630834,-0.93577194,-0.17552102,-1.137391,-0.57483149,0.5821957,0.78789407,0.71408057,-0.030798081,-1.7491639,1.0358258,0.10887191,-1.0361545,0.57335687,0.054806519,0.093885705,0.63132423,-0.15460102,0.3984538,-0.53114051,0.053933516,0.60962236,-0.65981448,-1.0693299,0.063987672,0.49372712,-0.36168182,0.17006111,0.041078791,-0.22617769,-0.005561501,-0.36024073,0.40899733,0.83904558,-0.2476591,-0.42206627,-0.55158913,0.26982486,0.57108104,-1.0211744,0.40124613,-0.94003308,-0.39121753,-1.8274852,-1.1350231,-0.040414475,-0.46675411,0.15623844,-0.38615844,0.069950387,-0.10525372,-0.25160021,-0.79334563,-0.42370287,0.46596447,-1.1185168,-0.27340341,-0.17786425,0.1258325,0.15728794,-0.4575851,-1.8667802,0.80939651,0.40848097,0.8846246,-0.16648796,0.55616778,0.43649334,0.032301344,-0.013902262,-0.081314504,0.51453906,-0.50597572,0.007727161,0.38200933,-0.36429128,-0.70008945,-0.030842498,-0.67997581,-0.67363191,0.37036145,-0.36487225,0.031558245,-0.55273277,0.69400495,0.66629243,0.084552504,0.087544464,-1.7875105,0.8925553,-0.012347266,-0.14939646,-0.10118762,-0.62280422,0.008013099,-0.15412161,-0.636608,1.0596268,-0.75181735,0.11052528,0.54395258,-1.7198157,-0.18399541,0.27254215,-0.042571004,-0.54038501,-1.0102816,0.44825268,0.23659092,0.47978094,0.99928755,-0.68732989,-0.32885233,0.01458336,0.034775048,0.24071854,0.33753157,0.18158215,-0.0610222,-1.2775713,-1.7061809,-0.67816693,0.20527488,0.77160329,0.25988451,-0.49172103,-0.33189413,0.096964195,1.1219139,-0.26201081,0.042992994,-0.43896988,-0.36059022,1.1547728,0.12613668,0.22514112,1.7531124,-0.13066398,-2.4151719,-0.016459391,0.76191837,-0.018841594,-0.056917071,-0.96420914,0.12976371,-1.6323332,0.27960077,-1.3143824,0.28248513,-0.040463287,-0.83467489,0.022140145,0.38291371,0.58299756,-0.26346973,-0.11606048,-2.8096685,0.48243231,-0.54238153,-0.040261764,-0.093866877,0.28268182,0.49779698,0.16084895,-0.11166319,0.79469979,-1.754764,-0.92937726,-0.27573252,0.43899915,-0.43548858,0.086025171,0.20098184,0.51456708,0.017418362,0.45842549,0.45705825,0.78278428,-0.9924894,-0.33131739,0.59546757,-0.15250415,0.29189536,-0.017183881,-0.27794194,-1.1854777,-0.51423478,0.086760946,-0.33678517,0.53474313,1.3210912,0.36546937,-0.40538609,0.20326495,-0.3317585,0.67100829,0.74814963,-0.31481925,0.080840036,1.5088284,0.15037154,0.15350668,-1.1854589,-0.15998039,-2.1571262,1.0121728,-1.5195297,-0.33821857,-0.16644529,-1.4799525,-0.11519039,0.2073479,0.13930917,0.88588899,0.59302521,0.54342204,-1.9629816,0.94232929,0.010510966,1.2988988,-0.00337508,-1.0250964,-0.016196847,-0.9422698,0.65354574,0.29965132,-0.80081606,0.43947679,-2.0056832,-1.7335894,-1.4456826,-0.40163016,0.60579962,0.88832301,0.2659176,-0.97567695,0.81571257,-1.4104431,-0.23419696,0.30027243,-1.189178,-0.088663645,-0.012169409,0.61489046,0.021025609,0.35261348,-0.045114547,0.42958233,0.039488036,0.64081508,0.033056922,-0.15946236,-0.97649276,0.39969712,1.1286477,-0.65228653,0.71233273,0.52493745,0.57436055,-0.77097172,0.28397238,0.51024646,-1.1524974,-0.60577744,0.078646444,0.19159344,0.18199335,0.87609679,-0.34373608,-0.46965483,-0.4469049,0.090959124,0.67289746,-0.20235634,0.15553156,-0.39716893,0.16702117,1.2798176,-1.1963606,0.1421268,0.28592825,-0.72152162,-0.028878525,0.1601488,-1.6432418,-2.0299435,-0.3485212,0.61796951,0.051196039,-0.25261495,0.80346966,0.26262495,0.50216466,0.25742012,-0.1657439,-0.56130099,0.22724715,0.25039089,-0.039683752,-0.33829743,0.21535832,0.17121394,1.3253765,-1.7020636,-0.11166636,1.6691025,1.4780065,0.43074179,-1.2364239,-0.2681472,-0.52366114,-0.14667094,0.15783912,0.39656627,0.87797123,0.9027611,0.33409032,0.20110306,0.20015499,0.71411788,0.74419725,1.1699936,-0.90038234,0.26682711,0.43671417,0.053407528,-0.36631793,-0.13900159,-1.3774726,0.30018976,0.019357823,-0.44685772,-0.141828,0.63638437,0.07824111,-0.65382594,0.26636311,-0.22053537,0.47367087,-0.1717857,0.77493823,1.1631354,0.37085861,0.015493754,0.65000826,-0.066248506,0.15130757,-1.0883193,0.31383878,-0.62167513,0.27506298,0.81932718,-0.73272067,-0.58768737,0.43168774,0.45963764,-0.70661306,-1.1253796,0.63003612,-0.54200619,-0.1002029,-1.5763439,0.27234155,-0.158099,-0.69758236,-0.44491792,1.026433,0.54280066,-1.9756186,-1.2360672,-0.34840983,-0.012274396,0.26267523,0.02136869,-0.04559337,0.56315583,0.17841929,-0.24720019,0.21756363,0.31798172,0.42909253,-0.057406485,-0.10614691,0.63772666,-1.5338178,-0.044137627,0.45069012,0.11572008,0.23349328,0.61619931,1.210186,-0.47823018,-0.81044412,-0.30608016,0.23878452,-2.0782127,0.29757592,0.29031774,0.38773686,-0.79292339,-1.4017917,0.33212844,-0.53266788,0.16495495,0.022753976,-0.087420061,0.60237151,0.13689771,0.31202826,0.45950592,0.017223656,-0.24703331,-0.48057231,-2.2726018,-0.70173961,-1.0613616,0.014690433,-0.97522855,0.15238333,-0.14316019,-0.39517382,0.050873354,2
0.56047642,0.3323448,0.30320799,0.56150585,0.55960017,0.57781196,0.56266838,0.54765803,0.56252819,0.56589842,0.55245852,0.54980338,0.54708034,0.53484142,0.56230313,0.54016709,0.54422641,0.57134187,0.55833817,0.51958728,0.5214287,0.54914725,0.53465807,0.53459907,0.54173583,0.53884959,0.54892457,0.54265928,0.53715706,0.54261988,0.53464389,0.53604603,0.52527273,0.52451569,0.53918511,0.5152756,0.50343752,0.529921,0.51713479,0.52636456,-0.97165501,0.29935968,0.54099262,0.55069005,1.4848089,1.8100944,1.4727606,0.8649075,1.011619,1.7891188,1.5310661,1.3605092,0.30629274,-0.16966608,-0.19940062,-0.37733057,0.5836305,0.32182002,0.38171363,0.27141953,-0.81693739,-0.01233794,-0.49675,0.55619591,-0.7305249,-0.15809676,-0.243622,0.71684968,0.39557344,1.5987318,-0.2172008,0.19168742,-1.1774303,-0.19571397,0.058220744,0.78317612,-1.020524,0.5414319,0.28517947,-0.92122352,-0.11697745,-1.2547981,-0.45469272,0.4727174,0.76924109,0.91927183,0.046722203,-1.8019282,0.9532094,0.11803639,-0.99553412,0.72902548,0.014261425,0.16040558,0.67217612,-0.18537183,0.38414448,-0.66138536,0.064784169,0.5848757,-0.70259362,-1.1689044,0.070202082,0.54448414,-0.24520651,0.20580298,-0.12697896,-0.18451244,-0.015025914,-0.31925207,0.42787012,0.86201066,-0.28227615,-0.3094576,-0.41406274,0.19597717,0.57669008,-1.2094967,0.4209621,-1.150914,-0.39478794,-1.8932682,-1.2724268,-0.088026971,-0.45892891,0.060912937,-0.44685838,0.13986272,-0.14109144,-0.37544471,-0.79694855,-0.22264256,0.14900494,-1.1565098,-0.38899812,-0.22732976,0.10069737,0.68910903,-0.53205663,-1.9820148,0.89215219,0.43717426,0.98946071,-0.21026206,0.5874542,0.50325203,0.17829724,-0.21058285,-0.078798756,0.42940438,-0.65747786,0.22346421,0.32712191,-0.37792403,-0.83659977,-0.042354256,-0.67769027,-0.82875514,0.43523476,-0.43635547,0.024581555,-0.63926423,0.749717,0.82561648,-0.030298982,0.04746446,-1.7891443,0.80599898,-0.017986216,-0.094820783,-0.1028208,-0.57925534,0.14464422,-0.15547897,-0.60365945,1.2472194,-0.73205805,0.11090558,0.58504552,-1.497308,-0.20808634,0.26389131,0.031823147,-0.70333755,-1.1363387,0.28786308,0.097659469,0.52588475,1.0564275,-0.75813192,-0.27961218,0.00928466,0.091805302,0.14792658,0.3250249,0.1416423,-0.10225224,-1.3482714,-1.8280666,-0.77226454,0.30861071,0.52147776,0.33257005,-0.41815454,-0.34679425,0.091333747,1.4427762,-0.085978188,0.11723842,-0.49586311,-0.36339557,1.0775694,0.1214174,0.22767654,1.5369571,-0.080394678,-2.4414835,0.040901974,0.82932794,0.008752571,-0.011405341,-1.1038177,0.013174281,-1.7979174,0.2741912,-1.5000437,0.44796634,-0.014159549,-0.89329648,0.023481559,0.19494116,0.67947602,-0.28621364,-0.026876405,-3.0000782,0.3397021,-0.62052339,-0.10578164,-0.16814758,0.24528459,0.55410737,0.2207385,-0.16286756,0.50983554,-1.9134986,-0.95894796,-0.3665067,0.46383119,-0.42692485,0.001831442,0.18275619,0.52064133,-0.042743057,0.52516538,0.37514776,0.80475181,-0.97135502,-0.34481606,0.64661437,-0.043651935,0.23130804,-0.12228622,-0.28296098,-1.2747138,-0.48733065,0.079595521,-0.32954729,0.67189705,1.3192289,0.39100802,-0.51202434,0.30847901,-0.47046566,0.70251185,0.78997183,-0.42134571,0.12302615,1.7772765,0.23761916,0.16725765,-1.2465717,-0.1746919,-2.2544549,1.1182798,-1.603092,-0.54820967,-0.16906023,-1.499612,-0.42620149,0.26593193,0.15740967,0.81397283,0.51754367,0.46588445,-2.0297854,1.0386245,-0.002785422,1.3862505,0.16199921,-1.1318305,-0.010217741,-0.97371709,0.77282083,0.39747465,-0.89151609,0.43824428,-2.2176633,-1.7509863,-1.537077,-0.25341231,0.75882292,0.95750833,0.23921373,-1.0806429,0.76498866,-1.4484332,-0.18806139,0.51344717,-1.1890532,0.098943576,0.045976091,0.66525167,-0.12945624,0.49748862,-0.014288843,0.46566153,0.005584782,0.80002469,-0.055378906,-0.12984845,-1.0355617,0.33657402,1.2146277,-0.6719209,0.68807089,0.52722329,0.57163125,-0.71122432,0.95031571,0.3301501,-1.2057773,-0.73873132,0.073080763,0.18880463,0.13566262,0.93586147,-0.30368575,-0.55733454,-0.5478276,-0.021416578,0.77868283,-0.21942778,0.15023768,-0.35414958,0.15542775,1.3975979,-1.4033225,0.12453523,0.23897257,-0.67632234,0.029236766,0.22422475,-1.6159686,-2.1572843,-0.12147504,0.60317409,0.17888214,-0.20193416,0.83574706,0.26055264,0.46012038,0.21216002,-0.076480761,-0.79914397,0.1654759,0.19543707,-0.10871021,-0.36492789,0.25179785,0.10845321,1.578784,-1.6823714,-0.086607128,1.6630298,1.8929145,0.42710167,-1.2393707,-0.33260527,-0.59181607,-0.13260469,0.26643962,0.56982142,1.0041174,0.79087824,0.64970541,0.29374772,0.27278844,0.8162545,0.72327936,1.2941035,-0.94552982,0.30450833,0.51121622,-0.063755751,-0.4059304,-0.14224812,-1.1253672,0.30430746,0.026195101,-0.38027611,-0.23588626,0.70840847,0.19191296,-0.67048699,0.22152175,-0.1728804,0.63694227,-0.32204199,0.90931463,1.2046313,0.38838708,-0.008186877,0.6895026,-0.046572909,0.18637232,-1.0553452,0.33488035,-0.58330989,0.10141018,0.7003507,-0.89141834,-0.63745165,0.46204007,0.46971637,-0.97293818,-1.5702283,0.73389965,-0.61793637,-0.15826452,-1.6145828,0.31708774,-0.2256636,-0.81798512,-0.39528194,1.2753867,0.44538987,-2.1454151,-1.3709865,-0.35286057,-0.008082345,0.28749591,-0.099233091,-0.026712693,0.61389071,0.17211118,-0.25961992,0.1779362,0.35398808,0.42268437,0.052581251,0.001657762,0.69883865,-1.6295779,-0.01232747,0.633959,0.12403207,0.21018356,0.69351059,1.25951,-0.39710104,-0.84452724,-0.29317814,0.18957523,-2.0426497,0.3100912,0.24469607,0.39220124,-0.90649533,-1.58989,0.39275587,-0.56401223,0.21733174,0.10314659,-0.11035565,0.96832514,0.13089108,0.30401367,0.48076612,-0.32058454,-0.40930524,-0.5519827,-2.4068632,-0.79847783,-1.2605436,-0.061666109,-1.2231405,0.19544928,-0.098275639,-0.30937353,0.067773588,2
0.55244994,0.3037293,0.31674242,0.5698415,0.57227516,0.58447444,0.56896436,0.56405175,0.57606518,0.58052486,0.56982994,0.57105029,0.57241702,0.55012167,0.58127677,0.56042159,0.57297146,0.5894177,0.56813246,0.57112294,0.55821872,0.57016838,0.56806982,0.56897742,0.58456087,0.5676859,0.56992954,0.56283712,0.57270926,0.57798225,0.56773096,0.56912017,0.55670935,0.56769365,0.57404846,0.55351955,0.56319118,0.57964849,0.5602544,0.56727409,-0.82400715,0.3061384,0.48174542,0.5118525,1.3918602,1.7959926,1.406093,0.79819238,0.93011308,1.720006,1.4502387,1.2835953,0.34243822,-0.19288516,-0.071345657,-0.32129633,0.61502302,0.34611893,0.37754142,0.32516676,-0.87282342,-0.009170141,-0.47501445,0.38373518,-0.7834937,-0.06366042,-0.20479983,0.68429941,0.2983596,1.5257015,-0.22662385,0.20106441,-1.1096786,-0.20677769,0.041270532,0.8554855,-1.0127498,0.53367138,0.29131967,-0.85327607,-0.082359627,-1.0550611,-0.52984536,0.40995824,0.86196446,0.77396065,0.015470714,-1.7983363,0.71261233,0.11024488,-1.0115434,0.7220794,0.012053221,0.014171876,0.567994,-0.084457248,0.4616189,-0.52783966,0.060398445,0.60053587,-0.68313438,-1.1412685,0.080606967,0.55469429,-0.27282616,0.14276524,0.10985674,-0.23587878,-0.089590073,-0.27880931,0.40352726,0.91071153,-0.20654267,-0.33650738,-0.63759178,0.23313949,0.46112031,-1.160388,0.3853468,-1.0853553,-0.38284662,-1.8348883,-1.1582776,-0.099270076,-0.42100996,0.10506772,-0.34766358,0.18406966,-0.14437054,-0.27570373,-0.8159712,-0.46626967,0.017111614,-1.1580385,-0.20281129,-0.17515129,0.10994024,0.32168376,-0.50178009,-1.8759311,0.70765269,0.43515819,0.84470373,-0.16693386,0.58093166,0.37743044,0.081678197,-0.50215304,-0.16306144,0.23152333,-0.48023856,0.010171235,0.36427143,-0.35678163,-0.84684432,0.0078611,-0.71200967,-0.66159296,0.34445429,-0.34843266,-0.024611464,-0.66201985,0.77595562,0.79640621,-0.008199167,-0.003651582,-1.7281005,0.68921286,-0.049954176,-0.097455136,-0.036515839,-0.56906104,-0.020185709,-0.15588331,-0.68106115,1.0735059,-0.70525324,0.11664889,0.51381356,-1.6557605,-0.14733084,0.2929371,-0.099363863,-0.55601686,-1.010071,0.45234174,0.25467575,0.45590508,0.8073194,-0.75314885,-0.25300366,0.030516228,0.038540512,0.16159658,0.37563521,0.21239987,-0.21822578,-1.3206611,-1.6844457,-0.70493621,0.32784373,0.6262418,0.32095337,-0.49097258,-0.37745139,0.12312615,1.5438472,0.030252248,0.02847087,-0.44240838,-0.32932723,1.1051661,0.16753945,0.24059221,1.1197112,-0.16332778,-2.2776577,-0.075483374,0.46309313,0.003734001,-0.06373658,-0.99740446,0.14180614,-1.6700137,0.28328621,-1.5026226,0.47805247,-0.003251191,-0.85354042,0.010628036,0.20978566,0.56429464,-0.27936807,-0.24457803,-2.7947788,0.41532877,-0.74945265,-0.027706392,-0.13408351,0.3127251,0.58481956,0.081706882,-0.21600245,0.64476788,-1.7940614,-0.89727771,-0.2955392,0.40675509,-0.42307353,0.081350833,0.22451179,0.49873212,0.059456076,0.54724067,0.41548735,0.86884665,-0.91102147,-0.30742043,0.52701801,-0.17384398,0.28090128,-0.019697385,-0.26715243,-1.1989893,-0.48408055,0.091189876,-0.36760929,0.55382043,1.1410123,0.39098099,-0.42944667,0.17830756,-0.38329947,0.63641942,0.58150113,-0.37242296,0.079097874,1.6918294,0.14476173,0.16351062,-0.9750824,-0.16831087,-2.1056037,1.1190778,-1.4299746,-0.36163694,-0.16671079,-1.5473766,-0.1699128,0.22419444,0.062665433,0.59077144,0.53155804,0.59030223,-1.970449,0.97706497,-0.047577254,1.2492343,0.050955072,-1.0670772,-0.044122472,-0.95311356,0.6226455,0.31618655,-0.92100787,0.36116815,-1.9852122,-1.8045031,-1.4201279,-0.34177709,0.51791883,0.42180693,0.25060916,-0.99386275,0.78033519,-1.4118451,-0.14617039,0.25597045,-1.2033496,-0.026394404,0.059681077,0.58127117,0.01090713,0.36081737,-0.048866928,0.50523895,-0.00238652,0.87049228,-0.047854558,-0.1254041,-0.73756397,0.38309634,1.1300879,-0.61815327,0.54380071,0.48629206,0.62631494,-0.72984052,0.84371257,0.45684001,-1.0817097,-0.51028419,0.089630283,0.12783535,0.20215645,0.88346964,-0.31843686,-0.53297472,-0.5284639,-0.003984088,0.66717821,-0.19092898,0.15505013,-0.3357287,0.20876515,1.1740414,-1.2755516,0.14975856,0.28363341,-0.68134528,-0.073132716,-0.24130826,-1.5830873,-1.9712098,-0.20181422,0.60037351,0.12307684,-0.28059936,0.81480402,0.33441731,0.51460773,0.23195824,-0.17527144,-0.58540267,0.23466772,0.16217506,-0.11291209,-0.53441793,0.25922501,0.15212342,1.2979114,-1.7099137,-0.012837637,1.7301493,1.6681261,0.43045363,-1.3588732,-0.29992977,-0.55706584,-0.16066256,0.14351937,0.39684072,0.90852809,0.81608117,0.41479307,0.23418817,0.20854679,0.65398037,0.73498976,0.99536151,-0.92218959,0.32632065,0.31736654,0.15028384,-0.30193555,-0.19625352,-1.825016,0.30978215,0.059837967,-0.29749617,-0.11451509,0.44672865,0.19277701,-0.63120061,0.26713857,-0.17691785,-0.08903791,-0.25027376,0.76958734,1.1767198,0.33279711,0.063497737,0.6431213,-0.1548135,0.005761907,-1.0694791,0.36471817,-0.65372878,0.22473417,0.90493739,-1.0007225,-0.49908778,0.44481546,0.49082205,-0.65671587,-1.2231714,0.60945576,-0.53133571,0.056336507,-1.6376319,0.30540934,-0.18294285,-0.59321666,-0.51506895,1.0807734,0.5173583,-2.0094657,-1.2924917,-0.37150198,0.019121885,0.26257449,0.021947622,0.01981831,0.55639237,0.18148337,-0.1515799,0.25344849,0.32422215,0.44130853,-0.16280757,-0.017005041,0.040501438,-1.5609202,-0.033686347,0.44000185,0.089151353,0.26252875,0.68114686,1.0359967,-0.42176202,-0.74383241,-0.37004167,0.000611318,-1.9740397,0.35756868,0.22994348,0.39698291,-0.77672982,-1.4075754,0.32017678,-0.50745654,0.21560206,0.041041836,-0.027576908,0.59618717,0.19326249,0.30820212,0.47888383,0.022318464,-0.2369189,-0.44896078,-2.3147779,-0.65760034,-1.0993938,0.000462729,-1.098933,0.20867614,-0.20752999,-0.34694797,0.085842013,2
0.60034192,0.35365766,0.32450089,0.62761819,0.61378419,0.63563931,0.62220871,0.61454284,0.62528396,0.61673427,0.61292678,0.61357296,0.62154984,0.59128135,0.62821901,0.61116773,0.61615556,0.64484042,0.6147235,0.60635328,0.58329719,0.61407709,0.59589374,0.60823566,0.60454386,0.60977519,0.61423874,0.59720194,0.60544682,0.60442746,0.60836852,0.59374344,0.58462751,0.60081494,0.59447324,0.58839524,0.58544028,0.60804766,0.58160335,0.59190464,-0.82839876,0.31416121,0.35557377,0.44787052,1.3450038,1.6451383,1.2607315,0.70096076,0.81292892,1.6267848,1.3748603,1.1823006,0.26895908,-0.18807942,-0.35606533,-0.24263756,0.52316248,0.27144045,0.34291729,0.28041145,-0.42226446,-0.030897364,-0.78120708,0.33084092,-0.75780964,-0.017239839,-0.1914904,0.54057115,0.19606265,1.238269,-0.21949123,0.1786219,-1.0880015,-0.25470787,0.002630096,0.68883705,-1.1094722,0.52859837,0.21316534,-0.88385284,-0.17340739,-1.1805756,-0.46504846,0.43452358,0.64934087,0.59124231,-0.063491561,-1.6930196,0.55693018,0.096318968,-1.0319569,0.71286684,0.017249327,0.082669102,0.53868157,0.010341898,0.34809458,-0.27037722,0.049616277,0.48253095,-0.50849295,-0.95929438,0.044618621,0.47427076,-0.25482786,0.15634897,0.081739038,-0.10960919,-0.068753019,-0.29033533,0.45342767,0.67087311,-0.1778117,-0.30233312,-0.12672299,-0.14105493,0.25692505,-0.97609425,0.37444484,-1.111814,-0.39618748,-1.72842,-0.76852107,-0.09681277,-0.52448153,0.2521832,-0.36340299,0.12779695,-0.1472407,-0.020612702,-0.64994746,-0.50703931,0.056852847,-0.96044362,-0.11222929,-0.036130212,0.10740976,0.38800895,-0.49308085,-1.4369916,0.2851418,0.40292332,0.75739026,-0.17185503,0.53760618,0.39624977,0.052349687,-0.42465651,-0.28647196,0.24992651,-0.57621789,-0.23451301,0.30821675,-0.21233678,-0.65292042,0.009281434,-0.40553063,-0.47511426,0.24619725,-0.17093341,-0.028712902,-0.80875283,0.69603318,0.55703962,0.16197951,-0.014880233,-1.6315503,0.40497509,-0.009126164,-0.11859155,-0.068604901,-0.47756395,0.014269736,-0.15876111,-0.656039,0.91472125,-0.42018563,0.14446551,0.38672146,-1.6765195,-0.14002256,0.21332484,-0.1507239,-0.30550206,-0.87349713,0.40333992,0.012061745,0.46307832,0.86362308,-0.72903848,-0.33575112,0.049906261,0.063054442,0.1674211,0.27047658,0.15005404,-0.14683051,-1.1014966,-1.5474873,-0.73795658,0.23363714,0.7101112,0.34089869,-0.43149239,-0.34185275,0.015369296,1.3911288,-0.15943417,0.10417937,-0.22894149,-0.19800282,0.84817356,0.12018375,0.22356872,1.2749486,-0.10369918,-2.349108,-0.12288558,0.53009897,0.06919428,-0.035997197,-0.649939,0.090599209,-1.3321849,0.1437625,-1.0378803,0.35801673,0.17940439,-0.83685201,0.028490243,0.19249678,0.38781768,-0.14384237,-0.35741723,-2.4506469,0.20994988,-0.71047747,-0.045554794,-0.078654602,0.014983244,0.52998221,0.12199949,-0.21811694,0.43417728,-1.2381971,-0.81716979,-0.20275414,0.38137072,-0.45107991,0.09395688,0.20597029,0.4990114,-0.000470001,0.49220744,0.46531412,0.64830363,-0.86983049,-0.32621905,0.54990476,-0.20036808,0.14145018,-0.047276571,-0.29143405,-1.2225711,-0.39786008,0.065340452,-0.47255948,0.41092283,0.96707201,0.38525093,-0.46118742,0.17472941,-0.35011983,0.54381287,0.39918622,-0.39350688,0.097206734,1.6193702,0.093055844,0.098269582,-0.71949542,-0.19885963,-1.7632904,1.0318888,-1.2491072,-0.15649986,-0.20309377,-1.3381526,-0.28884387,0.10432111,0.15873665,0.6585176,0.50154918,0.18698293,-1.7035799,0.78802502,0.074013203,1.0481623,0.065819137,-1.2521746,-0.051065698,-0.78972864,0.61965913,0.20331104,-0.89215589,0.24675165,-1.5179927,-1.5575525,-1.3324541,-0.2498828,0.52332002,0.39182386,0.23618743,-0.83127099,0.71750063,-0.99918985,-0.00988844,0.29472485,-1.0721378,-0.055827871,0.030441731,0.38611683,0.063108303,0.30398321,-0.055871919,0.6030466,0.028809883,0.60355103,-0.029422274,-0.14218843,-0.68850106,0.34497896,1.0513307,-0.57227027,0.67806536,0.44468933,0.52437603,-0.59219223,0.49194306,0.19441083,-0.79741526,-0.58932644,0.078350022,0.091242306,0.13473089,0.76222706,-0.18764077,-0.46003076,-0.57208538,-0.034936383,0.50163734,-0.1508214,0.030574542,-0.31041795,0.17166191,1.0256863,-0.97596341,0.10666622,0.27248231,-0.5057925,-0.071451917,-0.24404459,-1.2391245,-1.7667196,-0.10581679,0.59009069,0.052645385,-0.13212122,0.67452002,0.12735125,0.41734797,0.25341398,-0.13107021,-0.36508161,0.19694592,0.038586535,-0.070758566,-0.50961894,0.30264735,0.20575024,1.2478281,-1.4699825,0.001462741,1.0661654,1.6084992,0.38697767,-1.3660221,-0.36996955,-0.34598327,-0.22051321,0.031370223,0.30805129,0.69956833,0.43457946,0.46216083,0.14779356,0.23163718,0.71535492,0.70463628,0.96754634,-0.9047702,0.34401184,0.096116915,0.17921962,-0.34937984,-0.17715175,-1.5002706,0.30084518,0.039704233,-0.3568362,-0.11872166,0.35794866,0.18249057,-0.47321951,0.23374844,-0.20419028,0.23704806,-0.038400784,0.48189187,1.027173,0.28683606,0.032620296,0.5396843,-0.23410904,-0.042556055,-0.86224043,0.33190602,-0.6882996,0.037779525,0.67141306,-0.82294703,-0.46541733,0.43528897,0.32915807,-0.52468425,-1.0845544,0.54182518,-0.54733324,0.060554236,-1.6194699,0.30626154,-0.30460918,-0.6950413,-0.30610847,0.91057599,0.45268947,-1.70179,-1.0867724,-0.40969414,0.034992412,0.24830189,-0.16041428,-0.010925015,0.43798023,0.21781403,-0.17308521,0.23206159,0.33534017,0.35520846,-0.062581263,-0.24614543,0.10375493,-1.4750185,0.023358956,0.32378983,0.020164806,0.24673112,0.58147764,0.90126795,-0.34487891,-0.71721292,-0.29600093,0.048902363,-1.8248186,0.32139167,0.48199636,0.37202066,-0.72601509,-1.2287192,0.27316231,-0.62442082,0.044580176,-0.027724698,-0.033253711,0.46518278,0.15300816,0.2761088,0.29151115,0.046813447,-0.23136173,-0.30393484,-2.1428714,-0.6904031,-0.75648302,-0.048257396,-0.82267326,0.18327305,-0.12147769,-0.23330218,0.04221319,2
0.5005182,0.2479277,0.24264722,0.51438594,0.50853759,0.52367854,0.51026714,0.4920246,0.51600027,0.5203855,0.50805062,0.51186627,0.5124054,0.4962281,0.51866329,0.50379395,0.50118339,0.5368191,0.51093185,0.50487155,0.48425516,0.51146084,0.49429268,0.49713874,0.50420189,0.49999905,0.510553,0.50134248,0.49919254,0.50443923,0.49875295,0.50066984,0.48982623,0.50034207,0.50085866,0.48966211,0.48660377,0.50341886,0.4774017,0.49535358,-0.76468396,0.23450284,0.31346285,0.39455867,1.275517,1.6678925,1.2278346,0.64726681,0.76329112,1.5693429,1.3222418,1.126308,0.3304733,-0.17931738,0.024359904,-0.24926323,0.63564754,0.31713387,0.3545863,0.30974326,-0.51956064,0.006643144,-0.53625405,0.34175721,-0.82710969,-0.056861907,-0.21046984,0.60192078,0.077483088,1.3521661,-0.17987286,0.19898537,-1.0584235,-0.16821991,-0.028400745,0.88018578,-0.96909106,0.51756185,0.26041496,-0.78205484,-0.1377617,-1.0189859,-0.56361294,0.27887386,0.88891971,0.55879956,0.001964934,-1.5768089,0.56996924,0.1030039,-1.0246701,0.6803785,0.044171251,0.018405393,0.4808383,-0.081931852,0.37214261,-0.32256138,0.017682314,0.56969756,-0.45420125,-0.91723055,0.036736012,0.51472819,-0.3841452,0.15127817,0.16643032,-0.19525655,-0.11197452,-0.31352782,0.40555623,0.73789215,-0.1752905,-0.48405248,-0.35731417,-0.006544322,0.19884451,-0.95503253,0.39858818,-1.0560626,-0.37246791,-1.6890073,-0.90861988,-0.10381132,-0.45270532,0.32087508,-0.40291923,0.19548143,-0.13005029,-0.23234725,-0.69303274,-0.53622162,-0.005315822,-1.0112698,-0.10740178,-0.084031701,0.10819338,0.36016485,-0.42506698,-1.5046765,0.36016256,0.40404615,0.76361024,-0.11606312,0.48292983,0.39513838,0.053617403,-0.68984139,-0.23262551,0.21459161,-0.41453105,-0.088248774,0.36540496,-0.29208159,-0.64565694,0.004154585,-0.60196084,-0.43377081,0.26090279,-0.24924654,0.026100241,-0.66635525,0.65513629,0.51175344,0.11016651,-0.13276973,-1.6051381,0.52706271,0.067978561,-0.18674307,-0.041058298,-0.49870369,-0.029324861,-0.14710484,-0.71803069,0.78359056,-0.57400823,0.13618329,0.30705991,-1.4971883,-0.095000684,0.35114828,-0.1770784,-0.35644099,-0.83330977,0.46495208,0.29126909,0.41625184,0.60036951,-0.70499068,-0.28044227,0.03250324,0.11918405,0.15613727,0.32473168,0.11083982,-0.16345823,-1.2028452,-1.6447704,-0.59113741,0.25141829,0.66773272,0.24952072,-0.50656509,-0.33973819,0.08249741,1.3636911,-0.27525505,0.035896391,-0.25482321,-0.33342642,0.93154353,0.15059081,0.23683399,1.1321162,-0.10360244,-2.0186272,-0.043757625,0.34936318,0.002699303,-0.012378674,-0.69732803,0.2618376,-1.438275,0.27190948,-1.1622506,0.33820581,0.12766512,-0.82122433,0.014551693,0.17366305,0.3763659,-0.24436167,-0.4497413,-2.3978209,0.29157943,-0.6965484,-0.000884347,-0.070556201,-0.085948721,0.61428797,0.055227801,-0.24774107,0.84550148,-1.4778581,-0.86473376,-0.28527522,0.32741818,-0.37745184,0.14909026,0.18481503,0.42514825,-0.041800361,0.44077888,0.4542897,0.8305698,-0.7929588,-0.30104297,0.41294685,-0.11640954,0.22001442,0.026604321,-0.35253212,-1.1866841,-0.45646083,0.076896749,-0.33931002,0.42112392,0.95782131,0.354707,-0.44233626,0.1896017,-0.22555605,0.50582623,0.38932198,-0.4008458,0.076206282,1.2137246,0.13767877,0.15505528,-1.0010955,-0.11364967,-1.8411374,0.9842003,-1.2503182,-0.13030449,-0.13684519,-1.4658642,-0.042011693,0.12125821,0.24112435,0.55115283,0.40373898,0.25752604,-1.7779807,0.88250124,0.004048105,1.037948,-0.018952375,-1.1289642,0.017663822,-0.8867842,0.55506891,0.12198077,-0.83217442,0.21791279,-1.6331553,-1.5309019,-1.2299238,-0.39178255,0.42478034,0.39825779,0.24810854,-0.8991617,0.76061547,-1.1052004,-0.12344187,0.21871448,-1.1498793,-0.060139559,0.0543488,0.48686942,-0.047298796,0.21627846,-0.12757698,0.38834888,0.009455556,0.77514118,-0.051861942,-0.14404827,-0.68537796,0.40417928,0.94506508,-0.61056262,0.48281473,0.46518254,0.40683436,-0.6436379,0.53181243,0.38723049,-0.90432316,-0.61862779,0.076442875,0.13836586,0.20561025,0.75114375,-0.25311643,-0.45488372,-0.48685342,-0.006629137,0.51175106,-0.14770369,0.17893222,-0.36638582,0.20652896,0.89069843,-0.97031116,0.091808297,0.31052423,-0.5111295,-0.078740299,-0.48103118,-1.3573256,-1.8611989,-0.14160727,0.62772548,0.05589585,-0.25108904,0.67668355,0.26389951,0.44095221,0.2696605,-0.14609118,-0.38095567,0.22661404,0.045902211,-0.055771928,-0.62380266,0.28767434,0.21397763,0.88442069,-1.5581554,-0.045327798,1.4399379,1.16062,0.33787099,-1.3968017,-0.27697739,-0.41670358,-0.2184865,0.043266878,0.25714785,0.68885964,0.69069129,0.22293851,0.18167131,0.16455364,0.87150395,0.63579679,0.85487163,-0.95381743,0.29741079,0.11654429,0.16526985,-0.44512856,-0.14948627,-1.6746007,0.31960726,0.008974936,-0.25714755,-0.12215909,0.1942904,0.1374536,-0.41177148,0.2878662,-0.19275722,-0.020227313,-0.11755859,0.310285,0.76581109,0.30278799,0.082004718,0.57824707,-0.27329642,-0.16725633,-0.91815507,0.32013956,-0.66581655,0.12275894,0.77715242,-0.91400415,-0.26810274,0.45318663,0.38041908,-0.43252993,-0.97116613,0.39044258,-0.46377137,-0.082600176,-1.551253,0.23063101,-0.20514132,-0.4305045,-0.44299009,0.92628539,0.46920308,-1.6580391,-1.1017636,-0.38823804,0.030178633,0.24187553,-0.055098452,0.02125179,0.46923679,0.22276548,-0.10405716,0.23438472,0.28518462,0.3992188,0.060103551,-0.11383305,0.17714356,-1.3374047,-0.000998081,0.30520949,0.05068529,0.18392099,0.56279117,0.79968816,-0.38163346,-0.71028197,-0.34852734,0.093438104,-1.8281505,0.33552122,0.38026017,0.4124949,-0.63289368,-1.1880503,0.27482986,-0.66648042,0.13346469,-0.034393661,0.1157211,0.50669372,0.15167321,0.31481832,0.35228306,0.045456849,-0.042092256,-0.33777034,-2.1235268,-0.60752034,-0.77271301,-0.008827072,-0.90614831,0.14042105,-0.13361713,-0.21929674,0.098930575,2
0.41252664,0.16742121,0.1477935,0.48709977,0.47059673,0.50314772,0.47919267,0.45684049,0.48589176,0.47396556,0.47664556,0.47363669,0.48552781,0.4582909,0.4881736,0.47341675,0.47390074,0.50296611,0.49421233,0.47582364,0.46488345,0.47095448,0.4650948,0.46499643,0.48557666,0.46963358,0.46867749,0.45778078,0.48599982,0.46648464,0.45937365,0.4884181,0.45308644,0.45960379,0.47376534,0.44920978,0.45238745,0.48192933,0.44576618,0.46691996,-0.71765524,0.1149561,0.33536416,0.45763165,1.2692111,1.5692055,1.2164998,0.67550921,0.7908591,1.5601342,1.1998996,1.1339066,0.25662035,-0.20295663,-0.084320441,-0.31067309,0.54364514,0.31006226,0.32246843,0.2475542,-0.81865853,-0.048261017,-0.48419875,0.44278547,-0.7455551,-0.060861882,-0.20922546,0.64261508,0.23241746,1.4791801,-0.2198891,0.18465467,-1.1014544,-0.24523258,0.001562648,0.74050528,-1.0426228,0.46744525,0.2233102,-0.84113932,-0.10605115,-1.1123874,-0.62888092,0.41407633,0.74471444,0.70920885,-0.021191953,-1.6949397,0.64380151,0.073476151,-0.90811425,0.52228826,0.029740822,0.099019706,0.53247583,-0.11707192,0.44690543,-0.43848276,0.049693093,0.50051004,-0.49442601,-0.95398211,0.054667197,0.53440064,-0.27737206,0.10189712,0.10716379,-0.16590077,-0.11535603,-0.26410559,0.44952586,0.85775095,-0.22301401,-0.39099559,-0.50145829,0.33551461,0.54659277,-0.98412693,0.38496804,-0.97621715,-0.36001244,-1.7532535,-0.90216899,-0.042752795,-0.37937605,0.32300436,-0.39029467,0.22719988,-0.17552948,-0.1106848,-0.7256887,-0.39249635,0.41683689,-1.075666,-0.12068304,-0.1001839,0.17065875,0.34415689,-0.46292719,-1.7175133,0.74637526,0.39128798,0.79511654,-0.15024474,0.51124156,0.24510536,0.034310736,-0.14154375,-0.18216676,0.43931997,-0.32760385,-0.16268192,0.29864797,-0.29224253,-0.73870862,-0.003328465,-0.58493012,-0.69560504,0.31738803,-0.3415361,-0.038197227,-0.5695172,0.65229583,0.58533353,0.12808532,-0.023491211,-1.6963115,0.67357808,0.007959649,-0.14580894,-0.074956574,-0.53993475,-0.059047088,-0.17781238,-0.61718339,0.94302303,-0.69879955,0.10491782,0.50834119,-1.475395,-0.17371227,0.30449474,-0.12264711,-0.39659706,-0.87446147,0.5025323,0.198228,0.37030286,1.0812126,-0.71907365,-0.22472647,0.013361642,0.04083379,0.23429325,0.34918776,0.11309957,-0.085403368,-1.1619166,-1.6232001,-0.71011537,0.24727023,0.49412563,0.32171947,-0.45808166,-0.27529672,0.12904526,1.4817882,-0.011678562,0.02617475,-0.40621263,-0.21467006,1.1674823,0.1547035,0.19962367,1.9644384,-0.073884889,-2.2352171,-0.080800995,0.65120471,0.014131048,-0.056281365,-0.78510892,0.14184628,-1.4415697,0.21863714,-1.3099866,0.4918043,0.040198624,-0.82433987,-0.041583076,0.37643501,0.55772424,-0.26174641,-0.18551843,-2.4631624,0.39696801,-0.81761909,-0.054685865,-0.17981368,0.26841381,0.49923408,0.16401425,-0.18256603,0.76089293,-1.5382361,-0.81189585,-0.2337884,0.35454968,-0.47072601,0.15816662,0.216913,0.48255566,0.073600501,0.46360368,0.43722013,0.78373718,-0.92266238,-0.3485975,0.53933346,-0.13188845,0.22434467,-0.065794557,-0.24888083,-1.1181606,-0.49438611,0.06117877,-0.41865739,0.44841695,1.2537668,0.34373921,-0.40623444,0.14700525,-0.36122212,0.59234804,0.61401236,-0.35464332,0.073486499,1.4488789,0.074632674,0.1422641,-0.83733284,-0.13287772,-1.9092174,1.0691341,-1.293372,-0.26699299,-0.17096868,-1.296472,-0.21505243,0.19034207,0.36702436,0.56165236,0.49055806,0.38855255,-1.8351272,0.96951586,0.004279397,1.1258299,-0.020126365,-1.020625,-0.023781419,-0.89086908,0.57129651,0.31095219,-0.78738546,0.36624753,-1.7365376,-1.5201609,-1.3513949,-0.49715468,0.41841128,0.53890598,0.23709241,-0.88452268,0.68693513,-1.2140477,-0.12000278,0.29963443,-1.0839386,0.03336915,0.042167712,0.5626505,0.043413617,0.42837864,-0.12229681,0.44448435,-0.042277019,0.74727023,-0.01985126,-0.15820806,-0.63923252,0.345393,0.97856367,-0.56845462,0.5602929,0.44611695,0.57580483,-0.65604973,0.71725541,0.51083368,-1.0152189,-0.53614002,0.04536422,0.19019488,0.20320785,0.86439407,-0.28404835,-0.46351886,-0.46023938,-0.047014296,0.59007466,-0.20681408,0.14503363,-0.32407546,0.15965807,1.1652567,-0.9579308,0.10993291,0.25998205,-0.60764533,-0.066540211,-0.038482666,-1.3707364,-1.8023777,-0.20663385,0.53755629,0.070399046,-0.2545304,0.73219562,0.30613035,0.442399,0.13357833,-0.19171472,-0.46416453,0.20124239,0.050575841,-0.1250115,-0.43193766,0.17421679,0.12802097,1.3329551,-1.6213311,-0.037084639,1.6494182,1.5325738,0.40194097,-1.2256017,-0.30551928,-0.32253164,-0.13214138,0.10859577,0.3886691,0.79167402,0.87133658,0.39573103,0.21138591,0.1901041,0.6493718,0.7033639,1.0841579,-0.79504919,0.26271805,0.27094486,0.10875268,-0.3354919,-0.16647024,-1.660116,0.25230622,0.043583665,-0.35991421,-0.21046111,0.42506102,0.18327039,-0.59812129,0.25710285,-0.15285143,0.009495974,-0.049753346,0.72430956,1.1834471,0.25989312,0.003383886,0.59288716,-0.18602401,0.003440823,-0.97301942,0.358812,-0.66379797,0.24165931,0.80898869,-0.89820784,-0.36827493,0.40309107,0.42062593,-0.52168894,-1.1076688,0.57190865,-0.55772471,0.012354843,-1.4867814,0.28986779,-0.1689225,-0.54131073,-0.44111598,0.96004069,0.49080539,-1.8209063,-1.1816803,-0.32157242,-0.038103774,0.1671249,0.047736239,-0.061209984,0.54094452,0.19226007,-0.14369909,0.30019033,0.33412936,0.4761799,-0.11507329,-0.16405191,0.059589669,-1.4033363,0.036441073,0.49353138,0.031872906,0.18910807,0.63094133,0.92229962,-0.35253173,-0.75101131,-0.36474046,-0.03888781,-1.896046,0.31645617,0.23537968,0.36545056,-0.70446193,-1.2574496,0.27466375,-0.48465049,0.085129321,0.094487496,-0.12231123,0.65589851,0.15097527,0.2674922,0.41311014,-0.001271959,-0.14589594,-0.40074354,-2.1371746,-0.77862448,-0.91054374,-0.081860602,-0.84155029,0.22297624,-0.075464167,-0.3075043,0.053182047,2
0.53311539,0.31647241,0.31025034,0.5479697,0.54225481,0.55949593,0.54754561,0.53362942,0.54046977,0.55121535,0.53761876,0.54408854,0.54052269,0.53118503,0.56197733,0.54473078,0.54969203,0.56734908,0.55386269,0.52842927,0.52894568,0.54266465,0.53244853,0.54073095,0.53985685,0.52567202,0.54046679,0.53240371,0.54287136,0.53897774,0.53294194,0.53488994,0.52709949,0.52327073,0.52824324,0.5244295,0.51243782,0.52609789,0.51924419,0.51533121,-0.92474502,0.29791099,0.49004799,0.51875156,1.396695,1.7910604,1.4263144,0.798347,0.93439561,1.7274969,1.4540873,1.2892442,0.41149169,-0.18193272,-0.19910941,-0.28588006,0.71518898,0.40893269,0.39684451,0.34639657,-0.79149961,-0.017010059,-0.44647497,0.43365872,-0.81044352,-0.16188061,-0.22546341,0.63162094,0.32774371,1.4062676,-0.24649313,0.2486144,-1.1464036,-0.17640683,0.003517434,1.037783,-1.033841,0.62313271,0.29165646,-0.90664005,-0.086513393,-1.0699368,-0.46653762,0.47389984,0.96544206,0.6974234,0.017557438,-1.6853302,0.68099892,0.13279106,-1.0433213,0.71422029,0.007081255,0.026066409,0.61528027,-0.067181081,0.4275164,-0.44833779,0.063057192,0.6352846,-0.821558,-1.1150942,0.084153928,0.56013691,-0.36689705,0.29835373,0.097190171,-0.22538584,-0.14888433,-0.29382157,0.46917042,0.84870976,-0.20505448,-0.36454368,-0.54202324,0.15644862,0.54828894,-1.0926298,0.43530315,-1.0530856,-0.34674835,-1.8084247,-0.9982928,-0.10344111,-0.51318479,0.36367285,-0.44792619,0.14441465,-0.11933757,-0.11772192,-0.72189921,-0.53711677,0.054255519,-1.1179532,-0.12018637,-0.092067242,0.041509315,0.36136958,-0.4229674,-1.8157175,0.58752877,0.45536515,0.86833465,-0.209897,0.53827196,0.43768179,0.066213779,-0.37581635,-0.31478202,0.27006647,-0.53256607,-0.000303775,0.48418927,-0.31408456,-0.83992457,0.035994813,-0.59852451,-0.63953459,0.31147891,-0.24659458,0.038012631,-0.62249631,0.78487509,0.57409942,0.09061341,-0.000803612,-1.7006314,0.59765899,-0.010348201,-0.15543054,-0.072622702,-0.59940147,0.002872486,-0.11871281,-0.6473549,0.98683339,-0.69037765,0.16609678,0.51715899,-1.8614899,-0.12974094,0.26906854,-0.11122014,-0.50207311,-0.95106936,0.45783097,0.091409564,0.51264894,0.8130604,-0.68884981,-0.34818146,0.033936128,0.022763247,0.12405611,0.39598119,0.10382318,-0.16141517,-1.3018675,-1.6784706,-0.72492278,0.24196152,0.76023757,0.22602379,-0.43002898,-0.41959158,0.065426663,1.3859429,0.03688629,0.064089403,-0.35383222,-0.33683735,1.1273015,0.19950481,0.26084921,1.2477651,-0.18487768,-2.2709916,-0.134951,0.57808405,-0.023302842,-0.074461989,-0.88829988,0.075678177,-1.5255883,0.32212073,-1.5362408,0.31298697,0.076836273,-0.93413836,0.073951446,0.34105572,0.47467485,-0.25533056,-0.19300528,-2.7150166,0.36943224,-0.70686293,0.024139471,-0.040569857,0.15601277,0.53942347,0.10958456,-0.19879189,0.77108836,-1.5941912,-0.84352076,-0.23888408,0.45875365,-0.41354755,0.10867357,0.2013205,0.51791602,0.034940481,0.52773446,0.47990647,0.83057344,-0.88065302,-0.23258954,0.59994256,-0.1378185,0.26842359,-0.054822259,-0.2766552,-1.1574942,-0.4337472,0.11722265,-0.28800821,0.52151638,1.1718621,0.37547868,-0.44970047,0.2309355,-0.34764722,0.5790289,0.58257228,-0.43045604,0.089404665,1.9240181,0.13985781,0.15971141,-0.91711813,-0.15117294,-2.0407274,1.0406749,-1.3984188,-0.32687467,-0.16798142,-1.6099582,-0.31581071,0.2143992,0.15569636,0.39719468,0.49745798,0.28671968,-1.8874143,0.9360441,-8.71E-05,1.1975858,0.038223658,-1.1494792,0.018246725,-0.98206139,0.47252929,0.2073423,-0.95713156,0.31834733,-1.9226792,-1.6648984,-1.4514985,-0.28702745,0.39733306,0.43828827,0.30070132,-0.87808925,0.89282733,-1.3417923,-0.23799045,0.25731471,-1.2444652,-0.12593853,0.055454664,0.50441575,-0.040818043,0.40312245,-0.07148838,0.4301843,0.028144421,0.66774249,-0.008432265,-0.15541252,-0.73635942,0.45365569,1.0659193,-0.67160952,0.58934218,0.54951435,0.52690244,-0.74018937,0.62129289,0.48507956,-0.98865163,-0.54343545,0.11550248,0.14504009,0.25414133,0.92554456,-0.3356778,-0.58553815,-0.52752292,-0.034276694,0.52387756,-0.21876411,-0.035012998,-0.34932411,0.23860328,1.1833553,-1.0091319,0.14273582,0.32559514,-0.69793856,-0.070680425,-0.28183252,-1.434212,-1.9407848,-0.25843084,0.79337239,0.082540661,-0.26859802,0.72749513,0.22549686,0.5307945,0.31390864,-0.19884378,-0.53850269,0.26467174,0.072037727,-0.18370998,-0.53801835,0.28874668,0.23876172,1.2225747,-1.7640977,0.024003841,1.5292574,1.6917216,0.46115679,-1.2584536,-0.33608627,-0.28496844,-0.14896443,0.06751705,0.29082784,0.87651163,0.71365172,0.45740592,0.18542697,0.24823245,0.81809711,0.7049669,1.0793085,-0.93979514,0.25141197,0.23128244,0.22653322,-0.34969991,-0.18263558,-1.7923371,0.35322481,0.011983421,-0.25672847,-0.14763655,0.37838891,0.23289445,-0.69860953,0.23977624,-0.14887111,0.14028731,-0.19475466,0.58552229,1.074029,0.37341556,0.077283449,0.63329178,-0.2282588,-0.023223191,-1.1114194,0.36536565,-0.65606982,0.20668946,0.7643078,-0.89339459,-0.33354241,0.42732173,0.41466382,-0.56024319,-1.131021,0.58083713,-0.52893722,0.04383678,-1.5508542,0.2850967,-0.19290206,-0.59421182,-0.52618074,1.0859814,0.51361763,-1.9611306,-1.2193333,-0.36777246,0.033897545,0.25406098,-0.008350968,0.039874453,0.5471555,0.26551044,-0.17108014,0.19087397,0.35458967,0.37889007,-0.10680861,-0.20977496,0.22340094,-1.5935702,-0.00427171,0.38287187,0.092400514,0.22806531,0.63097072,1.011892,-0.42891294,-0.82556301,-0.40973973,0.12283285,-1.9410224,0.39122897,0.32493445,0.40615085,-0.77069604,-1.3847177,0.37182754,-0.52731043,0.16993645,0.029432945,-0.057224736,0.49660322,0.21076024,0.32227781,0.45762384,0.069205776,-0.28813833,-0.38953578,-2.2469716,-0.61905169,-0.85920453,0.052302234,-0.93208957,0.21292695,-0.092254281,-0.30371338,0.087783754,2
0.54941452,0.33758739,0.32425079,0.54228508,0.52664185,0.54684579,0.5378468,0.52177429,0.53340828,0.53696954,0.52909839,0.53329414,0.53782362,0.52533293,0.54701829,0.53045487,0.54896951,0.5592581,0.53964376,0.53499687,0.52989209,0.52933735,0.50906831,0.52729803,0.53300524,0.51936102,0.52423805,0.51468205,0.53225249,0.52054179,0.5089283,0.52864182,0.51856863,0.51478463,0.51887083,0.5102489,0.50684077,0.52247262,0.50195903,0.50812018,-1.0681047,0.31207985,0.51565975,0.53657913,1.4251616,1.8225693,1.4330409,0.83181983,0.96677607,1.7516843,1.489563,1.315696,0.4217791,-0.15955,-0.18420729,-0.45950598,0.65181822,0.39339614,0.40083599,0.34497249,-0.71667427,-0.020016937,-0.59782916,0.45401281,-0.70664543,-0.129436,-0.24199811,0.70752299,0.11079425,1.3689719,-0.20944145,0.22342691,-1.1451511,-0.18093242,-0.13479474,0.88236928,-0.98573315,0.56934881,0.25431517,-0.86307323,-0.13578853,-1.1462723,-0.54970461,0.34385723,0.86704957,0.63618773,-0.042035885,-1.6622075,0.69544888,0.14921257,-1.1168059,0.69243562,0.007454254,0.10892781,0.60923004,-0.061682232,0.4156003,-0.36209732,0.024680775,0.61563802,-0.62647074,-1.0790297,0.085152358,0.47458202,-0.45530686,0.17969741,0.12863535,-0.26277557,-0.079866134,-0.29135984,0.39076883,0.57363713,-0.17568453,-0.35933354,-0.32948455,-0.097462922,0.47116131,-1.1031148,0.38299277,-1.1481485,-0.35035375,-1.8326058,-0.96687073,-0.082162142,-0.5388611,0.2357045,-0.4076831,0.090910554,-0.094482422,-0.21426493,-0.72003436,-0.54358149,0.007540897,-1.121413,-0.216304,-0.073501952,0.058393374,0.20615126,-0.39060357,-1.6615456,0.53209001,0.49857822,0.81572849,-0.16471466,0.48244429,0.45601082,0.07821957,-0.40121824,-0.17906649,0.1815445,-0.50235349,0.20687661,0.44838566,-0.41261238,-0.8461569,0.025867864,-0.58431953,-0.47021359,0.25994766,-0.33507824,0.044353705,-0.80200559,0.79421431,0.96693075,0.17012149,0.1162793,-1.6342531,0.51747787,0.1468752,-0.17171916,-0.068117693,-0.58864415,0.1599234,-0.17268278,-0.72328401,0.99636167,-0.76225656,0.13025105,0.35409591,-1.4244162,-0.070742227,0.24011652,-0.14535227,-0.47970387,-0.91039681,0.34339863,0.19728118,0.57088649,0.59029198,-0.7871989,-0.29471329,0.025281753,0.068624504,0.16946195,0.39100021,0.1885799,-0.12927969,-1.2729561,-1.7700278,-0.67099375,0.35123217,0.65229416,0.30386502,-0.46876523,-0.38653672,0.01000911,1.0232335,-0.31377369,0.05739338,-0.27120334,-0.31341618,0.89513135,0.13548844,0.27157554,1.1839454,-0.18882602,-2.1768095,-0.069867752,0.62034619,-0.015182562,0.006298274,-0.76910299,-0.017616093,-1.5096583,0.23288813,-1.1169542,0.22080308,0.10978657,-0.91483676,0.04725682,0.35827416,0.45541373,-0.24927542,-0.25586694,-2.574702,0.35110232,-0.47958425,0.00817693,0.14403674,0.16523318,0.52089632,0.19941446,-0.22489606,0.65869927,-1.5501499,-0.85703212,-0.35123843,0.5221535,-0.39509478,-0.018694803,0.17285556,0.45539176,-0.01114098,0.48614144,0.39997476,0.66906351,-0.84500283,-0.27837425,0.69257623,-0.041654535,0.17150897,0.063959256,-0.36070293,-1.2994227,-0.52748221,0.099976465,-0.29564723,0.51578081,1.0622946,0.38146627,-0.46915165,0.25241852,-0.32415682,0.58795893,0.53877538,-0.41697082,0.10370557,1.471392,0.23023158,0.22468123,-0.89204746,-0.20105895,-1.9577394,0.99591506,-1.3246061,-0.19706924,-0.12709936,-1.3902674,-0.21833989,0.15903462,-0.00223349,0.56437063,0.40603074,0.32151428,-1.8662376,0.87589407,-0.006176721,1.2184808,-0.002324127,-1.2196236,0.035094321,-0.94680166,0.58843243,0.33609658,-0.8473075,0.32250997,-1.7511973,-1.5264771,-1.2949739,-0.34807348,0.48531702,0.96354055,0.31920892,-0.86571181,0.87080806,-1.2233863,-0.20068701,0.2791228,-1.1678239,-0.09925285,0.096052766,0.50567508,0.004651792,0.25226006,-0.16960481,0.40076706,0.008856485,0.54854161,0.061334245,-0.21214423,-0.76279169,0.48175177,1.0359074,-0.5776251,0.58258212,0.53183848,0.51567262,-0.70545948,0.70005798,0.31314078,-0.91452211,-0.73392177,0.1080673,0.17288148,0.059158534,0.79469544,-0.33130205,-0.52018756,-0.53754181,-0.013241307,0.68133581,-0.16011035,0.25287277,-0.4291158,0.21882072,1.089859,-1.1091523,0.13497767,0.31414056,-0.59810203,-0.033141736,-0.30873048,-1.3415575,-1.935581,-0.24660456,0.78780651,0.027282909,-0.22321597,0.82215858,0.20395313,0.45285848,0.31931502,-0.18577662,-0.48787826,0.24594949,0.18427332,-0.13404857,-0.50240517,0.28420374,0.19535024,1.1754003,-1.6594687,-0.11146741,1.3703204,1.4258152,0.45102489,-1.3581218,-0.37674785,-0.55620968,-0.2561951,0.13199972,0.35372066,0.76151568,0.68001765,0.26444006,0.19176602,0.17843609,0.91081786,0.61359167,1.0274638,-0.98437393,0.31775877,0.12877463,0.1514159,-0.37043419,-0.14896131,-1.7107854,0.36405277,0.018183433,-0.39928281,-0.16016328,0.36168873,0.19712614,-0.63900906,0.27650765,-0.18005317,0.6665675,-0.06557624,0.59767467,1.0431823,0.33935487,0.053639732,0.628066,-0.13617532,0.052782178,-0.98453677,0.24653061,-0.7045548,0.065787792,0.73952663,-0.87606674,-0.36591262,0.52553946,0.41135633,-0.55796307,-1.1271207,0.63263786,-0.46121883,-0.039897107,-1.6078618,0.2500225,-0.20781073,-0.60266757,-0.4286783,1.0482671,0.40663761,-1.7822783,-1.2092396,-0.408472,0.023673765,0.25572917,-0.14691368,0.022443803,0.5430302,0.16780931,-0.17310502,0.19452673,0.29786301,0.33511019,-0.13082872,-0.10485842,0.33700913,-1.5871015,-0.002377713,0.53431821,0.10882138,0.23812652,0.61677742,1.0194093,-0.39830166,-0.83661091,-0.25858301,0.24563828,-1.8548087,0.34600249,0.29728565,0.45774716,-0.74199522,-1.2244555,0.2351386,-0.6131202,0.12251642,-0.083765194,-0.037785504,0.61720359,0.17508438,0.35703069,0.34531888,0.074575111,-0.15960205,-0.41634452,-2.1856835,-0.61246043,-0.95112789,0.036922053,-0.94864881,0.2763814,-0.088056773,-0.30906412,0.064950354,2
0.47487804,0.22715661,0.23346391,0.48635289,0.47438455,0.48817372,0.48137927,0.47268745,0.47080988,0.4736793,0.47155568,0.47990596,0.47325981,0.4581452,0.48517287,0.47216195,0.47618362,0.49246469,0.47207746,0.46141195,0.4606443,0.46731478,0.46721622,0.46212214,0.46847755,0.45923099,0.46300191,0.45266807,0.4631964,0.46668386,0.4582803,0.46512485,0.4513337,0.45618302,0.46371517,0.44682038,0.44208777,0.46610475,0.44697481,0.45405522,-0.77028143,0.22779271,0.27637142,0.4097268,1.3131465,1.6326375,1.2011664,0.63550913,0.74686015,1.573977,1.3572298,1.1215911,0.26150939,-0.17969553,-0.22381294,-0.37805235,0.46140802,0.26741868,0.27715477,0.2164373,-0.76629418,0.009212207,-0.52684921,0.36069268,-0.78082514,-0.003562078,-0.17752948,0.60214758,0.17604499,1.498336,-0.2082884,0.12200058,-1.0298644,-0.29157332,-0.021510351,0.63952225,-0.99295956,0.46729118,0.2073988,-0.80280429,-0.15287517,-1.12367,-0.49320412,0.31493863,0.59480029,0.64560699,-0.042841874,-1.6881827,0.65223032,0.083209872,-1.0232822,0.74064112,0.041731406,-0.037319675,0.50115204,-0.064166829,0.37730047,-0.35574195,0.060588725,0.4617272,-0.46119311,-0.96394533,0.024856608,0.53162265,-0.1843417,0.1391052,0.022880619,-0.16917086,-0.16333176,-0.25682518,0.38029891,0.71567601,-0.19637884,-0.30126387,-0.21754834,0.20581226,0.27026293,-1.0217398,0.35361785,-1.1241964,-0.29282063,-1.6343737,-0.85877854,-0.082584351,-0.53605098,0.21281253,-0.3209807,0.18691997,-0.12511411,-0.15796503,-0.64684337,-0.54259306,0.15623398,-1.0017446,-0.21064791,-0.023354344,0.12345562,0.20974466,-0.43341476,-1.5325516,0.4247753,0.36336979,0.81664997,-0.11077804,0.49434873,0.35352737,0.03323438,-0.38145152,-0.28872275,0.28490785,-0.37096924,-0.047286585,0.27213436,-0.21594241,-0.61317801,0.01628004,-0.50741994,-0.46330807,0.33887658,-0.39059222,-0.024625737,-0.60511684,0.6561178,0.5732891,0.031041944,0.042726263,-1.5781829,0.67462635,0.000273168,-0.19800717,-0.064352855,-0.44749692,0.030671153,-0.14681168,-0.58612853,0.99321705,-0.65672624,0.069197059,0.34856248,-1.5180789,-0.18601355,0.27426723,-0.10554817,-0.49633613,-0.88697547,0.46742946,0.040215313,0.5012992,0.62490147,-0.66424632,-0.29170412,-0.002994776,0.055566151,0.24845713,0.19666582,0.21524781,-0.11767907,-1.1169294,-1.5696627,-0.70535189,0.24595806,0.70919055,0.28756094,-0.38847151,-0.32957309,0.076666005,1.4258809,0.13941008,0.075719312,-0.29698762,-0.20819063,0.94737136,0.048124101,0.18730088,1.3076543,-0.097312823,-2.2015059,-0.056967508,0.37494165,0.045784153,0.005930878,-0.72891265,0.12331571,-1.3217771,0.2377094,-1.1087626,0.43623036,0.073873527,-0.7853269,0.04837675,-0.005500421,0.51406282,-0.26923683,-0.21107899,-2.2616477,0.3833918,-0.70397514,-0.10077063,-0.2049998,0.067192271,0.58590114,0.14821315,-0.11139013,0.48780221,-1.3521552,-0.7658506,-0.25794503,0.32489261,-0.46838301,0.17274596,0.18727118,0.33673972,0.061067544,0.45151192,0.47458398,0.74945277,-0.83694947,-0.3229591,0.52828187,-0.23642316,0.19219768,-0.088085651,-0.28379631,-1.1874237,-0.34499466,0.047707204,-0.36840555,0.40328297,1.1462941,0.36957586,-0.44100738,0.10021038,-0.33857301,0.52692533,0.53958255,-0.33758849,0.066218227,1.5659477,0.073447481,0.13744494,-0.85001874,-0.17459607,-1.779605,1.0883976,-1.2649672,-0.24820364,-0.057989389,-1.2980611,-0.11887577,0.15411262,-0.044141963,0.70661163,0.41556728,0.43401903,-1.6919292,0.95062989,-0.018097922,1.1539243,0.028773032,-0.97367531,0.026260644,-0.81293744,0.70917094,0.43491572,-0.74827045,0.24993671,-1.6062922,-1.4363042,-1.2965596,-0.30298805,0.35617682,0.39697522,0.16865256,-0.87426984,0.63973635,-1.033995,-0.037074879,0.24933912,-0.98190409,-0.10464458,0.008264799,0.53813207,0.088026628,0.34541485,-0.0611085,0.57467103,-0.022708621,0.79158932,-0.05821754,-0.092325918,-0.58982676,0.29362801,1.0038692,-0.44195044,0.55541402,0.40652442,0.55882257,-0.64684296,0.44157964,0.33680615,-0.80993849,-0.51341438,0.036023755,0.12237205,0.23850267,0.71612918,-0.24644904,-0.40564427,-0.46129245,-0.062871315,0.59523076,-0.077489622,0.054185845,-0.30894899,0.12763058,1.03021,-0.89370507,0.1012574,0.31613278,-0.53455681,-0.04101884,-0.069442034,-1.3142881,-1.7700741,-0.05230511,0.49331361,0.11404621,-0.134969,0.68947011,0.17441767,0.39669359,0.17982079,-0.19145535,-0.54141748,0.14355561,0.059329394,-0.14654173,-0.51667911,0.22717905,0.18957371,1.1359491,-1.4956446,-0.0972756,1.509625,1.541685,0.34761548,-1.3252225,-0.24780564,-0.4318451,-0.16672106,0.052305281,0.39116105,0.86782122,0.41163868,0.46821034,0.17331657,0.2497001,0.57870358,0.68371397,0.93470544,-0.92967403,0.17434847,0.24930954,0.013692677,-0.33851704,-0.19470572,-1.6309913,0.25461599,-0.008523151,-0.38756001,0.015599638,0.34912369,0.12940468,-0.36904082,0.2355269,-0.27643415,0.29982734,-0.13368502,0.47725764,0.92137164,0.32583094,0.042323045,0.580226,-0.10328737,0.066918083,-0.89965916,0.34223276,-0.6691674,0.093475521,0.94392633,-0.88262439,-0.3988288,0.50963604,0.33917964,-0.54732776,-1.1205133,0.49663875,-0.62766951,0.018043976,-1.5182521,0.29320192,-0.26092523,-0.56163126,-0.37508902,0.89012069,0.36116379,-1.7484621,-1.0368237,-0.32953125,-0.021915205,0.21075556,-0.007930089,0.037324011,0.42729959,0.17583983,-0.074534133,0.16499332,0.32762149,0.37551472,-0.060604043,0.18330877,0.19962147,-1.4166648,0.035034627,0.42204052,0.028756674,0.19527735,0.54116368,0.85978299,-0.33766413,-0.80279857,-0.39457035,0.081062764,-1.808771,0.33556011,0.24376124,0.31298789,-0.64776212,-1.2464737,0.34103987,-0.49208814,0.077936247,0.029528476,-0.11624052,0.66620314,0.091239266,0.27075478,0.36524004,0.021063499,-0.23865056,-0.37332529,-2.0433173,-0.64269203,-0.88693011,-0.097894341,-0.84037101,0.23922583,-0.1755176,-0.25950143,-0.02233612,2
0.58391678,0.35679737,0.34680164,0.5647788,0.55154282,0.56424224,0.55411315,0.54361469,0.55107164,0.56139243,0.54852802,0.5505994,0.54399961,0.54140288,0.5682134,0.55682236,0.54937959,0.57680523,0.55796009,0.53676689,0.53879356,0.54760325,0.5417248,0.54769123,0.54813707,0.53879249,0.54614347,0.54014164,0.55029142,0.55587065,0.54163504,0.53957736,0.54225421,0.53455031,0.54040766,0.53616804,0.52951902,0.53364921,0.52585739,0.52773607,-1.0827125,0.33479732,0.64579427,0.62247521,1.528403,1.8439021,1.5832489,0.95838857,1.1032634,1.8816626,1.6079098,1.4454969,0.41141552,-0.19688581,-0.069703393,-0.34228769,0.72776484,0.398159,0.43738857,0.36878377,-0.86015022,0.061405972,-0.49079448,0.60928965,-0.73438734,-0.085901111,-0.24311413,0.73603487,0.27105084,1.7035539,-0.25699526,0.29365829,-1.2505193,-0.19084923,0.016617358,1.0603577,-1.009214,0.60352993,0.34207189,-0.98101181,-0.11695126,-1.1931382,-0.47939563,0.50430608,0.99253362,0.89328218,0.021733429,-1.7718856,0.96501708,0.14432451,-1.0229161,0.52442294,0.021883026,0.064933121,0.66596925,-0.041748859,0.47640604,-0.79287857,0.12147266,0.67362821,-0.70386696,-1.1637944,0.081878468,0.56474137,-0.31610876,0.18822168,0.06987495,-0.30953375,-0.034760661,-0.32106084,0.54216135,0.87948096,-0.27421948,-0.43632984,-0.65520382,0.15767056,0.77524757,-1.283371,0.44546127,-1.0346469,-0.43598232,-1.9270819,-1.6036534,-0.091818765,-0.45649835,0.23620409,-0.46583042,0.11614732,-0.14908817,-0.47692683,-0.90185684,-0.57858157,0.70218277,-1.2222011,-0.12072996,-0.30092454,0.10133815,0.28020674,-0.5525617,-2.129348,1.2580686,0.47847804,0.96027881,-0.25667417,0.57157058,0.39044881,0.096826665,-0.087859184,-0.14742953,0.26232231,-0.77539873,0.031258941,0.46754509,-0.44741666,-0.9588958,-0.15195811,-0.83413118,-1.0414025,0.44538671,-0.39311728,0.071459651,-0.73316884,0.76857847,0.75846565,-0.13714063,0.037098452,-1.8746836,0.72393465,-0.057195801,-0.17075023,-0.067315534,-0.62963927,0.001486309,-0.14195596,-0.65104157,1.2942988,-0.76605976,0.16131201,0.64581013,-2.1788015,-0.1521374,0.24379778,-0.081125759,-0.60303617,-1.4612191,0.26753041,0.15205026,0.53040707,0.93975961,-0.74557608,-0.37180027,0.039861936,0.091182828,0.2860204,0.40399599,0.12747368,-0.25069192,-1.3885512,-1.8331316,-0.77444899,0.29367974,0.73385966,0.25276133,-0.44079846,-0.3896656,0.090995878,1.4492463,0.061007891,0.087249435,-0.57964969,-0.39591777,1.2241397,0.19620666,0.29367864,1.6690713,-0.18588474,-2.6259015,-0.028036848,1.0255229,0.005500005,-0.036710728,-1.2830405,0.097981788,-1.9779007,0.31006438,-1.7862707,0.49627647,-0.026006117,-0.84972346,0.060714848,0.33621013,0.71067995,-0.30054396,0.14795204,-3.1595342,0.41977075,-0.59225625,0.001711831,-0.21461828,0.37380302,0.53289914,0.23314849,-0.16001794,0.63131845,-2.2392795,-0.9483372,-0.40755901,0.67263246,-0.43627563,0.024086773,0.24645121,0.55701321,-0.014465734,0.49065682,0.22106624,0.97548419,-1.0332041,-0.34568527,0.73787671,-0.073807769,0.29683128,-0.15497929,-0.27719355,-1.2220325,-0.48522127,0.11051727,-0.36830124,0.61363882,1.4949081,0.402147,-0.41764528,0.23643279,-0.45348963,0.73776257,0.82278049,-0.48346642,0.11704765,1.9028891,0.19487262,0.17455578,-1.2580363,-0.2619338,-2.3066227,1.1537188,-1.987325,-0.69396216,-0.15451007,-1.3325542,-0.29686508,0.30195481,0.016117603,0.75296682,0.79109752,0.57397187,-2.0851386,1.0214796,0.020004071,1.3691212,0.16660419,-1.1291194,0.014730141,-1.0213629,0.80421245,0.27462965,-0.94881546,0.4611105,-2.4259679,-2.066433,-1.6430809,-0.28257391,0.61116123,0.88664412,0.34757924,-1.1531953,0.94337469,-1.7135482,-0.27444771,0.36475548,-1.3196774,0.002355501,0.046638548,0.64645433,-0.10462262,0.50005263,-0.051113993,0.5711441,0.031487457,0.58202946,0.061340086,-0.15614408,-1.1620522,0.47968027,1.2984762,-0.76790941,0.71505058,0.57125878,0.50148827,-0.88404769,0.94202709,0.45567453,-1.4869468,-0.59424913,0.1240962,0.210705,0.2116482,1.0686026,-0.36522901,-0.60744327,-0.54314291,-0.01180248,0.82896596,-0.1238521,0.12067436,-0.39028704,0.225153,1.5158938,-1.4930909,0.17087525,0.33688802,-0.78031546,-0.010867539,-0.27331984,-1.7781608,-2.2971628,-0.37909776,0.79276341,0.13114199,-0.23825696,0.82806087,0.27088234,0.52356136,0.29902616,-0.18625852,-0.85813797,0.2708593,0.22065079,-0.12606886,-0.31794864,0.26573297,0.23329578,1.4466141,-1.8443799,-0.11356804,1.721905,1.8992852,0.46804774,-1.2795637,-0.38323981,-0.71155107,-0.16171968,0.22483598,0.44702929,1.0210208,0.99306899,0.55853659,0.35897642,0.23616293,0.78561163,0.74070174,1.4528291,-0.9569127,0.22442883,0.44646803,0.064767614,-0.38955393,-0.19789012,-1.6444231,0.36207789,0.04079793,-0.32372451,-0.21707195,0.71232855,0.24834123,-0.72977275,0.23329161,-0.14244996,0.38374221,-0.54417104,1.0927012,1.2127447,0.34477198,0.031545103,0.69172621,0.012432054,0.09406437,-1.1970948,0.43810153,-0.62365317,0.16971633,0.94191116,-0.96041185,-0.58503449,0.41507027,0.43037081,-1.0379004,-1.429142,0.76377326,-0.60574597,-0.15359563,-1.6222448,0.29906422,-0.16488069,-0.52753454,-0.66532379,1.2840745,0.45562506,-2.2283232,-1.5298156,-0.41564563,0.030547854,0.32748154,-0.028052568,0.048946783,0.62806976,0.19678834,-0.30354697,0.13529751,0.43368655,0.37499982,-0.17361188,-0.18775314,0.50056642,-1.6866544,0.0135206,0.61240834,0.12058738,0.20341201,0.66113007,1.1921991,-0.48671573,-1.029319,-0.37215593,0.46759558,-2.1056218,0.3215583,0.23384154,0.4329384,-0.95430803,-1.7250161,0.33307454,-0.58514285,0.17434269,0.11146571,-0.05600423,0.70765507,0.22144072,0.3665092,0.50614786,-0.009022888,-0.31112623,-0.51199728,-2.4693713,-0.7109288,-1.4673405,0.1028025,-1.1871376,0.26729321,-0.20748819,-0.48220569,0.10095554,2
0.5502162,0.3243092,0.30367032,0.5500108,0.53473645,0.55106223,0.54457986,0.53493577,0.53778112,0.5389424,0.53035057,0.5389815,0.53238285,0.52733397,0.55270219,0.51919544,0.54033095,0.55356956,0.53341913,0.52928376,0.51844692,0.52392429,0.5179559,0.52633852,0.52972084,0.51546645,0.51717019,0.51111758,0.52693409,0.52641261,0.51677758,0.51973832,0.51100981,0.5132516,0.51436043,0.50745898,0.50283831,0.51698935,0.49787837,0.5055294,-0.97570789,0.2935245,0.31692755,0.36253685,1.2508428,1.6423125,1.2038707,0.62671936,0.75761163,1.5465753,1.3172619,1.1037439,0.31768763,-0.21233639,-0.15903571,-0.34007895,0.52620828,0.27793917,0.40708286,0.26962492,-0.52527839,0.017328061,-0.53335911,0.32928979,-0.7834307,-0.022433147,-0.18875484,0.75419563,0.27629688,1.4467115,-0.1998117,0.19089685,-1.0670677,-0.25031683,-0.036214478,0.6767351,-0.99879342,0.41937065,0.2523638,-0.85968792,-0.1466887,-1.0763522,-0.58099818,0.3736099,0.68980479,0.62624764,-0.034574833,-1.7218325,0.64531517,0.14221911,-0.94409919,0.78670204,0.069529541,0.14559209,0.44043645,-0.13773867,0.39623591,-0.41746294,-0.005544527,0.49641585,-0.56329179,-1.1549065,0.056236595,0.58421969,-0.36654627,0.29388899,0.058251981,-0.20344433,-0.095166028,-0.34449196,0.40083411,0.80084652,-0.22591805,-0.24343973,-0.35807326,0.27233312,0.62364829,-1.0532768,0.39106333,-0.85398859,-0.42154971,-1.7807529,-0.96239042,-0.051776409,-0.41409948,0.31127125,-0.3872917,0.15799442,-0.16085908,-0.074033692,-0.74863517,-0.43562996,0.42629451,-1.088353,-0.30992806,-0.1210329,0.095794335,0.37636048,-0.48699549,-1.6433839,0.4181962,0.46521562,0.77479261,-0.17026232,0.53280878,0.30423722,0.04833179,-0.14960155,-0.22729701,0.29407424,-0.45295656,-0.086852551,0.29458496,-0.31029662,-0.76410794,-0.009087458,-0.64885008,-0.61313742,0.36933857,-0.3816002,-0.046395216,-0.64418173,0.72698146,0.59683853,0.11233769,0.043081917,-1.7622581,0.66963017,-0.11320661,-0.12202899,-0.051253352,-0.55733478,-0.05078299,-0.1649601,-0.64336288,0.97656351,-0.72131723,0.090883575,0.48602298,-1.5642332,-0.20999688,0.2899937,-0.11730399,-0.42699048,-1.0113679,0.42804816,0.21575296,0.51959646,0.93196756,-0.72174931,-0.291471,0.048072759,-0.011951468,0.11050772,0.1877417,0.18739709,-0.13059984,-1.256825,-1.6779456,-0.68458384,0.27592906,0.57005668,0.24769378,-0.44254929,-0.25733075,0.12104544,1.3702751,-0.12136076,0.047589459,-0.333545,-0.27986088,1.2325079,0.10613269,0.24406821,1.6742395,-0.080151334,-2.278883,-0.044507582,0.53461736,0.002125894,-0.029438972,-0.76134843,0.047627501,-1.5326442,0.24157731,-1.1460674,0.4517104,0.082168147,-0.8424927,-0.024813391,0.19703656,0.58059865,-0.27124342,-0.081621796,-2.6241982,0.37074557,-0.54089957,-0.072693929,-0.10794006,0.28002027,0.62112153,0.19316618,-0.14966553,0.71162373,-1.4849224,-0.86722946,-0.35374793,0.42482859,-0.49665943,0.13631356,0.17986603,0.3966924,0.059033763,0.44328424,0.52112955,0.78206867,-0.95088291,-0.35929146,0.51891452,-0.062300876,0.25282997,0.006212663,-0.30078301,-1.2330873,-0.48517492,0.062460542,-0.37820759,0.50364131,1.0675302,0.37564331,-0.42529887,0.14978096,-0.35840598,0.63742673,0.5466345,-0.45430043,0.12721071,1.4667356,0.11060874,0.10225528,-0.98215044,-0.1388682,-2.0315669,0.98505872,-1.3719014,-0.24708718,-0.16265897,-1.2546676,-0.16082801,0.22232249,0.14672561,0.75886887,0.45174024,0.46509996,-1.8833146,0.96870029,-0.06240838,1.1022296,-0.003448193,-1.066955,-0.004100785,-0.8957786,0.73390174,0.20398411,-0.8174938,0.36421388,-1.7284199,-1.6205571,-1.3529289,-0.37509727,0.42490062,0.48373032,0.24698555,-0.97069311,0.70937455,-1.2441593,-0.11981033,0.2814762,-1.1162884,-0.073575169,0.051965907,0.5173291,0.098214768,0.34065664,-0.10923973,0.5169574,0.040250562,0.81650126,-0.027456978,-0.15300813,-0.64440125,0.3318764,0.96485263,-0.56605768,0.66705227,0.47608131,0.58085674,-0.69343686,0.66147774,0.38842526,-1.0007679,-0.56730735,0.039506793,0.16672869,0.13554522,0.76641411,-0.30032283,-0.50447345,-0.47916076,-0.019254893,0.47840077,-0.13046592,0.1185,-0.3598319,0.15162548,1.0553081,-1.1249723,0.090585262,0.22019193,-0.58354801,-0.072109066,-0.23303868,-1.4131764,-1.8901777,-0.095967934,0.56936502,0.10248344,-0.2201117,0.7606141,0.21664573,0.42604461,0.20381492,-0.1429545,-0.47553876,0.16769327,0.05988951,-0.063202493,-0.22601303,0.21413915,0.10227904,1.2646496,-1.6028147,-0.14216746,1.5544906,1.5204201,0.50443751,-1.2992071,-0.2501727,-0.3820287,-0.15854824,0.084552832,0.41773298,0.85542893,0.80839473,0.28369844,0.32252499,0.14726111,0.9966808,0.65728158,0.96309316,-0.85940248,0.22474054,0.3247717,0.089709893,-0.36030072,-0.15926135,-1.58148,0.28488582,0.008361492,-0.41679552,-0.17933422,0.31175953,0.13566189,-0.62174153,0.27208909,-0.25657892,0.14074263,-0.15847009,0.56210786,1.1541128,0.37038571,0.030262837,0.61578667,-0.19381002,-0.031023253,-0.98936099,0.32440603,-0.65404946,0.13252707,0.80791354,-0.84424025,-0.42918134,0.48167729,0.43325782,-0.62223774,-1.2153417,0.54671001,-0.52450627,0.049595911,-1.6259453,0.27589762,-0.22562355,-0.54255402,-0.48277712,0.99941993,0.44780812,-1.8082584,-1.1983428,-0.35535753,0.019997021,0.27282003,-0.042061061,0.039125975,0.50626016,0.13820015,-0.13191271,0.22034627,0.24485068,0.40439421,-0.10191003,-0.068145901,0.25755981,-1.464833,-0.037007205,0.37085637,0.069256991,0.20056173,0.67927951,1.0684135,-0.43175447,-0.80133587,-0.3968465,-0.091859475,-2.0081146,0.30986935,0.21801507,0.43768072,-0.72082484,-1.2340224,0.1904721,-0.62519497,0.14744407,0.033921704,-0.091677576,0.54191786,0.11294513,0.29834718,0.36021042,0.006261328,-0.20774281,-0.41964597,-2.164521,-0.74365896,-0.95757794,0.007640272,-0.88074887,0.32790959,-0.12789746,-0.31092146,0.002186557,2
0.48114413,0.24238904,0.23289323,0.51210821,0.50050187,0.51761544,0.5111618,0.50040632,0.50178742,0.50057191,0.49345827,0.50770146,0.4998759,0.48600441,0.51477444,0.50024241,0.5029617,0.52452099,0.49790424,0.48980755,0.4821611,0.48652983,0.49117887,0.48761711,0.48876187,0.47384226,0.47197261,0.48523337,0.48671922,0.48519784,0.47341049,0.47288874,0.46468782,0.46429676,0.47220042,0.45996284,0.45240432,0.4635407,0.45411727,0.45391148,-0.7511856,0.22484572,0.22836304,0.34642765,1.2354342,1.5866361,1.1410094,0.57051897,0.68356031,1.5020744,1.2797863,1.0559144,0.23295623,-0.20171292,-0.08014451,-0.28955612,0.5218997,0.30583,0.28953242,0.23367953,-0.8018797,0.038014293,-0.37229604,0.356435,-0.69539744,0.012421094,-0.19470905,0.70102519,0.34537286,1.368259,-0.17663525,0.1591561,-1.0819948,-0.24846548,0.033871833,0.8631987,-0.94987118,0.4250218,0.17265899,-0.83665538,0.060542494,-0.6371268,-0.58975202,0.46387634,0.74565327,0.60804832,-0.003786115,-1.5556811,0.70879102,0.084170587,-0.93427253,0.7083385,0.06370379,-0.017377172,0.45414388,-0.13857608,0.42185998,-0.27458781,0.047165949,0.47246808,-0.67816007,-0.94055837,0.035530582,0.5925597,-0.37688905,0.10774869,0.19085908,-0.17578699,-0.050643332,-0.30912724,0.39487931,0.76769793,-0.22876945,-0.36165553,-0.29234517,0.26961049,0.35465533,-0.90738004,0.27983657,-1.0019398,-0.32073152,-1.5518275,-0.91971409,-0.082911342,-0.23911691,0.295984,-0.40549895,0.19349855,-0.1383764,-0.059198141,-0.65220672,-0.56975079,0.22863004,-1.0278231,-0.24204855,-0.035069272,0.003840655,0.41890919,-0.35164487,-1.396143,0.60047638,0.35281485,0.75187731,-0.22916862,0.50868833,0.29931343,0.11003169,-0.36705604,-0.20550451,0.21633255,-0.63485718,-0.1576132,0.27782208,-0.14662378,-0.66425967,0.064307667,-0.42716157,-0.56531078,0.26701298,-0.25670692,-0.016355716,-0.53583521,0.65325081,0.56383967,0.13429229,0.045875028,-1.5185404,0.56687576,0.033100143,-0.11779024,-0.10262674,-0.53760403,0.023958527,-0.15491615,-0.6448226,0.89802963,-0.66759807,0.067666396,0.38527623,-1.3841079,-0.2125909,0.35639265,-0.10345576,-0.2933636,-0.82609302,0.45409542,0.30831283,0.37565291,0.95129502,-0.61719894,-0.26852575,0.031039223,0.12106458,0.27360344,0.24988174,0.20795567,-0.15718096,-1.1147534,-1.4999043,-0.69661039,0.18701558,0.53017914,0.49453709,-0.42113975,-0.33968157,0.17852288,1.0610194,-0.16766578,0.038260333,-0.33143455,-0.17326985,0.91375947,0.066672027,0.17599171,1.2438426,-0.099464819,-2.2931941,-0.051561531,0.42921808,-0.001438979,0.045140132,-0.63038671,0.098340921,-1.2808278,0.2578755,-1.0158628,0.22614819,0.067353942,-0.79473472,0.026461938,0.12822616,0.46655065,-0.29254985,-0.039304867,-2.1967599,0.46124822,-0.70393091,-0.10213751,-0.21987095,0.11695899,0.47284883,0.11408803,-0.16996127,0.53767645,-1.2898785,-0.69476485,-0.3080613,0.34964308,-0.46490726,0.13599847,0.14654306,0.4267731,0.054845814,0.4221338,0.35208413,0.72490764,-0.99986768,-0.27726027,0.51691818,-0.25671285,0.21322374,0.095831461,-0.22414958,-1.1107492,-0.43011785,0.085624129,-0.34366864,0.46424139,1.0489851,0.33483681,-0.41500005,0.12904784,-0.35533682,0.60391629,0.50813282,-0.69292831,0.10431001,1.4149554,0.11882856,0.17268503,-1.0615032,-0.067589059,-1.8476082,0.80130547,-1.0502992,-0.24855651,-0.096218921,-1.3685853,-0.24803451,0.19059351,-0.017226696,0.48375556,0.57293606,0.32462341,-1.6377313,0.84731638,0.070960872,0.96416253,0.015411666,-0.85366428,0.095798358,-0.80278575,0.50689662,0.49522704,-0.78297108,0.29673254,-1.6245239,-1.437274,-1.1995823,-0.40929827,0.68683004,0.4188419,0.16925555,-0.78995478,0.61260319,-1.0737987,-0.15724388,0.31850451,-0.95793056,-0.13760811,-0.028394548,0.50208211,0.049199283,0.41770047,-0.019331396,0.5067566,0.009535667,0.45480573,-0.017804679,-0.079619609,-0.8809672,0.34225079,1.0787635,-0.40559867,0.45479324,0.45206729,0.47238627,-0.66346312,0.53084707,0.35419381,-0.84583449,-0.42476064,0.048333041,0.068337873,0.13728076,0.67227161,-0.26086098,-0.45712462,-0.409821,-0.016733654,0.60221612,-0.11303563,0.24173543,-0.24055421,0.16108873,1.0544032,-0.89605713,0.1197229,0.24500625,-0.56812596,0.044610806,-0.066831559,-1.1872957,-1.6425937,-0.22771975,0.47201753,0.19379497,-0.22999427,0.73388755,0.36407647,0.51397938,0.19663331,-0.13387322,-0.35400271,0.15167232,0.16139202,-0.088677749,-0.54672718,0.21352446,0.14462808,1.1307154,-1.5004737,-0.13220799,1.607718,1.392604,0.33270922,-1.1940877,-0.16722319,-0.17881638,-0.096401945,0.10431993,0.29224294,0.67289019,0.73644328,0.29774696,0.19573423,0.18820684,0.61271554,0.64590114,0.90603113,-0.72233057,0.34855148,0.19709122,0.12658918,-0.27394494,-0.14814146,-1.5506146,0.22132012,0.01741942,-0.35654268,-0.18919197,0.36698264,0.17925949,-0.50456107,0.21066828,-0.24946344,-0.12222783,-0.024117567,0.42886341,0.96123636,0.33080339,-0.007447604,0.5198983,0.040956132,0.05121439,-0.90827608,0.27137235,-0.67184305,0.22074123,0.72572017,-0.7499041,-0.42134792,0.42013136,0.39711928,-0.43385804,-0.93890786,0.53749692,-0.48669231,0.32885018,-1.4431999,0.26197889,-0.22144741,-0.51312715,-0.53331149,0.9291532,0.47114897,-1.6461202,-1.0447547,-0.30514497,-0.006766675,0.17989428,-0.000703305,-0.026465625,0.42439544,0.1219973,-0.14497223,0.32410648,0.31407893,0.41406783,-0.13103302,-0.27224097,0.19307806,-1.3022085,-0.027568683,0.21771811,0.051022824,0.1959137,0.73147684,1.4664536,-0.36852628,-0.77134883,-0.29251549,-0.023605507,-1.7765957,0.37718874,0.32882431,0.31545544,-0.69591308,-1.1839545,0.26686355,-0.50288719,0.8721621,0.038665295,-0.06667231,0.27890682,0.10349755,0.24011576,0.36717132,0.049488064,-0.025041737,-0.32542408,-1.9515833,-0.65046769,-0.80978948,-0.025115326,-0.76996648,0.10281521,-0.084865645,-0.23683089,0.060059398,2
0.46837667,0.23156138,0.20590469,0.51544082,0.50751394,0.54306167,0.5208168,0.49610025,0.5145753,0.51666451,0.51081651,0.51272523,0.50964779,0.48833877,0.51887405,0.50852877,0.51318192,0.54687417,0.52811718,0.49851081,0.5079304,0.50551021,0.50075024,0.50769961,0.5300408,0.50227278,0.50582892,0.51087093,0.51949006,0.50493717,0.50916022,0.52033365,0.50331563,0.4960497,0.51893985,0.48391229,0.49505675,0.51496267,0.49451125,0.49875975,-0.88175398,0.16974491,0.35448784,0.40807527,1.285115,1.6066561,1.2515805,0.67327583,0.8098563,1.5822624,1.3136001,1.1561624,0.25484288,-0.24522468,0.24065445,-0.30897519,0.53664279,0.31514081,0.36324337,0.23764817,-0.92299449,0.007994659,-0.43581089,0.37097442,-0.87868804,0.009354591,-0.20139767,0.79369378,0.34884202,1.5829217,-0.1717449,0.21107802,-1.1215508,-0.21724571,0.14327297,0.75015455,-1.0935946,0.47104037,0.28096321,-0.87822521,-0.085399486,-0.83399785,-0.66568929,0.58395809,0.77810347,0.731197,-0.03216476,-1.7137837,0.63496166,0.13093266,-0.91341907,0.67881882,0.034261905,-0.077769935,0.54369187,-0.083410785,0.49309003,-0.53348774,0.069182858,0.47949958,-0.78747755,-1.1291684,0.079506569,0.57727861,-0.43008471,0.22949299,0.23649406,-0.17646557,-0.10116082,-0.43202126,0.44099414,1.1244297,-0.26024824,-0.47317845,-0.40486225,0.2079282,0.37445188,-1.0300468,0.41034883,-0.93694228,-0.41536215,-1.8920635,-1.1364033,-0.08529453,-0.37003627,0.26495767,-0.52322209,0.21509904,-0.18593082,-0.2390517,-0.744672,-0.42855912,0.50176936,-1.1103365,-0.13151217,-0.24741662,0.13324541,0.4441275,-0.50792074,-1.7172755,0.66663814,0.41670597,0.78096879,-0.16915783,0.58425951,0.30009988,0.025930695,-0.17889996,-0.26336253,0.25125054,-0.45732918,-0.37212905,0.2770409,-0.2432934,-0.76241356,-0.14453405,-0.67708546,-0.84461284,0.38427097,-0.39209074,-0.054678269,-0.54844683,0.63714975,0.49076739,-0.085379653,0.069627017,-1.7965906,0.9428879,-0.055569813,-0.16462156,-0.10643443,-0.58794487,-0.15704457,-0.13665444,-0.64671206,0.99084538,-0.69971293,0.094826303,0.46922907,-1.6645129,-0.15832579,0.58013695,-0.00679832,-0.54273158,-0.97944945,0.62548804,0.55465597,0.46509296,0.8083151,-0.66347456,-0.34690636,0.053364564,0.12452006,0.20178644,0.31763712,0.065796524,-0.12139362,-1.2730678,-1.6714275,-0.80071723,0.23554733,0.5054729,0.42426628,-0.61064881,-0.33595377,0.25586307,1.6584423,-0.28123498,0.025063405,-0.49427962,-0.30766529,1.2559788,0.13122612,0.21113788,1.9882575,-0.024561021,-2.5665839,-0.048677471,0.86042053,-0.000149793,-0.02824771,-0.81675708,0.25282004,-1.6588905,0.26178303,-1.3398886,0.46444437,0.072266772,-0.82317019,-0.054839492,0.27668977,0.65310341,-0.33118981,-0.13484901,-2.7234881,0.45759183,-0.5336532,-0.084165841,-0.13267511,0.28038189,0.59518313,0.1923508,-0.18668759,0.86859143,-1.6824149,-0.9895165,-0.10407843,0.38306379,-0.53403348,0.23599334,0.20133035,0.45032418,0.004854128,0.49055445,0.33503997,0.79591453,-1.043267,-0.40782261,0.45591527,-0.068588495,0.29363304,-0.19285709,-0.21063495,-1.1371603,-0.55128032,0.084027007,-0.38498697,0.6072185,1.2801894,0.36449069,-0.45679581,0.13201205,-0.36156633,0.58470798,0.64277917,-0.41498995,0.10107797,1.5139641,0.089296557,0.18405703,-1.1228138,0.034013376,-2.0984728,1.0480869,-1.3972025,-0.39320216,-0.25782847,-1.4532323,-0.17397496,0.29678938,0.46512872,1.0858567,0.57953817,0.346062,-1.9329458,1.0224086,0.016386539,1.1787515,-0.005246874,-0.94432604,-0.038774684,-0.94835556,0.60147989,0.24835415,-0.82026839,0.36827868,-1.8940667,-1.8087077,-1.397765,-0.49457973,0.70721126,0.98724627,0.2041499,-0.94772255,0.62831265,-1.4162635,-0.17055744,0.2867932,-1.1292579,-0.014991678,0.026546277,0.63989425,0.017135734,0.60968357,-0.053697973,0.52693164,0.020961804,0.83947802,-0.034517244,-0.17294179,-0.90515822,0.35873261,1.057973,-0.62647402,0.61650056,0.5189842,0.37198973,-0.66101676,0.53124464,0.54555392,-1.0899197,-0.47830534,0.080956735,0.19003396,0.25311798,0.88823879,-0.31582963,-0.54925066,-0.49276438,0.014044141,0.62646174,-0.13860424,0.32149437,-0.19288023,0.18001902,1.1665407,-1.1679926,0.13489456,0.2509222,-0.71300268,0.047656599,-0.26227883,-1.6028908,-2.0475011,-0.30299813,0.54790306,0.061372817,-0.22538665,0.73416907,0.32412496,0.48586217,0.1569621,-0.21751404,-0.52155918,0.17198484,0.038822651,-0.12106493,-0.66122264,0.17896758,0.17582846,1.0827383,-1.7106682,-0.15530479,1.6703881,1.4747609,0.37452489,-1.2709043,-0.25957885,-0.35050532,-0.082997158,0.073210359,0.5453673,0.7954244,0.83104968,0.31038049,0.30738044,0.17981601,0.79891819,0.74380314,1.1813998,-0.951877,0.25885618,0.40655375,0.095191628,-0.58762014,-0.18142849,-1.6327142,0.25209308,0.025786705,-0.40749773,-0.18066731,0.35351881,0.17096096,-0.50319177,0.3132264,-0.25070789,0.30406192,-0.15128368,0.42701435,0.90920985,0.23469645,0.002631413,0.64429343,-0.085317813,-0.22628611,-1.1010895,0.35597467,-0.63214028,0.28349629,0.81636792,-1.0185735,-0.40985188,0.46128288,0.40569782,-0.54522443,-1.1650749,0.6029833,-0.58661258,-0.037390947,-1.6006603,0.23182388,-0.13165903,-0.45554617,-0.46799073,1.0727735,0.59057856,-1.8563017,-1.2726803,-0.33380359,0.030161491,0.21737981,0.047100879,-0.016078161,0.5549913,0.1521457,-0.26568115,0.21718112,0.3486535,0.47596434,-0.13054048,-0.031815581,0.11165453,-1.5122128,-0.028966734,0.42649266,0.040254124,0.16563641,0.66304076,1.1614166,-0.43323162,-0.79509753,-0.33920798,-0.055768069,-2.0586753,0.35593402,0.30225104,0.40078568,-0.78167576,-1.4944079,0.20847969,-0.75648344,0.52734745,0.1258705,-0.086469933,0.80387241,0.12936902,0.27153614,0.55892521,0.008176621,-0.021859661,-0.50478947,-2.3262353,-0.82336074,-0.94092023,-0.03432069,-0.86169219,0.26825696,-0.12417482,-0.26992059,0.034069732,2
0.52192926,0.29248866,0.27776453,0.59465498,0.58155441,0.60222143,0.59146506,0.57757479,0.59406382,0.58763027,0.58458984,0.58601552,0.58701265,0.57980108,0.5974735,0.58601654,0.600734,0.61471474,0.59382874,0.58950055,0.58194858,0.58573687,0.57842594,0.59185445,0.59319317,0.58054626,0.58519363,0.57664758,0.58567178,0.58768141,0.58583015,0.58642852,0.57724327,0.58783263,0.5852313,0.57213432,0.57611036,0.58743072,0.57357275,0.57784057,-0.84517926,0.27377453,0.62473035,0.63515824,1.5346622,1.884331,1.5734823,0.97221065,1.0896864,1.8875345,1.5574276,1.4593735,0.37891018,-0.12428159,0.029310459,-0.29072127,0.75421941,0.43260145,0.40760493,0.37685966,-0.7162348,-0.060551427,-0.43409282,0.51318395,-0.61450398,-0.16288738,-0.23199132,0.64626116,0.21189135,1.3360605,-0.24384192,0.29081601,-1.0876385,-0.13075641,-0.083886132,1.0061512,-0.96008152,0.94472885,0.37730902,-0.86940652,-0.089360222,-1.1096623,-0.53141689,0.70677376,0.99483556,0.76605165,0.010517758,-1.7678869,0.87747669,0.10991644,-1.0498059,0.67251599,-0.031088829,0.080119185,0.50698876,0.064790666,0.38829049,-0.73384404,0.076209739,0.71287632,-0.78632283,-1.1197702,0.10309344,0.54737699,-0.46775317,0.18178663,0.073222585,-0.20764917,-0.028558157,-0.2177417,0.46813813,0.80712676,-0.20480771,-0.4601419,-0.68965882,0.50476044,0.78091002,-1.2826042,0.47698009,-0.91141409,-0.31335887,-1.8570709,-1.3998462,-0.15479952,-0.44108531,0.29642951,-0.43173948,0.077069618,-0.14146894,-0.40687257,-0.92360216,-0.24120697,0.69080377,-1.2783241,-0.27549574,-0.33466613,0.000703439,0.27581984,-0.47497046,-2.0717282,0.77682126,0.45198536,0.91458398,-0.27121499,0.55162233,0.33287519,-0.065324932,-0.068223335,-0.20053422,0.53771615,-0.50132376,-0.22383857,0.56146264,-0.52212191,-0.8519389,-0.093288794,-0.86848819,-1.0377731,0.43791455,-0.54267681,0.026980873,-0.44708267,0.76404744,0.49534094,-0.073880047,0.085572898,-1.8359237,0.76040506,-0.16540354,-0.13898993,-0.048208248,-0.60939479,-0.31783393,-0.18292964,-0.60588634,1.1668736,-0.84809208,0.16895023,0.60506392,-2.1057003,-0.096685924,0.22351617,-0.077571854,-0.61508799,-1.1085811,0.33143142,0.12777597,0.58856809,1.134344,-0.81099188,-0.32181641,0.064091161,0.075740546,0.026641071,0.46126533,-0.14534059,-0.09239462,-1.4034555,-1.8005248,-0.72499537,0.3000336,0.55277723,0.26096857,-0.54406464,-0.4294132,0.063949943,1.4773988,-0.14392096,0.032364462,-0.62389207,-0.38211453,1.2257392,0.25478643,0.28952122,2.4302194,-0.20919403,-2.3745236,-0.004151061,0.91449034,0.067385286,-0.095652767,-1.2018812,0.16129765,-1.8280748,0.33984983,-1.5244166,0.51686233,0.025081124,-0.86841339,0.025294039,0.3222079,0.7912156,-0.31659108,0.15455253,-3.1185491,0.39768529,-0.67199522,0.041553304,-0.070229635,0.60817915,0.45916355,0.21021987,-0.078699842,0.56194329,-2.1242523,-0.94457984,0.46959382,0.45336074,-0.49177158,0.10775147,0.26018059,0.56341279,-0.010864068,0.37660033,0.35683858,0.88889921,-0.93328696,-0.29819447,0.86820436,-0.15024439,0.26028809,-0.15940417,-0.13262194,-1.1260415,-0.45802131,0.1297244,-0.29272413,0.50217623,1.3712479,0.5085938,-0.41206047,0.2279765,-0.3707734,0.49908409,0.97668391,-0.42842743,0.040551059,1.4518284,0.14331317,0.23323104,-1.0954697,-0.1386205,-2.1806295,0.85393786,-1.7593838,-0.56000984,-0.091229782,-1.1396224,-0.36609879,0.25240475,0.62060493,0.6263836,0.62512589,0.59839058,-1.903085,1.0657452,0.040519752,1.1706268,0.012537761,-1.0903683,0.01273039,-1.1409826,0.99490547,0.18326005,-0.87605196,0.46844828,-2.3377385,-1.9085284,-1.552333,-0.3518635,0.39842749,0.97851288,0.33267015,-0.97149038,1.0219916,-1.755574,-0.2376547,0.31060043,-1.4175467,-0.026621819,0.089131594,0.53897655,-0.11969636,0.54046917,-0.12212181,0.38499683,0.013838923,0.58296514,-0.013603989,-0.2277697,-1.0648105,0.4707936,0.94656169,-0.78458828,0.71881545,0.5380792,0.2506178,-0.84206426,0.85382921,0.4512392,-1.4327173,-0.73165745,0.16869675,0.21375234,0.23143357,1.0401274,-0.3599185,-0.5720427,-0.48218879,-0.005652661,0.43263972,-0.20565602,-0.039940193,-0.37909204,0.27219629,1.6010804,-1.4192637,0.21871763,0.36848563,-0.7920922,-0.018039156,0.020148963,-1.8209963,-2.0983403,-0.41959453,0.89038938,-0.053578168,-0.34243321,0.67014295,0.27673942,0.50300986,0.33559984,0.043911368,-0.79834688,0.31041402,0.030539963,-0.11237283,-0.41422498,0.26918101,0.25982124,1.3161967,-1.9729366,0.011953183,1.6807857,1.7902457,0.54930693,-1.129073,-0.44908923,-0.65015799,-0.12565657,0.14863399,0.37191808,0.8973887,0.80645853,0.40427038,0.36321098,0.25161651,0.93263155,0.63182974,1.6212294,-1.0320513,0.22494632,0.37649974,-0.028277844,-0.51379269,-0.2056661,-1.4757361,0.35444802,0.032192804,-0.31565365,-0.11026234,0.42456686,0.28637451,-0.59275514,0.28388274,-0.08024922,0.27410802,-0.4061144,0.79435843,1.3794008,0.33145165,0.1588857,0.682289,-0.098660477,-0.18194979,-1.2167606,0.37812889,-0.67083192,0.38271946,0.82245171,-0.87136126,-0.56258392,0.34302196,0.38480222,-0.9491967,-1.3760719,0.73873961,-0.55566734,-0.16774166,-1.6870617,0.28501633,-0.12492798,-0.7163918,-0.55870819,1.1890707,0.47295529,-1.9463785,-1.388186,-0.42837533,0.03086116,0.2983003,-0.097035155,0.046188124,0.60678208,0.24728775,-0.25670519,0.13944827,0.25222632,0.38097382,-0.12569281,-0.36712915,0.1731084,-1.5483438,-0.068795376,0.66715914,0.11046065,0.17403209,0.5778116,1.3082837,-0.45785874,-0.82583457,-0.37348229,0.34506345,-1.95626,0.2556805,0.30698654,0.4300417,-0.91353893,-1.7281932,0.27922896,-0.48080415,0.32169637,0.11915078,-0.018259928,0.52290052,0.21894613,0.35858583,0.46152624,0.04690573,-0.27739951,-0.62830389,-2.2052057,-0.57133365,-1.2148044,0.10424304,-1.0324109,0.35723937,-0.13477337,-0.55233908,0.16949807,2
0.61221468,0.39625734,0.38731205,0.65652627,0.64123118,0.66265476,0.6535213,0.63766986,0.65465605,0.6530571,0.63875711,0.64795667,0.64762223,0.64037323,0.66353893,0.64490503,0.65156192,0.67131531,0.65500927,0.63999945,0.64453012,0.64476097,0.63854617,0.64330781,0.6609171,0.63246262,0.65252644,0.63549006,0.64765131,0.64733648,0.63931817,0.65210044,0.63238883,0.63980597,0.6533649,0.63589138,0.63090384,0.65050411,0.62896621,0.62677085,-1.0938593,0.38270712,0.64675772,0.64567113,1.5400431,1.9376345,1.5880527,0.96946532,1.1095601,1.8907721,1.6168013,1.4606831,0.37463397,-0.16654886,-0.4122614,-0.39854917,0.8088578,0.51043236,0.48423868,0.4169566,-0.62109888,-0.042249538,-0.80872774,0.49863198,-1.0226448,-0.22959492,-0.22742224,0.54420292,0.32025999,1.059209,-0.20800656,0.26737183,-1.2827042,-0.14684786,-0.14558309,1.1596432,-1.24523,0.66828024,0.35434183,-0.87836587,-0.10398663,-1.1911736,-0.65140629,0.37153625,1.1377302,0.68031698,0.045548405,-1.9277246,0.61976439,0.16667481,-1.1574739,1.0465868,0.01541198,0.13364035,0.53301269,0.006010249,0.380135,-0.11681587,0.042085081,0.78644204,-0.70411056,-1.0811971,0.078618117,0.59243762,-0.46050987,0.24167687,0.23415132,-0.2225911,-0.06344346,-0.28164527,0.46398839,0.56431544,-0.14281246,-0.53994358,-0.25373307,-0.17964327,0.09047088,-1.1622618,0.48881403,-1.2119334,-0.36325303,-1.9532325,-1.0158601,-0.095475599,-0.55256581,0.43255952,-0.3825357,0.13191968,-0.091160595,0.042641312,-0.73390782,-0.65385997,-0.33652472,-1.1647644,-0.15850979,0.095976129,0.059618145,0.25750095,-0.34452012,-1.6258841,-0.25495604,0.52233309,0.7746554,-0.19854586,0.60742736,0.40321738,0.005974546,-0.79989636,-0.42494267,0.23468469,-0.49485046,-0.23423104,0.53446853,-0.44312775,-0.9520185,-0.03873951,-0.56983495,-0.43358141,0.20778911,-0.25921011,0.039330848,-0.99220121,0.90444779,0.59127223,0.2569654,0.042708993,-1.5904869,0.094690025,0.062083989,-0.17090876,-0.016882997,-0.59420168,-0.003110327,-0.080967732,-0.89118212,0.91602606,-0.71623027,0.19464678,0.14791492,-1.6198608,-0.04221762,0.26719552,-0.21610528,-0.32245296,-0.7110275,0.40522254,0.15424028,0.61302149,0.87008482,-0.92501748,-0.27904147,0.093642846,0.034620408,0.11974443,0.43035704,0.12457615,-0.25146165,-1.4068806,-1.980958,-0.70388556,0.39662093,0.41740507,0.30097044,-0.45838231,-0.38932863,-0.048886329,1.387719,-0.28694332,0.11091375,-0.18633074,-0.21791255,0.86503154,0.25159317,0.3135252,0.74983454,-0.3119854,-2.1738012,-0.22377115,0.26275647,0.033273831,-0.020870291,-0.63114041,0.050787821,-1.4176384,0.19458926,-1.0340788,0.18878266,0.10998092,-1.1115185,0.088648744,-0.014005244,0.34486198,-0.18826844,-0.50260669,-2.541162,0.17617415,-1.0091412,0.061675429,0.089289784,-0.19390929,0.59917837,0.23424333,-0.34136784,0.23366562,-1.5926211,-0.73491699,0.61719435,0.52578914,-0.39564011,0.034488693,0.20480132,0.59056151,0.034519363,0.62976563,0.42858982,0.67811739,-0.84894603,-0.21222933,0.52689993,-0.16011497,0.12595385,0.15634897,-0.32695991,-1.3793092,-0.55049229,0.11711978,-0.29475507,0.5142861,0.6746943,0.4756442,-0.50586021,0.24846309,-0.32559186,0.7082122,0.35225949,-0.43441293,0.13429958,1.5667559,0.15422098,0.22653407,-0.98538363,-0.15423031,-2.0444765,0.9739601,-1.1787356,-0.07188195,-0.17115651,-1.6876547,-0.39975861,0.15052061,-0.034829453,0.66848016,0.39706925,0.056831554,-1.945721,0.90370899,0.074402228,0.96821928,-0.15167281,-1.4285513,0.078295723,-1.3093178,0.60488039,0.30897909,-0.82921934,0.26748055,-1.7536478,-1.4785306,-1.3463218,-0.45549607,0.54064327,0.40235525,0.36778837,-1.0319086,0.95692605,-1.2795216,-0.088992387,0.3258523,-1.3414152,-0.15022844,0.12011267,0.4198713,0.11483507,0.11442584,-0.30344373,0.39837861,0.035135098,0.57894963,0.037504829,-0.10882494,-0.66620028,0.56125796,1.0615633,-0.63637829,0.60882056,0.60398602,0.4108277,-0.68089694,0.30900228,0.022900701,-0.81998444,-0.94830728,0.15608349,0.10959336,0.01091969,0.95518136,-0.27213353,-0.65653813,-0.87963361,0.041935097,0.38907915,-0.15137067,0.15852195,-0.47417861,0.29811352,0.83320069,-0.89035958,0.16475227,0.35731423,-0.664823,-0.093834758,-0.6458782,-1.3100157,-2.0094323,-0.12112799,0.85546923,-0.16530769,-0.36252984,0.81946498,0.17938164,0.48873833,0.36769104,-0.26833376,-0.44236082,0.33582157,0.041164208,-0.043476366,-0.75592113,0.35885471,0.24719378,1.2675576,-1.8776119,0.1206214,1.1529136,1.6723174,0.238313,-1.6009018,-0.33480394,-0.44794953,-0.34034532,-0.19108897,0.18682405,0.53313386,0.25361672,0.41327825,0.052514292,0.19879335,0.71911955,0.70032066,0.93590736,-1.038904,0.42780268,-0.004486471,0.26331359,-0.50329489,-0.16651687,-1.9391534,0.42077988,0.044418097,-0.25937831,-0.10443185,0.12689057,0.20564556,-0.67678052,0.33310604,-0.10834016,-0.23377794,0.012887314,0.004572928,0.79403579,0.43936235,0.10832084,0.63535243,-0.13862179,-0.13960968,-1.0334527,0.20637809,-0.94638926,0.082300812,0.57678717,-1.0745723,-0.28308868,0.50462073,0.48886698,-0.53818041,-1.3579617,0.48838556,-0.42870206,0.2022319,-1.6242096,0.27627206,-0.21237642,-0.8981126,-0.47214648,0.92584819,0.51722473,-1.9016179,-1.0513551,-0.56885773,0.054620951,0.28196836,-0.26237595,0.078971878,0.62185383,0.30693346,-0.22145844,0.25346491,0.22198331,0.42917725,-0.088308156,-0.22932565,0.1607918,-1.6711481,-0.009930147,0.26715469,0.089324176,0.29025829,0.74844325,0.99507457,-0.40663469,-0.7953862,-0.43689495,-0.12936127,-1.9930695,0.29175213,0.40345949,0.57364005,-0.74976188,-1.1157624,0.5780974,-0.60159189,0.15706268,-0.063043505,-0.016703486,0.35349876,0.23607045,0.39412707,0.30326253,0.12739512,-0.09360528,-0.39663154,-2.272253,-0.56923366,-0.72881931,0.090470299,-0.89223975,0.38821536,-0.10743379,-0.32579947,0.18401697,2
0.53941083,0.32730934,0.33129591,0.52375567,0.51419806,0.53279549,0.51565117,0.491041,0.51591003,0.51775789,0.50760907,0.51144266,0.50851321,0.48894805,0.52325749,0.50229919,0.51124716,0.53956544,0.51500201,0.49414837,0.49365926,0.50746846,0.49688065,0.50964308,0.51211739,0.50558054,0.52176899,0.49650294,0.50742316,0.50435227,0.50731289,0.49858442,0.49502078,0.50108927,0.50759792,0.48862609,0.48685372,0.50478935,0.49513006,0.49185097,-0.82406336,0.32639682,0.51350039,0.52594513,1.4250147,1.8096037,1.435339,0.84440434,0.97377396,1.7657421,1.5138007,1.3290458,0.30392766,-0.17801613,-0.1000798,-0.28981367,0.60659802,0.30892393,0.35643402,0.27490595,-0.87466401,-0.011959611,-0.48652786,0.39775226,-0.74063671,-0.12706789,-0.21473953,0.6301322,0.21631292,1.5612714,-0.22188491,0.19760102,-1.11831,-0.22551903,-0.029550478,0.87677455,-1.0081589,0.52199411,0.25172132,-0.91704136,-0.12369071,-1.0436094,-0.57778996,0.4824051,0.83280706,0.67124701,-0.016524129,-1.8071272,0.79785526,0.11853465,-1.0461798,0.84531009,0.063234486,0.11868345,0.57071042,-0.11558944,0.41145045,-0.55840385,0.052533027,0.58627832,-0.63993514,-1.1882094,0.059401266,0.57033968,-0.2906771,0.17879225,-0.007131066,-0.25067112,-0.047618397,-0.32856989,0.46091372,0.89910817,-0.26211268,-0.47572064,-0.50601977,0.19791941,0.77590501,-1.0903401,0.40548924,-0.9846741,-0.37775785,-1.861884,-1.1386843,-0.097956844,-0.42407718,0.29335886,-0.4326995,0.086311154,-0.17154105,-0.25977975,-0.75375986,-0.31947267,0.30148268,-1.1538126,-0.26409569,-0.18267944,0.051696688,0.23558789,-0.53221166,-1.9679322,0.60693872,0.42634994,0.89106441,-0.20171821,0.5775063,0.50254524,0.064164162,-0.091488421,-0.099164963,0.33577564,-0.54848969,0.022367388,0.34213185,-0.3265633,-0.78114128,-0.029048234,-0.68925321,-0.69292164,0.41359109,-0.45109996,-0.022444081,-0.69370842,0.77834612,0.88072824,0.084157869,0.020493768,-1.8764098,0.73475701,-0.023315594,-0.26156163,-0.063221335,-0.58482754,0.007193591,-0.16306746,-0.6644538,1.0810846,-0.74578333,0.11124747,0.57877123,-1.8202351,-0.16509731,0.30640441,-0.071290344,-0.62523121,-1.0690614,0.45687002,0.21580973,0.51589119,0.94512826,-0.68447083,-0.25622672,0.037922461,-0.073978707,0.22354111,0.34169212,0.19932564,-0.11053004,-1.3601025,-1.7953072,-0.74414074,0.26816699,0.67056346,0.39924026,-0.49644947,-0.38739312,0.078817427,1.3930584,0.085382767,0.077001311,-0.51214361,-0.37053385,1.1662545,0.11544408,0.21906787,1.7868328,-0.15304179,-2.4557996,-0.007430099,0.79140234,0.017734215,-0.015431665,-1.0309633,0.249284,-1.7776277,0.30870891,-1.3889685,0.41999781,-0.06658113,-0.86490458,-0.02352266,0.31719297,0.61616158,-0.29261523,-0.1196444,-2.9821701,0.45905668,-0.47311532,-0.096081577,-0.13078028,0.32560846,0.58918858,0.16188654,-0.13712801,0.67380089,-1.7962286,-0.90881139,-0.26660183,0.50191075,-0.4723314,0.11110288,0.32911041,0.46702504,-0.001889523,0.42559555,0.49054679,0.88981944,-1.0088235,-0.34980828,0.67018718,-0.18755616,0.28840381,0.002436895,-0.2757611,-1.2803373,-0.47798234,0.062434167,-0.35763678,0.59174919,1.3049525,0.3992545,-0.42704344,0.15268238,-0.32153675,0.63528281,0.72963548,-0.38889164,0.086783461,1.632275,0.098276235,0.17494614,-1.0287309,-0.23774366,-2.243829,1.0836172,-1.5825405,-0.42507815,-0.10674002,-1.5541825,-0.11830461,0.21654023,0.212834,0.7096253,0.53416246,0.44245854,-2.0452621,0.98095846,-0.013111794,1.2848206,0.098152995,-1.0708179,0.005887464,-0.99380887,0.78060484,0.30163205,-0.8280803,0.56778562,-2.1040425,-1.8453344,-1.460109,-0.38970667,0.61448729,0.7497865,0.22597495,-1.0757933,0.8005414,-1.4482753,-0.1557032,0.25184092,-1.2905076,0.01470108,0.035046868,0.58255076,0.072440021,0.41684949,-0.054460883,0.39740413,0.002751742,0.77248389,-0.080570176,-0.13969186,-0.97130412,0.38451356,1.1117351,-0.69548583,0.59603095,0.48480767,0.56917179,-0.79701757,0.8786217,0.25974756,-1.1934737,-0.62908483,0.087854229,0.20081733,0.24405503,0.89955306,-0.25123048,-0.52115381,-0.44605729,-0.032229237,0.60907447,-0.11026433,0.11178731,-0.4033584,0.17667656,1.2963499,-1.2874683,0.11786233,0.3084355,-0.69239199,-0.052240096,-0.042563856,-1.6855766,-2.1551738,-0.20584944,0.59116822,0.089551091,-0.28155124,0.85119671,0.3015869,0.46228889,0.21763235,0.01979515,-0.60296232,0.20976926,0.11472003,-0.083556145,-0.35566509,0.22403169,0.11495283,1.3856932,-1.7620008,-0.080690794,1.7615299,1.7044657,0.58021009,-1.2760864,-0.31196752,-0.43361473,-0.16506314,0.17079753,0.3725642,0.93369204,0.93127137,0.3087084,0.30510417,0.19966826,0.74841356,0.74075443,1.1335133,-0.93999803,0.26685643,0.35427177,0.069006018,-0.3961336,-0.16754469,-1.6357473,0.29763055,-0.023126602,-0.38647243,-0.14365076,0.53680301,0.18005577,-0.62786317,0.29500341,-0.25313112,0.46430156,-0.27795571,0.76339191,1.3760107,0.35963482,-0.009977801,0.62700909,-0.215229,0.048228573,-1.1349689,0.39023763,-0.67872828,0.22512443,0.90917361,-0.97166073,-0.53439373,0.47156402,0.41437662,-0.66361302,-1.2912855,0.70153546,-0.5733251,-0.1113206,-1.6170125,0.23889214,-0.26064226,-0.61061251,-0.49201852,1.1194485,0.54549849,-2.0444326,-1.3871703,-0.40701228,-0.014471721,0.28436309,0.007007591,-0.014517916,0.55064422,0.19322027,-0.19978572,0.28096101,0.34660792,0.40653479,-0.1877536,-0.14375645,0.15587059,-1.5719573,0.00032203,0.46848205,0.080946162,0.19857603,0.64674258,1.3058765,-0.41632476,-0.72750801,-0.2653192,0.079823017,-2.0509944,0.33831868,0.30419946,0.39538181,-0.81680143,-1.484642,0.29950523,-0.59430778,0.28276426,0.032839492,0.040587313,0.61194491,0.16150805,0.28575391,0.41946235,0.002434567,-0.21223082,-0.5191977,-2.2861619,-0.76299161,-1.0512135,-0.060028985,-1.0550039,0.21169095,-0.24198633,-0.40173736,0.00887176,2
0.54515213,0.32430628,0.31424183,0.55629593,0.54495913,0.571311,0.55279374,0.54452038,0.5569998,0.55942178,0.55007589,0.55694968,0.55304909,0.5319826,0.56745917,0.55135882,0.5577637,0.58454126,0.55693102,0.54621834,0.53036255,0.54990834,0.54878676,0.54900861,0.5515402,0.54954362,0.55603737,0.54804534,0.55057782,0.55340511,0.5468933,0.54218161,0.5450483,0.55174828,0.55374396,0.54579604,0.53565204,0.55593646,0.53187156,0.54517543,-0.9386372,0.30721989,0.51069248,0.51936275,1.4339076,1.798629,1.429518,0.8300904,0.96283036,1.7576693,1.4843041,1.317035,0.33086407,-0.18558958,-0.13840923,-0.344147,0.68694395,0.36478704,0.36536318,0.30534324,-0.66766691,-0.049437493,-0.57709742,0.51913559,-0.54465854,-0.02720841,-0.21314447,0.66515559,0.29527354,1.5212488,-0.25418115,0.22071013,-1.165241,-0.26023668,0.043140091,0.93854618,-1.0315382,0.57498854,0.29008222,-0.9217571,-0.11212268,-1.118314,-0.5453555,0.50036162,0.98873889,0.78342748,-0.040044252,-1.7486132,0.82586622,0.10517138,-1.0279953,0.77829623,0.00486207,0.11301734,0.62821728,-0.10723332,0.44178087,-0.5874055,0.13265137,0.6859439,-0.61214244,-1.09289,0.071897447,0.52846968,-0.36715442,0.16194639,0.12144724,-0.22978655,-0.058521777,-0.34867549,0.37118304,0.85918117,-0.23710684,-0.38367662,-0.44728285,0.22704822,0.52559936,-1.0705147,0.40246072,-0.99372041,-0.43630415,-1.8962435,-1.2109497,-0.074551269,-0.45396554,0.23918414,-0.42413977,0.14302848,-0.093509734,-0.27877304,-0.83458024,-0.48912859,0.52780014,-1.104058,-0.2384865,-0.21295054,0.067415729,0.41469562,-0.49691156,-1.8921493,0.94436026,0.41065422,0.91815525,-0.18378776,0.58094943,0.30240107,0.028307155,-0.032928467,-0.16042538,0.38955003,-0.59019613,0.07548067,0.39866245,-0.39652181,-0.79714996,-0.025247276,-0.70229822,-0.73057139,0.44304973,-0.33220309,-0.009781342,-0.70121974,0.70961428,0.74162954,0.018563915,0.080432594,-1.8233281,0.7242744,0.053834066,-0.11081059,-0.077242561,-0.59912682,-0.009308789,-0.17137761,-0.66841221,1.0778134,-0.77117765,0.11173113,0.48961967,-1.8658319,-0.14151688,0.32001862,-0.016803665,-0.61815077,-1.0950708,0.40293175,0.20113239,0.47645742,0.86728317,-0.72517908,-0.34195894,0.031496108,0.0943885,0.28467882,0.40128413,0.14348724,-0.054174311,-1.2894986,-1.7390764,-0.78772604,0.30423337,0.72704661,0.39074534,-0.46782398,-0.40028685,0.11195424,1.4245338,-0.091443941,0.069100611,-0.4613834,-0.35115626,1.0772959,0.1525442,0.22461957,1.308131,-0.11325128,-2.397069,0.00371673,0.81443906,-0.021861833,-0.081654698,-0.98716706,0.10770877,-1.7269113,0.22008497,-1.4655037,0.42071366,0.12458026,-0.81133473,-0.008633042,0.12783305,0.56377167,-0.28910068,-0.079748482,-2.8331404,0.44853675,-0.5367344,-0.033223361,-0.10775934,0.27036321,0.57218617,0.11991858,-0.15173763,0.73978055,-1.8362639,-1.0039136,-0.32009998,0.64752197,-0.42374,0.10420541,0.19351444,0.50213391,-0.011837319,0.42810073,0.43978915,0.82784748,-1.0660578,-0.33997577,0.92871922,-0.22299197,0.26955545,-0.070549838,-0.23755819,-1.2291831,-0.46012327,0.07890363,-0.33185813,0.55505925,1.41019,0.37368971,-0.41613913,0.17655858,-0.3359617,0.54748791,0.64734614,-0.44233426,0.08470238,1.6736495,0.10851884,0.17248228,-1.0783831,-0.17193508,-2.1642506,1.1130629,-1.5849656,-0.42896354,-0.17804316,-1.3151972,-0.16148046,0.19470742,0.21075386,0.83722258,0.67588359,0.45598066,-2.0071425,0.97634673,-0.021834364,1.2738515,0.093885139,-1.1024431,-0.015031517,-0.96766716,0.61119449,0.35830122,-0.88709414,0.36774355,-2.0761003,-1.8329924,-1.4342287,-0.33463168,0.55824882,0.83867359,0.25928658,-1.0000641,0.84711611,-1.4412332,-0.20976532,0.38197488,-1.3697329,-0.072554149,0.020649996,0.65990907,-0.016778769,0.47037086,-0.056459561,0.34925622,-0.009313662,0.74334896,0.25533801,-0.13086064,-0.92489153,0.40155095,1.1533873,-0.63658434,0.62478125,0.55204058,0.54836518,-0.75792384,0.70887285,0.44247618,-1.1844262,-0.66049242,0.066534854,0.15590617,0.22165278,0.98648083,-0.32638392,-0.5172016,-0.43848139,-0.047763459,0.71056652,-0.17338997,0.11252293,-0.3806808,0.21831094,1.4942865,-1.3213736,0.15353297,0.29946899,-0.74162877,-0.02900533,0.18347067,-1.6119645,-2.073575,-0.28598008,0.67761242,0.060484216,-0.2700291,0.89468944,0.2546432,0.49510983,0.28404111,-0.12589476,-0.56146127,0.22456425,0.04506696,-0.037039477,-0.3355222,0.26464415,0.17574611,1.3348142,-1.7225051,-0.016993973,1.6681596,1.6601564,0.37575376,-1.3436255,-0.33247325,-0.55906564,-0.15923503,0.096613593,0.38604039,0.92594194,0.71392673,0.3187058,0.3138184,0.24701214,0.89651692,0.73372054,1.2297478,-1.0092652,0.29697162,0.45512509,0.12245566,-0.39812219,-0.14038086,-1.5737469,0.31456777,0.012329817,-0.38086769,-0.10452982,0.7123661,0.25917959,-0.6154446,0.25789618,-0.19101039,0.40534616,-0.24994209,0.82852757,1.1202404,0.32665473,0.030671982,0.63786221,-0.073390275,0.11876852,-1.1126262,0.3844893,-0.69674802,0.18137558,0.81835127,-0.82150549,-0.60820866,0.46552217,0.4026008,-0.7499944,-1.2684739,0.65578175,-0.58639055,-0.0861222,-1.6377335,0.28352857,-0.2305674,-0.74471426,-0.44950607,1.1917851,0.49122614,-2.0019975,-1.2975724,-0.40127069,0.056873046,0.29129285,-0.079308048,0.020325325,0.52071124,0.1921753,-0.21340501,0.25182685,0.3272661,0.43887743,-0.15675375,-0.10117258,0.38473678,-1.5357141,-0.004512629,0.45946801,0.075525776,0.27273306,0.60758662,1.1882256,-0.42202818,-0.80640942,-0.33944616,0.59231597,-2.0880997,0.30244064,0.24185267,0.36299068,-0.79163593,-1.486796,0.28363949,-0.60618931,0.16622853,0.10046657,-0.007184729,0.577142,0.16807583,0.29432613,0.51371771,0.011479806,-0.24622104,-0.5120489,-2.3260837,-0.6817764,-1.0855436,-0.006829023,-1.0219473,0.24985836,-0.19252568,-0.36302325,0.076798819,2
0.69128841,0.43717641,0.39075917,0.62038636,0.61806774,0.63766176,0.61774766,0.60274148,0.61797595,0.6185624,0.60997581,0.62057775,0.618622,0.60766375,0.63417661,0.61001062,0.6239028,0.64334142,0.62495786,0.61000597,0.60914612,0.61911583,0.61250573,0.61894429,0.62179804,0.61183798,0.61578292,0.6042195,0.62030542,0.6081003,0.60706085,0.61629695,0.60540247,0.60409731,0.61574483,0.59984201,0.6014654,0.61609554,0.59283596,0.60404676,-1.1015065,0.37853438,0.74105805,0.70629632,1.6499012,1.7699239,1.6852925,1.0686529,1.2098591,1.9954821,1.726848,1.5494548,0.54024708,-0.2133404,-0.18973045,-0.41519055,0.78552246,0.45592761,0.45150262,0.36463979,-0.91546905,-0.042199109,-0.69656926,0.50446379,-0.36614153,-0.10265096,-0.27072847,0.75685811,0.14243588,1.6301558,-0.19304213,0.27674967,-1.3227342,-0.26888597,-0.07714507,0.98486304,-1.1489362,0.67384779,0.24286804,-1.0672494,-0.15687303,-1.3454148,-0.61829388,0.43508884,1.0358098,0.72003508,-0.05959475,-1.8370556,0.9026171,0.1457583,-1.1817811,0.75500709,0.033467673,0.12465229,0.78406501,0.040501386,0.39087084,-0.64674747,0.15468411,0.74239302,-0.71531856,-1.3373477,0.049729798,0.57460147,-0.52934253,0.41402826,0.16285473,-0.23945558,-0.12024958,-0.37349045,0.3886219,0.80746877,-0.18667281,-0.45686483,-0.59725744,0.22791773,0.65922016,-1.2441084,0.49407297,-1.0931538,-0.41960853,-2.0919774,-1.3250494,-0.039680995,-0.58360636,0.29353845,-0.43602574,0.097955331,-0.12207903,-0.35422611,-1.0204438,-0.66030884,0.34923899,-1.2637988,-0.29246458,-0.25229311,0.10242639,0.29748446,-0.57431185,-1.9491816,0.86075526,0.59994614,0.96150219,-0.23240247,0.48615044,0.22515045,-0.014576599,-0.072596103,-0.21509102,0.59248853,-0.67532349,-0.11561078,0.43922961,-0.42744517,-0.91239256,-0.077136867,-0.74628508,-0.76655161,0.38314676,-0.64960527,-0.003240213,-0.78134102,0.88973433,0.76846647,0.07137695,0.08919581,-2.0966456,0.82103729,-0.094089389,-0.24076863,-0.1095596,-0.62748075,-0.058247808,-0.19445783,-0.68554485,1.3492345,-0.93080616,0.16186333,0.51614487,-2.1172247,-0.22894649,0.32852197,-0.095135875,-0.58566248,-1.1339679,0.3893685,0.16276267,0.40303558,0.98630989,-0.83051467,-0.32386166,0.089298427,0.3030794,0.29053661,0.38782585,0.094532922,-0.066699885,-1.5170869,-2.0020988,-0.87650669,0.27645826,0.7191236,0.24062163,-0.46004683,-0.3915391,0.10916179,1.3225397,0.18718216,0.14643084,-0.43764973,-0.41480809,1.2548796,0.21420348,0.35290325,1.5213915,-0.20543012,-2.6387093,0.010712206,0.88059092,-0.008210382,-0.14252158,-1.0236999,0.16514425,-1.9432439,0.23743258,-1.380044,0.38391638,0.10970993,-0.93730247,-0.020510241,0.30007586,0.72275245,-0.30989122,-0.056168586,-3.1334579,0.4649646,-0.49912757,-0.10087598,-0.11444795,0.22719802,0.61249095,0.29064792,-0.19611153,0.76567537,-2.0559971,-1.0574419,-0.36283922,0.84550583,-0.50616008,0.040278807,0.17121477,0.32074517,-0.046686709,0.4775303,0.4269217,0.8025198,-1.1777295,-0.41732469,1.1766294,-0.082228757,0.28285456,-0.14414009,-0.26234552,-1.3598472,-0.56874251,0.12420378,-0.41760677,0.43602288,1.504817,0.45232463,-0.54906094,0.16182357,-0.46133426,0.68360603,0.77551538,-0.51225114,0.057851389,1.8146926,0.069246292,0.25836045,-1.313179,-0.32613584,-2.2992692,1.1744637,-1.6320535,-0.44222388,-0.082517907,-1.4422746,-0.28357434,0.1457452,0.33350366,0.84217501,0.72729778,0.49245667,-2.1391311,1.1023061,0.13806668,1.4338126,0.064445212,-1.2445151,-0.12637681,-1.1604078,0.75234175,0.33885288,-0.9242053,0.5642736,-2.2530293,-1.940106,-1.7026287,-0.44024605,0.65574521,1.0886419,0.38085729,-1.210323,0.96147263,-1.5677544,-0.22512309,0.57618272,-1.3940682,-0.071007803,-0.001721593,0.60025793,-0.22321515,0.57188731,-0.1473853,0.46642777,0.034964107,0.65118194,0.090687171,-0.15612313,-1.0039221,0.48344716,1.1036153,-0.79180974,0.82272732,0.56246966,0.46759295,-0.82594115,0.91028428,0.29451096,-1.2424597,-0.79377699,0.094192475,0.19265421,0.16618218,1.0404062,-0.39926532,-0.563465,-0.57584608,-0.043387227,0.59103429,-0.24077411,0.086986087,-0.47614908,0.2022717,1.7406549,-1.4727521,0.18384054,0.463173,-0.76477635,-0.032689508,0.22174633,-1.7623885,-2.4150672,-0.25843284,0.69208956,0.07038565,-0.22880769,0.96749943,0.22607136,0.51742268,0.34136683,-0.22535288,-0.69267601,0.2470049,-0.045357466,-0.10883921,-0.28949368,0.29303271,0.17764252,1.548844,-1.8475156,0.017748617,1.7520976,1.9041077,0.59618723,-1.4978552,-0.35959381,-0.6255815,-0.21242195,0.11047083,0.38413617,1.050648,0.87225175,0.36532572,0.33914417,0.23309097,1.0515372,0.74514353,1.4750264,-1.2037735,0.36682683,0.46598944,0.075778447,-0.42171934,-0.15081954,-1.5834666,0.44132721,0.062721819,-0.5021736,-0.30908173,0.64926261,0.25237918,-0.70178008,0.3554045,-0.25635296,0.46097374,-0.32921457,0.97965848,1.328151,0.32206053,-0.001544143,0.73482937,-0.22998992,-0.023936443,-1.2008432,0.3949618,-0.73217541,0.094011575,0.90423149,-0.89947283,-0.63026673,0.4771339,0.3356562,-0.75180864,-1.371969,0.78931117,-0.74126458,-0.16087633,-1.8817587,0.30939987,-0.27015594,-0.7178362,-0.61725605,1.3453996,0.37177455,-2.1259074,-1.3994628,-0.46977222,-0.050163247,0.42397451,-0.069531307,0.11719583,0.5030756,0.32003537,-0.25191802,0.18900803,0.33849105,0.50237846,0.19812272,-0.24655983,0.4380849,-1.6778046,-0.023690069,0.56383717,0.052243918,0.29757321,0.61830705,1.401281,-0.47953337,-1.0540459,-0.37322593,0.38576511,-2.2307723,0.36120063,0.1461037,0.52199495,-0.86741388,-1.642699,0.35463697,-0.62676173,0.21334769,0.002735943,-0.19386628,0.61942947,0.10447847,0.45651412,0.59577155,0.02292373,-0.28917721,-0.5163911,-2.5784488,-0.82964945,-1.1160327,0.072482646,-1.2212502,0.24459219,-0.16737793,-0.42643237,0.068422154,2
0.41159025,0.19028307,0.14416648,0.40766552,0.38676834,0.38481483,0.39529318,0.36983031,0.38711029,0.37663898,0.37677366,0.38084269,0.36101902,0.36252218,0.38090175,0.37510854,0.36999255,0.40671223,0.37341052,0.37059447,0.35720521,0.35196233,0.36320221,0.37216061,0.36293063,0.34930101,0.35519737,0.33794111,0.37008637,0.35856253,0.3504259,0.36779797,0.34060514,0.33990017,0.38057059,0.32399428,0.31673723,0.35485131,0.33842489,0.35206234,-0.65298826,0.14352918,0.16748726,0.28594232,1.1602881,1.5096571,1.1384859,0.50433517,0.60552418,1.4198554,1.2493446,0.98129332,0.27302352,-0.14099069,-0.2699663,-0.38663644,0.52944833,0.35122213,0.26176322,0.20032716,-0.81296849,0.069640376,-0.32196727,0.19594406,-0.54048645,-0.066958301,-0.021861508,0.68531519,0.38852987,1.2406784,-0.13099056,0.19992888,-0.95032173,-0.17124324,0.065121926,0.76564085,-0.84593189,0.48390228,0.12189169,-0.87830639,-0.025715873,-0.92845064,-0.44293106,0.53693891,0.73329884,0.54646969,-0.01372716,-1.4406712,0.47622913,0.072135076,-0.78050941,0.27882978,0.078230068,0.12706836,0.49564868,0.43398011,0.44648761,-0.36772767,0.13707611,0.42256722,-0.74523628,-0.93645644,0.087016068,0.44959021,-0.16678396,0.30119127,-0.030669719,-0.065234683,-0.13016191,-0.27502227,0.40466321,1.0606937,-0.20172966,-0.57223552,-0.67622697,0.41224337,0.39453393,-0.96876293,0.29910246,-0.86467463,-0.23540747,-1.4411258,-0.82228053,-0.007220291,-0.45310205,0.16670668,-0.41419438,0.089334548,-0.12186594,-0.17194721,-0.65693504,-0.35558644,0.084594779,-0.9293462,-0.049478225,-0.1088658,0.13764435,0.15712777,-0.45745426,-1.2905895,0.24552864,0.39108354,0.6934191,-0.16530183,0.44798031,0.22388473,0.065343335,-0.10238847,-0.33096057,0.32338709,-0.49135178,-0.31659824,0.30697125,-0.12455531,-0.59434211,-0.018174328,-0.44562101,-0.59236723,0.18201347,-0.25269085,0.05384355,-0.41948393,0.38927814,0.58956152,-0.049209774,0.047552638,-1.5228871,0.59275818,-0.23473401,-0.16231893,-0.041390628,-0.415739,0.019583244,-0.11967316,-0.34621942,0.94042528,-0.40212941,0.15209082,0.46317065,-1.378983,-0.19003929,0.34665164,-0.080842301,-0.44772875,-0.78993821,0.49039978,0.009787679,0.40052602,0.68116987,-0.58813584,-0.18626145,0.11586876,0.13081595,0.21199413,0.34063548,0.16766423,-0.14048225,-1.0527982,-1.2474314,-0.71785825,0.19581388,0.47142729,0.10407868,-0.28798983,-0.30719367,0.17817928,1.6029884,-0.00746005,0.040705264,-0.2256545,-0.136733,0.94999433,0.035883073,0.17866255,1.8266299,-0.016740132,-2.0539448,-0.16004096,0.48785356,-0.049456596,-0.16014814,-0.67980081,0.083333157,-1.1066072,0.26637,-1.1521354,0.45689824,0.16075844,-0.67258751,0.003917657,0.14691386,0.64677095,-0.20153654,-0.27668574,-2.1558731,0.22981778,-0.56357807,-0.10199717,-0.03851299,0.15319461,0.49711198,0.063247263,-0.21961075,0.5546428,-1.1405673,-0.68156064,-0.032963544,0.21652505,-0.41662121,0.178708,0.34427422,0.47670636,0.035208862,0.45791447,0.48004609,0.57736325,-0.91648936,-0.13106304,0.3766886,0.19875321,0.25075892,0.05420287,-0.16141947,-0.99135488,-0.36773679,0.084990241,-0.40908366,0.21130323,0.95392042,0.30141529,-0.3568787,0.1351333,-0.36651012,0.17467695,0.43751293,-0.41663992,0.11553568,1.4968573,0.039377563,0.034448557,-0.80253762,-0.078165963,-1.6526814,0.911874,-1.0807734,-0.18461178,-0.039213926,-1.1748155,-0.10319208,0.22395101,0.32773268,0.029603243,0.30905601,0.39966592,-1.3688281,0.91012573,0.68739295,0.92760181,-0.014362053,-0.89000571,-0.14286882,-0.72307712,0.52963018,0.086600438,-0.87078089,0.16201802,-1.4752843,-1.3798665,-1.2411307,-0.34725767,0.22587787,0.53049487,0.20203921,-0.72530454,0.56010944,-0.98729551,-0.2961753,0.33420774,-0.92757237,-0.021473877,-0.048738293,0.42233112,0.12600921,0.45072177,0.053412341,0.47302693,0.050483339,0.71980768,0.009979188,-0.12882137,-0.66636735,0.28993791,0.93414748,-0.43160653,0.61908132,0.37703305,0.63471544,-0.54405749,0.24330151,0.42894915,-0.86922276,-0.33549154,-0.002683327,0.093973756,0.2570475,0.5679512,-0.30328149,-0.43414426,-0.34046122,0.043895535,0.27407184,-0.26557201,-0.22394589,-0.28130549,0.12512493,1.0095322,-0.77275622,0.17906423,0.2443407,-0.60024923,-0.009149734,-0.2607004,-1.1200262,-1.6734539,-0.14946796,0.43075871,0.14872648,-0.28515851,0.63764483,0.16470703,0.46337864,0.24474396,-0.099847406,-0.56042624,0.21290827,0.013224129,-0.23994273,-0.65947711,0.15439476,0.24055937,1.0197737,-1.4446235,-0.19098824,1.3806366,1.5356814,0.39348042,-1.0368917,-0.1589777,-0.43269604,-0.045921803,0.064540647,0.56396723,0.7273286,0.69294184,0.52017534,0.084967434,0.25775233,0.6009866,0.61904716,0.88359594,-0.63269562,0.20113482,0.37338406,0.089786015,-0.21090275,-0.11283013,-1.2844411,0.27964649,0.025863674,-0.3942281,-0.24956636,0.25185236,0.002604201,-0.6616171,0.15226266,-0.16699377,-0.064595878,-0.22978717,0.28964666,0.75602365,0.15639611,0.12594399,0.47282487,0.049368165,0.056749325,-0.88025165,0.22727133,-0.53047478,0.08044003,0.53016353,-0.52962947,-0.61571264,0.41121912,0.38871056,-0.5326606,-1.0230602,0.4495374,-0.47135141,0.16622835,-1.2966185,0.32549337,-0.20209967,-0.62195688,-0.59875405,0.82441521,0.53527886,-1.7144232,-1.0690736,-0.21965934,-0.003703831,0.2525928,0.050875138,0.066248558,0.30645415,0.16854458,-0.15241764,0.25356564,0.26874742,0.33106112,0.35475767,0.096341379,0.17651734,-1.2200214,0.25044858,0.46532491,-0.015285425,0.10791554,0.63270241,1.0164404,-0.33158734,-0.73860461,-0.36438739,-0.002645832,-1.5099009,0.31991178,0.26703402,0.38644907,-0.68722075,-1.2002466,0.38806421,-0.35672945,0.32076564,0.15444556,-0.17985386,0.48890275,0.049109649,0.27838632,0.46461111,0.021398295,-0.10545671,-0.30964234,-1.9017358,-0.67673331,-0.73192859,-0.002589461,-0.69128138,0.35297763,0.022125542,-0.236175,0.061699226,2
0.6267848,0.397679,0.33462688,0.59955317,0.57983959,0.58764422,0.58528751,0.57372868,0.57517612,0.57478476,0.56958365,0.56767291,0.57103318,0.55061924,0.56931722,0.56336653,0.57942849,0.5743354,0.57257515,0.56385827,0.5506112,0.56223792,0.5468179,0.55288374,0.55917686,0.55499494,0.55092978,0.54358977,0.55279964,0.546269,0.52931583,0.55557418,0.5403617,0.5361743,0.54104471,0.53229231,0.53283781,0.54588223,0.52859724,0.53653634,-0.92059094,0.33409253,0.48481756,0.46589118,1.3563645,1.7804859,1.4421974,0.7778728,0.90537983,1.686541,1.4689842,1.2482815,0.4399066,-0.16090894,-0.1208535,-0.29518291,0.82754922,0.46103179,0.4156971,0.34131038,-0.86822784,0.007748172,-0.456974,0.38408628,-0.40953404,-0.23416612,-0.24553046,0.52654243,0.063746035,1.5775206,-0.21105324,0.29018664,-1.1896386,-0.16783363,-0.038670994,1.1298754,-0.84542793,0.7872057,0.21862955,-0.95732474,-0.073887251,-1.2884973,-0.61512858,0.58121192,1.079366,0.63772207,-0.018248415,-1.7472718,0.86230731,0.13454886,-1.0532033,0.29360992,-0.014771052,0.16148901,0.72816592,-0.1101647,0.33983508,-0.4159191,0.1428543,0.69714832,-0.59648424,-1.2141038,0.016098484,0.42212394,-0.27113497,0.21179155,-0.083383501,-0.22338834,-0.030115634,-0.30860791,0.58216965,0.82174641,-0.17338042,-0.29977888,-0.82100868,0.023543507,0.70253527,-1.138705,0.41197217,-1.1086166,-0.36413524,-1.8580877,-1.0165449,-0.029264987,-0.63844955,0.27964348,-0.39963755,0.096130103,-0.046093255,-0.25148576,-0.75595057,-0.52978373,0.35984284,-1.1552293,-0.28169054,-0.040451333,0.17839938,-0.004220218,-0.54979944,-1.7792956,0.64608723,0.54355979,0.80645251,-0.19137226,0.54098582,0.33956072,0.046575822,-0.15618747,-0.24099571,0.46735436,-0.60955948,0.013083801,0.4997437,-0.26784512,-0.82309967,-0.010365825,-0.68706095,-0.57085526,0.18340254,-0.33357608,0.14180364,-0.66210771,0.73668563,0.72327256,0.12150189,-0.10034738,-1.8219901,0.71225512,-0.12413266,-0.20789091,-0.092683941,-0.62278277,0.052915111,-0.19488193,-0.58716947,1.0795277,-0.72286594,0.14853385,0.61478633,-1.7540184,-0.14836016,0.40452617,-0.1422556,-0.62054098,-0.93045431,0.59023798,0.16348797,0.49690902,0.87844074,-0.80932117,-0.34238157,0.11584419,0.033363309,0.22633541,0.34852907,0.16458997,-0.023791783,-1.3756765,-1.7189674,-0.7949627,0.17204639,0.48435342,-0.022409722,-0.39504731,-0.30752814,0.12745023,1.1116982,-0.052094638,0.040522847,-0.26010007,-0.28050584,1.0678829,-0.36373064,0.30331194,1.3599355,-0.15942322,-2.3554814,-0.14181527,0.73056698,-0.074229583,-0.1129957,-0.93693829,0.05070325,-1.4235092,0.27953553,-1.268845,0.30814391,-0.031186666,-0.85794264,0.11737502,0.13488984,0.58829689,-0.16166303,-0.41497114,-2.6991243,0.3153199,-0.41134879,-0.073132075,0.024743423,0.21690735,0.46527058,0.12751547,-0.19476898,0.38010061,-1.6994143,-0.7920137,-0.39017898,0.59781981,-0.3760744,0.033753537,0.33520386,0.55705833,-0.055298731,0.46670172,0.44324309,0.78835469,-0.99960589,-0.2087118,0.81865215,0.052085437,0.2125895,-0.099136785,-0.34142047,-1.1780037,-0.54173595,0.15383995,-0.43244189,0.22905332,1.2887827,0.38207176,-0.50804353,0.26187968,-0.43206295,0.40608129,0.65233868,-0.4266496,0.13186614,1.3731949,0.02595751,0.16378017,-0.97167426,-0.23190702,-1.9799527,0.93935937,-1.4491491,-0.17229131,-0.12778455,-1.3478726,-0.23926741,0.098086856,0.13485779,0.20335409,0.49255034,0.32508966,-1.8497666,0.84540153,0.14257243,1.2037103,0.021821178,-1.101277,-0.21308061,-0.92087579,0.71279287,-0.031695992,-0.88152045,0.47175267,-1.9531302,-1.7524234,-1.5915891,-0.46731848,0.32895899,0.69177729,0.33197123,-0.96543884,0.85122013,-1.2157338,-0.46825257,0.34515798,-1.1691425,-0.023890138,0.053347267,0.39157745,0.022233158,0.51142329,-0.052478924,0.61677444,0.046866186,0.3969171,0.12702473,-0.12461336,-0.71581995,0.51073551,1.1374398,-0.61850971,0.70371628,0.44439331,0.5545097,-0.80202317,0.79657346,0.32394665,-1.0357201,-0.69973707,0.10712272,0.12301442,0.16198832,0.88169354,-0.45974949,-0.60162991,-0.50684214,-0.060602877,0.59237635,-0.27240229,-0.098962575,-0.38038936,0.19177952,1.3866532,-1.2025442,0.15095022,0.27741355,-0.70543015,-0.021239156,0.11954257,-1.4410821,-2.0451243,-0.3358494,0.69545078,0.14638902,-0.37932634,0.80285102,0.2227574,0.55987984,0.42101645,-0.13732548,-0.48180684,0.28804457,0.067448996,-0.25365379,-0.62716073,0.1841362,0.24029285,1.3291705,-1.6957905,-0.029540814,1.5475272,1.6219594,0.52847838,-1.2024007,-0.31270808,-0.43955734,-0.13413906,0.15991914,0.33200079,0.81745875,0.81881857,0.30667737,0.15996829,0.23308952,1.0694536,0.71533597,1.1982296,-0.81372631,0.34729213,0.35325435,0.14287113,-0.40199885,-0.15024947,-1.5038083,0.41822192,0.088188648,-0.35615677,-0.00813055,0.39899951,0.24884966,-0.71051359,0.21100479,-0.14738806,0.35626626,-0.19911329,0.89685148,1.2037151,0.26602006,0.080320984,0.64225304,-0.058835141,0.087262154,-1.0493239,0.15687051,-0.66781408,0.12105678,0.7300089,-0.57056004,-0.37189546,0.54837739,0.45889783,-0.68780869,-1.2904031,0.61341137,-0.56552291,0.083063975,-1.5800238,0.26141474,-0.20771012,-0.85837924,-0.47195581,1.0565577,0.5089047,-1.9817518,-1.2841283,-0.40834141,-0.067220837,0.35004222,-0.10643037,0.1413278,0.48802632,0.28568092,-0.28932136,0.29664832,0.30803946,0.40115514,-0.17369249,-0.15250634,0.66601861,-1.5524408,-0.06519641,0.54058623,0.057771672,0.063922234,0.61772275,1.2727818,-0.36180091,-0.89484215,-0.42257705,0.18728767,-1.7381277,0.31602323,0.3894352,0.48791122,-0.7958129,-1.323455,0.22878154,-0.30346119,0.15570879,0.10137899,-0.064589858,0.32225978,0.18281332,0.3484236,0.5240857,0.032857228,-0.2484104,-0.41563082,-2.3013377,-0.74163353,-1.0261576,0.18444644,-0.93836242,0.092168644,-0.15183225,-0.3874954,0.10626904,2
0.46364999,0.23823282,0.17079867,0.44308794,0.4352091,0.44522172,0.4249661,0.41455251,0.44353262,0.43307698,0.4200294,0.41207284,0.42227942,0.40343493,0.42252362,0.40596569,0.40718302,0.44070178,0.43103933,0.40611824,0.40874559,0.41438979,0.41238391,0.4110381,0.41151696,0.407318,0.41223705,0.40998438,0.40907913,0.4133631,0.40240973,0.39977282,0.39304551,0.39595252,0.40439019,0.36692363,0.37932336,0.39502558,0.37309384,0.39221913,-0.90206027,0.14698523,0.33047342,0.37024879,1.3018253,1.6824365,1.3227496,0.6627171,0.77137458,1.5957184,1.3979139,1.1341147,0.35800356,-0.17160504,-0.32955626,-0.30239001,0.66853899,0.38693303,0.29754138,0.28445482,-0.91018832,0.024781059,-0.65945846,0.13174309,-0.7490077,-0.076965868,-0.20004062,0.58888292,0.27012801,1.2686045,-0.17301464,0.24527895,-1.2195294,-0.19922346,0.044937454,0.8161341,-1.0589201,0.65217692,0.083063483,-1.0359353,-0.11307272,-1.3622313,-0.56297517,0.41035435,0.8170712,0.65467191,-0.065032229,-1.8112237,0.63897264,0.12313645,-1.1488891,0.29496753,0.007781729,0.026436523,0.83478796,0.2565752,0.3799741,-0.2485466,0.34742579,0.51531869,-0.75449347,-1.1352422,0.010280192,0.4805617,-0.29442346,0.13591182,0.004901897,-0.15353042,-0.026939802,-0.34197274,0.55503291,0.98896062,-0.22790487,-0.2597298,-0.74320757,0.14924286,0.39169809,-0.99416327,0.32826525,-1.0403862,-0.32921255,-1.7992715,-0.88206136,0.000621442,-0.69557154,0.027476907,-0.42865923,0.077746041,-0.062104441,-0.026731983,-0.7782048,-0.67465216,0.087250479,-1.068734,-0.12913479,-0.04411307,0.15575558,0.23713772,-0.49480981,-1.4783609,0.6485433,0.4720026,0.82094187,-0.19223011,0.497208,0.43299493,0.033723883,-0.2158787,-0.39130998,0.26043221,-0.55272019,-0.093233988,0.45756039,-0.15093145,-0.70224154,0.035282232,-0.50352043,-0.67117053,0.21151108,-0.24417204,0.030568849,-0.79378235,0.45209378,0.69635856,0.033533722,-0.081173271,-1.7286835,0.55177683,-0.091305651,-0.37345755,-0.012660615,-0.53284919,0.053326763,-0.16166633,-0.65649152,1.0024619,-0.57251686,0.12150113,0.41211945,-1.5830973,-0.23092514,0.33121243,-0.15260415,-0.55620396,-0.88810086,0.6204474,0.059159756,0.28350261,0.77485824,-0.77035844,-0.31159127,0.095164433,0.24306178,0.20201467,-0.0529778,0.11022281,-0.19323298,-1.2143269,-1.6402004,-0.90176988,0.2091047,0.40108329,0.10210673,-0.36010125,-0.38370579,0.14834093,1.4786918,-0.048677739,0.020754363,-0.18728673,-0.11430369,1.0320544,0.15351814,0.26693451,1.290725,-0.060028937,-2.4915192,-0.20511411,0.64093661,0.028126637,-0.14030956,-0.67720169,0.003158942,-1.2966908,0.19926587,-1.2729366,0.1861293,0.20024985,-0.84340441,0.12722594,0.22252458,0.53365308,-0.2464018,-0.30324507,-2.4396222,0.21965313,-0.62143791,-0.080090776,-0.003423423,0.20469345,0.48392314,0.1132074,-0.25050741,0.31208652,-1.341678,-0.76684046,-0.22607046,0.37742612,-0.421303,0.20605417,0.26087391,0.48621637,0.011066001,0.53848636,0.43636969,0.79942179,-1.1349187,0.35470638,0.52296036,0.13618936,0.25000435,-0.074445195,-0.22537333,-1.2652401,-0.46081755,0.13034263,-0.57750243,0.23115566,1.0335422,0.38931191,-0.51780319,0.27671665,-0.47484261,0.49888751,0.65869725,-0.42591548,0.082905747,1.708636,0.19575922,0.40125155,-0.83243257,-0.30728257,-1.890337,1.0493718,-1.2948065,-0.16465771,-0.12426791,-1.5757542,-0.3209843,0.16438118,0.13973248,0.25322711,0.52689213,0.35438114,-1.6756427,0.8833105,0.11382096,1.1720158,-0.10563308,-1.1175302,-0.16984063,-0.86544442,0.53754264,-0.082359537,-0.95070904,0.26341748,-1.6753573,-1.5089793,-1.4682471,-0.42194855,0.39997521,0.48350993,0.26533264,-0.7958883,0.74993819,-1.0813484,-0.30308843,0.38523799,-1.0762761,-0.071384475,-0.017732138,0.42208922,0.11996248,0.41188931,0.0579689,0.74252594,0.08450304,0.53502965,-0.006574832,-0.066795014,-0.67986393,0.46177122,1.1709212,-0.53836823,0.56501925,0.40900582,0.61174405,-0.67482829,0.60232937,0.2574178,-0.94153392,-0.55593675,0.091407113,-0.033380121,0.26888505,0.77682114,-0.40615046,-0.55894822,-0.48642236,-0.035364293,0.53962851,-0.26489273,-0.13875443,-0.29965946,0.23051018,1.1928372,-0.76680619,0.18337026,0.30204579,-0.6659025,-0.039381117,-0.13710137,-1.3237369,-1.9928815,-0.21369314,0.59965765,0.1156507,-0.32296085,0.74169225,0.16168512,0.45289052,0.3433902,-0.1844767,-0.50982988,0.27802604,0.16917545,-0.2185867,-0.70918274,0.12700245,0.16247879,1.2758471,-1.7484283,-0.068409771,1.4008721,1.6696109,0.42348287,-1.2939092,-0.20523454,-0.3146717,-0.15200232,0.027457535,0.33595985,0.79898256,0.70607448,0.61666423,0.11731176,0.27718744,0.76993972,0.79173028,1.0894349,-0.83059394,0.3558611,0.32218316,0.14800136,-0.33751515,-0.18112347,-1.5963607,0.37322482,0.035436437,-0.52021986,-0.124579,0.39002833,0.21432734,-0.83529544,0.17990789,-0.23428693,0.14309379,-0.076833472,0.49841738,0.99242145,0.14709486,0.13476235,0.60289025,-0.076454401,0.092427962,-1.0288358,0.21899275,-0.79842466,-0.009682626,0.59818888,-0.68198955,-0.52584153,0.44648418,0.42288107,-0.5658167,-1.1454849,0.62253261,-0.74503326,0.13492496,-1.6045139,0.34484956,-0.26487207,-0.8770687,-0.55728495,0.97410166,0.63290894,-1.9475907,-1.1892847,-0.32153618,0.001976321,0.29026788,-0.01243642,0.178187,0.37054414,0.23138811,-0.23233095,0.29234818,0.42537785,0.41350031,0.2307283,-0.21484369,0.25867802,-1.6101003,-0.051000033,0.44315657,0.010947261,0.080978528,0.6907481,1.0012689,-0.31866494,-0.88664722,-0.42942154,0.15934128,-1.844945,0.45953703,0.40667981,0.39766589,-0.80235112,-1.2283671,0.36624011,-0.42690846,0.17758277,0.05060342,-0.003214553,0.48274422,0.10931247,0.35735855,0.45243639,0.036049284,-0.17559159,-0.2939592,-2.2396626,-0.69434911,-0.83066642,0.1626517,-0.75416362,0.18638034,-0.090985514,-0.28166556,0.1520942,2
0.43456128,0.20609322,0.16121393,0.41945416,0.41142553,0.42356518,0.40357375,0.39580542,0.38815379,0.40699583,0.38516182,0.39322996,0.39391866,0.37922335,0.39750767,0.38740003,0.38105559,0.40880609,0.40771076,0.36406302,0.36429828,0.38927299,0.37432951,0.37576324,0.36726683,0.37909362,0.39816996,0.36783206,0.36941421,0.38483018,0.37577283,0.37297839,0.36312458,0.36749274,0.3634806,0.35281295,0.34291071,0.35556686,0.34743959,0.35991672,-0.87745279,0.14096685,0.41012877,0.47045791,1.3575499,1.7228765,1.4145863,0.75300246,0.88039929,1.6844289,1.4857335,1.2326306,0.43754616,-0.097670481,0.13476795,-0.21535267,0.61803889,0.33226973,0.37555611,0.2845104,-0.6265505,-0.031149928,-0.39978221,0.23603043,-0.35557497,-0.035494011,-0.11068948,0.68712378,0.040754169,1.7632064,-0.2605046,0.35474896,-1.1032782,-0.11323198,0.12491576,0.89660305,-0.75199801,0.67437285,0.21158649,-0.93538684,-0.10210287,-1.3563836,-0.43711439,0.50559908,0.85512751,0.78492153,-0.079284415,-1.7007948,1.1344346,0.27416545,-0.98593009,0.2060113,0.077125043,0.27449957,0.874084,0.010450304,0.27027538,-0.83413422,0.35607973,0.632981,-0.47817245,-1.118492,0.026229359,0.40029833,-0.26031178,0.12858805,-0.15635964,-0.37972206,0.10436149,-0.27348128,0.33951044,0.93537253,-0.2349178,-0.42696327,-0.74622995,0.02906099,0.88990992,-1.1537573,0.40184799,-0.56972373,-0.38457277,-1.812328,-1.4993362,-0.008614983,-0.59393609,-0.13207841,-0.30948955,0.074646883,0.015444018,-0.69879204,-0.94486296,-0.51461792,0.99941832,-1.0907868,-0.27351543,-0.34930483,0.17096357,0.17566341,-0.67885149,-2.0005426,1.1932347,0.44012082,0.88269371,-0.1700311,0.44269246,0.3555308,0.016770154,0.29614881,-0.083345532,0.27175269,-0.677091,0.1243754,0.44725165,-0.40639341,-0.79246658,-0.060496423,-0.78962791,-0.93790162,0.35681894,-0.59320134,0.22594443,-0.54324067,0.48657289,0.7480886,-0.26616892,0.23686531,-1.8964131,0.95029318,-0.049715292,-0.29296947,-0.049283173,-0.54684496,-0.042063657,-0.20538472,-0.52922851,1.1499376,-0.76791811,0.14192483,0.6629076,-1.8366929,-0.15636781,0.33843938,0.12181482,-0.91466027,-1.3097796,0.41753465,0.13968913,0.076559141,0.72212774,-0.61771059,-0.36465031,0.079342104,0.30066913,0.48555034,0.42079324,0.10694864,-0.018366646,-1.2912391,-1.6523942,-0.67601287,0.24395612,0.6398313,-0.0277071,-0.22408485,-0.35483843,0.13040972,1.2392048,0.14474528,0.11338258,-0.4667117,-0.4146401,1.0602847,0.1782904,0.28633088,1.4502611,-0.17881143,-2.5854554,-0.083890401,1.306983,-0.098804399,-0.1430421,-1.355751,0.084210411,-1.8137275,0.33194453,-1.6375842,0.27242017,-0.072551534,-0.67395133,0.17678465,0.44153434,0.77937329,-0.33251819,0.12813121,-3.0368686,0.38508272,-0.15672335,-0.10647942,-0.23006874,0.48991668,0.33888361,0.10245389,-0.070612743,0.53090709,-2.2814741,-0.96904957,-0.47124097,0.50497824,-0.31929374,0.023206159,0.35649496,0.50602335,-0.070295915,0.42791924,0.3271763,0.7765274,-1.2178885,-0.26891994,0.9198935,0.13862933,0.33315977,-0.20797372,-0.19818392,-1.0813006,-0.47840714,0.1273641,-0.43065172,0.17889926,1.5890541,0.2742871,-0.27058336,0.44510865,-0.43251437,0.41515568,0.83910984,-0.20657311,0.015870139,1.5371408,0.38967231,0.25140864,-1.2537835,-0.30280483,-2.0693305,1.0306194,-1.831393,-0.56691724,-0.22880942,-0.72976285,-0.17848097,0.2538197,0.13820247,0.29966569,0.9193719,0.75479198,-1.961277,0.90500665,0.14192133,1.4732769,0.055756085,-0.99109197,-0.17930059,-0.79898298,0.65564573,0.14232829,-0.80062938,0.63431579,-2.2896571,-1.769917,-1.6597912,-0.31192106,0.72014487,0.95684791,0.26266801,-1.2742909,0.77404106,-1.5601201,-0.5486331,0.3670786,-1.0789706,0.10091795,0.029602185,0.59749222,-0.25971282,0.59154803,0.038607866,0.50212759,0.095672704,0.38991207,-0.020475931,-0.082983479,-0.74102211,0.43044686,1.0691313,-0.66164136,0.83328325,0.48161355,0.55710703,-0.86715484,0.93210781,0.64658427,-1.5367575,-0.52474403,0.12735432,0.41602072,0.2879504,1.1234148,-0.42244714,-0.53679103,-0.27313966,-0.014097488,0.90551996,-0.28056052,-0.12512606,-0.27990603,0.17086041,1.4561399,-1.4498851,0.19618435,0.31691772,-0.71753311,0.03224596,0.22220907,-1.7905097,-2.2814457,-0.45661187,0.5926277,0.089086905,-0.25850296,0.77629387,0.16412857,0.50232351,0.31336683,-0.12934342,-1.0245472,0.23461688,0.23844634,-0.23336837,-0.26679841,0.15763316,0.26170257,1.2779653,-1.6677572,-0.1244442,1.6262798,1.6586337,0.60263145,-1.0744979,-0.29622227,-0.78673917,-0.094583884,0.37385321,0.48086825,1.0118901,0.89746642,0.4388777,0.46635145,0.24074095,0.88318503,0.76107734,1.3268515,-0.70390165,0.13207252,0.68530834,-0.15493478,-0.33209848,-0.15713292,-1.191452,0.35376191,0.091657639,-0.48302823,-0.21975525,0.96767437,0.42197728,-0.72083271,0.15028983,-0.18786809,0.63840121,-0.63297337,1.0214634,1.0560418,0.29854751,-0.007999619,0.62050778,0.063635677,0.16626561,-1.1364294,0.35506296,-0.46525574,0.28177947,1.003476,-0.36020762,-0.75018013,0.35884282,0.37056801,-0.93568134,-1.2677639,0.83724713,-0.61649299,-0.30568445,-1.4149294,0.29727793,-0.13973591,-0.62731773,-0.46390843,1.1706184,0.37057853,-2.0451648,-1.3849065,-0.27955085,0.059382092,0.45384234,0.02104722,-0.019181879,0.58466268,0.2611469,-0.29725724,0.072536334,0.32813346,0.39517596,0.004228011,-0.008386344,0.40844166,-1.5667663,0.10921975,0.73318374,0.1364584,0.049045101,0.50130874,1.1141576,-0.3520478,-0.99035448,-0.13703255,0.45448491,-1.7804689,0.24098347,0.052188218,0.37158117,-0.7684139,-1.5833566,0.55477858,-0.32188481,-0.060799614,0.28923059,-0.030304,0.46993396,0.086206004,0.36084557,0.57542688,-0.081440471,-0.34675312,-0.68387747,-2.288909,-0.83624941,-1.4168575,0.18537545,-1.1039324,0.22478785,-0.27652168,-0.47645205,0.090104342,2
0.52177989,0.3040809,0.22772327,0.47000837,0.47954768,0.51010323,0.47485486,0.45870537,0.47812644,0.48265624,0.46971515,0.4643504,0.45755824,0.43979704,0.45784873,0.45638213,0.44812194,0.49287945,0.49310529,0.43761921,0.46013463,0.45522773,0.46120656,0.44542032,0.46587622,0.45563611,0.47085208,0.46527284,0.45857394,0.46643743,0.45863986,0.44985706,0.44409665,0.44513345,0.46831501,0.40922576,0.42771494,0.44460967,0.42186129,0.43911409,-1.0173155,0.19260389,0.48163396,0.50734091,1.4264119,1.8435876,1.4908395,0.82218367,0.94425219,1.7490685,1.5396953,1.2963738,0.54680884,-0.14431962,-0.21063,-0.38234594,0.82533419,0.5068059,0.40249789,0.38319987,-0.76733035,0.018397458,-0.46369627,0.28065136,-0.70916647,-0.12412144,-0.22190318,0.63612133,0.22870205,1.347653,-0.22393522,0.30995673,-1.2699105,-0.12594625,-0.13074341,0.96349788,-1.0344167,0.90685838,0.1038091,-1.0184427,-0.16318026,-1.3603418,-0.50983739,0.33271897,1.0400188,0.67493236,0.017585538,-1.8165753,0.71919495,0.15933666,-1.1871169,0.48121935,0.072115608,0.10690907,0.63132548,-0.025750577,0.28955197,-0.32681781,0.10617021,0.66546762,-0.69233829,-1.1360127,0.006474212,0.50708866,-0.30397156,0.23238716,0.098224312,-0.24778756,-0.005149961,-0.28081748,0.4559665,0.79481566,-0.2182622,-0.3107298,-0.89958072,0.11065622,0.51789379,-1.1678382,0.40326053,-1.2161814,-0.3479445,-1.8648858,-1.0494549,-0.071585387,-0.68843508,0.28184441,-0.42872515,-0.001807123,-0.075477816,-0.1576571,-0.77014613,-0.64329249,0.12277427,-1.1978849,-0.1475895,-0.064021006,0.1476379,0.069144458,-0.52672178,-1.7466912,0.31413913,0.5533309,0.79615265,-0.18929459,0.52497011,0.22990374,-0.011429131,-0.33465496,-0.40646362,0.46794119,-0.6273334,-0.14362687,0.57566249,-0.26000723,-0.85656661,0.077340305,-0.62119377,-0.56732118,0.18888296,-0.25599724,0.12765846,-0.69592476,0.62520576,0.56235588,0.009123984,-0.18109472,-1.7508179,0.51629746,-0.12868297,-0.29703414,-0.082376927,-0.6150099,0.035145786,-0.23880637,-0.61236608,1.0379242,-0.77624279,0.19429061,0.53849578,-1.7431315,-0.35847446,0.33151621,-0.16771114,-0.49101681,-1.0287027,0.56263667,0.025649577,0.27521655,0.79352772,-0.81759644,-0.23923495,0.13718466,0.29895219,0.049199507,0.53594387,0.13607447,-0.23171839,-1.3476351,-1.7145301,-0.78659755,0.30724975,0.52398103,-0.036954746,-0.40574437,-0.39278895,0.046676069,1.4551339,-0.05418995,0.030036613,-0.2328828,-0.24948892,0.98597032,0.17982525,0.37049806,1.2628045,-0.15661773,-2.3423214,-0.22869107,0.46332386,-0.022333058,-0.27953559,-0.87734205,0.088489398,-1.3890096,0.31984597,-1.3682755,0.34605229,-0.028791118,-0.91621029,0.21466622,0.16053824,0.52593565,-0.14808911,-0.54032487,-2.7039256,0.29466587,-0.55708301,-0.2160407,-0.092307009,0.23302154,0.49548283,0.049269278,-0.24142149,0.47653735,-1.6201798,-0.83883804,-0.41448867,0.4482792,-0.37658533,0.094614297,0.10295562,0.51810503,0.012742637,0.52487141,0.50243706,0.85883695,-0.99882531,-0.18850234,0.75288796,0.084080279,0.21275841,0.035719324,-0.31074828,-1.2110972,-0.47606197,0.18947162,-0.50421464,0.25955817,1.0919595,0.37330535,-0.5535087,0.30000073,-0.49422741,0.74084789,0.57238537,-0.49130449,0.09433686,1.5923136,0.26866603,0.38062319,-0.94513214,-0.23276171,-1.9815669,1.0801713,-1.469829,-0.21840861,-0.18981963,-1.5816697,-0.18083271,0.068572462,0.05595091,0.19544074,0.50451535,0.376111,-1.8881023,0.93366444,0.3032338,1.3310684,-0.11205059,-1.1863395,-0.2351688,-0.86282068,0.68441617,-0.18898116,-0.9263289,0.36978331,-1.867586,-1.4944015,-1.4900292,-0.39399898,0.3875027,0.45930672,0.37451881,-1.0355911,0.79347658,-1.1868147,-0.44202951,0.42694569,-1.2157518,-0.092206702,-0.035499595,0.41103229,0.037994206,0.26644284,-0.080279127,0.52884054,0.027485976,0.65753627,0.077696808,-0.13308197,-0.73807287,0.60332096,1.179343,-0.60571337,0.79637277,0.51609427,0.59588695,-0.73941052,0.68620425,0.37512276,-1.031592,-0.56313682,0.16415207,0.054397054,0.15581232,0.75517893,-0.44884419,-0.58108836,-0.53398418,0.02332237,0.53118455,-0.34691748,-0.12930076,-0.39164442,0.26109016,1.1910622,-0.98063403,0.21259594,0.30943635,-0.72676456,-0.16381603,-0.4054344,-1.4202161,-2.1469095,-0.30088359,0.76602614,0.11892523,-0.38668877,0.76427025,0.086995557,0.59403348,0.4289223,-0.24153981,-0.58078218,0.31167024,0.061571307,-0.30036125,-0.79656011,0.21062806,0.28430903,1.3471948,-1.7543635,-0.079625465,1.4625323,1.7063231,0.59301436,-1.3308198,-0.32139283,-0.41774458,-0.20524243,0.12337425,0.31259102,0.81820929,0.8331691,0.48237824,0.085967533,0.22278392,0.87408972,0.74417984,1.0889602,-0.98151946,0.31942078,0.2726306,0.22246066,-0.33721325,-0.20990805,-1.6350574,0.50149035,0.10530078,-0.40472588,-0.404879,0.26344648,0.19646749,-0.84502047,0.30573165,-0.2219432,0.09400475,-0.19520858,0.80507582,0.97948802,0.29236111,0.16898331,0.63734007,-0.18586636,-0.061352715,-1.0367587,0.2620765,-0.77870643,-0.007821754,0.73877442,-0.74866521,-0.36076084,0.40046537,0.42178395,-0.59796047,-1.2774919,0.68222147,-0.59804732,0.007810031,-1.5441985,0.25780135,-0.1532425,-0.78742242,-0.62302482,0.99351746,0.48061883,-2.0434134,-1.3251166,-0.47176731,0.033374328,0.31842756,-0.077312209,0.16093858,0.35770413,0.39957076,-0.23284608,0.30253202,0.39765835,0.40850419,0.093520001,-0.049726404,0.32694602,-1.6267202,-0.024804277,0.43918484,0.073150307,0.15490255,0.64632004,0.94873822,-0.42911774,-0.96344936,-0.54409647,0.37304789,-1.8611393,0.43374321,0.33298403,0.49250734,-0.81167591,-1.3679876,0.33637193,-0.40066707,0.056423709,-0.009678468,-0.020895924,0.37291974,0.15652873,0.46984845,0.41436416,0.003734361,-0.24946237,-0.36369371,-2.3486879,-0.7156871,-0.98233253,0.28263181,-0.9340663,0.28750378,-0.099909067,-0.37505102,0.18325782,2
0.57042623,0.34652779,0.26154938,0.53361225,0.54453069,0.55700231,0.53364956,0.52430141,0.53645545,0.53330493,0.5311234,0.52689964,0.5269351,0.50762182,0.52714443,0.51937866,0.51665992,0.55389428,0.54418194,0.50772029,0.5099926,0.5247041,0.51559317,0.51846719,0.5183537,0.5087527,0.52710605,0.51959121,0.51862419,0.51901376,0.51757026,0.50449216,0.50248682,0.50415206,0.51660186,0.48146853,0.49040854,0.50419283,0.47709912,0.48866439,-1.0563372,0.22266126,0.48781109,0.49655896,1.4243562,1.8245156,1.4970814,0.8182252,0.93630546,1.7453389,1.5465329,1.2819269,0.52834845,-0.16075481,-0.23905441,-0.35819089,0.88180697,0.50501955,0.36813259,0.42041975,-0.74410737,0.032177649,-0.44850081,0.26487827,-0.73755074,-0.2801351,-0.21464834,0.6052931,0.31776133,1.3268909,-0.22437519,0.33325508,-1.2089808,-0.13833143,0.005490515,1.2229993,-1.0070311,0.86647063,0.19834054,-0.97720265,-0.069293268,-1.2461674,-0.50469249,0.57602024,1.1513079,0.59052163,-0.00583294,-1.6912565,0.60186327,0.17928174,-1.1439197,0.48659849,0.07307338,-0.02409129,0.64507496,0.14879212,0.20007235,-0.32468078,0.18288629,0.69238579,-0.88327622,-1.1408674,0.002198927,0.50807321,-0.39033461,0.29597828,0.096960813,-0.15429494,-0.007437646,-0.30493131,0.57871103,1.0343865,-0.21364914,-0.39491782,-0.75995874,0.35559249,0.48735172,-1.0661589,0.33817574,-1.2221248,-0.34949696,-1.877816,-1.0591609,-0.016528424,-0.59001076,0.087757066,-0.39563245,0.024460614,-0.05814492,-0.086862117,-0.89828348,-0.46736586,0.040932685,-1.1430213,0.1811869,-0.11702643,0.12042751,0.20259967,-0.60338628,-1.671304,0.24224007,0.50604314,0.79367316,-0.16603771,0.60823762,0.3168714,-0.010531351,-0.59530073,-0.43767321,0.5113849,-0.69783628,-0.39772856,0.60913891,-0.27483726,-0.91545749,0.022828743,-0.63752824,-0.61056727,0.28490841,-0.19176479,0.12198669,-0.65983653,0.58119005,0.66781241,0.032237105,-0.086850509,-1.8168545,0.47291446,-0.1914891,-0.23318574,-0.022920445,-0.54937893,0.015462972,-0.19842714,-0.64679426,0.97920442,-0.79105783,0.16007611,0.57952213,-2.0016286,-0.16218592,0.39692762,-0.12266921,-0.40825891,-0.92059785,0.67518222,0.11620018,0.13196887,0.87295246,-0.78712875,-0.32912424,0.14733985,0.44806176,0.10361793,0.28044412,0.024096668,-0.28414163,-1.3067309,-1.5589362,-0.89465332,0.20188692,0.57256716,0.10568251,-0.43397433,-0.43344223,0.14113817,1.7020087,-0.15485926,0.040159687,-0.29110295,-0.2550841,1.0311342,0.23992175,0.36666089,1.4760866,-0.12192564,-2.7738376,-0.24398579,0.57411194,-0.041622445,-0.26501989,-0.83542943,0.10133575,-1.3700771,0.28620476,-1.4397167,0.44031087,0.13415158,-0.85532719,0.22876404,0.300255,0.56199068,-0.23310822,-0.50812328,-2.652508,0.18017921,-0.56604207,-0.033437766,-0.12654306,0.16873629,0.51644778,-0.028540716,-0.29246128,0.45441741,-1.5617948,-0.88285667,-0.37302268,0.25024039,-0.48310018,0.14302343,0.1768339,0.50520366,0.049876105,0.52409172,0.39472067,0.80684638,-1.1035886,-0.22172938,0.4325195,0.037438139,0.28909644,-0.062478073,-0.30202311,-1.1544611,-0.46784756,0.16293144,-0.48057038,0.40739608,1.011086,0.41832161,-0.50696343,0.25448197,-0.49128264,0.45797604,0.55981755,-0.34995136,0.086874045,1.626012,0.16776846,0.38437921,-0.96657169,-0.2291972,-2.0001426,1.0007205,-1.2983952,-0.13083497,-0.29246503,-1.5843804,-0.2879433,0.24796431,0.12083239,0.35528767,0.42690337,0.36508724,-1.8141296,0.93086141,0.4134019,1.0353444,-0.062082157,-1.1489408,-0.24380966,-0.94205594,0.62375355,-0.15485722,-1.0291383,0.25485045,-1.8355622,-1.5643874,-1.6148612,-0.34941852,0.41603217,0.38210562,0.30042297,-0.9676255,0.86140776,-1.250391,-0.29373088,0.45204389,-1.1705266,-0.065789022,0.011820006,0.46439847,-0.17756309,0.39950848,0.047048897,0.50858068,0.10498498,0.62258661,0.19412488,-0.079658911,-0.71520787,0.61065698,1.2016515,-0.68610024,0.62021804,0.52908182,0.57181656,-0.69094133,0.67477995,0.38729718,-0.98323923,-0.53471214,0.13489908,0.01656647,0.23207134,0.78105038,-0.45146143,-0.67955613,-0.53326011,0.090416446,0.55319995,-0.2517091,0.006051514,-0.33410859,0.31606382,1.2013649,-1.0156459,0.25441307,0.33705056,-0.71189272,-0.072023861,-0.42157352,-1.3834099,-2.086082,-0.30846238,0.74782372,0.045183554,-0.38437724,0.58896142,0.24079481,0.58051997,0.43706521,-0.14095686,-0.48885542,0.33338085,0.082896113,-0.20917432,-0.94799197,0.18766662,0.54720545,1.226414,-1.8017199,-0.071138576,1.5370308,1.7792149,0.36009356,-1.1894689,-0.26757681,-0.40097499,-0.11851865,-0.010941545,0.39258078,0.74643534,0.87289202,0.62203276,0.0385397,0.22843865,0.99667728,0.77543199,1.1435831,-0.99796963,0.425459,0.32811275,0.24371627,-0.38871494,-0.25828919,-1.622584,0.42809987,0.13133955,-0.35159218,-0.221441,0.26574296,0.25078669,-0.90074664,0.27521548,-0.31708357,-0.031965286,-0.12830202,0.52913815,1.0283862,0.29156032,0.19167572,0.6310631,-0.21403703,-0.20466538,-1.0818609,0.23618861,-0.74670529,0.049080744,0.63451195,-0.73852253,-0.51986194,0.32946244,0.49788621,-0.57245505,-1.2388995,0.58016598,-0.94329244,0.13475484,-1.5112181,0.36450768,-0.2458002,-0.88912094,-0.63987935,0.95384443,0.65149468,-2.0370638,-1.3048332,-0.38011074,0.027764531,0.23921293,0.039310217,0.10498127,0.40424848,0.38174748,-0.2578342,0.35672057,0.36637428,0.40873566,0.26069486,0.090484098,0.25892386,-1.726335,0.027446754,0.50892669,0.038635794,0.22205374,0.77178413,1.045743,-0.40607509,-1.0033195,-0.49026969,0.12132943,-1.8691285,0.32755864,0.47463524,0.33699369,-0.82993686,-1.2958337,0.30302942,-0.38949925,0.17284143,-0.000783801,-0.12664492,0.51245034,0.15911722,0.41188592,0.50842834,0.005237039,-0.12702653,-0.37952203,-2.3574002,-0.64687341,-0.88449216,0.23163946,-0.86396527,0.01146546,-0.055735074,-0.38209674,0.23063029,2
0.56292486,0.34512401,0.26533788,0.50386322,0.52262956,0.53425425,0.50881749,0.50145864,0.51572615,0.51804477,0.51060367,0.49855292,0.49569315,0.48187929,0.49690717,0.49324653,0.48749852,0.52565539,0.52185518,0.47929823,0.48617122,0.49696791,0.50260794,0.48078379,0.49216688,0.49169496,0.5075298,0.50212979,0.48967966,0.50008899,0.49306583,0.4760142,0.48075169,0.48613429,0.49342474,0.44921231,0.45840782,0.46904218,0.45150721,0.47966638,-1.0906609,0.23244451,0.58115757,0.56192917,1.4657545,1.8935859,1.5722774,0.8976528,1.0187198,1.814671,1.5913342,1.3696115,0.53083658,-0.16586193,-0.12641549,-0.32610092,0.95534921,0.54480183,0.46183711,0.4327904,-0.85504782,0.001562072,-0.483154,0.40435329,-0.56426406,-0.16484311,-0.17547846,0.78278643,0.13092604,1.5051806,-0.27847824,0.34865665,-1.3208286,-0.076340623,-0.126579,1.2303154,-0.9215219,0.84179574,0.17988056,-1.1008147,0.15866674,-1.0368373,-0.61529857,0.44206697,1.273486,0.75522709,-0.020118814,-1.8856418,1.0249773,0.28263286,-1.1334734,0.28169996,0.03803895,-0.062670991,0.87578595,0.078175306,0.34550306,-0.75861013,0.1935343,0.78903836,-1.0224793,-1.1937839,0.05135949,0.61205697,-0.42443192,0.27951655,0.16518651,-0.27735835,-0.018915623,-0.27661291,0.36397663,0.79514641,-0.22744443,-0.53402388,-0.96156871,0.054983512,0.76912528,-1.259845,0.4223752,-1.1645966,-0.36522824,-1.9552176,-1.4154649,-0.12651299,-0.53704953,0.22039548,-0.37309325,0.0221311,0.02751375,-0.47025275,-0.93375051,-0.67465371,0.61668283,-1.2809494,-0.38241053,-0.32876831,-0.026153609,0.088269785,-0.60381949,-1.9994454,0.91781723,0.59979975,0.93593252,-0.39759925,0.56106681,0.41946071,0.001399823,0.006772518,-0.2744537,0.30298135,-0.88368952,0.05411382,0.62444371,-0.36323413,-0.83466965,0.015157178,-0.80811095,-0.80723929,0.26440755,-0.70332611,0.11980364,-0.79716766,0.68259162,0.68176252,-0.11486711,0.17053962,-1.9041501,0.67261112,-0.13859266,-0.2896449,-0.17586394,-0.69496274,0.046069108,-0.32585794,-0.68553543,1.1951177,-0.75206596,0.23323485,0.63512635,-2.1597786,-0.12386716,0.42915416,-0.16611461,-0.71919096,-1.2300843,0.33878046,0.20056798,0.49838901,0.99269074,-0.92296124,-0.31803057,0.17565319,0.2208063,0.37153041,0.36148608,0.051302969,-0.035271782,-1.4583665,-1.8774374,-0.87038267,0.34528738,0.59918243,0.092854276,-0.39294037,-0.42964613,0.099753231,1.1192881,0.085074358,-0.008147952,-0.53417605,-0.40812883,1.0589418,0.26775935,0.42821193,1.4983295,-0.20495322,-2.3199615,-0.099684268,0.89456701,-0.01312658,-0.1508747,-1.2447684,-0.035692751,-1.8862393,0.24701652,-1.6574279,0.29214388,-0.040432665,-0.83126265,0.26242402,0.19143686,0.6463269,-0.18373002,-0.19953515,-3.0890944,0.41018492,-0.31766677,0.082746029,-0.10277458,0.38766533,0.46070457,0.14545247,-0.16429298,0.48651063,-2.1431642,-0.86722368,-0.42643899,0.64965975,-0.36448139,-0.062416464,0.26665285,0.50648928,-0.099632725,0.47127172,0.24987108,0.85471171,-1.0855558,-0.21997881,0.68808222,0.071865432,0.20001251,-0.20904678,-0.16941148,-1.2322636,-0.55210596,0.20334895,-0.37729189,0.21367332,1.4262328,0.40096375,-0.47122353,0.32158965,-0.52095294,0.42255127,0.83757865,-0.4161166,0.11350414,1.7012498,0.4116095,0.32251218,-1.4310443,-0.20756602,-2.0758526,1.0802853,-1.6667391,-0.61273134,-0.20256655,-1.0590836,-0.40067741,0.24081385,0.16957179,0.36256808,0.63369936,0.41858667,-1.9109067,1.0137485,0.39088243,1.3699303,0.10891218,-1.098987,-0.21328062,-1.0413258,0.80437285,-0.049435988,-1.0331604,0.55756271,-2.4141302,-1.8023604,-1.6687191,-0.44299847,0.627617,0.89588732,0.38148123,-1.3816388,0.9586401,-1.4245477,-0.44008258,0.50641799,-1.2236226,-0.026684135,0.093075261,0.56291348,-0.33012885,0.53948331,-0.04028891,0.47130448,0.10362579,0.43208709,0.17083474,-0.12412536,-1.14607,0.66154552,1.2030698,-0.73605973,0.8887763,0.54748529,0.27144971,-0.81718314,0.91428351,0.25335664,-1.3784502,-0.58736706,0.16534472,0.13381542,0.066208318,0.96582353,-0.43793949,-0.72726989,-0.44992816,0.027326122,0.75949633,-0.25809729,-0.024268568,-0.39261937,0.32470551,1.4584032,-1.4827743,0.21940322,0.38356057,-0.79656017,0.087191842,0.23439255,-1.6499522,-2.3822143,-0.4398194,0.81393075,0.21158502,-0.33251134,0.87759,0.1443084,0.69973284,0.49330646,-0.13047549,-0.91442686,0.41019458,0.27534699,-0.35745379,-0.69483674,0.22880819,0.30612284,1.4831204,-1.7282405,-0.058621816,1.7020952,1.8646796,0.53632843,-1.2425907,-0.38121808,-0.72142732,-0.11364605,0.24311915,0.2915808,0.98336875,0.77658957,0.43063039,0.29537129,0.29824752,1.0156037,0.64193892,1.5002096,-0.98351634,0.34019011,0.46522135,-0.009335876,-0.40615886,-0.11177246,-1.3791564,0.51658189,0.10685465,-0.38332477,-0.15852655,0.55042946,0.35522968,-0.5353756,0.2376478,-0.12253906,0.35258627,-0.55182028,0.95879149,1.2636951,0.21553606,0.12543198,0.70992303,-0.36666614,0.10312214,-1.116985,0.24183452,-0.70819408,0.089262784,0.72355789,-0.66852003,-0.49540547,0.43385744,0.30223483,-0.83145869,-1.5387332,0.74029136,-0.70216888,-0.048085023,-1.7390337,0.33716974,-0.28687111,-1.0153292,-0.6177128,1.2411277,0.50260067,-2.2638419,-1.3050582,-0.42053142,0.043968167,0.35755223,-0.067340381,0.1885978,0.53709632,0.40860093,-0.34609136,0.26809022,0.36596644,0.32508615,0.16904251,-0.13114603,0.47362864,-1.7458007,0.13603859,0.53846627,0.16217268,0.099594235,0.63554966,1.6002319,-0.44672292,-0.97314215,-0.43482703,0.74044764,-1.9110878,0.40848023,0.22589421,0.51485121,-0.89823288,-1.483355,0.38822854,-0.38673121,0.78166181,0.11781799,0.13243315,0.40749779,0.17123431,0.4248206,0.44736272,-0.02033937,-0.31983638,-0.49776083,-2.4602275,-0.79328048,-1.4185276,0.32873645,-1.1804124,0.17515564,-0.17489295,-0.4040854,0.31354904,2
0.42495084,0.19836672,0.13601376,0.3957299,0.38894194,0.41288173,0.38886392,0.37706977,0.39929134,0.39150074,0.38670343,0.38165987,0.38290924,0.35559893,0.38384986,0.37019667,0.38086584,0.4038074,0.39894658,0.37115407,0.36686856,0.3724997,0.37534893,0.37240034,0.36342001,0.36513662,0.37313843,0.36332992,0.37939748,0.3729803,0.36771014,0.36294833,0.35979337,0.36042619,0.36811602,0.32824653,0.34197912,0.3618837,0.33244139,0.35178846,-0.85527802,0.097402602,0.23689145,0.32310775,1.2243426,1.6297343,1.2244619,0.59331286,0.66768098,1.5215745,1.3173425,1.047708,0.42000455,-0.15476105,-0.34183359,-0.37354732,0.63137883,0.34153914,0.31781608,0.26644915,-0.63423675,-0.012258656,-0.61772555,0.2135645,-0.58781224,-0.13920592,-0.13719629,0.61103344,0.17055748,1.3139991,-0.15058668,0.22335783,-1.1433537,-0.24000783,0.084137097,0.94310188,-0.98754019,0.69707215,0.050283402,-0.99855697,-0.14140664,-1.3323731,-0.56539798,0.32476231,0.9340542,0.585612,-0.082950495,-1.6666871,0.83992243,0.093444519,-1.0751715,0.25427362,-0.014134839,0.087826356,0.80720752,0.36423737,0.36557502,-0.2614032,0.22852448,0.56596696,-0.55866915,-1.0361418,0.050352354,0.39739043,-0.23766059,0.12362958,0.10256204,-0.1916766,-0.15013404,-0.32615602,0.47384462,0.86495036,-0.1943115,-0.27109715,-0.67925751,0.015735611,0.36401606,-0.99632102,0.31790069,-0.9563278,-0.31849173,-1.7715017,-0.86810237,0.03422948,-0.7007283,0.22984587,-0.39354864,0.054149166,-0.08833003,-0.19023646,-0.60886508,-0.5610491,-0.020555273,-0.98150456,0.005236611,-0.011280969,0.15965953,0.005493701,-0.50555551,-1.378872,0.46305868,0.48639774,0.75841165,-0.15131614,0.40956217,0.28700539,0.01846312,-0.30952576,-0.27063435,0.30314514,-0.63687396,-0.1181865,0.41268933,-0.15829907,-0.64207506,0.056122251,-0.43850827,-0.49976131,0.19004449,-0.27434504,0.058487773,-0.6963104,0.56558263,0.66666341,0.11945577,-0.064995632,-1.6334774,0.65396637,-0.065906353,-0.17760172,-0.013180651,-0.46388119,0.12715283,-0.14646614,-0.61958337,0.96859682,-0.7445243,0.11506047,0.46433479,-1.4226991,-0.23246267,0.27497217,-0.060700726,-0.60020781,-0.83787405,0.54034781,0.061100483,0.29121286,0.78248531,-0.69879109,-0.26895937,0.10577427,0.19096209,0.2575739,0.30178073,0.1966064,-0.11678319,-1.1240582,-1.5592663,-0.79856765,0.25820446,0.77835625,0.088926092,-0.35417292,-0.34199768,0.095258109,1.2230785,0.025967151,0.063202277,-0.15279853,-0.18004692,1.0225406,0.14288703,0.25093967,0.98276234,-0.1214527,-2.0377243,-0.13310209,0.54117441,-0.044042427,-0.089185447,-0.68489099,-0.048227176,-1.1975453,0.15141547,-1.1547983,0.2233935,0.10292047,-0.80340236,0.13556139,0.201653,0.42021155,-0.1589909,-0.38106018,-2.2683864,0.20040634,-0.54292583,-0.044245578,-0.041187637,0.091222137,0.44911039,0.012666494,-0.22157069,0.50061417,-1.3784957,-0.6610387,-0.2888681,0.40277311,-0.37705928,0.20190898,0.13075551,0.48556572,0.065191209,0.49345094,0.52310163,0.75532675,-0.96525514,-0.25824815,0.56717604,0.060340352,0.24785505,-0.09526673,-0.29130214,-1.2013199,-0.46920174,0.12630816,-0.47573858,0.067426145,1.0673014,0.35554266,-0.42854166,0.27573135,-0.39213347,0.37138036,0.59583318,-0.31050906,0.035336815,1.5531143,0.6446414,0.24716681,-0.70591545,-0.18286227,-1.6918454,0.96006691,-1.247332,-0.10256448,-0.048501641,-1.4920216,-0.08685863,0.10678716,-0.083994523,0.20016852,0.38085368,0.31203496,-1.6260983,0.84570026,0.44773141,1.1755259,-0.026941929,-1.1128471,-0.26396644,-0.85318255,0.52969521,-0.097324654,-0.84291792,0.28635952,-1.5463883,-1.4495963,-1.3158934,-0.38732934,0.3222073,0.31658036,0.24253397,-0.71531576,0.71520644,-1.0189834,-0.33225614,0.31358114,-1.0362227,-0.029529292,0.010457565,0.4045459,0.13416886,0.37907499,0.014817625,0.50936919,0.031891227,0.43072394,0.000179432,-0.11314789,-0.57676452,0.42895854,1.0832208,-0.40948728,0.68249005,0.51663005,0.67679191,-0.62111598,0.60587591,0.40790963,-0.82351869,-0.54475868,0.10703214,0.093230128,0.26532617,0.72555178,-0.35031444,-0.45535463,-0.41476202,0.025280032,0.55152351,-0.21289419,-0.11452615,-0.31536448,0.17849612,1.1151595,-0.87553793,0.27915105,0.45097241,-0.58742797,-0.06187728,0.021030456,-1.2465887,-1.9358742,-0.30342183,0.62863469,0.059990108,-0.26819605,0.70232558,0.066640168,0.50756723,0.34344772,-0.14859492,-0.55089599,0.28551215,0.17629699,-0.24205539,-0.59018761,0.10799646,0.25490892,1.2651205,-1.5732007,-0.19262116,1.4088594,1.5440528,0.40836754,-1.2791426,-0.23095918,-0.34637436,-0.1758239,0.018910954,0.33774835,0.75553101,0.72398472,0.54445779,0.10739874,0.24548683,0.70140529,0.69704634,1.0289136,-0.79856706,0.27877629,0.35556093,0.15771839,-0.34359103,-0.17320041,-1.4377891,0.37504831,0.02288653,-0.37271631,-0.078586198,0.35949826,0.20264114,-0.71898675,0.13026065,-0.23526487,0.093816876,-0.074112847,0.54297,0.93421572,0.18412127,0.12374371,0.53414524,-0.14821932,0.18204445,-0.99729609,0.21937579,-0.62725556,0.002973527,0.6484344,-0.53872317,-0.44018477,0.38859102,0.42371047,-0.57179415,-1.0597334,0.51844895,-0.56905192,0.11372446,-1.4519334,0.28341374,-0.15271464,-0.88884324,-0.48065922,0.86002499,0.51066852,-1.8234125,-1.1793925,-0.29060879,-0.025381871,0.31304735,-0.042508308,0.10392749,0.40321764,0.23117594,-0.22741032,0.30419028,0.38228929,0.29420567,0.29406971,-0.1828776,0.33119217,-1.4579544,-0.11379024,0.40560001,0.021651886,0.068436414,0.54821748,0.81209046,-0.35388774,-0.82685101,-0.48303336,0.075307921,-1.7813728,0.32462007,0.30398723,0.37060487,-0.67032903,-1.1433301,0.25893074,-0.41582099,0.02039358,0.026349641,-0.10196394,0.28736937,0.075771883,0.35713422,0.40794045,0.059074976,-0.17852922,-0.32430121,-2.0833728,-0.68328547,-0.79801917,0.11597834,-0.70141834,0.12473647,-0.000300571,-0.31663716,0.13963211,2
0.29139802,0.070430011,0.026786894,0.28135318,0.28109756,0.31246525,0.27149451,0.2568267,0.27704817,0.27458575,0.26377365,0.25831792,0.25770015,0.23559527,0.26538119,0.25666055,0.24413452,0.28147539,0.28350317,0.22402003,0.23755221,0.2556839,0.24670994,0.23387478,0.24313287,0.25167394,0.27120578,0.25894177,0.24226065,0.252924,0.24968484,0.23137999,0.22426172,0.23246531,0.24515474,0.20246401,0.2080844,0.22119968,0.20804183,0.23344037,-0.78386694,0.001128525,0.25963759,0.3797912,1.1866544,1.597106,1.2249894,0.60119283,0.71015984,1.493611,1.3008142,1.0455875,0.46813661,-0.15434894,-0.20826551,-0.31479192,0.76787925,0.45600179,0.38224709,0.34982038,-0.61954784,-0.032372929,-0.41058499,0.36678028,-0.67950106,-0.22937611,-0.12084046,0.64670742,0.27298605,1.2295606,-0.17121424,0.28879663,-1.1876786,-0.14501762,0.132421,0.9995054,-0.99911988,0.69862574,0.24657285,-0.90799475,-0.13055725,-1.2166973,-0.53018856,0.55818194,0.92033601,0.65789807,0.034187287,-1.6312318,0.55748129,0.11776586,-1.0242834,0.39839792,0.057734951,0.20923901,0.64958596,-0.12697971,0.52576208,-0.20749009,0.091433302,0.61446834,-0.58677727,-1.0964038,0.032189488,0.52365696,-0.4187519,0.17518455,0.1201935,-0.19597635,-0.13445863,-0.24179691,0.43020263,0.94516444,-0.16401643,-0.23550388,-0.77210867,0.093473509,0.45219827,-1.0522751,0.38097319,-0.91998553,-0.28059524,-1.7738076,-0.97928488,-0.04190699,-0.62501955,0.34055927,-0.39984155,0.1433927,-0.072638251,-0.060652748,-0.73811054,-0.49339372,0.073112816,-1.1454394,-0.083780527,-0.034178331,0.10206638,0.024199784,-0.44746348,-1.5682955,0.26414025,0.47602874,0.71857852,-0.16923626,0.49592403,0.29999369,-0.014300182,-0.33676049,-0.45505172,0.82383436,-0.47327948,-0.2498112,0.50450373,-0.24788314,-0.74411565,0.094727181,-0.47300097,-0.5404163,0.18042953,-0.30702609,0.092063636,-0.50404567,0.63768452,0.57380253,0.11189989,-0.077609383,-1.6375351,0.69205612,-0.15331066,-0.041484915,-0.012519937,-0.53129876,0.03669811,-0.16920093,-0.66654545,0.8940407,-0.63972598,0.14282985,0.42298535,-1.5682585,-0.15407316,0.39021915,-0.13639562,-0.46748397,-0.8308143,0.56542546,0.089337975,0.22124101,0.91192073,-0.7783612,-0.23055957,0.12405419,1.9758463,0.11927341,0.12774207,0.14428397,-0.070528485,-1.2700865,-1.5860975,-0.78475273,0.20382939,0.5925504,-0.009619728,-0.40337148,-0.32940814,0.076050229,1.3324451,-0.18038663,0.050960846,-0.18692008,-0.18499683,1.0056349,0.21919936,0.30877194,1.4600716,-0.089663215,-2.2681315,-0.23830926,0.57581699,-0.03082758,-0.088144697,-0.78971833,-0.014882743,-1.2615362,0.27487552,-1.249458,0.3274239,0.088644326,-0.88946259,0.22875401,0.17853984,0.58971691,-0.14855403,-0.38308215,-2.4639845,0.26305291,-0.48276079,0.015808024,0.037893429,0.15716936,0.47497559,0.063685462,-0.16447797,0.5231306,-1.5313343,-0.70303571,-0.263861,0.26909277,-0.41142759,0.12189454,0.15018885,0.52431631,0.008069269,0.48051071,0.54589105,0.7377637,-0.97497582,-0.20494981,0.43547118,0.075275429,0.20993152,-0.041724786,-0.28885549,-1.1497036,-0.51428598,0.16033696,-0.37363189,0.29732332,1.0026067,0.33916777,-0.39058155,0.094771661,-0.34876695,0.2904613,0.46274468,-0.46350759,0.10699815,1.4474099,0.15574951,0.18328217,-0.76582426,-0.23959702,-1.8177727,0.99146438,-1.2412691,-0.046781301,-0.14200255,-1.4440236,-0.24030739,0.15292485,0.14917079,0.23826408,0.40779454,0.39352667,-1.7107966,0.95492852,0.11630245,0.93129939,-0.15519781,-1.092487,-0.096743613,-0.91224581,0.59507287,0.17349401,-0.90871048,0.32073668,-1.7308403,-1.3533354,-1.3507291,-0.48437846,0.33393678,0.59260726,0.33648121,-0.90625882,0.76445007,-1.1361297,-0.34662259,0.23731798,-1.1001725,0.026273863,0.024473263,0.39339426,0.081001155,0.4019953,-0.045698911,0.46296147,0.042005889,0.6099171,0.17794473,-0.14580835,-0.87151998,0.51996547,1.0483848,-0.66240972,0.5736683,0.52643728,0.54819971,-0.6657362,0.34718347,0.41703564,-0.98381412,-0.47435009,0.13730872,0.087146424,0.16379832,0.75914955,-0.41641849,-0.53452992,-0.45996118,-0.005584877,0.39157638,-0.27810928,-0.094972566,-0.32908937,0.23122552,1.0241092,-0.88588727,0.18240422,0.26371056,-0.65655017,-0.052856155,-0.14103743,-1.3049622,-1.8578743,-0.26105639,0.63008076,0.068197012,-0.31859934,0.647291,0.14291941,0.56908584,0.35049644,-0.12624548,-0.47229183,0.3456946,0.021800997,-0.31037381,-0.72069675,0.1711162,0.19006985,1.1762234,-1.6776406,-0.25445682,1.3776371,1.5867496,0.4153924,-1.2229807,-0.25316209,-0.38682336,-0.19317606,0.050261144,0.4358598,0.7578367,0.89523852,0.47595036,0.03458529,0.19538552,0.73847365,0.65942895,1.0130805,-0.81634635,0.34136412,0.34166932,0.13361514,-0.35557884,-0.20257246,-1.4643543,0.3839919,0.001327653,-0.40063077,-0.25403655,0.22568539,0.090331666,-0.76791561,0.28295079,-0.13462105,0.15758629,-0.048582293,0.33747149,0.87589514,0.12259206,0.12700199,0.58703101,-0.039291136,-0.10388786,-1.0456859,0.2504445,-0.74532413,0.19153878,0.66135383,-0.56336004,-0.29335347,0.42000943,0.45869485,-0.5883587,-1.0619032,0.55424833,-0.56986892,0.065490976,-1.3277338,0.27312973,-0.15302311,-0.70853925,-0.61408281,0.89944071,0.49019068,-1.8124218,-1.2260083,-0.34734142,-0.033900831,0.30748224,-0.018833384,-0.028480217,0.43723935,0.25222093,-0.24642137,0.30284032,0.28818434,0.40283114,0.3071025,-0.13640903,0.17225663,-1.5536808,-0.089841411,0.45852125,0.091802672,0.09958823,0.61869675,0.98932183,-0.39985093,-0.84800214,-0.45714706,-0.016871333,-1.8428777,0.31621721,0.4189052,0.42741126,-0.7475329,-1.289825,0.20623153,-0.3514412,0.19763279,0.020877987,0.02381514,0.45711678,0.14447431,0.33987761,0.38597572,0.043030228,-0.1150174,-0.36840481,-2.1239076,-0.61000353,-0.89342761,0.15217644,-0.77625245,0.14345264,0.090218052,-0.27033341,0.21845904,2
0.44379562,0.21934658,0.16438165,0.43953538,0.42538863,0.44543862,0.42418912,0.41505545,0.41451687,0.42369482,0.40232927,0.41352791,0.4176324,0.39615649,0.42067623,0.40328395,0.40904465,0.42886272,0.41765067,0.38800532,0.38403738,0.4076834,0.3887341,0.39335239,0.39216611,0.39710724,0.40680623,0.40685478,0.39085221,0.39842516,0.39030278,0.38813514,0.37732244,0.38326681,0.3908903,0.36906627,0.36821756,0.37385607,0.35934454,0.38491327,-0.78766179,0.15481743,0.31060159,0.40406442,1.2390597,1.6384621,1.2897953,0.65262222,0.75011241,1.5624373,1.3701278,1.1174972,0.42431971,-0.15426037,0.070930041,-0.29161772,0.60979748,0.42333978,0.32546595,0.32996678,-0.68894088,0.038253888,-0.35857904,0.33961302,-0.57971072,-0.006516308,-0.17357203,0.58567393,0.064496666,1.3922415,-0.14290284,0.25354391,-1.035267,-0.17383391,0.018127806,0.82080024,-0.81944191,0.66486907,0.28677499,-0.84124976,-0.10165165,-1.2151871,-0.59449255,0.44673932,0.85829335,0.51308894,-0.032138467,-1.597734,0.59043622,0.10992815,-0.95336133,0.32314372,0.064994238,0.15135118,0.6033169,-0.095375575,0.36836967,-0.31515759,0.12347066,0.55541945,-0.42498133,-0.97329783,0.044579811,0.5186817,-0.3074252,0.18386163,0.031996425,-0.19135055,0.01298444,-0.25601682,0.45847866,0.8106432,-0.10786013,-0.337116,-0.71149755,0.061744794,0.57611895,-0.89063627,0.3537578,-1.1766917,-0.30397773,-1.6576905,-0.88826501,0.05465962,-0.59219903,0.20068884,-0.44369677,0.12954387,-0.083500028,-0.20946048,-0.59961003,-0.44302839,-0.21585034,-0.97442877,0.011686068,-0.050216235,0.20834923,0.099652857,-0.50646561,-1.4395862,0.029196382,0.44646275,0.71748,-0.077849627,0.47985899,0.20806003,-0.069267586,-0.4565717,-0.31768024,0.35891348,-0.50672603,-0.21866992,0.39792645,-0.27158555,-0.67861277,-0.039104808,-0.60249364,-0.39538312,0.22049993,-0.22754946,0.068566598,-0.5834257,0.5658201,0.54724038,0.12530389,-0.081877403,-1.6021633,0.76184118,-0.10335821,-0.16093042,-0.053438958,-0.54212701,-0.054728851,-0.12020343,-0.64409459,0.9722448,-0.6470384,0.12922172,0.50092828,-1.2866282,-0.11430708,0.40366957,-0.091836482,-0.47205919,-0.68437213,0.7006371,0.38745078,0.35491276,0.68373829,-0.64211071,-0.36315536,0.080375277,0.18742937,0.19333862,0.49385136,0.12724662,-0.11576369,-1.1592969,-1.4609976,-0.65965205,0.19290476,0.63900071,-0.046256974,-0.37114888,-0.23730335,0.089050882,1.272638,-0.20038742,0.049063578,-0.27776426,-0.16655472,1.042856,0.11371645,0.22771104,1.4528,-0.078248158,-2.0853381,-0.17346101,0.49968615,-0.058052741,-0.15704077,-0.70627266,0.23725834,-1.3029082,0.31709784,-0.99666357,0.1725353,-0.053694982,-0.83030105,0.1344454,0.18948929,0.50373596,-0.16812404,-0.64493883,-2.4371674,0.27210194,-0.69287199,-0.10566865,-0.07704813,0.28110531,0.39815614,0.091061175,-0.23341818,0.57818025,-1.6620159,-0.83497548,-0.31135029,0.27504066,-0.37624675,0.1454522,0.24478115,0.51738173,0.036751237,0.40011251,0.52345121,0.75593638,-0.87488174,-0.23055409,0.51077741,0.014107965,0.24279258,0.088528499,-0.21845572,-1.0795865,-0.42291567,0.13988586,-0.34257171,0.35074383,0.99461228,0.37117216,-0.48850161,0.17879474,-0.32643807,0.40461719,0.42032054,-0.44008288,0.11369314,1.1698257,-0.010061227,0.25691903,-1.113436,-0.17581637,-1.7535229,0.86821699,-1.3849857,0.036737323,-0.16128351,-1.5356855,-0.017128151,-0.024780571,0.24143425,0.20694065,0.4826445,0.43209511,-1.645752,0.79606599,0.30820706,0.96464634,-0.17675833,-0.97880733,-0.21765809,-0.76863074,0.50877959,0.12738462,-0.77854466,0.36529016,-1.6367023,-1.3862995,-1.3494568,-0.47222441,0.3162266,0.32497916,0.25729799,-0.83324075,0.62574106,-1.1006393,-0.41849431,0.30568668,-1.0208031,-0.074991427,0.014237009,0.3940376,-0.019908685,0.2822119,-0.024485677,0.36985245,0.054387547,0.51247764,0.059797533,-0.074448824,-0.54545683,0.44784743,0.90128183,-0.4122636,0.60346252,0.48246893,0.5397318,-0.71062291,0.77385545,0.70583296,-0.97079736,-0.5547657,0.097741157,0.10532516,0.31425199,0.70841044,-0.43513858,-0.38624638,-0.38053042,-0.056552775,0.46287006,-0.17178608,0.016422696,-0.278934,0.19223112,0.95284235,-0.86095792,0.16727296,0.2623294,-0.56625861,-0.1028963,-0.32756579,-1.3437074,-1.8134967,-0.22919764,0.58443648,-0.013263971,-0.37690079,0.5100264,0.24244352,0.49392653,0.32370096,-0.23150277,-0.36482447,0.2076409,-0.036187351,-0.1170457,-0.64597577,0.15711044,0.25562045,1.0866866,-1.5552344,-0.13828461,1.4712344,1.1801581,0.43847203,-1.1559516,-0.29136881,-0.45525295,-0.15343925,0.091206737,0.3057504,0.72307515,0.93319875,0.39296222,0.033371381,0.14327931,0.78776145,0.72874713,0.87877774,-0.73260605,0.26445842,0.21329914,0.19029906,-0.4306207,-0.19746955,-1.61851,0.3204051,0.076989271,-0.37881318,7.21E-05,0.10273564,0.10742635,-0.69148237,0.27454749,-0.21780217,-0.14828607,0.029310897,0.53646392,1.0345492,0.23412263,0.13380195,0.53968132,-0.022607051,-0.083855063,-0.92905569,0.26366225,-0.65415436,0.23713228,0.76563233,-0.48120472,-0.30532068,0.3267177,0.4520441,-0.44099736,-0.9198482,0.57799971,-0.53874707,-0.070682429,-1.398814,0.2521421,-0.133341,-0.74713826,-0.35414815,0.7660051,0.45989192,-1.6109866,-1.1273575,-0.30808538,-0.009860091,0.28861776,-0.019455947,0.031173583,0.41256794,0.24428287,-0.18643102,0.34204623,0.26781997,0.4265444,0.16196513,-0.19747713,0.090274289,-1.4536129,-0.078235537,0.40783909,0.046207756,0.13709353,0.51871383,0.82015717,-0.35863703,-0.80914342,-0.43326694,-0.000936013,-1.7030452,0.26138604,0.44288924,0.4025169,-0.66023344,-1.0257041,0.14597927,-0.29710785,-0.044425637,0.042562176,-0.055646375,0.19294889,0.11114363,0.34279442,0.40101424,0.084692061,-0.097839311,-0.40199634,-2.0349963,-0.62729061,-0.79543686,0.080590144,-0.78545809,0.15516257,-0.078437231,-0.37063497,0.12708485,2
0.49391001,0.2763941,0.21158998,0.47648773,0.47179288,0.4928174,0.47323227,0.45513302,0.4721106,0.46770066,0.45771781,0.45810485,0.44904,0.43627173,0.46063083,0.44381925,0.44182968,0.48355007,0.47185105,0.42677701,0.43539238,0.45368418,0.44567275,0.44163173,0.44377077,0.44485432,0.46354195,0.4537949,0.44438493,0.45058414,0.44527322,0.4279474,0.42578268,0.43131369,0.44568047,0.41086259,0.40834939,0.42605978,0.40911406,0.43020159,-0.96914113,0.19105566,0.39075738,0.47730455,1.3388873,1.7478881,1.3846531,0.73143327,0.84033835,1.6565982,1.455259,1.2018304,0.44397146,-0.14757663,-0.19134615,-0.2721335,0.80561048,0.46277118,0.41277522,0.31525275,-0.87457669,0.006775826,-0.3235065,0.37612048,-0.62399167,-0.12421973,-0.18901542,0.72645783,0.13450688,1.3298671,-0.18790928,0.24628657,-1.1697494,-0.16835456,-0.014027711,0.96994698,-0.81228912,0.64233881,0.10894297,-0.943106,0.10448676,-0.8300423,-0.40756902,0.46651495,1.032027,0.59327012,-0.014612339,-1.6856948,0.93153262,0.14059232,-1.0159537,0.34856975,0.020358872,-0.12331281,0.95625663,0.063271195,0.19765387,-0.38401172,0.22300312,0.65137589,-0.92420709,-1.0575098,0.048371028,0.63728523,-0.46867633,0.28457749,0.20939371,-0.2051194,-0.021650419,-0.24701709,0.35386938,0.80374658,-0.21753068,-0.16958053,-0.74354869,0.15513532,0.38931942,-1.0436988,0.35571027,-1.1962315,-0.2934331,-1.7392586,-1.1004893,-0.078640729,-0.4153097,0.24774954,-0.49532145,0.21314338,-0.01896625,-0.21548972,-0.90464675,-0.5841344,0.12947789,-1.1312221,-0.23609099,-0.082373068,-0.050544307,0.12927061,-0.49211538,-1.7504724,0.88032955,0.47216877,0.87992418,-0.37614578,0.44616902,0.40610108,0.030412525,-0.41510752,-0.14883283,0.26969698,-0.74890745,0.18404123,0.47862661,-0.22541365,-0.81432092,0.013901234,-0.60111469,-0.60145247,0.2558088,-0.4582777,0.088817805,-0.67107236,0.51565117,0.79538858,-0.093227252,-0.088424519,-1.7649295,0.72772431,-0.042946182,-0.24692222,-0.10338703,-0.57069045,0.1777458,-0.18884543,-0.63316214,0.98550975,-0.63837987,0.1301553,0.49713188,-1.5122185,-0.18622375,0.43876567,-0.089788653,-0.43615657,-0.93277413,0.52559513,0.21130066,0.26557282,0.95039779,-0.7079286,-0.20549259,0.13493019,0.23875904,0.16553649,0.11913845,0.16222075,-0.48695827,-1.3222979,-1.7694061,-0.87049633,0.25592089,0.53626597,0.080192313,-0.4618724,-0.40589249,0.14619546,1.2261167,-0.12634492,0.030907543,-0.40490937,-0.21220803,0.86004144,0.23280992,0.32140654,1.3648469,-0.12679777,-2.2389679,-0.069619454,0.56567031,0.010662937,-0.04801736,-0.80389565,0.070613749,-1.3442061,0.22544399,-1.4208466,0.17012209,0.037768789,-0.80812395,0.17520201,0.10779457,0.47155064,-0.1659279,-0.53386033,-2.6092863,0.37311429,-0.65259564,-0.035687905,-0.16629788,0.12014006,0.42681432,0.079304583,-0.14255299,0.38571048,-1.53353,-0.78736186,-0.3962068,0.33955422,-0.39939469,0.16172738,0.16918522,0.456312,0.039211147,0.47739908,0.28371149,0.81202507,-1.0278623,-0.21326888,0.50941986,-0.024429187,0.27670699,-0.11761301,-0.19320391,-1.1260771,-0.368891,0.12694328,-0.34389681,0.23272562,1.1415137,0.36534825,-0.43403259,0.35405827,-0.42436713,0.55344641,0.84618735,-0.41495174,0.11138882,1.6253686,0.53568017,0.24311996,-1.4456136,-0.30259091,-1.9578909,0.9319123,-1.1533945,-0.32869712,-0.19891568,-1.3952646,-0.32353789,0.24690658,-0.06403099,0.10809186,0.39330813,0.41407752,-1.719263,0.88025081,0.12952678,1.4375057,0.000945581,-0.96134663,-0.224929,-0.95547765,0.60676247,-0.006889284,-0.94682777,0.34506062,-1.8968112,-1.7523112,-1.4349958,-0.29394138,0.5334987,0.66007853,0.32635218,-0.96993285,0.7596755,-1.1886988,-0.4045144,0.48150444,-1.0362921,-0.048664004,-0.00036178,0.59652108,-0.10251129,0.37187043,-0.14305562,0.36713982,0.059004672,0.35559341,0.15677463,-0.091882437,-0.98923665,0.51054657,1.1312048,-0.51993239,0.65061486,0.49230546,0.38950682,-0.77265227,0.73403597,0.3751193,-1.0147865,-0.49308804,0.1147027,0.11649439,0.17423055,0.77179086,-0.36876133,-0.62520015,-0.3902694,0.048232935,0.67315483,-0.24553257,-0.088738419,-0.26836383,0.19487152,1.2184325,-1.0522733,0.17358834,0.36957258,-0.77206659,0.046075866,0.18137383,-1.3222833,-1.9571617,-0.44440961,0.66593903,0.18742581,-0.33197656,0.81018519,0.27251658,0.6015045,0.32584321,-0.12127063,-0.55947769,0.3153128,0.36622831,-0.32785147,-0.72062349,0.18035135,0.1778343,1.1892632,-1.5746568,-0.050572362,1.6412852,1.5822642,0.4191643,-1.2091818,-0.20631443,-0.38409275,-0.047308691,0.26038334,0.21297881,0.71408862,0.74163455,0.49813098,0.16433245,0.22161606,0.92649734,0.6749475,1.2544974,-0.83413833,0.270073,0.31372315,-0.00550656,-0.31218719,-0.1790695,-1.4875143,0.39727911,0.090137914,-0.34068039,-0.15939188,0.43294212,0.46562946,-0.42531097,0.19423196,-0.16943474,0.15976527,-0.26180905,0.69363445,1.0500127,0.1743937,0.071714744,0.62105298,0.15251461,0.13348067,-1.0070883,0.28502607,-0.66799533,0.074440032,0.78669286,-0.64419848,-0.48392761,0.35950944,0.39893126,-0.6471225,-1.2235713,0.75114858,-0.66125876,0.25598988,-1.4565331,0.33146536,-0.24621364,-0.76122421,-0.64234889,1.0298476,0.4904153,-2.0408547,-1.3363533,-0.31478885,0.00851139,0.23542584,0.041403268,0.10240369,0.50763708,0.270163,-0.21230166,0.30225939,0.35684475,0.3818664,0.35206708,-0.19794782,0.49265549,-1.5750721,-0.082443118,0.4796578,0.14020881,0.12097013,0.64075989,1.5389431,-0.38812461,-1.0348997,-0.47884345,0.49740261,-1.7743053,0.38570195,0.28686666,0.42285621,-0.85425842,-1.4098638,0.261444,-0.33408427,0.94297099,0.018724456,-0.084917411,0.44304025,0.15168676,0.33169538,0.38067991,0.018668143,-0.098954305,-0.38415468,-2.178544,-0.69367266,-0.97840685,0.12026464,-0.97685474,0.40327454,-0.17287129,-0.25557762,0.14418629,2
0.39368144,0.17265804,0.11495347,0.39648938,0.3831625,0.40224403,0.37886447,0.36629423,0.36991167,0.37683749,0.3623026,0.37086472,0.36443982,0.34944403,0.37493336,0.36341536,0.36588979,0.38641858,0.37321901,0.34479976,0.33902243,0.36658072,0.34645352,0.34855866,0.35293716,0.35705116,0.37132183,0.3531673,0.34366757,0.35455376,0.3401866,0.34410217,0.33243239,0.33652532,0.34329915,0.3207317,0.32079434,0.33136442,0.31530318,0.33102852,-0.8721602,0.089460373,0.28475976,0.38466901,1.24911,1.6555316,1.2862391,0.63786006,0.73697448,1.5609261,1.3625034,1.1063076,0.40613431,-0.16777453,-0.22342862,-0.34092104,0.67366701,0.3794598,0.31923509,0.30496037,-0.7881723,0.014748613,-0.42064917,0.22504625,-0.637559,-0.058267638,-0.12203343,0.56241781,0.28902966,1.1982652,-0.18255055,0.25716066,-1.0736669,-0.173171,0.062285848,0.82459497,-1.0009385,0.66079599,0.11925709,-0.89272261,-0.097267278,-1.1714376,-0.4356747,0.45004115,0.84612966,0.63011491,-0.029756304,-1.5546204,0.58373123,0.11712921,-0.93841892,0.38602933,0.027558893,0.070318811,0.70351821,0.030103609,0.30851561,-0.31784126,0.17359391,0.52478784,-0.63163882,-1.074577,0.044011433,0.44366515,-0.22970036,0.20040902,0.078058481,-0.13791017,-0.055378728,-0.25607994,0.4824695,0.98668265,-0.16553384,-0.29180688,-0.687635,0.15454318,0.39674667,-0.89079398,0.33251581,-1.0975434,-0.30846155,-1.704504,-0.84121847,0.038908344,-0.57659471,0.24936591,-0.4295074,0.087692477,-0.094127387,-0.11101442,-0.65298998,-0.42232525,0.049685508,-0.96799898,0.031419404,-0.093024366,0.12217953,-0.14871746,-0.47280529,-1.3449502,0.28328806,0.43084866,0.75523967,-0.15249221,0.44495526,0.26482221,0.02338516,-0.35877645,-0.38844377,0.32772568,-0.6052748,-0.2463128,0.40751004,-0.13078094,-0.73807275,0.000857912,-0.51947308,-0.56224597,0.20564516,-0.20577493,0.081738502,-0.58269274,0.47076929,0.64995003,0.050036259,-0.062178984,-1.7094623,0.64384383,-0.27732238,-0.17701112,0.007445298,-0.48789158,0.015404075,-0.091121033,-0.51497477,0.9402048,-0.54264569,0.10496025,0.44439152,-1.5637305,-0.2310819,0.31581575,-0.094740033,-0.40890914,-0.81297767,0.67811763,0.10164452,0.2612496,0.91338122,-0.70493454,-0.25003719,0.073799267,0.33128527,0.22158866,0.31301585,0.12021078,-0.096077368,-1.0930213,-1.4635704,-0.80188489,0.21486425,0.53561467,0.066687919,-0.34833732,-0.35242659,0.13673696,1.6560469,-0.089079097,0.088448837,-0.20983341,-0.13778721,0.9646892,0.17666793,0.26233751,1.382406,-0.033978991,-2.3133283,-0.23229894,0.54634976,-0.016487429,-0.15604223,-0.65248996,0.021799535,-1.2384882,0.25325188,-1.3822875,0.32592517,0.16776058,-0.74714214,0.15865415,0.23869321,0.52352101,-0.13680238,-0.45485067,-2.3156207,0.16637093,-0.56608337,-0.086751692,-0.028881609,0.10420404,0.37603191,0.084483489,-0.23624603,0.57633185,-1.3627898,-0.77020359,-0.24116009,0.42068994,-0.40922433,0.18955752,0.20228763,0.53630149,0.089396745,0.50616783,0.48896003,0.83433974,-0.91703033,-0.1980878,0.63894367,0.017852634,0.2472668,-0.04062457,-0.21220535,-1.0412716,-0.38156626,0.11684643,-0.50965697,0.17800266,1.131555,0.33228832,-0.40388128,0.13735263,-0.43284258,0.52493072,0.55123591,-0.45908341,0.10855702,1.5963552,0.002540905,0.22323012,-0.74913776,-0.18127149,-1.7558528,0.94046378,-1.2304916,-0.12594134,-0.15164039,-1.5258311,-0.23763947,0.19700408,0.1678689,0.14309126,0.59896547,0.30771822,-1.5778081,0.86753261,0.16232684,1.0348948,-0.010468653,-1.0287032,-0.22101022,-0.74846619,0.50437582,0.15447576,-0.96585405,0.26250279,-1.5546645,-1.3156248,-1.3345551,-0.31567791,0.38612896,0.41125405,0.28532746,-0.72457355,0.67325509,-1.0707394,-0.35801637,0.38952115,-1.0020045,-0.024597406,0.032288816,0.37042916,0.11668608,0.379765,0.049679011,0.62136984,0.051992621,0.44520566,0.006785214,-0.060931347,-0.61715168,0.42959613,1.0385387,-0.44476932,0.57463169,0.50128198,0.68351167,-0.65207177,0.46160588,0.47988749,-0.95747614,-0.4942798,0.087379172,0.068536259,0.34012145,0.69039708,-0.41652328,-0.53499931,-0.42807847,-0.058398664,0.43580419,-0.27713668,-0.10180944,-0.19319315,0.11926126,1.1735889,-0.78344148,0.11781621,0.25380021,-0.60015762,-0.085075736,0.14510477,-1.2662555,-1.8012075,-0.30356741,0.56535017,0.096321955,-0.31272221,0.67330855,0.2045165,0.4814018,0.28422976,-0.16905811,-0.42917305,0.27632621,-0.008201204,-0.23669581,-0.68192041,0.099001572,0.18803126,1.2336112,-1.576753,-0.13079908,1.4301785,1.6872002,0.42233881,-1.1341314,-0.19206886,-0.39303893,-0.062946141,0.024537291,0.39843372,0.8039158,0.83161485,0.65199769,0.065832645,0.2310677,0.6839872,0.70683426,1.032746,-0.69694138,0.3030166,0.34646177,0.16291668,-0.31430867,-0.22842988,-1.4366264,0.32256168,0.043481309,-0.30518156,-0.16073203,0.3532322,0.15074627,-0.81958562,0.24092542,-0.15918109,0.023641899,-0.088456482,0.58187389,0.92497784,0.15584294,0.080000564,0.57496744,-0.079468027,0.015590198,-0.9662326,0.25900221,-0.65389854,0.1094707,0.65561479,-0.54496479,-0.35323462,0.28061813,0.40747893,-0.54854965,-1.0471137,0.57536411,-0.65381247,0.13846038,-1.3396361,0.3478238,-0.17892203,-0.77869314,-0.45601749,0.8808977,0.55973268,-1.7683001,-1.2067151,-0.26953173,-0.032578386,0.22495742,0.03060298,0.068216085,0.39495948,0.23293245,-0.22800468,0.26975101,0.38588786,0.38633728,0.029094025,-0.085501254,0.40866861,-1.483821,-0.049510248,0.4565095,0.036884543,0.11590555,0.59488928,0.92889547,-0.32822016,-0.79736125,-0.43244928,0.11514793,-1.6631466,0.33587885,0.44170874,0.36396083,-0.7271893,-1.2510675,0.25836581,-0.39996117,0.087644815,0.06459219,-0.056634963,0.38346666,0.12504928,0.31541562,0.49286407,0.037972316,-0.18619496,-0.32064569,-2.085448,-0.64094532,-0.8124333,0.083987996,-0.73071676,0.26498815,-0.033493623,-0.26623172,0.11017292,2
0.41687411,0.1982501,0.16805363,0.40654361,0.40464896,0.42542022,0.40325648,0.38288233,0.40006152,0.3961097,0.38732377,0.39402956,0.38561717,0.36272299,0.39517856,0.37290049,0.38446784,0.411771,0.39840674,0.36736721,0.36901054,0.38146982,0.37076029,0.36795706,0.37640846,0.37821108,0.38217157,0.37261903,0.37298238,0.36638165,0.35876364,0.36160016,0.35121417,0.35472047,0.36779618,0.3339242,0.33861744,0.36036187,0.33213624,0.35320237,-0.68497777,0.15067114,0.20937574,0.31769231,1.1462085,1.5421211,1.1453578,0.53219664,0.63646197,1.438122,1.2533349,1.0002079,0.36480364,-0.10500251,0.084998958,-0.18419391,0.57208127,0.33398494,0.31774989,0.28311768,-0.19333857,0.046992287,-0.2826851,0.25571924,-0.4159987,2.74E-05,-0.10811502,0.60415649,0.087183386,1.2266088,-0.12260626,0.23231341,-0.95442957,-0.19686703,0.055716243,0.77837044,-0.6769343,0.62277329,0.15376657,-0.73330575,-0.053106245,-0.86700433,-0.47125909,0.61776781,0.75703913,0.44513923,0.026276099,-1.3280829,0.51206332,0.10694811,-0.7719872,0.37145913,0.082086787,0.038403161,0.60861647,0.04377687,0.46838188,-0.2507948,0.16523831,0.47113863,-0.52960712,-0.94557971,0.033966269,0.47720084,-0.29959458,0.20241168,-0.002143156,-0.14901705,-0.15548643,-0.25319824,0.39878392,0.75195992,-0.10150079,-0.42120343,-0.69521874,-0.072422475,0.62993956,-0.92497826,0.33919841,-0.85632741,-0.21022686,-1.4520425,-0.82271385,-0.01542877,-0.46115386,0.2146647,-0.46220213,0.18122034,-0.078165412,-0.15711507,-0.61243409,-0.37864262,0.15924037,-0.84438437,-0.090376243,-0.18248677,0.11156581,0.13508382,-0.44122908,-1.2062464,0.27808985,0.36597908,0.63915426,-0.12953302,0.37071797,0.21169133,0.026806407,-0.30585986,-0.29967096,0.36151904,-0.30454296,-0.17105003,0.3361741,-0.32175207,-0.62678969,-0.001399607,-0.43322742,-0.52452528,0.14538759,-0.25495577,0.068827115,-0.29500827,0.5719409,0.40073553,-0.045345221,-0.024891332,-1.4626529,0.75717747,-0.10246442,0.007698983,0.003898319,-0.43465316,-0.088981315,-0.13770035,-0.45026106,0.83351642,-0.47929704,0.14079572,0.42250645,-1.0600333,-0.13790023,0.3011694,-0.24186881,-0.44349301,-0.64350551,0.52624404,0.16015188,0.48934412,0.70613164,-0.54572737,-0.29268375,0.065898851,0.61150855,0.11438564,0.16358405,0.05101113,-0.13457236,-1.0405544,-1.314618,-0.60973638,0.22495712,0.40080255,-0.005573839,-0.3915163,-0.2058771,0.11632527,1.1439928,-0.094122842,0.002968429,-0.19909364,-0.11041819,0.87391067,0.099959962,0.25852644,1.981415,-0.078657009,-2.0570934,-0.201776,0.43183908,0.003500631,-0.16580909,-0.58564979,0.067772001,-1.1484923,0.34958589,-1.1095885,0.25336739,0.045745213,-0.7452774,0.093681008,0.26201579,0.45026401,-0.17411892,-0.070841104,-2.1645668,0.20022772,-0.69914913,0.000490412,-0.095978826,0.14990389,0.36258146,0.047487061,-0.1932473,0.56464016,-1.346065,-0.6897732,-0.002667144,0.26919448,-0.294873,0.29474509,0.16272382,0.3733367,-0.042363998,0.32087171,0.36871478,0.77169037,-0.79430753,-0.12936403,0.39420855,0.034984089,0.17001455,-0.11457863,-0.18984017,-0.92319852,-0.39033464,0.14322671,-0.39481762,0.37160194,0.95146108,0.24973634,-0.3686769,0.19742548,-0.21746011,0.3062489,0.50657922,-0.39673471,0.10516304,0.95793366,0.13408004,0.26740366,-0.9043991,-0.19338694,-1.6208378,0.76073277,-1.3682711,-0.11418951,-0.069726333,-1.2025253,-0.14600947,0.094939619,0.22719999,0.46468127,0.53976786,0.53208232,-1.3076502,0.79828811,1.9751927,0.97379023,-0.09713915,-0.78532398,-0.051738597,-0.6586107,0.52451456,0.009369612,-0.7247315,0.19699982,-1.4602735,-1.2628244,-1.1677479,-0.40041089,0.23263341,0.41384664,0.26914036,-0.81589556,0.63947123,-0.97475111,-0.30761245,0.13460402,-0.7995255,-0.058753692,-0.030505106,0.32078549,0.20991828,0.34160203,-0.045287833,0.41384733,0.045720693,0.37460735,0.007922646,-0.1718941,-0.62188077,0.38059771,0.77451897,-0.47809243,0.59465742,0.45651811,0.34544227,-0.64808309,0.41029227,0.66307884,-0.92551309,-0.26061955,0.085299037,0.19877939,0.24195984,0.66246134,-0.32099652,-0.40648681,-0.31407118,0.04177846,0.41742808,-0.31070238,-0.09663412,-0.24046578,0.14366734,0.93527436,-0.79209346,0.16129132,0.23171057,-0.48803586,-0.1547648,-0.23909138,-1.0878251,-1.4984175,-0.3262679,0.50231928,0.099139765,-0.33905837,0.48191434,0.2162822,0.40796226,0.27714705,-0.16071776,-0.27496251,0.20492044,0.05156444,-0.30315354,-0.51406008,0.11131148,0.09501458,0.92167872,-1.4614618,-0.15848394,1.2809318,1.3150427,0.36746782,-0.96244007,-0.2252482,-0.38346803,-0.090532258,0.169901,0.38143581,0.64358652,0.75511891,0.34807521,0.13282959,0.14311896,0.65812773,0.56255496,0.9618417,-0.64396763,0.082945198,0.27170366,0.13184157,-0.32493982,-0.1625376,-1.3494124,0.28603292,0.067262203,-0.26696289,-0.17634934,0.17431369,0.093397163,-0.48030508,0.22415893,-0.15233029,-0.090382904,-0.005562589,0.26309061,0.7811681,0.20914023,0.072910115,0.50128597,0.060157813,-0.034683086,-0.8683939,0.18165596,-0.53588647,0.36780381,0.81016535,-0.35103875,-0.25798625,0.24153081,0.22847015,-0.41532454,-0.83187503,0.53273606,-0.38147211,0.040269546,-1.0859315,0.15058178,-0.14247847,-0.52450836,-0.47214454,0.72787333,0.3141492,-1.4659659,-1.1167278,-0.28001481,0.027170183,0.29850692,-0.010508172,0.003181042,0.32062426,0.19601867,-0.19518495,0.22308671,0.21797602,0.25614887,1.2404114,-0.19043656,0.18285701,-1.2840027,-0.057895005,0.45664454,0.048827119,0.18078448,0.41975561,0.83760822,-0.36652583,-0.6738615,-0.37053075,0.17264178,-1.4588615,0.30480701,0.29030481,0.36067101,-0.69471085,-1.1528637,0.1730741,-0.29178214,0.039424464,0.059470873,-0.088704817,0.30461353,0.092316844,0.30521891,0.23775786,0.054726824,-0.035998829,-0.3209247,-1.8028814,-0.55220056,-0.75422645,0.06272494,-0.72387064,0.094710231,0.03334859,-0.21475774,0.11562341,2
0.5465256,0.31945708,0.26864564,0.51478541,0.49910864,0.51370859,0.49898914,0.49198544,0.49750689,0.49121481,0.48939928,0.49644792,0.48353243,0.4715265,0.49698621,0.48477396,0.48660463,0.51187271,0.49166065,0.46048531,0.46557739,0.48605341,0.4735041,0.4736124,0.4717561,0.47704726,0.49085623,0.47314477,0.47471219,0.47686517,0.47685277,0.46188512,0.45541245,0.46175683,0.46416026,0.44957626,0.43924755,0.4600361,0.43752456,0.46096325,-0.82030785,0.25481144,0.5525316,0.62644339,1.4995396,1.7833421,1.5746852,0.90764225,1.0081325,1.8392172,1.6311679,1.3792242,0.42245972,-0.13212538,-0.25654295,-0.3759467,0.74096751,0.40782976,0.42591095,0.3200568,-1.2172719,-0.031546108,-0.89619505,0.41105032,-0.57610071,-0.1004353,-0.15763102,0.66606694,-0.13216335,1.5973165,-0.24181384,0.24811991,-1.207063,-0.19204572,-0.028668191,0.98098028,-0.95424795,0.64170909,0.23838998,-0.95840573,-0.043181647,-1.7188771,-0.65315259,0.34780231,1.0048634,0.71146393,-0.04875847,-2.0037339,1.0488172,0.14943905,-1.2605513,0.45878473,0.23506024,0.40081117,0.92572689,0.12255143,0.097710967,-1.1146976,0.21099566,0.7024194,-0.46513933,-1.1377568,0.041961811,0.58049166,-0.23573819,0.44541264,-0.017537173,-0.22606355,0.014814451,-0.22118883,0.34387863,0.83412319,-0.18828513,-0.63874447,-0.78740752,0.1029948,0.91073895,-1.2900672,0.49448779,-0.93657267,-0.32865572,-1.9748306,-1.7450171,-0.13394639,-0.86321902,-0.12139118,-0.38761985,0.10545088,-0.068055019,-0.67003345,-1.0796438,-0.62352836,0.63358963,-1.2747928,-0.32172993,-0.44915923,0.13792023,0.28715184,-0.70423162,-1.8656631,0.76184642,0.5519737,1.091309,-0.23483163,0.46922299,0.36907402,-0.068887576,0.44176832,-0.31390923,0.3247875,-0.54498601,0.15141608,0.44604641,-0.50164652,-0.47263375,0.016265191,-0.78752661,-1.1575971,0.40030223,-0.8483634,0.012728598,-0.88362569,0.43913513,0.81261736,-0.33047509,0.047887601,-2.0889082,0.70011717,0.030234784,-0.24742043,-0.029937556,-0.60668004,-0.19191585,-0.18988642,-0.72180158,1.1796248,-0.9165554,0.13610272,0.41046235,-2.1692193,-0.20296508,0.27196264,-0.12304249,-0.81327021,-1.2927842,0.26878709,0.21075779,0.43645775,1.0864433,-0.93912369,-0.14218539,0.084846273,0.22717935,0.075567827,0.44282138,-0.012725383,-0.090938687,-1.4636168,-1.8804777,-0.81603408,0.32187194,0.63064474,0.10503502,-0.34113088,-0.35077834,0.059890881,1.4273549,0.25734457,0.033101581,-0.61357427,-0.37784272,1.164656,0.24168646,0.34428805,2.4397171,-0.25039816,-2.629328,-0.100159,0.95548618,-0.046365742,-0.16367678,-1.6124446,0.18096434,-2.0369437,0.30899781,-1.5356236,0.63381529,0.016465016,-0.85774106,0.1963464,0.54569328,0.84809893,-0.21612103,-0.18011881,-3.2355573,0.43812892,-0.286282,-0.020349648,-0.27055213,0.44655532,0.61780417,0.14667438,0.052794814,0.48847428,-2.6303859,-1.0217555,-0.2359163,0.6050266,-0.36376977,-0.026483893,0.60930318,0.51844674,-0.18806426,0.36772251,0.48447818,0.90111434,-1.2389188,-0.28715509,0.64017344,0.077837966,0.27249858,-0.29438052,-0.12903471,-1.4007264,-0.45713967,0.19949886,-0.48345169,0.20066383,1.1235412,0.46748614,-0.45094261,0.21803075,-0.50779027,0.52647722,0.71046454,-0.45795688,0.055286139,1.3718216,0.27732077,0.28564903,-1.4623761,-0.26929837,-2.1966178,1.154747,-1.8234956,-0.48209569,0.031988487,-0.83320552,-0.23745814,0.17106922,0.22669445,0.59518063,0.66985351,0.58282512,-2.0217218,1.110682,0.33695707,1.4569104,-0.094739333,-1.2790273,-0.26924109,-1.0416907,1.0461257,0.089801624,-0.84190768,0.68291819,-2.6869574,-1.9512995,-1.7765069,-0.4252944,0.59399158,0.75984985,0.38578802,-1.4708607,0.88526106,-1.4787093,-0.18284231,0.79563767,-1.1626391,0.11763456,0.11645101,0.5831033,-0.31763369,0.44996291,-0.07850568,0.38950995,0.091377541,0.84300762,0.11730754,-0.12446583,-0.9648478,0.47039741,1.0620059,-0.7199896,0.85053152,0.52236891,0.4502418,-0.78890288,0.95504546,0.12041295,-1.8454584,-0.77082574,0.11729516,0.35638118,0.20077299,1.0154564,-0.42694458,-0.54002839,-0.4465678,-0.095213778,0.68131506,-0.34161809,-0.087240301,-0.51282102,0.2581951,1.1070154,-1.5455149,0.26024896,0.26998639,-0.69054753,-0.1295473,0.11509919,-1.9212375,-2.2788367,-0.085197635,0.67663646,-0.017233968,-0.38218281,0.76941538,0.042776018,0.58447349,0.31827098,-0.026759773,-1.3157952,0.2893039,0.18384565,-0.22136769,-0.23943475,0.20271833,0.20573744,1.5146506,-1.7841944,-0.16518462,1.6688004,1.6921581,0.82897401,-1.5331016,-0.38876882,-1.2670429,-0.23952526,0.22500375,0.45901939,1.0681942,0.36486876,0.43630719,0.47370639,0.30895531,1.0549915,0.72152919,1.3092457,-1.1399651,0.071948409,0.50136614,-0.15506093,-0.3923907,-0.16895275,-1.6589401,0.44628108,0.078040272,-0.39438716,-0.27087787,0.73745567,0.23992234,-0.68588936,0.29943749,-0.18440787,0.41663793,-0.79005909,0.85027492,1.1559732,0.15485463,0.084575951,0.65711331,0.37212098,-0.065565065,-1.0762157,0.39734524,-0.76088434,-0.028603718,0.73143733,-0.58190471,-0.60687268,0.36236802,0.3258521,-1.1215303,-1.7947652,0.82003969,-0.78211403,-0.39764744,-1.891294,0.2405971,-0.2287861,-1.1631483,-0.65730214,1.1866421,0.4668999,-2.1033096,-1.5003774,-0.48317939,-0.020047091,0.61377776,-0.11824894,0.095751584,0.51636398,0.30231687,0.22065599,0.21536723,0.35934997,0.38520539,0.18677515,-0.14660934,0.31125528,-1.6543629,-0.069607541,0.77859849,0.12129276,0.13838652,0.59228086,1.1491692,-0.49180305,-0.96482342,-0.44535694,0.78282297,-1.9224353,0.35143536,-0.049880743,0.54522389,-0.85975349,-1.7091103,0.63095427,-0.36575785,0.059234366,0.15674317,-0.045594372,0.6780389,0.13020943,0.40148142,0.44074443,-0.07126794,-0.3353433,-0.65737635,-2.3668463,-0.80651557,-1.6076138,0.16170014,-1.3513141,0.41981056,-0.13219723,-0.55624497,0.089808859,2
0.46001637,0.24835262,0.2288159,0.44357753,0.4446277,0.46736121,0.45237032,0.43441027,0.44109333,0.4461866,0.43367422,0.4319244,0.42943627,0.40362251,0.43430012,0.417804,0.42328405,0.44994676,0.44231021,0.40655705,0.40713674,0.42285186,0.4212572,0.40816262,0.42000407,0.42028025,0.43324795,0.42533648,0.42045754,0.42001739,0.40984398,0.41269591,0.4018746,0.40412462,0.41566038,0.37904727,0.37858218,0.39705038,0.38103271,0.39893621,-0.60651875,0.21707879,0.1416322,0.25065005,1.0490564,1.4581809,1.0880511,0.45286274,0.54899067,1.3397262,1.1929128,0.9061017,0.31225762,-0.098271854,-0.041134972,-0.20248425,0.5481841,0.32491857,0.2915546,0.2505967,-0.3365972,0.095586091,-0.24091977,0.24241607,-0.51284075,-0.069530733,-0.1008343,0.52804208,0.30228683,1.2891768,-0.14393574,0.22692877,-0.85074061,-0.13036647,0.088070609,0.6996823,-0.8035447,0.61072379,0.2901431,-0.72657943,-0.031590279,-0.86311638,-0.37139729,0.38308236,0.70827305,0.49210393,0.045890778,-1.2219321,0.46798792,0.12741549,-0.71512455,0.35665551,0.014274187,0.097715952,0.79201901,0.022115409,0.53856558,-0.19334781,0.11587147,0.43062767,-0.50713259,-0.96185809,0.060512997,0.42289549,-0.17959888,0.15447925,0.13530394,-0.038915031,0.003444135,-0.19550802,0.34764308,0.70026773,-0.13352168,-0.37367335,-0.6707778,0.15375766,0.45217448,-0.82201755,0.29064456,-1.2929244,-0.17519563,-1.3760618,-0.69748318,-0.018297292,-0.47760943,0.25000942,-0.43160829,0.097543217,-0.088786326,-0.042454496,-0.67060459,-0.41114318,0.092623845,-0.77789664,-0.052314259,-0.14903687,0.11526847,0.18722782,-0.4553282,-1.3606817,0.24825847,0.36068696,0.64078617,-0.12748182,0.46291441,0.1661422,0.025823638,-0.34032598,-0.25292447,0.15231389,-0.58146006,-0.47938156,0.32591531,-0.12549077,-0.54542071,-0.11656991,-0.54057539,-0.66539365,0.17116162,-0.22840135,0.097750783,-0.3436566,0.78293943,0.55945385,-0.08391571,-0.1702489,-1.3811936,0.48757607,-0.045252185,-0.008675396,-0.024284977,-0.42167956,-0.014408998,0.001380563,-0.41438776,0.70627159,-0.45305437,0.15652975,0.38755202,-1.8907262,-0.19751389,0.27231997,-0.09270107,-0.33921579,-0.71498489,0.46645615,0.19796556,0.24703783,0.57137585,-0.57881773,-0.16890615,0.05829902,0.33865786,-0.056162789,0.17739576,0.2552318,-0.079536058,-0.94766504,-1.2007464,-0.50897729,0.23372208,0.56169754,0.044277489,-0.33235681,-0.29478142,0.064554408,1.1658509,0.059012271,0.015345953,-0.27945685,-0.20407821,0.82249767,0.056495264,0.21450551,0.7951315,-0.22692916,-2.5096803,-0.22147933,0.27832368,-0.029374477,-0.18897204,-0.6123594,0.00285688,-1.1707599,0.27866212,-1.1379732,0.22790188,-0.1411083,-0.69833702,0.088711545,0.074197829,0.38497239,-0.1708504,-0.26948506,-2.055042,0.21916041,-0.46114409,-0.08388564,-0.25638491,0.23681167,0.19751011,0.11654487,-0.093463592,0.4191792,-1.3087902,-0.91274172,-0.44589579,0.33150408,-0.43478337,0.10940079,0.03620252,0.49324676,0.10068846,0.34780625,0.36065337,0.75618136,-0.8020789,-0.08099322,0.47153953,0.026581429,0.21350443,-0.042109914,-0.24670383,-0.81847215,-0.34343362,0.13695076,-0.30275264,0.46471348,0.82276589,0.33148983,-0.28024736,0.22652894,-0.2576789,0.3037641,0.45443255,-0.43398365,0.13231224,1.216706,0.23019007,0.12788868,-0.91813666,-0.089388862,-1.542462,0.80540085,-1.3146778,-0.21512906,-0.25881302,-1.0512887,-0.090181783,0.1446497,-0.31072223,0.40155223,0.46824592,0.29241043,-1.1418116,0.65993732,0.41172743,0.94875669,0.1499521,-0.79602712,-0.11150829,-0.70214611,0.4415457,0.069968253,-0.81919211,0.23926644,-1.5526468,-1.4756112,-0.89931506,-0.28013739,0.29339525,0.21096276,0.32685241,-0.62582314,0.54291183,-1.1388403,-0.39747614,0.22334154,-0.86587143,0.048757613,0.043781634,0.3483834,0.3129558,0.37283942,-0.016519964,0.67335296,0.068325892,0.46761012,0.021740027,-0.035955463,-0.66230541,0.37811628,1.1232119,-0.43178684,0.56882954,0.46064228,0.73560625,-0.62781632,0.42109406,0.44557136,-0.8373915,-0.47120997,0.087496944,0.028595015,0.21966837,0.57574356,-0.33631974,-0.45209038,-0.35610089,0.014151966,0.39731616,-0.28746927,-0.034902871,-0.1588584,0.12404821,0.83927083,-1.3347623,0.1625479,0.20512404,-0.43322694,-0.14260855,-0.1376238,-1.0630177,-1.4372438,-0.26859096,0.47726616,0.19754262,-0.4413825,0.56340104,0.27467117,0.36416751,0.26828817,-0.016924575,-0.13925427,0.21585716,0.075564563,-0.22269176,-0.54757935,0.14237374,0.12726009,0.96930987,-1.3147858,-0.19675747,1.2182734,1.1722714,0.36432892,-0.97687912,-0.10976335,-0.69497979,-0.10689691,0.15504032,0.2417703,0.58790308,0.6649574,0.33577073,0.10090888,0.17693339,0.60062325,0.58960688,0.72365856,-0.39869848,0.28853807,0.26718169,0.15280774,-0.31961915,-0.18872614,-1.5479294,0.24534766,0.073117018,-0.40420491,-0.19093679,0.2694419,0.12189464,-0.69100648,0.22577778,-0.093669765,-0.31383964,-0.12867683,0.62552083,0.76404023,0.16570175,0.0807359,0.49391773,0.10074327,-0.42020077,-0.84295094,0.25690684,-0.6409719,0.090337992,0.53409421,-0.52300978,-0.30303544,0.29604605,0.39530516,-0.67551035,-0.82053035,0.57518792,-0.65323091,0.11893766,-0.92922485,0.22666153,-0.056668922,-0.47310632,-0.51841944,0.61157376,0.47469777,-1.507409,-1.1670848,-0.24265963,0.016812149,0.213379,0.00727097,0.069922224,0.29772729,0.14250505,-0.21233061,0.16717282,0.13036466,0.32660699,0.42149088,-0.1104228,0.14003932,-1.1759666,-0.045078248,0.36661649,0.024990939,0.16844323,0.56343657,0.70129704,-0.35743845,-0.79510128,-0.3734324,-0.52495754,-1.1888561,0.33210802,0.097125739,0.29950884,-0.57432836,-1.3289146,0.10145364,-0.48842663,0.13891089,0.010815799,-0.059795886,0.22220001,0.10839351,0.25846499,0.36680555,0.052444823,-0.1803854,-0.24930725,-1.7936032,-0.58615637,-0.853176,0.074281991,-0.9402262,0.15213177,0.034554988,-0.26834136,0.11526586,2
0.6516341,0.43738997,0.37663728,0.6152283,0.61206973,0.63276768,0.62192166,0.60916394,0.61486036,0.60657173,0.60583019,0.59956223,0.60705733,0.58508575,0.60303086,0.60210991,0.60189158,0.6238789,0.60944283,0.58962142,0.57887423,0.60215378,0.5910809,0.59114254,0.58531761,0.59306777,0.59245932,0.58385146,0.59263277,0.58453053,0.58806777,0.57848793,0.57233506,0.57830524,0.58458334,0.55858022,0.56180656,0.57865524,0.54837334,0.58199096,-0.95167023,0.3526597,0.76510704,0.75592864,1.5938867,1.971118,1.7896519,1.0821881,1.2229139,1.9965596,1.7593656,1.5736943,0.72605175,-0.12407824,-0.07465972,-0.25142765,1.1331969,0.69763827,0.62835288,0.54962969,-0.86484277,0.040242717,-0.34133887,0.61616135,-0.69558042,-0.15363808,-0.09092696,0.68335205,0.022745878,1.4131305,-0.24255967,0.47249115,-1.1844503,0.084821954,-0.18296084,1.2790177,-0.92513883,1.078984,0.36466947,-0.92420363,0.1384193,-0.7589516,-0.45777673,0.75873017,1.5393457,0.7077871,0.039554719,-1.5642345,0.71182454,0.18725505,-1.0528857,0.68661118,0.086767316,0.098011494,0.66047394,0.078237623,0.11704665,-0.75884193,0.22611354,0.9933123,-0.63023466,-1.1608443,0.10822783,0.41761005,-0.52535248,0.27967659,-0.00923207,-0.17481124,-0.059310913,-0.19440138,0.21731305,0.65019512,-0.049245968,-0.6359117,-0.95761955,0.22623742,0.81441605,-1.4337549,0.61215997,-1.3190223,-0.2770218,-1.8131795,-1.7490321,0.017862126,-0.46250293,0.012386709,-0.46568352,-0.01910153,0.070568234,-0.68308628,-0.86689186,-0.47678757,-0.088296711,-1.3231584,-0.41928831,-0.49497065,-0.18878943,0.091087312,-0.41620696,-1.8582647,0.001822352,0.69608319,0.8828156,-0.48087209,0.66413867,0.5046488,-0.22863947,-0.075170308,-0.35264286,0.39318681,-0.37699091,-0.21668249,0.73983818,-0.78298199,-0.78130746,-0.32630575,-1.0422664,-0.99658608,0.14961839,-0.39812624,0.27626404,-0.5442,0.69343817,0.73934555,-0.19993447,0.18262795,-1.7406808,0.45463389,-0.30311367,-0.144897,0.010840174,-0.7132901,-0.086258017,-0.21567784,-0.58292025,1.168623,-0.85679686,0.27159414,0.47458512,-2.0819175,0.033224955,0.046590388,-0.26236802,-0.67140591,-0.85577053,-0.030149758,0.34675589,0.39647287,0.48533943,-0.78744292,-0.21430689,0.3087264,0.38417384,-0.2313693,0.54546332,-0.033815667,-0.36006242,-1.5971911,-1.8767875,-0.67740798,0.38923067,0.54578167,0.17649758,-0.50001878,-0.41140041,-0.16751842,1.1923035,0.24662325,0.090621948,-0.68265903,-0.44901615,0.90150917,0.39442232,0.52906656,1.6546285,-0.38996369,-1.9362574,-0.10361712,0.61444879,-0.19470838,0.069540262,-1.3501611,0.12514833,-1.9072266,0.47956637,-1.4192734,0.48187312,-0.21638481,-0.95736998,0.39215362,0.091058075,0.37310615,0.029905379,-0.48699886,-2.8510776,0.35986978,-0.6233865,0.16187066,-0.25584328,0.2606158,0.24932101,0.001247212,-0.075438976,0.49768806,-2.1322677,-0.6636793,0.02008079,0.44752753,-0.36634672,-0.014833868,0.22962953,0.74722135,-0.23644955,0.32534301,-0.033162326,0.76578164,-0.85948598,-0.082888529,0.64896733,0.16507956,0.10710531,-0.1093691,-0.1641883,-1.1241741,-0.50430816,0.26311773,-0.30243966,0.23699576,1.0534834,0.46727586,-0.35538861,0.29277959,-0.41319698,0.53047371,0.52239251,-0.3760832,0.17236647,1.4768797,0.045102663,0.34978265,-1.4014219,-0.1339215,-1.9244667,0.77856582,-1.6994356,-0.46300477,-0.086756244,-1.5819136,-0.089525156,0.11933719,0.033873871,0.2552014,0.44431102,0.5277009,-1.8974798,0.84511006,0.026230037,0.93907082,-0.27903447,-1.0266696,-0.35507935,-1.2019961,0.91489553,0.13780344,-1.0364088,0.49098819,-2.5011775,-1.8081837,-1.6543224,-0.31525168,0.54965127,0.79671258,0.56319988,-1.1460795,1.0649619,-1.6526315,-0.25560495,0.51809525,-1.5983734,-0.17546824,0.16724999,-0.0280568,-0.16674423,0.22022286,-0.27602133,0.32669461,0.13249913,0.10296243,0.43557,-0.4159458,-1.1831529,0.82556665,0.68555313,-0.5923996,0.75406742,0.67247909,0.15757221,-0.84399068,0.56426835,0.50288093,-1.4538865,-0.9325031,0.29789791,0.070576906,0.043329448,1.1370724,-0.41997907,-0.69960231,-0.68675971,0.011625774,0.40265667,-0.14254487,-0.11926078,-0.59761906,0.40078056,1.1200095,-1.4283237,0.23543522,0.44930112,-0.79039836,-0.21104895,-0.141469,-1.8210813,-2.0255861,-0.61630327,0.93139911,-0.11748141,-0.52868611,0.9585501,0.015622139,0.86920702,0.58160371,-0.11930834,-0.93012702,0.53931522,0.069409758,-0.098148435,-0.69843656,0.20781676,0.378328,1.2663238,-1.9141009,-0.13390565,1.522362,1.3509521,0.65987289,-1.259226,-0.65413284,-0.93977082,-0.38681066,0.14422962,0.10288554,0.71937406,0.70657593,0.49038094,0.065490127,0.23635152,1.0468768,0.31596518,1.3727102,-1.1104066,0.12482071,0.29083973,-0.012011558,-0.54557037,-0.17283343,-1.6933095,0.66337955,0.16307466,-0.29933175,-0.11558445,0.12275471,0.2756767,-0.73141885,0.42113763,0.13245188,0.15411243,-0.71568799,0.68831152,0.94832736,0.29996234,0.34637263,0.62665564,-0.041293971,-0.49996874,-1.2043674,0.19917625,-0.64082479,0.075206593,0.56378055,-0.83950126,-0.15060419,0.16484216,0.29000452,-1.081663,-1.2560647,0.78590143,-0.56815434,-0.25143874,-1.3903397,0.067093551,-0.063941203,-0.84567559,-0.69502556,0.97694373,0.32794446,-2.1565511,-1.3406332,-0.6447885,-0.004315719,0.35696977,-0.2196968,0.2386511,0.62708902,0.49676305,-0.55642885,0.2618407,0.020152956,0.31532577,0.20272858,-0.87201607,0.35849082,-1.7038732,-0.041150473,0.75411165,0.17937317,0.10412311,0.46330959,1.9810236,-0.5446983,-0.66503304,-0.40181789,-0.36888739,-1.7113585,0.10464145,0.10520808,0.6949861,-1.0981266,-1.8080096,0.43525484,-0.52031797,1.1887228,-0.082458735,0.024085373,-0.06809479,0.37742817,0.58865774,0.37580377,0.06229822,-0.39770412,-0.49383581,-2.2597427,-0.51304281,-1.4317203,0.46658304,-1.3874902,0.54297876,0.009463877,-0.6851089,0.3921918,2
0.5005917,0.24945256,0.20764351,0.48925728,0.46160799,0.50044322,0.48239583,0.46649343,0.48573565,0.47533414,0.48096919,0.47437108,0.47248423,0.45718569,0.48488942,0.46613204,0.47939941,0.49448398,0.47610444,0.46484256,0.45342207,0.47464591,0.46456602,0.46568596,0.45166826,0.46679717,0.48548204,0.46649683,0.46598619,0.46653607,0.45906508,0.4579829,0.45249337,0.45698652,0.45121467,0.4489063,0.44373733,0.45565552,0.4325732,0.4535332,-0.68217027,0.20596446,0.17873305,0.2909745,1.1561193,1.5888883,1.1496747,0.54054087,0.61841458,1.4667206,1.3022475,1.0069625,0.35358956,-0.10530156,-0.10563821,-0.27480873,0.53437555,0.304829,0.29771769,0.30845207,-0.35135677,0.044617981,-0.3026562,0.20447108,-0.5144484,-0.11247998,-0.18762161,0.48439148,0.20096314,1.2357842,-0.12892413,0.23393339,-0.92077118,-0.20367242,0.003966995,0.72302073,-0.76689953,0.55700004,0.3278971,-0.7158404,-0.047851287,-0.92379946,-0.4691875,0.28178144,0.68035936,0.51283932,0.008786873,-1.3506887,0.39198387,0.15042672,-0.76654905,0.43620741,0.11876622,-0.051889621,0.52313685,-0.49430537,0.36724666,-0.33775049,0.13350347,0.43723303,-0.36800683,-0.94290012,0.074802607,0.47305807,-0.19889754,0.065735199,-0.036966726,-0.13893817,-0.082717858,-0.19368586,0.283427,0.99176902,-0.10015099,-0.51131058,-0.67663872,0.35931367,0.26725137,-0.82577795,0.35118145,-1.146089,-0.26079932,-1.480328,-0.82818466,0.034319099,-0.46931726,0.35056981,-0.364528,0.15345308,-0.04868076,-0.19762084,-0.40793383,-0.25884581,-0.20356494,-0.91798061,-0.020470906,-0.13420825,0.28940177,0.15739681,-0.47869477,-1.2925862,0.037769169,0.40101376,0.65731382,-0.083807431,0.49004635,0.21840239,0.010993354,-0.56067932,-0.33609682,0.19564055,0.03178826,-0.18915714,0.32066759,-0.1620878,-0.62081915,0.006224476,-0.4844242,-0.49153614,0.17624509,-0.23686853,0.086519048,-0.37048537,0.51128125,0.44571266,0.027838342,-0.14708744,-1.4312623,0.61805791,-0.13227379,0.011122644,-0.085105605,-0.45427087,-0.038823381,-0.15210594,-0.40010995,0.73113972,-0.67796981,0.14604881,0.28805643,-1.2144238,-0.09485855,0.31745684,-0.14541097,-0.51349926,-0.75631279,0.57202786,0.24101359,-0.069010317,0.65240026,-0.56653315,-0.26014999,0.017349189,0.28463671,0.15528759,0.40310979,0.16880372,-0.096539572,-1.003549,-1.2119961,-0.57824397,0.20647471,0.54981649,0.04136955,-0.30287731,-0.24498492,0.1037239,1.4300805,-0.18565764,0.062080912,-0.26110506,-0.17966954,0.81833071,0.10090636,0.22476673,1.1520219,-0.037709277,-1.8701415,-0.14603597,0.30262569,-0.04651719,-0.13166384,-0.70413768,0.082915492,-1.1548884,0.2764219,-1.1116924,0.57797819,-0.018006761,-0.65428114,0.083856046,0.093748376,0.60986984,-0.14972244,-0.46320218,-2.183228,0.26107401,-0.48655993,-0.065061234,-0.12578727,-0.1555251,0.54606169,0.072848566,-0.30246192,0.69304889,-1.2886912,-0.68209195,-0.27348673,0.21947023,-0.36300007,0.14448902,0.18462755,0.39898938,0.085919596,0.39641523,0.51488954,0.69472235,-0.85346657,-0.24474241,0.37810847,0.1404871,0.22105594,-0.002746984,-0.24234501,-0.93152452,-0.40529278,0.11016238,-0.29017776,0.33328521,0.87695175,0.28070754,-0.39046931,0.09467952,-0.25885433,0.38888532,0.25319839,-0.32135412,0.15274179,1.1535491,-0.061877701,0.13031194,-0.77246654,-0.19392142,-1.5802895,1.0156472,-1.2002649,-0.072604984,-0.28340912,-1.5370729,-0.042390756,0.17108682,0.16838346,0.22339664,0.39962369,0.29520607,-1.4127699,0.85397756,0.098917291,0.797876,-0.065847233,-0.80994534,-0.1585463,-0.65747118,0.48959124,-0.095969543,-0.81018007,0.14058939,-1.5107192,-1.3551216,-1.1479756,-0.32567218,0.28442907,0.013048083,0.24758285,-0.73478878,0.52152824,-0.98986363,-0.16163619,0.29306343,-0.93543398,-0.035415612,-0.002741179,0.38653693,-0.17931275,0.20206845,0.022094488,0.31481552,0.033772442,0.87299997,0.069535077,-0.077668108,-0.48961657,0.40349662,0.86208731,-0.46879292,0.50373745,0.3124989,0.60922199,-0.54296535,0.33098465,0.59562927,-0.88547498,-0.46080476,0.11614878,0.20748253,0.37584564,0.42981303,-0.38315552,-0.46087191,-0.31380287,0.028687296,0.38749179,-0.14523973,0.004599903,-0.2132767,0.158795,0.84609032,-0.76097763,0.20255786,0.26401454,-0.45570761,-0.11288624,-0.33846882,-1.2060367,-1.5985993,0.007866323,0.45770687,0.14412874,-0.33467099,0.63927591,0.09484084,0.44236684,0.19795485,-0.23173742,-0.40217692,0.17838372,-0.00851066,-0.1963269,-0.73152292,0.1235062,0.099553525,0.84169567,-1.4329758,-0.17310891,1.3118451,1.1679628,0.36775225,-0.95431602,-0.22407329,-0.41974795,-0.041792814,0.030841997,0.53893381,0.62194771,0.70328873,0.33106393,-0.001109779,0.21215367,0.56402838,0.6406675,0.69860196,-0.68062437,0.18023805,0.22559553,0.11853452,-0.27615866,-0.16757858,-1.3838099,0.25058365,0.073939741,-0.33651936,-0.1001205,0.10975534,0.086388394,-0.66823608,0.27926919,-0.23203065,-0.35966504,-0.13683088,0.38140097,0.65182877,0.15907481,0.14228582,0.50478625,-0.012788683,-0.16440766,-0.89342147,0.21614662,-0.5106917,0.020492479,0.66533458,-0.44291538,-0.30142206,0.27908733,0.43661249,-0.46221647,-0.8530494,0.49784368,-0.41424936,-0.039279625,-1.0580709,0.267878,-0.066130199,-0.64348674,-0.38079959,0.68825293,0.49602252,-1.5911356,-1.0598276,-0.24805194,0.022905812,0.3025887,0.073997363,0.004743096,0.36724681,0.1941787,-0.11090432,0.24465214,0.32281938,0.42650762,0.13426149,0.003274813,0.12242465,-1.2668639,0.29468706,0.54971886,0.009631217,0.11010161,0.57834065,0.54500234,-0.32056552,-0.70302856,-0.35054958,-0.029565331,-1.5175706,0.20361215,0.31067824,0.29502296,-0.5409714,-1.0812392,0.14234138,-0.35112518,0.066734552,0.018786848,-0.10320741,0.61940813,0.12900823,0.28173184,0.55236799,0.00063253,-0.11986219,-0.38248929,-1.8092067,-0.58042634,-0.77125818,-0.058803055,-0.74761349,0.15229198,-0.049010292,-0.23146221,0.12527868,2
0.49676654,0.25119501,0.19690257,0.47804135,0.46558732,0.48459864,0.47360909,0.45597014,0.47622427,0.46669674,0.46731171,0.46360356,0.47914875,0.44581676,0.47969174,0.46095413,0.46992224,0.48778364,0.46992379,0.45502782,0.45597494,0.45784664,0.44895285,0.45722306,0.4551115,0.4553414,0.4617005,0.44783145,0.46025479,0.45706409,0.44866496,0.45115858,0.44471872,0.44148076,0.4373033,0.43377906,0.43404168,0.44432807,0.43267283,0.43437478,-0.8825947,0.18806756,0.21864086,0.32256562,1.1844221,1.60751,1.1763917,0.58144623,0.65742266,1.5077534,1.3338325,1.0403275,0.31062019,-0.19160616,-0.29613572,-0.3588641,0.61899966,0.31547126,0.31396481,0.25336751,-0.80113417,-0.034007445,-0.5164808,0.21724069,-0.53950787,0.015412681,-0.19028307,0.5613609,0.11886299,1.542549,-0.21955526,0.20487393,-1.1688522,-0.30497426,0.045276895,0.7757256,-0.93266165,0.55556679,0.12862737,-0.98041511,-0.10159035,-1.2952694,-0.6389004,0.34579328,0.8302297,0.62623978,-0.093538389,-1.7138928,0.97001576,0.10539968,-1.0406001,0.24493319,-0.004688077,0.093191065,0.87966615,0.27980393,0.15758599,-0.33772197,0.35299388,0.63512087,-0.59443492,-1.1269492,-0.004008003,0.47284871,-0.26178509,0.38530022,-0.072017759,-0.25729305,-0.041017234,-0.28189555,0.43924654,0.78963983,-0.19379728,-0.36314711,-0.56923229,0.037117109,0.63878894,-0.95027637,0.27633989,-0.95541781,-0.36688888,-1.7533979,-0.98159969,-0.015576903,-0.65580928,0.16260117,-0.27316016,0.10482719,-0.075792909,-0.20623407,-0.62746996,-0.49886724,0.49657783,-0.99964094,-0.24357402,0.019701093,0.15595916,0.24959217,-0.49818411,-1.573548,0.81435466,0.42768809,0.83390647,-0.16228476,0.49158689,0.39413416,0.057173055,0.037573159,-0.24736944,0.41233224,-0.66503215,0.034976274,0.35071468,-0.22943631,-0.68888205,0.035158865,-0.5394485,-0.44075769,0.23158497,-0.40031999,0.084485024,-0.72726589,0.42011416,0.87269449,0.20446284,0.053433232,-1.6196842,0.76900685,-0.021150164,-0.26646137,-0.083558634,-0.52278835,0.11576334,-0.14842358,-0.5888437,1.0549084,-0.72966558,0.055117004,0.4178122,-1.2675554,-0.27287304,0.32989967,-0.022340292,-0.39567816,-0.8717376,0.47349465,0.15982555,0.28376207,0.64837044,-0.70025367,-0.29804125,0.058914859,0.19234723,0.34662211,0.54865086,0.22444223,0.035133384,-1.2242737,-1.5845037,-0.7493906,0.2536909,0.63512325,0.2014586,-0.28103441,-0.4549849,0.10546964,0.85101992,0.14061187,0.067725077,-0.31170151,-0.22668056,1.0632874,0.13290787,0.25402114,0.96926743,-0.13134474,-2.2062802,-0.09634196,0.72276145,-0.011974808,-0.099472255,-0.75635511,0.062688746,-1.2940443,0.08582367,-1.15214,0.094953299,0.11169548,-0.77020973,0.095044017,0.23874612,0.47314316,-0.22654799,0.017576456,-2.4486918,0.36941501,-0.35351872,-0.14202762,-0.060435072,0.31511396,0.35859531,0.093577601,-0.1143943,0.41934723,-1.5479661,-0.68514812,-0.52668828,0.82159531,-0.35077524,0.15509495,0.30901864,0.4278329,0.059746761,0.49183851,0.38513556,0.76634413,-0.94027138,-0.23056351,0.6038928,0.16215289,0.26877734,0.030289972,-0.19416097,-1.2323281,-0.47980064,0.14686906,-0.3860442,0.32255077,1.2895582,0.34589359,-0.46381953,0.66488922,-0.39714402,0.44352233,0.78895491,-0.34570765,0.022031702,1.5864295,0.50102973,0.27537477,-1.0602974,-0.21201199,-1.8410089,0.90017033,-1.3007379,-0.19359858,-0.090032257,-1.3005979,-0.13802424,0.13471076,-0.038629115,0.42468336,0.78874671,0.44804692,-1.8007721,0.84187698,0.12336054,1.3513755,-0.006554354,-1.0001302,-0.18358341,-0.77911973,0.53507072,-0.10452376,-0.79970086,0.56680632,-1.724414,-1.5606509,-1.3527646,-0.46315342,0.40581855,0.44541103,0.19526488,-0.9277935,0.67383862,-1.1343781,-0.29352453,0.48232681,-1.0034647,-0.025012754,-0.056387883,0.55708271,-0.006394992,0.46167567,-0.027194485,0.37115982,0.020629749,0.23927918,0.070794694,-0.069473058,-0.58803624,0.37283018,1.0854316,-0.35596561,0.67598915,0.38747805,0.61241174,-0.74254954,0.79275101,0.41971952,-0.99095893,-0.5919081,0.073545545,0.13933341,0.24148074,0.90092599,-0.37715513,-0.38185865,-0.41774058,0.017093059,0.79796582,-0.22142671,-0.007961191,-0.30761451,0.10479885,1.2456096,-0.97872794,0.18726027,0.40414456,-0.64184463,0.016564183,0.13001299,-1.2884425,-1.9428267,-0.30891281,0.5492602,0.090681709,-0.27008873,0.77068675,0.13100512,0.53113538,0.2377217,-0.095407188,-0.52382708,0.21637833,0.34395078,-0.26499969,-0.35711563,0.06009791,0.16591933,1.2138238,-1.4925877,-0.047574662,1.5113058,1.5808444,0.63441539,-1.251821,-0.21620852,-0.46216682,-0.15675193,0.14775388,0.28148681,0.95433509,0.79035389,0.2980729,0.22346902,0.2566947,0.76439488,0.67998809,1.1233788,-0.76892364,0.29135874,0.47224429,0.052113906,-0.32642365,-0.15575512,-1.5961939,0.30949533,0.007886071,-0.50244683,-0.26267767,0.89457035,0.35725629,-0.43432742,0.13094783,-0.25004697,0.25634259,-0.17507422,0.84401917,0.9996323,0.2205946,-0.05354476,0.60819203,0.11618745,0.35330164,-1.0098037,0.22807568,-0.67298782,0.091995217,0.70626885,-0.58751953,-0.71531618,0.46369877,0.43320596,-0.61926663,-1.0404589,0.66920042,-0.51229531,0.074518606,-1.5162868,0.29280496,-0.1708013,-0.71263087,-0.3876265,0.95953435,0.4443669,-1.8293694,-1.1861932,-0.33447757,-0.020601425,0.36234212,0.007672504,0.15311308,0.4627859,0.22381662,-0.1950638,0.27974769,0.44324088,0.36946723,0.51424408,-0.10052682,0.40546757,-1.4348779,0.38567635,0.45351276,-0.027999952,0.10178152,0.54179329,1.1102756,-0.34435949,-0.95836473,-0.42605251,0.27358931,-1.7273136,0.34436715,0.26930922,0.32024136,-0.65531105,-1.1371802,0.48475838,-0.36903554,0.075094849,0.11934615,0.010513961,0.31736326,0.058981121,0.32078248,0.37833378,-0.023087231,-0.12314036,-0.44864479,-2.1302931,-0.78866857,-0.91014069,0.12802584,-0.78700984,0.30097526,-0.10891873,-0.29171714,0.10769479,2
0.51644659,0.27224547,0.22236642,0.47728273,0.4651247,0.48594007,0.4687711,0.45427912,0.47110122,0.46602821,0.46679503,0.46595907,0.46829742,0.44952321,0.47657579,0.45748931,0.47482824,0.48899931,0.46886849,0.46226382,0.45644087,0.46397963,0.45623118,0.46072805,0.4637444,0.46108782,0.46016979,0.44081169,0.45766091,0.45440096,0.4513377,0.45415971,0.44669247,0.44762713,0.44892895,0.44418603,0.43693578,0.45217791,0.43789631,0.444058,-0.87280512,0.20582633,0.32621324,0.38957113,1.2231865,1.7089262,1.3148769,0.66342032,0.76989603,1.5752234,1.4039627,1.1363397,0.51462471,-0.15123689,-0.19863755,-0.35623363,0.77574325,0.46224964,0.39731556,0.3455897,-0.55110794,-0.007375471,-0.37554473,0.20298986,-0.64444476,-0.28685436,-0.17573404,0.56005311,0.29199231,1.3359421,-0.19063309,0.28440845,-1.1312604,-0.1162045,0.032816697,1.0582031,-0.97703922,0.785007,0.2320977,-0.93714416,-0.11411929,-1.1196254,-0.53578907,0.59519839,1.0496422,0.55794621,0.013070898,-1.5317876,0.56968963,0.14947625,-0.97956741,0.29094055,0.032352298,0.063361198,0.65490317,-0.062208287,0.41578773,-0.35869485,0.24518466,0.60780948,-0.622657,-1.1466372,0.044457067,0.5269798,-0.27245116,0.30419225,0.049863555,-0.16447313,-0.21120407,-0.26424268,0.4866012,1.0076058,-0.15252273,-0.53308392,-0.80670881,0.33405241,0.55778027,-1.1048682,0.41466638,-1.0206959,-0.34926134,-1.7128379,-0.97113532,0.033741839,-0.57896805,0.21226376,-0.42192212,0.073344797,-0.099915758,-0.24519187,-0.78201759,-0.42570052,0.090989396,-1.0131738,-0.022201441,-0.048040509,0.12636045,0.014215946,-0.45662335,-1.5091363,0.30082691,0.4891308,0.81583518,-0.17527992,0.57397914,0.34145302,0.012548633,-0.30987126,-0.41802976,0.33203089,-0.6059438,-0.22366256,0.51339567,-0.25918627,-0.73750591,0.001199409,-0.61646354,-0.59346896,0.20795982,-0.37312391,0.11755487,-0.52864367,0.59605378,0.42644426,-0.059395529,-0.1243353,-1.6882279,0.73265874,-0.18451928,-0.15095104,-0.048173107,-0.53393519,0.020260032,-0.21607774,-0.53013533,0.96729875,-0.54552096,0.14950337,0.54649192,-1.728694,-0.12734997,0.33513734,-0.15770993,-0.55829662,-0.80454093,0.60812116,0.12621093,0.35443556,0.84434229,-0.66905266,-0.36494708,0.11872319,0.175514,0.1918465,0.4156034,0.092428923,-0.10367909,-1.204905,-1.5731084,-0.79065132,0.28489822,0.65676093,0.12021248,-0.37172526,-0.38665259,0.075500667,1.5535129,-0.02937321,0.085463211,-0.15392077,-0.240389,1.0491607,0.15179279,0.30776611,1.6072464,-0.097892717,-2.454493,-0.20827287,0.46683937,-0.033345509,-0.16574018,-0.73398536,0.022973999,-1.2961936,0.24373345,-1.2745497,0.24201697,0.1076908,-0.8378768,0.22407305,0.18136267,0.54399109,-0.19021755,-0.098037049,-2.4265661,0.25880858,-0.68068206,0.00436569,-0.17374876,0.16688646,0.43575001,0.091999963,-0.25035289,0.64269602,-1.6192684,-0.83738673,-0.27944893,0.37968576,-0.38745752,0.15631886,0.077535167,0.50958514,0.020478116,0.52335083,0.49706608,0.84670198,-0.94268215,-0.17315204,0.57954979,0.050414726,0.28424147,-0.007226757,-0.26953059,-1.0890231,-0.41465575,0.15246108,-0.41888085,0.2342729,1.0571456,0.35897604,-0.59811723,0.19360992,-0.41956615,0.36630216,0.41124868,-0.50046194,0.063379109,1.6583804,0.086749673,0.19678214,-1.0666173,-0.22687452,-1.8625914,0.98825932,-1.2983705,-0.18819314,-0.092618987,-1.519037,-0.15670028,0.17828408,0.16399322,0.32686886,0.38564748,0.50610781,-1.6853036,0.9314633,0.22821297,1.0377824,-0.054813635,-0.97512341,-0.20327292,-0.92100227,0.60444963,0.16710973,-0.99803776,0.27008444,-1.7520412,-1.3772249,-1.4803989,-0.40104121,0.37243527,0.30845988,0.3114419,-0.88448077,0.73751581,-1.1739396,-0.46727937,0.29110497,-1.1744163,-0.061483748,-0.005829735,0.49435431,-0.000126297,0.37700933,0.051701188,0.43181127,0.073298812,0.55142367,0.17389518,-0.14580902,-0.87127995,0.54069555,1.1033324,-0.58913422,0.60667789,0.45320877,0.56344789,-0.66480827,0.49230418,0.6086086,-0.93235266,-0.50505376,0.12791981,0.089538559,0.33632845,0.73934972,-0.39940268,-0.56790864,-0.44564062,-0.037374511,0.50575638,-0.33773944,-0.063156247,-0.33882022,0.198157,1.1457589,-0.91091961,0.098338753,0.35764149,-0.66735309,-0.14389226,-0.20131008,-1.3739914,-1.9151759,-0.20523448,0.62955868,0.10962367,-0.32503974,0.56628072,0.23571767,0.59822512,0.3720811,-0.15468927,-0.45220408,0.33891749,0.020968013,-0.25374922,-0.78130603,0.093678072,0.21018475,1.2019159,-1.7521818,-0.003600361,1.5086825,1.6805379,0.43929633,-1.1631855,-0.26177293,-0.46570957,-0.19322217,-0.003142815,0.39905977,0.81535184,0.85300976,0.63783276,0.028997056,0.20720716,0.71482158,0.68948293,0.98493034,-0.78122735,0.34116518,0.30857775,0.1995182,-0.37490731,-0.19370911,-1.509905,0.40888947,0.065210484,-0.28211823,-0.18598357,0.13687271,0.17508361,-0.80559641,0.23213802,-0.22575296,-0.041183993,-0.17434794,0.46882793,1.0101153,0.27591518,0.12333407,0.5930683,-0.010169409,-0.13811617,-1.053545,0.22242406,-0.71204841,0.19069526,0.68879455,-0.67676693,-0.22257692,0.47034931,0.4628731,-0.51761466,-1.0295202,0.60163391,-0.57396847,0.10480049,-1.3662316,0.28000736,-0.05517365,-0.64048171,-0.61243558,0.86960745,0.42781791,-1.7786341,-1.1095074,-0.35780853,-0.044741832,0.31488907,0.021785721,0.13214117,0.41502208,0.32027462,-0.23166203,0.23499507,0.33640307,0.32862332,0.22547694,-0.073771723,0.098584779,-1.5894843,-0.013786257,0.45937032,0.043769091,0.083008692,0.5930751,1.0075551,-0.37452686,-0.913993,-0.44596314,-0.010848572,-1.7155737,0.3681224,0.44887626,0.42776302,-0.82376784,-1.2994354,0.22535889,-0.45096803,0.17658934,0.026145384,-0.026400849,0.45804465,0.12178279,0.37925804,0.48194784,0.078030616,-0.12315726,-0.34003443,-2.1035581,-0.71895581,-0.82796592,0.17022455,-0.88663721,0.14433306,-0.10732495,-0.26174003,0.14576143,2
0.45062572,0.20435344,0.15617281,0.44436914,0.42268825,0.44284427,0.42430747,0.41412339,0.42750359,0.42715669,0.42149606,0.42024857,0.41706949,0.40658951,0.42802271,0.41117668,0.42133605,0.43695635,0.42506826,0.41570076,0.40618879,0.41479117,0.41058671,0.41343451,0.40290231,0.41915911,0.42187399,0.40036649,0.41858223,0.40912789,0.41035801,0.40043765,0.40177798,0.40158826,0.40159777,0.38697511,0.38655192,0.40135413,0.3801055,0.39847791,-0.77934384,0.13768461,0.1733368,0.28625238,1.1426069,1.5754437,1.1489586,0.52573681,0.61994004,1.4415472,1.2899389,0.99378693,0.36395007,-0.14509672,-0.16801825,-0.26548427,0.6582613,0.36748025,0.29525998,0.28555509,-0.37499011,0.019619839,-0.3516078,0.24118766,-0.54558122,-0.087295443,-0.13224331,0.53668642,0.21066235,1.2624781,-0.16782166,0.22776067,-1.0155778,-0.19987799,0.04608909,0.61948568,-0.87758964,0.64291346,0.11076692,-0.81053209,-0.11472285,-1.0697396,-0.48722339,0.42850792,0.83382237,0.51498884,-0.023882534,-1.4601405,0.68642592,0.11892649,-0.90179217,0.31823939,0.050287642,0.043836899,0.63192523,-0.1376327,0.28456306,-0.2532545,0.14795253,0.51365983,-0.61140084,-0.98974818,0.031335678,0.44206297,-0.31002614,0.091959126,-0.043077081,-0.16995683,-0.025747292,-0.23092572,0.39309248,0.81598318,-0.14240944,-0.2559475,-0.65968591,0.085335821,0.5088253,-0.92244416,0.28828427,-1.0105907,-0.2658084,-1.5867749,-0.77808559,0.015618492,-0.53587967,0.38654184,-0.3744486,0.065491408,-0.010036141,-0.082709342,-0.63753766,-0.49845257,0.25166097,-0.92750698,-0.012038603,-0.096440017,0.14731432,0.37065029,-0.45822701,-1.2916403,0.48030555,0.4009302,0.71278799,-0.1139604,0.54651976,0.22192585,0.018637456,-0.30132571,-0.30712888,0.38373306,-0.65191555,-0.087196007,0.40089193,-0.096615888,-0.67775995,-0.015290149,-0.44511592,-0.50583982,0.17213428,-0.24245262,0.11831207,-0.59865791,0.48518467,0.50404865,0.11418684,0.009400249,-1.5903653,0.69002771,-0.1646696,0.002345145,-0.10500901,-0.50279206,0.024279296,-0.068897605,-0.5040186,0.81722748,-0.63226616,0.13059814,0.49030328,-1.2871598,-0.1607731,0.28662416,-0.08788842,-0.46472394,-0.72152275,0.61287606,0.083785743,0.082798317,0.83639389,-0.61699915,-0.25634575,0.076871768,0.21113418,0.20550069,0.037111551,0.17510219,-0.05239471,-1.0383734,-1.4057534,-0.6882652,0.19714703,0.627446,0.081536859,-0.28715992,-0.4244687,0.074663989,1.2616761,-0.020028345,0.077381358,-0.21900736,-0.11769268,0.89268422,0.11156277,0.24610804,0.80168599,-0.062855788,-2.0104637,-0.19523022,0.460832,-0.021118646,-0.080515467,-0.66370809,0.053447656,-1.1308223,0.23799539,-1.1884786,0.11078188,0.20268279,-0.73297739,0.14120764,0.24998419,0.3687411,-0.18472898,-0.31649986,-2.2244387,0.22824797,-0.52839756,-0.04277195,-0.082839519,0.072953045,0.31522575,0.068216607,-0.22192739,0.6900956,-1.2370244,-0.71144027,-0.32103693,0.35174739,-0.37466487,0.27762759,0.20406534,0.44986945,0.0832403,0.40857965,0.48853144,0.70435846,-0.83179349,-0.17328523,0.52777153,0.003770366,0.22332121,-0.017412815,-0.21405253,-0.99987727,-0.43124589,0.12920018,-0.43412438,0.19668019,1.0493104,0.29652217,-0.43174946,0.22553211,-0.3401157,0.24718639,0.56231904,-0.36272275,0.031950708,1.4598037,0.33918846,0.27423793,-0.6677556,-0.16415665,-1.6953074,0.92385274,-1.1855723,-0.11386722,-0.2061023,-1.3328993,-0.17899349,0.13614018,0.093844414,0.17298672,0.35885558,0.33823848,-1.4594859,0.79916155,0.11594594,1.0778253,0.063454151,-0.89458168,-0.16219275,-0.65635782,0.486395,-0.10722838,-0.84116673,0.25159484,-1.486328,-1.3800468,-1.1787343,-0.36076748,0.41108295,0.40429145,0.23599111,-0.6714226,0.63148761,-0.9578675,-0.2224808,0.27878109,-0.91600811,-0.03860046,-0.000360529,0.33571687,0.18586685,0.33989909,0.006932259,0.47521871,0.07366199,0.41663864,0.076591887,-0.073707581,-0.69023639,0.43619719,0.9623245,-0.39610475,0.59193492,0.41091439,0.70709372,-0.62225187,0.56846923,0.53150219,-0.88340974,-0.44423842,0.12592661,0.059582666,0.23855208,0.67197269,-0.34901002,-0.47304121,-0.34722492,0.017148959,0.45897919,-0.1956699,-0.047033459,-0.2226762,0.14251024,1.0210304,-0.67581332,0.16632654,0.32552475,-0.56342041,-0.040360168,-0.22119364,-1.183333,-1.5760633,-0.34310061,0.52584445,0.16159073,-0.29543626,0.62175632,0.078899533,0.5175997,0.2627672,-0.24039386,-0.41092077,0.25185698,0.11029312,-0.23947579,-0.62641758,0.096506789,0.18326277,1.1968914,-1.4757468,-0.016363967,1.3987296,1.4530747,0.46410674,-1.058791,-0.18220508,-0.29713225,-0.065741025,0.10608628,0.33784723,0.71940458,0.77959567,0.3961761,0.12584093,0.20816091,0.80805695,0.69426441,0.89441758,-0.61520791,0.18657747,0.34507748,0.16314097,-0.28542179,-0.19113004,-1.4344021,0.29495409,0.044505153,-0.34026024,-0.19135435,0.4137342,0.17017558,-0.73034155,0.17542216,-0.18436591,0.096510977,-0.060532413,0.60744566,0.96485245,0.20817102,0.095290273,0.53955871,-0.030678652,0.11863787,-0.91409588,0.19869526,-0.63280755,0.076491728,0.57980841,-0.53572476,-0.30853701,0.32282668,0.36898971,-0.51020896,-0.87219185,0.57123506,-0.52757901,0.074548006,-1.0987126,0.29918259,-0.11371729,-0.6169219,-0.39707822,0.81111199,0.46909869,-1.6849217,-1.0737652,-0.24589562,0.016948633,0.30477658,0.028076075,0.023685288,0.35369733,0.20849469,-0.20394915,0.21411479,0.34843335,0.26686299,0.1723014,-0.17491704,0.39997089,-1.3518157,-0.036053531,0.38198954,0.041847963,0.11563323,0.48517317,0.88090265,-0.36813739,-0.7735464,-0.40532368,0.101934,-1.5288621,0.31142202,0.35407418,0.29866591,-0.64930344,-1.103453,0.22640362,-0.29468891,0.19113627,0.000638954,-0.050499521,0.32378417,0.094234988,0.28938466,0.39142025,0.017571038,-0.067354448,-0.31766826,-1.9188514,-0.65867758,-0.8038004,0.060022134,-0.66746819,0.10355534,-0.10366945,-0.25817981,0.13973896,2
0.45518208,0.20055923,0.15002355,0.43116772,0.42477199,0.45039096,0.43646735,0.42258111,0.42386144,0.42647743,0.42369077,0.42811051,0.42426658,0.40712705,0.43702075,0.42349267,0.43453777,0.44286904,0.42747098,0.41521609,0.39943036,0.41682148,0.41264397,0.41530681,0.41002893,0.4134123,0.42280573,0.40865731,0.41335291,0.41252321,0.40306252,0.41795045,0.39732903,0.40813163,0.40921181,0.39913386,0.39374459,0.40629065,0.38634044,0.39922684,-0.86848503,0.14034253,0.24842519,0.31587666,1.2537193,1.6594188,1.2202581,0.60039604,0.71054524,1.5413551,1.3456674,1.0820274,0.3800258,-0.20914665,-0.092071347,-0.297968,0.6327008,0.35302913,0.3179647,0.27139699,-0.64880234,-0.018939137,-0.3066518,0.13190268,-0.71728516,-0.11855123,-0.047476426,0.54659551,0.29156411,1.3521007,-0.19830406,0.25099176,-1.1302708,-0.26751947,0.15088718,0.86311847,-1.0241706,0.62106633,0.098481268,-0.97444689,-0.079369411,-0.99696946,-0.60773408,0.70874953,0.8397373,0.55345398,-0.048941888,-1.5985618,0.60989833,0.11522721,-0.94663531,0.29167849,0.049661435,0.022163868,0.67938209,-0.008068785,0.34760016,-0.32919458,0.21028183,0.51695073,-0.80076957,-1.0849731,-0.026917249,0.53939468,-0.23818608,0.21342015,0.070978507,-0.16641837,-0.082629278,-0.34506226,0.53257513,1.1249232,-0.20938608,-0.23265174,-0.72455883,0.14412498,0.59210485,-0.89219439,0.28184628,-1.016939,-0.33165571,-1.720381,-0.90619493,0.040580355,-0.47322446,0.48695749,-0.4230037,0.099927284,-0.098306581,-0.14542358,-0.70189887,-0.4410159,0.29136738,-1.024492,-0.089298554,-0.08973033,0.18983269,0.29241174,-0.48863834,-1.4030265,0.58945,0.44904345,0.78333086,-0.11190672,0.55965191,0.31252497,0.067886345,-0.22417882,-0.31732339,0.37215453,-0.55709928,-0.24982515,0.37278539,-0.086586826,-0.76094854,-0.006354861,-0.48366654,-0.64026678,0.2438917,-0.29249266,0.063027233,-0.53502142,0.51064497,0.61612415,-0.038463291,-0.01357124,-1.7294557,0.71136719,-0.37303197,-0.010512665,-0.11502966,-0.56489611,-0.051761016,-0.13995586,-0.54839295,0.88481307,-0.67856294,0.14030306,0.52032924,-1.269062,-0.20831469,0.45033458,-0.054467689,-0.43917796,-0.74890083,0.72320378,0.19558434,0.26461637,0.78848809,-0.61714607,-0.29289588,0.087705523,0.19637898,0.27656418,0.38416508,0.19661509,-0.20075002,-1.1195608,-1.4960992,-0.82441306,0.22122,0.50494581,0.05282855,-0.40906826,-0.34689632,0.1885924,1.4250808,-0.12837559,0.024996439,-0.3170729,-0.16863075,1.0617415,0.10333142,0.25310495,1.7814065,-0.007051379,-2.3288651,-0.16898805,0.52567512,-0.042733259,-0.2889981,-0.61875856,0.038400732,-1.3047179,0.22519261,-1.2728205,0.12221527,0.075968459,-0.77980781,0.10753006,0.23117904,0.5160653,-0.28705278,-0.14937697,-2.4476161,0.31609535,-0.46621391,-0.069658779,-0.012714997,0.15900667,0.38021627,0.036808744,-0.24487554,0.61904252,-1.469788,-0.64439803,-0.29377297,0.3217006,-0.48279643,0.30351776,0.11429681,0.46784958,0.080689907,0.47255543,0.51194495,0.85305893,-1.0478022,-0.27228677,0.39156979,0.030072689,0.31257603,0.02670633,-0.15708537,-1.1005484,-0.47101101,0.16397601,-0.41766119,0.24491197,1.1704794,0.28059298,-0.39043015,0.18858245,-0.40665981,0.44391039,0.6936605,-0.43302071,0.081082538,1.4465106,0.091703519,0.23943287,-0.90272719,-0.1926637,-1.8689083,0.90238398,-1.1864772,-0.20091319,-0.23535012,-1.3933995,-0.17147775,0.18673858,0.19576728,0.35595784,0.59781879,0.42729425,-1.6492938,0.85312241,0.17990835,1.0842819,0.014857298,-0.84500563,-0.20561558,-0.74974048,0.58498538,0.11999039,-0.85626441,0.36235636,-1.6868542,-1.491549,-1.3067583,-0.45091382,0.39906526,0.37460932,0.22764179,-0.74643111,0.58116937,-1.1215522,-0.33527768,0.32660651,-0.99107575,-0.028240331,-0.055279918,0.48670068,0.03221304,0.4923293,0.060096785,0.60761416,0.11838052,0.48559707,-0.012760647,-0.096436225,-0.82120764,0.4187952,1.0696832,-0.34916383,0.6492123,0.41450676,0.62748623,-0.6988672,0.49448088,0.5354647,-0.92218047,-0.48691836,0.10406251,0.10764062,0.33396122,0.71315527,-0.39609677,-0.51483846,-0.32005134,0.021799341,0.54029822,-0.25567704,-0.00190185,-0.21338937,0.11967415,1.1443282,-0.83446145,0.22335657,0.36218446,-0.72879601,-0.043691631,-0.093025401,-1.2976441,-1.7949072,-0.37517476,0.48610181,0.16125387,-0.34172648,0.70334387,0.23613173,0.55138993,0.25967374,-0.10864282,-0.35407993,0.25764239,0.034217238,-0.21848178,-0.62222689,0.093723647,0.19706258,1.1247855,-1.6138601,-0.1220267,1.6086994,1.5624758,0.50242597,-1.1050234,-0.13357444,-0.23889108,-0.030629333,0.079385124,0.36831674,0.74117523,0.63468152,0.35593534,0.1165776,0.20666119,0.79774964,0.80340236,0.98166698,-0.6043762,0.2956332,0.35887462,0.12108646,-0.35255998,-0.14308898,-1.5449908,0.28740221,0.064330675,-0.44897401,-0.063266471,0.34719491,0.136894,-0.73088062,0.2146537,-0.24012703,0.024576247,-0.024704903,0.53765583,1.0088958,0.22070867,0.10975418,0.60456043,0.35894591,0.087421559,-1.0452176,0.20935008,-0.71959281,0.23685299,0.66650623,-0.61156976,-0.34594902,0.43840197,0.47151539,-0.43721408,-1.0283061,0.58628196,-0.5603534,0.15736203,-1.2635503,0.32456669,-0.11961516,-0.71700764,-0.52793682,0.88849944,0.62087727,-1.7539573,-1.1413078,-0.22063774,0.076894432,0.23659684,0.059861865,0.055789016,0.37355444,0.22675183,-0.22078514,0.41781861,0.42153218,0.36478031,0.33650354,-0.25425503,0.09144856,-1.443175,-0.039077967,0.44779828,0.00746052,0.10724355,0.55587471,1.0977905,-0.34641725,-0.73216808,-0.42570299,0.24318637,-1.7401564,0.38876587,0.38752925,0.34828028,-0.65984529,-1.128176,0.16146085,-0.49234495,0.18683343,0.11168201,-0.10284433,0.40817344,0.10599379,0.26622894,0.50636238,0.035027109,0.041076094,-0.32683468,-2.0627229,-0.75372213,-0.79041094,0.091657847,-0.62809235,0.034884572,-0.20981018,-0.25134349,0.18244982,2
0.42834187,0.18393499,0.13995922,0.42589113,0.40609762,0.43832064,0.41638458,0.40147331,0.41599661,0.41270429,0.40950662,0.40654024,0.40352675,0.3868199,0.41327104,0.40591216,0.41911757,0.42770088,0.41861796,0.39927334,0.40010029,0.39876071,0.3943117,0.39910644,0.40218574,0.39201832,0.39730456,0.38658184,0.40010339,0.39656276,0.40084606,0.39097559,0.38747746,0.38732272,0.3921676,0.36614811,0.37910685,0.39413321,0.37156332,0.38206178,-0.79116911,0.12383226,0.1274417,0.24542004,1.1660651,1.5266573,1.1193182,0.48569447,0.57629657,1.4201078,1.2830771,0.94735825,0.37168118,-0.19401889,-0.43815294,-0.40114611,0.72257906,0.40268767,0.27057475,0.27526486,-0.61722374,0.024100451,-0.62680733,0.13067767,-0.70655286,-0.14242356,-0.21458311,0.56643426,0.16059929,1.2702954,-0.12291124,0.20257355,-1.1256328,-0.23907122,0.029588476,0.91301608,-1.0541635,0.59089297,0.012366354,-0.88705915,-0.098580152,-1.1513894,-0.63393563,0.34282637,0.96740264,0.45779318,-0.040133297,-1.5982914,0.46841168,0.1149649,-1.0403591,0.37512812,0.058361962,0.047506493,0.74119091,0.76895314,0.21312107,-0.14893466,0.30691689,0.57594526,-0.73592114,-0.94450074,-0.039236382,0.57173628,-0.35815307,0.21538815,0.21717256,-0.12118018,-0.18534824,-0.23129849,0.4250164,0.80497807,-0.18801548,-0.32656434,-0.48047173,0.053040102,0.070451856,-0.78016979,0.20876077,-1.0411065,-0.27054858,-1.6103251,-0.79584819,-0.043270513,-0.56761706,0.15184157,-0.3815195,0.12743308,-0.039040327,0.054855585,-0.64413917,-0.68782532,-0.12669894,-0.97408396,-0.064392149,0.063616812,0.13059643,0.12162139,-0.42646992,-1.2417625,-0.008394629,0.42862093,0.7286191,-0.16834539,0.48260182,0.30432835,-0.042562246,-0.46626014,-0.47822279,0.17108786,-0.65423381,-0.19515632,0.42677596,-0.091016345,-0.63837057,0.079954252,-0.43865335,-0.5272342,0.17587644,-0.19737414,-0.022406708,-0.72612065,0.38009599,0.592242,0.11012089,0.012306705,-1.4505419,0.44126964,-0.094823778,-0.30298331,-0.042466961,-0.47721362,0.056071058,-0.087890901,-0.64676392,0.75858259,-0.76641107,0.14985007,0.26601562,-1.2999469,-0.15211068,0.35422951,-0.10885219,-0.26153865,-0.68459749,0.52311039,0.11669357,0.31129453,0.85131681,-0.70912308,-0.13618317,0.16336302,0.079556085,0.27528149,0.013739884,0.23483814,-0.22985183,-1.0609992,-1.4420084,-0.84389824,0.22656953,0.65606815,0.25587666,-0.35377088,-0.38755643,0.16546212,1.0954477,-0.14558503,0.038371041,-0.15050972,-0.02105689,0.93441951,0.14834797,0.27101037,0.97818762,-0.087052837,-2.0454793,-0.19462359,0.37695941,0.048746474,-0.26541105,-0.53002942,0.10165738,-1.112275,0.11628448,-1.0064063,0.13211656,0.11483804,-0.71660787,0.21825752,0.077111974,0.31292459,-0.020256028,-0.46557057,-2.1849725,0.3120836,-0.46601158,-0.03055732,0.01757054,-0.10121179,0.41186789,0.14235321,-0.22778973,0.55071396,-1.2501578,-0.57685632,-0.35444918,0.28289503,-0.41939792,0.21464638,0.027441651,0.41641766,0.051498894,0.48310348,0.49171868,0.76484579,-1.0333195,-0.20377639,0.37682456,-0.060746431,0.26230779,-0.005071599,-0.17281511,-1.1386925,-0.37760079,0.13079467,-0.44234633,0.077916443,0.88307387,0.34228629,-0.50534952,0.16712478,-0.32184204,0.5463115,0.38610262,-0.365904,0.15590024,1.5729824,0.18555196,0.39001402,-0.78083104,-0.24450253,-1.6865044,0.89106965,-1.0062768,-0.043654501,-0.081575379,-1.4671464,-0.10259321,0.18045548,-0.022640467,0.5523777,0.56865251,0.12258908,-1.5029247,0.78883719,0.30916041,0.88896596,-0.12679268,-0.9613111,-0.22302042,-0.74273479,0.55009043,0.093729436,-0.89500487,0.17113428,-1.4865824,-1.2638415,-1.1462162,-0.45381719,0.42950636,0.24230136,0.19938332,-0.73557323,0.613029,-0.89858246,-0.1213846,0.44136578,-0.93912816,-0.037772983,-0.076864697,0.36590916,0.29043344,0.3640604,0.006239966,0.37422025,0.084625542,0.33828908,0.15783474,-0.040718686,-0.6044234,0.46527955,1.0318699,-0.40203023,0.56147105,0.41535166,0.5818125,-0.57843065,0.3084116,0.36729538,-0.73377043,-0.41851884,0.10723689,-0.1122731,0.18423399,0.52858549,-0.35829809,-0.46812922,-0.36607456,0.079792388,0.43646449,-0.17102717,0.022558581,-0.25189081,0.21380591,0.86030906,-0.81186938,0.26692221,0.31051207,-0.5736571,-0.046888594,-0.40271905,-1.0717764,-1.7197561,-0.20181656,0.5295409,0.10050085,-0.26265922,0.66415262,0.17476824,0.52294064,0.26731738,-0.2523016,-0.35302275,0.31716889,0.044562653,-0.24373484,-0.75225449,0.10804826,0.27004048,1.0788796,-1.573945,-0.063750103,1.4413935,1.3855518,0.42807966,-1.2979655,-0.11836546,-0.19068499,-0.12015183,-0.01843204,0.22573429,0.68838269,0.39524126,0.49920452,0.082379363,0.25241196,0.60171169,0.69587553,0.7498222,-0.7365455,0.3263157,0.17090312,0.22043568,-0.25286317,-0.16092305,-1.5279943,0.33120131,0.060091097,-0.34412277,-0.096162573,0.16172279,0.17465201,-0.63988364,0.17787527,-0.31631881,-0.20986179,-0.011952072,0.27882954,0.77833289,0.22167167,0.12397017,0.50719476,0.11605547,0.021725774,-0.86188817,0.19775167,-0.7804656,0.073419675,0.60413218,-0.65015519,-0.41109779,0.39389911,0.40021431,-0.41448772,-0.96600598,0.47300297,-0.53436756,0.23310532,-1.468573,0.29246742,-0.17901956,-0.71264136,-0.59124064,0.77952456,0.58143568,-1.7098374,-1.0223,-0.29754788,0.037522316,0.16457678,0.023468904,0.071134955,0.20520045,0.26834726,-0.17513351,0.38517898,0.35889158,0.29659885,0.31262463,-0.30802923,0.19458538,-1.300386,-0.031480357,0.28385013,-0.009952672,0.1837209,0.62457639,0.91701591,-0.31188214,-0.68278205,-0.34682569,-0.008229744,-1.6774389,0.43993425,0.38492173,0.40168619,-0.63645506,-1.0722769,0.44213107,-0.36454505,0.4711585,-0.051459804,0.006784439,0.099801421,0.019682854,0.27609736,0.28497818,0.07210657,-0.12432814,-0.20901383,-2.0044987,-0.58230853,-0.72848684,0.020274587,-0.64467502,-0.065758526,-0.12599301,-0.20720299,0.17299759,2
0.43799871,0.18687846,0.15954049,0.40938118,0.38276017,0.42075789,0.41677037,0.38814875,0.34049311,0.40647715,0.40185308,0.37062123,0.39561594,0.3855989,0.41031885,0.38504112,0.40736699,0.4106409,0.39935541,0.39018565,0.39719969,0.39139834,0.35478294,0.3848218,0.40127346,0.38805574,0.40108919,0.3792344,0.3939085,0.39313418,0.37871781,0.38214624,0.38157225,0.37675989,0.38138491,0.36980933,0.36688289,0.4032031,0.36751938,0.3600525,-0.70720547,0.1422309,0.15609264,0.21166348,1.1325063,1.5275623,1.1003324,0.47104514,0.58109319,1.3909802,1.2385359,0.94610518,0.32926348,-0.15558878,-0.061181806,-0.24243408,0.57739943,0.32348233,0.31726515,0.24021363,1.2676358,0.04686236,-0.28859451,0.27779624,-0.54857975,-0.038789697,-0.10042968,0.55809247,0.22179908,1.3618113,-0.17299066,0.19717877,-0.96036673,-0.16744241,0.066829816,0.81733704,-0.7924031,0.57976621,0.22463213,-0.72250777,-0.076160848,-0.96271062,-0.46257633,0.34742451,0.84643579,0.47942579,-0.009552553,-1.3262707,0.60948551,0.12337644,-0.79299718,0.34171021,0.004989632,0.004262813,0.54928029,-0.088235036,2.3696079,-0.32101998,0.12855993,0.4744339,-0.18712798,-0.95888996,0.04602256,0.43553466,-0.22574303,0.20663154,-0.082439154,-0.15278099,-0.008492708,-0.22803518,0.39124873,0.7676115,-0.11514939,-0.53975105,-0.67371988,0.22500822,0.47957873,-0.90740448,0.31432483,-1.0261258,-0.25559005,-1.4720726,-0.8560043,0.039641939,-0.44404212,0.20928176,-0.40650165,0.12640643,-0.10368006,-0.16284966,-0.63750803,-0.33917695,0.18940975,-0.85746396,-0.059300173,-0.11411416,0.18717226,0.17985871,-0.45453465,-1.2478435,0.30094641,0.39892319,0.68242842,-0.13960227,0.42243379,0.19840221,0.030464508,-0.26292196,-0.26806682,0.37871253,-0.38573724,-0.21850988,0.34389168,-0.16683067,-0.65618306,-0.13286224,-0.50169361,-0.54691291,0.16394639,-0.21828559,0.1065824,-0.42609593,0.51522434,0.46071717,0.032091826,0.10766117,-1.3872535,0.72385716,-0.02536048,-0.021436468,-0.63246769,-0.48899221,-0.03088655,-0.076197654,-0.4423171,0.86736745,-0.57744384,0.10288813,0.45082498,-1.4331802,-0.11580157,0.28507078,-0.12511784,-0.53808326,-0.76421553,0.45850408,0.32524312,0.2694962,0.55387783,-0.55494809,-0.30490786,0.065761939,0.3616544,0.17995821,0.006043732,0.21984641,-0.21210366,-1.0298296,-1.2432824,-0.56447667,0.2478032,0.64794016,0.11866444,-0.3150014,-0.19733539,0.080700092,1.1651655,0.020476028,0.017555159,-0.19886771,-0.24925731,0.9668256,0.051994156,0.23230758,0.90103394,-0.19748017,-2.2721558,-0.1460759,0.4019559,-0.056282703,-0.3526448,-0.66610461,0.090625547,-1.2056826,0.26908344,-1.0760798,0.35462922,-0.061457921,-0.69364911,0.10469514,0.13808589,0.41635323,-0.18559556,-0.14554445,-2.2091255,0.31650287,-0.52516878,-0.17214161,-0.17515665,0.28326118,0.39422446,0.077836864,-0.18845543,0.62651122,-1.4415749,-0.69648361,-0.33467674,0.31475478,-0.35177332,0.15849334,0.27087352,0.42968512,0.085965663,0.32566789,0.37773281,0.70259231,-0.69614184,-0.16488066,0.49231347,0.10150723,0.27230495,-0.049406998,-0.2170258,-0.88581437,-0.38317457,0.11904044,-0.33393097,0.26368707,1.0822873,0.27441463,-0.36708778,0.275841,-0.30853921,0.27722418,0.50892812,-0.36776528,0.082149848,1.3048019,0.01182501,0.26176605,-0.95139593,-0.14157313,-1.6993202,0.91604447,-1.2103046,-0.19357406,-0.14675647,-1.2078965,0.044112697,0.10640615,-0.11297332,0.55109501,0.36536247,0.39454603,-1.4533452,0.7609185,0.34175795,1.0217816,-0.002843678,-0.77128851,-0.15009214,-0.73331982,0.48213348,0.15526918,-0.78087831,0.32859626,-1.561484,-1.3912007,-1.1903707,-0.34736872,0.27723062,0.17775939,0.32711402,-0.76912528,0.57585174,-1.0370129,-0.37230578,0.26208231,-0.91085446,0.013290379,-0.027375665,0.45216918,-0.094439432,0.28958866,-0.12652662,0.43445739,0.044058334,0.57080668,0.10607188,-0.08744885,-0.58347398,0.37723213,0.98031139,-0.41249621,0.47565013,0.26842511,0.62207896,-0.60288441,0.55275494,0.60403138,-0.7991004,-0.44933468,0.094684444,0.06988316,0.28598544,0.60425818,-0.40201244,-0.42824122,-0.35185552,0.050183691,0.54898304,-0.26332301,-0.000847608,-0.50725043,0.14924383,1.0061246,-0.8743912,0.14348155,0.24010123,-0.51739317,-0.081136331,-0.039431036,-1.2366567,-1.5994315,-0.22399543,0.48524535,0.12416089,-0.37845933,0.60903078,0.1045707,0.47471005,0.24455225,-0.12013832,-0.34642982,-0.026786312,0.05847156,-0.16485478,-0.44497979,0.13160673,0.16515014,1.0646363,-1.3901303,-0.21052758,1.4381043,1.2184595,0.36260951,-1.0312592,-0.1812681,-0.4584136,-0.12930594,0.12441547,0.32386371,0.74656963,0.86651498,0.32857651,0.44701585,0.16001295,0.61710477,0.72937214,0.73450989,-0.55350679,0.25332087,0.29114395,0.1604224,-0.2963025,-0.16229145,-1.463146,0.2729857,0.002006307,-0.26862699,-0.17334312,0.50960696,0.19692525,-0.64964473,0.19312966,-0.18552853,-0.13567492,-0.14101864,0.64161056,0.86622858,0.18971942,0.046631083,0.48824516,0.009018742,-0.12495176,-0.91071564,0.21854901,-0.57670599,0.24819683,0.69205719,-0.59530973,-0.35862666,0.32442215,0.40281031,-0.50194293,-0.94081724,0.53822887,-0.51008999,-0.02456433,-1.0961274,0.22530091,0.16313516,-0.54137981,-0.44296038,0.79252511,0.42798075,-1.5870861,-1.0281434,-0.29321817,-0.013095316,0.22145705,0.047754794,0.058570117,0.37742442,0.22076535,-0.16565301,0.26386151,0.24621221,0.37033823,0.68409932,0.086563841,0.22403614,-1.2618124,-0.10664959,0.38443667,-0.055056691,0.14776354,0.46550655,0.74777919,-0.33682179,-0.77731448,-0.38645902,-0.093307592,-1.3550251,0.25854278,0.25443667,0.33323097,-0.64262325,-1.1124032,0.18045799,-0.42664298,0.12009555,0.029541746,0.005499177,0.36747953,0.10991554,0.29283789,0.42493802,-0.003022303,-0.1758507,-0.30844674,-1.8429822,-0.6666435,-0.83386523,0.11591198,-0.81192058,0.090302512,-0.1663024,-0.26221842,0.1646404,2
0.58409315,0.3352901,0.27777335,0.5450176,0.53150028,0.55024844,0.54229605,0.5249657,0.53573984,0.52781951,0.53888071,0.53304535,0.52808541,0.51391149,0.54083788,0.5263629,0.54288346,0.54666686,0.54065764,0.52988935,0.51704615,0.52102953,0.51891845,0.52970797,0.51949179,0.51961762,0.52488256,0.51770902,0.53284264,0.51527882,0.51636571,0.52324659,0.51431942,0.51654178,0.51200771,0.50091845,0.50597823,0.52191031,0.50063878,0.51265693,-1.0028099,0.25871563,0.49588305,0.49791348,1.4255476,1.8065157,1.4671142,0.81667352,0.94909745,1.7379484,1.5463916,1.3008085,0.51438588,-0.18388075,-0.18918884,-0.39036524,0.74557745,0.45697623,0.40271479,0.3734245,-0.79140455,0.054991998,-0.389009,0.40784463,-0.6677779,-0.020260856,-0.15198688,0.58565927,0.30030662,1.3315336,-0.21731657,0.29650998,-1.1671016,-0.19500774,0.048313953,0.89619219,-0.9728263,0.793387,0.2480718,-0.96991301,-0.12507488,-1.2030697,-0.51219803,0.44340649,0.94045323,0.57084656,-0.042334978,-1.6390314,0.61554867,0.13751604,-1.1082857,0.39193764,0.042018864,0.095668875,0.63263845,-0.15232638,0.13485259,-0.42398715,0.1496135,0.59430039,-0.61742848,-1.1565022,0.065017939,0.56411088,-0.49043584,0.19165467,0.05312112,-0.19670086,-0.06812533,-0.28021267,0.49639809,0.97366202,-0.19286059,-0.36939409,-0.82944,0.32576779,0.52387536,-1.1234732,0.42174551,-1.2211217,-0.37422812,-1.7482044,-1.0951532,0.034857228,-0.55457449,0.22133061,-0.47105503,0.15608567,-0.11086506,-0.35659373,-0.92100036,-0.39236882,-0.19096547,-1.0934995,0.040675908,-0.21043094,0.21367331,0.13435616,-0.59892893,-1.7452126,0.3639344,0.529679,0.76521456,-0.13725671,0.55660433,0.35705909,0.1022364,-0.50507581,-0.34226951,0.44780156,-0.47259745,-0.15775314,0.478181,-0.33523911,-0.87877721,-0.084311694,-0.57343948,-0.73422235,0.30423558,-0.2620768,0.051234905,-0.49277797,0.63641673,0.748932,0.038105216,-0.13828945,-1.8666754,0.63996857,-0.059975892,-0.14638695,-0.027582405,-0.49922615,-0.10405269,-0.1947422,-0.56517202,1.0611455,-0.68286437,0.1467886,0.51438737,-1.8103404,-0.21659376,0.39952424,-0.14383572,-0.64189035,-0.95219898,0.57095081,0.17282209,0.21432355,0.69278485,-0.72284698,-0.26618245,0.14023294,0.29836619,0.11440335,0.34868965,0.11239604,-0.28346121,-1.3085434,-1.5992465,-0.7484408,0.29770276,0.53881049,0.060950257,-0.45631132,-0.39719939,0.089890391,1.6289788,-0.024882674,0.046761073,-0.31375486,-0.33008295,1.1137798,0.18772244,0.33067471,0.98735785,-0.10030651,-2.5099871,-0.13775364,0.47214118,-0.055330656,-0.2928358,-0.91192478,0.05409003,-1.5022115,0.25484604,-1.3541938,0.42202663,-0.11033228,-0.84904927,0.12265016,0.30306977,0.66424322,-0.19732933,-0.34775904,-2.7715399,0.31743407,-0.62958628,0.00708817,0.096299902,0.18141566,0.63346666,0.14134353,-0.24665238,0.72688347,-1.8805678,-0.934304,-0.52662337,0.35906643,-0.43871975,0.10919115,0.26126543,0.51278102,0.021891234,0.52543265,0.5535965,0.85692817,-0.9827857,-0.27361447,0.60706425,0.031620085,0.29164457,-0.067656316,-0.30387083,-1.132236,-0.45012397,0.14218453,-0.46257925,0.23087013,1.1143413,0.40250015,-0.45533133,0.21541318,-0.43766564,0.50061077,0.43131271,-0.59122545,0.091636576,1.6298147,0.16828412,0.22340271,-1.0964508,-0.32817644,-2.0514958,1.1267697,-1.4888445,-0.13502863,-0.2354811,-1.6637896,-0.13381627,0.16267799,0.10751498,0.56337756,0.54602289,0.4401035,-1.9114145,1.0699401,0.12993497,1.128505,-0.040186185,-1.0219264,-0.20854102,-0.91556013,0.68991363,0.142369,-0.9386465,0.36472145,-1.9570751,-1.6829574,-1.6045406,-0.37250388,0.39288452,0.44076878,0.35897112,-1.0948433,0.78781354,-1.2971548,-0.3410503,0.40213996,-1.2731767,-0.037443027,-0.020904632,0.48526734,-0.008271072,0.28663737,-0.00659655,0.50720459,0.08106558,0.85551775,0.12275217,-0.13571005,-0.69993091,0.53662986,1.0264144,-0.56252021,0.71891654,0.46834975,0.68091971,-0.67779011,0.76854336,0.59019941,-1.1178313,-0.45609879,0.1489405,0.07638026,0.28722486,0.7292133,-0.4173539,-0.52677506,-0.47845083,-0.03419473,0.53419465,-0.2421651,-0.088088058,-0.39693099,0.22722781,1.1918173,-1.1754311,0.16526425,0.29632723,-0.71863282,-0.1337194,-0.4320448,-1.4811758,-2.1568201,-0.072260812,0.68664956,0.11733666,-0.32499763,0.69329327,0.19534321,0.58113772,0.37874201,-0.31203684,-0.59332633,0.32421896,-0.027077436,-0.19947171,-0.6049974,0.15729758,0.22877172,1.1375276,-1.7972552,-0.050931942,1.5772702,1.642755,0.55207878,-1.2842218,-0.28955531,-0.58733839,-0.17514202,0.080309831,0.45393372,0.84617203,1.0576712,0.42926124,0.11405838,0.13667488,0.79128343,0.7193495,0.87012428,-0.94605076,0.31427822,0.31614831,0.18735206,-0.49290943,-0.16873944,-1.7280991,0.4294641,0.16141352,-0.3842386,-0.28182915,0.23127109,0.17326987,-0.79345739,0.33213118,-0.20322698,0.18534821,-0.14610229,0.76263857,1.054527,0.22448149,0.16569582,0.63585538,-0.013183445,-0.15633029,-1.0829383,0.30372339,-0.66568232,0.063463137,0.78494227,-0.68429428,-0.40041032,0.43561447,0.51222205,-0.70469058,-1.1820674,0.65254521,-0.60610777,-0.052537993,-1.4407191,0.3306807,-0.130872,-0.63286483,-0.64187622,0.93569434,0.49761692,-2.0115776,-1.3624502,-0.38834089,-0.012834981,0.33130026,0.010740861,0.11820538,0.46231505,0.32667416,-0.21014911,0.19569395,0.33506531,0.47261339,0.57695556,0.020172261,0.19341758,-1.6438482,-0.13001949,0.52447504,0.017787918,0.10965787,0.67594784,0.88786936,-0.42935774,-1.0520488,-0.43343472,-0.067328416,-1.8988024,0.24686475,0.3726607,0.43283015,-0.87502456,-1.3625737,0.22951965,-0.43735555,0.070807919,0.012267351,0.069096863,0.71259111,0.1431091,0.38792753,0.46602911,0.036354955,-0.20792294,-0.42551962,-2.3207335,-0.80214334,-1.0281674,0.17952739,-1.0630608,0.35339481,-0.2573514,-0.38688043,0.17551866,2
0.5638696,0.2675879,0.24702941,0.54891717,0.55102885,0.56585789,0.54282033,0.52940345,0.55535054,0.54962909,0.54739547,0.53638691,0.53780228,0.53717917,0.55233437,0.53448123,0.54191452,0.58099186,0.55669856,0.53689814,0.52962726,0.53926158,0.54202175,0.53794253,0.55133891,0.54496992,0.5547635,0.53589112,0.54322106,0.55456311,0.54791999,0.54001969,0.53818852,0.54447383,0.54739797,0.53494215,0.52545702,0.54525506,0.53249764,0.52624398,-0.87026644,0.22507098,0.49957186,0.48277467,1.3703487,1.8302002,1.4398189,0.79984915,0.9303236,1.7003462,1.4489206,1.2658855,0.62047899,-0.16293857,-0.24620357,-0.42942047,0.89425349,0.51867282,0.46772802,0.44650936,-0.89125645,0.016910126,-0.49538231,0.36479262,-0.60171694,-0.15295771,-0.21113653,0.61193842,0.24695542,1.3477268,-0.24777606,0.33623481,-1.2402428,-0.037850767,-0.045235891,1.1617994,-0.85970181,0.74873388,0.33704552,-0.93281609,-0.13054045,-1.2345598,-0.47036716,0.45899346,1.2112622,0.61678559,0.040622026,-1.7800195,0.74664402,0.17207307,-1.1871052,0.42469767,-0.002440676,-0.038428698,0.70987946,0.032232463,0.34413207,-0.37483236,0.12795816,0.77632439,-0.81416857,-1.0788823,0.091541246,0.52624369,-0.54230821,0.23538211,0.083523259,-0.17138247,-0.10761537,-0.272452,0.51910663,0.92881513,-0.13482542,-0.51071262,-0.86065114,0.21848354,0.28910378,-1.1586336,0.47234982,-1.29967,-0.35136318,-1.9185648,-1.272619,-0.11734951,-0.63051236,0.1419941,-0.47425407,0.066817746,-0.030685946,-0.23476425,-0.82649112,-0.48554981,-0.33208209,-1.2206221,-0.062634662,-0.18071982,0.061378196,0.11508924,-0.43907419,-1.7109783,0.37794572,0.51820832,0.80146092,-0.25658444,0.54166371,0.40878433,-0.014316857,-0.92391515,-0.26976398,0.32837126,-0.6051873,0.061567321,0.62632793,-0.35775846,-0.87566733,0.038993448,-0.62702048,-0.61869848,0.20982823,-0.30035013,0.11587083,-0.68708521,0.71892339,0.70719731,0.094036773,0.056756794,-1.6468366,0.53394783,-0.09452942,-0.20860639,-0.011718765,-0.60326153,0.10559455,-0.19141233,-0.72521722,0.94072503,-0.77426118,0.20356122,0.44534791,-1.7602295,-0.068050504,0.32008079,-0.24055463,-0.47625422,-1.0218921,0.48433167,0.075287849,0.39122713,0.78730798,-0.7621693,-0.30821171,0.13827252,0.22488227,0.01391691,0.4628132,-0.00291799,-0.18636759,-1.3521745,-1.7397485,-0.80030024,0.32380313,0.54466772,0.15245815,-0.53934288,-0.58815098,0.057743855,1.2853875,-0.23743665,0.024343658,-0.32974398,-0.31774747,0.95736903,0.29208058,0.37419069,1.0795543,-0.14934675,-2.2874782,-0.22631684,0.37292814,-0.051082768,-0.090356275,-0.9635362,-0.089783043,-1.4572794,0.29111528,-1.4243104,0.29080725,-0.043790448,-0.92983186,0.19018775,0.19058003,0.50309163,-0.19742982,-0.75577915,-2.7797198,0.36939633,-0.6107105,0.085174412,-0.095427595,0.022762872,0.51209265,0.11864399,-0.24328355,0.4127782,-1.5923252,-0.8082763,-0.36830467,0.3659324,-0.39048278,0.099481776,0.12733102,0.59209526,-0.047373306,0.48440084,0.38241017,0.73200899,-0.9343375,-0.19804206,0.48182353,0.055492155,0.2344687,0.018582972,-0.36522636,-1.191958,-0.51959503,0.21101765,-0.27586141,0.29224396,0.97265309,0.41828305,-0.46705341,0.35685745,-0.37384194,0.44059932,0.62785852,-0.42871863,0.083707854,1.5996649,0.25150496,0.35093179,-1.0554503,-0.23675476,-2.043061,1.0721558,-1.4341857,-0.17150994,-0.21031424,-1.8950741,-0.29725379,0.16166949,0.1405773,0.38680366,0.23187269,0.21957789,-1.8095433,0.89986086,0.15100144,1.2784166,-0.10055099,-1.1955383,-0.15388146,-0.98194486,0.61726964,0.058494806,-0.98534054,0.26858401,-1.9038346,-1.8080921,-1.4332886,-0.32816175,0.43636057,0.73748052,0.38117087,-1.0819881,0.91040725,-1.2834736,-0.34098798,0.31317541,-1.1758921,-0.057409942,0.10908244,0.46304852,-0.20459974,0.26220644,-0.062955439,0.34697366,0.038611144,0.63432419,-0.059213959,-0.18765149,-0.84613431,0.60884488,1.1713741,-0.77171922,0.58608472,0.58019519,0.46614587,-0.64888304,0.73805654,0.37873897,-1.057591,-0.62509203,0.19301835,0.1023484,0.1190182,0.83025074,-0.45584697,-0.6212182,-0.49965936,0.006040527,0.48178184,-0.19410264,-0.056336485,-0.43219095,0.34680155,1.1957839,-1.0848773,0.21137087,0.42825744,-0.69393021,-0.001763843,0.039022774,-1.5907546,-2.0658524,-0.33155262,0.84748805,0.056444585,-0.37336329,0.82854211,0.12992984,0.60927272,0.50457996,-0.18849573,-0.59193075,0.3948971,0.26103568,-0.37132677,-0.82897067,0.2077443,0.31594902,1.3155074,-1.6856725,-0.13185863,1.4891467,1.5796757,0.43090987,-1.3495446,-0.36199912,-0.4422735,-0.17891161,0.055107616,0.33729011,0.70440924,0.7896741,0.30427474,0.040068492,0.20536783,1.0953581,0.64928114,1.049523,-1.0641553,0.33345622,0.16494584,0.20787674,-0.42845541,-0.13096304,-1.4818238,0.50064892,0.059520308,-0.30001265,-0.22739893,0.30315867,0.25239414,-0.74453157,0.33075505,-0.12169482,0.31134975,-0.18817475,0.50481975,0.90346277,0.23698038,0.19225837,0.66703486,-0.097777776,0.008122966,-1.1252756,0.22124946,-0.75675952,0.14224273,0.7306177,-0.52692449,-0.3340382,0.45171532,0.46654117,-0.57117826,-1.2253327,0.58505756,-0.46046454,0.021142708,-1.5097202,0.26402876,-0.12197804,-0.82818246,-0.69568372,1.0537164,0.47680277,-2.1718159,-1.2220312,-0.5085243,0.061078351,0.31668341,-0.088632755,0.12051462,0.53368419,0.33056509,-0.31060678,0.2966646,0.30225611,0.35616606,0.21579815,-0.24066885,0.2131004,-1.7371074,-0.004568702,0.45792097,0.1527396,0.11102954,0.63291329,1.0063156,-0.34677425,-0.88860273,-0.36362064,0.022263736,-1.9544035,0.30979675,0.42811865,0.5076406,-0.94090581,-1.4872611,0.2132092,-0.48132569,0.14800803,-0.009836279,0.004426509,0.52319694,0.19626713,0.452196,0.39478731,0.1052995,-0.22591676,-0.40786365,-2.36959,-0.58709848,-0.996382,0.16331768,-0.96950334,0.26929221,0.038386106,-0.31802821,0.26174033,2
0.42559093,0.12126358,0.069414899,0.4055137,0.42385155,0.43305743,0.40652221,0.40614775,0.40914801,0.43053254,0.40665019,0.39821053,0.40944633,0.39424199,0.40966636,0.4038294,0.38724723,0.43172103,0.42360419,0.39348951,0.39640996,0.41969743,0.41636157,0.38339242,0.4186762,0.40225849,0.42481622,0.41471159,0.39271751,0.42510307,0.40866536,0.40613085,0.38908893,0.40480763,0.41898349,0.38022542,0.38304347,0.40260178,0.38783234,0.39941311,-0.89753705,0.023259789,0.24142665,0.37508574,1.2254897,1.5882959,1.1960588,0.5792073,0.69595873,1.4842744,1.2763036,1.0380797,0.39095995,-0.1904704,-0.2787089,-0.4284789,0.70635265,0.35914862,0.31864512,0.31338048,-0.87260896,-0.022385808,-0.60812032,0.36273545,-0.74319983,-0.090971746,-0.2537486,0.59120834,0.11676317,1.3217527,-0.1931237,0.22647861,-1.2010884,-0.16753691,-0.042769417,0.86366934,-1.0706868,0.58211648,0.18630636,-0.86841136,-0.15484184,-1.3582356,-0.59573185,0.31654692,0.8591333,0.57519192,-0.068501659,-1.7706037,0.75135112,0.12695797,-1.1288424,0.36139923,0.043462567,0.070769079,0.86113578,0.0073037,0.30195591,-0.32354012,0.27405134,0.57593733,-0.7281577,-1.0348401,-0.020676784,0.55329323,-0.28217974,0.12847009,0.072014123,-0.16791487,-0.1590171,-0.21813691,0.42334625,0.83338332,-0.17492671,-0.31763214,-0.67488992,0.25638863,0.28605843,-0.95485795,0.33973336,-1.1648247,-0.35777736,-1.7930459,-0.94316196,-0.043102246,-0.67977893,0.37055588,-0.40572888,0.14035949,-0.072338142,-0.10997731,-0.73181891,-0.60377324,0.058216065,-1.1136063,-0.10307807,0.044790253,0.12714663,0.15800616,-0.46084091,-1.5629413,0.63218784,0.41201064,0.79499161,-0.15929893,0.48208091,0.28091824,0.054966163,-0.53987068,-0.34699899,0.32978171,-0.35223749,0.028091416,0.43246484,-0.19085132,-0.78597718,0.094623916,-0.5328486,-0.49294204,0.24344854,-0.35168421,9.23E-06,-0.78085256,0.54456019,0.63537568,0.16501071,0.074376121,-1.6720786,0.68846393,-0.057334129,-0.25625417,-0.05162001,-0.52011776,0.14199497,-0.12305509,-0.68857431,0.87131035,-0.65694302,0.10256858,0.43558583,-1.3755206,-0.14744069,0.36277166,-0.13303146,-0.33186454,-0.83303761,0.58072549,0.037398428,0.16942242,0.83197087,-0.82398868,-0.24341364,0.091927767,0.11174691,0.35609978,0.44894794,0.26283437,-0.14364719,-1.2135448,-1.6263821,-0.79576284,0.22727682,0.63640147,0.15436582,-0.37806094,-0.31534806,0.11274622,1.2654036,-0.12828222,-0.007963053,-0.22101167,-0.1376559,0.98611385,0.19348335,0.23873466,1.0744715,-0.052413344,-1.99607,-0.16605231,0.36308053,0.01622767,-0.070081733,-0.79891509,0.095987171,-1.323903,0.16328984,-1.2094151,0.3046101,0.15213725,-0.80984265,0.15172563,0.0641727,0.50021183,-0.22306985,-0.479534,-2.5082707,0.40158537,-0.53199035,-0.006370872,-0.17251404,0.11614485,0.485048,0.11782873,-0.24781211,0.55748343,-1.4948202,-0.82759953,-0.35379469,0.31494385,-0.41769838,0.20142543,0.19836071,0.46453917,0.030740274,0.50409609,0.49526387,0.82097679,-0.94993478,-0.2957333,0.52627724,-0.006137259,0.25110069,-0.033133045,-0.22435145,-1.2308588,-0.46867296,0.12639047,-0.36901125,0.25482249,1.2012744,0.36224264,-0.44352853,0.19984673,-0.37106088,0.40928954,0.66597772,-0.38061252,0.060003381,1.5182624,0.2435091,0.2251457,-0.80215502,-0.20040554,-1.8695617,1.0267856,-1.2486176,-0.10583901,-0.15817842,-1.4202563,-0.10859398,0.1732939,0.033341646,0.16859457,0.65717477,0.29952735,-1.800953,0.90156484,0.11779026,1.3021708,-0.078729443,-1.0724294,-0.23760432,-0.89436668,0.42614162,0.10111735,-0.85225397,0.33010679,-1.6896878,-1.4741236,-1.3483336,-0.4763324,0.33547017,0.45394969,0.27534908,-0.85308564,0.69549298,-1.0929115,-0.25977361,0.30651155,-0.97454828,0.078060672,0.052068926,0.62371039,0.060229402,0.4001182,-0.052924424,0.45642096,0.018024877,0.55431497,0.000943787,-0.091496162,-0.54829508,0.41774827,1.0228624,-0.46871042,0.52150786,0.4039835,0.57867575,-0.62270695,0.71878159,0.34297785,-0.89326406,-0.56891239,0.08028499,0.047593638,0.12871329,0.7461434,-0.39392588,-0.47805449,-0.37703237,-0.034529235,0.52901268,-0.2123373,-0.026835307,-0.33812636,0.22267824,1.1331589,-0.88773733,0.10520765,0.33584678,-0.6113947,-0.028138645,-0.060252368,-1.2434783,-1.9682817,-0.3186608,0.57124275,0.071266785,-0.27774447,0.77689254,0.1459347,0.49221641,0.26665795,-0.16198605,-0.51938957,0.24721323,0.10254644,-0.28691348,-0.79404438,0.097305916,0.20141822,1.1065215,-1.5827551,-0.092176415,1.5527066,1.4800905,0.46193767,-1.2483113,-0.19143187,-0.41520864,-0.17313837,0.043847501,0.33171523,0.87138849,0.6669876,0.43072772,0.14415109,0.24067745,0.68826276,0.7365585,1.0962205,-0.8825869,0.27561235,0.27476519,0.1296683,-0.37272412,-0.14667702,-1.6476911,0.34388232,0.075663716,-0.32865375,-0.14831868,0.54409683,0.27829337,-0.68978196,0.21197133,-0.2272535,0.073959932,-0.10065516,0.62297469,0.86913085,0.20027527,0.059481032,0.63685262,0.019221082,0.16473639,-0.97125429,0.2953265,-0.78178883,0.10481694,0.7742734,-0.68428332,-0.48951113,0.4985702,0.40260613,-0.52888775,-1.1537021,0.56364429,-0.61899686,0.1174359,-1.5868859,0.34974423,-0.17454684,-0.78153688,-0.52195823,0.91749591,0.5477643,-1.9413345,-1.2428892,-0.36059803,-0.019064944,0.22085416,0.059784319,0.031989202,0.48551303,0.29456577,-0.16475944,0.30931085,0.40022564,0.40054923,-0.022434048,-0.025386505,0.58049774,-1.4748971,0.037599772,0.4704451,0.069994092,0.071720123,0.56663078,0.95240152,-0.32181308,-0.84563094,-0.42106909,0.44462895,-1.8729637,0.34882474,0.3828252,0.39167684,-0.63340902,-1.2503948,0.38703212,-0.40570205,0.1705775,-0.014238566,-0.06490048,0.46868762,0.14262444,0.31058547,0.47284845,0.011647952,-0.10698437,-0.28525209,-2.2582009,-0.66382962,-0.92579365,-0.031098865,-0.83991051,0.17064324,-0.1305248,-0.22916879,0.13646622,2
0.51366866,0.21641287,0.16422531,0.44398257,0.49960756,0.46304932,0.45883232,0.50091773,0.51123005,0.45999867,0.50861639,0.47375679,0.47477457,0.44112536,0.43134287,0.44287628,0.45960301,0.41913652,0.51218015,0.48775166,0.45638567,0.47536132,0.48938125,0.50169671,0.45703632,0.47693214,0.5055685,0.46774459,0.48282462,0.46237105,0.49998054,0.46091735,0.47241598,0.49952626,0.46341056,0.43887627,0.46110702,0.46888301,0.43598288,0.49509576,-0.84489089,0.15591763,0.22756499,0.35475901,1.1830806,1.6045485,1.1978085,0.58423913,0.68028653,1.4968302,1.3069162,1.0604203,0.28010601,-0.1689555,-0.24779263,-0.3953616,0.57333499,0.32730174,0.31528294,0.2835108,-0.80885196,0.03330633,-0.7701174,0.16341946,-0.78434867,-0.036297727,-0.17837504,0.5028947,0.25513843,1.1650268,-0.13681751,0.21574928,-1.1293219,-0.24864562,0.023756415,0.75866753,-1.1055727,0.47009239,0.18269548,-0.92146569,-0.1517939,-1.3686037,-0.57369804,0.33948964,0.76394731,0.52944428,-0.020182468,-1.7383257,0.43600836,0.020862013,-1.0857136,0.46805853,0.070301011,0.016938444,0.74007732,0.50787473,0.24902087,-0.22741282,0.18454069,0.54804158,-0.58150309,-1.001461,0.055670619,0.53444576,-0.41742277,0.18211956,0.008855667,-0.1182121,-0.12863354,-0.22373523,0.44765738,1.0313774,-0.26349494,-0.31768486,-0.54462498,0.27243292,0.23422998,-0.84733939,0.3408902,-0.95020926,-0.3060368,-1.7075374,-0.9425019,-0.046818245,-0.72874093,-0.01416567,-0.45985061,0.25057605,-0.077389896,-0.10889845,-0.77492064,-0.4139542,-0.36529809,-1.0207357,-0.02664391,-0.018124744,0.18848355,0.19273725,-0.47600242,-1.1606148,-0.14911041,0.43323767,0.79492223,-0.16402842,0.43357307,0.14896905,0.0002781,-0.58660436,-0.48198313,0.34901321,-0.42569292,-0.22125572,0.37840068,-0.19474564,-0.67321688,0.02508232,-0.46332058,-0.60601622,0.23736267,-0.24786556,-0.020372743,-0.71732569,0.40681595,0.34106094,0.12754145,-0.07292439,-1.64999,0.49442309,-0.083836578,-0.17981416,-0.005670562,-0.50746107,-0.02488995,-0.097399309,-0.69167668,0.7159918,-0.60747033,0.16716629,0.28152269,-1.6125057,-0.2390265,0.35194647,-0.14656048,-0.37076771,-0.83250892,0.5451985,0.10953549,0.11816634,0.81790262,-0.76648837,-0.12547071,0.081253268,0.23650117,0.16969803,0.31146631,0.080583096,-0.048024133,-1.1425991,-1.4863973,-0.77311242,0.29934752,0.35473379,0.13026533,-0.39472106,-0.3246631,0.12093611,1.5487586,-0.15663604,0.035146296,-0.18263698,-0.13183236,0.91023242,0.10093807,0.24001357,1.398303,-0.046737157,-2.4689789,-0.1681768,0.44540688,0.030258596,-0.14074072,-0.66864938,0.057016782,-1.2401627,0.15112691,-1.1861026,0.55798489,0.27255338,-0.73924017,0.090656169,-0.022141874,0.58237243,-0.21892074,-0.64540797,-2.3073649,0.22250983,-0.70402515,-0.010253295,-0.10449135,-0.044063732,0.63718754,0.04085381,-0.20120603,0.53500903,-1.2194163,-0.7877903,-0.051577412,0.29954925,-0.38074163,0.10716575,0.36317807,0.44944495,-0.083468974,0.48116422,0.49962234,0.75385416,-1.0282958,-0.26993018,0.38686624,0.15558904,0.23134711,-0.022726227,-0.19964571,-1.2335314,-0.44771519,0.14217345,-0.4998866,0.14875919,0.8625049,0.40772808,-0.50598323,0.19281572,-0.33646473,0.43404397,0.3438729,-0.37502319,0.110908,1.3426329,0.16481796,0.36584342,-0.99004871,-0.19825664,-1.7773387,1.0627584,-1.2588261,-0.037328631,-0.08113122,-1.5705922,-0.19589375,0.14016549,0.30285004,0.4905495,0.3921482,0.15990694,-1.5869516,1.0219342,0.18591037,0.92213356,-0.20577525,-1.0989988,-0.17317446,-0.80012834,0.66071939,0.13121766,-0.81847519,0.29557839,-1.5099223,-1.4506747,-1.358875,-0.38721651,0.41974041,0.38158125,0.21812601,-0.83062255,0.66375697,-0.91510332,-0.085238621,0.34400147,-0.99289405,0.1101144,0.035502486,0.57265675,-0.11741674,0.30021232,-0.005500957,0.43005645,0.097985297,0.89139116,0.067212366,-0.12121624,-0.62571663,0.37738949,0.94740421,-0.58313978,0.57500589,0.49860984,0.57620806,-0.55487907,0.32154211,0.16808647,-0.80964816,-0.47541541,0.1101262,0.067218311,0.21567316,0.56456095,-0.38253599,-0.44977239,-0.40772757,0.020330124,0.28048953,-0.17291573,-0.026454657,-0.27598816,0.20874497,0.96940571,-0.72375292,0.22380406,0.28036818,-0.53731263,-0.003750775,-0.35806412,-1.2440896,-1.8424515,-0.04686211,0.5484128,0.035550848,-0.29944235,0.74708879,0.12934227,0.38924253,0.23543164,-0.10593338,-0.48785481,0.22142383,0.076924801,-0.2544443,-0.75811023,0.097946867,0.21066955,1.1794664,-1.5427035,-0.13422428,1.3702615,1.528883,0.30782646,-1.4414697,-0.16330899,-0.43877631,-0.14913118,-0.046744231,0.43066669,0.70816547,0.59529996,0.40086582,0.12255091,0.25587791,0.55867952,0.76872295,0.90854114,-0.87861037,0.34485129,0.21352018,0.17775671,-0.31562716,-0.14872244,-1.5648249,0.34839085,0.057210818,-0.35190767,-0.12693304,0.082189292,0.12734237,-0.72090358,0.35122186,-0.28941905,-0.003811538,-0.020335361,0.26073635,0.82860547,0.18830879,0.15607592,0.61219454,-0.046052106,-0.10761757,-0.858235,0.26371339,-0.7971766,0.052914858,0.75264484,-0.58371711,-0.48621142,0.48110709,0.37069935,-0.43662196,-1.0809072,0.51396233,-0.59298766,0.065146551,-1.526592,0.34302694,-0.17528822,-0.84371066,-0.47979841,0.92504781,0.61788374,-1.6888568,-1.1105746,-0.33288711,0.053652279,0.27418905,0.005047008,0.12113122,0.31183639,0.22212735,-0.075306229,0.13187951,0.36437142,0.53348136,-0.24870783,-0.14787504,0.13103056,-1.4366388,0.013881004,0.4832072,0.018801346,0.17021073,0.59594244,0.85117668,-0.26349813,-0.7172007,-0.34765363,0.030818518,-1.8490353,0.36656624,0.37415576,0.34203142,-0.72195101,-1.1990312,0.53771758,-0.56043446,0.15227601,0.074736997,0.064695373,0.64586693,0.15810412,0.36845243,0.46677956,0.015617445,-0.088332586,-0.26768589,-2.1565285,-0.59382921,-0.80131167,-0.017755307,-0.72797585,0.20524231,-0.20610961,-0.17438188,-0.15607296,2
0.56238002,0.28227609,0.23132898,0.53877771,0.52015287,0.54362738,0.52775228,0.520733,0.53580058,0.53948069,0.52575779,0.52332485,0.52693999,0.51646173,0.52070081,0.52190924,0.52946967,0.55699009,0.53754109,0.51380706,0.51018238,0.52992415,0.51311278,0.52429175,0.5236308,0.51473433,0.52457196,0.51705492,0.52438498,0.52946413,0.51927322,0.51628745,0.5144527,0.51517367,0.52798045,0.50527263,0.50223935,0.5262298,0.50481403,0.51355159,-0.43804115,0.22137165,0.19206738,0.28980455,1.2018974,1.5818981,1.1821171,0.52195334,0.63068837,1.4513482,1.306659,1.0079035,0.42802143,-0.11895962,-0.17847615,-0.23556152,0.61165047,0.35480717,0.31123823,0.29840076,1.2660933,0.10583752,-0.3527275,0.16830146,-0.62127364,0.015111268,-0.17793171,0.39622781,0.12918687,1.2352751,-0.10673226,0.22075155,-1.0344263,-0.19721755,0.05134429,0.82360703,-0.89877391,0.60290879,-0.038797021,-0.80869997,-0.072114244,-0.91076559,-0.553074,0.39407498,0.77079391,0.3794831,-0.037469737,-1.4759347,0.49701658,0.13040432,-0.93386364,0.31106976,0.073311932,0.02151119,0.60481656,0.038001195,0.29855788,-0.19057572,0.11119311,0.49684888,-0.69193709,-0.94659251,-0.00326997,0.51665521,-0.24821632,0.1226795,0.10225672,-0.085981399,-0.06550242,-0.19917908,0.42606437,0.80765659,-0.13851169,-0.33321244,-0.61893374,0.20485932,0.359927,-0.86032283,0.33775827,-1.0558275,-0.2096532,-1.4943566,-0.78413332,-0.008892726,-0.45196867,0.28612053,-0.49209145,0.16147038,-0.078509249,-0.031352714,-0.61400175,-0.57534444,-0.15780511,-0.99746215,-0.029319987,0.002059937,0.13022569,0.25625962,-0.40903237,-1.2386025,-0.05823046,0.39366886,0.68161619,-0.12941478,0.41654003,0.21926008,-0.011835471,-0.57925552,-0.32804883,0.544038,-0.60646743,-0.33595878,0.38293061,-0.12880966,-0.59755087,0.054792233,-0.37787268,-0.49858749,0.1525678,-0.24702771,0.030216806,-0.54998136,0.48345116,0.42489356,0.10068075,-0.23028952,-1.3961694,0.49858427,-0.087747186,-0.030924231,-0.082374036,-0.53423148,0.047500793,-0.066365428,-0.55647373,0.79349476,-0.44855487,0.1462543,0.38819888,-1.4533384,-0.14064305,0.34617367,-0.13122466,-0.33188957,-0.64095116,0.60652715,0.11150067,0.17443612,0.79296875,-0.70479864,-0.079505578,0.08963719,0.19298905,0.20854449,0.24007945,0.23209876,-0.13979627,-1.0366709,-1.3984461,-0.7015183,0.23232588,0.56539559,0.10432331,-0.32221141,-0.34591147,0.13645045,1.1303337,-0.15540907,-0.041246459,-0.21173438,-0.11146203,0.95404345,0.12065192,0.22593755,0.74878097,-0.06971477,-2.4311879,-0.18931735,0.34469029,0.026964737,-0.11613536,-0.56162465,0.15293415,-1.1253611,0.30409801,-1.0477366,0.28838208,0.11715379,-0.77185392,0.12191701,0.14326456,0.38315463,-0.2135549,-0.50475031,-2.1788344,0.32188588,-0.5212726,-0.1135269,0.092437923,0.019829206,0.41400182,0.10953958,-0.19137599,0.55067253,-1.234727,-0.65521985,-0.32297677,0.15882623,-0.4239479,0.22962439,0.15854523,0.38281202,0.015181748,0.43936408,0.45934251,0.71948624,-0.8883723,-0.15913689,0.44618586,0.094387822,0.25325498,0.010902986,-0.22534291,-1.0283771,-0.3845458,0.10325127,-0.45600879,0.068745643,0.86004871,0.33944225,-0.46325159,0.18258527,-0.26926813,0.20136443,0.43110332,-0.41465276,0.060165819,1.2840536,0.053372137,0.19557995,-0.84739065,-0.17544292,-1.6516259,0.9269473,-1.1584755,-0.024573117,-0.11337567,-1.3644096,-0.091007881,0.077698573,0.060789019,0.18680188,0.35659853,0.1597445,-1.4605299,0.78527582,0.23591678,0.88804179,-0.085439421,-0.85184091,-0.13440099,-0.75925767,0.57096243,0.096612722,-0.81326175,0.21630362,-1.4955413,-1.2313122,-1.1164497,-0.4170534,0.5042187,0.38717049,0.2517522,-0.73121786,0.60602951,-0.91646171,-0.2565054,0.46498442,-0.91168106,-0.015510999,0.01533582,0.37957108,0.022695705,0.37398741,0.015274391,0.40659472,0.094061673,0.48152342,0.15288463,-0.14827743,-0.68845266,0.39894658,0.94981509,-0.45972037,0.61411685,0.40002748,0.60163683,-0.59099126,0.42746598,0.50701833,-0.80169648,-0.38113403,0.1156847,0.02153039,0.24124753,0.54310089,-0.36633134,-0.4519392,-0.31854141,0.066618934,0.36992484,-0.16404058,-0.037748426,-0.20419984,0.18312751,0.86912256,-0.83293629,0.16956334,0.26479158,-0.61670262,-0.017312134,-0.42619616,-1.1490732,-1.6022347,-0.26281461,0.54743904,0.1314421,-0.30308655,0.63923222,0.20863856,0.36398453,0.27498719,-0.14682063,-0.31822166,0.23263982,-0.040606674,-0.31597146,-0.7411235,0.10939634,0.19417131,1.1458353,-1.4882809,-0.21322337,1.3776963,1.2631643,0.35878432,-1.1453118,-0.13268843,-0.31703973,-0.081951693,0.093863361,0.24439883,0.6464926,0.57116652,0.41087598,0.11658946,0.17860006,0.6329484,0.69117904,0.78526741,-0.61495936,0.30069,0.20091313,0.15882945,-0.29095021,-0.18184084,-1.4100863,0.32266212,0.094407909,-0.35715491,-0.2913599,-0.002857879,0.031117469,-0.42420098,0.24262296,-0.21170574,0.029675245,0.004570946,0.36510444,0.83035266,0.088206701,0.13660374,0.50952888,0.4040446,-0.047647037,-0.8908813,0.24435206,-0.71546531,0.089810029,0.69233084,-0.57502848,-0.27460259,0.41346744,0.36391127,-0.41224247,-0.84296137,0.54448456,-0.55988973,0.10134987,-1.1861881,0.26180837,-0.14535655,-0.54942423,-0.53843886,0.77704161,0.4313533,-1.6695437,-1.0194443,-0.28654584,0.06092339,0.25801682,0.039387267,0.074115694,0.34125808,0.21957201,-0.20918366,0.3184934,0.34692276,0.32428342,-0.15150192,-0.13623932,-0.011094525,-1.2738721,0.005435484,0.22951981,0.050048806,0.16985713,0.52287239,0.75809312,-0.37023461,-0.76185471,-0.45013347,-0.14812139,-1.5374713,0.32545495,0.40487722,0.3495892,-0.63198745,-1.0953718,0.24695101,-0.30924428,0.2109544,0.000148453,-0.05068741,0.23274024,0.11362375,0.31096739,0.32919991,0.078965142,-0.20335731,-0.25903165,-1.8668622,-0.60652161,-0.72776484,-0.010668362,-0.727633,0.14298455,-0.1092473,-0.22673462,0.14730629,2
0.5291127,0.27795956,0.21268798,0.49681333,0.50833666,0.51866502,0.50787622,0.49305007,0.51023734,0.51316434,0.50037229,0.48795524,0.50251603,0.48264712,0.50207007,0.49270958,0.49661374,0.52598816,0.50181353,0.48466039,0.48065645,0.49073625,0.48730785,0.48918507,0.48678493,0.48170063,0.49105108,0.48490685,0.49889594,0.49904889,0.489223,0.49186653,0.4766182,0.4799152,0.49388313,0.47570205,0.47658658,0.49510708,0.47351062,0.48600864,-0.29041815,0.19071919,0.19886583,0.28934333,1.2143202,1.5819435,1.178561,0.53666389,0.63523912,1.4718442,1.3133007,1.0069919,0.41164428,-0.13637532,-0.24307039,-0.2667219,0.58311737,0.35296166,0.35725477,0.28482625,-0.6908288,0.097824268,-0.4573583,0.051830709,-0.60482216,-0.08936175,-0.14817965,0.44051179,0.054239899,1.3062879,-0.10417384,0.20145983,-0.99813932,-0.2371145,-0.080183722,0.85348094,-0.88194519,0.54213029,0.11774677,-0.83788317,-0.14489564,-1.1013591,-0.46991462,0.37536412,0.75627995,0.38788202,-0.097688049,-1.5249137,0.52644259,0.17220908,-0.91745716,0.34382892,0.077292338,0.033976663,0.77353179,0.64622927,0.28684101,-0.26179212,0.25256827,0.4878163,-0.41961318,-0.94221544,-0.060914062,0.48031998,-0.3277733,0.54365921,0.008184895,-0.049416386,-0.15787415,-0.21695539,0.31711346,0.90374684,-0.1609132,-0.62614894,-0.64779049,0.31124538,0.32290751,-0.94682693,0.40344837,-0.95025855,-0.23001008,-1.5635781,-0.81614429,0.002330095,-0.6346066,0.2872569,-0.4566071,0.15633485,-0.061250106,-0.067395151,-0.58593953,-0.33328798,-0.1721721,-0.97879934,0.046510946,-0.053835094,0.16337228,0.024924457,-0.48331892,-1.2435499,0.029394522,0.39792997,0.70123452,-0.13964774,0.36908597,0.27304915,-0.004169636,-0.41296434,-0.44591832,0.54361403,-0.44720036,-0.31268305,0.35516071,-0.20804876,-0.58194864,-0.024284732,-0.49359795,-0.52592701,0.17852612,-0.26214248,0.014063254,-0.50838566,0.47887546,0.67154688,0.1054339,-0.059957813,-1.5511378,0.57229173,-0.17030233,-0.057776816,-0.082402885,-0.48659989,0.083065093,-0.11742739,-0.52831304,0.79357266,-0.39987051,0.20115994,0.44069457,-1.5027966,-0.12330259,0.31793201,-0.18062407,-0.44499987,-0.68392932,0.54672605,-0.017526597,0.28934327,0.81564039,-0.63389254,-0.065035954,0.1059771,0.01134713,0.1616109,0.02120918,0.1057618,0.027386263,-1.0810425,-1.4222085,-0.76630956,0.2321111,0.58243948,0.04680945,-0.32691938,-0.21358165,0.11866978,1.5598725,-0.046870805,0.057295769,-0.13445386,-0.11258078,0.98397917,0.096135274,0.26170349,1.142779,-0.050991777,-2.3807158,-0.22386533,0.35404256,-0.011844685,-0.16976313,-0.62377465,0.006319463,-1.1478493,0.23717177,-1.0580721,0.46858096,0.063382022,-0.73201627,0.072836898,0.13388541,0.52787161,-0.13592005,-0.24095422,-2.1867716,0.23862666,-0.35573673,-0.009727992,-0.15888159,0.007568143,0.58877647,0.080302119,-0.22799994,0.6214996,-1.2403705,-0.66936713,-0.066380493,0.15271029,-0.35867229,0.12008195,0.26599994,0.39561406,0.036773365,0.48044834,0.52745783,0.65495646,-0.9263624,-0.17469266,0.4525758,-0.002618901,0.21156892,-0.20729831,-0.23244734,-1.0079724,-0.33148652,0.09970957,-0.47181612,0.031606972,0.9120335,0.35109168,-0.39884859,0.26785785,-0.31801787,0.25782949,0.45242447,-0.50336939,0.079392843,1.3983042,0.086244226,0.21673088,-0.67805278,-0.16704787,-1.6175985,1.0448103,-1.2922634,-0.02231586,-0.13549735,-1.4286983,-0.032926951,0.14981344,0.11469597,0.21701336,0.41442394,0.27981654,-1.4222345,0.86127764,1.971665,0.9431923,-0.1019232,-0.9450956,-0.19392188,-0.72956175,0.5452081,0.037243053,-1.1260951,0.16649973,-1.4650215,-1.2723256,-1.2522749,-0.34481016,0.34567934,0.62346894,0.22237308,-0.79916704,0.60207492,-0.91394401,-0.27588034,0.55225545,-0.96561384,0.049961723,0.073828049,0.41929701,-0.027864596,0.33997133,-0.021096781,0.44187826,0.080718309,0.69209462,0.10641754,-0.17975014,-0.66200721,0.36513454,0.81206292,-0.67824411,0.64308327,0.26450425,0.59943855,-0.5051533,0.27143356,0.48132771,-0.81918865,-0.42346245,0.087915324,0.10010566,0.31265864,0.5415684,-0.32913768,-0.46150169,-0.29366216,0.030237488,0.29020017,-0.18233198,-0.15284815,-0.24995747,0.20322353,0.99566823,-0.77697003,0.10361893,0.28060588,-0.49767765,-0.16601864,-0.3818464,-1.2138479,-1.7685286,-0.049710773,0.5053066,0.07141985,-0.25360969,0.64776897,0.11337483,0.41175839,0.25038892,-0.24431765,-0.42064309,0.20654422,-0.071292795,-0.33545873,-0.63879454,0.1173034,0.20102108,1.1025809,-1.3769947,-0.1065689,1.2846087,1.5032644,0.38444829,-1.1450166,-0.20906121,-0.31684658,-0.11140504,0.051497556,0.37149388,0.7596581,0.65065348,0.47847134,0.11829705,0.23923376,0.67138565,0.62098187,0.72975838,-0.77019322,0.18261498,0.21507692,0.19562723,-0.31058198,-0.14484712,-1.4385562,0.3232725,0.091687411,-0.28483766,-0.2952351,0.10235295,0.071123689,-0.44667941,0.21590397,-0.25067195,0.16904384,-0.12933338,0.57510906,0.77573085,0.022233248,0.16932015,0.53822583,0.036502562,-0.12587444,-0.88011998,0.30057219,-0.61391592,0.12804016,0.77236354,-0.39330983,-0.41658497,0.37437367,0.2923215,-0.46380258,-0.90377206,0.54194593,-0.57144374,-0.011829787,-1.3241832,0.2497068,-0.16096455,-0.61001033,-0.52207994,0.8133859,0.36516482,-1.6543853,-1.0618122,-0.29399383,0.078077056,0.2272723,0.011570331,0.075722761,0.41542906,0.21627021,-0.16035767,0.23578687,0.35175511,0.3074711,-0.36679274,0.014822975,0.13844205,-1.361726,0.21568452,0.41403434,0.054579411,0.16949318,0.42549044,0.69656831,-0.33329463,-0.74085426,-0.35115454,-0.18924743,-1.7824464,0.32506236,0.27465504,0.36533186,-0.63778871,-1.1375532,0.27964681,-0.43899572,0.1195811,-0.046230622,-0.02704908,0.57671052,0.16085899,0.3374972,0.45307872,0.080507405,-0.17741807,-0.27059737,-2.0105176,-0.62294954,-0.7733323,-0.038656309,-0.72993356,0.22383241,-0.17904028,-0.17721254,0.12103342,2
0.48737481,0.1918999,0.17876053,0.50940788,0.49037027,0.51269174,0.5015927,0.49436033,0.51333499,0.5079568,0.50176007,0.48955563,0.50182337,0.48502201,0.51476949,0.48866594,0.48935229,0.53426331,0.51336122,0.49827242,0.48271489,0.50598186,0.48974854,0.49761927,0.50693601,0.49268159,0.51560748,0.49318224,0.49396008,0.50329792,0.49961001,0.48677191,0.48924264,0.48786911,0.49794191,0.48846832,0.4792769,0.49750552,0.48363429,0.497805,-0.63248336,0.15837505,0.22474879,0.3008475,1.2166526,1.6203029,1.1898369,0.5611605,0.67881173,1.4870085,1.2824349,1.041972,0.32647771,-0.16070268,0.12852082,-0.30745065,0.49192685,0.27433011,0.28642315,0.2366164,-0.47391209,0.061833505,-0.26394576,0.25790638,-0.48624071,-0.13871957,-0.065121397,0.59818184,0.20650852,1.3936431,-0.18469067,0.19051036,-0.95065129,-0.16943595,0.11866894,0.62333262,-0.79068643,0.48459241,0.25436488,-0.78539759,-0.13342971,-0.95144665,-0.5022912,0.3747513,0.60901976,0.55507398,-0.053992093,-1.4290549,0.6702885,0.1152155,-0.82455778,0.29662693,0.04610588,-0.036156662,0.66879338,-0.009483978,0.37308678,-0.46414423,0.092144534,0.41827807,-0.5272181,-0.97498405,0.038796842,0.41652319,-0.20967881,0.13205643,0.001090583,-0.13596554,-0.086424932,-0.24888709,0.48547569,0.96350163,-0.17203358,-0.40258715,-0.6925236,0.16882339,0.50795078,-0.85967469,0.31754977,-0.95697045,-0.29780895,-1.4799156,-0.86978376,0.084679909,-0.46292859,0.23614949,-0.41318494,0.11506023,-0.11759959,-0.23315597,-0.58591735,-0.27347264,0.19875276,-0.98634636,-0.056556594,-0.12529621,0.22243305,0.12561326,-0.53717732,-1.272494,0.50425887,0.35445189,0.70865488,-0.10186964,0.48420852,0.23487815,-0.016520053,-0.22586092,-0.2509596,0.26438808,-0.32077631,-0.19229168,0.28604078,-0.16630194,-0.67192036,-0.020013981,-0.44568002,-0.60900038,0.24318281,-0.31260657,0.040543556,-0.41911542,0.49269891,0.54185545,-0.079176351,-0.0448181,-1.5356691,0.80767155,-0.1634969,-0.036674105,-0.12527208,-0.49459568,-0.030049587,-0.086211435,-0.45366365,0.88613927,-0.56340182,0.075087279,0.431023,-1.5757527,-0.15340339,0.37246913,-0.049030822,-0.6644429,-0.77238756,0.66192108,0.36543402,0.23072578,0.62182033,-0.53501594,-0.23097573,0.017838739,0.18628158,0.23778246,0.14993133,0.24131918,-0.099938847,-1.0559723,-1.232154,-0.60529077,0.18456292,0.58696657,0.11684269,-0.38205776,-0.13601345,0.13687053,1.4243798,-0.004857577,-0.012403734,-0.33216548,-0.20479478,1.0103633,0.070921116,0.18537603,1.316069,-0.1171699,-2.2910962,-0.099974371,0.52703977,-0.069835804,-0.20824334,-0.71065474,0.15607798,-1.2058734,0.26543596,-1.1416078,0.47301164,-0.0128037,-0.66572022,-0.00539556,0.065939143,0.45049307,-0.18248972,-0.068512887,-2.2284904,0.33609775,-0.60738409,-0.066166744,-0.20015547,0.18844925,0.50008315,0.078389607,-0.22052392,0.6385805,-1.3157272,-0.82544881,-0.19895004,0.22536379,-0.43318209,0.20963858,0.15059906,0.43347993,0.13900672,0.37929103,0.51299399,0.69643867,-0.87561333,-0.23285332,0.49597794,0.051750898,0.33442098,-0.060517248,-0.1927124,-0.92804587,-0.43453246,0.080324985,-0.37719494,0.23636714,1.1182311,0.32080129,-0.39144346,0.18574175,-0.33917984,0.65760809,0.57916087,-0.28462207,0.093848683,1.2149258,0.10705413,0.14513114,-0.86927319,-0.1170696,-1.6358817,0.96518415,-1.3375536,-0.1782209,-0.030344456,-1.300379,0.036337908,0.17025042,0.06259118,0.33897823,0.53820157,0.39902321,-1.4961863,0.86794645,0.10143676,1.0114878,-0.00651212,-0.72968757,-0.15891539,-0.63735354,0.50673586,0.006329835,-0.79817176,0.25192407,-1.5711954,-1.5102917,-1.2554785,-0.39903024,0.33669481,0.25094324,0.19817376,-0.72818893,0.57433069,-1.0567781,-0.18133011,0.28621218,-0.90652341,0.006233312,-0.018221326,0.47822815,-0.12319136,0.34701791,0.090787567,0.42319569,-0.015405286,0.70939219,-0.094036892,-0.090189271,-0.62675226,0.29254046,0.94424397,-0.49716792,0.68055534,0.38348028,0.63880467,-0.57684773,0.61211252,0.6473887,-0.95776951,-0.36584166,0.029139599,0.17397964,0.34444994,0.61269134,-0.431032,-0.44074488,-0.27209067,-0.005231366,0.51794201,-0.22656588,-0.014858231,-0.17829727,0.15341273,1.1277934,-0.80921453,0.12471224,0.26229012,-0.55362767,-0.037585299,0.21869496,-1.3126752,-1.6013428,-0.17633078,0.47784054,0.12522683,-0.29498407,0.64106774,0.16892034,0.41300762,0.19543009,-0.24260084,-0.43186939,0.14710499,0.030486315,-0.1580267,-0.56377822,0.073459476,0.1236793,1.0824394,-1.4168435,-0.28545853,1.539179,1.3789469,0.31364346,-0.98986995,-0.14313474,-0.24483246,-0.048665445,0.087872773,0.46618053,0.77417439,0.96052963,0.32747322,0.1933708,0.15750939,0.58588374,0.70682418,0.98254299,-0.56208515,0.25576666,0.3915945,0.081442013,-0.29263836,-0.17131388,-1.4214643,0.22083351,0.003951106,-0.31883368,-0.27215368,0.38213152,0.10390921,-0.6227504,0.2360121,-0.22757089,-0.096248358,-0.20336765,0.59471232,0.89984941,0.093986474,0.16221449,0.56248271,0.13173208,-0.043081,-0.97287339,0.2564165,-0.53035045,0.36093357,0.7634331,-0.39673758,-0.38328743,0.3302592,0.43133923,-0.49490121,-0.89262283,0.50073069,-0.50782311,0.027903687,-1.0932219,0.28193352,-0.030439749,-0.61122644,-0.46966088,0.88388211,0.5372749,-1.6013523,-1.0546925,-0.27024215,0.038080763,0.23697114,0.1197942,0.054754831,0.43340111,0.089696348,-0.17791124,0.25395662,0.34845236,0.43863702,0.13595976,0.056045137,0.13455805,-1.2586046,0.009396542,0.42082438,0.028716743,0.085042864,0.52772582,0.76210415,-0.3778404,-0.74059665,-0.27421319,-0.076618515,-1.622376,0.21354267,0.24974108,0.29010952,-0.64641774,-1.1494101,0.11997627,-0.50072002,0.02270025,0.080335379,-0.020180665,0.49267152,0.078749619,0.26899636,0.52708262,0.020268623,-0.12600969,-0.39189792,-1.904213,-0.65862477,-0.80844873,-0.040594466,-0.74792063,0.075897187,-0.067622684,-0.29049557,0.01717441,2
0.53627026,0.27365264,0.22368205,0.4826656,0.47787833,0.48685658,0.47703362,0.45751226,0.47411457,0.48458731,0.47979432,0.47052121,0.4663744,0.46614337,0.47709689,0.46525592,0.47011933,0.50057548,0.42411649,0.4621498,0.46430206,0.47341937,0.46820527,0.48085904,0.47406191,0.46320033,0.47463214,0.46480441,0.46548355,0.49162644,0.47943169,0.46431816,0.46806365,0.46793491,0.47346598,0.45570719,0.44929236,0.47137091,0.45998406,0.45975626,-0.96938825,0.21699777,0.60060072,0.57374197,1.4952967,1.9122348,1.6097368,0.90960413,1.0559335,1.8360927,1.6561232,1.3986504,0.53383672,-0.14911965,-0.48143575,-0.40709573,0.77792811,0.43127036,0.43195683,0.40276444,-0.73621505,0.09073399,-0.63062859,0.23261631,-0.70344681,-0.18099506,-0.22739179,0.50137258,0.29049033,1.3075297,-0.13275285,0.31215531,-1.3292925,-0.19486606,-0.14923258,0.85331678,-1.1416081,0.80124283,0.17200397,-1.0915188,-0.14590764,-1.3940871,-0.59598732,0.35591224,0.99367034,0.72096056,-0.051080562,-1.8762753,0.50481921,0.20801683,-1.3035322,0.47733188,0.0355682,0.11547875,0.47604707,-0.093413785,0.30207193,-0.11763495,0.13829267,0.62783504,-0.71145213,-1.174516,0.068815202,0.53950512,-0.56169349,0.34520972,0.042173799,-0.14440641,0.007257447,-0.23846498,0.53123784,0.81477493,-0.15682882,-0.13375229,-0.52030653,0.0272118,0.43803608,-1.0948288,0.4152649,-1.5051072,-0.44415006,-1.9550836,-0.94225448,-0.038468774,-0.69126117,0.27158943,-0.52748501,0.020827994,-0.077923611,-0.16659015,-0.75020564,-0.62971032,-0.28520656,-1.0679548,-0.29768428,0.14023502,0.15506893,0.037384883,-0.51081586,-1.5751784,0.096255675,0.58720291,0.80165637,-0.095251203,0.56645811,0.31050184,0.083748721,-0.65801835,-0.51934183,0.27672786,-0.70409435,-0.20021331,0.52650511,-0.33971053,-1.0062094,0.022186801,-0.57334518,-0.3570376,0.15858175,-0.23198828,0.065005332,-0.83575094,0.75433326,0.55660987,0.10680784,-0.034818873,-1.8409295,0.2731683,-0.039966602,-0.27721947,-0.10690793,-0.58666074,0.031947438,-0.14936285,-0.6862694,1.0227957,-0.73913991,0.20280066,0.41485751,-1.6577117,-0.23328641,0.45687276,-0.12520759,-0.52019173,-0.89674824,0.62440139,0.09093973,0.30010328,0.87909293,-0.89685428,-0.45588246,0.16710912,0.12393049,0.10105243,0.23225535,0.11436169,-0.25911748,-1.2687383,-1.640323,-0.8117364,0.36272132,0.59099376,0.055864967,-0.41344342,-0.41767079,0.041731402,1.3830932,-0.28105351,0.05023662,-0.21788605,-0.096612379,0.89587694,0.20697835,0.38106078,0.66179675,-0.052092053,-2.2291889,-0.26553938,0.4821502,0.074386977,-0.10139798,-0.68167734,0.019978717,-1.2327641,0.26365802,-1.2003554,0.35993207,0.11719546,-0.89363992,0.2295689,0.18108976,0.48958749,-0.15818499,-0.80262184,-2.5778215,0.13301036,-0.79430318,-0.014505953,0.053882241,-0.035668947,0.53752255,0.15720567,-0.36097187,0.24841258,-1.3504413,-0.80934221,-0.60725939,0.4377985,-0.48835105,0.19518188,0.11991714,0.51890492,-0.013071395,0.61709452,0.40205401,0.6475057,-0.89080054,-0.2127752,0.61980158,0.2005323,0.19180912,0.008059572,-0.35827655,-1.3535721,-0.4685235,0.10567123,-0.5984596,0.4482941,0.98547655,0.40085745,-0.64208162,0.29283714,-0.50211287,0.76954603,0.36060479,-0.36771905,0.11859459,1.5085126,0.079305544,0.28767979,-1.0117924,-0.25332081,-2.0607405,1.1550057,-1.2475266,-0.11275676,-0.060397387,-1.4307814,-0.36981916,0.058604307,0.088019595,0.48751226,0.30672771,0.25488797,-1.8226638,0.90219378,0.16747721,1.0304928,-0.131384,-1.2295065,-0.19854407,-0.94457567,0.73451793,0.17613043,-0.96816868,0.25723425,-1.6316128,-1.577399,-1.6198564,-0.39757061,0.39642879,0.34116954,0.27612758,-1.0313491,0.84467161,-1.107666,-0.29495725,0.39921871,-1.2609706,-0.063807204,0.13237582,0.37160784,0.12045487,0.32942486,-0.065720126,0.66026837,0.11093475,0.69155681,0.087377496,-0.097379081,-0.78812557,0.51617706,1.2189205,-0.54924697,0.77549255,0.47167331,0.5555051,-0.68534082,0.32544476,0.22504406,-0.88049877,-0.63547695,0.14818931,0.012898654,0.12203471,0.74095702,-0.44972059,-0.56771684,-0.70767581,-0.033792108,0.4878934,-0.25610864,-0.06414108,-0.37844369,0.25326803,1.1229236,-0.95895749,0.21632598,0.33310288,-0.68971688,-0.10237063,-0.29165977,-1.2246336,-2.0567875,-0.18340388,0.73220575,0.065336898,-0.35118136,0.69224858,0.080501899,0.54994524,0.42285129,-0.31589392,-0.43220851,0.29020235,0.10322188,-0.22815257,-1.0006959,0.28611198,0.32052231,1.2622948,-1.6614521,-0.048060171,1.3822558,1.7952168,0.43659973,-1.3323771,-0.3266269,-0.53681481,-0.26878637,-0.018957337,0.33444291,0.74697256,0.50558543,0.6111666,0.046171032,0.11681204,0.70198059,0.79111862,0.92227441,-0.95256418,0.40441343,0.16930731,0.17146429,-0.42737418,-0.21199761,-1.7189697,0.48440409,0.12663154,-0.55976367,-0.15838075,0.29465124,0.1039416,-0.87117714,0.27069905,-0.27691728,0.20102832,-0.098774254,0.26241457,1.0197867,0.27574056,0.12645102,0.62960577,-0.23062707,0.058672812,-0.94622821,0.16146946,-0.82397652,-0.10436821,0.57387006,-0.73265904,-0.44989103,0.64210165,0.55616575,-0.58895528,-1.2654662,0.56771058,-0.73181564,0.066635855,-1.6543078,0.34566861,-0.30773282,-0.8540678,-0.52820301,0.81838185,0.35908714,-2.0522318,-1.2565637,-0.46859205,0.007485166,0.28301811,-0.30155537,0.17503071,0.40715441,0.34327024,-0.2566933,0.35989591,0.42702025,0.40253174,0.065074548,-0.19740975,0.12833549,-1.7244669,0.016191073,0.48745912,-0.01270052,0.17637615,0.79776078,0.97896391,-0.34611496,-0.76671106,-0.40168077,-0.051987849,-1.66336,0.25948873,0.67380673,0.48668432,-0.82420248,-1.1888106,0.29454154,-0.4373903,0.1106607,0.007965118,-0.080989055,0.26225075,0.20260271,0.46659756,0.31468982,0.026379358,-0.11042753,-0.4088563,-2.3004508,-0.71710664,-0.83890176,0.003559392,-0.78806686,0.23769666,-0.051371947,-0.28988814,0.20917206,2
0.47728258,0.19121489,0.15346245,0.43790066,0.43098819,0.4473747,0.44054565,0.4219797,0.43048126,0.42661935,0.42566651,0.44401363,0.43063271,0.40952617,0.43542966,0.42163819,0.42997828,0.46517527,0.44521639,0.42520437,0.42303097,0.4243488,0.43354934,0.43070316,0.42999414,0.4267022,0.44425273,0.43031257,0.43542063,0.42722017,0.42836827,0.41860956,0.41517502,0.42547655,0.42676616,0.40143621,0.42447722,0.42535353,0.41055423,0.42481577,-0.78932548,0.13461964,0.30802357,0.37950891,1.3072109,1.6978424,1.2935781,0.65423059,0.76898444,1.5809767,1.4068365,1.1268289,0.40487713,-0.15826732,-0.2319774,-0.3380501,0.60079801,0.40705654,0.31425419,0.31284153,-0.42633307,0.044946238,-0.357793,0.20548166,-0.68078291,0.039282948,-0.17624554,0.57053816,0.31108195,1.1371222,-0.16265321,0.22411577,-1.1222739,-0.26350412,0.054943036,0.78874207,-1.0183591,0.70178545,-0.013585657,-0.9300161,-0.081337258,-1.1043494,-0.51407307,0.50735253,0.77558762,0.53470391,0.045268893,-1.5079689,0.49022669,0.15296334,-1.0224273,0.30259085,0.062789023,0.14860234,0.66387033,0.016301543,0.34827521,-0.20324996,0.070212893,0.51618397,-0.75919956,-1.0508687,0.043274831,0.51192939,-0.46784538,0.18910101,0.19527324,-0.13319047,-0.14579694,-0.2731702,0.53291309,0.78066462,-0.21033978,-0.4063018,-0.72926867,0.26259708,0.42997956,-0.95403171,0.30433673,-0.94027656,-0.2904231,-1.6848191,-0.82688725,-0.028950725,-0.55449271,0.31355536,-0.51790035,0.20404983,-0.11483017,-0.056071103,-0.74880069,-0.51795137,-0.030770507,-1.0318019,-0.030816928,-0.009601742,0.075886995,0.36017734,-0.44067502,-1.4664562,0.2288648,0.43609259,0.79111439,-0.1892986,0.46404874,0.20955569,0.072227165,-0.38794675,-0.46592355,0.48088014,-0.5586772,-0.34029049,0.39457858,-0.1824172,-0.73021746,0.069175042,-0.39770699,-0.50106001,0.21042438,-0.27567548,0.022023816,-0.51330906,0.43234977,0.59529698,0.17328301,-0.045255348,-1.663659,0.56317228,-0.057886995,-0.13067423,-0.029139515,-0.51612622,0.11489747,-0.1417501,-0.60161334,0.94039583,-0.5841772,0.1907112,0.47040951,-1.3886831,-0.259296,0.41950828,-0.11063199,-0.43118006,-0.78949624,0.64635974,0.1818997,0.26045993,1.0484977,-0.7184118,-0.291861,0.090857357,0.44329381,0.15399525,0.41050792,0.113036,-0.23633225,-1.2186193,-1.5098779,-0.84798354,0.2422228,0.66569602,0.11617178,-0.38049388,-0.35997748,0.1406011,1.379693,0.020966165,0.068782963,-0.18211615,-0.16902852,1.0987576,0.11774316,0.28156388,1.1696981,-0.091759041,-2.1274974,-0.19330686,0.64216739,0.011124045,-0.51709467,-0.57320994,-0.053566366,-1.1963019,0.23416311,-1.1646518,0.23932305,0.035781167,-0.84864312,0.060217526,0.27675006,0.48043948,-0.25673714,-0.080454618,-2.3352184,0.18673979,-0.64833623,-0.052483708,0.14922181,0.15323468,0.49411198,-0.01261238,-0.31721029,0.49520233,-1.3606761,-0.81911284,-0.26679403,0.26920271,-0.45558932,0.11390783,0.24891068,0.38571125,0.068421163,0.53841543,0.52016401,0.71134317,-0.94615591,-0.23147616,0.45374718,0.000399925,0.24509075,0.040416256,-0.24673644,-1.0866512,-0.41396907,0.15601793,-0.52445054,0.28968781,0.94234556,0.38887471,-0.44441849,0.16328794,-0.36629128,0.47477794,0.47001308,-0.29926199,0.086384356,1.6767185,0.16589643,0.26214254,-0.74341822,-0.18265063,-1.8084122,0.97480434,-1.0643768,-0.032086313,-0.2331236,-1.5213048,-0.28432113,0.2224161,0.27583182,0.30148354,0.38701198,0.40083337,-1.6407367,0.96983063,0.25415012,0.91555107,-0.041003358,-1.0085031,-0.22277445,-0.88044488,0.50869876,0.14791784,-1.0186888,0.30995014,-1.6034265,-1.4150825,-1.3566363,-0.40583473,0.40056494,0.29735604,0.27447617,-0.78296548,0.6523068,-1.0779291,-0.32421175,0.48425373,-0.99688727,-0.019005425,-0.017735928,0.4224622,-0.011468673,0.44573781,0.06028188,0.46648586,0.082240142,0.42803881,0.07894481,-0.10240567,-0.89174891,0.42660031,1.0996978,-0.47922552,0.72512597,0.43365785,0.51185495,-0.6464507,0.53875089,0.49593818,-0.8676765,-0.43639436,0.082871571,-0.063528046,0.25846151,0.72098541,-0.33921176,-0.50422931,-0.37250885,0.081932053,0.51319873,-0.29758811,0.011323124,-0.23388945,0.24297908,1.031438,-0.77681017,0.19504014,0.28942204,-0.64005053,-0.067883849,-0.38092309,-1.1577044,-1.868055,-0.20650305,0.58172238,0.14759013,-0.26842418,0.5796563,0.34037343,0.51544225,0.30185777,-0.061525747,-0.30329207,0.24755302,0.060766108,-0.3004851,-0.60038817,0.12123698,0.17192976,1.3227013,-1.6498296,0.001622018,1.3211368,1.6913984,0.47756824,-1.1558945,-0.16487932,-0.28490233,-0.09782064,0.022219114,0.34891927,0.82284898,0.86195791,0.64485574,0.095759064,0.19782554,0.59427124,0.66268569,0.90723497,-0.85701621,0.32955465,0.23551778,0.16433527,-0.32892221,-0.16592191,-1.5609752,0.30761433,0.016880248,-0.3185052,-0.33951598,0.089199588,0.12858254,-0.73552018,0.24480744,-0.27510858,0.028351411,-0.02354978,0.49995041,1.0281409,0.25726181,0.08048404,0.62132561,0.70630151,-0.02568399,-0.99411714,0.27452302,-0.73399127,0.075048655,0.73908865,-0.59930646,-0.24747482,0.31020775,0.45350501,-0.40289089,-0.99014819,0.52051592,-0.59391534,0.18493874,-1.1082531,0.32484251,-0.1438739,-0.74361217,-0.56308889,0.9559319,0.55650812,-1.6861784,-1.1634644,-0.30924854,0.082634799,0.23887312,0.043771699,0.097885706,0.21865152,0.23404753,-0.22625193,0.34672761,0.39527303,0.39593813,0.15766582,-0.17920499,0.16605899,-1.536756,-0.035054773,0.34720585,0.024355888,0.15999906,0.6334455,0.97291052,-0.34740663,-0.80948269,-0.388843,-0.13553286,-1.7289191,0.36241746,0.54753673,0.32634637,-0.71099108,-1.1383013,0.23550351,-0.36034411,0.27486485,0.022604316,-0.083167687,0.49918368,0.088644311,0.34661403,0.39133298,0.089715973,-0.044374727,-0.30505553,-2.08005,-0.62461847,-0.76982772,0.023686092,-0.73697424,0.053489894,-0.16103357,-0.23772663,0.15968323,2
0.69733584,0.41431215,0.36342233,0.61218178,0.5994367,0.64150459,0.61945808,0.60441375,0.61626965,0.6315316,0.62230182,0.60799021,0.61389279,0.60307044,0.61547315,0.60851806,0.60615152,0.65503919,0.63413543,0.59653676,0.61027426,0.62117857,0.61848521,0.60309637,0.61457306,0.60712755,0.63366234,0.61939073,0.60758746,0.61701667,0.63556278,0.60695457,0.59738117,0.61614692,0.62396473,0.591371,0.5868113,0.62524772,0.6048919,0.60754079,-0.99775451,0.32873118,0.55312908,0.48617673,1.4084561,1.884505,1.5066857,0.83742005,0.96898478,1.7634144,1.5469931,1.3243169,0.66440225,-0.18759072,-0.35230127,-0.39109811,1.0008607,0.62924933,0.50057161,0.4731698,-0.90106487,0.024500769,-0.47022793,0.31237966,-0.80986255,-0.26575583,-0.11505744,0.87081802,0.041640341,1.2918539,-0.24622028,0.39369172,-1.3106211,-0.16822237,-0.16690966,1.3079556,-1.0746001,0.90030432,0.18787339,-1.0492113,0.23734674,-0.54344928,-0.65405989,0.54751211,1.2875538,0.58944893,-0.061072577,-1.7554353,0.69182175,0.18836725,-1.060722,0.59524143,0.03627786,0.023605218,0.64542669,0.22117552,0.17247586,-0.36582768,0.11045791,0.76488209,-1.0674235,-1.1234074,-0.00247322,0.71039659,-0.51198208,0.18562533,0.050686579,-0.14044774,-0.037971213,-0.28359285,0.34553987,0.89384729,-0.15304556,-0.58018166,-0.74525869,0.29201213,0.49918324,-1.0616695,0.44973713,-1.1393957,-0.39658755,-1.8887038,-1.1772767,-0.080903687,-0.31941059,0.36616239,-0.48202676,0.047995433,-0.056755081,-0.19181038,-0.91514945,-0.55185115,-0.21125361,-1.189891,-0.007639729,-0.14583737,-0.077484414,0.12745742,-0.4322567,-1.7358186,0.32534325,0.61328542,0.8516711,-0.44163352,0.64046007,0.43537778,-0.057611361,-0.33555192,-0.33031666,0.38627693,-0.94212878,-0.38585255,0.68371212,-0.24176125,-0.71974415,-0.040616922,-0.69097793,-0.74393463,0.19556202,-0.23679964,0.1892685,-0.68863648,0.57645047,0.8100096,0.035876732,-0.10586271,-1.7849259,0.43486118,-0.18933094,-0.15780154,-0.25878939,-0.73177671,-0.016973091,-0.17986451,-0.72001731,0.97752011,-0.8977946,0.30559587,0.50774634,-1.6655233,-0.069649674,0.46996689,-0.13600649,-0.44177121,-0.90966576,0.52291632,0.27997643,0.30533111,1.1624457,-0.83518481,-0.26998541,0.25883552,0.42717952,0.17631444,0.3800028,0.051284388,-0.27529618,-1.3712865,-1.7909243,-0.9024353,0.38646162,0.58094633,0.18542749,-0.48534238,-0.42355186,0.094438665,1.4406946,-0.21082231,-0.060366839,-0.35619208,-0.26840991,1.1239623,0.32774669,0.44706565,1.0952768,-0.20011853,-2.3010821,-0.1776887,0.39299747,0.031739622,-0.23078564,-0.84820354,0.059194505,-1.5827496,0.30238006,-1.4167798,0.3069368,0.024118364,-0.83837748,0.19577502,0.16968435,0.50817525,-0.12361289,-0.3434425,-2.75003,0.36187586,-0.60093212,0.063102782,-0.063381329,0.2835055,0.46570921,0.2178341,-0.17986265,0.66894078,-1.622201,-0.83392656,-0.38717639,0.35973799,-0.45824885,0.1138997,0.23720361,0.50752932,0.023319492,0.43279049,0.23390825,0.77223676,-1.034755,-0.36620772,0.59922612,0.038081542,0.25340039,-0.2612974,-0.20856574,-1.1822793,-0.44522035,0.21393882,-0.38361993,0.16702932,1.1769655,0.44300115,-0.57342958,0.30981803,-0.34664816,0.33736995,0.52750546,-0.49639279,-0.008519404,1.5848935,0.18744524,0.34993625,-1.4926503,-0.38315994,-1.9960039,0.97755677,-1.1748338,-0.32093075,-0.16453204,-1.7062639,-0.26237631,0.20169353,0.32208356,0.51314652,0.67856526,0.29828766,-1.8315256,0.86471957,0.18291083,1.0439184,0.038819313,-0.98617822,-0.29659939,-0.95989966,0.74392736,0.060421854,-1.0760889,0.54851043,-1.9715531,-1.7907699,-1.4004935,-0.46941584,0.92714399,0.34943637,0.38208401,-1.0237203,0.94683975,-1.1694673,-0.33959639,0.49921882,-1.1315567,-0.3408643,0.064708747,0.30876866,0.018499129,0.4104836,-0.027563408,0.39369008,0.17582816,0.28342947,0.25306463,-0.12508477,-1.2651877,0.57293844,1.0168357,-0.53322631,0.68591118,0.56790078,0.2433213,-0.76863545,0.65623075,0.44852075,-1.0458958,-0.36716953,0.15300937,-0.012390628,0.10558924,0.81149709,-0.43667716,-0.68394357,-0.49669859,0.1447614,0.58946258,-0.1152758,0.037028268,-0.29558393,0.3402437,1.3119609,-1.0128431,0.21430634,0.34229958,-0.71241432,-0.030359464,-0.44734895,-1.4236785,-2.1325378,-0.50602132,0.86018872,0.20871046,-0.37155676,0.82977206,0.14278793,0.83664483,0.50225931,-0.27246347,-0.53867781,0.45423418,0.12469122,-0.34695944,-0.68875802,0.17833619,0.33115605,1.546062,-1.7344279,-0.036258783,1.8583286,1.8720517,0.4718028,-1.134692,-0.23173365,-0.45644051,-0.14445713,0.09990973,0.064961821,0.75586575,0.63794219,0.47721273,0.11392771,0.26028714,0.887263,0.69582051,1.1997621,-0.87793207,0.2443088,0.3479006,0.23137534,-0.45606261,-0.25461626,-1.6551431,0.58258033,0.15789062,-0.30917293,-0.43912545,0.19923957,0.30841279,-0.70980883,0.174582,-0.25193018,-0.17425159,-0.35350549,0.78431833,1.2647773,0.23633647,0.10192737,0.64202797,-0.14256762,-0.12657358,-1.0571507,0.25232214,-0.77577215,0.14997423,0.63261235,-0.83652723,-0.37664294,0.28087813,0.28315228,-0.51502949,-1.1960578,0.72730815,-0.67398542,0.18962519,-1.6133347,0.24843098,-0.079712749,-0.71968007,-0.78067327,1.0903159,0.47941339,-2.1800036,-1.2592258,-0.45496291,-0.003935907,0.29893678,0.026623707,0.12785134,0.42868283,0.41624033,-0.29683137,0.37770906,0.34683847,0.29919797,0.30158284,-0.56769603,0.39440995,-1.6624657,-0.05385723,0.45070308,0.10714149,0.13724476,0.74644911,1.905625,-0.49500039,-0.88483596,-0.48279622,0.22351345,-1.8633232,0.44173393,0.23699822,0.55408633,-0.85063601,-1.3836119,0.21158594,-0.34061649,1.2298175,-0.057182968,0.052204996,0.094256997,0.16486867,0.43110383,0.34420195,0.081848465,-0.2273398,-0.33683965,-2.2948821,-0.64872861,-0.99219841,0.31656435,-0.9671334,0.24240085,-0.10560319,-0.34880647,0.29288915,2
0.56437641,0.27118033,0.23303804,0.50607872,0.48444882,0.52368832,0.4971585,0.48332977,0.50128824,0.49667174,0.49860594,0.49040195,0.48313549,0.47047579,0.50120133,0.48038274,0.48229676,0.51317078,0.50154668,0.47118178,0.46781945,0.50060928,0.48587435,0.48408118,0.48794073,0.47862297,0.49998218,0.50147718,0.48527947,0.49230534,0.50361019,0.47743163,0.47452551,0.48723215,0.49594632,0.46757323,0.48291227,0.48319447,0.4692964,0.49349192,-0.88722503,0.20852599,0.4670186,0.45560127,1.3877828,1.8214786,1.4540219,0.787233,0.91941786,1.7022961,1.5202582,1.2765195,0.49980104,-0.15424816,-0.13808271,-0.26504329,0.7670902,0.42677909,0.40364423,0.36221278,-0.59339935,-0.019249473,-0.29772669,0.39188364,-0.70888299,-0.086157829,-0.21764977,0.71410018,0.26080501,1.4509819,-0.20100063,0.3034519,-1.2090589,-0.14790589,0.018412052,0.95055473,-0.84159327,0.74468589,0.15689492,-0.97400808,0.026388146,-1.1271095,-0.46872285,0.77638209,1.0007684,0.84707963,0.034660552,-1.7230179,0.89618981,0.19154194,-1.1217403,0.44271082,0.031825703,0.037596747,0.82965469,-0.15149809,0.62625724,-0.44818282,0.16685852,0.69581854,-0.79512829,-1.1335979,0.013142891,0.55932808,-0.48514247,0.35421997,0.069881573,-0.20304312,-0.13397332,-0.28733674,0.50777018,0.86242968,-0.21647806,-0.7227999,-0.89105988,0.25536522,0.602301,-1.230491,0.39743507,-1.2313488,-0.35409573,-1.847019,-1.1724406,-0.10437073,-0.60863531,0.25327361,-0.44434443,-0.027295828,-0.095212974,-0.14541502,-1.0049992,-0.47816864,0.30297345,-1.1835996,-0.17946589,-0.11898356,0.087297887,-0.097113729,-0.56346542,-1.8751795,0.67038691,0.50733483,0.9937253,-0.22362363,0.44726163,0.3824372,0.065661877,-0.26888925,-0.19465564,0.44094837,-0.67266893,0.14179282,0.50242454,-0.29355896,-0.79878283,0.090899631,-0.64103758,-0.61960483,0.25096822,-0.43926296,0.17767859,-0.62647736,0.70665538,0.93175459,0.004437944,-0.2157838,-1.8100824,0.81656444,-0.16349682,-0.18462276,-0.23139128,-0.60133666,0.22393574,-0.24756321,-0.49039599,1.1163297,-0.85824704,0.13992128,0.72290611,-1.9214628,-0.35583442,0.37120187,-0.17129621,-0.70175791,-1.1938396,0.51287842,0.070501804,0.29404524,0.87292475,-0.79042,-0.32506528,0.1268931,0.12095191,0.17856945,0.37926957,0.11698543,-0.028573129,-1.3848605,-1.7184229,-0.76484454,0.2490896,0.7468878,-0.019494027,-0.47613487,-0.53271174,0.042062968,1.2754524,-0.074576154,0.095480278,-0.25608379,-0.26901832,1.1868854,0.13168097,0.3432585,1.6952965,-0.14868599,-2.6405618,-0.12996648,0.71810627,0.029752921,-0.18388677,-1.0286384,-0.051549092,-1.5679592,0.28510702,-1.4170928,0.32203841,-0.016780082,-0.89473361,0.17002264,0.31232005,0.56494099,-0.20482369,-0.33447331,-2.9023707,0.36954415,-0.48169819,-0.16792035,0.017051741,0.2711125,0.47780186,0.043401007,-0.23021474,0.59613597,-1.6777297,-0.81216776,-0.37072879,0.37497571,-0.42021728,-0.016483977,0.14186636,0.47142705,-0.021956436,0.49558768,0.50849974,0.84095979,-1.0979649,-0.15927202,0.52891016,0.024251714,0.23833418,-0.051160954,-0.26724803,-1.1348641,-0.4702152,0.16887341,-0.29877263,0.46285558,1.3191801,0.42574659,-0.46557143,0.30301726,-0.48271853,0.62528884,0.74667847,-0.36059615,0.049356811,1.7833997,0.57468289,0.16469443,-0.89702684,-0.37230873,-2.0751286,1.0610863,-1.4345794,-0.31243005,-0.12825155,-1.4800588,-0.27485144,0.11099441,0.047601715,0.37428555,0.70258409,0.50039279,-1.8737533,0.91670895,0.082115658,1.4052724,-0.028835513,-1.0534617,-0.16542256,-0.93068492,0.74008536,-0.13196398,-1.1051166,0.43547672,-2.0935378,-1.8593879,-1.5251878,-0.31671703,0.36391154,0.75751913,0.30990896,-1.164585,0.79498649,-1.2696291,-0.40909493,0.39621508,-1.1853842,0.041617088,-0.041233256,0.51988983,-0.08026427,0.43368715,-0.031378821,0.41144383,0.081984594,0.43758839,0.087111972,-0.14078286,-0.82272881,0.51432794,1.2287563,-0.600007,0.81424177,0.51195467,0.49039418,-0.79482388,0.69306034,0.40509698,-1.1786138,-0.70269698,0.17874131,0.13853368,0.1900976,0.85981202,-0.43285,-0.67551136,-0.49266091,0.024283618,0.67624843,-0.26489082,-0.13701192,-0.63528448,0.1020654,1.2661892,-1.1402541,0.21236546,0.35786974,-0.67835951,0.025889982,0.34295028,-1.477881,-2.175863,-0.31388208,0.6884259,0.22266899,-0.38540223,0.85205704,0.068827733,0.52708524,0.34499359,-0.02657859,-0.66105807,0.30337113,0.46015769,-0.29047605,-0.72614521,0.16130151,0.25535104,1.4782152,-1.6854935,0.014392255,1.6172999,1.9509984,0.44127232,-1.1617491,-0.36743563,-0.63799757,-0.15762752,0.15241745,0.4774842,0.92105889,0.61734438,0.67471826,-0.21843538,0.27015847,1.0186789,0.74409491,1.2710493,-0.93914664,0.2749154,0.36098915,0.092794538,-0.33625686,-0.13886191,-1.3475189,0.4204891,0.092773899,-0.46827635,-0.26421857,0.52152705,0.4441371,-0.76385617,0.13657001,-0.30952257,0.34595022,-0.37695211,0.81648648,1.2886834,0.27264616,0.017292839,0.67161775,-0.18808959,0.1332241,-1.0899558,0.23194452,-0.64006317,0.14025068,0.65642643,-0.76639605,-0.42889223,0.45098284,0.41806442,-0.71454513,-1.381062,0.70249438,-0.73806381,0.15869744,-1.5856887,0.31559706,-0.37482083,-0.74543273,-0.62053049,1.0512984,0.37437314,-2.1655576,-1.3467516,-0.43428427,0.053867314,0.32123193,-0.051612131,0.090681031,0.48019236,0.29454094,-0.29564154,0.24130242,0.40025479,0.37784922,0.24291256,-0.05668281,0.39592853,-1.6911278,0.17758906,0.62288725,0.091594525,0.18980499,0.64128017,1.1766188,-0.43449247,-0.94087207,-0.43089896,0.21411988,-1.8780965,0.36308321,0.44253021,0.42088211,-0.90242946,-1.5358654,0.22438407,-0.34745792,0.13607559,0.10848907,-0.12444556,0.34810042,0.12336645,0.37468836,0.41350105,0.027717441,-0.30152404,-0.45585936,-2.2554455,-0.78295547,-1.0759066,0.065883636,-0.99665463,0.25612074,-0.18512101,-0.36519125,0.18705459,2
0.44894898,0.16223997,0.13229153,0.42048907,0.40968567,0.43450707,0.4112317,0.39811796,0.41314709,0.41789377,0.41405964,0.39598757,0.41237032,0.39250052,0.40761489,0.40236774,0.39222664,0.43581629,0.41639084,0.38030845,0.38391936,0.40540352,0.40026546,0.39394912,0.39708456,0.39660174,0.42161942,0.41586393,0.40409711,0.41849649,0.41263628,0.39370698,0.38854325,0.40053111,0.41370043,0.38619393,0.38142589,0.39747423,0.38827938,0.40924719,-0.8860876,0.11996597,0.26890588,0.32310894,1.2630156,1.6410489,1.223784,0.597646,0.72765338,1.5306449,1.3315802,1.0897601,0.35580578,-0.20938943,-0.17563039,-0.35756531,0.64520895,0.33727556,0.30011678,0.28874731,0.32661039,-0.033015169,-0.41500458,0.18840508,-0.60947609,-0.044476021,-0.19979443,0.57126319,0.18551257,1.2785133,-0.23030424,0.22856648,-1.1760769,-0.23016882,0.017053952,0.77885681,-0.94201106,0.60648024,0.12527815,-0.9855395,-0.089321949,-0.99699134,-0.64134264,0.53947479,0.80288529,0.49406624,-0.048082877,-1.6372812,0.80297816,0.12703194,-0.98484504,0.29637831,0.059334964,0.035522979,0.73404586,0.28865099,0.25552011,-0.3728022,0.2280895,0.52217209,-0.71971297,-1.0504962,0.004700728,0.52553558,-0.35375521,0.17191362,0.10200563,-0.17928001,-0.10051484,-0.32922408,0.43678415,0.91122371,-0.19480994,-0.36627778,-0.62034875,0.047746703,0.3221584,-0.93235445,0.33639735,-1.0450033,-0.36302188,-1.7249625,-0.93230748,0.037900366,-0.46385461,0.25693065,-0.42730826,0.098438054,-0.097169414,-0.1615831,-0.69910491,-0.4146069,0.23556529,-1.0766106,-0.15584879,-0.052793048,0.1388765,0.070322976,-0.47599915,-1.5575775,0.35978353,0.41533411,0.7698456,-0.14924851,0.4824408,0.27080315,-2.43E-05,-0.27122879,-0.25870487,0.44461539,-0.45108816,-0.16858843,0.40611821,-0.11402055,-0.71819645,0.070161343,-0.55773169,-0.5293321,0.22204864,-0.35627419,0.038880944,-0.50839359,0.43455642,0.68027151,0.072468907,0.070417807,-1.6613334,0.92367619,-0.17128789,-0.068831705,-0.042519391,-0.57564646,0.045821,-0.12009687,-0.64272934,0.90147138,-0.71008617,0.12042828,0.45674691,-1.2704945,-0.20910722,0.4145329,-0.036143769,-0.52198935,-0.8198126,0.6525113,0.12702921,0.23409601,0.95130295,-0.69709492,-0.33199874,0.060637858,0.33755586,0.25870356,0.48730767,0.19981834,-0.20296288,-1.157938,-1.5256193,-0.79323375,0.25295565,0.53233099,0.1719071,-0.41095838,-0.35274273,0.17376903,1.1657372,-0.21279541,-0.003901967,-0.35886237,-0.22112796,1.127846,0.13736559,0.25495082,1.6642296,-0.029264456,-2.1276972,-0.11104192,0.5747658,0.003244933,-0.24252942,-0.72066444,0.082757503,-1.3570307,0.27527344,-1.2091838,0.1377092,0.002237756,-0.75337112,0.064204022,0.31747305,0.52296627,-0.23357904,-0.57152593,-2.4302807,0.33714333,-0.53358531,-0.045490663,-0.052772321,0.22130406,0.4231762,0.083855942,-0.2108147,0.68591833,-1.2999263,-0.52210897,-0.18542485,0.32417107,-0.48623747,0.32363522,0.18731144,0.47708702,0.033786625,0.40587324,0.46266833,0.67742497,-1.0407931,-0.27268496,0.45819294,0.1011417,0.30336148,0.032847486,-0.10336176,-1.1591214,-0.51480162,0.1264324,-0.38071075,0.18153962,1.1717451,0.34557083,-0.47141552,0.2110319,-0.38172093,0.17000577,0.59052056,-0.38043559,0.01745636,1.443615,0.34203443,0.28404588,-0.74770772,-0.13403404,-1.8620298,0.87653494,-1.3199447,-0.20327768,-0.12637821,-1.4793892,-0.14875899,0.17621791,-0.058822766,0.21241941,0.32684264,0.23037851,-1.782784,0.80677879,0.23200838,1.0630277,-0.069490552,-0.98283535,-0.12658322,-0.81167376,0.55929792,0.050242871,-0.81482524,0.37118286,-1.7756284,-1.6037976,-1.2609693,-0.47975594,0.4877817,0.70363545,0.22501239,-0.83596152,0.66431588,-1.0667571,-0.33405063,0.35887358,-0.94259399,0.007092174,0.01599334,0.49351686,0.12318573,0.38358015,0.010048866,0.44348106,0.090777308,0.34803104,0.34976476,-0.090222016,-0.61276388,0.4056536,1.001969,-0.46506977,0.64743984,0.43893218,0.63626224,-0.71241999,0.61288673,0.49072117,-0.95701575,-0.48284158,0.081215054,0.17243043,0.27303162,0.63318932,-0.37514469,-0.41279253,-0.37580758,-0.009435844,0.4823696,-0.21189778,-0.039158262,-0.29593629,0.15228835,1.1913129,-0.9101364,0.2116552,0.30918357,-0.65637946,0.015854172,0.26846734,-1.4060068,-1.807988,-0.36782771,0.56995106,0.07902468,-0.35999152,0.77602315,0.19681105,0.57288355,0.25554031,-0.15534261,-0.40494969,0.2305322,0.19988011,-0.22206587,-0.49824023,0.089969352,0.24336809,1.1666298,-1.6549094,-0.24373738,1.5611018,1.367231,0.41866991,-1.1625304,-0.16081585,-0.25474262,-0.071898617,0.046244778,0.36927778,0.75939864,0.83042389,0.23909661,0.19334143,0.21882144,0.64599401,0.76181233,1.0182558,-0.70604664,0.27440631,0.44951487,0.11246824,-0.35840547,-0.12992364,-1.4328624,0.33385071,0.062497739,-0.40867177,-0.1771,0.39431405,0.20098338,-0.61282766,0.27270877,-0.31773961,0.19888812,-0.050573848,0.60014123,1.0192046,0.16108829,0.034921359,0.59908801,1.8774271,0.1653374,-0.93974549,0.19347633,-0.69682717,0.27489656,0.77617043,-0.53359032,-0.5096001,0.40130776,0.37053382,-0.52662873,-0.98346782,0.58111179,-0.43620628,0.14324266,-1.4317322,0.28837314,-0.118622,-0.74703342,-0.48601046,0.83340234,0.47832561,-1.857643,-1.1384088,-0.26835337,0.032835063,0.25039232,0.070870876,0.027116133,0.40505657,0.1796034,-0.19785866,0.37022763,0.36567071,0.37893558,0.15464674,-0.12874989,0.14966415,-1.4051571,-0.010029297,0.4067708,0.066439986,0.077253595,0.52340502,1.11935,-0.39177415,-0.74185687,-0.41338432,0.18997684,-1.8108299,0.35790223,0.30348623,0.3698521,-0.66641527,-1.2559868,0.24950762,-0.44537598,0.24547625,0.071010411,-0.061320264,0.27132303,0.098731101,0.29147911,0.45545065,0.016244911,-0.038697906,-0.37947786,-2.0727799,-0.74398649,-0.88260603,-0.017183259,-0.73269379,0.19354132,-0.15740776,-0.30862355,0.13080618,2
0.61067832,0.31386593,0.27331743,0.5593133,0.55392468,0.57399869,0.563959,0.54595953,0.56405914,0.56508052,0.56305653,0.54879493,0.5525015,0.54830724,0.55851281,0.55526441,0.55689734,0.59163547,0.57253003,0.54791284,0.54742008,0.55754316,0.54378045,0.55627447,0.54948235,0.54723972,0.55935901,0.55548489,0.55585992,0.57018185,0.56440932,0.54014552,0.54729128,0.54457867,0.56518936,0.54246467,0.54552984,0.56405199,0.53894937,0.55282784,-1.0351734,0.24160278,0.43195933,0.40833807,1.355197,1.7768757,1.4140677,0.72683436,0.87221313,1.6613957,1.4635818,1.2154752,0.45233518,-0.17730373,-0.19154122,-0.40408689,0.80302382,0.44654512,0.42189756,0.36972997,1.2657614,0.086063892,-0.49735242,0.1726454,-0.60816234,-0.057541355,-0.19112001,0.68685079,0.26647562,1.3425791,-0.29459107,0.29300302,-1.2750305,-0.16854499,-0.086474314,0.97859728,-1.0195751,0.81157213,0.17088513,-1.0283639,0.01257956,-1.0951937,-0.584396,0.48760825,1.0544524,0.61666238,-0.023722127,-1.7605104,0.76496279,0.12300694,-1.2174376,0.49245709,0.047825307,0.028979847,0.83904463,0.19749893,0.17066604,-0.51022077,0.18294038,0.67587376,-0.96800303,-1.2031838,0.028993383,0.60955572,-0.44142181,0.29885536,0.10260906,-0.15014999,-0.13446957,-0.29752725,0.44461831,0.88786715,-0.27247724,-0.45898929,-0.86407113,0.34647176,0.57502902,-1.1547645,0.36085808,-1.1734012,-0.36243218,-1.8853925,-1.1404551,-0.083673939,-0.57562959,0.074915886,-0.46641707,0.21579382,-0.075057693,-0.22431526,-0.81207019,-0.49716502,0.26680419,-1.1966453,-0.21573217,-0.18732427,0.00325802,0.20813945,-0.51916915,-1.7425076,0.60471129,0.52475387,0.90770131,-0.26804107,0.53686571,0.34251845,0.067384318,-0.12138711,-0.32787776,0.28213668,-0.70675433,-0.00957334,0.54396117,-0.27744383,-0.84406263,0.07888221,-0.62272847,-0.63203681,0.32513344,-0.56365299,0.12123188,-0.76802635,0.52739227,0.66521883,-0.068131261,0.038064517,-1.8340236,0.62179184,-0.15243107,-0.19296822,-0.10056978,-0.60827589,0.087031707,-0.22020543,-0.68269193,1.0796756,-0.68330592,0.13920957,0.51306307,-1.7529471,-0.1950089,0.47100666,-0.1203149,-0.54977012,-1.0560645,0.59550834,0.12704103,0.20767865,0.82138264,-0.80199367,-0.38247997,0.10216802,0.21687296,0.23902068,0.34981585,0.088369474,-0.18331444,-1.3534573,-1.7016656,-0.91720355,0.29908475,0.54374337,0.2228668,-0.3995508,-0.49260008,0.13460617,1.5688339,-0.011343516,0.011517083,-0.36048305,-0.32821429,1.1283731,0.21508572,0.33747435,1.3425882,-0.099917889,-2.3824048,-0.13460287,0.67621201,-0.00773894,-0.28586018,-0.89613301,-0.022108421,-1.6148025,0.26279339,-1.4812751,0.38414931,-0.043596584,-0.82758713,0.10874725,0.33016568,0.6118806,-0.20950489,-0.34417093,-2.9045305,0.32058278,-0.42243722,0.036929436,0.041629016,0.34932134,0.61233771,0.089899771,-0.22288916,0.48753315,-1.6684567,-0.92442834,-0.40237415,0.56200248,-0.41264918,-0.024201751,0.19177261,0.43546221,0.041151315,0.54344642,0.4374643,0.7944147,-1.0696665,-0.26670232,0.75256145,0.15756275,0.29133072,-0.15281558,-0.19738145,-1.1897213,-0.48924854,0.18081048,-0.37002915,0.15322453,1.2725496,0.43765742,-0.52871543,0.40138212,-0.51098245,0.24414259,0.73354566,-0.37434316,0.065538824,1.7822671,0.26997763,0.30675626,-1.2506801,-0.2587682,-2.0964706,1.0443451,-1.4234325,-0.31005841,-0.16418976,-1.4498757,-0.33049643,0.30430442,0.023566112,0.67099863,0.74372327,0.3243776,-1.9177924,0.93183398,0.18456753,1.2885956,-0.0166275,-1.1058757,-0.21743406,-1.0271678,0.58558702,-0.047248513,-1.0170974,0.49311265,-2.0827074,-1.5835539,-1.6613102,-0.43304145,0.51476943,0.80978334,0.30497864,-1.0831391,0.88453352,-1.2787676,-0.25118697,0.50683504,-1.136323,-0.028475411,0.10443532,0.5784514,-0.19286661,0.43211222,-0.021882102,0.49194771,0.063777164,0.67869729,0.12421902,-0.098648205,-0.86925101,0.5348326,1.1008128,-0.57636565,0.58062637,0.48025319,0.50263262,-0.65870482,0.79752213,0.29954463,-1.1443501,-0.53637278,0.13047583,0.0593329,0.17987126,0.84924507,-0.38549817,-0.6265533,-0.46892512,0.023097729,0.59841543,-0.26648998,-0.017943956,-0.34409255,0.2587533,1.3821242,-1.2682021,0.2140779,0.35154295,-0.70201188,0.039440162,0.24053055,-1.4940525,-2.3570566,-0.22633216,0.74675763,0.14819509,-0.36895758,0.81402242,0.21252237,0.57179815,0.38155416,-0.12925202,-0.66333091,0.31627417,0.29485101,-0.29050371,-0.6030823,0.13710509,0.33078614,1.2663298,-1.7354392,-0.097620763,1.6339946,1.744857,0.49734607,-1.21453,-0.28197896,-0.35423106,-0.073167972,0.064737171,0.36752963,0.87832677,0.69428247,0.45109737,0.18403527,0.24308547,0.98120165,0.70931304,1.197495,-0.9843508,0.36245406,0.37240654,0.08158356,-0.35635552,-0.16322029,-1.6343615,0.46418071,0.036579676,-0.34726617,-0.24661726,0.59076983,0.42671412,-0.76831734,0.35994259,-0.26358449,0.56120199,-0.25608143,0.77649748,1.2052966,0.25838754,0.13553381,0.7083323,0.63393044,0.003749099,-1.1307297,0.27738059,-0.74232483,0.074023038,0.61204994,-0.67984909,-0.66762322,0.4038493,0.38688672,-0.61814922,-1.3054173,0.65424186,-0.80228847,0.16361067,-1.6696227,0.3450197,-0.23104468,-0.93748617,-0.64322025,1.0949289,0.47971886,-2.1153891,-1.324275,-0.37445396,0.035159908,0.32293081,0.058304906,0.11543609,0.53653193,0.30730712,-0.23155233,0.3314856,0.33823669,0.42449179,0.14592178,-0.074885219,0.33413213,-1.6828978,0.020525724,0.48576134,0.021845631,0.12195852,0.66461515,1.3793284,-0.46470344,-1.0451071,-0.46999371,0.278422,-2.0265703,0.4112277,0.29389119,0.45793885,-0.82569718,-1.2809933,0.41339657,-0.46177399,0.60482585,0.038756095,-0.039765377,0.68711203,0.12360949,0.36263168,0.52193785,0.045354478,-0.19239549,-0.41282162,-2.3513167,-0.73830354,-1.0172343,0.16993722,-1.0466614,0.21122068,-0.07974273,-0.26574552,0.20942464,2
0.49541965,0.21425986,0.18944579,0.45424861,0.46054626,0.4814311,0.45843273,0.43789434,0.46353173,0.46512887,0.44793952,0.44343096,0.45227632,0.42667681,0.45139354,0.43749383,0.44739732,0.47740072,0.47067922,0.43829948,0.42501003,0.45550162,0.4372431,0.44413584,0.44972301,0.44861561,0.47254753,0.44929463,0.45646438,0.4505339,0.4456585,0.42692098,0.43998075,0.45079494,0.45482898,0.42400205,0.43026626,0.43455458,0.42317033,0.44261119,-0.73806673,0.16971335,0.27529776,0.32520783,1.2445216,1.6493337,1.2470717,0.60953224,0.73145115,1.5286636,1.3594395,1.0848366,0.36706173,-0.13689326,0.049639158,-0.28851429,0.72801787,0.41007242,0.33457902,0.31658798,-0.24777898,0.064650618,-0.11073348,0.36174107,-0.50871241,-0.04623951,-0.1967161,0.68755597,0.30747521,1.159035,-0.2073532,0.3090837,-1.069299,-0.21205272,0.12716471,0.9873538,-0.79243064,0.60269266,0.13589615,-0.90180349,0.16088673,-0.59080136,-0.52256215,0.84650898,0.96348518,0.561207,0.00479931,-1.4795287,0.73551208,0.12457139,-0.82157314,0.31627005,0.099830031,-0.001901172,0.72938532,-0.11504861,0.6250602,-0.36320451,0.050171491,0.57654083,-1.0068314,-1.2134379,0.007542945,0.64052868,-0.44271752,0.12596859,0.19741929,-0.1828503,-0.11774084,-0.27879077,0.42789385,0.89363629,-0.24549314,-0.42092124,-0.81754875,0.3057757,0.69737417,-0.99081135,0.30348611,-0.82446146,-0.25313523,-1.6453965,-1.0415406,-0.008559249,-0.25925729,0.37990543,-0.49021769,0.18762681,-0.11251325,-0.22136077,-0.85527432,-0.49133295,0.54555774,-1.1461565,-0.20887005,-0.1602146,-0.070042953,-0.17233106,-0.43267104,-1.6254985,0.69336498,0.42468777,0.88759094,-0.31985274,0.46475971,0.23537433,-0.002714887,-0.077559426,-0.32566464,0.57690072,-0.75962156,-0.18993361,0.43729085,-0.2587406,-0.71358275,0.004096121,-0.60024935,-0.62987608,0.28558028,-0.41027451,0.08241947,-0.36112303,0.6771391,0.53634244,0.036831018,-0.16548425,-1.7822307,0.75609189,-0.13040912,0.039564371,-0.086708844,-0.55575609,0.000583425,-0.22959745,-0.50830173,0.91663575,-0.64463305,0.074780419,0.5720678,-1.4677786,-0.25214356,0.49899167,-0.10908557,-0.48776835,-0.84549445,0.63455468,0.2906923,0.42397493,0.98639381,-0.65798372,-0.38304958,0.092823192,0.32662356,0.14565331,-0.1585843,0.10040919,-0.2028733,-1.2418951,-1.5290788,-0.80039907,0.2265299,0.45594385,0.056949206,-0.48557335,-0.34079379,0.2047752,1.1634026,-0.11097401,-0.001283547,-0.42680779,-0.17884859,1.0537542,0.13607579,0.29710731,2.0834002,-0.12470867,-2.3916652,-0.090404183,0.76861382,0.041115101,-0.23473302,-0.71410996,-0.068651244,-1.3480326,0.32654306,-1.4148892,0.096585661,0.082819879,-0.7895714,0.10875502,0.30410814,0.6007992,-0.15594913,-0.22815001,-2.4902427,0.28552049,-0.53287399,-0.11801805,-0.016101062,0.3117395,0.39791733,-0.049406633,-0.21097554,0.53341067,-1.5423884,-0.7313385,-0.022101209,0.51963335,-0.48235387,0.15141886,0.17224847,0.38810861,0.047775693,0.41130129,0.38731062,0.73352516,-1.0700896,-0.20842077,0.52202559,-0.077248946,0.29620585,-0.087510556,0.031371936,-0.98123515,-0.47136289,0.15151766,-0.31974,0.50701499,1.2237568,0.35272527,-0.37518048,0.19786805,-0.42849874,0.48787415,0.65689003,-0.35566196,0.071164474,1.490461,0.3699089,0.20311439,-0.99419594,-0.16234013,-1.9328947,0.78685445,-1.0942028,-0.20327951,-0.25171542,-1.2239747,-0.45267692,0.27086413,0.27793255,0.26882625,0.56735718,0.39399582,-1.6569905,0.87216628,0.072758108,1.0138338,0.008616375,-0.80829227,-0.10550223,-0.95534384,0.47524327,-0.039902732,-0.9835332,0.33323374,-1.8364295,-1.5250186,-1.3808423,-0.41095352,0.58653527,0.82298613,0.29027027,-0.8838948,0.66847473,-1.2278607,-0.38786077,0.29419255,-0.99821699,-0.057190269,-0.070691295,0.3499909,-0.079985388,0.44608119,0.016867772,0.28752017,0.060237907,0.2946108,0.073274828,-0.11157729,-0.98324329,0.49312437,0.99146682,-0.51650202,0.61290073,0.49200419,0.31912267,-0.79144406,0.74836099,0.54563493,-1.0122359,-0.42220411,0.10982874,0.041032456,0.12331614,0.79201627,-0.34937164,-0.65401959,-0.3534919,0.047814317,0.57293791,-0.32265198,0.025321275,-0.3033379,0.17904851,1.2839438,-0.88131422,0.22780113,0.31251854,-0.74182367,0.014541823,-0.2010787,-1.3316509,-1.8432868,-0.47615921,0.55235255,0.23399295,-0.3522203,0.59469682,0.36977625,0.61544108,0.27372971,-0.085880309,-0.374156,0.29696634,0.11687867,-0.25485611,-0.77781987,0.12783006,0.2505444,1.2459204,-1.7114241,0.055711731,1.6307452,1.6204447,0.50029951,-0.9459275,-0.13853672,-0.26128295,-0.051229618,0.17106493,0.34121278,0.78858387,0.88124061,0.46391982,0.13860014,0.20495799,1.0335099,0.66573936,1.2494917,-0.80764437,0.18604025,0.39230454,0.016744822,-0.34734851,-0.12565351,-1.3035173,0.33911473,0.034222391,-0.4726727,-0.13900122,0.42058688,0.29752988,-0.60507226,0.1545106,-0.24684337,0.057347357,-0.15135355,0.61077082,1.0686476,0.29328841,0.050499227,0.6680131,0.5877831,-0.018870363,-0.9841795,0.14859597,-0.69123286,0.30521956,0.64923114,-0.58611155,-0.27303034,0.3151204,0.33812845,-0.49505192,-1.0640649,0.66962415,-0.62846905,0.33072609,-1.2243924,0.30894908,-0.26381856,-0.72162426,-0.65009677,1.0523378,0.52670705,-1.838449,-1.4182832,-0.25960502,0.020785946,0.27666065,0.10449997,0.006080873,0.31849563,0.25075787,-0.19089708,0.34398827,0.30753815,0.34755182,-0.008722082,-0.30153888,0.28448176,-1.4828392,-0.055124715,0.56873274,0.11594655,0.15661955,0.69816512,1.5877706,-0.41118222,-0.81923455,-0.33168763,0.36256272,-1.5547142,0.37571847,0.21813422,0.32513732,-0.80495727,-1.2988162,0.21035805,-0.29808804,0.81851256,0.091134824,-0.1548073,0.28519931,0.10519546,0.29433882,0.41879249,0.063212313,-0.058281474,-0.43288895,-2.023761,-0.76111042,-0.86531031,0.018326242,-0.76843512,0.13188274,-0.18687862,-0.26708722,0.1144518,2
0.52121139,0.25079858,0.20722878,0.49450362,0.47934696,0.51773196,0.49163452,0.48185062,0.47925571,0.49585831,0.48204535,0.48569387,0.48016441,0.46908003,0.49650747,0.47941622,0.48636991,0.50381511,0.4955188,0.47462675,0.48003238,0.48370796,0.4842838,0.47461259,0.49177629,0.47668618,0.47416019,0.47502029,0.48377222,0.48376197,0.47377694,0.48459402,0.46984491,0.46653709,0.47536036,0.45857787,0.463184,0.47870317,0.45549297,0.47148785,-0.81358165,0.18960556,0.32459468,0.36551815,1.3021847,1.7098479,1.3204776,0.6653868,0.77379733,1.6030014,1.4299035,1.1559167,0.45942467,-0.19724894,-0.27806884,-0.37467846,0.6969229,0.3930186,0.34616941,0.32699192,-0.74275571,0.029662857,-0.42705405,0.18141291,-0.74816298,-0.12828667,-0.19855663,0.59786099,0.29769963,1.2749743,-0.17906572,0.2558558,-1.1941904,-0.25450534,0.058279634,1.0040154,-1.0942212,0.68765277,0.13839661,-0.98556089,-0.007742547,-0.92137671,-0.7302779,0.52010411,0.95326936,0.58849823,-0.025071183,-1.6820792,0.61216307,0.1137425,-1.0037916,0.23909335,0.053069968,0.10365263,0.76909775,0.28732389,0.36219019,-0.2830357,0.15747674,0.55099422,-0.95767987,-1.1250539,0.016276203,0.58722502,-0.43614745,0.46158925,0.28597274,-0.12848918,-0.16431874,-0.37360829,0.49926627,1.0537022,-0.22396228,-0.33779398,-0.7220152,0.32450122,0.59253013,-0.97556645,0.3231549,-0.90798497,-0.32121187,-1.6860718,-0.87936836,0.013609327,-0.4301734,0.32501933,-0.44877702,0.072992593,-0.12566814,0.074547783,-0.65967506,-0.5694077,0.097841918,-1.0940464,-0.15489465,-0.061948746,0.046913669,0.22617954,-0.45652288,-1.3953744,0.48447472,0.47846878,0.77244657,-0.21144746,0.56172657,0.34981591,0.043301791,-0.15940997,-0.44710058,0.31158394,-0.50695527,-0.40991962,0.42837763,-0.14081945,-0.72460431,0.009568378,-0.51495785,-0.69959134,0.19332479,-0.27237275,0.037737034,-0.67594326,0.5692445,0.66349292,0.1387502,-0.037062615,-1.7149543,0.48159936,-0.12786138,-0.16515836,-0.067849651,-0.56838655,-0.020930164,-0.10463621,-0.63993365,0.88889003,-0.71678239,0.2063925,0.45278013,-1.213135,-0.1771564,0.47216946,-0.14720088,-0.39060679,-0.78733873,0.68119478,0.15918726,0.47450596,0.85061377,-0.74085909,-0.3429566,0.15902454,0.1580542,0.29751551,0.10813165,0.20357552,-0.18421701,-1.1581718,-1.5880989,-0.91566509,0.28698456,0.36373806,0.11770409,-0.36948115,-0.38652116,0.24528547,1.2977933,-0.052246049,0.037611965,-0.25357187,-0.064705387,1.1068246,0.125227,0.28233272,1.6236748,-0.086808726,-2.3579895,-0.17775503,0.44104218,0.050240725,-0.26037121,-0.58886838,0.009038411,-1.3293687,0.18322442,-1.2254831,0.076322436,0.099431425,-0.82129395,0.067672133,0.22175178,0.53182513,-0.22288823,-0.58328158,-2.3959587,0.26926342,-0.56462312,-0.046646729,-0.0236644,0.086345002,0.40956843,0.13331661,-0.28518286,0.4966675,-1.4401091,-0.7417168,-0.38438094,0.21772873,-0.46787295,0.11789314,0.26147664,0.45489615,0.11363871,0.513969,0.38996801,0.75915486,-1.1928606,-0.24282208,0.43482348,0.11843935,0.30265149,-0.013628551,-0.065150551,-1.2067863,-0.47608799,0.18476212,-0.57762367,0.22289187,1.0966547,0.39250994,-0.4839536,0.27497774,-0.50356787,0.53172302,0.57154703,-0.42529154,0.11193293,1.5725778,0.14693454,0.30223179,-0.8205151,-0.32018685,-1.8988894,0.83575618,-1.0841883,-0.12145141,-0.2237587,-1.5321984,-0.34926543,0.19493212,0.066510156,0.57950103,0.57793802,0.24615604,-1.695892,0.91584969,0.21092422,1.0000001,-0.064706452,-0.91806698,-0.21631537,-0.88180029,0.60755849,0.17393184,-0.92532176,0.27828375,-1.6549498,-1.5008163,-1.3252455,-0.58680165,0.41908944,0.41232157,0.24027945,-0.79551864,0.64001238,-1.1908314,-0.36896211,0.32011396,-0.96315455,-0.08144848,-0.068470478,0.43974739,0.2283078,0.4780224,0.049508378,0.44924754,0.077367961,0.39436036,0.080478132,-0.10507701,-0.79172796,0.39830399,1.1166637,-0.47135097,0.52901059,0.52806175,0.53726453,-0.69256127,0.53166825,0.33038738,-0.96450728,-0.43758756,0.082830712,-0.04386735,0.24026687,0.67221612,-0.39374429,-0.59953141,-0.44010827,-0.005814408,0.50859284,-0.34408915,0.044341434,-0.24898987,0.21171463,1.1455191,-0.96443295,0.16051193,0.38709298,-0.65843034,0.00711278,-0.25957555,-1.1921073,-1.8968222,-0.29861552,0.60456324,0.17337294,-0.32898825,0.68073809,0.32218531,0.55934185,0.3262974,-0.23515949,-0.37034261,0.31184959,0.097309738,-0.19348399,-0.59027213,0.053049531,0.30493841,1.2215405,-1.7275295,-0.021015577,1.5386618,1.6322658,0.39703903,-1.337597,-0.1502528,-0.19839053,-0.080716215,-0.0148925,0.32857338,0.83880383,0.81962514,0.52837241,0.1375701,0.23819077,0.70994014,0.75695539,1.0078528,-0.73703372,0.34845421,0.31994468,0.20432726,-0.37558696,-0.14523405,-1.5799367,0.3705557,0.076733425,-0.51034862,-0.27635485,0.33864537,0.14878976,-0.74525005,0.19729064,-0.2655811,-0.068643913,-0.059636176,0.51957709,0.85327321,0.18374182,0.085521393,0.59984308,0.2069369,0.064826779,-1.0188214,0.1390641,-0.83300745,0.098020777,0.50420886,-0.69007236,-0.43079239,0.42195311,0.42796099,-0.50324297,-1.13182,0.57061911,-0.61891663,0.38673651,-1.5244251,0.37040514,-0.12165847,-0.6947031,-0.6642555,0.89537185,0.66930139,-1.7556937,-1.1584299,-0.294267,0.007312287,0.23538539,0.079142503,0.068814367,0.37716442,0.27095047,-0.24001208,0.40005422,0.37406212,0.37490338,0.19194943,-0.1972625,0.16944447,-1.4400409,-0.086269595,0.38103318,-0.024271563,0.16130897,0.8037762,1.1197717,-0.33891135,-0.93018895,-0.40503722,-0.019301549,-1.927218,0.48521382,0.43753144,0.4003275,-0.84707737,-1.2734872,0.12990241,-0.49816632,0.46136338,0.051727921,-0.03562662,0.33173138,0.080353789,0.3229304,0.39816484,0.08873038,0.015780494,-0.31100231,-2.1067679,-0.70853317,-0.83076334,0.10306347,-0.69845819,0.21192768,-0.043288618,-0.22628738,0.15188891,2
0.51576674,0.24704579,0.20053512,0.48681465,0.47143838,0.49981284,0.47991866,0.45821524,0.46833718,0.47035933,0.47297272,0.46842664,0.46073705,0.44902766,0.48200315,0.46792042,0.47358468,0.49032956,0.47389543,0.45488232,0.4585073,0.47908643,0.46960288,0.46357292,0.47606844,0.46668515,0.47340328,0.45844471,0.47021997,0.4669925,0.47119004,0.46583685,0.4479531,0.45262128,0.46715599,0.44159579,0.44569445,0.45826203,0.44800633,0.45129448,-0.90757149,0.18142906,0.55891538,0.57089543,1.5139327,1.8305905,1.5661626,0.90126622,1.0261106,1.846133,1.6311822,1.4019332,0.46665823,-0.16523492,-0.17358726,-0.40171975,0.69774824,0.41960576,0.38592333,0.3487708,-0.85635829,-0.035505492,-0.52531773,0.28067675,-0.56236506,-0.15672958,-0.12422763,0.67882395,0.16337463,1.5390964,-0.2972205,0.29787892,-1.2878759,-0.27469945,0.041688457,0.8670463,-1.0308429,0.80666971,0.1406337,-1.0016659,-0.093392096,-1.3461313,-0.59964794,0.6396873,0.91881114,0.63896316,-0.058053318,-1.8134378,0.81858706,0.10351991,-1.1872631,0.29328793,0.04639085,0.13639824,0.75640696,0.36244607,0.38754219,-0.46391165,0.32406437,0.61412233,-0.68787462,-1.194188,-0.018993147,0.58675307,-0.30295828,0.40243036,0.12139691,-0.21383314,-0.24961883,-0.2977463,0.50950319,1.0079226,-0.19568416,-0.31661212,-0.838498,0.2836448,0.6419667,-1.1307783,0.45275411,-1.0089526,-0.38893557,-1.9302177,-1.0921228,-0.079675198,-0.70541632,0.18805769,-0.47422355,0.034160882,-0.10683866,-0.2545788,-0.97537351,-0.5479511,0.13635139,-1.1379069,-0.22869897,-0.099545769,0.13507894,0.18508211,-0.54290551,-1.8260698,0.55534399,0.5059182,0.93127662,-0.18096906,0.5555805,0.39227217,0.028504096,-0.10986347,-0.34342843,0.45864481,-0.64851844,-0.18523292,0.52712804,-0.33254987,-0.83076614,0.034282453,-0.63089067,-0.7423867,0.27964714,-0.49044096,0.1072319,-0.65888572,0.51260746,0.85616946,0.10447152,0.004282452,-1.8968029,0.73903769,-0.15113422,-0.24248821,-0.07655178,-0.55059171,-0.005728535,-0.16368724,-0.63022804,1.1594427,-0.91263103,0.25021192,0.63517189,-1.8484228,-0.22871673,0.31845143,-0.17076921,-0.66687202,-1.0796894,0.50792933,0.092053652,0.028063685,0.81609404,-0.84143311,-0.52205867,0.08952713,0.099151626,0.20861164,0.34956637,0.12959155,-0.12106223,-1.367272,-1.7056797,-0.81433809,0.30896318,0.64828676,0.16439691,-0.4792313,-0.45914817,0.086002618,1.4604514,-0.092150837,0.027217599,-0.31794852,-0.27352321,1.3138937,0.11727908,0.35355562,1.656837,-0.12293757,-2.768204,-0.13522223,0.70051837,-0.019390019,-0.26201057,-0.92420113,0.072102629,-1.5207593,0.23212615,-1.602917,0.3715069,0.069538236,-0.86198413,0.12972097,0.34285146,0.65520275,-0.21321061,-0.20072871,-2.7897496,0.33451736,-0.38438711,-0.027645007,-0.061178878,0.34502563,0.51425922,0.099062853,-0.23861414,0.60299474,-1.709244,-0.9462803,-0.31538066,0.72588396,-0.43886432,0.15902098,0.21623412,0.39561495,-0.039623313,0.51911843,0.45545042,0.97323805,-1.0658944,-0.29326493,0.72147834,-0.009814628,0.28971791,-0.15528437,-0.191594,-1.2570897,-0.52420044,0.1907014,-0.4673847,0.24376455,1.2419219,0.34683615,-0.50556397,0.2217285,-0.41222563,0.63175023,0.71142137,-0.39782611,-0.036838047,1.7660997,0.22190061,0.38459203,-0.96723944,-0.26575112,-2.0975144,1.1106975,-1.5403214,-0.26238227,-0.074800804,-1.5961814,-0.19364116,0.21878484,0.38576961,0.3797558,0.54852366,0.50211149,-1.8772974,1.0489086,0.25860658,1.2786778,0.013870647,-1.0541532,-0.24441731,-0.97305757,0.75569659,-0.043699145,-0.99553508,0.4623462,-2.0631051,-1.6955631,-1.6100025,-0.40983605,0.37022445,0.59307092,0.31448883,-1.1390516,0.89243662,-1.3662561,-0.33237591,0.50422847,-1.169546,-0.007632554,-0.039512064,0.50748408,0.00985482,0.4902243,-0.011478499,0.53912842,0.085450858,0.58041656,-0.094563589,-0.11281787,-0.87261587,0.46436921,1.1735294,-0.71939862,0.70657802,0.54422003,0.54957873,-0.82215631,0.7956214,0.50746477,-1.2063702,-0.4573617,0.11083154,0.020325735,0.26037556,0.86270976,-0.42690986,-0.51686639,-0.4322919,0.043701135,0.61971641,-0.47835481,-0.089448012,-0.42217547,0.17096201,1.4463077,-1.1226695,0.2679112,0.49036837,-0.71506131,-0.075994253,-0.10243583,-1.5109029,-2.2923563,-0.30948433,0.76704979,0.10855088,-0.32451627,0.68076265,0.16264823,0.62667155,0.39941984,-0.17660445,-0.64175832,0.27988717,0.12341637,-0.28845325,-0.63576102,0.09354715,0.32484543,1.4045788,-1.7770019,0.061835762,1.7033142,1.9335296,0.63048661,-1.243999,-0.34179324,-0.49617225,-0.16797328,0.079975724,0.3824425,0.96443683,0.7554701,0.60126984,0.20436478,0.27767479,0.90715039,0.72814846,1.3523173,-0.97531796,0.31915712,0.36131719,0.042534098,-0.35075063,-0.18400332,-1.5857131,0.42071277,0.069594905,-0.46872914,-0.16691016,0.36436978,0.19726935,-0.80370051,0.20841475,-0.28162032,0.18387473,-0.18443041,0.75713134,1.2246158,0.33309975,0.089955591,0.67932355,0.33991277,0.026703265,-1.133533,0.27575767,-0.72620928,0.16564977,0.88893437,-0.68367398,-0.60527325,0.42574582,0.45664576,-0.70920354,-1.2610776,0.58775085,-0.80583405,0.036229491,-1.5828847,0.2619949,-0.24603911,-0.7336508,-0.69762164,1.1227465,0.51267385,-2.1093287,-1.431464,-0.39244667,0.01457419,0.39743125,-0.000883684,0.1291692,0.48611832,0.32253879,-0.24783479,0.27622181,0.40327278,0.4164609,0.24923858,-0.29781502,0.27656513,-1.6199207,-0.0454254,0.62482154,0.096357204,0.11598271,0.63833636,1.2912884,-0.44950408,-0.95395255,-0.48498333,0.31407371,-1.9991603,0.46070758,0.26225403,0.39298311,-0.92882717,-1.4520366,0.39551491,-0.40147799,0.20292279,0.13016982,-0.10911182,0.40809798,0.063473418,0.41701084,0.43698603,0.046735756,-0.16957474,-0.42729315,-2.2892458,-0.77316856,-1.0865031,0.19610772,-0.94445127,0.20492962,-0.11340339,-0.36182237,0.17729527,2
0.57793468,0.31860727,0.26892951,0.5270493,0.50924993,0.54424679,0.51761878,0.5104388,0.51231521,0.52179462,0.51695615,0.50823373,0.50842065,0.49947506,0.52585554,0.50459641,0.51027036,0.54240853,0.52256161,0.4989875,0.50455296,0.5111531,0.50860226,0.50341332,0.51672941,0.50942379,0.53358722,0.51661474,0.51112247,0.51763237,0.50877488,0.5024215,0.49561763,0.50830811,0.50977182,0.48987052,0.49722832,0.50862449,0.4917171,0.51394784,-1.009082,0.25221974,0.60534894,0.60945058,1.4817886,1.8484868,1.5555389,0.9368642,1.0698228,1.8666937,1.6235346,1.4320488,0.57342499,-0.20830563,-0.20013076,-0.42816404,0.78716463,0.46657312,0.48888689,0.38085559,-0.81462389,-0.005262395,-0.46670896,0.39834267,-0.74630588,-0.13735452,-0.14771885,0.62194574,0.20813987,1.6018982,-0.23674813,0.32993746,-1.223407,-0.18879724,0.050807517,1.027624,-1.0455859,0.77996278,0.23931731,-0.99275798,-0.21361828,-1.2877095,-0.48852548,0.399515,1.0445064,0.73964423,-0.095164545,-1.841291,0.72108352,0.17932266,-1.1120318,0.35866022,0.038441218,0.042357892,0.65400887,-0.030843221,0.13327166,-0.6857959,0.20934086,0.65588015,-0.579687,-1.1274769,0.098276086,0.54545873,-0.40982944,0.14754361,0.018259203,-0.19385235,-0.032844253,-0.3354803,0.4623422,0.99676436,-0.18496892,-0.30173415,-0.89502877,0.13085406,0.52673477,-1.1223223,0.50945389,-1.4060662,-0.46288097,-1.9515116,-1.2915983,0.039545421,-0.59980965,0.26213774,-0.46009067,0.064510122,-0.12398016,-0.34647119,-0.7240802,-0.42657959,-0.50118619,-1.094979,-0.089049079,-0.30901739,0.26121372,0.1857782,-0.64568442,-1.8123493,0.17971106,0.53461462,0.83938032,-0.11207011,0.51153696,0.37665275,0.022785403,-0.6051966,-0.25505176,0.41875601,-0.47847742,-0.14714202,0.54652631,-0.34049359,-0.90215027,-0.038101606,-0.6459828,-0.74231923,0.31996921,-0.34525648,0.1247094,-0.57130837,0.61136204,0.77198184,-0.059474669,-0.077763431,-1.9313306,0.70526433,-0.19134767,-0.17813598,-0.095878281,-0.59041899,-0.035637226,-0.16827528,-0.61051852,1.0757309,-0.92071474,0.2234326,0.61972713,-2.0150163,-0.096090004,0.3214635,-0.07960739,-0.62869656,-1.1257406,0.54014492,0.28063798,0.26926917,0.9893502,-0.69232827,-0.41173649,0.11374535,0.38870698,0.23770651,0.50909197,0.13854554,-0.17900354,-1.3163608,-1.5871661,-0.81382948,0.27910858,0.71137965,0.072607152,-0.51107681,-0.40322864,0.049569994,1.535399,-0.11517626,0.078597724,-0.45942143,-0.33945948,1.2401961,0.22439575,0.3544153,1.3853997,-0.10397767,-2.5602317,-0.12782764,0.46557623,-0.050961249,-0.20911548,-1.1140616,0.25034738,-1.6710227,0.26267797,-1.5404739,0.63951248,-0.12427546,-0.82656986,0.12990755,0.33953825,0.57992214,-0.23837943,-0.58823681,-2.9419248,0.42583027,-0.58779919,-0.072040901,-0.12129641,0.36680204,0.65454936,0.15714082,-0.25553524,0.74583757,-1.8483047,-0.9046123,-0.32798654,0.41170859,-0.5003925,0.20988318,0.26964873,0.509431,0.01805697,0.44376644,0.5482229,1.0417222,-0.96544492,-0.29817453,0.6746791,-0.026699029,0.34747565,-0.24557717,-0.28692639,-1.1764777,-0.49505195,0.13260965,-0.43199331,0.39006203,1.2242635,0.41435099,-0.48402935,0.31618941,-0.47291785,0.50797004,0.63016742,-0.3971276,0.051605672,1.6293465,0.18049985,0.19360808,-1.2895899,-0.31278288,-2.170996,1.1787339,-1.588389,-0.3144218,-0.1915293,-1.87432,0.018351639,0.1726158,0.16464773,0.544963,0.63190854,0.52443624,-2.0289361,0.97471988,0.10960931,1.2640622,-0.005456364,-0.9470889,-0.31149352,-0.89739513,0.87276173,0.23002501,-0.90492064,0.47974783,-2.0852931,-1.9334155,-1.6865695,-0.3098644,0.39787069,0.22184901,0.33983874,-1.1764085,0.88994336,-1.446659,-0.31324518,0.51914763,-1.2048903,0.064249933,0.012167785,0.49818322,-0.19111504,0.37208605,0.025945589,0.39134222,0.12382594,0.837798,0.070465058,-0.15959378,-0.88219213,0.56576258,1.1148102,-0.66289538,0.70771962,0.54755861,0.66063726,-0.72802794,0.84844655,0.6504935,-1.2592127,-0.511567,0.098120615,0.22625603,0.33559799,0.86464113,-0.47762495,-0.60146058,-0.43383047,0.043184031,0.69222665,-0.24655284,-0.11369425,-0.42118725,0.12501828,1.3521544,-1.2951726,0.29701185,0.38379201,-0.69951546,-0.1952059,-0.36639422,-1.6688251,-2.2271514,-0.26151955,0.72599673,0.091273919,-0.34447107,0.78479332,0.065452039,0.60142696,0.3303659,-0.26884085,-0.84369397,0.3217814,0.062764786,-0.12293287,-0.89024508,0.11096413,0.29618561,1.4460366,-1.6712737,-0.042058617,1.7093968,1.8811464,0.49839395,-1.2809718,-0.3482399,-0.63120031,-0.16662905,0.081554584,0.4809863,0.88331681,1.084298,0.40149122,0.23410216,0.18401422,0.80382317,0.83261776,1.1336693,-0.92631119,0.41195944,0.36499679,0.15517496,-0.38215435,-0.20409349,-1.6990378,0.45188725,0.11528459,-0.29385787,-0.20344268,0.40540802,0.22600603,-0.85631973,0.29735872,-0.16993049,-0.15769094,-0.38765293,0.74274284,1.3203211,0.2261122,0.14549765,0.66044074,-0.1039433,-0.096283272,-1.1725521,0.33291167,-0.57140815,0.10111558,0.82498932,-0.71125025,-0.49585074,0.36416268,0.47232103,-0.77006245,-1.3185476,0.68127584,-0.69215769,-0.16578096,-1.4580717,0.32132432,-0.15244976,-0.78884465,-0.66182375,0.99846709,0.5375526,-2.1837614,-1.3633468,-0.4000935,0.049185243,0.41001114,-0.006443918,0.038315922,0.5843547,0.31046337,-0.21958719,0.21049546,0.46686727,0.49658889,0.12373938,-0.19988731,0.19786787,-1.6579825,0.061448984,0.53700501,0.10757256,0.10578391,0.65783685,0.98114932,-0.42516389,-1.0843887,-0.52342093,-0.089541219,-2.0045002,0.2165601,0.30948871,0.50777203,-0.82802719,-1.4123683,0.34108281,-0.60484326,-0.016162217,-0.007181361,-0.039957698,0.4262765,0.18685868,0.44113606,0.52497751,-0.02998101,-0.23587143,-0.50835526,-2.4355936,-0.82004827,-1.081216,0.16133261,-1.0140889,0.27871913,-0.057316236,-0.44055563,0.24424011,2
0.5973838,0.32888177,0.29376143,0.53867453,0.52337235,0.55293393,0.54102695,0.51659358,0.52753264,0.53787786,0.51645547,0.52691561,0.51955354,0.51168811,0.54601127,0.51963502,0.53204548,0.5453316,0.53294492,0.50561965,0.51897818,0.53433722,0.52263063,0.52354115,0.53603065,0.51762235,0.5551672,0.52785879,0.52421182,0.53497136,0.52317894,0.52718377,0.5180223,0.5083617,0.52511472,0.50984365,0.50705433,0.51956666,0.51025254,0.52468199,-0.99388742,0.28935283,0.66691607,0.64292061,1.5306928,1.9517667,1.6653492,0.99255943,1.1300083,1.9161675,1.6910653,1.4775062,0.6376909,-0.14898613,-0.10201473,-0.24530867,0.8908276,0.56539416,0.47610265,0.46539095,-0.73088884,0.08585038,-0.36909509,0.57255387,-0.34853551,-0.040390402,-0.12907447,0.78580475,0.29502174,1.4562707,-0.3560482,0.40632156,-1.2998062,-0.190611,0.035281662,1.0580351,-0.89792317,0.95745718,0.20212373,-0.99445832,-0.073661268,-1.1327454,-0.47206822,0.47495878,1.1438584,0.66821313,-0.037774853,-1.753558,0.88969284,0.19288547,-1.1125748,0.66363841,0.090191036,-0.1500822,0.81009525,-0.08583793,0.31511125,-1.0168536,0.21864069,0.78062457,-0.73646516,-1.3069503,0.064643197,0.59369731,-0.3968018,0.34515876,-0.023779571,-0.19686097,-0.12151404,-0.24261892,0.3480534,0.99724656,-0.20271099,-0.80033612,-0.95048869,0.35521787,0.68483728,-1.2229108,0.52182329,-1.0920473,-0.34552991,-1.8837013,-1.4488132,-0.034998294,-0.56024539,0.25563562,-0.40736938,0.096035764,0.023876578,-0.73479611,-0.88277161,-0.4012062,0.12214023,-1.1887378,-0.20495832,-0.53977633,0.17806317,0.27460912,-0.5803982,-1.9633424,0.68500125,0.59474409,0.95807397,-0.20282498,0.51108909,0.43944359,0.069097996,-0.20040974,-0.23997775,0.18177374,-0.51726025,0.26443017,0.66351533,-0.392681,-0.96315813,-0.061245728,-0.66915703,-1.0553339,0.38612008,-0.90738261,0.17989877,-0.54944092,0.56298989,0.91793543,-0.36732697,-0.078952074,-2.0331643,0.75918502,-0.17237636,-0.1188914,-0.10200349,-0.58236879,0.10305031,-0.30857337,-0.56248868,1.0780654,-0.87162727,0.27289385,0.5806464,-1.9910135,-0.11741561,0.3792074,-0.17022672,-0.91974872,-1.3710327,0.4399156,0.19455652,0.2672689,0.79153991,-0.80146754,-0.49257076,0.12438886,0.04963712,0.18909687,0.5416913,0.028661549,0.027334616,-1.3357066,-1.5854406,-0.78899014,0.33767319,0.5898484,0.052500024,-0.47270936,-0.5249604,0.15086979,1.5667117,-0.11188658,0.07986854,-0.74661505,-0.42331174,1.1356815,0.21501201,0.45158821,1.1648144,-0.002902903,-2.3569007,-0.087250829,0.57927155,-0.10401879,-0.31201974,-1.4577931,0.055709995,-2.0279889,0.37997097,-1.911386,0.58297998,-0.10019471,-0.77684784,0.052846029,0.28466237,0.77505457,-0.22824816,-0.45363083,-3.1473789,0.45053294,-0.4957245,0.051539272,0.032473192,0.27300522,0.65199697,0.10304284,-0.20730329,0.60477537,-2.4072075,-1.0766408,-0.65818155,0.77799058,-0.41620755,-0.081224635,0.19822507,0.45803231,-0.045256954,0.4193449,0.47480989,0.95341361,-1.1502868,-0.22862291,0.9938553,0.008509323,0.26607364,-0.22925618,-0.24416833,-1.1479479,-0.55946559,0.16921911,-0.32804185,0.33607724,1.359549,0.38080233,-0.47051746,0.56784129,-0.49600974,0.46490562,0.75367188,-0.47057241,0.15075769,1.7219461,0.38060379,0.30754811,-1.3866284,-0.26628417,-2.1907215,1.222271,-1.9137083,-0.51978588,-0.34883609,-1.6749634,-0.26493853,0.28758419,-0.001929984,0.49113864,0.42932045,0.26652715,-1.9074278,1.1101775,0.20931406,1.4469421,0.13173404,-1.0335957,-0.27304384,-0.92719185,0.69992828,0.10091115,-0.93298197,0.53594494,-2.6573677,-1.9400707,-1.7330046,-0.32889202,0.45622,0.51011419,0.41566843,-1.5185676,1.0115305,-1.4939231,-0.35397881,0.57293713,-1.1964483,0.079934038,0.038125783,0.56013125,-0.32679683,0.42099202,-0.038524449,0.3414678,0.14558342,0.97105473,0.001846843,-0.17249593,-1.0347722,0.70642257,1.1092891,-0.73549306,0.7392413,0.63216984,0.59352314,-0.64662188,0.9144572,0.47090653,-1.6760545,-0.5470736,0.21903509,0.23061746,0.25389946,0.93777007,-0.46110183,-0.56131625,-0.37049323,0.066107847,0.65597814,-0.20188616,-0.12348241,-0.38908181,0.30307734,1.5336956,-1.5860654,0.2846891,0.65819156,-0.74939597,-0.03798813,0.15230611,-1.7733555,-2.3558607,-0.13703749,0.86055279,0.16526559,-0.33240688,0.99679804,0.23826987,0.63382083,0.47595358,-0.15017645,-1.1881759,0.37170497,0.26621878,-0.28372815,-0.59355646,0.21908721,0.25667965,1.3457288,-1.676383,-0.005413844,1.6559919,1.7596972,0.69375402,-1.2454593,-0.33860749,-0.78625423,-0.027244972,0.20272256,0.48159978,0.97687173,0.67243594,0.37408701,0.22593427,0.25662592,1.2087342,0.6569078,1.2747869,-1.1054106,0.15409343,0.4447161,-0.16267008,-0.35007513,0.070415333,-1.6329315,0.52781349,0.18637669,-0.44919965,-0.23306766,0.68278146,0.55479658,-0.8310343,0.36801258,-0.17099571,0.1313892,-0.61746514,0.97124469,1.152513,0.24721965,0.2168266,0.71324807,-0.16608265,0.046385881,-1.1912391,0.27316788,-0.61741596,0.02725935,0.64902472,-0.61102188,-0.596048,0.37364072,0.40974739,-1.045241,-1.2681186,0.76090461,-0.80206239,-0.35476923,-1.6231328,0.3014895,-0.12370447,-0.86509842,-0.63046241,1.1681194,0.52827698,-2.3493803,-1.4629908,-0.38316995,0.00284924,0.45759773,0.10428953,0.11049422,0.62791383,0.4175415,-0.18855736,0.12880158,0.38654542,0.4845463,0.49623215,-0.09047763,0.1664463,-1.6642756,0.40536141,0.69093049,0.14040385,0.17889367,0.5858084,1.1608087,-0.48578545,-1.0393384,-0.60263789,0.43437189,-1.9528322,0.22619551,-0.12276375,0.46057615,-0.89148968,-1.7508981,0.36788416,-0.40261585,0.22501503,0.058723941,-0.081694305,0.79552257,0.24345395,0.47885734,0.81753945,-0.016042503,-0.41240698,-0.68170696,-2.3686233,-0.91095245,-1.6982467,0.29016852,-1.3164115,0.23908772,0.018405259,-0.37185133,0.23375893,2
0.45281756,0.20511959,0.16351989,0.43580136,0.41881189,0.45411041,0.42659163,0.40843415,0.42597473,0.42683512,0.4269132,0.42320639,0.41119707,0.40231442,0.44907171,0.41018081,0.42213127,0.44311309,0.42881876,0.40573236,0.40354395,0.40890032,0.40852848,0.40613061,0.40720057,0.3986904,0.41878238,0.40294266,0.40825874,0.4055286,0.40666461,0.40153009,0.40267187,0.40406972,0.40114897,0.3816247,0.39097929,0.39443347,0.38841099,0.4007324,-0.84841764,0.148128,0.35272473,0.41701671,1.3507981,1.7278452,1.3535852,0.70973754,0.82704115,1.6409967,1.4582516,1.1881421,0.2789354,-0.15546867,-0.10360331,-0.29587883,0.57697475,0.31127924,0.31640807,0.23699611,-0.70513093,-0.026507776,-0.34991163,0.14397627,-0.56848532,0.000600927,-0.12646124,0.62213624,0.12724662,1.4143313,-0.17908613,0.20726654,-1.0944829,-0.21534224,-0.10740995,0.70997036,-0.86361539,0.63907552,0.16535148,-0.95669055,-0.074181288,-1.2077675,-0.51773643,0.47234058,0.78548986,0.63778913,-0.007583865,-1.6566112,1.0166231,0.14280963,-1.002056,0.23146707,0.02996121,0.1443084,0.88287389,-0.12816706,0.17310262,-0.36575142,0.16765827,0.58756328,-0.65546709,-1.0361918,-0.002659641,0.44914544,-0.31262627,0.29122001,-0.10885087,-0.24553151,0.003020346,-0.3204087,0.48667839,0.81250268,-0.21513675,-0.49937171,-0.81105876,0.073657453,0.69392824,-1.0546526,0.29279131,-0.74127311,-0.32784763,-1.7084441,-1.012357,0.007502142,-0.56368208,0.14012864,-0.44886631,0.10761414,-0.045899585,-0.1856126,-0.74993646,-0.52267802,0.66405261,-1.0381594,-0.12798564,-0.16264683,0.12892866,0.059503615,-0.56753308,-1.5721644,1.0237129,0.41589746,0.84584373,-0.15806219,0.50831896,0.30213609,0.04707747,0.066086039,-0.25989872,0.30370748,-0.64334309,0.1761591,0.39176404,-0.2619614,-0.72902679,-0.005535685,-0.62031549,-0.60733533,0.2685473,-0.31769747,0.087179743,-0.59662545,0.53047156,0.75454235,0.02498132,-0.047462627,-1.7126888,0.85673571,-0.04161156,-0.12649657,-0.090292953,-0.56636214,-0.003555168,-0.16057533,-0.55442309,0.98521107,-0.67856967,0.12801139,0.59704787,-1.6626987,-0.1900025,0.39641613,-0.04821581,-0.45096338,-0.89519143,0.590271,0.09017238,0.1149087,0.86239409,-0.6606164,-0.35097691,0.030326521,0.12795718,0.34992343,0.35051221,0.13649334,-0.05679749,-1.2312251,-1.6320553,-0.76198894,0.31076247,0.53377789,0.081628732,-0.3622773,-0.38803834,0.13012409,1.0699795,0.13754912,0.04752253,-0.23585579,-0.26169041,1.0484195,0.11977813,0.24532084,1.3663276,-0.047788031,-2.5716338,-0.10003431,0.62659389,-0.059490304,-0.22366711,-0.83135056,-0.000927761,-1.387785,0.216427,-1.2687056,0.24901986,0.06014362,-0.81017172,0.091441043,0.22332117,0.55273247,-0.33603144,-0.11893135,-2.5169415,0.35951754,-0.43377787,-0.11919656,-0.07805153,0.27496922,0.34740305,0.064921081,-0.18679659,0.46420422,-1.4219551,-0.74927264,-0.37222636,0.47906494,-0.33134598,0.10900234,0.20752993,0.46544665,0.042997241,0.5164417,0.39186427,0.70938206,-1.1834913,-0.25751945,0.54333371,0.099280834,0.28151131,-0.019843357,-0.17067574,-1.0787587,-0.43817413,0.10778093,-0.46741891,0.24031892,1.2970095,0.31691545,-0.38189334,0.2879343,-0.43672836,0.25668082,0.80676651,-0.36959732,0.023278557,1.409951,0.30971739,0.11921123,-0.84052312,-0.29216737,-1.9121525,0.87157565,-1.3221812,-0.15098864,-0.18085147,-1.3123713,-0.21424916,0.16720277,-0.033709005,0.39897531,0.79123539,0.55786383,-1.8293226,0.85508329,0.23971133,1.2918186,-0.0671065,-0.98874468,-0.17310123,-0.82842618,0.53407317,0.01669158,-0.75113863,0.56270623,-1.775424,-1.4608095,-1.4465533,-0.38958865,0.50841135,0.63391995,0.17768466,-0.92825216,0.6252355,-1.1346042,-0.45290315,0.41335982,-1.0850406,0.047099076,-0.010566054,0.64591151,-0.078955323,0.42333862,-0.042793289,0.27472693,0.074698173,0.41398603,0.004501052,-0.10115645,-0.5364477,0.38122848,1.1602131,-0.60222083,0.72857785,0.21979827,0.61055446,-0.72878945,0.69709843,0.50324869,-0.98347241,-0.55313724,0.00735845,0.17345633,0.24757135,0.80827928,-0.41337335,-0.5527423,-0.32337505,-0.063943237,0.67093158,-0.21930555,-0.054586403,-0.31494778,0.16202216,1.1579888,-1.0104575,0.19352189,0.31260052,-0.68268836,0.019613437,0.53259838,-1.4580878,-1.9968494,-0.3246454,0.53407657,0.14372811,-0.35903838,0.75386977,0.2220042,0.46887389,0.28390396,-0.085258275,-0.42702705,0.1870231,0.32839924,-0.26983485,-0.30007732,0.11965807,0.15446296,1.2271973,-1.5677292,-0.13998833,1.5297675,1.4907873,0.59980869,-1.1570967,-0.17074092,-0.38500267,-0.11229825,0.21809177,0.31326079,0.86742586,0.8449344,0.31299481,0.14824007,0.18581077,0.91543102,0.73258609,1.1544466,-0.72424406,0.26853484,0.483852,0.12848142,-0.33385104,-0.14272889,-1.3117697,0.28979686,0.050335251,-0.54959035,-0.079568461,0.67656076,0.41350371,-0.68179768,0.15629524,-0.26427811,0.39904311,-0.15274414,0.75745481,1.0223113,0.30606258,-0.082537539,0.61783326,-0.039191902,0.2631571,-1.0238008,0.2567437,-0.73742658,0.22395568,0.67983305,-0.55021513,-0.52123839,0.44325402,0.36553353,-0.56079245,-1.1278257,0.74179065,-0.68096596,0.02684509,-1.3601624,0.2711066,-0.15652229,-0.60186255,-0.42426744,0.95242125,0.39198661,-1.9083458,-1.190878,-0.34168002,-0.013566904,0.3111636,-0.012689196,0.055302747,0.43562961,0.20409404,-0.22765604,0.27846581,0.32534608,0.40423918,-0.005932748,0.029286571,0.85574913,-1.4728693,-0.042720072,0.5146991,0.017105907,0.11272725,0.46362644,1.0800242,-0.30770659,-0.97240686,-0.27807531,0.3732512,-1.7895092,0.34213108,0.42476526,0.3404361,-0.75918096,-1.2277323,0.28378028,-0.43240732,0.11438106,0.090847433,-0.094944,0.48380598,0.038206141,0.3335453,0.394003,0.00321785,-0.13231467,-0.42033127,-2.0541825,-0.78697532,-0.91192669,0.02937445,-0.81848818,0.11968228,-0.11333118,-0.30904406,0.082044557,2
0.44826195,0.17153418,0.15088117,0.4259156,0.41615206,0.44982386,0.41520596,0.41503549,0.41869342,0.41771001,0.42273146,0.42170501,0.41317752,0.39739943,0.43750057,0.41172513,0.42023799,0.44445711,0.4400658,0.40590629,0.41138074,0.42243907,0.41756117,0.40606555,0.41978866,0.4124513,0.42700723,0.40380478,0.4173196,0.41743273,0.40664369,0.41554788,0.39759555,0.40894866,0.41178504,0.39426309,0.3960219,0.41039073,0.39187062,0.40610284,-0.64769262,0.13258426,0.21282697,0.3224521,1.2313454,1.596256,1.1555346,0.55859828,0.66677225,1.4882354,1.304723,1.0480264,0.44020018,-0.1504872,0.13777846,-0.21388537,0.6154173,0.34032512,0.32852182,0.28853878,-0.12625641,0.077883355,-0.22413412,0.15403116,-0.47588921,-0.039189886,-0.18194614,0.58503062,0.17824066,1.2539207,-0.17614128,0.25683689,-1.0406034,-0.31113875,0.12024426,0.91589826,-0.70194691,0.60644555,0.16996875,-0.80809671,-0.010654241,-0.88650066,-0.4965151,0.6350913,0.83166403,0.48904419,0.066768818,-1.3524446,0.70653385,0.14503743,-0.867697,0.33998138,0.097638033,-0.17932451,0.63002694,-0.055351116,0.58320463,-0.2322409,0.099049442,0.51268911,-0.5993306,-0.99829382,0.028082799,0.53712791,-0.3825438,0.097006723,0.10065447,-0.15395935,-0.061854139,-0.25888303,0.31260896,0.74603933,-0.11569347,-0.1810243,-0.62332267,0.037571445,0.34246868,-0.92187697,0.31662285,-1.2292597,-0.29913512,-1.5388802,-0.95159841,-0.00084478,-0.42344025,0.23068918,-0.58554947,0.20800653,-0.085621484,-0.13753438,-0.50480396,-0.31763747,0.077869415,-0.87512904,-0.092938915,-0.070100054,0.05262731,0.069939777,-0.41145459,-1.2481775,0.31413817,0.36308521,0.65620667,-0.18310814,0.3970345,0.22143996,0.001488522,-0.75547343,-0.28627554,0.4079164,-0.42025191,-0.053711578,0.39328825,-0.19886145,-0.66923362,-0.004717898,-0.45238662,-0.59031391,0.17031893,-0.29704428,0.12462817,-0.28302234,0.56632864,0.48110598,0.04019168,-0.066353656,-1.4433898,0.79224366,-0.10729055,0.055930838,-0.03441282,-0.49561781,0.030461382,-0.0770505,-0.45451283,0.86326087,-0.36679024,0.17377965,0.43239975,-1.0291613,-0.16084053,0.46730271,-0.19086692,-0.30427623,-0.65724576,0.64829838,0.30751753,0.13599578,0.50042236,-0.5359658,-0.17231764,0.075184323,0.2772786,0.22721337,0.27051929,0.058996297,-0.20533918,-1.0636091,-1.4196336,-0.7949127,0.25409022,0.544146,0.019555733,-0.58725941,-0.2551744,0.20386496,1.1789448,-0.47859529,0.095813237,-0.18541281,-0.14133322,0.96102935,0.12630892,0.26436451,1.277467,-0.011954352,-2.0652525,-0.14634094,0.51855481,-0.017195649,-0.2732515,-0.61249048,0.007624909,-1.2073002,0.31307507,-1.0171092,0.14282808,0.015314937,-0.74956596,0.073707208,0.46287024,0.48472834,-0.20577483,-0.80766356,-2.1279366,0.28294483,-0.35152364,-0.034196198,-0.14942154,-0.038608149,0.41966212,0.066271558,-0.15640585,0.4727138,-1.4368032,-0.73381293,-0.42668355,0.52773756,-0.37781525,0.22185764,0.10879716,0.32303798,-0.059093919,0.33425987,0.35894042,0.53986311,-0.91634351,-0.20607314,0.39316177,-0.15144449,0.14750113,0.025745424,-0.18241261,-0.90680069,-0.41720074,0.15381733,-0.00557071,0.41918027,1.0417287,0.30892456,-0.38298282,0.22748049,-0.21691784,-0.08430481,0.52408892,-0.38614583,0.016503863,1.3754128,0.28593749,0.15215138,-0.92193133,-0.11963866,-1.7346851,0.78061008,-1.1305394,-0.15334949,-0.20127009,-1.2777052,-0.3390705,0.16713482,-0.095755532,0.61609566,0.54319012,0.28531498,-1.3189001,0.80057645,0.097210556,1.0045385,-0.11770432,-0.76718712,-0.084819339,-0.79590839,0.48359725,0.15828854,-0.78433585,0.12530881,-1.5300747,-1.2183408,-1.0675542,-0.37305385,0.28283364,1.0423429,0.25454441,-0.83774382,0.6040529,-0.92642599,-0.28567111,0.3069424,-0.80785018,-0.15380105,-0.03512463,0.44358075,0.25732213,0.41157544,-0.10230806,0.28825679,0.088931106,0.36928797,0.091526568,-0.15240781,-0.65205944,0.32272184,0.79160464,-0.33058259,0.51203442,0.53685522,0.26895615,-0.57216078,0.53921175,0.631244,-0.89360332,-0.4598397,0.053272352,0.023462966,0.21267311,0.59499198,-0.30857649,-0.45331171,-0.32355607,0.07322292,0.43442896,-0.33267254,-0.009270065,-0.20637849,0.12654038,0.98917055,-0.84724373,0.2338582,0.2672874,-0.56131631,0.016223345,-0.36544845,-1.1773641,-1.4676869,-0.2215374,0.52747202,0.10540108,-0.33329767,0.61366934,0.3779586,0.50811148,0.27489501,-0.14800754,-0.33350512,0.25067848,0.13802075,-0.23937251,-0.98983264,0.098373055,0.17231144,0.84545791,-1.5632585,-0.19680542,1.2854525,1.0282876,0.41735917,-1.0212095,-0.16474102,-0.36361453,-0.10830058,0.13283741,0.31218302,0.66412932,0.77528936,0.36074498,0.082628578,0.14664716,0.88652855,0.52790713,0.99564117,-0.69151974,0.02891916,0.23846212,0.10617407,-0.40830073,-0.15629166,-1.384164,0.31103319,0.012973726,-0.47654516,-0.39415678,0.22053462,0.090561688,-0.61862004,0.22664006,-0.21900746,0.090538979,0.051948994,0.66771555,0.86042035,0.12591693,0.11753408,0.53512794,1.8784337,-0.077588178,-0.8903293,0.19006656,-0.61573267,0.20098552,0.66311133,-0.4354516,-0.22893679,0.25606576,0.18412885,-0.41656998,-0.84362406,0.571365,-0.41108233,0.007476935,-1.0903704,0.14161484,-0.10394576,-0.68021405,-0.50765562,0.72490597,0.45612323,-1.5404747,-0.71242177,-0.26399028,0.038987979,0.1793641,0.038587965,0.066472709,0.31031314,0.24598958,-0.1635481,0.28552347,0.2593784,0.36826286,0.15459065,-0.11164385,0.3097387,-1.2294083,-0.04803592,0.47583246,0.10919794,0.16959941,0.46038133,0.93617648,-0.37533668,-0.65786302,-0.31826937,0.25173944,-1.4824133,0.29271361,0.31296,0.36852452,-0.62834918,-1.0795795,0.033430725,-0.44631481,0.39620522,-0.003729381,-0.012896229,0.42176217,0.065835446,0.32530695,0.37161061,0.037499826,-0.047148168,-0.34842339,-1.8528717,-0.63094926,-0.77280015,-0.040479582,-0.71038336,-0.00089477,-0.075925514,-0.23212016,0.10995805,2
0.63382661,0.37051937,0.33091754,0.61685842,0.59611022,0.62417042,0.60979056,0.59297073,0.59876293,0.59979916,0.5907616,0.59327137,0.59513742,0.57879603,0.6134665,0.59189105,0.60792136,0.62201953,0.60493273,0.5877915,0.58194405,0.59972537,0.58552784,0.59458572,0.59910399,0.59790349,0.60198671,0.58530539,0.60691905,0.59572881,0.59185159,0.59707773,0.58349144,0.58120066,0.59668231,0.57360697,0.57369101,0.58454955,0.57085735,0.59099478,-0.70120472,0.31907052,0.21412492,0.28098434,1.1855531,1.5839424,1.1824735,0.54416442,0.65549886,1.4613607,1.306784,1.0106655,0.39957815,-0.12281252,-0.12546787,-0.24451792,0.6553365,0.35916263,0.3313961,0.24740468,-0.37494278,0.028784867,-0.26278549,0.27405995,-0.5983063,-0.026191566,-0.20595077,0.65065151,0.23721188,1.3363698,-0.14862734,0.24363393,-0.9965567,-0.18550794,0.070323922,0.93372881,-0.88307357,0.62155157,0.056137905,-0.85279441,-0.009293847,-0.95828199,-0.45534211,0.45641211,0.8479619,0.48081303,-0.045131221,-1.4875146,0.61223274,0.10360078,-0.86271405,0.27541944,0.014792889,0.01421779,0.7027548,-0.037983745,0.41932994,-0.32692313,0.18960525,0.49733526,-0.68400514,-1.0393057,0.018931158,0.59975803,-0.3581855,0.31446555,0.2261886,-0.093635395,-0.12604542,-0.23275062,0.48666343,0.80350906,-0.1902286,-0.29995149,-0.74584192,0.28560033,0.48021063,-0.97011787,0.28660947,-1.1620286,-0.20124999,-1.5617383,-0.738805,0.024427136,-0.43223518,0.45812958,-0.39871189,0.17271723,-0.14894155,-0.02975136,-0.80195093,-0.53855813,-0.099652052,-1.0019028,-0.091588333,-0.047424965,0.15781373,0.086841807,-0.54427963,-1.4697998,0.35880816,0.40655065,0.76686001,-0.1590865,0.41972506,0.22120363,0.012390628,-0.46709779,-0.37617162,0.38593888,-0.61733079,-0.18903546,0.37935817,-0.14933157,-0.67011118,0.055687815,-0.45457295,-0.57398492,0.17952792,-0.22545868,0.098587558,-0.4508051,0.58001035,0.53781205,0.002647914,-0.051240273,-1.5757896,0.607557,-0.13084668,-0.002337277,-0.051389359,-0.49394846,0.046486087,-0.11927312,-0.51306832,0.86745912,-0.59555978,0.11200997,0.54870415,-1.3538648,-0.19628133,0.39464155,-0.1350828,-0.47344634,-0.77164781,0.64509237,0.11425613,0.27960485,0.89794368,-0.64435774,-0.22718665,0.09481857,0.24533054,0.25053164,0.064737737,0.23969972,-0.13387221,-1.1191205,-1.4255942,-0.73405898,0.20500945,0.525258,-0.032815978,-0.35358986,-0.28664589,0.16074204,1.4402487,-0.13966888,0.043517731,-0.25674081,-0.11037675,1.0142685,0.08982484,0.25202927,0.96287072,-0.11467505,-2.207778,-0.20086336,0.34974033,0.015915763,-0.24307936,-0.62284738,0.12711056,-1.1416693,0.2258929,-1.2656702,0.15222496,0.066382922,-0.78051257,0.16378285,0.23620516,0.4185735,-0.20955205,-0.57691878,-2.2571454,0.25797653,-0.54411721,-0.10662899,0.024165779,0.18579753,0.37789342,0.089302443,-0.23091429,0.60239565,-1.3711201,-0.78015536,-0.29411626,0.58878052,-0.41302705,0.21031266,0.10366951,0.34118044,0.16223042,0.40831661,0.46521717,0.87971342,-0.96901071,-0.18537459,0.3316626,0.04453893,0.28588957,-0.073752075,-0.18091428,-1.0041991,-0.34824026,0.13533837,-0.36899626,0.34117883,1.1597408,0.28889567,-0.45401663,0.13724005,-0.35267219,0.52281851,0.51048386,-0.39039028,0.091576695,1.5500424,0.036874175,0.18647525,-0.70326203,-0.2153473,-1.7890598,0.92099816,-1.1228555,-0.14130813,-0.20181522,-1.4743707,-0.15362722,0.20513974,0.14470807,0.28849798,0.53821528,0.40982801,-1.4990257,0.8642472,0.12369134,1.088946,-0.091596887,-0.80002689,-0.079062521,-0.74167168,0.56169826,0.11848658,-0.9384023,0.18229829,-1.6061034,-1.4237608,-1.2201139,-0.3671605,0.20470993,0.38652176,0.23543651,-0.75014222,0.64214838,-1.0642771,-0.36218369,0.33129922,-0.98321801,-0.031633347,-0.006107563,0.45969728,0.17390734,0.35673094,0.016734287,0.46900216,0.033586662,0.34606087,0.10074395,-0.056933552,-0.60273933,0.44200453,1.0377054,-0.43071342,0.63686681,0.35718575,0.64497644,-0.71992034,0.50070459,0.58850479,-0.9443419,-0.30082965,0.048735626,0.065171279,0.27305979,0.64667475,-0.37177953,-0.51351303,-0.36513823,0.060859673,0.53833812,-0.30780634,-0.030731946,-0.247334,0.15032303,1.0902429,-0.88097286,0.22198027,0.30745757,-0.60742241,-0.13041888,0.13701361,-1.1321493,-1.5983958,-0.27274546,0.54063952,0.22694327,-0.33149588,0.58821547,0.16273904,0.43763566,0.26583815,-0.1606558,-0.32951725,0.26932004,0.026443316,-0.28913119,-0.8065455,0.1121425,0.16114569,1.0958066,-1.5001709,-0.096916944,1.5674505,1.6536969,0.3935456,-1.0700495,-0.13001776,-0.16042219,-0.027486539,0.10051176,0.31421044,0.79792428,0.89309293,0.55614674,0.070701033,0.2104934,0.62621069,0.6802274,0.96498984,-0.69026273,0.30251694,0.23013818,0.17078237,-0.28586158,-0.21231446,-1.5182971,0.28172082,0.041210297,-0.41298658,-0.15422836,0.063954666,0.15338871,-0.61675435,0.12504306,-0.21504042,-0.14635038,-0.11515117,0.44490385,1.0260328,0.15702185,0.063266218,0.5792737,0.10876191,-0.001977235,-0.96770835,0.24317303,-0.63452679,0.2654914,0.86864144,-0.68953979,-0.24370264,0.34152681,0.41885993,-0.4825047,-0.94024402,0.48740953,-0.56097811,0.25770086,-1.1604589,0.30504382,-0.18331178,-0.49009085,-0.52394855,0.83360392,0.48094791,-1.7033819,-1.2439151,-0.25359756,-0.017296501,0.18191713,0.096623681,0.14013773,0.35666689,0.20212483,-0.18391457,0.33340317,0.34748095,0.35388958,0.15053464,-0.045922346,0.23497377,-1.3524988,-0.010954509,0.40279081,0.016487285,0.1628121,0.56419885,0.99305153,-0.34959698,-0.75623089,-0.42192483,0.26827502,-1.5435115,0.36942193,0.319157,0.33817613,-0.69146812,-1.1563617,0.19503495,-0.23960701,0.32193175,0.10287808,-0.042936187,0.25411588,0.13442431,0.2633937,0.30838773,0.042726487,-0.069326892,-0.32410312,-1.9410625,-0.61396104,-0.81853986,-0.009022784,-0.68487889,0.17701179,-0.022454455,-0.21823606,0.10775062,2
0.47057521,0.20603837,0.19070609,0.44608483,0.43499464,0.46722913,0.43835717,0.42701584,0.43659684,0.4363032,0.44355699,0.43758994,0.43522471,0.41892391,0.45006979,0.43494594,0.44258952,0.45790446,0.44397813,0.43507648,0.43174225,0.43527082,0.43284306,0.4284032,0.44436419,0.4306128,0.43781772,0.42836097,0.43895832,0.43520409,0.43014956,0.43354744,0.41574827,0.42324698,0.43549776,0.40900579,0.41216516,0.42651135,0.40724814,0.42062569,-0.60243708,0.17605677,0.1238361,0.21229458,1.099771,1.4825842,1.0542339,0.45215821,0.5599975,1.3682754,1.1981494,0.92235923,0.26064146,-0.15369132,-0.10709237,-0.18114567,0.48360282,0.27873445,0.28723884,0.22512637,-0.16895157,0.060835391,-0.21051283,0.22442943,-0.55801195,-0.13890427,-0.061711818,0.57826155,0.33749822,1.2346742,-0.19356164,0.16288914,-0.88735652,-0.17674512,0.15792163,0.67376763,-0.78156459,0.53639811,0.40318954,-0.74011087,-0.062852859,-0.84029156,-0.35766971,0.38780144,0.64868158,0.51542038,0.008867297,-1.3191943,0.5324806,0.1274828,-0.69376785,0.45076305,0.080633387,-0.033635706,0.6285398,-0.01385732,0.42474815,-0.39229125,0.13492073,0.40003392,-0.5701378,-0.9852314,0.060804531,0.43114516,-0.22048509,0.32276022,-0.099110618,-0.11853664,-0.1082575,-0.24693373,0.42742687,0.85793471,-0.14707187,-0.24217062,-0.71933991,0.67739201,0.53894132,-0.85198593,0.36244333,-0.91374213,-0.19117972,-1.4978548,-0.84831047,0.077455841,-0.41203368,0.17584039,-0.39409238,0.10511224,-0.12587371,-0.16407602,-0.73055828,-0.068393826,-0.042523302,-0.90418971,0.0202705,-0.19183999,0.18833672,0.04652147,-0.46624941,-1.6215189,0.22969154,0.33212233,0.6851027,-0.072520263,0.39721769,0.16267729,0.062067039,-0.27417427,-0.31770939,0.34361678,-0.30404195,-0.31591684,0.25993675,-0.097734332,-0.60725015,-0.049881604,-0.44438249,-0.55165511,0.19837253,-0.31039584,0.094509631,-0.25355852,0.5063073,0.4338291,-0.064559087,-0.16532609,-1.4068073,0.81434476,-0.17072445,0.065146416,-0.001953289,-0.4569625,-0.035618301,-0.061692327,-0.36160466,0.86470211,-0.43434179,0.11901134,0.4568553,-1.3737613,-0.19863385,0.26013777,-0.094319478,-0.53648484,-0.76260298,0.62948757,0.124295,0.32503176,0.60733652,-0.47393933,-0.28330752,0.063432604,0.10709259,0.15905121,0.41217619,0.19611087,-0.20957202,-0.97836637,-1.2978201,-0.55944788,0.16513121,0.52152246,0.035146728,-0.29073739,-0.21141082,0.064761281,1.6105819,0.16185099,0.041340694,-0.28107488,-0.24598113,1.0068365,0.069886111,0.18999477,1.0422003,-0.067133136,-2.1212285,-0.2031305,0.21466705,-0.037429247,-0.24025169,-0.62260419,0.048907548,-1.2383492,0.32949513,-1.1525944,0.65765041,-0.003680214,-0.69337595,0.021556139,0.27348274,0.53564793,-0.27189106,-0.088757694,-2.155158,0.21775401,-0.5813269,-0.073174119,-0.10468365,0.25634396,0.43656203,0.11936079,-0.22037184,0.64385062,-1.389451,-0.82121986,-0.20152722,0.2962631,-0.46364364,0.15169798,0.21475025,0.34654295,0.16312969,0.33722225,0.44884387,0.70207441,-0.8367939,-0.16297927,0.48317468,0.050582312,0.3040618,-0.067140512,-0.18156415,-0.88274741,-0.36410773,0.10680524,-0.25815335,0.4945842,1.0243917,0.31077996,-0.27629444,0.24240193,-0.30201706,0.25322208,0.48367867,-0.33915776,0.13319148,1.5654818,0.047037989,0.13515288,-0.87110567,-0.11632621,-1.6707921,0.91174352,-1.198879,-0.23895951,-0.14196105,-1.4436703,-0.001611054,0.24714634,-0.11206147,0.13439545,0.34827167,0.37332547,-1.3628423,0.77657503,0.72985172,0.9145143,-0.064170912,-0.72859907,-0.12155455,-0.6687789,0.48201874,0.1404887,-0.88535345,0.26437798,-1.5238806,-1.3600396,-1.2197876,-0.26168975,0.20259447,0.013111949,0.27514669,-0.69847357,0.52195507,-1.0471702,-0.22941791,0.24103467,-0.95921898,0.10189863,-0.025590369,0.48319873,-0.10997513,0.26893392,0.039274506,0.47936791,0.046140812,0.71144789,0.067121953,-0.050111871,-0.60491949,0.32397473,0.85363805,-0.40328944,0.47986442,0.44645265,0.70609593,-0.56920218,0.54447395,0.67130762,-0.92086881,-0.4551717,0.055205792,0.13359918,0.39657566,0.58917338,-0.30222121,-0.47420439,-0.33250076,0.048538819,0.44447508,-0.42887217,-0.074448377,-0.214121,0.13727957,0.94139159,-0.75960886,0.13154349,0.23472425,-0.54052317,-0.085528016,-0.16973186,-1.2936888,-1.5025475,-0.05063463,0.4517175,0.1892665,-0.34164053,0.59925532,0.18366727,0.3723917,0.19057874,-0.11157487,-0.37913486,0.17515849,0.057560004,-0.18330298,-0.36301196,0.12840828,0.20692115,1.0661587,-1.413007,-0.14605989,1.398261,1.37858,0.37028956,-0.91355145,-0.15855548,-0.31771967,-0.055888787,0.087080002,0.3779617,0.81342614,0.71775478,0.48175597,0.076213419,0.15896906,0.47775227,0.67196482,0.62194133,-0.61525005,0.13490362,0.36493081,0.059726864,-0.29795292,-0.23103115,-1.4715247,0.22458009,-0.012064535,-0.32196486,-0.19501191,0.21963419,0.067492045,-0.68811196,0.17222655,-0.19271225,-0.30890858,-0.081885815,0.47215223,0.88728321,0.091713317,0.068664581,0.53814322,-0.083938412,-0.16922376,-0.92890197,0.22229365,-0.54863846,0.21883412,0.57113022,-0.84107071,-0.31681326,0.30662885,0.31225604,-0.4435811,-0.93257457,0.3361387,-0.67313874,0.031374414,-1.022341,0.27536547,-0.009016469,-0.45213646,-0.54011703,0.78361285,0.3932243,-1.5509199,-0.9702794,-0.24951287,0.022505268,0.24922033,0.08837603,0.095572509,0.35315606,0.15234599,-0.14720443,0.17450044,0.30415332,0.40229806,0.031876221,0.12966684,0.10976423,-1.3151562,-0.023229118,0.42529562,-0.020198446,0.12649897,0.45115954,0.71944165,-0.31312576,-0.78277349,-0.45623308,-0.17027888,-1.5206964,0.27497616,0.24814169,0.28183034,-0.64215481,-1.1168575,0.14254744,-0.39856619,0.12303939,0.067213446,-0.020243447,0.44454837,0.079142809,0.24426204,0.5950346,-0.008038481,-0.14200376,-0.32357731,-1.8151083,-0.62025845,-0.80820704,0.066263191,-0.79147768,0.14415324,-0.042535841,-0.26191455,0.050577909,2
0.50211167,0.24224395,0.20023471,0.45838141,0.45382619,0.4741686,0.46201247,0.43973231,0.44087195,0.4488169,0.43259102,0.43478078,0.43928483,0.42348966,0.45301586,0.43719387,0.43322295,0.46263209,0.45216194,0.41494364,0.41666567,0.45131457,0.43322825,0.43030193,0.43486249,0.43968782,0.46284008,0.44376364,0.43877381,0.44624925,0.43482471,0.44014949,0.4237116,0.4283542,0.43999159,0.41781437,0.41210815,0.4257381,0.41670236,0.42253888,-1.0398946,0.20851371,0.45240551,0.43510696,1.2719947,1.7513236,1.4146836,0.74120295,0.87539554,1.5943632,1.4464014,1.2236873,0.49289405,-0.18762952,0.22439221,-0.27280855,0.88160276,0.49235415,0.42534503,0.44429493,-0.82624936,0.001335111,-0.47851452,0.38133138,-0.44707581,-0.12462462,-0.068540096,0.566791,0.079412431,1.5833714,-0.26657423,0.40656754,-1.2595702,-0.056923673,-0.004315395,1.0814021,-0.95776641,0.80615729,0.1732094,-0.94810283,-0.10093686,-1.1240389,-0.7323873,0.52451634,1.2074292,0.69932854,-0.071219519,-1.7507747,0.73649484,0.20120862,-1.0059955,0.29939079,0.038589772,0.01141555,0.43909875,-0.062097907,0.22033431,-0.44523233,0.087815173,0.75383848,-0.87796432,-1.1319053,0.029638346,0.47359031,-0.49046803,0.39110759,-0.052735448,-0.2943939,0.075198889,-0.30106229,0.18551275,0.99629569,-0.14053445,-0.53018677,-0.69725674,-0.13414341,0.6417923,-1.0932178,0.3949734,-0.73243952,-0.44434732,-1.8986259,-1.1125919,-0.002370369,-0.48717225,0.15403059,-0.45385548,0.03022901,-0.10649277,-0.35107508,-0.8061524,-0.60453582,0.85663754,-1.1161966,-0.00063321,-0.17081378,0.12634461,0.26027426,-0.47859758,-1.7648898,0.70070416,0.55367482,0.70214134,-0.17064852,0.66759837,0.36214793,0.012351997,0.2410484,-0.23382778,0.21991034,-0.63594198,-0.37594402,0.5712043,-0.39924473,-0.91508621,-0.092358924,-0.71724999,-0.55933708,0.35080975,-0.19245443,0.15975432,-0.8306489,0.70693803,0.75161254,0.17439294,0.11559717,-1.8044846,0.51812398,-0.10688192,-0.22188881,-0.022165172,-0.68889982,-0.046730109,-0.17700499,-0.64367855,0.8752231,-0.75879532,0.16420487,0.52444768,-1.5071131,-0.17955479,0.36487296,-0.012882616,-0.52559018,-0.90030515,0.46309543,0.42101529,0.36422789,0.7931729,-0.82383037,-0.35514981,0.11985655,0.091827445,0.29310828,0.72722173,0.087960862,-0.22412676,-1.3198923,-1.5784371,-0.7857697,0.26857668,0.36098999,0.20208262,-0.39710289,-0.41135728,0.093195029,1.1900483,-0.11808799,-0.004029632,-0.42827073,-0.29454848,1.1718644,0.2200855,0.35147661,1.0751634,-0.18217377,-2.1056631,-0.15322171,1.0121393,-0.11796637,-0.072415069,-0.99032837,0.11400173,-1.5905149,0.23856258,-1.35985,0.13893995,0.072610043,-0.83261192,0.19425732,0.14610788,0.52533311,-0.16273007,-0.2936157,-2.8847444,0.32297713,-0.36726749,0.003677331,-0.17913249,0.36926615,0.40375736,0.091495782,-0.21911225,0.58528131,-1.6253724,-0.81417376,-0.51840168,0.51022756,-0.41527012,0.18570374,0.1819035,0.61385226,-0.029788949,0.46393353,0.32719126,0.74018502,-0.93042374,-0.27898481,0.91126716,0.066961348,0.30321893,0.023438651,-0.32393089,-1.2292553,-0.60876471,0.17431071,-0.51193666,0.4549492,1.3802652,0.37742823,-0.52175629,0.23228511,-0.3133828,0.7986238,0.59354424,-0.48264307,0.10278776,1.1588998,0.16898482,0.31266522,-1.2418418,-0.33583397,-2.0546939,0.92827976,-1.3061708,-0.22177541,-0.25591767,-1.1805944,-0.12867743,0.16950634,0.22726828,0.49495625,0.4638373,0.29834688,-1.9835986,0.785721,0.18236473,1.2180603,-0.012969316,-1.0095589,-0.18567087,-0.95817804,0.59265751,0.20650487,-0.90208918,0.6395427,-1.9389629,-1.7424355,-1.4205983,-0.55530173,0.75745094,0.47266573,0.37003675,-0.9432689,0.63349611,-1.3226025,-0.34045285,0.4674516,-1.1684294,-0.02486255,0.003057606,0.40008014,-0.14622414,0.49106604,0.043806866,0.45532542,0.081644073,0.38399658,0.096622765,-0.099498108,-0.89695489,0.55424297,1.1292787,-0.57440495,0.67946309,0.55128056,0.45998716,-0.83221507,0.89885831,0.37820357,-1.0640513,-0.59253412,0.15794855,0.16203102,0.13732781,0.92285675,-0.55207556,-0.60301948,-0.52345127,0.011904333,0.7479279,-0.24223267,0.26280361,-0.35168731,0.28234327,1.3652476,-1.1561356,0.1619214,0.37605429,-0.72535545,0.018925369,-0.041053325,-1.4914242,-2.0720434,-0.50587416,0.73260731,0.055465564,-0.45932454,0.70768332,0.16074294,0.62288028,0.39216584,-0.27198783,-0.55956054,0.36406496,-0.070971094,-0.1538097,-0.32495424,0.10675928,0.27730584,1.1524903,-1.8170154,-0.090566911,1.6351428,1.6703672,0.75013977,-1.1449653,-0.31061634,-0.47968036,-0.056113016,0.093352646,0.37535614,0.76958025,0.57313269,0.12271601,0.31264794,0.18017706,1.4086159,0.74945325,1.1482737,-0.80927938,0.55742419,0.45080405,0.29847884,-0.36256742,-0.16419849,-1.6489443,0.47144562,0.0836064,-0.32898062,-0.204808,0.57327914,0.27180642,-0.80368739,0.22088324,-0.118421,0.10392481,-0.15884404,1.0331022,1.1475425,0.22545899,0.089101091,0.66695356,-0.52187002,0.10892212,-1.149197,0.15466794,-0.77013201,0.032996997,0.62935066,-0.51282144,-0.64804029,0.45943415,0.58606583,-0.54128814,-1.244508,0.67174923,-0.57479525,-0.10504812,-1.5796587,0.26650918,-0.11907364,-0.80500317,-0.48865756,1.0661639,0.68169188,-1.7891232,-1.2025535,-0.46157059,-0.03574387,0.36727488,-0.12628591,0.086927243,0.39150995,0.31786239,-0.33892149,0.38177323,0.41900438,0.37721649,0.23976256,-0.24915367,0.22615013,-1.5416828,0.041491207,0.43506095,0.053680565,0.18927619,0.70904589,1.1964283,-0.36026603,-0.97104931,-0.41698983,0.34246212,-1.9154197,0.34931049,0.32408991,0.44214615,-0.74848044,-1.3041296,0.1405042,-0.44295198,0.34878737,0.13208319,-0.000332929,0.16947594,0.16802998,0.42123473,0.68634152,-0.012647577,-0.09809728,-0.40442407,-2.2263918,-0.69008058,-0.96206266,0.22787301,-0.82609886,0.23226723,0.09398444,-0.41772819,0.23097157,2
0.66053295,0.3803502,0.32476294,0.60410529,0.60549009,0.62120044,0.62152135,0.59568346,0.60243499,0.6051749,0.59574986,0.59879607,0.59925842,0.58366054,0.6084848,0.59254646,0.59824622,0.6223222,0.60936552,0.5998956,0.58912075,0.60923719,0.59871191,0.59663814,0.6023854,0.6000241,0.62214649,0.58893102,0.60245252,0.6052258,0.59955591,0.61139488,0.58981192,0.60061985,0.60746658,0.58073372,0.58621585,0.60126305,0.57966071,0.59916627,-1.1980433,0.30615997,0.76342249,0.7277931,1.6043096,1.9386426,1.7466543,1.0571595,1.2041489,1.9875211,1.7511549,1.5572109,0.68817794,-0.15213034,-0.38618827,-0.41501132,0.99361444,0.6266275,0.57649738,0.51792806,-1.061887,-0.006206109,-0.58261466,0.38582075,-0.73291034,-0.1128168,-0.18836054,0.77675807,-0.06705758,1.487078,-0.28845537,0.42513615,-1.3962801,-0.082065947,-0.10929428,1.3198642,-1.0926301,0.89007747,0.24508655,-1.0218371,0.045781955,-1.0562674,-0.57955539,0.57055032,1.2299736,0.69936955,-0.027579414,-1.9998906,0.80134684,0.26445848,-1.246611,0.86670077,0.025885347,0.088738181,0.7415961,0.080286056,-0.056285113,-0.78985703,0.15093774,0.84146011,-0.87193215,-1.2430234,0.016320664,0.70127583,-0.61998928,0.30659282,0.008616466,-0.18683285,-0.019216783,-0.29421541,0.28574598,0.62616491,-0.19801891,-0.72394371,-0.6990236,0.00730215,0.60082746,-1.3150501,0.56301129,-1.3678585,-0.38644174,-2.0873764,-1.6120622,-0.14739242,-0.64955008,0.22093838,-0.43265525,-0.059193216,-0.062871493,-0.445144,-0.88122255,-0.51877064,0.20796411,-1.3080169,-0.20997718,-0.33496463,0.056865253,0.13885811,-0.44835162,-2.0096736,0.38768771,0.72597539,1.0265244,-0.24516055,0.56588656,0.4210338,-0.039017595,-0.36140469,-0.26401097,0.39417231,-1.0020489,-0.00366126,0.70071238,-0.53124899,-0.94613457,0.088868409,-0.69797897,-0.99706507,0.23914732,-0.63486838,0.18507063,-0.78937513,0.68744034,1.064373,-0.12153602,0.11501449,-1.9507589,0.60761398,-0.084055007,-0.18972626,-0.028762229,-0.73070598,0.001696172,-0.23530301,-0.72111404,1.2470441,-0.97325575,0.22906302,0.64850783,-2.2670977,-0.20390037,0.28319946,-0.19694865,-0.70134652,-1.3431551,0.23343617,-0.011433586,0.4724448,1.0222015,-1.0062711,-0.35698038,0.21954384,0.34896362,0.10665958,0.68710643,0.032321021,-0.15285347,-1.4931093,-2.0219328,-0.8324331,0.37216264,0.69635212,0.20394205,-0.37366471,-0.50695837,-0.035319649,1.5700591,-0.13735233,0.061873779,-0.44352466,-0.34277204,1.3170003,0.24727537,0.51810849,1.6711712,-0.29296368,-2.2755847,-0.1244228,0.49689013,-0.030126264,-0.23371306,-1.4625413,0.16053674,-2.1035156,0.30187613,-1.65785,0.51929796,-0.19880112,-0.97566211,0.2040921,0.34501818,0.68447095,-0.12462617,-0.38318935,-3.2676032,0.44787264,-0.3371864,0.038930338,-0.11711542,0.40383595,0.69162679,0.18212363,-0.16521409,0.49267247,-2.3424363,-0.90621668,-0.42332304,0.50156206,-0.41799656,-0.006239206,0.22683232,0.51713312,-0.047398817,0.33136714,0.38807553,0.84976256,-1.1754165,-0.25181261,0.76303887,0.14989662,0.19674063,-0.24247535,-0.079722971,-1.3103297,-0.54604197,0.23830061,-0.40886372,0.30019209,1.2943376,0.45411953,-0.52677792,0.38026747,-0.49714583,0.64206719,0.76481712,-0.47837606,0.062870651,1.7876455,0.27345553,0.44909099,-1.5219821,-0.44329253,-2.298625,1.1892613,-1.8468626,-0.46471769,-0.010989338,-1.6003619,-0.21552876,0.15580641,0.25556734,0.51550686,0.77126706,0.38219577,-2.1936624,1.0835879,0.30199817,1.4427555,-0.0443784,-1.2175223,-0.13394664,-1.1401528,1.0064837,0.08164677,-1.047192,0.62936515,-2.5399015,-1.7579188,-1.6404785,-0.40739363,0.53388619,0.61776358,0.53228372,-1.6319571,1.1140482,-1.3513222,-0.14920971,0.61695778,-1.3041828,-0.11789834,0.053680047,0.58869058,-0.26856983,0.30881321,-0.24329668,0.35727659,0.097723484,0.50020027,0.099242017,-0.20229939,-1.3219405,0.68677711,1.1767553,-0.78136158,0.87582386,0.59880108,0.37965444,-0.81596309,0.88486934,0.32168603,-1.5351889,-0.69607145,0.099186011,0.068855554,0.1434233,0.99201381,-0.46515733,-0.73184502,-0.5819006,0.053911064,0.63693768,-0.13468289,-0.12345441,-0.56913012,0.31764287,1.3473459,-1.7118095,0.26231202,0.47778141,-0.76145273,-0.055093043,0.015426695,-1.9507456,-2.5997334,-0.27225867,0.98143101,0.044917777,-0.35260558,1.0204102,0.054390535,0.6442163,0.47103572,-0.16160753,-1.3212893,0.51495588,0.26130047,-0.34132412,-0.56178504,0.19380081,0.28117013,1.6258217,-1.8732896,-0.077290967,1.7883407,1.8972933,0.57383651,-1.4563985,-0.42194602,-1.1513535,-0.32503495,0.12122831,0.2765319,1.0299556,0.90828288,0.49673608,0.19692877,0.30973792,1.0629487,0.70083404,1.3170743,-1.1383758,0.10825934,0.29815489,0.041617513,-0.44369847,-0.18566324,-1.7012796,0.6258505,0.23043735,-0.34537363,-0.20510209,0.48804307,0.39175284,-0.75724375,0.45226866,-0.10819263,0.29410937,-0.65331066,0.73713553,1.3058989,0.30344996,0.15291071,0.7073549,-0.11499253,-0.14686048,-1.0760572,0.29527259,-0.8047899,0.1034318,0.81842929,-0.83816296,-0.62830907,0.42577535,0.28000104,-1.014941,-1.594156,0.84562457,-0.69797224,-0.29277688,-1.7885995,0.25671518,-0.088440381,-1.1287432,-0.85588396,1.2395359,0.39086804,-2.4767547,-1.4780804,-0.49377385,-0.010083617,0.45486766,-0.083258934,0.15069605,0.6074205,0.43383986,-0.24186364,0.27930698,0.42479873,0.40535378,0.31222746,-0.19231512,0.3261241,-1.7419932,0.02869444,0.52769536,0.19704303,0.20130661,0.63156891,1.3517119,-0.51511109,-1.2678161,-0.6010679,0.19317177,-2.2247782,0.43102959,-0.086867094,0.65585655,-1.0253328,-1.7405444,0.47664559,-0.41410261,0.22952135,-0.035820518,-0.023779217,0.43579847,0.17478269,0.51262224,0.36342174,0.026976835,-0.34853747,-0.53690296,-2.5545778,-0.79342532,-1.6952755,0.2687318,-1.2724676,0.37566388,-0.073669925,-0.53310549,0.2696051,2
0.4625051,0.20153151,0.18847193,0.43835104,0.42699504,0.45688343,0.44443884,0.42015791,0.43619013,0.43523139,0.43581021,0.42959926,0.41824758,0.40462089,0.43333325,0.42373317,0.41722816,0.45629078,0.43314058,0.40135103,0.40267086,0.42232311,0.42829043,0.41124108,0.432118,0.42522097,0.44240993,0.42458928,0.42481828,0.44052136,0.41969433,0.41753495,0.40277272,0.4080255,0.42124027,0.38972694,0.38654083,0.42219329,0.39280722,0.41093105,-0.76505202,0.1505836,0.33254087,0.39828661,1.3345538,1.7519325,1.3244511,0.68850362,0.79374993,1.6211154,1.4344484,1.1726915,0.44775188,-0.18026298,-0.047803078,-0.2836251,0.62602675,0.385041,0.31747174,0.30009705,-0.6093834,0.002378541,-0.39421707,0.21798509,-0.56221139,-0.068243444,-0.16679654,0.57530308,-0.007660508,1.4578567,-0.12664083,0.24883938,-1.1252618,-0.19795614,0.010251135,0.85911512,-0.81907386,0.68325979,0.21375558,-0.85190254,-0.081640653,-1.1024511,-0.62010187,0.34076723,0.81003952,0.53012049,-0.037072539,-1.523362,0.58072996,0.13402435,-0.99187207,0.34272304,0.067411378,0.11391057,0.58669758,-0.008563682,0.085834086,-0.28135931,0.19616386,0.55565751,-0.51004922,-1.0042381,-0.021165334,0.53710687,-0.34516209,0.16118343,-0.040749714,-0.20031236,-0.25603777,-0.22670783,0.39802405,0.72367477,-0.14406557,-0.62104565,-0.60797852,0.15941098,0.44978696,-0.8349691,0.40083581,-1.1644521,-0.31906208,-1.6559426,-0.90786415,0.051590163,-0.61145198,0.25742736,-0.44069216,0.22699371,-0.089522608,-0.11831117,-0.63524842,-0.26686555,-0.32426164,-1.032703,-0.12801082,0.01455678,0.18760061,0.005824029,-0.44985497,-1.4779859,-0.068956614,0.4191699,0.73869669,-0.10902049,0.52634794,0.21781947,0.007198013,-0.38733032,-0.37706476,0.3340472,-0.2478884,-0.28258473,0.40756226,-0.212733,-0.674887,0.11028674,-0.51007813,-0.42813945,0.22328097,-0.29613668,0.088454172,-0.47807327,0.46028772,0.63279378,0.13451497,0.068786263,-1.4738801,0.82606709,-0.044980079,-0.090021171,-0.11300683,-0.54196304,0.090980746,-0.12097315,-0.63367569,0.9145937,-0.69999105,0.20791622,0.36174229,-1.6373818,-0.093641818,0.34764224,-0.11745555,-0.53175408,-0.74704337,0.6061216,0.22918706,0.092731208,0.72937006,-0.62864381,-0.29962644,0.097357109,0.20142776,0.17480335,0.31519699,0.069563903,-0.19902,-1.1458068,-1.4262943,-0.54388273,0.26414484,0.72152424,-0.012042105,-0.35829437,-0.10178448,0.07131815,0.93913972,-0.1735791,0.025679922,-0.14826173,-0.21709117,1.0354593,0.17070279,0.28604618,1.1000314,-0.19002551,-1.9148047,-0.1146923,0.35366094,-0.029703343,-0.18362731,-0.70904809,0.086525202,-1.2187774,0.25504556,-0.97200269,0.43502083,-0.23992999,-0.80234861,0.1230859,0.33329505,0.39228976,-0.1638601,-0.33479497,-2.3116026,0.33922297,-0.41326934,-0.02583003,-0.08299724,0.22057322,0.46359634,0.17521957,-0.24616784,0.53068268,-1.3492815,-0.64220303,-0.4287816,0.25374705,-0.45443955,0.14148602,0.16523777,0.41305822,-0.010924876,0.43745309,0.54853761,0.6421473,-0.85170728,-0.24061415,0.55765098,-0.021188088,0.18923464,-0.1166952,-0.26073813,-1.0941586,-0.48162749,0.13634592,-0.14165267,0.28832582,0.95984042,0.31353724,-0.40223259,0.18479155,-0.29868969,0.44549286,0.40375313,-0.36336401,0.11517091,1.3029238,0.1652379,0.27410197,-0.90139508,-0.10217393,-1.6839035,0.91434878,-1.3662302,0.000675052,-0.038577273,-1.4808955,0.052005291,0.083449595,-0.079397649,0.51351446,0.50665152,0.38367212,-1.6258274,0.78856653,0.23852286,1.0684263,-0.13037241,-0.93715072,-0.1935537,-0.71636975,0.49091831,-0.056060314,-0.84407246,0.39757928,-1.662241,-1.2782823,-1.2184975,-0.47851568,0.2440331,0.49737334,0.2593466,-0.77088404,0.67254627,-0.99333191,-0.29008943,0.25690827,-1.044945,-0.036388345,-0.014477131,0.42031723,-0.17241767,0.21542875,0.002646565,0.45992911,0.10102686,0.51351148,0.045936584,-0.15217912,-0.49276888,0.46111596,0.91417843,-0.4289178,0.535308,0.49329019,0.53001601,-0.63735873,0.57552999,0.74337339,-0.95087147,-0.58306396,0.10882133,0.072709672,0.26140454,0.62571269,-0.42004275,-0.41407552,-0.32821357,0.064960092,0.56663799,-0.23893133,0.15488678,-0.31904721,0.18697403,0.85618365,-0.89733046,0.29922187,0.30172086,-0.54301941,0.051487349,0.024760962,-1.3163393,-1.8114699,-0.13340567,0.55979753,0.036782816,-0.2679081,0.68502438,0.08637774,0.8408525,0.29947454,-0.35101178,-0.2108247,0.23204711,0.008244544,-0.17816488,-0.49276018,0.13720882,0.19060183,1.1930778,-1.5414956,-0.16033663,1.5211338,1.2414221,0.45108381,-1.1187259,-0.28656352,-0.28108636,-0.21962772,0.030893449,0.34867489,0.82780069,1.0432775,0.44235599,0.075651869,0.18214051,0.64107579,0.6974563,0.73769444,-0.78367221,0.50414455,0.18587852,0.18619497,-0.33553386,-0.16778365,-1.6259146,0.3323369,0.066270284,-0.37610161,-0.20829841,0.26119462,0.1475908,-0.66579336,0.29516387,-0.28137362,0.60456932,-0.040111504,0.6611135,0.9935711,0.27691793,0.16648926,0.63221586,-0.1535688,-0.096006699,-0.92903477,0.22724792,-0.61136526,0.27153957,0.74168217,-0.52732062,-0.2815879,0.39659166,0.46774435,-0.45823547,-0.7772879,0.50467032,-0.51387697,0.057308972,-1.1653485,0.26712197,-0.083254278,-0.70484281,0.043353051,0.79631895,0.44133252,-1.6876988,-0.98900956,-0.31522763,0.027239045,0.27791151,0.024647005,0.002922801,0.39944568,0.24013817,-0.12823701,0.26265705,0.30575097,0.35951948,0.017339975,-0.12183727,0.12749964,-1.4182054,0.011690275,0.41129678,0.089328349,0.13270326,0.5466702,0.73659265,-0.31962028,-0.85146648,-0.19281735,-0.17667989,-1.7188225,0.26122391,0.84756476,0.35988837,-0.63062286,-1.0809689,0.21793307,-0.40557516,0.17350049,-0.055791348,-0.040111303,0.17280027,0.099498555,0.33886778,0.37284762,0.049708441,-0.028888613,-0.39843842,-1.9700342,-0.65051353,-0.85023451,0.070141196,-0.81739855,0.046880454,-0.043418624,-0.3380999,0.2047148,2
0.53204024,0.2592442,0.21664314,0.50735444,0.50464702,0.52053213,0.50668299,0.49560997,0.5093013,0.50263155,0.49748254,0.50348693,0.49275798,0.46628904,0.501643,0.48780298,0.48722267,0.51495534,0.50541508,0.48677167,0.48240721,0.5111562,0.50091052,0.48881868,0.49772158,0.50256377,0.52592987,0.50021482,0.50267917,0.51240385,0.50600606,0.49239367,0.48828581,0.49013788,0.5035665,0.46568319,0.47105286,0.50779867,0.47632045,0.50320178,-0.98626977,0.1556776,0.36565894,0.43183818,1.3023634,1.7408316,1.3425287,0.69550562,0.80638212,1.62913,1.4339826,1.180107,0.49475241,-0.15646234,-0.36010218,-0.35010296,0.72595489,0.45332652,0.42176408,0.33991206,-0.58159888,0.0056611,-0.51994294,0.28038388,-0.59541404,-0.056802385,-0.28065082,0.70675093,0.17379235,1.344525,-0.25866652,0.278934,-1.2794017,-0.20476705,0.003792669,1.1001134,-1.1059346,0.7172392,0.12687573,-0.93172115,0.011873133,-0.96128535,-0.62225664,0.42760724,1.0757567,0.55389643,-0.001879585,-1.7894059,0.84949815,0.15576309,-1.0863986,0.49733967,-0.013358761,-0.005690571,0.77258706,0.12993087,0.24104783,-0.23069507,0.18713337,0.48182979,-0.99756372,-1.16193,-0.001739755,0.62425005,-0.4327268,0.33555543,0.17740457,-0.21370676,-0.065537967,-0.33389196,0.35580963,0.73297912,-0.21517172,-0.28040534,-0.58031321,0.15687279,0.32040903,-1.1139045,0.37607259,-1.1805627,-0.35701841,-1.8810948,-0.93848234,-0.07063283,-0.5037384,0.25366479,-0.5793606,0.15309489,-0.011372447,-0.047120534,-0.86872119,-0.90539491,0.057193693,-1.1096652,-0.20914525,-0.068450645,-0.04162398,0.15342489,-0.47279656,-1.6113304,0.63478237,0.55434507,0.84071273,-0.30484083,0.51545972,0.34612682,0.033758081,-0.39674923,-0.32700366,0.10009278,-0.81955928,-0.16288757,0.52860922,-0.2378602,-0.81036878,0.14507535,-0.45836556,-0.56334764,0.22035708,-0.40018451,0.11989788,-0.74601769,0.42378241,0.78445113,0.079760194,0.12725706,-1.6837898,0.55846816,-0.15101568,-0.10497738,-0.088526718,-0.6043762,0.11169456,-0.16170803,-0.66098934,1.0373131,-0.68671548,0.15168865,0.50996405,-1.4900763,-0.17413686,0.35646421,-0.15845674,-0.36767876,-0.87801415,0.46800414,0.083793767,0.36290371,0.94748938,-0.84568018,-0.30622417,0.13449782,0.43072334,0.25057328,0.57160485,0.20397864,-0.29043931,-1.3201256,-1.8295054,-0.88896602,0.29839337,0.48822623,0.28339967,-0.44010165,-0.49253663,0.060454465,1.2381639,-0.12489299,0.065322928,-0.15112212,-0.19651265,0.95190215,0.18936467,0.39190131,1.0029535,-0.14966729,-2.3248055,-0.20539334,0.50525856,-0.034197494,-0.36728173,-0.7092303,0.016142294,-1.3153633,0.26193076,-1.2985935,0.19471562,0.091077931,-0.9100588,0.16388409,0.14934553,0.49907964,-0.15023538,-0.37079549,-2.6018219,0.31716588,-0.65894067,-0.058336079,-0.027134679,0.15368286,0.5278573,0.05593567,-0.25392467,0.36858696,-1.4910605,-0.8571611,-0.4304572,0.46958852,-0.43272066,0.12183316,0.041068733,0.44680068,0.07854975,0.47572932,0.44388062,0.80252951,-1.0721581,-0.25711063,0.73531067,0.23568788,0.27658167,-0.045752808,-0.19446556,-1.265358,-0.49417874,0.1290063,-0.5048303,0.091849446,1.1119412,0.39063236,-0.52104914,0.30889586,-0.44772977,0.44482201,0.71968496,-0.43708941,0.10566527,1.735237,0.27159905,0.38200426,-1.0755527,-0.18179499,-1.8980143,0.93844712,-1.2169963,-0.070309535,-0.17889006,-1.6074504,-0.45802349,0.2401751,-0.004523322,0.49179861,0.70232582,0.3558563,-1.908185,0.93311703,0.3452785,1.2849309,0.10145114,-1.1175077,-0.10589878,-0.96005768,0.59200776,0.18709423,-0.93026471,0.3352986,-1.7643319,-1.3697643,-1.3788853,-0.4982236,0.66152072,0.45999578,0.36136574,-0.91844654,0.82969552,-1.0411907,-0.28851557,0.47203285,-1.0321021,-0.15249994,0.054468047,0.45358908,0.07675539,0.45411906,-0.068629488,0.48544675,0.073685184,0.45936722,0.15916979,-0.0988122,-0.75618351,0.60278726,1.1819414,-0.48792621,0.72086859,0.49331951,0.48123923,-0.73203397,0.68460113,0.36539286,-0.85066521,-0.51494998,0.077163011,-0.005698308,0.081803061,0.75600368,-0.35848713,-0.59332347,-0.48232988,0.057151169,0.6764816,-0.27901164,0.08640027,-0.41998303,0.27378085,1.2081773,-1.0071014,0.22103509,0.4837718,-0.67184311,-0.003751576,0.13130596,-1.3578745,-2.0277824,-0.43078679,0.7608192,0.11213396,-0.23493598,0.74801594,0.22354308,0.68130696,0.37951994,-0.1700549,-0.49700174,0.3743434,0.18767166,-0.32658961,-0.6509763,0.11581366,0.24453776,1.2977883,-1.7791251,-0.19416608,1.5853353,1.6653769,0.4488633,-1.3725486,-0.21763811,-0.34537223,-0.14878504,0.019896755,0.21887623,0.83084536,0.8050406,0.51621872,0.1293529,0.20414945,0.83776236,0.70493346,1.0846862,-0.89954799,0.30609578,0.29481545,0.097331479,-0.35965562,-0.16437654,-1.6288213,0.46368134,0.12166318,-0.39151049,-0.08617837,0.50017321,0.27467251,-0.54615271,0.17566478,-0.24145879,0.27861029,-0.0507713,0.72228765,1.0290999,0.30152127,0.12219383,0.68359768,0.14580148,0.10866746,-1.0163456,0.26853755,-0.80409849,0.020835206,0.73398226,-0.55802774,-0.48949206,0.45007008,0.3789883,-0.57352918,-1.1678069,0.63817364,-0.62315369,0.2694073,-1.4533671,0.31781244,-0.23713529,-0.78249514,-0.57360286,1.0784528,0.45743805,-1.9802778,-1.2198347,-0.41919026,0.002114011,0.27347335,-0.014769563,0.088050202,0.38929752,0.29175887,-0.24950609,0.22036006,0.35608712,0.24997064,0.29462147,-0.25501758,0.2846095,-1.6209093,-0.057215884,0.37655914,0.0176806,0.13177176,0.68179417,1.3236886,-0.40407419,-0.95259452,-0.4313094,0.18188551,-1.9078451,0.43387708,0.24896577,0.4435342,-0.87092912,-1.2654468,0.19527988,-0.3747099,0.64796078,-0.024878502,0.018439636,0.34681395,0.13330883,0.38189244,0.48116404,0.088777035,-0.13849664,-0.38005301,-2.2567568,-0.68039286,-0.90225327,0.14275609,-0.87866825,0.10252227,-0.10774314,-0.24589388,0.21080117,2
0.49546367,0.23924115,0.22305387,0.46348187,0.46062386,0.4881236,0.46528634,0.45275325,0.47189659,0.46818289,0.45612973,0.46659398,0.45136026,0.42568713,0.45677087,0.45163369,0.45609,0.4871487,0.46612775,0.43520364,0.43544269,0.46624982,0.44514209,0.44869927,0.44649988,0.45564392,0.46254885,0.45103449,0.44281656,0.44891262,0.44604415,0.43889681,0.4304091,0.44195306,0.44129774,0.42486781,0.42414492,0.43127307,0.41822612,0.43695912,-0.71136177,0.24250826,0.22406381,0.29542127,1.2095335,1.6233354,1.1804785,0.56915224,0.66598988,1.4920502,1.3095911,1.0375832,0.41534376,-0.21702169,-0.25154671,-0.24471885,0.72769821,0.43975502,0.30294403,0.35475922,-0.39817607,-0.007796655,-0.34253404,0.24276483,-0.74727815,-0.1843197,-0.10608237,0.4880181,0.26817375,1.2136736,-0.19229558,0.30948251,-1.1061229,-0.25654954,0.15071461,0.9846673,-0.99164534,0.74039626,0.11831731,-0.82606721,0.006077133,-0.82887363,-0.51426971,0.45486659,1.0550871,0.43920499,-0.06070891,-1.3419923,0.45324492,0.12592873,-0.84541696,0.27663636,0.054073822,-0.058970522,0.48786277,0.020697355,0.36557648,-0.2500014,0.13961531,0.62064224,-0.92188156,-0.99390602,0.03312609,0.49472371,-0.26132777,0.085251562,0.16375676,-0.14076905,-0.18274012,-0.3059088,0.39535803,0.87833947,-0.14959317,-0.34976307,-0.59181178,0.14224058,0.21723935,-0.8211624,0.25342846,-0.90183228,-0.28373274,-1.5577185,-0.76662511,0.048684783,-0.37546453,0.37210804,-0.43616062,0.12017374,-0.071401477,-0.032742068,-0.68377984,-0.4596076,-0.28552419,-0.98597133,0.040449813,-0.072595954,0.11921891,0.098655,-0.50011754,-1.3197441,0.13697352,0.42611483,0.77776784,-0.14606385,0.51050532,0.23905765,-0.028282195,-0.39214715,-0.38359201,0.19682287,-0.60042703,-0.3036623,0.47393519,-0.040590674,-0.69943893,0.014756046,-0.46746209,-0.51557356,0.11323031,-0.19127657,0.10830234,-0.54769433,0.33675513,0.37497151,-0.072957858,-0.19205013,-1.4673533,0.47013265,-0.17806104,0.023420185,-0.096229121,-0.51586914,0.006975703,-0.05484347,-0.5441708,0.88928866,-0.69779873,0.17304412,0.36662537,-1.0622779,-0.24166101,0.41270852,-0.024921659,-0.30767643,-0.69128174,0.71453226,0.28440881,0.20782408,0.77342027,-0.60066384,-0.25219208,0.087099105,0.46968779,0.23904783,0.41196001,0.12718475,-0.36092389,-0.98962545,-1.2943099,-0.75392705,0.19302386,0.60909498,0.13416938,-0.42711785,-0.49422723,0.19230711,1.1566321,-0.18923901,0.016895726,-0.21468735,-0.15300949,0.98826355,0.20218112,0.33233657,0.99553347,-0.042572167,-1.8533404,-0.25732136,0.54661238,-0.004122955,-0.17205226,-0.55222738,0.06657216,-1.2339996,0.25424832,-1.3396248,0.033896089,0.14142174,-0.69489866,0.18283565,0.31323501,0.2691794,-0.27885225,-0.31270862,-2.1937287,0.28082603,-0.69395393,-0.039144456,-0.13922501,0.075401738,0.27455047,0.022541344,-0.27097571,0.61362714,-1.3266262,-0.67485446,-0.31469208,0.18222001,-0.48996198,0.33393124,0.023541793,0.42655849,0.10145485,0.40621006,0.38926709,0.70924717,-0.91596031,-0.20342243,0.41425771,0.035288148,0.30787048,-0.027279614,-0.15724841,-0.92438048,-0.46030211,0.095340453,-0.43994829,0.15059811,0.97273111,0.27986634,-0.40868235,0.15366136,-0.29832026,0.3899191,0.32718551,-0.29909903,0.077740595,1.5744364,0.20001698,0.32662973,-0.76783383,-0.15154989,-1.6831765,0.77483195,-1.0231599,-0.21108633,-0.20612934,-1.4282498,-0.21333572,0.23134983,0.14439186,0.59930182,0.34751281,0.25610349,-1.4628658,0.71818155,0.53067917,0.8047691,0.020048883,-0.80895215,-0.10061739,-0.75334704,0.49782294,0.091019928,-0.90711576,0.20775232,-1.5501431,-1.3979276,-1.2137049,-0.38586262,0.77725899,0.13030232,0.2570225,-0.61962295,0.70269835,-1.0119981,-0.2829662,0.27838039,-0.8299787,-0.076129116,-0.030531591,0.27144846,0.1656809,0.40908751,0.046881214,0.30144945,0.095236257,0.16054392,0.23453212,-0.024698757,-0.5995388,0.49546131,0.96437365,-0.23605852,0.44546801,0.40678248,0.66446465,-0.63271224,0.32814655,0.56140792,-0.81097931,-0.28017253,0.17878634,0.001213729,0.30882517,0.59998906,-0.3726747,-0.53164685,-0.39435306,0.073738404,0.46832877,-0.22858387,0.032318864,-0.15868779,0.22190091,0.99709517,-0.79748559,0.2144013,0.27475274,-0.6376999,0.027978949,-0.35180357,-1.1073461,-1.439477,-0.38838679,0.59208858,0.14800087,-0.35269985,0.54353726,0.25714087,0.58351868,0.27629843,-0.24257004,-0.30723283,0.28204876,0.019374678,-0.22838452,-0.62487501,0.088695787,0.23797834,1.1249335,-1.5766639,-0.15548593,1.4674168,1.4550852,0.35235399,-0.95386291,-0.071450606,-0.19562496,0.11580044,0.003826121,0.19228524,0.72780073,0.65129346,0.53740239,0.065220878,0.22403568,0.5990001,0.73341662,0.74622756,-0.51746362,0.21674208,0.27083895,0.21713056,-0.26591632,-0.21753244,-1.3758096,0.3475183,0.021160513,-0.28957015,-0.27186859,0.13612811,0.099660404,-0.72694403,0.18941876,-0.21189255,-0.38079321,0.034385994,0.25094193,0.88208801,0.2803922,0.087718502,0.52769697,-0.014544688,-0.039741963,-0.95217824,0.22693869,-0.67251128,0.094274849,0.56456351,-0.75576842,-0.20606805,0.27720082,0.30564481,-0.32920951,-0.87904072,0.46043956,-0.641294,0.1795696,-1.0517846,0.30805913,-0.088816017,-0.48597023,-0.52578139,0.75391746,0.52710223,-1.6543454,-0.97284901,-0.21356744,0.045509987,0.17367354,0.1599199,0.051320165,0.2387673,0.20559286,-0.22520712,0.32770333,0.36453432,0.31613931,0.19663073,-0.42278162,0.19983625,-1.3184117,0.00685961,0.25990692,-0.003246673,0.24891414,0.60520345,1.0354319,-0.32455048,-0.76072669,-0.40560433,0.010281462,-1.4670612,0.43644959,0.30350822,0.3350237,-0.60487109,-1.0118672,0.16226085,-0.36380824,0.55540079,0.060319871,0.042852774,0.008089751,0.15929528,0.28374118,0.37786776,0.02393057,0.014142349,-0.29144555,-1.8826629,-0.62145537,-0.69459778,0.089266345,-0.66048324,-0.029065102,0.10854998,-0.21225947,0.27399874,2
0.51750332,0.23479453,0.19991717,0.50905502,0.5055393,0.52472067,0.50663984,0.50772691,0.50099069,0.50777429,0.50355345,0.51191145,0.50762707,0.49093539,0.52216309,0.49116689,0.50577551,0.53532469,0.52236187,0.49848157,0.49590001,0.51141214,0.49488303,0.49457192,0.50738931,0.50343817,0.50198531,0.49660021,0.4928031,0.49639571,0.49220097,0.50219268,0.48911506,0.50364047,0.51092368,0.47041515,0.49504244,0.49690866,0.48350155,0.49282354,-0.80007184,0.1837092,0.24935466,0.33032119,1.2644366,1.6383162,1.1840929,0.59352523,0.69272912,1.5291979,1.33126,1.0826375,0.40948054,-0.17296645,-0.22511813,-0.26471436,0.61594224,0.33572364,0.3482925,0.28615341,-0.54470414,-0.032800376,-0.54041749,0.13764119,-0.55882633,-0.034433577,-0.13856772,0.47210723,0.14798774,1.2235891,-0.17365162,0.18378626,-1.0912488,-0.18161957,0.006927413,0.80093223,-0.89719748,0.59725565,0.19579208,-0.7641744,-0.15373829,-1.0650496,-0.51134729,0.28427312,0.77591139,0.49725103,-0.11244155,-1.5507981,0.65345067,0.11709189,-0.8937425,0.47617313,0.001134895,-0.087570615,0.5615747,0.33577228,0.20670396,-0.37896982,0.20715944,0.55541825,-0.52869296,-0.95443183,0.006670483,0.48285609,-0.25975507,0.2014257,0.10000589,-0.17486012,-0.13453534,-0.30587715,0.37445343,0.76645786,-0.13129732,-0.49793985,-0.49268109,0.33353615,0.40691552,-0.90994424,0.40664688,-1.0304908,-0.33030164,-1.6747135,-0.94439685,0.011952981,-0.56537175,0.19765145,-0.36103958,0.16163503,-0.091268092,-0.18550365,-0.75225371,-0.2979413,-0.040777624,-0.99185473,0.006644055,-0.1019286,0.18712841,0.33285436,-0.49852917,-1.4079612,0.25464696,0.44886968,0.68284875,-0.080572739,0.43206018,0.27068761,-0.00607533,-0.47458187,-0.23171438,0.21841733,-0.38904786,-0.2352671,0.42864138,-0.21236823,-0.722938,0.064602897,-0.51292342,-0.49441862,0.24393429,-0.33990356,0.056471385,-0.64452177,0.48085004,0.66223019,0.004199795,0.2778044,-1.4861966,0.6778459,-0.055921279,-0.076977141,-0.093326189,-0.48391402,-0.05425474,-0.043592215,-0.51836509,0.88489062,-0.51452041,0.12697111,0.37811059,-1.5437862,-0.14137889,0.25674546,-0.035493586,-0.53226739,-0.77862364,0.44832402,0.074526161,0.21661583,0.63269341,-0.6898858,-0.27170983,0.038764369,0.37010816,0.24657112,0.097746387,0.17747912,-0.20401259,-1.1020293,-1.4567924,-0.64510083,0.21116005,0.56637639,0.26738283,-0.37833011,-0.20875111,0.048903115,1.2187282,-0.062043328,0.11159288,-0.13865256,-0.25594437,0.97706985,0.10704201,0.2797876,1.2041306,-0.1475269,-2.0871615,-0.12368676,0.44920263,-0.098349109,-0.21698126,-0.66433537,0.097346783,-1.2506944,0.17918183,-1.1016988,0.55752307,-0.089223012,-0.70890397,0.080243677,0.17830227,0.4591828,-0.16537766,-0.29303521,-2.3265085,0.23225284,-0.39682591,-0.033766624,-0.033552416,0.17562282,0.51873374,0.14152572,-0.24368641,0.47942448,-1.4356781,-0.67751598,-0.25708455,0.24740307,-0.38933501,0.24059772,0.10146026,0.44834372,0.076179862,0.3582471,0.43670809,0.67513287,-0.83007079,-0.26581866,0.57483208,0.19862169,0.32787201,-0.040122069,-0.19915067,-1.0677292,-0.50120139,0.103264,-0.38039547,0.12052143,0.97451454,0.31068212,-0.4323743,0.22671607,-0.33079231,0.34455478,0.52061051,-0.40935737,0.086134069,1.3666425,0.21950088,0.40856546,-0.87125421,-0.34120017,-1.7970403,0.90529931,-1.2852842,-0.064025462,-0.06440042,-1.5417595,-0.000233814,0.20234537,0.011041403,0.4158771,0.39693466,0.31736943,-1.6669984,0.80368292,0.52397799,1.0279049,-0.015853751,-0.93718618,-0.17161685,-0.75514627,0.54007131,0.13408461,-0.79160988,0.35664129,-1.5540991,-1.1959842,-1.2681912,-0.40101969,0.37219444,0.16612396,0.27847567,-0.84595364,0.69795191,-0.9588052,-0.11591648,0.30098361,-1.0080987,0.055259988,-0.006289398,0.52902043,-0.15491022,0.22228754,-0.07250841,0.37218595,0.066494204,0.70335138,0.19181484,-0.10831336,-0.52938414,0.41866508,0.88255799,-0.34501535,0.5845055,0.43701491,0.55330193,-0.56710941,0.55609202,0.56501508,-0.8634057,-0.5670619,0.19479173,0.13772914,0.21607798,0.62018824,-0.38851762,-0.43214497,-0.39398172,0.11997432,0.47075775,-0.1871987,-0.025543667,-0.32127696,0.14386947,1.0067724,-0.93233323,0.28305435,0.3606934,-0.52844316,-0.030688837,0.037527725,-1.4611371,-1.7722701,-0.24083087,0.65264285,-0.056595653,-0.21064407,0.64682877,0.086394586,0.46849355,0.26946217,-0.28979352,-0.4386372,0.23661503,0.017773636,-0.15301642,-0.58458865,0.087383933,0.25787884,1.08348,-1.5098679,-0.30490571,1.4775681,1.3463721,0.39884153,-1.121205,-0.19052455,-0.42505044,-0.16735116,-0.063874871,0.31082901,0.73512197,0.74760842,0.35736254,0.088724479,0.17452586,0.6299507,0.68858814,0.75135922,-0.70946193,0.12998109,0.31421688,0.093512967,-0.39219034,-0.15674725,-1.4695171,0.3409512,0.086101532,-0.38947579,-0.38204312,0.36718139,0.19293864,-0.67462832,0.29981506,-0.21932903,0.15819696,-0.050748274,0.56438607,0.91068459,0.29165396,0.16071248,0.5885241,-0.023667738,0.015215008,-0.9853006,0.21489546,-0.63282824,0.26587829,0.68928176,-0.57156992,-0.64382643,0.38151023,0.31824607,-0.45976394,-1.0377382,0.43839633,-0.51057947,-0.092794403,-1.3280474,0.31847796,-0.06683185,-0.79364491,-0.33037513,0.81021196,0.36402446,-1.684853,-0.84818959,-0.34021747,-0.021043319,0.29840481,-0.007955472,0.032995936,0.48437881,0.26983151,-0.13469899,0.22101456,0.34326807,0.40811807,0.071539715,0.11728276,0.12401731,-1.3357079,-0.027368808,0.40390867,0.039292924,0.13170505,0.46881425,0.73531038,-0.35233703,-0.76503658,-0.38145003,0.049264621,-1.7355498,0.19877261,0.36528161,0.31895155,-0.62229341,-0.99790144,0.3810308,-0.45668676,0.002226457,-0.042603977,-0.051573619,0.49538827,0.12217221,0.30529097,0.5250957,0.01972013,0.024754673,-0.42730665,-2.0246482,-0.64292634,-0.76805353,0.038051877,-0.72797543,0.014281482,-0.12846252,-0.29854125,0.15679988,2
0.55146641,0.27251518,0.23336199,0.52737635,0.52826637,0.53908676,0.51278973,0.51601803,0.51942009,0.52420086,0.51512241,0.52002007,0.51467979,0.50685823,0.54560626,0.50549108,0.52912742,0.53271663,0.53798884,0.50436896,0.52139187,0.52622867,0.51339245,0.51459229,0.51871377,0.51503372,0.53199565,0.52630687,0.53435314,0.51969481,0.5062083,0.54295146,0.52517676,0.51077753,0.5200609,0.48776323,0.50678265,0.53878814,0.50036907,0.50295174,-0.97755623,0.21308663,0.46931034,0.50019825,1.4095629,1.7916577,1.4281862,0.77701426,0.90302438,1.7102635,1.5026023,1.2740674,0.50423229,-0.16826752,-0.21116741,-0.38780749,0.71396196,0.41688573,0.42826679,0.36247036,-0.82571483,-0.042788804,-0.60160315,0.22488466,-0.55249178,-0.024405658,-0.14795631,0.57680148,-0.01070118,1.3864475,-0.2680428,0.22960547,-1.2473599,-0.17123654,-0.006542146,0.94559777,-0.96752816,0.74440014,0.16720986,-0.99841082,-0.091563798,-1.3373318,-0.6362586,0.59405136,0.94449639,0.58183682,-0.062281244,-1.8957429,0.8821649,0.15524076,-1.1504549,0.44520533,0.026879219,0.25514463,0.68734396,0.3324641,0.11497751,-0.50352591,0.22701117,0.6729278,-0.5912298,-1.1811363,-0.001620956,0.61098647,-0.40689415,0.17601502,0.05270502,-0.1813004,-0.10725927,-0.28973895,0.3065719,0.82726389,-0.25755557,-0.5178104,-0.68287444,0.37685925,0.77291143,-1.2129992,0.50202721,-1.0104271,-0.42662999,-1.970973,-1.223812,-0.11122236,-0.73773861,0.11111778,-0.4647159,0.058795094,-0.098310575,-0.30993086,-0.90191114,-0.43940371,0.4544071,-1.155977,-0.24470323,-0.17440066,0.067698561,0.20175281,-0.56627476,-1.8471665,0.67582721,0.53143513,0.90009046,-0.23371464,0.44622427,0.26683518,-0.027440995,0.17038314,-0.36042324,0.45051587,-0.328623,-0.27214378,0.47875136,-0.48058924,-0.83920419,-0.036611855,-0.62503618,-0.88385963,0.37464494,-0.69288659,0.08688432,-0.62763131,0.51221859,0.79540503,-0.031750359,0.010698231,-1.905154,0.70110393,-0.10960927,-0.18166332,-0.025450764,-0.58601004,-0.097341873,-0.19903684,-0.59772938,1.219129,-0.78749686,0.13665773,0.58979625,-1.9789718,-0.23359236,0.25950441,-0.14520222,-0.66075683,-1.1304908,0.37238395,-0.11100045,0.28826264,0.92898238,-0.84812665,-0.33384886,0.15687673,0.094124705,0.12977803,0.56726325,-0.07544525,-0.24392119,-1.4207053,-1.8667347,-0.90703696,0.29395714,0.708538,0.1573292,-0.41841209,-0.36375821,0.018739499,1.5050935,0.3332198,0.11360026,-0.30313495,-0.31758147,1.3169718,0.18008958,0.34030402,1.6102883,-0.17760341,-2.7109971,-0.1168953,0.666273,-0.023439946,-0.3315168,-1.0321163,-0.009129539,-1.6385441,0.28375489,-1.4553024,0.68438554,-0.10803985,-0.87234592,0.052249722,0.48989058,0.78769553,-0.22488779,0.097221136,-2.9545226,0.27710792,-0.3922286,-0.036163718,0.071270153,0.38843006,0.64177781,0.055103872,-0.18115042,0.62696761,-2.0400586,-1.0134006,-0.3540836,0.54370707,-0.44070095,0.098359078,0.34619713,0.36652881,0.014850007,0.41669908,0.49499899,0.81549853,-1.0448278,-0.28464854,0.72126865,0.094657019,0.24899302,-0.20231329,-0.23715484,-1.2348679,-0.45541584,0.16021481,-0.59389639,0.12303081,1.2079825,0.40812773,-0.46467888,0.25571764,-0.38533083,0.47646508,0.68601882,-0.43172064,0.060819913,1.7311304,0.20347758,0.38763514,-1.1440432,-0.28389502,-2.135716,1.1099182,-1.7089446,-0.16842183,-0.023002669,-1.4854977,-0.25071609,0.2725665,0.16168189,0.7406615,0.52335,0.64863491,-2.0430329,1.1740305,0.27546871,1.3073764,0.000165239,-1.1588234,-0.12829299,-1.0718812,0.82866138,-0.019142926,-0.93714911,0.44823384,-2.1316369,-1.5610423,-1.6456641,-0.47177535,0.49120313,0.73507702,0.3579306,-1.2382605,0.88598567,-1.3626051,-0.33925241,0.37716061,-1.1581331,0.012065869,0.068941861,0.56072867,-0.23960066,0.39303762,-0.11804131,0.65056133,0.064702332,0.79538953,0.24339733,-0.16572148,-0.79527229,0.51493645,1.0339408,-0.71706063,0.70690858,0.51115644,0.4703424,-0.72142744,0.73818839,0.47859192,-1.1431859,-0.56657398,0.085313544,0.22087404,0.23817271,0.92213643,-0.34933305,-0.50452602,-0.45868194,0.037204243,0.5540812,-0.17059326,-0.21019833,-0.43240875,0.24031574,1.3088231,-1.2780892,0.27040201,0.43505493,-0.68565822,-0.074430503,0.052889913,-1.6866497,-2.3804588,-0.15861084,0.71949959,-0.03986302,-0.25392416,0.66206437,0.13761494,0.49630523,0.37409681,-0.19148366,-0.75756943,0.28965819,0.067526348,-0.3582488,-0.20669445,0.22129853,0.24207056,1.3645034,-1.7618589,-0.12407038,1.6644299,1.8329015,0.5009045,-1.3499435,-0.39602357,-0.61457223,-0.19959709,0.10054642,0.44022694,1.0145198,0.79524058,0.64938486,0.27413374,0.25237682,0.88720626,0.71037132,1.2925503,-1.0077623,-0.00314787,0.41790384,-0.096503064,-0.48384658,-0.16092129,-1.6460611,0.4678269,0.080776647,-0.35247847,-0.23005141,0.42814115,0.15873456,-0.77789712,0.25220796,-0.20895025,0.6582073,-0.25854188,0.73979872,1.1425606,0.19740847,0.13336772,0.73890257,-0.051787153,-0.079342127,-1.1303904,0.35341093,-0.7886138,0.2195324,0.95295441,-0.49787852,-0.73099244,0.43177742,0.2969397,-0.79917127,-1.3795211,0.66039503,-0.79758006,-0.094368905,-1.706944,0.28997537,-0.13611539,-0.82092369,-0.68426234,1.1016536,0.35739365,-2.0178049,-1.3283528,-0.39945784,0.031463794,0.46772027,-0.01854679,0.057579715,0.5608114,0.28515366,-0.17578939,0.11516096,0.30567971,0.35345191,0.23311779,-0.16213463,0.27887183,-1.7608821,-0.029544303,0.73660851,0.095936857,0.14004885,0.53391397,1.1667918,-0.42304668,-0.89715165,-0.37595904,0.077542886,-2.1670411,0.33861285,0.33196378,0.46181923,-0.866229,-1.4964508,0.43218696,-0.38407722,0.07407096,0.043092184,0.017058603,0.82669318,0.15103063,0.39649886,0.45620179,0.049081504,-0.2307767,-0.50586599,-2.3881452,-0.73528355,-1.1017766,0.1690087,-1.0700867,0.16608368,-0.1407752,-0.38588414,0.23514497,2
0.5218758,0.23325397,0.20726529,0.50638944,0.51806432,0.517483,0.50686926,0.50202203,0.50553155,0.51521075,0.5027383,0.51438832,0.49663711,0.47200286,0.50802803,0.47570634,0.50075221,0.5254451,0.50424755,0.50003397,0.5014267,0.50164795,0.49366331,0.49470744,0.50713611,0.50908828,0.51710582,0.50101042,0.51362115,0.51151609,0.50658083,0.50000441,0.48903239,0.50616235,0.50388932,0.488381,0.4913317,0.51247138,0.48436451,0.50098062,-0.89122874,0.17899981,0.36808085,0.41523376,1.3539363,1.7710843,1.37119,0.70088124,0.81316137,1.6253117,1.4618871,1.1874477,0.45646355,-0.10759608,-0.22265597,-0.33976632,0.7065025,0.46749598,0.37283719,0.34694737,-0.64738929,-0.008487495,-0.54367834,0.18433967,-0.68401879,0.026905134,-0.18669401,0.66370434,0.091874152,1.3488671,-0.25027746,0.29694828,-1.280992,-0.18219243,-0.056437865,0.80449474,-1.0667729,0.71066862,0.14103529,-0.99956393,-0.056245882,-1.1448815,-0.70380169,0.4710924,0.89418179,0.46436414,-0.043630373,-1.7305703,0.69811881,0.12398856,-1.1137165,0.60556257,0.049837679,0.1425371,0.56878817,-0.016439617,0.36424413,-0.21338476,0.17470056,0.62494141,-0.77331436,-1.1207958,-0.013034068,0.62500495,-0.42776373,0.23695837,0.078352027,-0.217825,-0.054521196,-0.24182947,0.35304555,0.79432249,-0.17426008,-0.43691212,-0.54591322,0.11666557,0.52362365,-1.0541576,0.35052228,-1.025967,-0.36811277,-1.7830579,-1.054388,0.032787692,-0.56387687,0.3591665,-0.46020117,-0.001938641,-0.071015283,-0.025278233,-0.7337544,-0.54644024,0.17452505,-1.1542484,-0.13534306,-0.028262451,0.082107276,0.023184985,-0.50410509,-1.6152477,0.2381115,0.52055174,0.78909433,-0.17755654,0.45813468,0.3037838,-0.004494213,-0.3339988,-0.35830727,0.26272842,-0.59289473,-0.18247116,0.47082895,-0.29977554,-0.76750112,0.09998107,-0.55128437,-0.59691149,0.27654877,-0.40870327,0.043958232,-0.6406005,0.62716162,0.59100515,0.15610844,0.063771136,-1.6763296,0.75137264,-0.12681937,-0.12385599,-0.035671875,-0.59375209,0.034272309,-0.14018624,-0.66461802,1.0467294,-0.71590149,0.14596033,0.39883938,-1.5012954,-0.15497461,0.31114843,-0.1664695,-0.39504811,-0.75014812,0.45364782,0.1705762,0.26259953,0.75427419,-0.76667154,-0.23477601,0.067623153,0.6036883,0.21642992,0.51030648,0.19893369,-0.15146825,-1.3494413,-1.8433361,-0.70655572,0.24944517,0.55494058,0.18992572,-0.38399264,-0.39699835,0.042385213,1.3447907,0.33945763,0.051204152,-0.14009425,-0.16016705,1.1110988,0.19868529,0.28334218,1.5939436,-0.20124593,-2.3184774,-0.15470152,0.48914927,-0.050814245,-0.28326571,-0.78948051,0.091985047,-1.3893216,0.31345794,-1.1434093,0.22854389,0.039892599,-0.85299981,0.09945409,0.12924187,0.54567075,-0.24099261,-0.36963442,-2.6212318,0.42787063,-0.69351953,-0.0317696,-0.055202916,0.16054554,0.52902317,0.12884997,-0.17017932,0.72729045,-1.65912,-0.90230942,-0.42065126,0.37872502,-0.37008753,0.15605676,0.10514037,0.35739106,0.080547541,0.42748195,0.54933649,0.73955125,-1.0939879,-0.28181627,0.51378167,0.089316852,0.26251134,-0.017338723,-0.27679944,-1.3326032,-0.51658595,0.12193224,-0.38489765,0.10350856,1.0828508,0.3310056,-0.52021104,0.20983739,-0.41818345,0.41755125,0.53542197,-0.37119019,0.040891699,1.4634342,0.10888989,0.36375499,-1.0791705,-0.44919616,-1.9388912,0.97313458,-1.2847509,0.003720462,-0.079042166,-1.4972728,-0.14270996,0.0984786,0.031736754,0.52215362,0.42203012,0.26622874,-1.9352852,1.0824212,0.1642139,1.2326825,-0.088300928,-1.051307,-0.17664643,-1.0227559,0.69804347,0.000372902,-0.8080284,0.30954134,-1.7925119,-1.3149284,-1.3619797,-0.53671622,0.53156757,0.64650822,0.32318562,-0.9268558,0.80870897,-1.0438033,-0.27166387,0.35452637,-1.1044916,-0.049908526,-0.028270138,0.47397351,0.096449733,0.28583804,-0.17055589,0.5413456,0.075162902,0.50836062,-0.003688019,-0.13524939,-0.89406121,0.51039696,0.99768913,-0.54863495,0.77308798,0.39272159,0.55026561,-0.63942999,0.57683986,0.54673266,-0.84687686,-0.61208057,0.13197261,0.11391374,0.16016036,0.6189515,-0.38555723,-0.4833073,-0.4451105,-0.016246974,0.41235435,-0.23432526,0.009290867,-0.42470115,0.209254,1.0150347,-0.99643958,0.21508691,0.32728776,-0.679506,-0.039565347,-0.10078636,-1.4482273,-2.1285338,-0.23628707,0.7149024,-0.011490554,-0.23530272,0.76756847,0.15831412,0.50400478,0.33134258,-0.078273453,-0.53106922,0.26942727,0.006306887,-0.26218218,-0.62494719,0.15138423,0.21319658,1.2487651,-1.7494134,-0.034327418,1.6006186,1.4463238,0.318739,-1.4515464,-0.25168762,-0.53801513,-0.29162669,0.036035698,0.2753332,0.84636271,0.89838934,0.47666532,0.14156744,0.16848549,0.77452946,0.67845488,0.94525409,-0.87737769,0.20448755,0.27011627,0.10119274,-0.39810133,-0.14741275,-1.6373471,0.42835811,0.075981364,-0.38765329,-0.26584828,0.32141435,0.14962924,-0.7035948,0.31970543,-0.33599287,0.12649155,-0.08308126,0.47841555,0.87837452,0.16991678,0.10145494,0.6067158,-0.003335178,0.01013778,-0.98524719,0.29475957,-0.85165286,0.24707094,0.76627082,-0.7338506,-0.43549716,0.51476169,0.36381158,-0.56567955,-1.1551757,0.6500988,-0.54606336,-0.007556171,-1.5023899,0.29482567,-0.090884291,-0.83624101,-0.58678508,0.96598625,0.39993891,-1.8408608,-1.1409391,-0.40549651,-0.003775429,0.31360111,-0.001435653,-0.049707968,0.38693386,0.23317605,-0.16292793,0.31636164,0.4114092,0.50712061,0.27392805,-0.047001876,0.30200428,-1.5738401,-0.023324594,0.38935632,0.074471831,0.098537624,0.53217375,1.0536369,-0.40251657,-1.0527556,-0.53931326,0.16710344,-1.8341979,0.35435158,0.40555277,0.43773848,-0.84144557,-1.3145872,0.30743584,-0.36985582,0.19382589,-0.11241385,0.023606159,0.44214472,0.095386848,0.39157435,0.47960266,0.067180522,-0.10812148,-0.43467829,-2.2067115,-0.70735574,-0.92419732,0.080419399,-0.91849542,0.14190677,0.044073626,-0.28288004,0.22279954,2
0.49263668,0.23478672,0.20539412,0.45612401,0.4506658,0.46282896,0.44479966,0.43745053,0.45397037,0.45145172,0.45751745,0.44558519,0.44767204,0.42905769,0.45834213,0.44480544,0.44493771,0.46778649,0.46483094,0.4341839,0.42808044,0.4427641,0.4389714,0.441625,0.43927231,0.43924987,0.45126879,0.44350576,0.44328004,0.45046279,0.44003972,0.43389556,0.42852187,0.44186944,0.44221032,0.42165494,0.41956103,0.44440162,0.42211923,0.43175763,-0.92041337,0.18755914,0.37347311,0.43006998,1.3770014,1.7681613,1.3157536,0.72870958,0.85353744,1.6459806,1.4280267,1.2149295,0.46611539,-0.22903816,-0.19972873,-0.34167495,0.65055907,0.38674736,0.31676441,0.29657823,-0.43562892,-0.015634414,-0.45979297,0.26003069,-0.68770725,-0.038999017,-0.073859006,0.64805657,0.26754093,1.4654464,-0.22284189,0.24674198,-1.1194955,-0.22676966,0.19691914,1.0231005,-1.0686461,0.65621763,0.19459981,-0.93863225,-0.19330263,-1.180889,-0.5382939,0.33357349,0.89042103,0.60969186,-0.09201733,-1.6710775,0.71463168,0.14979243,-0.94788992,0.34929526,0.013192147,0.044110388,0.64233762,-0.11719234,0.38468179,-0.40758014,0.14510928,0.56612319,-0.61154652,-1.1382804,0.065315105,0.44389132,-0.2561093,0.11430342,0.038844008,-0.23394993,-0.18054016,-0.37582785,0.52716893,1.0056551,-0.20021458,-0.095312268,-0.62942553,-0.046927601,0.44730693,-1.0080817,0.33877471,-0.95933688,-0.35892004,-1.8044969,-0.87556773,0.066290922,-0.55494314,0.38807771,-0.40187994,0.085547209,-0.11123716,-0.14059213,-0.5776087,-0.32368889,0.22124225,-1.0294974,0.12941785,-0.10318927,0.20799842,0.19302851,-0.57500279,-1.5643553,0.51905239,0.48930138,0.76565754,-0.16129988,0.49952361,0.18510211,0.087534241,-0.28138942,-0.27917621,0.21911809,-0.79728532,-0.14185026,0.44164482,-0.21368165,-0.80860519,0.008367091,-0.57885963,-0.48718551,0.20646071,-0.20086399,0.050930467,-0.64726448,0.50410986,0.7339744,0.094919741,0.043780275,-1.7601739,0.64652121,-0.1753695,0.060876042,-0.067262001,-0.50957602,0.076160952,-0.121641,-0.53511244,0.94047713,-0.58274823,0.11923674,0.58263224,-1.6316241,-0.23228861,0.33929342,0.019723631,-0.53118241,-0.80703568,0.71151197,0.18866925,0.26293775,1.0301582,-0.61803335,-0.36921722,0.084226608,0.65946257,0.36337876,0.29872212,0.20260003,-0.02420409,-1.1900568,-1.4651945,-0.70941162,0.21529719,0.70777065,0.15813068,-0.40583691,-0.25629908,0.13001032,1.4744196,0.080155909,0.11768389,-0.14460927,-0.28149378,1.0707123,0.13282879,0.30252177,0.90033829,-0.05053547,-2.3559887,-0.17317045,0.54858464,-0.086792544,-0.43946174,-0.76207989,0.021172598,-1.3901509,0.15648355,-1.2650224,0.4126482,0.10343404,-0.76403588,-0.03337061,0.2925038,0.43444529,-0.21930088,-0.14427316,-2.529433,0.12872089,-0.50622231,-0.051995896,-0.000461891,0.10812344,0.5260458,0.22344801,-0.28368387,0.64038289,-1.4758226,-0.75301844,-0.38393775,0.32202983,-0.48720518,0.17750928,-0.15079609,0.54762769,0.096403956,0.42635733,0.59531832,0.94425249,-0.82233787,-0.307441,0.55921632,0.047384068,0.28395182,0.053381901,-0.35155088,-1.1363721,-0.52975905,0.096444711,-0.43587974,0.49244186,1.1617479,0.37358755,-0.44221368,0.30570114,-0.43195349,0.62204587,0.66289127,-0.36718616,0.062673584,1.5870593,0.49523652,0.30200312,-0.75765193,-0.21285425,-1.900869,0.96620739,-1.3624363,-0.13331813,-0.19593801,-1.4090288,-0.060518041,0.19432411,0.070440024,0.77096319,0.35687739,0.16438709,-1.7871009,0.87413299,0.35231546,1.0389285,0.14414981,-1.0035486,-0.19307685,-0.84194458,0.48002112,0.18798916,-0.93686914,0.22082394,-1.6432101,-1.5137842,-1.4102213,-0.39794183,0.50804859,0.25362796,0.30410081,-0.7411741,0.64144075,-1.245826,-0.3675881,0.33164853,-1.0564992,-0.13973361,0.045658492,0.45796651,0.020267285,0.4249092,0.13156874,0.58648658,0.02196791,0.67967802,-0.040806282,-0.073453233,-0.63369471,0.45710039,1.0990967,-0.49540824,0.6457864,0.44227043,0.75638342,-0.64598918,0.52654666,0.61061203,-0.94942808,-0.51866913,0.083211802,0.076315127,0.31339687,0.77381992,-0.46454623,-0.54489201,-0.39797226,0.034183498,0.60884327,-0.31049562,0.17390954,-0.25656554,0.17795528,1.1741021,-0.98998278,0.15895806,0.43465939,-0.5796957,-0.066063613,-0.12589432,-1.3265339,-1.8707104,-0.33893353,0.58284444,0.09820845,-0.18719925,0.70496744,0.13461754,0.55965149,0.28993383,-0.24366279,-0.44555414,0.25580454,0.032113872,-0.11216533,-0.56872183,0.10474533,0.23451366,1.1448922,-1.6332617,-0.26898059,1.5205998,1.6167604,0.27602839,-1.0953929,-0.1802704,-0.33947337,-0.058431346,-0.06240768,0.48850566,0.77871621,0.87587136,0.49974951,0.1401114,0.18491994,0.81758094,0.81749135,1.1119382,-0.67163545,0.36016759,0.44815141,0.14471826,-0.42468446,-0.074034348,-1.5755808,0.34542951,0.06854824,-0.3199923,-0.27788675,0.54338372,0.14302045,-0.80637866,0.22766468,-0.26531032,-0.05477497,-0.076337308,0.65774679,0.91443533,0.14103404,0.19394733,0.62882823,1.8781685,0.087249205,-1.1065615,0.27767989,-0.64313245,0.10971273,0.74579078,-0.67964292,-0.31093612,0.41944969,0.53274852,-0.56440806,-1.0241678,0.44388446,-0.59259355,0.058261774,-1.258963,0.39278632,-0.14715523,-0.7974391,-0.61866254,0.94971031,0.67376059,-1.8021213,-1.171315,-0.29160887,-0.000904167,0.2902723,0.035383139,0.093335152,0.47430345,0.23515329,-0.17511503,0.34880295,0.38640499,0.32145023,0.22883548,-0.12435184,0.20161262,-1.546698,0.26401365,0.40020448,0.10235158,0.096993059,0.6362524,0.75997233,-0.3462595,-0.86030728,-0.41956609,0.10490875,-1.7773808,0.28640404,0.46267825,0.37255701,-0.68404663,-1.2728572,0.19646767,-0.58421415,-0.011309892,0.10919422,0.036636479,0.4502221,0.12813979,0.35573068,0.55437046,0.048009295,-0.12014471,-0.35031417,-2.2384706,-0.81929368,-0.84077269,0.096338041,-0.73259556,0.049040794,-0.12718646,-0.32668102,0.21277498,2
0.55203706,0.28197807,0.24839325,0.52334589,0.50251698,0.53621078,0.52023077,0.50008434,0.51932478,0.52133596,0.50162232,0.50031346,0.50281578,0.47782451,0.51274484,0.49929714,0.50308812,0.53672099,0.51455724,0.49479997,0.48561257,0.51140678,0.50157005,0.50040901,0.50141215,0.5100075,0.51799381,0.50554758,0.51769042,0.49994218,0.49754053,0.49293545,0.49956435,0.49619141,0.50344944,0.47598135,0.47669303,0.50451845,0.48151001,0.50298578,-1.0468924,0.22353101,0.44276208,0.44672716,1.3118188,1.7973726,1.4069431,0.75097042,0.86157215,1.6618323,1.4799716,1.229575,0.55480826,-0.13474095,-0.17900985,-0.27127546,0.87207079,0.57587457,0.47924504,0.41373503,-0.56784308,0.026877981,-0.39592806,0.26014566,-0.62518513,-0.005335145,-0.19942439,0.70077634,0.085271448,1.4544283,-0.31088278,0.31519771,-1.3068708,-0.23060645,-0.099819377,1.1529948,-0.98782575,0.90303266,0.27000883,-0.95397478,-0.064801507,-1.1589117,-0.64891905,0.64333552,1.1029024,0.56642759,-0.036520056,-1.7688102,0.88981879,0.18103719,-1.071133,0.43062213,0.039066289,0.16141948,0.86475337,-0.079474524,0.36013734,-0.34411526,0.13511316,0.74277651,-0.8250677,-1.2266181,0.009016261,0.64667958,-0.51299548,0.4565219,0.05883868,-0.30813369,-0.11031327,-0.28661066,0.40685558,0.71330333,-0.214045,-0.35687187,-0.67165446,0.29040724,0.72856724,-1.2198861,0.45874304,-0.94251025,-0.4017913,-1.9257772,-1.155745,-0.098774567,-0.62508428,0.22230357,-0.44733933,0.062406853,-0.079529002,-0.18073857,-0.97133768,-0.63972378,0.52084953,-1.1790531,-0.19755551,-0.12277821,-0.009489879,-0.38397026,-0.51335222,-1.9560857,0.8956266,0.59750682,0.90270579,-0.21932888,0.55991316,0.44252151,0.059947416,-0.033163473,-0.36508399,0.39597112,-0.76701844,-0.10699897,0.59067392,-0.35785133,-0.89304912,0.020838417,-0.66175979,-0.77014869,0.3217499,-0.51933694,0.12478684,-0.69911277,0.68255436,0.88226002,0.15433675,0.000732868,-1.9073713,0.7082386,-0.1010645,-0.16457622,-0.084045023,-0.65219557,0.01576256,-0.19533344,-0.66123909,1.1734673,-0.73216784,0.17264286,0.61926913,-1.7570269,-0.12911969,0.35945258,-0.22695203,-0.4598068,-1.1134026,0.48259231,0.042395681,0.30789655,0.83963519,-0.83614546,-0.34771073,0.12681507,0.18845841,0.1932558,0.04980129,0.10228959,-0.21740162,-1.4653325,-1.9648243,-0.80742228,0.29484141,0.72489583,0.1218003,-0.30677408,-0.5945363,0.045487456,1.2412488,0.10191597,0.087778181,-0.19143938,-0.31440109,1.108573,0.16553578,0.4054485,1.0515487,-0.32341963,-2.4918752,-0.16380656,0.554012,-0.005392278,-0.18599042,-0.9793269,0.02656471,-1.5717711,0.25805449,-1.3524567,0.17185202,0.019071285,-0.97646821,0.18150371,0.34248468,0.58208537,-0.24391289,0.001887098,-2.8786242,0.36264113,-0.47659987,-0.037993107,0.14833143,0.25113252,0.48663595,0.21319528,-0.14657408,0.71224701,-1.979434,-0.98469704,-0.53684545,0.42212835,-0.40105686,0.13914263,0.055325136,0.41462642,0.005346878,0.44194609,0.41237029,0.77272183,-1.1239843,-0.26148635,0.73110235,0.052920371,0.24464799,-0.056851439,-0.28081915,-1.2244767,-0.51685715,0.24188808,-0.39673159,0.17639229,1.2271932,0.42823315,-0.46032885,0.3138988,-0.45277765,0.45313245,0.66234326,-0.48130155,0.066059016,1.8373964,0.33353505,0.32206365,-0.95790935,-0.39673012,-2.1487107,1.0565609,-1.4524326,-0.13869365,-0.11301991,-1.4945861,-0.30700403,0.17043072,-0.10560779,0.34946835,0.57133955,0.54316914,-2.0385594,1.0302171,0.92345846,1.3649836,-0.050013427,-1.1861553,-0.11252002,-1.1073012,0.64074671,0.11734147,-0.98030305,0.4665997,-2.0745277,-1.5293273,-1.5325152,-0.51347291,0.38755372,0.61012363,0.45716146,-1.1552639,0.83079445,-1.3276777,-0.39363259,0.36935854,-1.2919701,-0.14640257,0.055522226,0.54915267,0.24970222,0.42611566,-0.21480238,0.59899449,0.051507931,0.43893927,0.31720743,-0.16146776,-0.79671669,0.64048719,1.1734636,-0.71112585,0.75420648,0.36800569,0.47160986,-0.82219148,0.70510769,0.53034967,-1.1207889,-0.59576452,0.089580223,0.015143082,0.14455023,0.92769533,-0.37885302,-0.57095718,-0.5259549,-0.032885525,0.57731861,-0.28118119,-0.089536771,-0.46105331,0.2858409,1.1843612,-1.2479999,0.15609294,0.41432992,-0.71724153,-0.015610054,0.091503851,-1.6018037,-2.3130677,-0.31356034,0.89423108,0.08780425,-0.27618614,0.69087511,0.19482911,0.61057878,0.45389622,-0.20511536,-0.5540688,0.37795836,0.1164029,-0.35464907,-0.30741209,0.10815525,0.18303284,1.340845,-1.7817736,0.054231741,1.6846533,1.7394743,0.59074008,-1.3127526,-0.36997741,-0.51688856,-0.27365088,0.097038567,0.24843867,0.97691911,0.85906929,0.51294607,0.13527842,0.15578638,1.0618181,0.70584571,1.1350822,-0.95785397,0.27294105,0.3510665,0.064505503,-0.52014959,-0.17147703,-1.810292,0.54516089,0.10523909,-0.51840359,-0.21570364,0.56695569,0.20580906,-0.77354765,0.25320032,-0.24055502,0.45969653,-0.1999006,0.72615451,1.2169576,0.2639806,0.15916957,0.7187376,-0.24035209,0.00614041,-1.1275934,0.28327948,-0.81995946,0.082370393,0.75432897,-0.79074979,-0.44196266,0.55675906,0.36096138,-0.69285142,-1.1676502,0.74380732,-0.59065282,0.12453552,-1.5218261,0.23937336,-0.19379795,-0.7520045,-0.70956063,1.066172,0.41962713,-2.1200809,-1.4375203,-0.46437249,-0.064917721,0.39906561,-0.033330992,0.11955546,0.54188246,0.35922396,-0.28033179,0.2530416,0.33059493,0.29781014,0.35883898,-0.033033408,0.52379948,-1.7240143,-0.085429713,0.48347622,0.11179142,0.097935595,0.63853413,1.2716224,-0.48737574,-0.90825039,-0.45898235,0.13531977,-1.9957415,0.45073909,0.46688378,0.50832844,-0.94044107,-1.4425302,0.26548743,-0.38466626,0.26141226,0.053755291,-0.012028426,0.43646947,0.13493009,0.43065655,0.40565762,0.15554492,-0.14957488,-0.4217391,-2.3671465,-0.73650748,-1.1398089,0.31895021,-1.0772731,0.064088076,-0.046612762,-0.36806479,0.23498061,2
0.54939413,0.27477211,0.24260664,0.50161362,0.49279895,0.5247702,0.48283646,0.48350233,0.49553153,0.49262968,0.50185376,0.47948956,0.4775672,0.47583297,0.48546857,0.49192047,0.47710782,0.51795101,0.51238674,0.4819172,0.47360051,0.49258983,0.4904803,0.47859707,0.50408846,0.49150109,0.50453162,0.48918903,0.49181241,0.5002616,0.49237365,0.48241019,0.47067416,0.48267049,0.49549618,0.46042421,0.46623743,0.47907186,0.47542626,0.49005234,-0.84800774,0.20177814,0.50397569,0.48127231,1.3872786,1.813271,1.4895306,0.80394661,0.94325197,1.729672,1.5441649,1.2914739,0.46288061,-0.1457845,-0.25586104,-0.26899493,0.66276026,0.39049292,0.3980689,0.32762569,-0.46267858,0.084827289,-0.29595709,0.34358326,-0.67947668,-0.060136624,-0.14202502,0.74859756,0.46353039,1.4299318,-0.21342726,0.23658341,-1.1910976,-0.18055524,0.076826245,0.72754246,-0.98449731,0.71733332,0.35186756,-0.96693075,-0.065799244,-1.0687274,-0.59244812,0.42989877,0.7726751,0.80749923,0.072930098,-1.5974543,0.52045834,0.19890541,-1.0074552,0.58561814,0.087077893,0.18532416,0.67633647,-0.10829812,0.57096189,-0.5413608,0.11611931,0.53254962,-0.7844708,-1.2156922,0.073177367,0.55971384,-0.32301161,0.21574369,0.056603841,-0.15545806,-0.12112163,-0.22722425,0.42717093,0.9512369,-0.1830858,-0.67693943,-0.76376873,0.48808753,0.52278954,-1.0828183,0.41725543,-1.2397074,-0.33584589,-1.7883334,-1.1413519,0.018102229,-0.48759386,0.1563147,-0.53270614,0.18051735,-0.088377416,-0.28980607,-0.75226408,-0.38295764,-0.11170063,-1.1976633,-0.15392424,-0.19851178,0.15957582,0.19696182,-0.50282609,-1.7208464,0.33454585,0.47072509,0.82638729,-0.18514901,0.48836356,0.20678633,0.056930408,-0.14052087,-0.41786098,0.37979907,-0.67316604,-0.34277502,0.43145111,-0.31220207,-0.79540569,0.024135396,-0.67714739,-0.73331022,0.27752459,-0.5640958,0.095557116,-0.46142727,0.82135195,0.66782755,-0.056577217,-0.085172325,-1.8515229,0.72490543,-0.17234842,-0.16425501,-0.14159667,-0.59455419,-0.069852322,-0.16729635,-0.59485209,1.0221394,-0.73493505,0.14063372,0.49085447,-1.9436034,-0.26675782,0.3523204,-0.10602681,-0.566634,-1.0340325,0.56779706,0.22073188,0.34822512,0.75027293,-0.70996237,-0.30696675,0.085897855,0.30467859,0.038449645,0.45053405,0.16210613,-0.22934034,-1.3158795,-1.534458,-0.74221742,0.21147913,0.52277452,0.082018159,-0.2336994,-0.3616581,0.11270027,1.4763927,0.081128158,0.084373929,-0.35523766,-0.25946519,1.1500307,0.16956916,0.29373544,1.3806441,-0.06207601,-2.2609034,-0.12662001,0.51444906,-0.061129149,-0.2951991,-0.93547779,0.023046002,-1.5160124,0.31691593,-1.4007535,0.63398743,-0.11168179,-0.89227039,0.12043002,0.2706908,0.68109,-0.21699493,-0.082711101,-2.8232727,0.33284962,-0.61939913,-0.039659586,-0.14642683,0.33662689,0.51145744,0.15775806,-0.27403331,0.54913217,-1.6231791,-0.83008724,-0.44887716,0.27699748,-0.46883199,0.045675077,0.10461582,0.43507671,0.051860999,0.4214617,0.48733479,0.87773037,-1.0481496,-0.25781903,0.51326454,0.036654077,0.22946455,-0.018786643,-0.29850218,-1.1766348,-0.47395766,0.15890172,-0.28445762,0.58206791,1.079692,0.35606733,-0.42697558,0.1717255,-0.38382712,0.63316995,0.5090692,-0.40694273,0.12875903,1.7020837,0.061888035,0.16854367,-1.1048571,-0.17784393,-2.0554078,1.1107528,-1.5217911,-0.27383852,-0.23279233,-1.5472453,-0.24797948,0.23341163,0.069174483,0.35065725,0.44594684,0.52971232,-1.9472802,1.0110822,1.9751927,1.1232132,-0.11131915,-0.97247499,-0.18641859,-0.92854571,0.66261756,0.1465006,-0.95507652,0.40793681,-2.0142395,-1.8696845,-1.4794979,-0.41597089,0.2749944,0.23537564,0.32516038,-1.0515056,0.73120123,-1.3092271,-0.36159244,0.34489003,-1.1204555,0.045534909,0.051345892,0.49091148,-0.13971172,0.29684922,-0.033457831,0.56372136,0.08504419,0.81700736,0.013787646,-0.1414451,-0.8796556,0.44344473,1.110039,-0.60895443,0.6929484,0.57206213,0.67892528,-0.69864911,0.69014227,0.47574183,-1.1659471,-0.51418954,0.073380142,0.076197393,0.28319785,0.84068465,-0.37044954,-0.5715068,-0.42999017,0.002795463,0.70594507,-0.33538237,-0.022992112,-0.33369476,0.16830234,1.0945454,-1.1443934,0.2671833,0.25861758,-0.64200985,-0.12723981,-0.24178138,-1.566478,-1.8969054,-0.014247909,0.6232993,0.18610466,-0.37826437,0.68805534,0.2323948,0.53176826,0.32121706,-0.17719677,-0.64200747,0.27882144,-0.020096559,-0.20200354,-0.43913907,0.23330648,0.14918858,1.3365388,-1.7088659,-0.14183393,1.6565619,1.6818768,0.5580858,-1.1823115,-0.3209942,-0.51237106,-0.13516526,0.09785299,0.45717582,0.96450949,1.0167619,0.52181923,0.1616686,0.21385896,0.70989174,0.69871891,0.85514575,-0.88264465,0.3029902,0.36484668,-0.01234144,-0.30267283,-0.2244446,-1.7398014,0.34841794,0.050188899,-0.55300587,-0.20033333,0.1366147,0.087630168,-0.77068508,0.34703994,-0.2338413,-0.1256129,-0.25590259,0.5533976,1.1114681,0.15743992,0.093052119,0.663248,-0.033391193,-0.24123409,-1.0832119,0.25894397,-0.73407847,0.23907983,0.79469538,-0.70079875,-0.42022222,0.5070408,0.50632113,-0.62717855,-1.319105,0.61269903,-0.6064871,-0.069420449,-1.4053816,0.28775379,-0.17258856,-0.84679842,-0.71422458,1.0694593,0.5422042,-1.9751259,-1.2001508,-0.35917681,0.033109784,0.30804691,0.042690825,0.12790604,0.35811028,0.21653466,-0.22543994,0.23658071,0.31868103,0.59326887,0.087361306,-0.16581257,0.106961,-1.6259487,-0.002588,0.48614955,0.083816119,0.14609349,0.72145462,0.92343122,-0.39772785,-0.8817035,-0.49875075,-0.18958822,-1.9832975,0.35662502,0.23851819,0.41699803,-0.81907082,-1.3763857,0.30555311,-0.31765214,0.096104458,0.051850874,-0.06408792,0.64494354,0.14281684,0.38443291,0.53336787,0.016114825,-0.29635882,-0.47110069,-2.2402363,-0.72322357,-1.0686153,0.12064493,-1.022586,0.053450227,-0.23876341,-0.31171176,0.16240342,2
0.53825015,0.27081934,0.21433733,0.49876434,0.48676723,0.50853771,0.49504501,0.47942084,0.50636542,0.50889385,0.4914619,0.47974515,0.48354983,0.4720189,0.48452055,0.47217977,0.48085988,0.51343822,0.45552406,0.47059974,0.45278251,0.48644492,0.47889507,0.47378206,0.48905396,0.47443828,0.49950314,0.48599035,0.41155446,0.4959546,0.48870969,0.47388229,0.41398424,0.48210263,0.48435467,0.45927835,0.4617871,0.48747724,0.45909119,0.47468662,-0.73148793,0.19781095,0.33585089,0.3644411,1.2664118,1.6850996,1.2953601,0.65364492,0.77073705,1.5632455,1.3582091,1.1303655,0.39537609,-0.19174339,-0.18293455,-0.20416242,0.60102218,0.33936259,0.35587201,0.2877579,-0.46371126,0.044840939,-0.41077831,0.29606247,-0.66514462,-0.1027851,-0.14139603,0.59507805,0.26972169,1.3165075,-0.16627309,0.25830975,-1.0815915,-0.25630981,0.092655674,0.75427938,-0.96238428,0.66947216,0.21056689,-0.90411073,-0.063685298,-1.1804835,-0.51849651,0.51957715,0.76589155,0.61186391,0.004153666,-1.5882452,0.59613723,0.15953463,-0.94636977,0.32351217,0.068525359,0.080064565,0.62229168,-0.13890672,0.45155096,-0.24720562,0.11611405,0.50596136,-0.67297059,-1.0716828,0.088111162,0.4870376,-0.39362633,0.23797052,0.068723649,-0.10609599,-0.10627448,-0.28883085,0.47500014,0.95328075,-0.19253927,-0.55068398,-0.71763974,-0.016310811,0.4679144,-1.0064154,0.34681857,-0.98874819,-0.36286736,-1.6955945,-0.88982904,0.041918337,-0.50367612,0.22883548,-0.46790624,0.037489593,-0.091487512,-0.15597987,-0.6804564,-0.39381498,0.38255119,-1.0108242,0.004540406,-0.1249842,0.19150196,0.073500305,-0.49436593,-1.3318915,0.47203976,0.42108929,0.77666891,-0.14909302,0.54358006,0.26763171,0.048890114,-0.25025922,-0.3010194,0.13371965,-0.62983286,-0.16263862,0.38560602,-0.19952613,-0.7370159,-0.03526888,-0.46123978,-0.50960207,0.14608487,-0.16129223,0.074481741,-0.61122316,0.56811911,0.46681476,0.045080572,0.008447535,-1.6337854,0.50872684,-0.11995538,-0.14045787,-0.073655441,-0.52469689,-0.033533476,-0.14758639,-0.56253123,0.82939237,-0.70472682,0.14718528,0.50996453,-1.6483414,-0.15946676,0.29454771,-0.097140148,-0.4895789,-0.77887154,0.6444605,0.14666143,0.09449999,0.92892402,-0.67112958,-0.39346933,0.098872684,0.15986194,0.14594918,0.17869064,0.18071829,-0.11923647,-1.1379966,-1.3706269,-0.71616709,0.23593734,0.44041398,0.027054198,-0.33943176,-0.22608434,0.078885749,1.3975937,-0.096948639,-0.000274055,-0.21757755,-0.1799849,0.95247263,0.11365438,0.26674414,1.5409449,-0.078909315,-2.5045934,-0.21401182,0.63792795,-0.011261498,-0.21982943,-0.70625383,0.002170116,-1.221458,0.2933951,-1.1676487,0.17822081,0.12197019,-0.81323087,0.08285255,0.22677362,0.34159136,-0.21651685,-0.3021397,-2.3737037,0.22985105,-0.49503997,-0.068807371,-0.04121764,0.16952457,0.43244123,0.054176122,-0.30228388,0.58479106,-1.2854371,-0.83068055,-0.3396706,0.30606246,-0.4377014,0.13537477,0.070795387,0.50441253,0.042970859,0.49810103,0.49628875,0.69806319,-0.89686793,-0.22617826,0.44082806,0.14724293,0.26064217,0.046939913,-0.27894026,-1.1280429,-0.52139419,0.14020659,-0.42746067,0.60813415,1.0289762,0.33636993,-0.45178121,0.24115194,-0.4083505,0.57551432,0.4036442,-0.29216737,0.17980111,1.4935639,0.12405971,0.26112878,-0.87099773,-0.16999409,-1.8318188,0.96497482,-1.2770908,-0.095971793,-0.2766704,-1.4148924,-0.16892242,0.061638296,0.13678479,0.84545302,0.21732783,0.36618471,-1.6383164,0.78289753,0.1554547,1.0520347,-0.051257432,-1.0061011,-0.14626914,-0.71170533,0.57221746,0.099226676,-0.91447735,0.34772676,-1.5692791,-1.4770896,-1.4211138,-0.38024002,0.38635656,0.45599547,0.25791866,-0.76572478,0.66026682,-1.0861416,-0.29894748,0.30967414,-1.0631046,0.05934665,0.030685598,0.34537357,-0.12013471,0.35203099,0.1226542,0.40518308,0.087363645,0.5354014,0.078235254,-0.11490197,-0.61075991,0.3540222,1.0984762,-0.50748795,0.72566897,0.44336066,0.63804156,-0.67612189,0.5928216,0.47598556,-0.91725147,-0.40280455,0.16646932,0.075678088,0.27970529,0.78590876,-0.44293004,-0.49867442,-0.44096521,0.10029489,0.54514849,-0.25869244,-0.00526686,-0.26348639,0.21584874,1.0724038,-0.69982439,0.15798368,0.254417,-0.61833388,-0.026859475,-0.26843852,-1.2902479,-1.7529027,-0.33086583,0.55546993,0.12835811,-0.47641483,0.63446385,0.059306055,0.46660984,0.29848856,-0.12098339,-0.45272645,0.21367532,0.07940501,-0.19745843,-0.60199195,0.13525665,0.30200341,1.2379284,-1.6804919,-0.11487395,1.4189981,1.5648844,0.44846663,-1.0786196,-0.22641741,-0.32013723,-0.1445082,0.048137523,0.36454126,0.70707715,0.83152187,0.36247477,0.1334563,0.19125625,0.72329128,0.75565618,0.96580917,-0.75304079,0.39771751,0.29324064,0.2532922,-0.35470706,-0.16490537,-1.4355187,0.32834405,0.079763785,-0.31721064,-0.32454157,0.40787625,0.22576976,-0.77413487,0.2554484,-0.20772496,-0.050750703,-0.004231885,0.42464069,1.1866705,0.2195587,0.049954757,0.60447586,-0.14139597,0.026412446,-1.0066597,0.18470365,-0.67211258,0.10333732,0.58817583,-0.5176031,-0.33493084,0.43091634,0.48854029,-0.48755684,-1.0011256,0.54319096,-0.64995462,0.039583579,-1.3189744,0.31587064,-0.15287875,-0.6178205,-0.38734701,0.91203159,0.52522945,-1.6568465,-1.1451482,-0.31743971,0.073639505,0.29260689,-0.017193764,0.024249751,0.43401504,0.24759857,-0.21540029,0.279309,0.32583433,0.32226789,-0.21471401,-0.34885362,0.078660652,-1.5408431,-0.01513873,0.41335517,-0.00379001,0.19389778,0.55607867,0.96458769,-0.31590229,-0.80247885,-0.36744982,0.001618721,-1.654583,0.27515918,0.40816474,0.37262231,-0.76939368,-1.1117178,0.22262678,-0.44270718,0.066105917,0.069380291,-0.096926376,0.29685229,0.1662387,0.30747196,0.3657881,0.040456679,-0.18135907,-0.34008151,-2.0271082,-0.75999212,-0.74467093,0.037307899,-0.75325298,-0.015142351,-0.17216645,-0.27537709,0.1178285,2
0.50260794,0.22601855,0.17940722,0.48169166,0.47616959,0.48548383,0.47168934,0.45768237,0.47777849,0.47296208,0.4695932,0.46290785,0.46134993,0.44867259,0.47259021,0.46042502,0.45397627,0.49340647,0.47124702,0.44096464,0.44641903,0.46389022,0.45128533,0.45649508,0.45211506,0.45427185,0.47437108,0.46951365,0.45953125,0.4693768,0.46852559,0.44873226,0.44896469,0.45271602,0.46981636,0.4426012,0.44732252,0.45938277,0.44084841,0.4594785,-0.47436735,0.16030353,0.17122084,0.25485459,1.1768004,1.5458975,1.1669894,0.50209898,0.60309547,1.4336412,1.2823466,0.98087251,0.40468454,-0.11268435,-0.096829355,-0.22485009,0.63611251,0.35071349,0.31830591,0.29417294,-0.12589484,0.004518572,-0.33136863,0.27586025,-0.56290436,-0.069322206,-0.15150926,0.52159363,0.10549647,1.1363416,-0.11747669,-0.35163048,-0.98074359,-0.1689665,0.06267906,0.93383002,-0.86558449,0.61335373,0.066647157,-0.81231374,-0.065521836,-1.0375276,-0.42400196,0.38730133,0.82781982,0.461795,-0.052687239,-1.4663134,0.84159148,0.153661,-0.94685823,0.23307841,-0.015003428,-0.10803043,0.76411074,0.37395149,0.3684645,-0.24030465,0.28668395,0.53115416,-0.73415953,-0.86971426,-0.050348654,0.48998752,-0.27496827,0.10555166,0.084374189,-0.10955095,-0.018596694,-0.20430249,0.25425303,0.81094497,-0.18249948,-0.39888659,-0.58540088,0.05320324,0.31617999,-0.88674653,0.25508294,-1.1289477,-0.17059569,-1.5141844,-0.73366332,-0.013815768,-0.52708644,0.34797508,-0.41720623,0.01868467,-0.01463522,-0.18508008,-0.67793655,-0.59851491,-0.0083327,-0.90792394,0.012499806,0.0078554,0.1114367,0.26631874,-0.50967026,-1.3287942,0.63274598,0.35274431,0.75555617,-0.13761705,0.36107188,0.23617387,0.018695101,-0.40671635,-0.24549007,0.30361524,-0.45067781,-0.035851717,0.40719709,-0.06890361,-0.64797515,-0.037737012,-0.41033998,-0.46500289,0.20317344,-0.26820326,0.11724589,-0.60365552,0.55091363,0.61265516,-0.010991286,0.15121022,-1.5246633,0.63714856,-0.10641925,-0.043752544,-0.026337434,-0.4513697,0.13853592,-0.12426906,-0.51177973,0.79628342,-0.58507079,0.1513008,0.42505011,-1.2404622,-0.16648723,0.24372706,-0.093217038,-0.36009228,-0.72028178,0.52548265,-0.034755975,0.19103591,0.69380999,-0.61638248,-0.33899605,0.095715605,0.12991668,0.24411185,0.20900372,0.23208755,-0.23080324,-0.9812265,-1.3666831,-0.7481184,0.22331792,0.54735732,0.11394432,-0.3490724,-0.34157735,0.10410611,1.0153502,-0.16065115,-0.036450766,-0.27320129,-0.094723955,0.85037845,0.074385963,0.2348381,0.86528343,-0.059317969,-2.1338677,-0.16531563,0.31524193,0.032292727,-0.038541198,-0.56882519,0.13970129,-1.1397197,0.2297858,-1.3055756,0.097282737,0.19984496,-0.71380091,0.16989914,0.16942981,0.27344954,-0.19987187,-0.6150704,-2.146174,0.28352809,-0.50521815,-0.052774221,-0.008187905,0.11810809,0.27826035,0.12130846,-0.22577748,0.58952683,-1.2822841,-0.64815015,-0.29634491,0.30264148,-0.4691149,0.26541829,0.080457509,0.31857049,0.068907402,0.43934086,0.38387653,0.77191401,-0.75820529,-0.17209086,0.49902454,-0.10042212,0.25900197,-0.036632862,-0.18624878,-0.9756096,-0.31970379,0.088920206,-0.46102569,0.12378567,1.0790454,0.30795464,-0.38443953,0.37905985,-0.27472135,0.32773182,0.69717866,-0.247531,0.16513449,1.2468479,0.21274154,0.17445755,-0.67130172,-0.049887046,-1.5640951,0.81829989,-1.1192451,-0.20165221,-0.16280825,-1.2558582,-0.039759766,0.14610894,0.10208938,0.2555072,0.56815791,0.31339079,-1.3374467,0.69890249,0.20916824,1.1243346,0.060197689,-0.82831955,-0.14427711,-0.74330574,0.41312915,0.031152785,-0.84809935,0.23769139,-1.560594,-1.3265897,-1.2251137,-0.30148917,0.38034302,0.53931874,0.18765315,-0.65256792,0.63816088,-0.94157624,-0.34934562,0.37563133,-0.86950034,0.01822383,-0.012568536,0.48424113,0.28111169,0.41605261,-0.013515532,0.32761928,0.08551164,0.11280692,0.29602182,-0.076539993,-0.59319651,0.4010424,0.9406966,-0.32526192,0.48893622,0.40671384,0.52887148,-0.66036433,0.5829851,0.45329162,-0.75022733,-0.32930017,0.17589375,0.061520144,0.28966802,0.6649189,-0.31529447,-0.3975018,-0.27806059,0.046942033,0.42859676,-0.18847811,-0.035643153,-0.24858283,0.20910665,1.1326288,-0.74269742,0.12779965,0.50998825,-0.60305387,-0.057233982,-0.13502498,-1.0683166,-1.5454706,-0.45321995,0.53859288,0.074960627,-0.32094339,0.63769013,0.081472501,0.51709527,0.25403786,-0.000992596,-0.4196955,0.22882454,0.076636001,-0.28970453,-0.86678207,0.066031002,0.21416785,0.90734255,-1.3986276,-0.1910447,1.4536209,1.3882477,0.34759393,-1.0518081,-0.12998354,-0.36450526,-0.005702138,0.11629732,0.14000872,0.62109441,0.63463026,0.41968185,0.16771016,0.26305789,1.000683,0.64571917,1.0490232,-0.67823327,0.19002494,0.21434404,0.12183383,-0.25095645,-0.2090746,-1.4605321,0.28622875,0.061956957,-0.33980966,-0.23784691,0.39361414,0.19545874,-0.66128451,0.16176182,-0.19610527,0.29296589,-0.050217927,0.5015887,0.81215155,0.24157327,0.13342921,0.51902384,-0.13187532,0.21271901,-0.89629561,0.30863345,-0.68096042,-0.003684163,0.76218462,-0.53933847,-0.35380346,0.3365308,0.2775656,-0.5245468,-0.88248491,0.53447253,-0.67201859,0.13664325,-1.1968632,0.27734792,-0.093732297,-0.53471893,-0.49534607,0.75822973,0.42563123,-1.7474301,-1.147918,-0.2420948,0.077178203,0.18072131,0.068812996,0.06569837,0.37629294,0.23738508,-0.19272059,0.23218849,0.34160078,0.24618298,-0.16431792,0.12161261,0.098271504,-1.3063253,0.021656629,0.38608217,0.071387753,0.17647579,0.42473039,0.84258962,-0.33382067,-0.76237285,-0.39346772,0.29186854,-1.4811517,0.36598274,0.2829935,0.29693076,-0.66078919,-1.1787107,0.30789465,-0.2829259,0.22028552,0.05000864,-0.13468379,0.15821627,0.14294098,0.31160325,0.42262343,0.055155292,-0.090223134,-0.24351712,-1.9314721,-0.57560557,-0.84026289,-0.000529513,-0.66279811,0.052694097,-0.31908083,-0.19634236,0.16001478,2
0.55167007,0.24152017,0.23447466,0.53431475,0.52041554,0.54345012,0.52338088,0.52214897,0.5332666,0.54252422,0.52684689,0.52098745,0.52315605,0.51598883,0.53738785,0.51653469,0.52457803,0.56128657,0.53911906,0.51187199,0.51979256,0.53286004,0.52214706,0.52211416,0.53335834,0.51622325,0.53880537,0.5274266,0.52859962,0.53978026,0.52941465,0.52212763,0.51810992,0.52470934,0.5377605,0.51336944,0.51507413,0.53148359,0.50877953,0.52580893,-0.65795404,0.22047907,0.17702264,0.25328511,1.1377929,1.5202677,1.113471,0.48459417,0.58863109,1.3901254,1.2229867,0.95459497,0.40892631,-0.11385998,-0.091917008,-0.1382743,0.63440955,0.35745397,0.29771715,0.29649717,0.008044541,0.058906764,-0.28126317,0.2051176,-0.53081435,0.067367956,-0.13173485,0.6080851,0.15060548,1.185843,-0.1358135,0.23091295,-0.95602912,-0.15641649,0.059455805,0.85388935,-0.81163055,0.56326354,0.22699876,-0.68689191,-0.000363864,-0.82991707,-0.47738487,0.45618224,0.83650917,0.49535304,0.001057185,-1.4017353,0.62848759,0.13552782,-0.79138488,0.50330937,0.020951061,-0.043838806,0.51450092,0.009850837,0.5119611,-0.31015375,0.14173967,0.52923048,-0.6166389,-0.94126523,-0.008914009,0.48650715,-0.38861477,0.15991689,0.054056562,-0.1904995,-0.087803856,-0.23079275,0.33444998,0.78765672,-0.1241567,-0.33893618,-0.52642125,0.19657488,0.45190445,-0.87797064,0.30418921,-1.008013,-0.25996315,-1.5792485,-0.86371994,-0.034208093,-0.37175161,0.24092378,-0.4775022,0.072661817,-0.096097872,-0.1699352,-0.67879206,-0.2830494,0.27282518,-0.97124588,-0.15132882,-0.14339623,0.045354187,-0.018255636,-0.44001073,-1.3374308,0.2972312,0.38625893,0.72089857,-0.13161728,0.40162259,0.29257539,-0.025593691,-0.3509407,-0.23945764,0.32637927,-0.73785746,-0.080784306,0.37120256,-0.21661139,-0.66739148,0.005478166,-0.52855915,-0.58528364,0.2020334,-0.3145318,0.1174089,-0.50403595,0.53179544,0.53747571,-0.006422773,-0.11007947,-1.3846327,0.72718263,-0.11978182,0.22440012,-0.04973023,-0.50304836,-0.048258796,-0.048022114,-0.52844602,0.88348061,-0.61219293,0.11271064,0.37462503,-1.1962643,-0.091440976,0.23890865,-0.11914816,-0.39150932,-0.78378487,0.42389718,0.084079489,0.1217531,0.72636646,-0.57821846,-0.1871748,0.024375351,0.1429947,0.13425808,0.33339468,0.11442935,-0.25296423,-1.0538536,-1.3855971,-0.64158046,0.21254404,0.55627006,0.10545163,-0.41727766,-0.48307747,0.035252385,1.2366536,-0.18989626,0.064847469,-0.29389912,-0.20556222,0.97532982,0.1226294,0.24814066,1.8240492,-0.14892823,-1.9676545,-0.13586345,0.52913427,-0.034103338,-0.12823017,-0.67621726,0.13042864,-1.2470293,0.26687789,-1.1199981,0.24407905,0.052562922,-0.73095697,0.062317882,0.26015145,0.48026407,-0.20536341,-0.33509564,-2.2526488,0.2754865,-0.64486563,-0.036152475,-0.031710736,0.070004426,0.38074681,0.017524749,-0.19274205,0.50044727,-1.4719151,-0.87121856,-0.26982874,0.47483766,-0.37610927,0.25564453,0.11768057,0.31709379,0.047955904,0.26254237,0.30995721,0.62975085,-0.87128425,-0.23283795,0.5282563,0.098260656,0.24327829,0.013521312,-0.19971992,-0.95919573,-0.44587368,0.091085017,-0.30610299,0.32474226,0.98850238,0.30151927,-0.31341398,0.23598719,-0.22772115,0.23343229,0.52850968,-0.36346141,0.083205782,1.3519614,0.1845959,0.23986545,-1.0060115,-0.2051644,-1.8425192,0.75704622,-1.1754053,-0.12091044,-0.20210436,-1.3345582,-0.19173171,0.13444877,0.14239745,0.29460108,0.39186764,0.4085561,-1.4876832,0.75136685,0.12028281,0.94075727,-0.009647489,-0.79301542,-0.002025224,-0.81339693,0.48930362,0.026323661,-0.74059606,0.19524103,-1.6091418,-1.1669313,-1.1997584,-0.37197113,0.33333328,0.73373818,0.35768718,-0.76963228,0.65877956,-0.97793788,-0.1499798,0.2384547,-0.88383937,-0.095443517,-0.019570647,0.48871848,0.019359801,0.3222214,-0.1228746,0.32827443,0.046849713,0.36187473,-0.015870178,-0.049251508,-0.86579394,0.39707965,0.89501315,-0.305731,0.48628563,0.45439783,0.49644592,-0.6079675,0.56156784,0.57662576,-0.82314003,-0.43836227,0.080270484,0.061522096,0.16601987,0.63116115,-0.3077293,-0.41270477,-0.33997461,0.020757116,0.31502795,-0.25677314,-0.045442492,-0.24664851,0.17319621,1.0227937,-0.92609662,0.16435927,0.301474,-0.60730922,-0.055303715,-0.13307434,-1.2453322,-1.5699797,-0.28747639,0.54735059,0.031992972,-0.33107227,0.5173955,0.15046577,0.45616755,0.2607134,-0.049217686,-0.35855055,0.20226745,0.06278801,-0.25881448,-0.42434606,0.19091626,0.11906512,1.0264239,-1.4292907,-0.22245289,1.3092746,1.2685285,0.37070143,-0.98652828,-0.19054198,-0.46692258,-0.12898152,0.07654544,0.32834905,0.6729809,0.8846221,0.37759429,0.09565147,0.1519286,0.74896145,0.65479201,0.90224564,-0.61724287,0.10453893,0.27782363,0.12383864,-0.34154987,-0.1563123,-1.3278211,0.30599174,0.040748078,-0.39763024,-0.1836096,0.33589157,0.064121902,-0.61756945,0.24649392,-0.21614595,0.14932686,-0.050632261,0.41490036,0.99358457,0.1754556,0.036211755,0.51980263,0.066015981,-0.038814195,-0.88738251,0.24119204,-0.68260586,0.19195953,0.60983574,-0.61658418,-0.41206455,0.32786411,0.16026384,-0.43560866,-0.93448997,0.51405078,-0.51220042,-0.043457154,-1.0561529,0.18758219,-0.063767359,-0.65144706,-0.51185679,0.80665314,0.32856327,-1.5457834,-1.0028532,-0.33368397,0.030519124,0.28882247,0.029011078,0.031521488,0.34825003,0.18008697,-0.21691808,0.29722932,0.36312491,0.3029933,-0.097563833,-0.096523024,0.17019024,-1.2213284,0.015257984,0.31639495,0.070765629,0.19509906,0.40239269,0.98120296,-0.40848166,-0.68579078,-0.34672454,0.16457035,-1.514506,0.28258434,0.25642398,0.32075816,-0.70300752,-1.0283554,0.17545901,-0.28573081,0.1728456,0.033397794,-0.07605473,0.26515847,0.13451496,0.26344478,0.43356538,0.032079987,-0.076397948,-0.35130927,-1.85188,-0.62326419,-0.7897011,-0.018958282,-0.78249055,0.09355022,-0.097596712,-0.26324508,0.13030614,2
0.54731435,0.26204321,0.24600442,0.51589888,0.50820577,0.52184176,0.51299477,0.49937832,0.51337111,0.51844072,0.50829452,0.50896752,0.50342113,0.48381263,0.51447159,0.49072164,0.50211799,0.53449732,0.51771009,0.49111056,0.49908257,0.51146179,0.50719666,0.50725067,0.52037513,0.5056048,0.51814538,0.50129545,0.50930333,0.49871051,0.50134796,0.50458521,0.50292504,0.49639353,0.51903111,0.50461489,0.50726169,0.49875122,0.49071991,0.51401544,-0.82946002,0.21946071,0.3862713,0.42561284,1.3366816,1.7578208,1.3648132,0.70016587,0.82814801,1.6310464,1.4443295,1.1958663,0.51611888,-0.16071053,-0.26115578,-0.17514455,0.70362037,0.41979265,0.35856372,0.33689034,-0.0510782,-0.005072432,-0.46005037,0.41064122,-0.5499016,-0.10185609,-0.18181148,0.68664807,0.11472906,1.4420885,-0.23456836,0.21888992,-1.2144048,-0.18487827,-0.030926483,0.94545031,-0.95422477,0.68249494,0.19940671,-0.92227858,-0.073499054,-1.2200398,-0.61120474,0.67303163,0.92866683,0.6293332,-0.00633903,-1.7541265,0.81269091,0.14419088,-1.0442622,0.53177762,0.028842553,0.12318188,0.63256514,-0.089470379,0.3496297,-0.32002497,0.20770127,0.63351744,-0.60532349,-1.1578567,0.017822288,0.54294372,-0.42903173,0.35880816,0.027489178,-0.2512216,-0.16571571,-0.25961331,0.3827059,0.86826229,-0.19540761,-0.4709686,-0.68029559,0.32593545,0.49066681,-1.1376361,0.36570343,-0.98773903,-0.34474003,-1.8654379,-1.1113304,-0.022434127,-0.55233765,0.2708756,-0.46606171,0.080255777,-0.086612605,-0.14548336,-0.85938525,-0.44653097,0.55781436,-1.137002,-0.1219694,-0.089327492,0.079687268,0.055763409,-0.56979489,-1.718617,0.52008945,0.49931699,0.85988569,-0.16542776,0.50587523,0.21511713,-0.034039006,-0.18092024,-0.33870214,0.43180442,-0.50651371,0.014024109,0.51497084,-0.34240323,-0.77141857,0.053573828,-0.62456846,-0.57804388,0.30292273,-0.3752082,0.14841855,-0.54690576,0.52562642,0.76152098,0.11178397,0.039484315,-1.6225172,0.80834728,-0.17505722,-0.072777934,-0.049919292,-0.6302563,0.067064561,-0.2013528,-0.59461272,1.0335621,-0.84934676,0.17268486,0.49086672,-1.7072432,-0.16050088,0.29919431,-0.14480297,-0.62432802,-0.93934107,0.45514399,0.031597555,0.34015489,0.82481974,-0.74790251,-0.43528649,0.11648581,0.091698572,0.255288,0.49567795,0.10260884,-0.22404568,-1.3621365,-1.8690771,-0.75416219,0.26886687,0.60589266,0.20426734,-0.34788218,-0.26634341,0.013277136,1.3857269,-0.060056202,0.090601817,-0.17072059,-0.25744385,1.0241611,0.14235669,0.3054696,1.7388517,-0.16284761,-2.3971243,-0.16379766,0.54987973,-0.055254254,-0.33697075,-0.86713564,-0.013859242,-1.4486958,0.23548092,-1.2354306,0.47641549,0.05500003,-0.89536577,0.11426581,-0.19929141,0.61706448,-0.20873618,-0.018315464,-2.6743257,0.32820919,-0.56108475,-0.085866332,0.033371024,0.24222651,0.54491925,0.15314279,-0.22334762,0.64653414,-1.6666162,-0.81659919,-0.29623106,0.39080843,-0.34134465,0.15018097,0.14742887,0.41092557,0.017848708,0.36438951,0.54157448,0.63185257,-1.0902032,-0.277623,0.6698333,0.19441324,0.24473834,-0.036470909,-0.14622208,-1.1928035,-0.50410551,0.13134675,-0.35461861,0.15134871,1.1993998,0.33250394,-0.4556641,0.19151048,-0.45192093,0.5686627,0.66506535,-0.4297846,0.098112181,1.481644,0.23025002,0.37471539,-0.95301944,-0.18651362,-1.9841676,0.97712392,-1.390882,-0.054086342,-0.10186351,-1.2630326,-0.17677192,0.17814951,0.072852895,0.78332144,0.57007766,0.6425283,-1.9426751,0.95106292,0.39147776,1.1903903,0.007161528,-1.0653131,-0.075084597,-0.96486664,0.61373913,0.28190166,-0.9323709,0.33291647,-1.7928252,-1.3118501,-1.4327537,-0.46754536,0.55056167,0.87087142,0.38356456,-1.0260024,0.82880378,-1.1678871,-0.29776084,0.36655533,-1.2038647,-0.09603931,0.057784855,0.54794818,-0.089225382,0.35514012,-0.1220969,0.60876083,0.057146236,0.58874863,0.092444025,-0.16124405,-0.7320714,0.50936592,1.0504987,-0.56656152,0.77555418,0.44313309,0.50269198,-0.70261478,0.54732895,0.59320319,-0.96714896,-0.58727038,0.12514585,0.16661166,0.17527743,0.76685119,-0.39704663,-0.4906477,-0.43238905,-0.015846083,0.47642875,-0.15418608,0.006771013,-0.377525,0.22708872,1.1429081,-1.0245075,0.23853783,0.44272369,-0.72150189,-0.009165909,0.24445218,-1.5564331,-2.1546717,-0.2229075,0.70017505,0.015693553,-0.22004695,0.74128938,0.1562974,0.50745928,0.35304409,-0.10073745,-0.55567539,0.26900178,0.16649678,-0.29803234,-0.43600261,0.31650704,0.20102164,1.2582536,-1.6820526,-0.20981503,1.5470464,1.5122815,0.28589821,-1.2819735,-0.28175229,-0.55805099,-0.2136893,0.061691072,0.42286858,0.89107782,0.86800939,0.52379692,0.16936238,0.17202622,0.90086514,0.69104058,1.2435008,-0.93129528,0.22319263,0.39612627,0.094054021,-0.44902313,-0.16068207,-1.5009971,0.44701439,0.026249181,-0.34958413,-0.19635552,0.66777253,0.27110651,-0.74961007,0.16944116,-0.29723078,0.47240457,-0.12074504,0.67843711,0.90487146,0.23967847,0.092811354,0.66689444,-0.4911032,0.087273031,-1.0723963,0.27655196,-0.75879824,0.20734619,0.78371352,-0.57474101,-0.47601354,0.46188328,0.36336893,-0.66814554,-1.1289483,0.56437957,-0.51020658,0.006512582,-1.4052844,0.2631335,-0.13993667,-0.83847755,-0.58101547,1.0099571,0.40393761,-1.9661057,-1.1629702,-0.44829854,-0.000158587,0.35156518,-0.056308277,0.074008293,0.44734332,0.26813275,-0.24081106,0.22844499,0.34664738,0.31067836,-0.034499116,0.018784702,0.32897666,-1.6667439,0.00563225,0.4655571,0.068464763,0.1861719,0.55935824,1.1420717,-0.39765042,-0.95924652,-0.35117966,0.25272569,-2.0739803,0.32366839,0.49543822,0.39080036,-0.78539002,-1.3389935,0.2964071,-0.37478238,0.1817482,-0.040281873,0.004084043,0.5228278,0.12602809,0.35883716,0.43585283,0.058534905,-0.16201162,-0.48861578,-2.2666681,-0.7174679,-0.96855736,0.068718836,-0.90342581,-0.017305583,-0.18933153,-0.376477,0.25224683,2
0.62281215,0.34447443,0.30493975,0.57961786,0.57194173,0.60622537,0.57926536,0.56080025,0.57868737,0.57868516,0.57355142,0.57151228,0.57446468,0.54557723,0.58705324,0.57652587,0.56209058,0.59759605,0.59054202,0.559708,0.55155504,0.56976271,0.56974941,0.57521343,0.58226657,0.57589781,0.57968247,0.5716418,0.5720576,0.5747925,0.57379889,0.58777189,0.56459057,0.57413685,0.58640361,0.53810871,0.55611038,0.57289207,0.55866969,0.58187199,-1.0238769,0.27758178,0.52295321,0.49327374,1.406201,1.858011,1.4901967,0.81337672,0.94064033,1.7382498,1.5318408,1.3009139,0.67598218,-0.15775061,-0.30580896,-0.42120653,0.95401347,0.57204306,0.44481277,0.43763915,-0.37914592,-0.046550974,-0.53167272,0.35432151,-0.70678127,-0.27484983,-0.1590392,0.54995143,0.039294779,1.4483423,-0.27109647,0.27339399,-1.259855,-0.11250372,-0.063498147,1.1459424,-1.142031,0.91293341,0.13185912,-0.97247732,-0.11102488,-1.3014336,-0.59449828,0.55253369,1.1821524,0.48750645,-0.082349136,-1.8073726,0.75944328,0.17299366,-1.1830943,0.42061797,-0.002198681,0.15008074,0.71526134,0.029542811,0.22528502,-0.39825699,0.29312718,0.79735959,-0.66708976,-1.1831902,-0.039958172,0.57395113,-0.38207451,0.40635109,0.11228344,-0.28680456,-0.14148977,-0.29403064,0.36622262,0.74806958,-0.26288852,-0.27018011,-0.65079325,0.30055916,0.64411449,-1.1903204,0.46469808,-1.0370487,-0.42588574,-1.9644511,-1.1557163,-0.10300361,-0.69414878,0.1852898,-0.42849511,-0.008178428,-0.078949533,-0.22106221,-0.98018861,-0.59424579,0.31829786,-1.131228,-0.027798913,-0.14092876,0.06825275,0.007320628,-0.57378203,-1.9049134,0.66830826,0.59323227,0.89893758,-0.16692443,0.50717062,0.28363007,0.017582309,-0.16569385,-0.36852759,0.38445967,-0.84296572,-0.22229812,0.6647886,-0.40343666,-0.85748339,0.000102367,-0.65377927,-0.65155941,0.34924769,-0.41703194,0.18383336,-0.67720097,0.47682732,0.8378545,-0.027049668,0.026774287,-1.7768321,0.63625443,-0.12499127,-0.15885986,-0.10166594,-0.60769033,-0.016430177,-0.13067201,-0.68557405,1.1256809,-0.69614464,0.24748342,0.67635274,-1.9822448,-0.22599779,0.17341606,-0.11921428,-0.50796485,-1.1482046,0.40813732,-0.086793303,0.41468811,0.97539848,-0.81952459,-0.40464076,0.18692665,0.13347036,0.17110226,0.41542628,0.056211039,-0.25751287,-1.4155998,-1.8988577,-0.83245796,0.30756104,0.70301145,0.17468402,-0.30675915,-0.39253157,-0.067342862,1.4254118,-0.024926942,0.097330421,-0.12651747,-0.36689648,1.1749272,0.26743171,0.43075213,1.3346602,-0.29005936,-2.3851073,-0.18958959,0.47201371,-0.030039757,-0.034292448,-0.958722,0.024098925,-1.5940233,0.30273229,-1.3832932,0.36219406,0.051208191,-0.95220578,0.14733958,0.47057292,0.56450856,-0.17231852,0.009274215,-2.8864932,0.28334823,-0.55527765,0.006735459,-0.076352045,0.38340747,0.51038736,0.1866833,-0.20070145,0.71337539,-1.8903244,-0.97553557,-0.36076963,0.37103868,-0.40659368,0.12371735,0.14815715,0.45847687,-0.020926099,0.36950973,0.47038281,0.91113126,-0.96358532,-0.29250804,0.65198135,0.063068636,0.26992154,-0.21687038,-0.27804375,-1.2153033,-0.50729549,0.17732571,-0.53242785,0.1410203,1.2095643,0.45406941,-0.46017307,0.24457735,-0.40245309,0.4851121,0.67036724,-0.34871379,0.000817701,1.8155706,0.097155854,0.44048834,-1.08087,-0.2900666,-2.1162598,1.0647044,-1.5440248,-0.1434609,-0.11721078,-1.3955512,-0.31123883,0.19545341,0.081343167,0.35902047,0.51608276,0.55192286,-2.0285223,1.0142304,0.29330215,1.3017991,-0.00564613,-1.1088222,-0.1402832,-1.0609348,0.65012562,0.094502941,-0.97751188,0.39810824,-2.0704901,-1.4523536,-1.6124547,-0.45701742,0.53422636,0.42530665,0.43769887,-1.1300688,1.000558,-1.3487314,-0.39671272,0.32099819,-1.3091884,-0.010515926,0.076882526,0.59026718,-0.067101866,0.37523437,-0.15896592,0.5499838,0.092231065,0.43613285,0.13175991,-0.10791969,-0.82593119,0.71734023,1.1187334,-0.63303918,0.75466186,0.52153873,0.49938291,-0.82483327,0.70241076,0.5529207,-1.0186212,-0.58179277,0.1639321,0.081870213,0.21902451,0.81220847,-0.44244689,-0.53339851,-0.51052105,0.013742633,0.58869225,-0.17816223,-0.010065526,-0.47854599,0.31327325,1.1980197,-1.2602124,0.18990198,0.46563131,-0.70268279,-0.090731934,0.042412087,-1.5627606,-2.3540368,-0.28476873,0.88097107,-0.001684986,-0.29242113,0.61747235,0.092909731,0.55010104,0.46049514,-0.13972831,-0.69260985,0.41493946,0.054071888,-0.24116296,-0.45445427,0.18535759,0.41755691,1.3564675,-1.8343033,-0.037610825,1.5967935,1.7730484,0.52012366,-1.2607622,-0.33074313,-0.61301649,-0.22963068,0.038276359,0.20610172,0.89985836,1.0006654,0.67880225,0.16854578,0.18877539,0.89300084,0.74228257,1.2084689,-1.0107241,0.1253982,0.37131339,0.19060671,-0.49561256,-0.20156845,-1.7397684,0.52127349,0.10080606,-0.29430786,-0.21305327,0.32811984,0.20331009,-0.83182943,0.22202407,-0.22961187,0.08436425,-0.16531733,0.64276779,1.2105052,0.40320027,0.099991262,0.69606519,-0.58679765,-0.095358431,-1.1352375,0.35883796,-0.83394879,0.12228888,0.84670252,-0.74342448,-0.48122227,0.5446347,0.31019238,-0.70708543,-1.3720105,0.64345169,-0.72023654,-0.009083159,-1.512367,0.28209749,-0.2299542,-0.88195229,-0.71525466,1.0241587,0.45442137,-2.0897906,-1.2914684,-0.48763531,-0.013975761,0.42459732,-0.055203468,0.10916946,0.48465291,0.33978611,-0.25812092,0.17805167,0.36333096,0.33232507,0.18069898,-0.17656498,0.34710842,-1.7474113,-0.01516212,0.47322145,0.072710924,0.22405957,0.55855215,0.99939936,-0.44000807,-1.0031688,-0.56460559,0.16925916,-2.0289385,0.45639938,0.37610626,0.47524819,-0.87190974,-1.4112738,0.41451895,-0.45861268,0.026758298,-0.030546755,-0.071798407,0.42606211,0.14173293,0.45449141,0.47301733,0.04664246,-0.21964666,-0.43000019,-2.4348414,-0.75289977,-1.0464052,0.25425804,-1.0784497,0.1305232,-0.30973887,-0.36909723,0.28582248,2
0.57058144,0.29790598,0.28755036,0.53368378,0.53932679,0.55686814,0.53766298,0.51755166,0.54180586,0.53534436,0.53805673,0.53383422,0.52432799,0.51195139,0.54031509,0.54239678,0.53294945,0.55848539,0.5525558,0.511024,0.51460397,0.54074621,0.52666229,0.52414757,0.53428519,0.52824098,0.54724169,0.54131806,0.54157412,0.5262351,0.53450906,0.52281559,0.52357501,0.54074705,0.53707761,0.50893563,0.5178749,0.52079421,0.51554137,0.5335269,-0.87979639,0.26796982,0.45064616,0.47589287,1.3791648,1.8061974,1.4065349,0.76255655,0.88850677,1.6910433,1.4844854,1.2502501,0.45034719,-0.17753884,-0.24884591,-0.21105428,0.70568639,0.36400673,0.41190162,0.29459757,-0.30414405,0.052996337,-0.31550896,0.21242562,-0.62722898,-0.012559023,-0.071586728,0.71072423,0.41977078,1.3369902,-0.25741646,0.29305741,-1.1860813,-0.2641803,0.045625322,0.81848824,-1.0036778,0.61378843,0.24209082,-0.92761981,0.023319118,-0.88823706,-0.55839831,0.66217649,0.88061506,0.57056463,0.04829656,-1.7134941,0.71772218,0.24017268,-0.89424217,0.69587392,0.045106988,-0.030341111,0.56266743,-0.12183635,0.32362336,-0.51756239,0.19484864,0.58750093,-0.83184385,-1.2213988,0.085246429,0.61998641,-0.47352344,0.36687165,0.13564488,-0.12091807,-0.13356486,-0.30538616,0.41645139,1.1493177,-0.27100891,-0.37995169,-0.73531127,0.63526183,0.51502091,-1.1793814,0.42335975,-0.99397326,-0.36212087,-1.8561938,-1.115131,0.010523874,-0.41645864,0.22894339,-0.49229008,0.19006734,-0.13257055,-0.32702556,-0.93398237,-0.22935754,0.16036776,-1.2128888,-0.12942937,-0.25717035,0.075949319,0.17943025,-0.54491812,-1.7506193,0.29356402,0.53944731,0.89089155,-0.22033444,0.53258228,0.3838661,0.057061132,-0.19600293,-0.33049613,0.44112283,-0.74211419,-0.18097466,0.40725571,-0.3379845,-0.81888336,-0.008671263,-0.57350338,-0.78179467,0.29189327,-0.45687252,0.038281955,-0.56514382,0.49384296,0.78987163,-0.084555559,-0.01011659,-1.7744571,0.6742149,-0.13766427,0.031512305,-0.071121134,-0.5700646,-0.084085934,-0.20088729,-0.42800081,1.0552013,-0.75481862,0.1240868,0.52017981,-1.9369944,-0.30410463,0.45770115,-0.12667176,-0.64536828,-1.0530205,0.53457803,0.22624668,0.56227291,0.8862921,-0.73984605,-0.32594845,0.13678701,0.52340013,0.1385316,0.093482733,0.093569055,-0.13054208,-1.2980798,-1.6940629,-0.81641817,0.24045807,0.4314678,0.21702585,-0.44497964,-0.40941757,0.10846432,1.6771493,-0.065758273,0.084861308,-0.30612397,-0.31677753,1.1372924,0.10815548,0.34139952,1.6657565,-0.026425632,-2.6104558,-0.10707398,0.60176337,-0.068657197,-0.25110638,-0.8981384,-0.041474849,-1.5714931,0.27095711,-1.397036,0.68576205,-0.045991831,-0.85635436,0.04973489,0.15681356,0.83994794,-0.27648562,-0.017508745,-2.7234025,0.28717485,-0.70196092,-0.10428627,-0.074776202,0.16756256,0.70110303,0.039264552,-0.26944247,0.52266216,-1.7178196,-0.96477151,-0.2469034,0.44670224,-0.49350893,0.06190744,0.07417661,0.52970296,0.04280344,0.4012064,0.53198779,0.7086916,-1.0684049,-0.28930253,0.68421054,0.22341336,0.30182323,-0.13951097,-0.21830894,-1.1260523,-0.50787723,0.089347318,-0.37441719,0.26323509,1.1697059,0.42917913,-0.44510084,0.1795875,-0.51951087,0.55894005,0.63008952,-0.52904916,0.15219098,1.6603663,0.07114885,0.35985249,-1.1440579,-0.28638661,-2.1004119,1.0490264,-1.3391433,-0.1494341,-0.16970132,-1.519495,-0.31302357,0.38625324,0.16836892,0.33741468,0.16040766,0.47325468,-1.9171561,1.1264017,0.26690227,1.1004994,0.020217974,-1.0614793,-0.086591862,-1.0372112,0.53262448,0.29194444,-0.98488694,0.32526541,-1.9587172,-1.5349734,-1.5650506,-0.46547323,0.55673444,0.54205507,0.3995589,-1.0513968,0.71648121,-1.2564101,-0.13282108,0.51037461,-1.1676835,-0.1333404,0.015086191,0.67588371,-0.23683344,0.33743256,-0.083836772,0.61055267,0.003492905,0.81473422,0.050352983,-0.13275705,-0.7922228,0.45121217,0.99837279,-0.63781154,0.85566944,0.38927287,0.65974981,-0.59406668,0.57301235,0.54810131,-1.1080081,-0.57116133,0.081331149,0.12980504,0.24266988,0.69672906,-0.3545365,-0.6152209,-0.45530853,-0.008453561,0.5089485,-0.099081956,0.070723787,-0.27745393,0.18577954,1.2644415,-1.0926242,0.1634381,0.28560001,-0.68915886,0.042872585,-0.13822745,-1.5742271,-2.1850972,-0.0593054,0.6744585,0.13121511,-0.27014622,0.79012889,0.30285919,0.44576368,0.28120112,-0.14570111,-0.58853316,0.31958672,0.068440124,-0.25035501,-0.5484454,0.17239949,0.12447127,1.2685875,-1.7595451,-0.15254866,1.6866612,1.7276238,0.42098406,-1.2199763,-0.20752969,-0.52074528,-0.060507111,0.086517751,0.601668,0.93195546,0.96529555,0.56355262,0.18463789,0.19907866,0.83438623,0.68302602,1.1119723,-0.87468618,0.20329082,0.40658569,0.02146478,-0.43738097,-0.16172013,-1.4936379,0.37307563,0.15892868,-0.42184705,-0.30841804,0.35078418,0.22295691,-0.72774351,0.26981243,-0.23621649,0.085923277,-0.23149267,0.92943203,1.1005157,0.18510987,0.11243449,0.72986078,-0.12510291,-0.12997271,-1.1106215,0.31051111,-0.69783616,0.19001746,0.61778182,-0.6859467,-0.51974106,0.4806174,0.38220316,-0.63520098,-1.3104362,0.61866099,-0.70236295,0.12155069,-1.5281873,0.35222912,-0.15180846,-0.85619867,-0.69943136,1.0966599,0.48365808,-1.9831053,-1.353606,-0.32328525,-0.015101909,0.31169915,0.036644671,0.047317971,0.41323015,0.23787251,-0.17645791,0.37506455,0.40486974,0.48996881,0.68721175,0.12280042,-0.04619652,-1.6623527,-0.047394149,0.58676243,0.009421751,0.21384656,0.68380606,1.2139171,-0.44602886,-1.0462571,-0.44554019,-0.090474889,-1.9450167,0.24900576,0.36910596,0.42319259,-0.81916451,-1.477684,0.32199389,-0.50161195,0.37530428,0.014676714,-0.10182281,0.80605108,0.15976289,0.32218614,0.63072705,0.052116796,-0.16016409,-0.51917249,-2.3072424,-0.80645108,-0.93641263,0.029679518,-1.0485879,0.15465003,0.064249188,-0.2485044,0.2171364,2
0.60104239,0.31403404,0.27101186,0.55891567,0.55617726,0.58682281,0.54944623,0.54810756,0.56688702,0.57149351,0.56105721,0.54623014,0.55258381,0.5365777,0.55765414,0.55349517,0.52395344,0.58113825,0.5875814,0.53619546,0.5473479,0.57379079,0.55127883,0.54134232,0.56136638,0.55863446,0.59262788,0.57688797,0.56046903,0.57525086,0.57349157,0.55044246,0.55199313,0.56448334,0.58328378,0.53184038,0.54214823,0.55998361,0.53828049,0.56169271,-0.984393,0.24192367,0.48476303,0.5039016,1.4130218,1.83008,1.4795115,0.80797851,0.92953598,1.7223868,1.5304663,1.2862887,0.40734124,-0.13858268,-0.16964808,-0.28729138,0.6955803,0.39324403,0.40346915,0.33550739,-0.38330272,-0.018245123,-0.33742249,0.34306255,-0.67055476,-0.24814039,-0.16024598,0.78439873,0.30552781,1.1691227,-0.21850877,0.2976073,-1.2221115,-0.2013756,0.050600991,0.85521829,-0.97508657,0.63750887,0.28126284,-0.95028174,-0.010900512,-0.86635178,-0.64321429,0.6412676,0.87806535,0.66439599,0.043450039,-1.7962589,0.82794076,0.19482341,-0.9413451,0.62481797,0.083563313,0.016826905,0.70365816,-0.14030232,0.39806271,-0.45776093,0.061829966,0.60138088,-1.0185069,-1.2011389,0.081014663,0.65423614,-0.47457615,0.079914823,0.13341501,-0.15709785,-0.067567274,-0.32139251,0.35104343,0.96878374,-0.2866835,-0.4706971,-0.70256448,0.44182822,0.55592006,-1.2120945,0.39643389,-1.1589739,-0.42153299,-1.8791242,-1.0933515,-0.040978178,-0.37843212,0.23179194,-0.51786703,0.12501574,-0.16971743,-0.17297992,-0.91311586,-0.34278244,0.5388658,-1.2362511,-0.23229817,-0.24133947,0.051390409,0.31853676,-0.5693779,-1.7673204,0.67261332,0.54314768,0.90862846,-0.2610825,0.51978958,0.31024006,-0.001258872,-0.12476277,-0.21150544,0.48966378,-0.76563007,-0.088388562,0.42099524,-0.37949735,-0.87268859,0.024821803,-0.64572859,-0.91204822,0.30863833,-0.50750208,0.06692411,-0.61344552,0.64868522,0.67676151,-0.1077882,-0.09258756,-1.7819998,0.61240542,-0.093025103,0.003569812,-0.073082648,-0.66036487,-0.052758723,-0.13321924,-0.47526932,1.0547265,-0.73442328,0.12672393,0.61440551,-1.6363544,-0.21459034,0.40724403,-0.08325392,-0.58714229,-1.0890685,0.51649302,0.19133073,0.49486703,0.77880776,-0.81049484,-0.3328166,0.16449423,0.26237729,0.15280217,0.6043303,0.07013651,-0.19328883,-1.334241,-1.737619,-0.84776992,0.28194103,0.20794478,0.14121237,-0.48062655,-0.48645777,0.07913895,1.6645465,-0.13150893,0.018892642,-0.41493708,-0.27009743,1.2413511,0.16406187,0.33733571,2.3720891,-0.099745713,-1.9958662,-0.10323619,0.71164298,-0.024847094,-0.13913125,-0.85487217,-0.054562658,-1.5947995,0.37124431,-1.4555389,0.61675525,-0.027559154,-0.84771931,-0.10070877,0.35488823,0.76845086,-0.25425395,-0.33146992,-2.7255101,0.3211033,-0.70095605,-0.082247101,-0.13289195,0.35503274,0.57286251,0.067045972,-0.2448744,0.46121874,-1.5986916,-0.93350035,0.23999363,0.44754052,-0.45389107,0.11817177,0.15602115,0.3779422,0.064617008,0.36914608,0.36862403,0.81528646,-1.2076924,-0.31105524,0.55287611,0.23343405,0.29059345,-0.13428751,-0.064712316,-1.1925411,-0.51002127,0.17876568,-0.45323271,0.51976293,1.2456311,0.43237984,-0.44124681,0.22122237,-0.50695509,0.47920969,0.91929299,-0.45240694,0.10095457,1.3524597,0.23508729,0.26909292,-1.0580039,-0.32574764,-2.0932584,0.92482316,-1.4153316,-0.20522957,-0.24621101,-1.4250703,-0.520423,0.31834283,0.21807486,0.72454178,0.44694826,0.49066132,-1.9404776,1.1090152,0.15256831,1.2757421,-0.082400762,-1.0189673,-0.067264035,-1.0370862,0.73765433,0.34782365,-1.240175,0.49979764,-1.9692032,-1.6470488,-1.5586557,-0.5206067,0.51914954,0.787063,0.37273186,-1.0385755,0.77532387,-1.2897811,-0.19721165,0.42338753,-1.0303674,-0.083286799,-0.033917587,0.56675518,-0.013906352,0.37195972,-0.11394795,0.66911101,0.040329732,0.71064514,0.10419746,-0.17729539,-0.83220893,0.45017755,1.0232821,-0.65010852,0.8411054,0.53128028,0.47253853,-0.70941252,0.76279628,0.35538456,-1.0934805,-0.53345031,0.082279064,0.25266558,0.14411047,0.87840682,-0.3250978,-0.6534487,-0.48315489,-0.022831066,0.5998202,-0.16066365,0.047831997,-0.28113165,0.21960697,1.3232315,-1.1380153,0.26185691,0.34258941,-0.79291517,0.052869469,0.16872081,-1.6177506,-2.0070372,-0.22456707,0.67777181,0.1166084,-0.31348461,0.84247994,0.19250022,0.46832401,0.27565688,-0.1308721,-0.57542843,0.27856392,0.29116169,-0.2882542,-0.54810292,0.20519461,0.17590597,1.2882309,-2.0420759,-0.083146699,1.655015,1.6303955,0.43351936,-1.1362091,-0.24071336,-0.37105575,-0.055381782,0.14064364,0.42158318,0.86838174,0.72169864,0.41441965,0.18694378,0.19142367,0.88801903,0.7355032,1.4888705,-0.86849475,0.24796203,0.36759433,0.002635285,-0.49420613,-0.033411175,-1.5674024,0.42676792,0.10782282,-0.56037605,-0.19166575,0.47293907,0.26716983,-0.68617892,0.34390575,-0.25146091,0.21751612,-0.22912845,0.86679494,1.1911261,0.32083267,0.019560516,0.71054512,-0.23138407,-0.01978977,-1.0685929,0.28225625,-0.7523573,0.25710589,0.65230024,-0.69901538,-0.44301331,0.33045539,0.38111472,-0.67150652,-1.3810482,0.70798349,-0.5840382,0.15087123,-1.6759622,0.36144981,-0.18274921,-0.86793494,-0.72401977,1.1653912,0.49035889,-1.9518889,-1.412444,-0.34975082,0.024315018,0.32308728,-0.020008594,0.10963532,0.480786,0.24322557,-0.2349945,0.30037591,0.42506665,0.43054679,0.13355957,-0.23210979,0.29957429,-1.6836303,0.12608057,0.70686656,0.002090697,0.10015897,0.70545828,1.3568577,-0.47996879,-0.90706968,-0.4165605,0.2124877,-2.0112767,0.33162418,0.23492026,0.46683806,-0.90431201,-1.4228297,0.24167514,-0.39818579,0.28082994,0.10989135,-0.06952095,0.68796754,0.12486982,0.33063138,0.43086901,0.007761611,-0.10584205,-0.49336615,-2.266782,-0.87424344,-0.98352498,0.004779954,-0.93155634,0.21793649,-0.13942602,-0.33260861,0.10702142,2
0.54267669,0.24153744,0.2018542,0.49359542,0.49260297,0.50870305,0.48703924,0.4755767,0.48370895,0.49857265,0.48723072,0.494674,0.48469347,0.47218317,0.49907351,0.4679265,0.47694975,0.50199598,0.50409067,0.46093649,0.47407424,0.5019412,0.49059206,0.48162812,0.48279151,0.48459244,0.50812006,0.5042271,0.49441373,0.50325501,0.50039303,0.48186791,0.47683868,0.4890663,0.50678235,0.46195379,0.46914577,0.49464336,0.48157281,0.4892621,-0.93985564,0.18711793,0.56191009,0.56126499,1.4554987,1.8619621,1.5538476,0.86712527,1.0028316,1.7887579,1.6003218,1.3577951,0.470532,-0.12246887,-0.019973718,-0.37221071,0.65220457,0.39044547,0.47040305,0.31504411,-0.49622157,-0.025320899,-0.47471115,0.51030707,-0.41459498,-0.08209388,-0.17430486,0.73717332,0.19682047,1.5481507,-0.23935285,0.3177343,-1.2333711,-0.14496139,-0.05635557,0.73878145,-0.83579266,0.72060633,0.38560769,-0.96487331,-0.12436648,-1.3239837,-0.52834851,0.46519738,0.76537013,0.72890896,0.1353327,-1.9166989,1.2784954,0.2067017,-1.1238753,0.66393006,0.05336497,-0.010720007,0.90393519,-0.16647813,0.24589917,-0.74399912,0.083276793,0.7225728,-0.61508793,-1.1870381,0.038117118,0.51426697,-0.33020893,0.38704795,-0.027426558,-0.35602349,0.10246015,-0.31414929,0.47648641,0.77258909,-0.24104612,-0.58683372,-0.78703439,0.076440893,0.71236372,-1.3656067,0.48946339,-0.95385408,-0.46007892,-2.0269051,-1.4549507,-0.097338825,-0.60646701,0.073191866,-0.49279064,0.069721669,-0.05160917,-0.60223079,-0.95988357,-0.49108917,0.92097723,-1.2764326,-0.38439512,-0.43166012,0.13596921,0.065715522,-0.66283655,-2.0978205,1.1614997,0.60585916,0.93316382,-0.22832969,0.55376661,0.37413794,-0.077381581,-0.083182961,0.001382574,0.30167115,-0.65214086,0.34887102,0.44974715,-0.58943033,-0.83209479,-0.044473253,-0.82784247,-1.0275061,0.38499951,-0.76414979,0.12807867,-0.75048268,0.68613571,1.0437071,-0.13565361,0.19810277,-1.7946928,0.73953837,-0.13433132,-0.18600091,-0.084974952,-0.66793239,0.075182498,-0.2131418,-0.57189518,1.283713,-0.91651464,0.22265962,0.63062328,-2.1173415,-0.32263654,0.32744554,-0.0789643,-0.94880211,-1.4208705,0.28088939,0.24678592,0.53940785,0.9669764,-0.89766157,-0.28978688,0.11459374,0.30005616,0.13867122,0.55994594,0.000484318,-0.17608118,-1.4957082,-1.8888822,-0.7987442,0.2977891,0.25438109,0.042972326,-0.54914415,-0.3745569,-0.000974029,1.5250447,-0.015397068,0.15631366,-0.53811157,-0.47846293,1.0818892,0.12635872,0.34337327,2.085489,-0.12198551,-2.6887298,-0.032023478,0.91291356,-0.14287531,-0.19466618,-1.368261,0.003247462,-2.0241876,0.32940978,-1.6550997,0.49880093,-0.12515694,-0.85417849,0.047325708,0.328702,0.802571,-0.21961056,-0.070499107,-3.3458264,0.40048176,-0.50822526,-0.055243563,-0.10859986,0.24754976,0.66439235,0.1512381,-0.13463244,0.42694342,-2.2589502,-1.077777,-0.38231921,0.54070997,-0.30846402,-0.049935207,0.26344287,0.49937421,-0.12611842,0.39512488,0.34032387,0.81488627,-1.1175406,-0.37443069,0.73738194,0.29343176,0.25077292,-0.29052573,-0.26912269,-1.2881448,-0.61017191,0.20010343,-0.52413011,0.32543546,1.3344526,0.3884837,-0.47561097,0.35513484,-0.48995119,0.43366635,0.96158618,-0.4088909,0.047518261,1.3485579,0.65160179,0.37725073,-1.3231618,-0.2143458,-2.3179421,1.09553,-1.8974273,-0.25709146,-0.092253909,-1.4289476,-0.46635702,0.22863194,0.025479376,1.0089372,0.64726841,0.66222656,-2.2109253,1.1069052,0.20776737,1.6026275,0.047603045,-1.1565927,-0.13565175,-1.039745,0.71671057,0.26367253,-0.85744059,0.61927569,-2.4440784,-1.7774899,-1.7379675,-0.40439525,0.96053851,1.1016893,0.39092252,-1.4277985,0.91190642,-1.4767631,-0.23160209,0.55361348,-1.1595203,0.034161743,0.026054969,0.77813089,-0.21113557,0.34913579,-0.17872469,0.36143085,0.036825102,0.78771216,0.014672142,-0.17334062,-0.83887559,0.48979864,1.2384729,-0.80890191,0.89814556,0.52862668,0.43938658,-0.73881561,1.0185695,0.25133324,-1.5293884,-0.7622329,0.15426451,0.41497597,0.040960118,1.0381811,-0.45721579,-0.55664462,-0.5241164,0.033634864,0.86344516,-0.19811349,0.037259981,-0.45073166,0.26274073,1.372112,-1.5933073,0.26077622,0.55546898,-0.76807606,0.029405542,0.31713241,-1.9647121,-2.4761939,-0.26956326,0.76672614,0.032818131,-0.29548264,0.89459777,0.060198233,0.49010265,0.38329029,0.08442913,-1.1211412,0.2441797,0.57722098,-0.23825417,-0.40294805,0.26479381,0.22920547,1.3665831,-1.7040217,-0.10122347,1.5903,1.560276,0.48440135,-1.3807058,-0.38964033,-0.97697902,-0.15286636,0.32937482,0.48926467,1.0055976,0.82357848,0.30979705,0.35025007,0.16548088,1.1818439,0.71349287,1.4093663,-1.0028763,0.099993885,0.53954643,-0.16324444,-0.50585723,0.049575686,-1.285061,0.44562131,0.099130169,-0.40225595,-0.24842808,0.9733181,0.40763617,-0.71394587,0.38847381,-0.20170963,0.75758523,-0.51588941,1.0801997,1.1180357,0.30480877,-0.005475771,0.72132242,-0.056307696,0.31528088,-1.1039631,0.30301902,-0.67627132,0.13333288,0.73145336,-0.47580543,-0.81477666,0.49355045,0.33604252,-1.0128889,-1.7344475,0.84313953,-0.66685981,-0.31451514,-1.9573327,0.22303164,-0.11757348,-1.0418637,-0.49504146,1.2370136,0.3773829,-2.2917306,-1.600843,-0.45942467,0.12718724,0.44203946,-0.14812249,0.10223053,0.66938281,0.27558979,-0.31710899,0.12579307,0.42211914,0.51910746,0.019756928,0.050654426,0.51577556,-1.6917651,0.19476628,0.71137559,0.14263313,0.14064762,0.58907419,1.3275043,-0.40014106,-1.0557369,-0.30589887,0.63384581,-2.1557662,0.27094331,0.09418276,0.48399508,-1.0010202,-1.5790184,0.33222592,-0.37317353,-0.004400626,-0.054338887,-0.083118111,0.85507411,0.16159153,0.39607441,0.4729732,-0.035263665,-0.20893954,-0.65564972,-2.4061882,-0.99023169,-1.508725,0.1185151,-1.2712412,0.16950649,-0.15074888,-0.38501254,0.18453947,2
0.40189666,0.12619613,0.095263958,0.37589538,0.3664332,0.38183039,0.35882169,0.35045946,0.3872073,0.37281322,0.38065076,0.3678807,0.37216067,0.34549415,0.38751617,0.36568063,0.34998375,0.39424217,0.37732565,0.35431984,0.35237637,0.37048703,0.3442497,0.36383992,0.36387515,0.36041623,0.36535811,0.33523598,0.36331618,0.36333972,0.35951245,0.35012665,0.35484564,0.34643579,0.36042595,0.32873189,0.34612516,0.34827149,0.34597272,0.3530609,-0.81858081,0.079791874,0.20025551,0.26177546,1.1955557,1.5590374,1.1593037,0.54646361,0.6551708,1.4660307,1.2879169,1.0231247,0.26381588,-0.18957791,-0.066001549,-0.36795443,0.63121265,0.34804878,0.30266321,0.28043938,-0.75178671,-0.007773442,-0.50134987,0.11669891,-0.5970881,-0.18859705,-0.13090035,0.61230779,0.33583027,1.4022278,-0.16041572,0.2231175,-1.0679468,-0.19510528,0.018899739,0.69953501,-0.94038361,0.52619785,0.089464128,-0.77819723,-0.080113985,-0.82861918,-0.5180676,0.33575159,0.87831354,0.54644442,-0.037180044,-1.4429624,0.52989501,0.12315299,-0.9170872,0.37599763,0.047699515,-0.075111486,0.57725269,0.25962645,0.39410663,-0.32999703,0.14387003,0.53615189,-0.72381252,-0.94985354,0.053827174,0.4844124,-0.37244806,0.16658695,0.042710725,-0.098256543,-0.033497989,-0.3223919,0.49052954,0.96174598,-0.15492785,-0.39078313,-0.37584758,-0.12794486,0.32339317,-0.83562058,0.28325719,-1.09059,-0.2635965,-1.5674328,-0.88181531,-0.053191345,-0.41302192,-0.23036373,-0.50057489,0.10310384,-0.081066698,-0.29564691,-0.63069534,-0.5315091,0.12219341,-0.93430418,-0.18443157,-0.062255852,0.15689571,0.43527308,-0.46714857,-1.2310076,0.43082762,0.44151008,0.64159131,-0.11907604,0.53107643,0.34427696,0.043509834,-0.42121881,-0.26377052,0.41143677,-0.64245695,-0.2194961,0.35558584,-0.19352764,-0.74340707,-0.023201361,-0.5215435,-0.63755476,0.13598557,-0.10405292,0.071301311,-0.51872128,0.37249154,0.60891521,0.048785374,0.16438773,-1.5800946,0.55863011,-0.11673261,-0.10548764,-0.015748877,-0.45620483,0.044520646,-0.12725265,-0.48229396,0.70550752,-0.5230155,0.1581101,0.37885892,-1.1575395,-0.25110856,0.37811911,-0.053566009,-0.36812991,-0.69594395,0.45997041,0.29622662,0.46428937,0.74666595,-0.53278661,-0.33540004,0.073211938,0.54071933,0.20685576,0.4580847,0.12137774,-0.28867859,-1.0379932,-1.1769152,-0.69382638,0.22018152,0.35579234,0.37375516,-0.39268935,-0.26923373,0.14403135,1.1590825,-0.23723817,-0.023712873,-0.27946854,-0.18923755,1.015359,0.12430671,0.25731874,1.3243073,-0.069701463,-2.0113766,-0.18139136,0.60251361,-0.03071424,-0.28322667,-0.63601214,0.073575832,-1.25719,0.17767113,-1.217797,0.11323187,0.12768935,-0.676561,0.11733042,0.27344322,0.30894727,-0.21057807,-0.37347668,-2.2485123,0.29510349,-0.52051365,-0.11234158,-0.24386658,0.076658532,0.31970587,0.10405795,-0.22412845,0.77604127,-1.3416269,-0.83449209,-0.34835839,0.40698633,-0.37911052,0.16663219,0.19611044,0.46890852,0.017539315,0.40734166,0.31408989,0.60894036,-0.88055569,-0.21130654,0.58279741,0.2897259,0.21838361,0.084057674,-0.20519949,-0.96906912,-0.42943117,0.16084772,-0.47699642,0.30422205,1.0119836,0.33443502,-0.42610139,0.14015582,-0.25727263,0.5665037,0.52929807,-0.32207337,0.124512,1.3504002,0.28052846,0.38391048,-1.1432217,-0.21774077,-1.7497457,0.95392531,-1.094815,-0.20240271,-0.094297737,-1.3440405,-0.12065309,0.13888243,0.44547838,0.70282865,0.5478121,0.281385,-1.4417894,0.80618125,0.52647781,1.0794035,5.15E-05,-0.85444289,-0.064638376,-0.63230151,0.50560308,0.043983951,-0.84676403,0.20776704,-1.6096823,-1.474098,-1.1402016,-0.36533961,0.6064654,0.58850878,0.21928979,-0.80196941,0.63506794,-1.0234245,-0.14611794,0.46481073,-0.89553994,-0.060094588,-0.071736366,0.36999011,0.086156979,0.42154786,0.054855511,0.44967267,0.11461597,0.43110448,0.1864979,-0.093021825,-0.7606433,0.37540674,1.1245575,-0.32255882,0.50563926,0.38788816,0.57272249,-0.57940787,0.47505283,0.31691715,-0.75808179,-0.28260788,0.10706055,0.028033286,0.14725159,0.72610569,-0.41796082,-0.41007498,-0.42226627,0.14978592,0.6795007,-0.31276733,0.22926447,-0.19719586,0.15249144,1.1387693,-0.98459047,0.20134056,0.27456233,-0.5798682,0.028991947,-0.3171533,-1.0850898,-1.6717005,-0.36641419,0.52480286,0.074844405,-0.28926128,0.63865942,0.16689409,0.57870722,0.22544125,-0.13787088,-0.35250711,0.2336157,0.14123511,-0.16099285,-0.58097649,0.013574481,0.29874605,1.0079243,-1.40939,-0.17154726,1.3891371,1.3063539,0.32527834,-1.0649574,-0.1447968,-0.33516279,-0.048314583,0.11575662,0.30326438,0.67008299,0.80080432,0.27129537,0.18525746,0.20610239,0.7434876,0.7053991,0.99861252,-0.65713847,0.34403151,0.32232589,0.16928117,-0.2451591,-0.17075282,-1.4361759,0.43877465,0.061834652,-0.45447969,-0.35634565,0.35722303,0.092599764,-0.81066769,0.19469485,-0.18869582,0.030958429,0.009422973,0.46357065,0.69582224,0.29702061,0.051443171,0.53997856,-0.042219386,-0.017360616,-0.89197886,0.13221724,-0.62518311,0.11560977,0.7233085,-0.6522603,-0.67142487,0.40550825,0.46025068,-0.45117414,-1.023643,0.54103792,-0.54026282,-0.030371346,-1.2043396,0.26309475,-0.1789791,-0.54467994,-0.55308658,0.884345,0.5549866,-1.5972557,-1.2069622,-0.26334384,0.062071428,0.26335326,0.028932355,-0.026154757,0.23687463,0.24484628,-0.20863527,0.31048235,0.36847621,0.41258234,0.14953837,-0.28262472,0.08401683,-1.2783684,-0.008974962,0.33991882,-0.003492385,0.24245125,0.64693302,0.88820088,-0.35894084,-0.66937059,-0.1333667,0.13385487,-1.4625388,0.3654483,0.23671527,0.30676708,-0.6416434,-1.1023473,0.36794618,-0.57382661,0.41022056,0.013882466,-0.058687329,0.2520605,0.097749934,0.27991322,0.40078846,0.011648044,-0.072042614,-0.32830784,-1.9524457,-0.71052593,-0.76868993,0.029584751,-0.71629268,0.41166559,-0.007351682,-0.12676787,0.14043163,2
0.5928694,0.30406162,0.25466537,0.54116225,0.5347079,0.55454779,0.52485138,0.51797318,0.53195059,0.54295146,0.53166693,0.52355194,0.52154875,0.50822181,0.52417403,0.50630558,0.5104965,0.55153799,0.53897953,0.50824463,0.50797105,0.54997063,0.53184432,0.52494001,0.53268242,0.5351615,0.55931342,0.53897977,0.52532661,0.55140769,0.54398906,0.52991271,0.52735507,0.53318536,0.54351091,0.50698924,0.51542312,0.52754474,0.4841131,0.53057492,-1.0111599,0.21685666,0.64845479,0.64553195,1.5194681,1.8952154,1.659381,0.95985615,1.0972025,1.8717039,1.6676689,1.4495234,0.63955927,-0.1125549,-0.21488072,-0.35767114,0.87034655,0.53117847,0.5060702,0.48089868,-0.77694273,0.010093283,-0.48471993,0.33977887,-0.65083641,-0.070150405,-0.18637827,0.57636136,0.006641716,1.2877841,-0.21654791,0.35724372,-1.2448072,-0.091283768,-0.10936813,1.0946385,-0.99742854,0.93629587,0.2864033,-0.92750013,-0.044605464,-1.2235177,-0.64090264,0.68417192,1.1213593,0.47404754,-0.01857803,-1.8065238,0.65057033,0.1959139,-1.1425006,0.61167884,0.063619956,0.14470826,0.68732613,2.97E-05,0.23818392,-0.26896757,0.23453201,0.7565791,-0.63619965,-1.211947,0.059395023,0.63470536,-0.43112454,0.19842738,-0.059037745,-0.25424457,-0.12470955,-0.24534604,0.26758158,0.81590414,-0.16816401,-0.61038369,-0.81709445,0.12275212,0.6127454,-1.3228524,0.53556299,-1.1052066,-0.42077988,-1.9772017,-1.0867072,-0.062394433,-0.6706109,0.26502645,-0.43288642,0.028433107,-0.008648671,-0.18218178,-0.8786279,-0.52936018,0.24160483,-1.2292018,-0.14860484,-0.11529074,0.090993188,-0.038533166,-0.52112347,-1.8527459,0.28366327,0.60795212,0.87655628,-0.22908646,0.54968286,0.3850255,-0.083954528,-0.36201704,-0.43128812,0.3924036,-0.36916974,-0.18951786,0.63812649,-0.47897857,-0.84516668,0.033718336,-0.67493993,-0.69732583,0.26850939,-0.35991716,0.19895491,-0.70260668,0.69401097,0.79603624,0.083892182,0.069826081,-1.7858318,0.53071916,-0.22610211,-0.11573888,-0.085569099,-0.61937892,-0.14195248,-0.15227853,-0.63516825,1.073316,-0.890993,0.19447377,0.48049912,-1.9594365,-0.069493942,0.23807871,-0.30003986,-0.69221354,-1.0881953,0.37062851,0.032893956,0.28760499,0.91928685,-0.94340771,-0.3352004,0.11882673,0.27845028,-0.03102614,0.32876655,-0.025080994,-0.2128574,-1.4403254,-1.9768252,-0.66141987,0.35429084,0.58374786,0.17460792,-0.37922415,-0.43942043,-0.075824171,1.4072829,-0.14962721,0.065385193,-0.15475795,-0.27935177,1.052883,0.24564357,0.39751521,1.570111,-0.20651935,-2.3865392,-0.1536106,0.39373839,-0.021683335,-0.26044568,-1.0308419,-0.1013348,-1.5533851,0.39698848,-1.2768177,0.40005621,-0.001206756,-0.97023046,0.1101187,0.032762095,0.73237258,-0.11164337,-0.27314582,-2.832309,0.22994286,-0.59887552,0.044420544,0.099560872,0.26946053,0.60600072,0.071922772,-0.25232849,0.43099332,-1.8102688,-0.82887137,-0.30357587,0.43799764,-0.3451463,0.1139686,0.13369241,0.40557778,-0.074185714,0.42081252,0.48321953,0.79885381,-0.98111522,-0.22340728,0.56134129,0.093555346,0.1544836,-0.10653409,-0.32875633,-1.282145,-0.57968104,0.2018604,-0.46206051,0.11402893,1.0292646,0.38397592,-0.45721209,0.30496275,-0.38006943,0.50727713,0.51907784,-0.43339512,0.053664275,1.4382569,0.13165478,0.3944374,-1.0778508,-0.22977164,-2.0682292,1.1474915,-1.6463468,-0.011668175,-0.11845411,-1.4547784,-0.41945276,0.13317953,0.26820022,0.69882894,0.29373169,0.53174287,-1.9725397,1.0732535,0.079317868,1.2208408,-0.10817336,-1.2504272,-0.10011932,-1.1475828,0.697725,0.085290611,-0.98497456,0.37117311,-2.018065,-1.4359301,-1.4964275,-0.53708768,0.34643209,0.64375621,0.41944897,-1.1324946,1.0085546,-1.2270333,-0.29233384,0.37285316,-1.4022557,-0.12770064,0.1296463,0.49963626,-0.01701076,0.29602948,-0.29541475,0.42292726,0.11319242,0.73064369,-0.009214012,-0.22361273,-0.75054163,0.67237526,0.97836435,-0.84932041,0.6954034,0.64291191,0.32280719,-0.76149428,0.46421322,0.43468928,-1.131303,-0.71957737,0.17671949,0.18838894,0.057348415,0.814533,-0.43182704,-0.58041501,-0.52833927,-0.001673929,0.41434288,-0.24484184,-0.049218789,-0.48082137,0.32658124,1.105149,-1.0778798,0.22310638,0.42496198,-0.70667577,-0.12894143,-0.35202068,-1.6570492,-2.2704198,-0.27415556,0.88571352,-0.067093745,-0.31296751,0.75882655,0.11472047,0.60629624,0.49856544,-0.12692758,-0.73110241,0.38988405,0.024971999,-0.35489571,-0.63120818,0.21983653,0.36547017,1.3081681,-1.8618714,-0.13089828,1.53439,1.7310482,0.43816569,-1.3617074,-0.46359533,-0.66361165,-0.3476283,0.10171616,0.31350163,0.86875087,0.57358044,0.42920694,0.17600882,0.21303967,0.89294451,0.63646615,1.103959,-1.1454593,0.1534152,0.27622944,0.16875353,-0.51919776,-0.002705783,-1.6709834,0.55532217,0.10393655,-0.4132801,-0.18641506,0.21598704,0.17137083,-0.7409519,0.33989608,-0.17074566,0.26310867,-0.2210075,0.45526421,1.0092791,0.2897917,0.17110386,0.70570731,-0.090746805,-0.17445633,-1.0541677,0.23898363,-0.80989826,-0.002838284,0.78897178,-0.6613431,-0.43727988,0.55581647,0.37563109,-0.71412456,-1.2380548,0.71137536,-0.58696055,-0.1006633,-1.7479668,0.16773911,-0.1765555,-0.85361618,-0.65557355,1.0065604,0.36033982,-1.9842098,-1.1977855,-0.5341323,-0.00211843,0.43789384,-0.15629153,0.1525124,0.50774395,0.42070889,-0.26033542,0.18727916,0.31120577,0.2719084,0.097808793,-0.11664078,0.29791883,-1.7242873,0.22106123,0.59696591,0.13711731,0.18770146,0.54306602,1.1445612,-0.50121206,-0.88287318,-0.49918351,0.29354316,-2.0217276,0.34582794,0.32318774,0.52857453,-0.93250847,-1.5634115,0.15660417,-0.36299324,0.018678188,-0.066723689,-0.019109838,0.56013584,0.2403827,0.4566986,0.43750751,0.092105202,-0.13392591,-0.4445875,-2.310878,-0.71662283,-1.046219,0.21556239,-1.0139596,0.14225432,-0.066933863,-0.37640032,0.25221533,2
0.55896354,0.28116414,0.2493207,0.50504577,0.5159018,0.52862632,0.48862925,0.4890435,0.51060176,0.50793016,0.50444943,0.49310148,0.49651748,0.46964651,0.52044928,0.49084926,0.48366928,0.52601093,0.52128237,0.47674534,0.48943371,0.51093149,0.50725758,0.48738825,0.50716668,0.50178277,0.52468455,0.51771247,0.49643019,0.51357931,0.50866705,0.50120413,0.49501479,0.49745703,0.51459479,0.46838894,0.48098093,0.50055867,0.48169786,0.50180435,-1.00533,0.22539873,0.49702036,0.48668027,1.3664564,1.8234828,1.4492328,0.79144883,0.91941881,1.7028677,1.493184,1.2690413,0.53579968,-0.15315716,-0.19207615,-0.45426449,0.76480615,0.43387121,0.41593462,0.41514546,-0.87595224,0.003165963,-0.60762763,0.28026354,-0.51251876,-0.1020989,-0.19315363,0.75882894,0.14960186,1.6182747,-0.27212995,0.32815129,-1.2108189,-0.1571791,-0.035501074,0.91125298,-0.94625026,0.84519625,0.26439628,-0.95600557,-0.11612132,-1.5015453,-0.46899563,0.46571222,0.92286605,0.76571226,-0.017909141,-1.9178015,1.1043633,0.17097211,-1.1418787,0.42567089,0.014173932,0.02157364,0.80359471,-0.014474161,0.21811369,-0.58174264,0.2187511,0.69103116,-0.52169394,-1.2044481,0.081468306,0.52783477,-0.3147656,0.43378311,-0.062808879,-0.24866004,-0.073234342,-0.32272831,0.3370409,0.88604075,-0.30233139,-0.27819845,-0.81213212,0.13130699,0.74607337,-1.2472467,0.51204515,-1.2006747,-0.49980137,-2.0559821,-1.2900748,-0.07928662,-0.74558413,-0.082331836,-0.40531853,0.11209714,-0.068752557,-0.36948907,-0.92262799,-0.42722046,0.17880818,-1.1681771,-0.19358885,-0.26810527,0.14679028,0.22063008,-0.70296252,-2.0282338,1.0724926,0.59401274,0.99290705,-0.22000009,0.4711383,0.4648478,0.0621479,-0.29447383,-0.16478892,0.34558579,-0.64909357,0.14067218,0.52899653,-0.53770065,-0.9090361,0.086758383,-0.6454463,-0.89168119,0.37359399,-0.55693001,0.11527861,-0.76172411,0.5644027,0.92576373,-0.14569911,0.076605067,-1.9416378,0.67137355,-0.088879079,-0.19255494,-0.025346167,-0.58381647,0.10770196,-0.18370894,-0.62687969,1.2238895,-0.85786784,0.19451416,0.66836238,-1.9178485,-0.24185894,0.23693565,-0.081402734,-0.8750447,-1.3585625,0.39531398,-0.091297358,0.33341461,0.98143125,-0.76436293,-0.42087328,0.11971323,0.25603178,0.11740153,0.22363453,-0.1465199,-0.27733797,-1.4076817,-1.8721461,-0.81623137,0.29821303,0.68986791,0.18446077,-0.44709104,-0.46764231,-0.030863464,1.8025229,-0.10130615,0.18469995,-0.2891334,-0.36297166,1.0765808,0.1542404,0.38227606,1.7024462,-0.26054493,-2.667912,-0.13994795,0.65626204,-0.027030017,-0.12881893,-1.2659721,-0.095542625,-1.7753878,0.25775662,-1.6289694,0.35668957,0.027946196,-0.9119637,0.080595493,0.42420384,0.73698878,-0.23241803,-0.26876512,-3.1001284,0.1975688,-0.46447241,-0.075687513,0.003895819,0.45718256,0.62670779,0.14948097,-0.28155547,0.49204448,-2.0823317,-1.0753725,-0.40992031,0.51240063,-0.39069057,-0.018881187,0.14753136,0.51515251,-0.008778669,0.46118051,0.45104307,0.86651182,-1.0832336,-0.28472182,0.77526307,0.24668105,0.2497047,-0.24050263,-0.34039518,-1.276539,-0.53735751,0.20054655,-0.59125328,0.24668103,1.2023125,0.43294048,-0.48225692,0.33775634,-0.5816381,0.65747416,0.87142128,-0.46950895,0.032946333,1.7675092,0.42471695,0.33525962,-1.1540846,-0.2597889,-2.3021631,1.1112531,-1.9405193,-0.30609658,-0.12542571,-1.7120839,-0.45894504,0.26431313,0.25164786,0.89969379,0.91132164,0.62361526,-2.0961337,1.1162716,0.15158336,1.5768483,0.098878153,-1.3664765,-0.11525358,-0.9754892,0.70031255,0.16550797,-1.0271462,0.41454372,-2.1657808,-1.5901408,-1.8573539,-0.31861621,0.53078526,0.84256154,0.37703404,-1.2429837,0.95558107,-1.4575509,-0.39008421,0.37902153,-1.1908497,-0.060922302,0.13860616,0.51920974,0.008516971,0.35736075,-0.091919221,0.52892119,0.053643562,0.80719405,-0.052067474,-0.091968305,-0.8250457,0.51917005,1.2391306,-0.75402999,0.77313834,0.5014658,0.5121699,-0.80729187,1.0002669,0.48337168,-1.322359,-0.58383882,0.15009311,0.20553359,0.23042689,1.0302439,-0.39131933,-0.63008374,-0.56755698,-0.020405699,0.84511852,-0.11729251,-0.11057639,-0.38448012,0.28185308,1.358871,-1.3999522,0.17403826,0.53228754,-0.57176375,-0.044342175,0.26624587,-1.7307832,-2.4872754,-0.19067857,0.78300422,0.005469173,-0.27102685,0.78910971,0.069215164,0.49845049,0.36962849,-0.13268273,-1.0023247,0.35447878,0.41414988,-0.28549916,-0.52471143,0.18148936,0.21834853,1.4330657,-1.7927349,-0.071282312,1.5319088,2.0985069,0.53431046,-1.3914132,-0.40821558,-0.7412113,-0.18280765,0.11173955,0.50772679,1.0405011,0.64667177,0.66314906,0.18984646,0.21703345,1.0969101,0.77281463,1.3181818,-1.0492995,0.26999876,0.42658427,0.019670069,-0.42492294,-0.19260542,-1.5803026,0.47854209,0.15271007,-0.35935602,-0.26629293,0.71530533,0.36637563,-0.63647884,0.29700452,-0.17774799,0.62014085,-0.45559847,0.7418375,1.2663761,0.2542541,0.06173376,0.75415826,-0.31260863,0.072470166,-1.1256585,0.36847138,-0.65298176,0.18576413,0.8822909,-0.55748069,-0.77411795,0.42861617,0.36808848,-0.94227099,-1.4460151,0.72379684,-0.77747726,-0.14746818,-1.6397173,0.34729239,-0.14229037,-0.98847759,-0.68120319,1.1811608,0.40784493,-2.3514438,-1.4366035,-0.48532999,0.039683539,0.45621708,-0.15233879,0.12230514,0.63238692,0.30484775,-0.20295382,0.17285129,0.3226794,0.4342714,-0.04837431,-0.068113536,0.49290597,-1.8055872,0.038097743,0.77509809,0.058706459,0.11436331,0.63298678,1.1045338,-0.45194525,-1.0430052,-0.46290565,0.29863745,-2.1591489,0.38215959,0.27421743,0.48603085,-1.0063968,-1.7231216,0.35177439,-0.46326444,-0.073275805,-0.054269813,-0.05893191,0.82180715,0.1690329,0.42762545,0.50272244,0.011637658,-0.32913718,-0.57816529,-2.5888076,-0.80442947,-1.3358121,0.1084094,-1.1415142,0.27942705,-0.072761975,-0.40188968,0.180645,2
0.64678395,0.36605644,0.33701703,0.61343312,0.60486245,0.64065152,0.60864848,0.59543234,0.61650413,0.62541956,0.60531932,0.60161078,0.59807897,0.58661401,0.61724257,0.6069504,0.58067346,0.63694024,0.63004959,0.57221127,0.58957791,0.61848021,0.60348928,0.59303534,0.60993361,0.60286629,0.6473794,0.6283074,0.60320699,0.62497228,0.62787461,0.60618538,0.6087203,0.60423321,0.6261512,0.57999337,0.57903349,0.6010195,0.60113978,0.61285043,-0.92711568,0.30582821,0.54614049,0.54292697,1.4492596,1.8842075,1.5043288,0.84506845,0.97501934,1.7638795,1.5569205,1.3311329,0.58992374,-0.15993117,-0.23752132,-0.43334356,0.88316083,0.56850386,0.46110874,0.47833344,-0.93953085,0.00364082,-0.51146221,0.31650075,-0.59714621,-0.080271274,-0.2204181,0.72294748,0.1061506,1.3852144,-0.29192686,0.36559126,-1.2706478,-0.17719552,0.005426974,1.1582458,-1.0743903,0.83331931,0.17472644,-0.95673001,-0.070206478,-1.1441162,-0.66853482,0.69711584,1.0856283,0.54426938,-0.029684646,-1.8060255,0.76957864,0.17712002,-1.1490448,0.69046748,0.028035259,0.02997072,0.72649026,0.13969377,0.34028175,-0.43372601,0.2783581,0.72473645,-0.80432355,-1.175779,-0.000581503,0.57499218,-0.4296411,0.13810009,0.028337521,-0.2781356,-0.17157356,-0.29603547,0.47568983,0.7705971,-0.1900252,-0.4111957,-0.66539645,0.15965801,0.45466587,-1.1649933,0.49460536,-1.1259809,-0.43770054,-1.9614418,-1.1081164,-0.092861488,-0.65519941,0.26145291,-0.4529984,0.04780671,-0.067591816,-0.22302082,-0.94069898,-0.47407025,0.17925701,-1.2200365,-0.045346722,-0.1201086,0.081878103,0.12147264,-0.51275021,-1.9002301,0.42833912,0.5892204,0.92679203,-0.21103266,0.57514501,0.37339899,-0.06455788,-0.42930418,-0.30165249,0.45283419,-0.82476705,-0.26949733,0.64711106,-0.35503212,-0.76314932,0.035624005,-0.63474423,-0.71917701,0.24749307,-0.42205155,0.13343728,-0.62903339,0.56369799,0.84906602,0.10178036,0.095360398,-1.8549618,0.82495052,-0.1759773,-0.17788681,-0.073531374,-0.66768909,-0.0999052,-0.19575167,-0.64069992,1.1185613,-0.80524552,0.21197703,0.55088061,-2.0515122,-0.09474998,0.34080577,-0.21266747,-0.60434824,-1.0528179,0.48875549,0.008754849,0.44874296,0.9626314,-0.8652662,-0.30527881,0.13470703,0.19447458,0.13253549,0.26817992,0.039460786,-0.11269609,-1.3920538,-1.9344345,-0.83204824,0.33176607,0.73450708,0.19662778,-0.49335465,-0.40946734,0.016392946,1.2750815,-0.092914186,0.06089031,-0.29120815,-0.37558442,1.2362329,0.2159698,0.42077947,2.2064853,-0.1722212,-2.4659436,-0.14611469,0.60045898,-0.027390413,-0.20924713,-1.017073,0.027529232,-1.6192334,0.27514666,-1.2734405,0.35505313,0.078670584,-0.93737566,0.15077841,0.29572123,0.61108917,-0.23574154,-0.55760938,-2.9365325,0.37327284,-0.60854411,0.045835443,0.019480318,0.32026663,0.5685482,0.085248768,-0.22837566,0.66779137,-1.777741,-0.90303224,-0.11429787,0.54807943,-0.48426804,0.08158429,0.099915825,0.51321501,-0.057319961,0.39846867,0.52713192,0.73928493,-0.99880004,-0.29594886,0.67731178,0.11797214,0.17152257,-0.16411768,-0.26786655,-1.313581,-0.60552883,0.19954315,-0.35160315,0.085455805,1.1239976,0.43159533,-0.47683921,0.26383966,-0.38416731,0.37658834,0.66544241,-0.57475144,0.000583865,1.5749834,0.10629363,0.33402139,-1.1208978,-0.28653687,-2.1358478,1.0366403,-1.4617712,-0.11689775,-0.13002545,-1.7166344,-0.3346886,0.15322831,0.22669445,0.43449438,0.60756272,0.44015419,-2.0521207,1.0336289,0.30926102,1.2596349,-0.086300194,-1.2501992,-0.1387341,-1.0622507,0.80745101,-0.01622346,-0.94402373,0.44948882,-2.0491743,-1.6002829,-1.5267305,-0.54320949,0.55278933,0.8039391,0.44226515,-1.1716312,1.0278263,-1.2583039,-0.32378387,0.40486544,-1.2915827,-0.034773134,0.1111327,0.48283181,-0.2470957,0.40237388,-0.2104627,0.46578553,0.062153336,0.53878665,-0.01248388,-0.16509864,-0.77487969,0.67270935,1.115288,-0.82261574,0.72481239,0.55558515,0.45562464,-0.78785044,0.72808284,0.54223883,-1.0684179,-0.79717541,0.118137,0.13527988,0.15691294,0.85419565,-0.42202288,-0.56755161,-0.51412606,-0.037869021,0.58760899,-0.30010927,-0.017698899,-0.48211265,0.24730781,1.3267595,-1.158646,0.27091402,0.48062825,-0.73990303,0.032053344,-0.004666895,-1.7564249,-2.3326085,-0.27076277,0.88658988,-0.057655752,-0.34358624,0.83215678,0.11212537,0.62732589,0.45131481,-0.096100636,-0.60444725,0.40972993,-0.024797797,-0.28259033,-0.65588605,0.18996388,0.26229972,1.4346766,-1.8091058,-0.057904951,1.5648891,1.8613358,0.54916447,-1.389981,-0.45137483,-0.56484127,-0.26291716,0.028692976,0.30506134,0.85917789,0.70926696,0.42305768,0.14023915,0.24065727,0.91426593,0.706873,1.2283872,-1.0853395,0.30471501,0.30642426,0.19254497,-0.49209529,-0.15724437,-1.4692916,0.55089641,0.1040027,-0.39655063,-0.29733106,0.33074498,0.16771613,-0.76397014,0.41714433,-0.19536382,0.42565858,-0.19939619,0.62376416,1.2093138,0.28168005,0.14191249,0.69045687,0.40651041,-0.12165383,-1.0941716,0.2649065,-0.83276153,0.36027545,0.70818305,-0.61647415,-0.5822565,0.52478302,0.39659944,-0.55208945,-1.2403562,0.64557207,-0.59224778,-0.059823353,-1.6555961,0.26198858,-0.26249287,-0.91472393,-0.68953037,1.150949,0.50130659,-2.0737107,-1.3243651,-0.53041244,-0.002498429,0.34685189,-0.090492398,0.10877442,0.47878247,0.384314,-0.24700911,0.26947248,0.38703147,0.35474056,0.27512109,-0.332032,0.27998257,-1.7370992,-0.099652216,0.50900561,0.13001053,0.20207402,0.54926431,1.143366,-0.43312714,-0.9667235,-0.38241634,0.04621651,-2.0436263,0.37583107,0.48268506,0.5187881,-0.91605496,-1.4636557,0.33727136,-0.43587247,0.077317253,-0.061647661,0.03176716,0.39590123,0.17069395,0.42903984,0.44316134,0.048520721,-0.18425018,-0.55369449,-2.3710864,-0.77801132,-1.0001584,0.20230883,-0.95725811,0.12492436,0.048538625,-0.3637079,0.29352409,2
0.56223965,0.27898142,0.26358989,0.53169745,0.53415489,0.56029665,0.53067213,0.52362204,0.5355885,0.54166317,0.52370775,0.52312666,0.53084987,0.51447248,0.53631967,0.52573091,0.51202071,0.56197059,0.54901785,0.50292134,0.51535517,0.5368284,0.52757829,0.51473546,0.5392127,0.52832901,0.56314528,0.54128504,0.52608997,0.54258126,0.54224283,0.52891648,0.52362293,0.52783787,0.5492295,0.50991797,0.51156676,0.53596234,0.52140671,0.53024673,-0.7248413,0.2411992,0.53031588,0.55917609,1.4803982,1.8420205,1.5139338,0.86331373,0.98535484,1.781461,1.5793889,1.3469584,0.57903743,-0.14395192,-0.17171828,-0.33904552,0.89042473,0.52704859,0.44579622,0.39475864,-0.64575559,-0.027372278,-0.49277654,0.28733867,-0.5545935,-0.078088433,-0.16642524,0.68148839,-0.018572778,1.3409278,-0.21883586,0.32047039,-1.246737,-0.17546679,-0.020473044,1.1456203,-0.94008261,0.71244907,0.17459288,-0.92243588,-0.096180379,-1.1901717,-0.66339242,0.66160095,1.1006815,0.57988989,0.000489289,-1.8053393,0.89351499,0.15644366,-1.1720895,0.53353286,0.008915063,0.16850251,0.69361019,0.012792043,0.22529215,-0.33758163,0.19714619,0.75341594,-0.87932307,-1.0759449,-0.004804008,0.54130167,-0.4281508,0.38307136,0.014505373,-0.19829066,-0.16204526,-0.29389372,0.33665267,0.76592344,-0.19963664,-0.57227927,-0.59425443,-0.040135711,0.7032671,-1.146467,0.42575279,-0.68656719,-0.38652959,-1.9617778,-1.1986694,-0.047165304,-0.6417495,0.20659378,-0.42120928,0.037481688,-0.092563488,-0.12389717,-0.92520988,-0.52766752,0.36428601,-1.272177,-0.19712302,-0.086501278,0.062483147,0.083213925,-0.57422525,-1.8305936,0.64115167,0.55545098,0.91258723,-0.22500655,0.51705533,0.38321131,-0.093879521,-0.099640295,-0.34279639,0.37465262,-0.70236647,-0.14683886,0.57817489,-0.42576909,-0.56592786,0.053017672,-0.58150411,-0.68618214,0.20827259,-0.44282076,0.097559005,-0.55060977,0.5390293,0.80157769,0.17745636,-0.086516321,-1.8218211,0.71557176,-0.1107702,-0.18054754,-0.12964763,-0.66181052,-0.05463545,-0.17337485,-0.5921827,1.1000531,-0.90813959,0.1544424,0.56127399,-1.9020541,-0.11701001,0.33938947,-0.18552673,-0.50110441,-1.0188113,0.44916242,0.12667333,0.33553335,1.0454303,-0.89834964,-0.32832831,0.1423149,0.21524639,0.18971564,0.35887218,-0.010209858,-0.01991114,-1.4034425,-1.9475912,-0.73805767,0.21723567,0.68408334,0.2087599,-0.38167262,-0.49990559,-0.011987925,0.9920851,-0.13541768,0.000932463,-0.16765188,-0.30836785,1.1668665,0.19948709,0.35783783,2.129787,-0.16675289,-2.5512919,-0.14563115,0.7474671,0.010316633,-0.24402782,-0.90479994,-0.032817662,-1.5198119,0.26087582,-1.2069902,0.40999827,-0.010537647,-0.91626024,0.1663712,0.26081392,0.68013334,-0.23122355,-0.1658617,-2.7457032,0.36374801,-0.29774547,0.02486977,-0.059891991,0.4159089,0.57535005,0.15132935,-0.19474939,0.41721508,-1.6163706,-0.87639439,0.043740988,0.56498635,-0.39939347,0.062090956,0.12120906,0.41692287,-0.062852055,0.37311712,0.46774721,0.81368208,-1.2134669,-0.2535632,0.72057962,0.10028864,0.17373164,-0.20758794,-0.29233506,-1.2850361,-0.55648911,0.14186272,-0.42703572,0.17712232,1.1078944,0.39007014,-0.52188301,0.20257473,-0.4210377,0.58461517,0.71707523,-0.5707494,0.022009149,1.4325403,0.14061539,0.43057886,-1.0715752,-0.3578673,-2.0029685,0.97727281,-1.5144194,-0.061932266,-0.016272113,-1.5277168,-0.39172125,0.11740292,0.12275364,0.45460451,0.66435522,0.44207415,-1.9626117,1.0164295,0.2756294,1.2700537,-0.089046091,-1.2025285,-0.09158124,-1.0939959,0.74014306,0.18362507,-0.85780829,0.55774409,-1.9614694,-1.5085818,-1.5295414,-0.55222648,0.66741121,1.1373603,0.41083843,-1.0692023,0.9175086,-1.2582695,-0.27521706,0.4288457,-1.2093306,-0.14146301,0.04251793,0.47381118,-0.02680387,0.3872354,-0.18959358,0.45098454,0.011156343,0.4745402,0.038764134,-0.2364893,-0.87427115,0.61389458,1.1052488,-0.77566743,0.83608377,0.4197734,0.47874385,-0.73975718,0.73331535,0.44001347,-1.0136732,-0.73749316,0.10545634,0.14568149,0.090854481,0.91949916,-0.44050419,-0.5848763,-0.41355401,0.012488592,0.55087906,-0.26154199,0.055472828,-0.44764221,0.19551632,1.230096,-1.142822,0.26936722,0.37510747,-0.81077993,-0.047988124,0.21608502,-1.6074948,-2.2040219,-0.21633011,0.786466,-0.034138694,-0.27967891,0.76512218,0.099369422,0.54885781,0.39428836,-0.11058429,-0.65642118,0.36161739,0.021114446,-0.38181317,-0.41665223,0.13717374,0.19520685,1.494864,-1.7784772,-0.090703182,1.4933016,1.5988548,0.51888108,-1.300391,-0.31540892,-0.57309139,-0.24179858,0.10860103,0.35229218,0.87430662,0.68541181,0.48770094,0.230975,0.20595142,0.82757163,0.63316607,1.3211534,-1.0840081,0.18043728,0.41458464,0.076132014,-0.47111392,-0.14797674,-1.2722189,0.5321219,0.088918023,-0.42439744,-0.28535086,0.45921782,0.18140839,-0.75381577,0.3111223,-0.31551886,0.61283934,-0.1927586,0.62297541,1.028309,0.22966814,0.12307304,0.65911192,0.28481168,-0.035869725,-1.0601879,0.31227207,-0.74913478,0.41505897,0.74470007,-0.5243203,-0.41160336,0.50372082,0.32371303,-0.67965579,-1.1880956,0.64479423,-0.55596215,-0.04344748,-1.5187236,0.22115496,-0.16544762,-0.93781161,-0.66526663,1.1187676,0.27254999,-2.0272951,-1.2359842,-0.4685412,-0.062919907,0.3754819,-0.055495784,0.078603365,0.47177976,0.36387748,-0.26525682,0.23773551,0.32814896,0.26788473,0.62023485,-0.1922957,0.24189278,-1.7237718,0.11138323,0.57822174,0.15861946,0.12706296,0.54544157,1.1868353,-0.50427443,-1.041445,-0.40725026,0.11388598,-1.8939751,0.43526831,0.39759624,0.46822119,-0.80046391,-1.5069624,0.31220642,-0.4161396,0.26751465,0.001179904,-0.015452802,0.52000451,0.083542988,0.39959964,0.36738172,0.073138997,-0.18078977,-0.51257569,-2.2958972,-0.6912387,-0.99830586,0.094654948,-0.98457062,0.10520864,0.10775417,-0.36836398,0.23400091,2
0.49634513,0.18758222,0.14197204,0.48302245,0.46597219,0.50208753,0.46881843,0.45952407,0.46933872,0.47157234,0.46899346,0.46239805,0.46415901,0.44933635,0.47544464,0.45780423,0.45557019,0.49567029,0.48825032,0.46084362,0.46393469,0.46924025,0.46692109,0.46655422,0.46900722,0.47352353,0.48784119,0.47731066,0.48429197,0.47416353,0.47929764,0.47065729,0.4666495,0.45245239,0.49903232,0.43617579,0.44876555,0.46428508,0.45011079,0.46925554,-0.85544425,0.12164442,0.24163783,0.30228159,1.2105511,1.5902333,1.184931,0.55946946,0.66244394,1.4778028,1.2975434,1.040266,0.27611873,-0.2006041,-0.22876507,-0.35278589,0.57360327,0.33883208,0.30252835,0.26162395,-0.78544205,-0.017857943,-0.6230433,0.14048244,-0.57112718,-0.17108431,-0.17738038,0.77064085,0.12033902,1.473201,-0.1703244,0.25512069,-1.1456134,-0.20014358,0.12520643,0.61093169,-0.92200047,0.57215047,0.18165845,-0.9312886,-0.078725994,-1.2574457,-0.69786745,0.4413721,0.7593416,0.64941961,-0.038956501,-1.7972336,0.84313369,0.084188625,-1.0656774,0.43729275,0.007006202,0.16111918,0.53351212,0.34870055,0.14276046,-0.36099035,0.3084434,0.60492718,-0.58599669,-1.1341377,0.029431678,0.54601854,-0.39420772,0.29631627,0.001284825,-0.18567792,-0.09537746,-0.31330228,0.44792297,1.0385619,-0.17041039,-0.30881208,-0.43869096,0.19543745,0.49543375,-0.96922916,0.3721365,-1.0739524,-0.43328896,-1.8636109,-1.009248,0.012639213,-0.5993259,0.001219511,-0.46023884,0.098052174,-0.13356891,-0.18648587,-0.66363823,-0.4042719,0.54786336,-1.0947872,-0.14637485,-0.065596089,0.15664288,0.309385,-0.54503274,-1.4645058,0.43693078,0.44261417,0.86973095,-0.17264026,0.4773573,0.29096627,-0.019314818,-0.045678869,-0.28095099,0.41366425,-0.49964499,-0.40293443,0.36303559,-0.24410513,-0.77041048,0.074261397,-0.47483703,-0.74688798,0.28226426,-0.3874895,0.011210361,-0.65704048,0.46503749,0.69448656,0.02832561,0.33829877,-1.6347229,0.72701526,-0.1093009,-0.13625415,-0.057351787,-0.58290344,-0.078840695,-0.064740956,-0.56567436,0.98693442,-0.74767166,0.1200102,0.42704335,-1.5637692,-0.21749577,0.30572829,0.029448517,-0.53621477,-0.92357826,0.45116311,0.096282735,0.50760818,1.0027541,-0.78222102,-0.30796313,0.097640231,0.45270139,0.20735946,0.47103983,0.10275819,0.019361928,-1.2015111,-1.599812,-0.7951104,0.27932075,0.46973068,0.28795996,-0.36911258,-0.2993623,0.086317807,1.1739548,-0.23510706,-0.011759313,-0.25682402,-0.21089427,1.2158581,0.10551141,0.25322768,2.522052,-0.15018454,-2.3262336,-0.15355432,0.73988783,0.014182882,-0.14320774,-0.78395218,0.12945509,-1.393777,0.16071498,-0.98348701,0.45551056,0.10535602,-0.78249323,0.061127219,0.4746443,0.65084243,-0.22980475,-0.15190862,-2.5736232,0.26961583,-0.60199428,-0.088595696,-0.18567021,0.36412153,0.48190489,0.17060865,-0.17734343,0.74296856,-1.5643201,-0.84385663,0.58053696,0.44428915,-0.44824234,0.21847454,0.2911697,0.51253778,-0.002618274,0.3549087,0.50460911,0.50388205,-1.038957,-0.31756482,0.53129858,0.34471759,0.28671613,0.002983149,-0.18118474,-1.2480112,-0.54508138,0.12450165,-0.56414306,0.2886014,1.135092,0.3612991,-0.47782189,0.10948129,-0.39092538,0.67284739,0.762806,-0.42546818,0.078165881,1.2220128,0.051201228,0.29371959,-1.0071759,0.033061519,-1.9840654,0.85535347,-1.5103612,-0.12112229,-0.075243205,-1.2427262,-0.2120157,0.19673742,0.10326169,0.46758351,0.36271456,0.44302759,-1.824672,0.95828366,0.2113948,1.1082593,-0.013844162,-1.0512748,-0.12957859,-0.90706414,0.63801879,0.18654574,-0.80640888,0.39598006,-1.7527595,-1.407578,-1.3894057,-0.54634911,0.51195705,1.0053898,0.23264933,-0.92938155,0.70660001,-1.0879412,-0.18555638,0.38589722,-1.001626,-0.013838595,-0.010525255,0.44603661,0.10430346,0.46513039,0.037942212,0.3619104,0.024881557,0.58791065,0.002595313,-0.068622492,-0.60958999,0.37454423,1.0129703,-0.55958402,0.68780315,0.40944248,0.49742618,-0.69650614,0.72245502,0.49164456,-1.052331,-0.64500773,0.098454043,0.14471324,0.20157078,0.71347076,-0.39535126,-0.48655111,-0.44191706,0.052704446,0.52733988,-0.27860862,0.088461518,-0.34852234,0.12946148,1.1875105,-1.0739309,0.21581204,0.26838014,-0.63135082,-0.025729267,-0.020812266,-1.4842975,-2.0447133,-0.19239889,0.5846892,-0.055934504,-0.27852347,0.71677577,0.099513449,0.45723766,0.22359902,-0.14228384,-0.53566968,0.23596427,0.060296673,-0.17925572,-0.38586116,0.094382308,0.12210367,1.1992848,-1.7774656,-0.061592516,1.584025,1.2709427,0.42026114,-1.2478788,-0.21116641,-0.3912743,-0.14941373,0.059948966,0.52236015,0.89874709,0.9656446,0.41581553,0.15307973,0.23245546,0.76688671,0.80508661,1.4879224,-0.75492573,0.28078434,0.48699349,0.041713268,-0.42193663,-0.11002561,-1.4322537,0.34731373,0.024802212,-0.44751424,-0.14569274,0.53263104,0.10970752,-0.70095694,0.290158,-0.22828192,0.22942957,-0.067886561,0.64164233,1.0708414,0.073980629,0.010973254,0.599455,1.9167171,0.003763901,-0.99622047,0.22089006,-0.73131919,0.39866072,0.66466463,-0.49564314,-0.91247547,0.41465241,0.47875732,-0.69164228,-1.1595916,0.56863236,-0.65580106,0.024884563,-1.6783863,0.30683208,-0.078900024,-0.78996742,-0.51404989,0.99686718,0.4845078,-1.8143682,-1.1740246,-0.31755844,0.026712351,0.35854769,-0.03095663,0.092091188,0.45253608,0.16292767,-0.14506295,0.21604498,0.35292509,0.33748472,0.56601143,-0.27867401,-0.026966438,-1.5262625,0.020873522,0.68756688,-0.00535411,0.07068982,0.65955013,1.2397546,-0.47174981,-0.7691521,-0.42706013,0.090471119,-1.902458,0.27009481,0.33907527,0.37174547,-0.74474543,-1.1759109,0.29789937,-0.44209951,0.39005074,0.032439545,-0.08229208,0.37904826,0.094825,0.30453753,0.38714135,-0.003839916,-0.075196438,-0.50861394,-2.2231019,-0.75466561,-0.93930483,-0.022579052,-0.7664358,0.22387841,-0.020013034,-0.38660142,0.10079229,2
0.58626056,0.2776567,0.2436222,0.54871237,0.55392247,0.56673133,0.54597437,0.54105914,0.55294526,0.56111825,0.55959904,0.54219329,0.54585242,0.51957071,0.56148911,0.5316397,0.53850234,0.58006072,0.56711054,0.53150451,0.53130686,0.55463135,0.55816305,0.53929603,0.57064271,0.54052979,0.57031,0.55112433,0.56240773,0.55123615,0.5656445,0.55966443,0.5452168,0.55376911,0.56428206,0.52348781,0.53876591,0.55674982,0.5356704,0.55038643,-0.76625586,0.21924672,0.35545218,0.38985366,1.2850127,1.6959882,1.2776413,0.66142654,0.78074217,1.5776947,1.3873768,1.1472629,0.34854171,-0.17906439,-0.099909753,-0.17319617,0.68731248,0.36141872,0.36530966,0.30855376,-0.4303844,0.060304571,-0.31330001,0.13093174,-0.54486144,-0.17504431,-0.14630792,0.6376006,0.2925429,1.2259071,-0.14403409,0.23009871,-1.1274959,-0.22538446,-0.016346198,0.73120838,-0.84575552,0.62066329,0.25201964,-0.82929498,0.024976723,-0.75665116,-0.55748093,0.54832351,0.84419411,0.46084684,0.04151959,-1.5031784,0.62768024,0.14290358,-0.9652102,0.59631473,0.048887167,-0.072807997,0.66686261,-0.00099811,0.57338989,-0.27201426,0.10077694,0.55295539,-0.54211169,-1.0255811,0.025547422,0.57612002,-0.38022697,0.20731133,-0.036463633,-0.21337876,-0.19994411,-0.27914494,0.32192904,0.78604746,-0.17859088,-0.57344604,-0.63406205,0.24859789,0.49630874,-1.0514544,0.34262255,-0.97415143,-0.33685046,-1.6228087,-0.93223256,-0.021694876,-0.44786289,0.20199868,-0.51358426,0.2556985,-0.089020401,-0.15537395,-0.61298996,-0.39295486,0.27224725,-1.0102298,-0.12249256,-0.17695552,0.06148126,0.32900617,-0.41491309,-1.4222794,0.18482855,0.4604778,0.69300383,-0.14775607,0.45428604,0.26307359,-0.036643744,-0.39865208,-0.39081669,0.33433864,-0.65092623,-0.1286035,0.40357578,-0.27242085,-0.72624618,0.035503909,-0.50766367,-0.67050886,0.20727602,-0.3968251,0.099308409,-0.49850634,0.55206448,0.4886494,-0.000398725,-0.037285291,-1.3772099,0.63436526,-0.1094821,0.10742636,-0.043158319,-0.54234248,-0.048164792,-0.13382393,-0.59724671,0.89346594,-0.72951758,0.14286099,0.31061298,-1.4773754,-0.16124052,0.39202932,-0.20042667,-0.3705779,-0.85660923,0.4567664,0.12506784,0.20163988,0.79084456,-0.65208483,-0.33778107,0.096351743,0.42809477,0.19863981,0.22382677,0.023511574,-0.13390052,-1.2319659,-1.6501923,-0.64046913,0.23088284,0.14401403,0.13191733,-0.47267064,-0.28548995,0.14276642,1.2762616,-0.19532645,0.089755006,-0.22912376,-0.24151997,0.92497462,0.1635641,0.25485456,1.7105292,-0.12625358,-2.2716467,-0.14905438,0.51899385,-0.02010126,-0.22178636,-0.68363202,0.040871263,-1.3718592,0.33437079,-1.0546882,0.44291055,0.017008603,-0.79738182,-0.009252038,0.10471371,0.61478049,-0.15574245,-0.216501,-2.2754872,0.27440298,-0.60561824,-0.044332169,0.004649654,0.096519321,0.52382606,-0.000582241,-0.22304855,0.45656902,-1.4261478,-0.83887649,-0.18685363,0.40029976,-0.39004719,0.080163658,0.20034066,0.3118901,0.025399104,0.31855676,0.35423318,0.65768617,-1.0754063,-0.23474786,0.46667737,0.10718235,0.1804028,-0.079985224,-0.22576919,-1.0190759,-0.5373863,0.12485325,-0.27822709,0.34302199,0.92357892,0.33942565,-0.39929011,0.17670174,-0.33523661,0.38716364,0.56667244,-0.37817132,0.18542403,1.4392599,0.22900744,0.25300407,-1.0613315,-0.1670305,-1.8288001,0.90375847,-1.1889625,-0.025173187,-0.030257776,-1.4539522,-0.26277477,0.19579084,0.22210824,0.70089102,0.59241199,0.36599177,-1.6671917,0.97712994,0.23049892,0.94872701,-0.083808437,-0.89388251,-0.035879858,-0.86457568,0.55684018,0.01575093,-0.82883465,0.12522919,-1.5554886,-1.1766911,-1.2627949,-0.44428086,0.52899981,0.91525483,0.33655113,-0.92358273,0.70680165,-0.898265,-0.23377639,0.23294614,-0.93179673,-0.25231314,0.015880171,0.52273387,-0.14365044,0.33634451,-0.15159601,0.44853643,0.10871325,0.55891657,0.14422266,-0.13936195,-0.73364937,0.43457976,0.80731696,-0.59060186,0.63464034,0.53868634,0.43691552,-0.58397055,0.3699739,0.53288233,-0.9400745,-0.46373689,0.11163452,0.075185955,0.12072227,0.61703598,-0.33509538,-0.52500612,-0.37725827,0.051457137,0.40503615,-0.24483669,0.14672482,-0.22011089,0.20859437,0.9872157,-0.94585156,0.21171474,0.31261313,-0.55831134,-0.063910067,-0.27622566,-1.2942047,-1.6342731,-0.14692503,0.61301589,0.061863046,-0.24094576,0.7085346,0.35091242,0.42361164,0.29842103,-0.15689221,-0.34170759,0.2423179,0.1074492,-0.30457067,-0.64433873,0.15998729,0.18379575,1.0161027,-1.5070704,-0.1468059,1.4306047,1.2839196,0.35750872,-1.1961118,-0.21159555,-0.37381923,-0.15061641,0.10798205,0.38395232,0.73038721,0.93008953,0.39051023,0.12765446,0.12505543,0.70024455,0.58658355,1.0356005,-0.79951894,0.040975928,0.2585296,0.062069319,-0.33753559,-0.13364403,-1.4223257,0.37123835,0.023116808,-0.39112228,-0.24361125,0.24667029,0.18895239,-0.61411589,0.34160686,-0.24040934,0.35918337,-0.1160999,0.35111779,0.92074198,0.19556417,0.10016611,0.60645652,-0.46088016,-0.10538039,-0.92994952,0.24068497,-0.68399072,0.323847,0.6693725,-0.53571844,-0.4621655,0.42535627,0.16269282,-0.51546198,-0.9195115,0.56877768,-0.42418161,0.073622271,-1.3198733,0.19823369,-0.10850246,-0.65601879,-0.65467697,0.84312397,0.23958689,-1.7050517,-1.1168311,-0.35980248,0.032748088,0.24673063,0.030474283,0.064586215,0.30924284,0.21784209,-0.18617871,0.17321458,0.25817361,0.38532662,0.055698901,-0.040414505,0.26971251,-1.319401,0.048133411,0.31305745,0.063353077,0.16784981,0.53682554,1.2365994,-0.38784254,-0.67350686,-0.33576846,0.032394946,-1.7329298,0.27234635,0.27593428,0.3867273,-0.7942431,-1.2112815,0.19918142,-0.43533689,0.57504046,-0.01963184,-0.079464503,0.53274739,0.097798787,0.36607766,0.46720895,0.03282325,-0.12861805,-0.39062664,-1.9488385,-0.63925886,-0.80657417,0.008880846,-0.87952942,0.006114081,-0.1803278,-0.27541289,0.13979793,2
0.60675186,0.30127072,0.25654593,0.56365108,0.56445742,0.57690156,0.5530417,0.54611862,0.57035398,0.56440544,0.55065584,0.55329502,0.54532415,0.53198767,0.5444833,0.54931062,0.53786683,0.57959145,0.57727706,0.53941464,0.54085135,0.56864786,0.56194103,0.54152626,0.56901085,0.55274522,0.59362173,0.56769967,0.56527376,0.57156414,0.57280087,0.56337667,0.55930197,0.5605185,0.5662486,0.53792709,0.54695237,0.56598544,0.53749418,0.57172912,-0.88510513,0.23007169,0.41902286,0.45987192,1.3494396,1.7936445,1.4131122,0.73617715,0.86014301,1.6570177,1.4866034,1.2290168,0.53385508,-0.11957289,-0.31434166,-0.40125707,0.78066027,0.52863514,0.39132458,0.4346171,-0.91710389,0.034289375,-0.52334434,0.28297356,-0.49197584,-0.078971639,-0.10214033,0.47427741,-0.029980987,1.3167335,-0.17772308,0.30218598,-1.1813734,-0.182254,-0.048918836,0.91246223,-0.92423618,0.83118284,0.19093862,-0.89373285,-0.085549772,-1.0836215,-0.61785525,0.38371265,0.93092668,0.51147777,-0.058654539,-1.5332769,0.67463237,0.17096886,-1.0597166,0.52300847,0.00937118,0.086193576,0.6053406,0.077430442,0.23729828,-0.12205952,0.23135909,0.6682384,-0.59227967,-1.0663511,0.042741418,0.47760889,-0.42659336,0.14408317,-0.072461925,-0.19116089,-0.18741946,-0.18458515,0.26264268,0.55780709,-0.12977858,-0.40420517,-0.49594301,-0.056352556,0.52888322,-1.090152,0.37656015,-1.09401,-0.30557439,-1.7699615,-0.99111658,0.001730487,-0.69176304,0.19573139,-0.36750996,-0.015195534,-0.001963332,-0.19153962,-0.78257185,-0.70023543,-0.019690767,-1.0094758,-0.12750116,-0.001738302,0.12119734,0.071816698,-0.46535021,-1.4785515,0.30564356,0.53521228,0.77595228,-0.20987485,0.52896923,0.37704119,-0.049447022,-0.41879433,-0.3527444,0.2030195,-0.54884517,-0.054813109,0.5790354,-0.23609549,-0.71217299,0.067608237,-0.48453146,-0.46717811,0.17194805,-0.31351554,0.15267184,-0.70921105,0.53598911,0.71261561,0.15159029,-0.007045742,-1.5122876,0.5651567,-0.098451898,-0.11451305,-0.10158613,-0.52176744,0.049755715,-0.11230557,-0.68158013,0.99591166,-0.63582271,0.18343374,0.45431381,-1.4231725,-0.062924571,0.2132827,-0.2310552,-0.39552522,-0.87460691,0.40423372,0.084401816,0.30953068,0.60746223,-0.79298282,-0.38408899,0.096705474,0.27089843,0.13342352,0.18906122,0.11478828,-0.31415421,-1.240723,-1.7545058,-0.69736797,0.29511464,0.84124649,0.19879156,-0.30259764,-0.35180342,-0.05406937,0.80012274,0.00479155,0.052637309,0.027078807,-0.22500689,0.92315304,0.19318369,0.37492228,0.97061247,-0.26953995,-2.0623434,-0.16313629,0.29115769,-0.016303068,-0.40361774,-0.7462517,-0.11232454,-1.2415106,0.28797913,-0.98546183,0.17180181,-0.04711026,-0.86734396,0.19013657,0.20231009,0.42673677,-0.17445157,-0.11497568,-2.4038553,0.25718132,-0.64891106,0.093905479,0.008333042,0.32420486,0.47518575,0.081418946,-0.25281283,0.58223665,-1.491928,-0.62282574,-0.61559415,0.42140856,-0.32549667,0.066644005,0.13509414,0.39256486,-0.018136594,0.38512963,0.45395076,0.69963735,-0.88914716,-0.1378994,0.73430419,0.07233537,0.12527288,-0.10620473,-0.33636621,-1.1621131,-0.49068379,0.18143041,-0.30092916,0.10236505,0.92364681,0.36103821,-0.46597481,0.20706293,-0.24859327,0.50803715,0.47030094,-0.34998712,0.063579716,1.5396711,0.14084935,0.26496905,-1.1326462,-0.1915687,-1.6585755,0.94022673,-1.2998561,0.016337752,-0.1519172,-1.5413867,-0.20549905,0.046965078,0.063705623,0.28913125,0.40334105,0.44547665,-1.6387658,0.83234102,0.087699682,1.1682469,-0.059973229,-1.1005663,-0.14249055,-0.91730613,0.59462219,0.14632303,-0.90657669,0.42942971,-1.635684,-1.0730407,-1.2316904,-0.50990486,0.3123706,0.21649727,0.42947766,-0.90934485,0.90414619,-0.90480042,-0.25749981,0.41196758,-1.1196042,-0.2049509,0.078181513,0.39622015,-0.007534776,0.28179058,-0.16699778,0.39055052,0.20235927,0.36349872,-0.009888327,-0.21557227,-0.83480549,0.59423828,0.95102233,-0.53642911,0.58538121,0.50429094,0.4343439,-0.61307627,0.64103156,0.4742296,-0.83957303,-0.69716847,0.21435219,0.018618748,0.1084053,0.67403805,-0.38623092,-0.4710044,-0.44132641,0.035206959,0.5116654,-0.22781511,-0.025669739,-0.40584999,0.26684543,0.930709,-1.0431627,0.29309514,0.43080053,-0.53630418,-0.101556,-0.085784845,-1.2969016,-1.9771551,-0.21194468,0.77372813,-0.022464827,-0.27987289,0.65533423,0.029488534,0.56987542,0.42376512,-0.089070506,-0.4413785,0.35883778,0.029617693,-0.32095635,-0.43926919,0.239209,0.26591894,1.1747414,-1.6087234,-0.085198358,1.4108912,1.4370975,0.53428292,-1.2388036,-0.38615978,-0.63607645,-0.30315205,0.06514816,0.1720199,0.84646666,0.63031179,0.46277395,0.080221362,0.17668676,0.74264407,0.5686059,0.82358146,-0.90329099,0.18346247,0.13874143,0.10626141,-0.38577485,-0.12945257,-1.568433,0.50003737,0.075083442,-0.45329785,-0.10344256,0.30948794,0.14939602,-0.73443413,0.28677782,-0.26506358,0.19588482,-0.045016341,0.51490074,1.1026633,0.28781235,0.12661222,0.6212455,0.4794924,-0.1214662,-0.91424501,0.2346497,-0.75674617,0.10490501,0.67370349,-0.4831706,-0.32670119,0.44602576,0.38115197,-0.52285385,-0.88391048,0.58809799,-0.51968831,-0.065634981,-1.2902848,0.18803041,-0.20044379,-0.82173413,-0.6040895,0.82716537,0.28149563,-1.7358476,-0.999237,-0.42394003,0.016730428,0.33038768,-0.16198647,0.075459093,0.41829744,0.36047301,-0.22129315,0.20904844,0.33807069,0.25674435,0.096426293,-0.14936391,0.29615393,-1.5662192,0.037032302,0.35491967,0.10251293,0.10485368,0.4912492,0.85146785,-0.3506051,-0.84366184,-0.40109247,0.14461727,-1.6562425,0.36176181,0.38461569,0.43134058,-0.71575105,-1.1934299,0.3248235,-0.37063015,0.006741241,-0.050636701,-0.079503626,0.21074703,0.17595387,0.45212328,0.30646172,0.0867908,-0.16195425,-0.32534906,-2.0607731,-0.61483061,-0.97888088,0.21071309,-0.97604251,0.051348627,-0.1064887,-0.29422146,0.21053062,2
0.66541624,0.36664018,0.31348628,0.58777148,0.59000564,0.61308575,0.58177364,0.58947241,0.59365273,0.6206522,0.59666461,0.5757004,0.58552885,0.57190311,0.60825366,0.58002692,0.5661701,0.61222219,0.61680079,0.57682407,0.58041453,0.60488057,0.59994566,0.58339,0.60348213,0.60670841,0.6331684,0.60452777,0.60037839,0.61100799,0.60074264,0.59929347,0.59458888,0.59858334,0.60877287,0.57537138,0.58305329,0.6155656,0.58660364,0.59794533,-1.0742769,0.29103786,0.71909219,0.6537497,1.5703378,1.9941558,1.7078972,1.0059105,1.1531749,1.914001,1.7000144,1.5000468,0.59994876,-0.18664184,-0.26239985,-0.43886617,0.83522379,0.51694393,0.54881239,0.4633494,-0.9812721,0.054168522,-0.42554373,0.31132501,-0.60726893,-0.03096668,-0.17044683,0.94597828,0.18295537,1.6373336,-0.24584779,0.40056196,-1.3024836,-0.14675377,-0.11642309,1.1934708,-1.0486811,0.90676236,0.23546267,-1.0669612,0.089237504,-0.91415548,-0.64159447,0.68901032,0.99708962,0.6550281,0.050277144,-1.8690445,0.82154346,0.23696661,-1.192243,0.49012312,0.031082634,0.018792514,0.62993789,-0.023562945,0.20844412,-0.69736624,0.2423228,0.7116394,-0.94101578,-1.2469189,0.049794413,0.70461148,-0.62203109,0.28409326,0.16883852,-0.27743375,-0.10437171,-0.23877037,0.31096256,0.83634025,-0.20127907,-0.64289463,-0.79007846,0.24572548,0.76751667,-1.2676108,0.52239907,-1.4880903,-0.40109184,-2.0254834,-1.6537697,-0.14061129,-0.52666116,0.1467723,-0.51764315,0.037181072,0.023869112,-0.3899512,-1.0092902,-0.68686795,-0.12964116,-1.2572629,-0.34519303,-0.29777145,-0.039736345,0.23127405,-0.55926567,-2.1449003,0.46118462,0.6808486,1.0072596,-0.31293523,0.58439606,0.45659846,0.037706114,-0.57780254,-0.40585876,0.35668057,-0.99676907,-0.14441316,0.60753053,-0.41064894,-0.87573105,-0.057565466,-0.67755246,-1.0226312,0.33073458,-0.75958526,0.13272583,-0.62810946,0.66635418,1.0104704,-0.13651335,0.015209461,-1.9964005,0.70119816,-0.069088832,-0.10184406,-0.15131721,-0.67863959,0.006354449,-0.082294382,-0.75923657,1.2898047,-0.79029399,0.27087164,0.64676726,-2.5720005,-0.10184489,0.40337515,-0.24095243,-0.67313761,-1.3635217,0.37810948,0.11704742,0.62946236,1.1071929,-0.91628528,-0.43747768,0.16751251,0.37722638,0.16921094,0.5059042,-0.030505404,-0.35368866,-1.4739853,-1.9927642,-0.99939269,0.36652869,0.61744094,0.25916946,-0.54244161,-0.37733763,0.035324953,1.4417759,-0.18405035,0.036308531,-0.53294444,-0.37465975,1.2219183,0.21811384,0.44692364,1.718425,-0.24273887,-2.4660139,-0.17800136,0.49873295,-0.006665066,-0.34643054,-1.3106658,-0.060424358,-2.0364242,0.34267843,-1.6794741,0.27690721,-0.10502284,-0.96597141,0.12686361,0.20965856,0.74983031,-0.1634068,-0.54910642,-3.2643609,0.45777574,-0.65331209,0.061608613,-0.21041986,0.28984404,0.60828108,0.1065419,-0.18546766,0.64480126,-2.1889081,-0.99196428,-0.48690987,0.57637411,-0.37004572,0.042284258,0.16130204,0.42592412,0.015410285,0.43749461,0.29299527,0.88392067,-1.1826348,-0.22228076,0.74296999,0.1677534,0.23791084,-0.21782623,-0.18486263,-1.2352145,-0.49199581,0.23438884,-0.36321452,0.1840072,1.3179063,0.51439166,-0.57057124,0.31966281,-0.4553085,0.71269524,0.67491615,-0.50371313,0.091493666,2.0286741,0.190277,0.38263574,-1.4072685,-0.27065074,-2.2882748,1.2163398,-1.8337315,-0.53590226,-0.16059381,-1.7970217,-0.38843819,0.28240332,-0.019178286,0.35227931,0.65913844,0.47739226,-2.091572,1.2265365,0.17267588,1.4657496,0.063223429,-1.1713172,-0.11640072,-1.0919178,0.85635996,0.24005675,-1.0640213,0.61376804,-2.5619335,-2.0262449,-1.6829706,-0.51997763,0.8046335,0.84304166,0.4816463,-1.5021374,0.98647475,-1.4524937,-0.41467303,0.55360353,-1.3188566,-0.25818092,0.1829665,0.55556846,-0.27451947,0.35665378,-0.21119288,0.45711118,0.14687259,0.63455629,0.076091349,-0.16697013,-1.2420826,0.65383816,1.3629487,-0.5976069,0.86146104,0.58913785,0.45648727,-0.88810921,0.87131774,0.387909,-1.5419462,-0.50348365,0.21162239,0.056290761,0.093667626,0.85209811,-0.38668031,-0.68519968,-0.61877632,0.084302217,0.71082151,-0.22678052,0.077381298,-0.44180799,0.25131592,1.3857774,-1.4937322,0.33989263,0.45866102,-0.76020777,0.011029428,-0.11232473,-1.8828321,-2.5847776,-0.24263364,0.87015784,0.18816034,-0.33741581,0.78621018,0.28522527,0.69729406,0.48693556,-0.19653246,-1.0042614,0.44456324,0.12670052,-0.38009626,-0.69668925,0.19725505,0.29717323,1.5983862,-1.9007292,-0.060083784,1.8320696,1.9881123,0.5650391,-1.3396285,-0.38877451,-0.88857496,-0.22624558,0.048045754,0.35913253,1.0833151,1.0620583,0.60442066,0.16464804,0.32726288,1.0231713,0.70441329,1.3917761,-1.1353496,0.29345036,0.34511229,-0.029223487,-0.39257219,-0.2344186,-1.653986,0.56732404,0.19388646,-0.42294657,-0.17628552,0.33120006,0.24040624,-0.62285995,0.36184192,-0.16703634,0.1834636,-0.51231241,0.80949503,1.3974054,0.27033913,0.061436176,0.78176904,-0.1985359,-0.17749245,-1.2048638,0.33117166,-0.85714209,0.26963106,0.92182416,-0.73977172,-0.6930337,0.41525993,0.35151798,-0.94908357,-1.5664077,0.76995635,-0.7867924,-0.058129624,-1.6335769,0.28634775,-0.15115643,-0.88720459,-0.75710332,1.2404338,0.45774075,-2.5957527,-1.4594309,-0.5110907,0.055866204,0.38723284,0.002715804,-0.028664641,0.49208915,0.42278171,-0.28129938,0.28919309,0.37631091,0.42153269,0.055156752,-0.21514386,0.28464672,-1.8394666,0.032839976,0.64598191,0.14457399,0.21505499,0.7264353,1.6663904,-0.5276069,-0.99829429,-0.53179812,0.2612133,-2.1352365,0.42158651,0.06623587,0.53429472,-1.1471896,-1.7368751,0.42717054,-0.24343267,0.83343041,-0.098529316,-0.001744576,0.54480892,0.19385418,0.47918352,0.47976044,0.02571398,-0.36015975,-0.54208559,-2.5495968,-0.79381275,-1.6138494,0.15446691,-1.2901236,0.34644365,-0.11522547,-0.4246667,0.22890697,2
0.55621165,0.2486192,0.21480061,0.51335806,0.50954264,0.52327341,0.51139641,0.4945749,0.51208746,0.51372749,0.51055712,0.50910836,0.51398069,0.48691118,0.5233798,0.50025809,0.51550448,0.52057046,0.52726966,0.50743669,0.51087904,0.5099107,0.51011527,0.5075112,0.52279133,0.50248444,0.51950884,0.51383924,0.52672994,0.51250863,0.51189804,0.52271396,0.51612896,0.51076156,0.52130103,0.48564434,0.49704868,0.52107686,0.49264964,0.51329088,-0.8170194,0.20411335,0.39128774,0.41310799,1.3217854,1.7446198,1.3530874,0.70705193,0.82777345,1.6264954,1.4452871,1.1917055,0.44427335,-0.13054651,-0.12953885,-0.30352369,0.6034959,0.35726771,0.35169342,0.29886535,-0.62782001,0.020092577,-0.48560163,0.22301836,-0.51041836,-0.095271274,-0.024618775,0.80101484,0.084949002,1.4628756,-0.1858495,0.22961277,-1.0595175,-0.23379336,-0.032525036,0.82857347,-0.85104132,0.63144666,0.20527609,-0.88265467,-0.042933866,-1.2318839,-0.50479203,0.52344155,0.76730561,0.52884912,-0.0472041,-1.658222,1.1353123,0.1390115,-0.98317975,0.28259447,0.049229644,0.093107127,0.847422,0.18009444,0.35979766,-0.40474176,0.2056379,0.57739359,-0.34057611,-1.0644572,0.010094874,0.45063993,-0.1617392,0.31508076,-0.058432207,-0.27630955,-0.14514789,-0.24546185,0.38029456,0.75626642,-0.17285295,-0.49752921,-0.61004525,0.10446272,0.62267834,-1.1016304,0.42416972,-0.80461133,-0.40777466,-1.8219563,-0.98074156,-0.012901535,-0.64378798,0.15086499,-0.45171708,0.11275727,-0.094537467,-0.22193485,-0.8210839,-0.49729922,0.46696195,-1.0028613,-0.19866107,-0.10517801,0.060275033,-0.014499769,-0.63130283,-1.5576414,0.84581804,0.49846071,0.79672003,-0.18886305,0.44715637,0.22953415,0.050365672,-0.10092576,-0.29645985,0.32592991,-0.59151417,0.16057481,0.40717167,-0.35616523,-0.71719974,0.029200763,-0.56688589,-0.66931248,0.27987847,-0.52666432,0.17023581,-0.63515931,0.53732049,0.85273898,-0.007381804,-0.081623115,-1.6090331,0.81255352,-0.080630898,0.056297943,-0.021420784,-0.53841257,0.041904751,-0.16084681,-0.55102205,1.1456211,-0.6096378,0.098865487,0.52643788,-1.4727898,-0.23117837,0.27730989,-0.10716705,-0.8411243,-0.92795098,0.48545116,-0.046655118,0.5078938,0.73781049,-0.70142961,-0.31112531,0.065440781,0.4091813,0.16662467,-0.040633619,0.05983448,-0.19313952,-1.2178828,-1.7504196,-0.68804908,0.29006261,0.64872581,0.076756969,-0.31587118,-0.26997769,0.02753225,1.5321958,0.12485114,0.18788797,-0.11512804,-0.26490825,0.9241721,0.14205298,0.29919338,1.8361539,-0.17335221,-2.2531452,-0.13160622,0.46104181,-0.049961485,-0.20757943,-0.84774256,-0.081402674,-1.4089385,0.31037557,-1.3048751,0.40216815,-0.06340193,-0.85054249,0.068498775,0.086245939,0.59806818,-0.16842037,-0.058256581,-2.4857147,0.22032043,-0.56727403,-0.031221792,-0.12785646,0.26643103,0.50450379,0.09054292,-0.18854322,0.4638086,-1.7085403,-0.93027169,-0.19768605,0.41323522,-0.31170976,-0.033337668,0.2412573,0.34577665,0.08238548,0.38925171,0.44004697,0.80124551,-0.97699481,-0.24892487,0.57002717,0.1715645,0.22974393,-0.12541637,-0.21989068,-1.1464667,-0.45454529,0.13379444,-0.42145318,0.1677061,1.1609814,0.33747327,-0.35853738,0.23323089,-0.46557489,0.44336849,0.64121318,-0.43389595,0.036744088,1.5571575,0.30330354,0.24771863,-0.96170598,-0.27778009,-1.833001,0.91495377,-1.555043,-0.067088157,-4.12E-05,-1.1894609,-0.26484662,0.1457065,0.12854622,0.44575816,0.51998246,0.63532376,-1.7230266,0.99589217,0.24312809,1.3559456,0.057058163,-1.1494026,-0.11826073,-0.92121154,0.48928452,0.22785813,-0.87370157,0.35643092,-1.8240557,-1.1143655,-1.4854506,-0.40336537,0.41883868,0.62785655,0.36281657,-0.9124018,0.77605104,-1.0709608,-0.40507138,0.28426543,-1.0078251,-0.10123092,0.066625856,0.5161097,0.16106285,0.30361995,-0.10835171,0.629511,-0.092763059,0.5292356,0.45281181,-0.14611787,-0.63011736,0.39316806,1.0057164,-0.53722525,0.708799,0.39741957,0.49133682,-0.67273164,0.60628176,0.54407275,-1.0905112,-0.56179094,0.084832944,0.13496129,0.2855202,0.88871425,-0.38645744,-0.52471316,-0.42540136,0.16058704,0.6708706,-0.17967582,-0.001759097,-0.3009769,0.14258672,1.0361234,-1.0981083,0.21076488,0.25721961,-0.48578236,-0.068353444,0.14747143,-1.3655519,-1.9296808,-0.22863761,0.62636322,0.059896026,-0.21219838,0.66865903,0.24006683,0.3968209,0.30105233,-0.19108582,-0.5330267,0.26739722,0.23267597,-0.30287784,-0.25173983,0.16060387,0.063881293,1.1903541,-1.58126,-0.13186014,1.435159,1.6336643,0.53473794,-1.2442034,-0.31129938,-0.54360473,-0.2013289,0.12208152,0.3980794,1.0073985,0.95477712,0.58582956,0.2487855,0.13841875,0.80576879,0.63345593,1.1123347,-0.83955568,0.11251578,0.36540079,-0.009866998,-0.43857428,-0.14800517,-1.5030537,0.34451023,0.057103001,-0.45499319,-0.32003683,0.63917267,0.2091382,-0.67614406,0.17205328,-0.26423094,0.39147547,-0.22862065,0.91024935,0.93179154,0.25553662,0.043025471,0.65865016,-0.22568819,0.11449798,-1.0111777,0.35088894,-0.63648176,0.18723458,0.92092049,-0.50585687,-0.3909505,0.41585898,0.2752232,-0.64897078,-1.1691891,0.63926673,-0.58406603,0.092322752,-1.442189,0.26243979,-0.15845558,-0.89014959,-0.53854442,1.0141189,0.33678162,-1.8532387,-1.1820043,-0.34535196,-0.062025059,0.4130469,-0.071575448,0.15653142,0.53513932,0.25088972,-0.1718315,0.16459379,0.31357443,0.4071362,-0.15265915,0.21423425,0.82516509,-1.5432301,0.20165673,0.62767291,0.11116113,0.19843452,0.47423351,0.9456324,-0.38555247,-0.84616488,-0.46485513,0.28920242,-1.8159473,0.29987758,0.37714505,0.34739399,-0.81085634,-1.442336,0.2627534,-0.42117968,0.003732115,0.10112514,-0.098744102,0.69855428,0.12364285,0.3510614,0.46324417,0.048736103,-0.14533898,-0.49764585,-2.2319171,-0.72125345,-1.0240871,0.13880011,-0.91296941,0.21464173,-0.14904675,-0.37164241,0.12299287,2
0.6167345,0.32018232,0.27047578,0.5632329,0.55785167,0.57619345,0.56843734,0.55491769,0.56694406,0.57784724,0.55628359,0.54539466,0.55968308,0.53965008,0.56859601,0.55360818,0.54409951,0.58411586,0.5820719,0.5364126,0.53635401,0.57731217,0.57102346,0.53891754,0.55957878,0.55720967,0.58219302,0.58264995,0.57327473,0.56959617,0.56175548,0.55720329,0.55858195,0.55839854,0.58621377,0.54286772,0.54431522,0.55703473,0.54363984,0.55594152,-1.073711,0.24657404,0.53857607,0.52260268,1.4042053,1.8538184,1.5016081,0.8170231,0.9599762,1.7323737,1.5263641,1.3092895,0.64407253,-0.17252025,-0.42549062,-0.32647491,0.85298336,0.52125919,0.4923681,0.40961626,-0.73481673,0.027310269,-0.62228036,0.30558544,-0.82075191,-0.028857816,-0.13202795,0.68788999,0.064166367,1.4220253,-0.22535983,0.34135747,-1.3509864,-0.19621168,-0.081799328,1.0735588,-1.1847918,0.85157597,0.23458797,-1.0363747,-0.10506749,-1.3932157,-0.66836703,0.51914793,1.0846606,0.53198683,0.004897314,-1.8881762,0.80170977,0.21224219,-1.2325193,0.57213295,0.01981714,0.12938133,0.69762963,-0.044492867,0.30273733,-0.24906902,0.22625738,0.74961841,-0.67007619,-1.2069761,-0.039040543,0.60381538,-0.47389641,0.1598224,0.075300165,-0.23218063,-0.16921546,-0.26999956,0.30622989,0.7163654,-0.15793478,-0.2513766,-0.63230449,0.25665945,0.34674001,-1.2101433,0.45382473,-1.3136122,-0.43285161,-2.2461667,-1.077515,-0.076647565,-0.73028028,0.23997572,-0.4396964,0.002754405,-0.03502509,-0.064827174,-0.86286366,-0.66201681,-0.14888908,-1.2047442,-0.16723855,-0.06699653,0.084964827,0.028683066,-0.46239543,-1.7402166,0.31262934,0.60660899,0.86957562,-0.21895404,0.58400548,0.38905591,-0.07455422,-0.43098223,-0.52673924,0.29284698,-0.73865855,-0.14817926,0.584342,-0.32426256,-0.83505756,0.054423608,-0.57096273,-0.63666898,0.26564842,-0.38020915,0.15118484,-0.71075505,0.65415281,0.87533164,0.085213497,0.087490812,-1.7195218,0.61430156,-0.054626171,-0.20403223,-0.098602533,-0.62789285,0.070317872,-0.11488335,-0.67919499,1.158251,-0.75976074,0.23135096,0.50230443,-1.9333943,-0.11946443,0.25684255,-0.26698568,-0.55898476,-1.0365114,0.4849987,-0.013213351,0.29725423,0.9032433,-0.91817224,-0.4041273,0.12914389,0.29648367,0.089744046,0.26697281,0.094174355,-0.21973765,-1.4222112,-1.9596627,-0.81565511,0.34429848,0.76287681,0.15417284,-0.41938761,-0.38889125,0.005388834,1.4585695,-0.17548326,0.11953876,-0.080127567,-0.27440962,1.1072519,0.19714752,0.41286319,1.4573417,-0.21220835,-2.7529955,-0.25525707,0.38073385,-0.005798285,-0.15445113,-0.9430126,-0.088596165,-1.4497141,0.28942335,-1.2366525,0.33882505,0.1219029,-1.008239,0.097920217,0.039123207,0.61581558,-0.086405657,-0.44811857,-2.8005912,0.26526764,-0.69473666,0.019790702,0.033467531,0.13506207,0.5504548,0.016038254,-0.25361276,0.67771423,-1.6532249,-0.86310613,-0.27411824,0.45110187,-0.40273294,0.087088108,0.09484569,0.40349117,0.01811086,0.46165839,0.53484279,0.77825671,-0.90263051,-0.25642583,0.54536712,0.15739626,0.17381917,-0.13172171,-0.34677464,-1.3211025,-0.57995307,0.17266241,-0.44476885,0.15442002,1.0291555,0.44169065,-0.49547595,0.30777115,-0.43151152,0.54091203,0.56538653,-0.34878731,0.11998448,1.7516967,0.056974754,0.28738108,-1.0405158,-0.2508924,-2.1357405,1.100351,-1.5359932,0.005619556,-0.008881986,-1.5775409,-0.33970076,0.17069319,-0.058065593,0.32059669,0.25029305,0.24556431,-1.9935055,1.0291572,0.19846506,1.2681183,-0.077084489,-1.3135688,-0.10661856,-1.0011541,0.70865345,0.002729356,-1.023962,0.25405717,-1.8730587,-1.464547,-1.4781747,-0.50449157,0.39429548,0.47688913,0.42037749,-1.0927082,0.91575313,-1.1339304,-0.29546523,0.46968925,-1.263267,-0.17661116,0.12105837,0.48778257,0.057380285,0.30473328,-0.1814969,0.60854429,0.10103246,0.6001389,0.085037224,-0.13360023,-0.65593052,0.62102348,1.1565207,-0.61698174,0.73121524,0.58090121,0.52859074,-0.7709381,0.44060877,0.42923078,-1.0252049,-0.72995019,0.14142635,-0.008318469,0.14983226,0.68747783,-0.43353334,-0.62904602,-0.55102175,0.038621791,0.46987364,-0.18540467,-0.039166324,-0.48409575,0.29728431,1.0380567,-1.066488,0.26084512,0.42568547,-0.67302048,-0.11474615,-0.32406622,-1.5239735,-2.3241944,-0.36530989,0.81767774,0.005927242,-0.29939449,0.74651498,0.15139025,0.52986711,0.44651163,-0.27963912,-0.6346004,0.37640911,0.10776612,-0.31619549,-0.73141348,0.2136756,0.2685914,1.3312041,-1.8813409,-0.051515635,1.5794516,1.7670801,0.5141362,-1.4142898,-0.39669055,-0.54782295,-0.30786994,0.013678612,0.32954815,0.88117778,0.89146781,0.56939131,0.063535824,0.23517591,0.9460879,0.67524153,1.0722855,-1.0784161,0.29739338,0.20648584,0.17152768,-0.51399362,-0.042046763,-1.654614,0.51055473,0.13429075,-0.32190731,-0.11380952,0.2611782,0.24174301,-0.85031044,0.29067615,-0.30215818,0.021402363,-0.14654887,0.51380861,1.0538304,0.25093651,0.12847129,0.67488497,-0.14802504,-0.071580239,-1.0167005,0.25516653,-0.86832356,-0.056498274,0.74828118,-0.79957187,-0.42209125,0.54221678,0.36632764,-0.60449505,-1.2835574,0.62671703,-0.68117821,0.10138264,-1.6005542,0.28602931,-0.17946549,-0.98403656,-0.69413054,1.0256517,0.43804231,-2.1452022,-1.2570791,-0.53414279,0.044060871,0.34373236,-0.11167642,0.16145146,0.43530381,0.34224939,-0.20004454,0.26646137,0.34421167,0.36111447,0.26283023,-0.027364224,0.33581594,-1.7784104,0.16625494,0.48530817,0.11814933,0.18283626,0.61967093,1.0155009,-0.44323373,-0.9572174,-0.4874638,-0.003368758,-1.9708376,0.47715658,0.40119427,0.48914826,-0.90226841,-1.4817736,0.35026392,-0.46204245,0.11833343,-0.12910557,-0.011396252,0.48691002,0.23615155,0.43491685,0.43421444,0.083386078,-0.18496487,-0.38311484,-2.4438205,-0.74500668,-1.0092766,0.12625675,-0.98699832,0.26909173,-0.030282483,-0.32881778,0.23353367,2
0.5738498,0.27916026,0.24376042,0.5532127,0.53103191,0.55657554,0.54024291,0.51934087,0.54185641,0.56496477,0.54229856,0.54143137,0.53766108,0.51420319,0.55708534,0.53359616,0.54064488,0.56871307,0.56710613,0.53434813,0.54189932,0.54300618,0.55491233,0.54230088,0.555583,0.53890657,0.55919713,0.54945028,0.55234337,0.55411482,0.55060655,0.53405029,0.52807075,0.53357053,0.54806805,0.51472676,0.53587037,0.56586987,0.52685034,0.53384852,-0.8102867,0.21919672,0.42067689,0.45084715,1.3472782,1.7821258,1.3870466,0.73310137,0.85557008,1.6505582,1.4557588,1.2217534,0.45993555,-0.18723828,-0.17404684,-0.28947797,0.73602277,0.38968965,0.37402222,0.37559861,-0.4949064,0.025546161,-0.42778981,0.31448746,-0.59173954,-0.15521006,-0.17219719,0.62519538,0.1023927,1.4828267,-0.23468083,0.26317808,-1.2145569,-0.22317983,0.097354054,1.0062323,-0.95371193,0.69096226,0.24588737,-0.97478163,-0.092650995,-1.1536657,-0.68259221,0.56485003,0.98160362,0.71989119,0.027959406,-1.786395,0.90622169,0.12689739,-1.0397183,0.4511849,0.02297217,0.13790375,0.59655833,-0.16150565,0.27752441,-0.39878267,0.26174039,0.65312278,-0.73768443,-1.1941068,0.026303064,0.53677195,-0.28083208,0.14883032,-0.053345509,-0.21729676,-0.13908446,-0.35966343,0.47279873,1.0269938,-0.23338909,-0.35420984,-0.7225045,0.21167846,0.69040889,-1.0538417,0.43246663,-0.86151677,-0.43060428,-1.9427537,-1.0861515,-0.009141177,-0.53847808,0.27437913,-0.48255211,0.11770229,-0.088525504,-0.18815553,-0.83075196,-0.49211487,0.65618718,-1.1532022,-0.1678772,-0.11707602,0.10160711,0.13438106,-0.60036802,-1.7204112,0.75874007,0.48546982,0.83830827,-0.18836565,0.54167241,0.32735512,-0.030134529,-0.14996955,-0.29116163,0.32542261,-0.39854228,-0.17821985,0.44439331,-0.36189961,-0.68968701,-0.015974002,-0.54601324,-0.78279847,0.27344698,-0.41349432,0.0469811,-0.51937681,0.5771687,0.64076608,0.032473553,0.13472828,-1.7414503,0.86151344,-0.053878181,-0.18410417,-0.12704416,-0.60521215,-0.081278414,-0.19492015,-0.55939025,1.0980502,-0.75820619,0.15765603,0.47937393,-1.8285319,-0.20682508,0.33536541,-0.093900584,-0.61086524,-1.0165374,0.44892544,0.12842169,0.4030087,0.9012537,-0.7623316,-0.3773402,0.097349063,0.10943253,0.19746673,0.51574081,0.14210427,-0.14860785,-1.3204995,-1.8444374,-0.70626974,0.2698051,0.56874573,0.19493589,-0.42342809,-0.29385978,0.026908308,1.3647652,-0.066174559,0.056438725,-0.25870579,-0.31465596,1.2534249,0.18657362,0.30289644,2.4499218,-0.14566244,-2.5248146,-0.12173969,0.67694587,-0.006348601,-0.18332994,-0.89721787,0.015471466,-1.5093986,0.27822316,-1.3410448,0.4407663,-0.022510543,-0.88384014,0.076312713,0.084343731,0.65055406,-0.27127671,0.033154413,-2.7212172,0.3830432,-0.67298549,-0.01307299,0.017753154,0.33531728,0.50977337,0.28144196,-0.2365101,0.55631584,-1.7445226,-0.84760636,-0.14461714,0.322965,-0.45530063,0.20199332,0.53900468,0.47922295,-0.004494406,0.39916071,0.48480594,0.87232643,-1.0910589,-0.31723094,0.56701481,0.21952194,0.26301083,-0.06872078,-0.1073138,-1.2215769,-0.57235718,0.18223405,-0.41133094,0.22023574,1.1771634,0.39585036,-0.42828593,0.1997667,-0.39240295,0.68898219,0.71478128,-0.39140883,0.040273029,1.3902497,0.17075399,0.30210036,-0.93346936,-0.23607695,-2.0588081,1.0912123,-1.5725222,-0.11367637,-0.10267608,-1.34611,-0.21776675,0.20223971,0.24212405,0.8369301,0.4688991,0.73417544,-1.9994737,1.0849755,0.40329495,1.2725068,-0.003279824,-0.96589404,-0.079347588,-0.99241906,0.79889107,0.38628155,-0.89477396,0.38100809,-1.931444,-1.4535775,-1.5226252,-0.55450535,0.6575163,0.64160645,0.34764791,-1.0367299,0.8367126,-1.2502759,-0.30190033,0.42790824,-1.0723035,-0.081125371,0.005987561,0.54410708,-0.007034976,0.37843075,-0.098652445,0.52742088,-0.020535743,0.59949273,0.094897263,-0.18608487,-0.77647173,0.50969386,1.1810961,-0.57452136,0.79345423,0.42195684,0.56712443,-0.74365014,0.62000144,0.56621563,-1.0824333,-0.47178498,0.1353132,0.26811403,0.1912425,0.8834213,-0.42852131,-0.55190456,-0.43882886,0.059516121,0.6672473,-0.24557415,0.029799446,-0.38746303,0.17905441,1.197807,-1.0782704,0.2079891,0.32546994,-0.76987416,-0.012516821,-0.16384326,-1.6272105,-2.1912739,-0.39280564,0.67201847,0.02070637,-0.28248516,0.69941586,0.14994937,0.5017904,0.29835933,-0.18205598,-0.57254004,0.3010107,0.056005895,-0.3023006,-0.44694325,0.16659197,0.10442152,1.38483,-1.7374032,-0.14653808,1.6509533,1.7370913,0.38429743,-1.2921844,-0.3400425,-0.41177717,-0.19196784,0.15142588,0.42826065,0.88710237,1.0755812,0.50730193,0.26355919,0.22547519,0.80972677,0.73802602,1.195169,-0.87978697,0.2682184,0.43359467,0.091670468,-0.42828014,-0.13377169,-1.4945704,0.39105171,0.003612485,-0.51207078,-0.14905363,0.34761861,0.10227276,-0.70365667,0.25161707,-0.27885005,0.34423995,-0.081099719,0.57123506,0.98724395,0.20751756,0.023695219,0.6576755,0.37053898,-0.10336712,-1.074178,0.30177328,-0.70859134,0.31964624,0.93274438,-0.6203475,-0.5103339,0.4959451,0.45950297,-0.61489516,-1.0982186,0.59009421,-0.61783761,0.027270347,-1.4465503,0.24500981,-0.22078076,-0.77447701,-0.58674973,1.0888669,0.47424403,-1.9126902,-1.2122629,-0.38532913,0.006605109,0.36691001,-0.026189029,0.043837324,0.44348255,0.22987604,-0.24857624,0.18695965,0.36921838,0.36494106,0.23187083,-0.12080421,0.41488975,-1.6967664,0.004742229,0.55059952,0.03127661,0.16339514,0.63645238,1.0927893,-0.48814678,-0.9216367,-0.43771696,0.15903318,-1.9638228,0.26069969,0.32122776,0.43373084,-0.85062939,-1.3295933,0.28800663,-0.437805,0.084867075,0.006925497,-0.028478764,0.44877517,0.14511926,0.3359907,0.37597793,0.030600782,-0.15541385,-0.48844388,-2.2659962,-0.83714962,-0.93947071,0.040152498,-0.88366252,0.072006941,-0.12720175,-0.3780936,0.21016647,2
0.51013052,0.19802716,0.17736365,0.48994225,0.47822249,0.50919956,0.4799239,0.47546726,0.47941101,0.48288989,0.47339842,0.47307473,0.48018703,0.45103949,0.49438396,0.47792226,0.47884554,0.50329745,0.48197454,0.45926914,0.46799001,0.48360431,0.48056993,0.47135758,0.48819143,0.47981045,0.4987253,0.487551,0.48841059,0.48695225,0.48120874,0.49054426,0.47398829,0.47725433,0.4822166,0.45382485,0.46038073,0.46919021,0.46411127,0.47215253,-0.76423585,0.1649731,0.20604879,0.27064604,1.2142942,1.5917506,1.1474195,0.53543752,0.63768792,1.4641973,1.2872381,1.0178419,0.36153752,-0.2009761,-0.004423298,-0.24843287,0.6585117,0.39916751,0.32838446,0.2754733,-0.52795565,-0.035839051,-0.45800772,0.11460945,-0.59093481,-0.030253548,-0.15459463,0.54682022,0.11002535,1.4527454,-0.18995379,0.22886032,-1.127086,-0.22402473,0.0050698,0.84673923,-0.89144325,0.53240365,0.027364448,-0.81941509,-0.031177502,-1.0308197,-0.58388269,0.47046721,0.84771955,0.41046298,-0.073378406,-1.5863272,0.80630565,0.093974844,-0.99764651,0.42484069,0.007626239,0.047663298,0.69340384,0.38425976,0.33282852,-0.30329701,0.23400638,0.56994158,-0.60724276,-1.0295436,-0.083308719,0.59911507,-0.34007442,0.1911726,0.11720315,-0.14842886,-0.15884848,-0.31374311,0.33783144,0.84432024,-0.1384747,-0.26964429,-0.47858548,0.18080644,0.3995856,-0.95465857,0.29974541,-1.04024,-0.32420063,-1.6819129,-0.89036161,0.007717608,-0.51596373,0.25997701,-0.41550156,0.12126005,-0.063284338,-0.035744213,-0.6734274,-0.45209897,0.37273958,-0.95440125,-0.11624449,-0.094180375,0.16477798,0.134387,-0.48258245,-1.4774674,0.54935551,0.43080866,0.80714953,-0.10351089,0.36951524,0.28731146,-0.021025114,-0.14419517,-0.24956039,0.31046391,-0.51393366,-0.12439863,0.37354589,-0.21957266,-0.70848298,0.043001786,-0.49719489,-0.6660015,0.19957574,-0.32138664,0.038340624,-0.63552922,0.36809939,0.57462752,0.011311665,-0.072920784,-1.5177165,0.67368186,-0.2274815,-0.035811096,-0.002845414,-0.52582371,-0.003161786,-0.081601761,-0.58780313,0.90496159,-0.68922102,0.14623216,0.44817519,-1.1644068,-0.18364641,0.35160297,-0.10999438,-0.45218822,-0.78524315,0.49729779,0.22599699,0.30885562,0.85922849,-0.69634342,-0.28992206,0.12353539,0.28403023,0.26648918,0.33963585,0.12789902,-0.18468827,-1.1335248,-1.5886567,-0.73747301,0.25368339,0.55703562,0.17908101,-0.42079008,-0.34706882,0.11159629,1.2529126,-0.29428899,0.057169646,-0.12416223,-0.1514006,0.93358612,0.12388582,0.28027192,1.4266723,-0.12066365,-2.2147026,-0.14699596,0.52206981,-0.027528834,-0.11781255,-0.66436845,0.1618697,-1.2834955,0.1978858,-1.1303812,0.2501508,0.061391588,-0.71957117,0.066496722,0.29732782,0.51207459,-0.25971583,-0.32370967,-2.3359659,0.3284854,-0.50123012,-0.052463394,-0.19415259,0.13217676,0.49935746,-0.005727649,-0.14913175,0.42943028,-1.4383577,-0.80555391,-0.36946398,0.34801632,-0.41959402,0.26186675,0.22613472,0.36561355,0.082586862,0.34175768,0.35620224,0.78613478,-0.9852252,-0.26986894,0.39880341,0.15548329,0.26328048,-0.062831923,-0.1520811,-1.1223247,-0.49584049,0.11982328,-0.54920518,0.038647115,1.1307319,0.35431778,-0.44947889,0.24525186,-0.3266018,0.38290456,0.62190169,-0.3934356,0.072589628,1.3059558,0.31286547,0.34383887,-0.89200962,-0.15351808,-1.8629339,0.86448479,-1.3149321,-0.085538208,-0.14326432,-1.3121083,-0.14096847,0.20785044,0.022240348,0.63392091,0.69480032,0.37624574,-1.5988781,0.84265786,0.12532467,1.1000885,0.021382507,-0.93002176,-0.062645607,-0.74806297,0.48939344,0.07059595,-0.75511086,0.296128,-1.596558,-1.2730286,-1.1838343,-0.43935287,0.50544983,0.73513514,0.25943777,-0.8705402,0.68890244,-0.97887444,-0.17285685,0.28822622,-0.96926045,-0.12924382,-0.006284067,0.51423573,0.3482039,0.36009741,-0.10756354,0.30238396,0.06252785,0.50760347,0.10084736,-0.086739138,-0.65605915,0.42845461,0.87054694,-0.50334245,0.65035111,0.4142091,0.49213192,-0.6022172,0.57973862,0.51731348,-0.87865341,-0.5131675,0.15882888,0.079015069,0.17625803,0.69853723,-0.42998725,-0.42186669,-0.32591775,0.011159778,0.47027454,-0.14546406,-0.06497401,-0.29863063,0.19704357,1.1099209,-1.0356092,0.20607001,0.30170292,-0.60620946,-0.058582172,-0.15865131,-1.3247715,-1.7904966,-0.32912713,0.58491993,-0.017675355,-0.26969296,0.6699456,0.18230656,0.43537992,0.24900371,-0.13636468,-0.45573035,0.25084183,0.13785546,-0.24336086,-0.45634195,0.061269671,0.1685358,0.99619168,-1.5920939,-0.036922954,1.4740949,1.2912941,0.36268702,-1.2209834,-0.17904633,-0.3757315,-0.11753215,0.073417038,0.25875062,0.75959468,0.6402179,0.35318208,0.15036286,0.21109575,0.8809607,0.70472014,1.1627017,-0.70199257,0.14475529,0.41401136,0.14105704,-0.34954616,-0.12152055,-1.4753712,0.34886971,0.022193933,-0.34033668,-0.19065186,0.47127742,0.23614126,-0.61696017,0.23038143,-0.1657968,0.31035918,-0.048827425,0.49383986,1.0146548,0.1499427,0.061399087,0.5709672,-0.036185943,0.018792819,-0.91459399,0.22759704,-0.66756499,0.21378221,0.67344695,-0.57845873,-0.47080711,0.42374673,0.27829868,-0.56138033,-1.0078366,0.54070055,-0.55876869,0.12557177,-1.3866844,0.24107376,-0.12892631,-0.69053787,-0.52351898,0.88706934,0.38323951,-1.6608641,-0.97642028,-0.3053948,-0.046358909,0.29405335,0.021647766,-0.007110937,0.42155463,0.21151952,-0.15127167,0.18677628,0.37749878,0.36639133,0.25054201,0.11442161,0.22098537,-1.2807426,0.010813015,0.41612223,0.034685172,0.17484179,0.46291724,1.0867519,-0.3861129,-0.73901284,-0.37712929,0.16443706,-1.7571592,0.3717629,0.30821177,0.36322108,-0.70556146,-1.1954746,0.33481207,-0.466371,0.23338132,0.052311603,-0.099135801,0.39826643,0.055586722,0.29493138,0.44345295,0.019408185,0.026361778,-0.39410499,-2.0696604,-0.68478584,-0.89159399,0.010656003,-0.730959,0.14576335,0.030021682,-0.27407855,0.1688021,2
0.70743334,0.41580933,0.37961754,0.63445389,0.62360817,0.66514534,0.62822211,0.61470926,0.62627006,0.63986742,0.62448239,0.62379241,0.62391317,0.5937233,0.64250708,0.62392545,0.61784959,0.6551739,0.64735138,0.61404216,0.61904407,0.63947177,0.62224889,0.62460172,0.62854385,0.63813478,0.65483582,0.64785278,0.63939834,0.63812172,0.64343047,0.63610709,0.62790263,0.62509763,0.63529319,0.61851215,0.61980742,0.63071418,0.61531699,0.63102174,-1.0632784,0.36397862,0.73001158,0.65260559,1.5560386,1.9371959,1.6919658,1.007427,1.1584173,1.9241854,1.6923432,1.4938898,0.57339233,-0.1172931,-0.043273859,-0.31577665,0.74471182,0.47993329,0.5512321,0.42275777,-0.92600071,0.0326318,-0.58290488,0.40529189,-0.47370711,-0.060841538,-0.068703517,0.81459451,-0.000649989,1.4751797,-0.15958855,0.37902221,-1.2664403,-0.18817209,-0.10563883,0.80553764,-0.93691218,0.80985212,0.49548358,-1.0327121,-0.10221449,-1.3801348,-0.53880596,0.4776997,0.90502763,0.71915227,0.095565669,-2.0145655,0.75492001,0.25615019,-1.1852337,0.83853257,0.10131571,0.21988499,0.66510981,0.018153638,0.36225766,-0.6788671,0.067795947,0.71332622,-0.41482311,-1.2858949,0.11124172,0.65884244,-0.519943,0.40317342,-0.021037525,-0.20288375,0.006223783,-0.27674145,0.26661491,0.74789,-0.19367212,-0.59108508,-0.83280045,-0.019649565,0.81155109,-1.4621727,0.6410262,-1.0596745,-0.41960377,-2.060894,-1.4683833,-0.024632173,-0.70297498,0.204523,-0.54704309,0.22796051,-0.16549812,-0.62605381,-0.98253369,-0.43044776,0.65542543,-1.3561316,-0.36672938,-0.38379419,0.28275457,0.050446048,-0.71527946,-1.8548522,0.92477548,0.61700106,0.93351692,-0.19496711,0.54439569,0.40616071,-0.14412518,0.029251456,-0.38686055,0.30789465,-0.24551147,-0.088848546,0.49287605,-0.67925024,-0.92984104,-0.002969535,-0.77729803,-0.98725581,0.31918299,-0.8052634,0.10063036,-0.67872614,0.77157617,0.81939781,-0.19906354,0.1831038,-1.9106302,0.58078772,-0.13233574,-0.1674023,-0.060556103,-0.67457467,-0.22026128,-0.21153595,-0.54591686,1.1390659,-0.9731583,0.21956241,0.61211658,-2.6302633,-0.16492125,0.3545047,-0.26227474,-0.77314293,-1.3167131,0.48486441,0.16089895,0.55248904,0.83947349,-1.059148,-0.36729273,0.19077364,0.31860867,-0.085505083,0.51546746,-0.04198207,-0.33536705,-1.5317039,-1.8242604,-0.65899873,0.41182953,0.16616252,0.12698266,-0.39033824,-0.3396489,0.000391684,1.6553556,0.004095011,0.066049919,-0.49020714,-0.41249415,1.3183715,0.25675339,0.42501724,1.9310526,-0.134992,-2.5258751,-0.14192101,0.51201773,-0.050984938,-0.14550135,-1.3924199,-0.001056708,-1.9622531,0.43617794,-1.6288553,0.8954314,-0.15771824,-0.91741878,0.10841881,0.31900895,0.90337777,-0.17410962,-0.12810479,-3.2656531,0.3065421,-0.55321389,-0.0104606,-0.099700838,0.54028058,0.86446762,0.13217199,-0.22056305,0.46798849,-2.2159071,-1.0502446,-0.24046141,0.49725193,-0.47642055,-0.047029629,0.72367138,0.44779578,-0.055190496,0.32200477,0.59197563,0.91573215,-1.0752827,-0.2669611,0.80271953,0.19387047,0.11864746,-0.18375532,-0.35132784,-1.2962195,-0.6190666,0.22266123,-0.48287535,0.46118221,1.1807723,0.48843509,-0.48301455,0.27304062,-0.4331854,0.26473916,0.69812638,-0.52148032,0.1416364,1.0921052,0.17421599,0.31357494,-1.3659902,-0.31675118,-2.3034811,1.2880646,-1.9976428,-0.11449046,-0.19934136,-1.2621742,-0.30629128,0.22426428,0.21844839,0.42186087,0.61532915,0.70107859,-2.0699553,1.2026043,0.072704002,1.3455139,-0.12953708,-1.2956424,-0.091119736,-1.0349405,0.82781231,0.18388982,-1.0265967,0.64184421,-2.4803746,-1.9279702,-1.7219199,-0.39752603,0.40687013,0.75007725,0.46285951,-1.3807824,1.0501605,-1.432542,-0.087639578,0.56291294,-1.2580643,-0.005614834,0.076795608,0.5039829,-0.3139385,0.3134169,-0.20862201,0.58730054,-0.040694084,1.0319892,-0.011783808,-0.21881859,-0.94457096,0.57930952,0.92829359,-1.0078979,1.0155973,0.63020784,0.35411364,-0.75877106,0.97431105,0.27114037,-1.5861305,-0.58581924,0.14793502,0.38032728,0.17662342,1.0539656,-0.4324463,-0.62102544,-0.48317322,0.000160016,0.46580702,-0.17185776,-0.1189398,-0.58066809,0.2630969,1.2438937,-1.4282748,0.28687757,0.38963485,-0.48520052,-0.18359007,0.062083215,-1.996279,-2.3485603,-0.040029645,0.87664908,-0.006641597,-0.37338415,0.94303149,0.12390045,0.47715402,0.40657711,-0.16834103,-1.0940087,0.34168816,0.065496273,-0.24770497,-0.13434526,0.29699689,0.24070582,1.2135106,-1.8886172,-0.10386737,1.5992069,1.4798434,0.60032386,-1.3802803,-0.44867045,-0.9476074,-0.1452641,0.24827002,0.57390678,0.96036971,0.52101409,0.37896621,0.3582353,0.18145649,1.1245962,0.71514165,1.3289919,-1.2402842,0.11367337,0.37355307,-0.26403356,-0.50954103,-0.23722279,-1.7510527,0.54732937,0.19342053,-0.43114096,-0.31810373,0.54427016,0.19642727,-0.87640941,0.45350522,-0.14497775,0.2772263,-0.61559308,0.69473302,1.2433225,0.190387,0.17561325,0.77136594,-0.064399093,-0.19622178,-1.0735722,0.28355792,-0.72643065,-0.043552607,0.79390466,-0.51739323,-0.76287401,0.49012426,0.40818799,-1.0784707,-1.7323453,0.82490003,-0.65202487,-0.32281467,-1.8384037,0.22285585,-0.13799809,-1.0609294,-0.74573612,1.1870201,0.38785636,-2.2968576,-1.4471546,-0.49066955,0.048170015,0.58463717,-0.13252686,0.13088629,0.62042594,0.32708037,-0.1919751,0.24115105,0.32157084,0.51503348,-0.035549082,-0.036991365,0.23399578,-1.7700963,0.00255248,0.76550317,0.14155924,0.27026391,0.71189386,1.1431581,-0.58180666,-0.90158916,-0.55950582,0.61518502,-2.210659,0.18502688,0.11722766,0.593961,-0.92689908,-1.6482716,0.22161433,-0.27272928,-0.057206184,0.13843831,0.24901605,0.80779481,0.17677633,0.46609789,0.37331238,0.01857058,-0.22371954,-0.60737216,-2.4655356,-0.72886044,-1.605016,0.17984809,-1.2892895,0.40992022,-0.06154304,-0.61024046,0.14367598,2
0.48228061,0.18553387,0.15451518,0.4628149,0.45341098,0.48295987,0.45716453,0.44666761,0.4546271,0.45166487,0.45677412,0.46264637,0.46640027,0.43630046,0.47042435,0.44943362,0.45678103,0.48908037,0.46985164,0.44920519,0.4536055,0.46667171,0.45829844,0.45170951,0.47082222,0.4679589,0.47660363,0.46818528,0.46518585,0.45909101,0.46139348,0.46591121,0.44093144,0.44760299,0.46152359,0.44285071,0.44492012,0.45545378,0.43727764,0.45323539,-0.85549152,0.13427468,0.34009093,0.41670042,1.3630633,1.7129521,1.3215843,0.68882072,0.79415268,1.6257246,1.4414524,1.176994,0.39996868,-0.19612151,-0.25060531,-0.37281072,0.76786113,0.45512664,0.36137205,0.33579499,-0.67436838,-0.075728022,-0.60579783,0.1398885,-0.50919616,-0.066012196,-0.10333472,0.68946594,0.14625333,1.3740345,-0.19908743,0.24176036,-1.1576413,-0.29033709,-0.013576154,0.94445705,-0.90229768,0.65002555,0.16619489,-0.95095265,-0.060979895,-1.2705054,-0.5967862,0.54681838,1.0565709,0.46799105,-0.080667347,-1.7360871,0.84293163,0.11638089,-1.0788463,0.4384557,0.005053457,0.060743921,0.6795553,0.33991748,0.20735431,-0.38112116,0.22503176,0.68395388,-0.50988752,-1.0630258,0.000787392,0.56597668,-0.42796934,0.15237941,0.23879081,-0.23186496,-0.058836401,-0.34883833,0.5011968,0.85989237,-0.13943082,-0.6350255,-0.51016927,0.11762174,0.59340256,-1.0394039,0.39503822,-0.81368202,-0.36352181,-1.8163868,-1.0565836,-0.019203572,-0.53533769,0.10689245,-0.43522632,0.15989307,-0.15222728,-0.26131827,-0.66519421,-0.45360655,0.49256402,-1.0353696,-0.15250011,-0.10562872,0.10227495,0.34237713,-0.58629018,-1.5536147,0.51605123,0.47187474,0.86902475,-0.14162141,0.49732155,0.31536391,0.020885069,-0.27518576,-0.23227715,0.41194075,-0.27498683,-0.25077659,0.42267403,-0.49731201,-0.75317419,0.052525014,-0.48622084,-0.77852637,0.27601066,-0.38032165,0.004724062,-0.56704879,0.48178509,0.60331291,-0.077506438,0.10178626,-1.7426183,0.86009145,-0.079941854,-0.15234596,0.025562219,-0.53511739,-0.16607338,-0.16735865,-0.65867937,1.1304674,-0.54185361,0.17221388,0.44031698,-1.6060724,-0.21408299,0.38055992,-0.067687556,-0.51567852,-0.8795082,0.4061991,0.057904527,0.34834102,1.0266162,-0.65276551,-0.23086099,0.11927315,0.49876559,0.25648785,0.33672914,-0.076687083,-0.036202766,-1.2869599,-1.7000575,-0.73591506,0.26203468,0.49716902,0.21728368,-0.4995386,-0.21504699,0.12343676,1.2778001,-0.22410494,0.12459746,-0.16093998,-0.29368183,1.2645942,0.17003971,0.29404455,2.5320132,-0.17147139,-2.4899111,-0.11798443,0.61824501,-0.000437662,-0.20134602,-0.7324422,0.004706547,-1.4911029,0.17950447,-1.1361555,0.2968657,-0.046875857,-0.7832095,0.042238094,0.41129717,0.56016403,-0.21917373,-0.064239293,-2.6292901,0.23677026,-0.67712069,-0.017143663,-0.1102024,0.26686722,0.43047392,0.10568285,-0.037859321,0.60011256,-1.8030642,-0.9255712,0.11571653,0.42108288,-0.38952801,0.1963169,0.19358599,0.39292237,0.020847458,0.3490625,0.37608677,0.69571209,-1.0509317,-0.33041921,0.57238197,0.077084474,0.25728375,-0.094754487,-0.16692401,-1.2009097,-0.48906493,0.18597093,-0.57997078,0.017466247,1.0945349,0.37910479,-0.463732,0.17320378,-0.36237168,0.28204811,0.70315707,-0.41176203,0.046387024,1.4563028,0.084344253,0.2895872,-1.3335612,-0.3540923,-1.9320931,0.81784385,-1.5278187,-0.072527736,-0.003923044,-1.4814169,-0.30908048,0.19880107,0.1174245,0.59599996,0.16815293,0.61566389,-1.848789,1.0233189,0.23350956,1.1916169,-0.051037338,-1.0292612,-0.12815104,-0.94635403,0.76845384,0.045406178,-0.76045716,0.3355186,-1.800831,-1.3750417,-1.4903129,-0.44047129,0.53780091,0.83759701,0.30830368,-1.0956218,0.83321357,-1.1020193,-0.24698104,0.39085793,-0.99888104,-0.084174663,-0.056987692,0.52672291,-0.043350823,0.38202915,-0.091879204,0.47709736,0.003234014,0.49154431,0.42741007,-0.14946632,-0.73478556,0.46858582,0.87380207,-0.59441924,0.71061945,0.45416617,0.34556252,-0.68051982,0.48603132,0.44921499,-0.96614957,-0.54178357,0.11223463,0.17805877,0.23522617,0.73847818,-0.34522238,-0.47483501,-0.44925341,0.045996219,0.51508093,-0.27101395,-0.043583289,-0.3660067,0.21903901,1.1777273,-1.174559,0.21175081,0.34318376,-0.70793653,-0.062236968,-0.061788619,-1.560166,-2.0826163,-0.24541885,0.67644417,-0.14069465,-0.21527648,0.52812326,0.24156494,0.48139906,0.28094983,-0.13094729,-0.44118237,0.33399004,0.052923556,-0.2356645,-0.48210734,0.088349089,0.20128509,1.2081192,-1.711287,-0.16043589,1.4447626,1.519358,0.58663708,-1.3111652,-0.26090023,-0.42127776,-0.16895805,0.042376485,0.42964125,0.73898482,0.74568641,0.3861579,0.18751127,0.18821996,0.83967668,0.66430229,1.3316952,-0.90892571,0.17432666,0.37688547,0.08531341,-0.52167195,-0.075428769,-1.4061772,0.40320092,0.011816105,-0.37680116,-0.23471494,0.36600277,0.11534943,-0.63811648,0.26654226,-0.23348618,0.32329157,-0.15700452,0.51576251,1.083629,0.22183414,0.039865188,0.61220682,0.3832261,-0.21219333,-0.93981677,0.34094402,-0.65730864,0.48909971,0.84734887,-0.46684217,-0.64727104,0.42567366,0.29019123,-0.47909176,-1.0459746,0.60931259,-0.47055778,-0.051163062,-1.6523305,0.29029515,-0.17972474,-0.93850601,-0.68223906,0.99899429,0.46005327,-1.661303,-1.285702,-0.40136808,0.00098205,0.31718254,0.008167002,0.01043812,0.44577515,0.28033799,-0.1837379,0.19338056,0.29731092,0.32046333,0.2713635,-0.071351409,0.16944942,-1.4940486,0.004328108,0.52921176,0.082188696,0.13528973,0.49879315,1.0301416,-0.45397687,-0.75420403,-0.41438887,0.32811451,-1.9624003,0.28863072,0.3994908,0.44105452,-0.84021002,-1.1859771,0.26359135,-0.57887167,0.11903965,-0.004135326,-0.093542285,0.56009924,0.1277114,0.32013357,0.45343545,0.024199612,-0.11128357,-0.4549194,-2.2455549,-0.70255464,-0.81470704,0.035693198,-0.84391415,0.21874908,0.31708696,-0.23561312,0.2349923,2
0.61696607,0.32114252,0.28039536,0.56134737,0.5430398,0.58445221,0.55337059,0.53581119,0.53778553,0.55400741,0.54202485,0.54585469,0.54290152,0.51695454,0.54479408,0.543603,0.54163182,0.57062048,0.55904299,0.52649671,0.53177631,0.55576319,0.54331583,0.53715479,0.55087721,0.54763424,0.56486601,0.55779994,0.55349976,0.5506084,0.55363929,0.55459517,0.54743338,0.53647351,0.55610484,0.52858561,0.52805471,0.53772253,0.53204453,0.54497528,-1.0444288,0.24515492,0.45695412,0.44857919,1.3526356,1.8093308,1.4331036,0.7578522,0.88211143,1.6745563,1.4796113,1.2362046,0.57044882,-0.17501813,-0.32388556,-0.32136452,0.94974005,0.57462525,0.47195578,0.44747907,-0.88730478,-0.018478695,-0.58840239,0.29110351,-0.53005517,-0.19244619,-0.17148906,0.52312404,0.11160761,1.2750602,-0.25246802,0.30532402,-1.3414352,-0.19969983,-0.066801727,1.1351784,-1.0733639,0.8854326,0.19137731,-1.0393167,-0.10817829,-1.2279752,-0.66746497,0.54745466,1.1760552,0.6421786,-0.041918196,-1.7689506,0.88254946,0.18066356,-1.1768651,0.40816867,-0.034403294,0.10798766,0.7004115,0.30475441,0.17123818,-0.257034,0.16681013,0.78199065,-0.86399931,-1.1278721,0.019950099,0.55108488,-0.36603492,0.31747255,0.005532814,-0.28740102,-0.14261232,-0.32924938,0.397113,0.69886887,-0.14275022,-0.39899886,-0.62063205,-0.10146397,0.61978334,-1.1009777,0.42961791,-1.0388756,-0.43421465,-1.9734528,-1.0645192,-0.033247385,-0.65399939,0.2449234,-0.40024239,-0.074342027,-0.019383647,-0.17414665,-0.8605603,-0.64230621,0.6574946,-1.127301,-0.17170538,-0.003415339,0.014746502,-0.14382076,-0.51811355,-1.6486887,0.75276768,0.57046688,0.85906845,-0.23042977,0.57137477,0.44614553,-0.004967034,-0.090600654,-0.32167032,0.4045873,-0.58213168,-0.16622572,0.62957746,-0.29892939,-0.8631928,0.035632633,-0.62176466,-0.62636364,0.2686345,-0.39594382,0.18756077,-0.79748106,0.65103066,0.90596128,0.11122052,0.14862378,-1.6770897,0.50462669,-0.081961796,-0.15151143,-0.061520778,-0.60932738,-0.002394146,-0.14201385,-0.65882128,1.1367652,-0.72769964,0.2175307,0.53487933,-1.6489757,-0.14351976,0.22469756,-0.045036435,-0.48756325,-0.93151516,0.40408611,-0.027853727,0.1516107,0.91789836,-0.88841724,-0.35651088,0.17162907,0.41320977,0.20126627,0.42410043,0.12612523,-0.30052143,-1.2819316,-1.8155631,-0.81215775,0.22002111,0.49331838,0.19697237,-0.3496376,-0.45560163,-0.039849862,1.0070093,-0.024909813,0.032945227,-0.13014591,-0.26617542,1.0983211,0.27152473,0.43774539,1.1853445,-0.27085823,-2.4572086,-0.16522954,0.85738218,-0.028636009,-0.24721031,-0.77102721,-0.10608199,-1.4085637,0.16711697,-1.345264,0.058583856,0.052952267,-0.91336578,0.20051798,0.24689108,0.5702756,-0.24092866,0.10388406,-2.6016471,0.23540673,-0.58636707,0.087345362,0.011486411,0.37319294,0.43642992,0.10543906,-0.23675919,0.39662254,-1.6880883,-0.86771977,-0.58622384,0.6782636,-0.4234997,0.031879246,0.089284293,0.46593419,0.022459591,0.43123233,0.38160023,0.71242315,-1.0218164,-0.2275016,0.92379034,0.17068133,0.25256535,-0.17093913,-0.22373308,-1.2391982,-0.5344125,0.21066619,-0.50156844,0.22216105,1.2282096,0.39098349,-0.49887109,0.29629728,-0.43897718,0.76795286,0.73864818,-0.40348887,0.094928466,1.7027283,0.2383813,0.3869248,-1.0693394,-0.37140608,-1.9818208,0.93269616,-1.3018111,-0.12056318,-0.21087688,-1.4839545,-0.37215227,0.18852134,0.037237309,0.74069995,0.70946133,0.3799932,-1.9119459,0.9316141,2.0093744,1.3676585,-0.000497513,-1.1076398,-0.1680975,-1.0990639,0.62318885,0.1440416,-0.98652232,0.44642413,-1.8868124,-1.2819953,-1.4982002,-0.48788345,0.53369868,0.84904426,0.39820102,-0.96226203,0.94513512,-1.1730757,-0.3451587,0.48239866,-1.1816801,-0.10901973,0.003295666,0.45792723,0.009891897,0.41006649,-0.16184041,0.58376527,0.081112973,0.16842499,0.26441282,-0.13870513,-0.80340016,0.63964742,1.1678828,-0.54575849,0.59847069,0.50965452,0.3745459,-0.74175751,0.80081266,0.23940945,-0.89372629,-0.64725745,0.17623523,0.020921007,0.14200655,0.89190763,-0.39910349,-0.59080291,-0.55111301,0.031954989,0.56399697,-0.23329228,-0.019321792,-0.419999,0.30719352,1.390975,-1.0912614,0.22701156,0.4611851,-0.73739827,-0.043411441,0.21670702,-1.4051344,-2.1168294,-0.34974432,0.82546914,-0.055404767,-0.28496918,0.66883981,0.047196448,0.59235352,0.47069067,-0.043339744,-0.52646708,0.44981781,0.11241843,-0.27944326,-0.35715955,0.19286487,0.27309656,1.3154645,-1.7138186,-0.007255228,1.4257141,1.7491974,0.49514741,-1.3157117,-0.32309002,-0.44570416,-0.21897736,0.038442001,0.12301734,0.83874768,0.73008341,0.61693496,0.11714299,0.23375347,1.0230536,0.66648901,1.228878,-0.90234357,0.25698096,0.32686144,0.12652817,-0.4243373,-0.098463915,-1.5135226,0.53680313,0.078519002,-0.37937307,-0.18682513,0.51522046,0.25526837,-0.82658398,0.24793682,-0.19393413,0.50539362,-0.049222469,0.80184561,1.1083825,0.40104967,0.14844121,0.67672563,-0.06458085,0.072932333,-1.0830832,0.21810599,-0.88247406,-0.048021287,0.69017583,-0.65602124,-0.64488661,0.38248259,0.4080191,-0.65250534,-1.2660015,0.61992371,-0.78838849,0.038969819,-1.5327446,0.29795691,-0.12078046,-0.99087465,-0.64448923,1.0807464,0.50191605,-1.9097179,-1.1003274,-0.45360872,-0.006001649,0.27521136,-0.10842356,0.028575748,0.50270522,0.38483131,-0.28776783,0.28095815,0.38355374,0.41975299,0.24442552,-0.25615081,0.31881928,-1.6988747,0.041065693,0.53039962,0.1375435,0.15552264,0.58083516,1.1669087,-0.41449791,-0.94087994,-0.44161355,0.31800187,-1.9325826,0.44162083,0.29126889,0.51163357,-0.85461962,-1.2991741,0.46177536,-0.37407982,0.19742659,-0.039415188,-0.068461783,0.30395022,0.17707679,0.42261857,0.49583256,0.090037741,-0.151485,-0.39601788,-2.274888,-0.65749872,-0.96033913,0.24413416,-0.89570159,0.065736592,-0.16068435,-0.32493684,0.3229053,2
0.63095009,0.3305693,0.27351746,0.58184057,0.57944739,0.60355473,0.57669425,0.57149005,0.58654034,0.58464146,0.57745504,0.56934774,0.5713855,0.55582488,0.57685137,0.57020283,0.56374454,0.60728848,0.59291154,0.55750096,0.56339896,0.57781136,0.5724448,0.5688982,0.56651413,0.56421256,0.59775734,0.59158981,0.57566196,0.59391713,0.58738506,0.56568104,0.56747174,0.57630169,0.58724356,0.56790137,0.56089342,0.57780099,0.56963032,0.5855332,-1.0356698,0.23988885,0.44446015,0.47639263,1.3631976,1.7846725,1.4067101,0.74679214,0.87148011,1.6709528,1.4557929,1.2297432,0.46836084,-0.19508502,0.036852568,-0.36589012,0.80727041,0.46645784,0.4406338,0.39416027,-0.91321188,0.001694933,-0.53017789,0.25198826,-0.75666291,-0.12205739,-0.22760123,0.74420613,0.11445616,1.4144187,-0.21784641,0.29867283,-1.3597901,-0.18127625,-0.040134821,1.161252,-1.0859506,0.72482628,0.17643748,-1.0451744,0.1287581,-0.89713752,-0.8321656,0.61635327,1.0208571,0.57273257,-0.034606416,-1.9098853,0.83752429,0.1347229,-1.2188671,0.590267,0.023464497,0.048905116,0.68490994,0.13284236,0.25935742,-0.30923092,0.11516894,0.65774202,-1.0226295,-1.1363931,-0.060950756,0.63405192,-0.54117423,0.22521952,0.17509328,-0.26072174,-0.032204591,-0.3691363,0.46606517,0.9247759,-0.20047323,-0.42075258,-0.54862332,0.12732193,0.44815356,-1.0679817,0.41694626,-1.1656624,-0.43341213,-2.0188186,-1.1041927,-0.08050622,-0.49191859,0.18315902,-0.47140372,0.044332914,-0.086686864,-0.19012994,-0.82341075,-0.6871708,-0.11421733,-1.3166149,-0.18723151,-0.080013707,0.017668352,0.085875317,-0.50600356,-1.8275571,0.25238621,0.56722093,0.84982044,-0.23244989,0.60393244,0.38438088,0.000403665,-0.4333984,-0.41237766,0.35735446,-0.86037719,-0.29242837,0.49082184,-0.40758047,-0.77203882,0.028352566,-0.58421838,-0.80928361,0.21273774,-0.44394493,0.06581863,-0.75445843,0.61373067,0.69203043,0.15397865,0.02274392,-1.7944703,0.65383321,-0.1192567,-0.27659243,-0.099619061,-0.72872239,0.000159227,-0.11413737,-0.76611042,1.0684062,-0.88501126,0.17940339,0.46907985,-1.792665,-0.16480634,0.41214055,-0.13652253,-0.50437337,-1.0269115,0.42342865,0.36983377,0.2782279,0.91672885,-0.88802725,-0.34541309,0.12378798,0.14641398,0.19916317,0.24632776,0.12561721,-0.27659208,-1.4500399,-1.9274642,-0.80777276,0.33117655,0.57013351,0.29030254,-0.47334808,-0.4455691,0.056130253,1.2408088,-0.17001562,-0.065374196,-0.35197046,-0.29387727,1.1648965,0.24778706,0.35959467,1.8633376,-0.26847872,-2.3811357,-0.11959671,0.66154277,0.002781835,-0.14822355,-0.9315716,0.09575142,-1.6454127,0.20860919,-1.2829845,0.20028424,0.034725133,-0.90476608,0.1189736,0.18249193,0.51150566,-0.21582578,-0.59543711,-2.9571323,0.43707728,-0.49058804,-0.011774048,0.070047483,0.033057153,0.5233981,0.12536503,-0.29059297,0.68463892,-1.7056708,-0.91872972,-0.30520475,0.45549029,-0.49198577,0.16082782,0.19644462,0.45790687,0.003136449,0.41862109,0.31588846,0.83740908,-1.1442571,-0.29998025,0.64701748,0.21950641,0.2931278,-0.13454819,-0.061351433,-1.3361119,-0.58791971,0.17755198,-0.42360073,0.19713822,1.178684,0.49339861,-0.57843494,0.2267126,-0.38329166,0.62090677,0.6181587,-0.38094154,0.080313295,1.4417706,0.19487038,0.24127015,-1.1545181,-0.21246785,-2.1605077,0.98330259,-1.4062333,-0.12514001,-0.1776195,-1.7170568,-0.25449103,0.15118404,0.23386362,0.54569948,0.65529501,0.30091691,-2.0457244,1.0163584,0.17640537,1.2496028,-0.073443405,-1.1465896,-0.055843655,-0.96179706,0.67089653,0.016927242,-0.93911493,0.39711574,-2.0276148,-1.7171243,-1.4774157,-0.6796726,0.7305724,0.9132005,0.34477329,-1.1068461,0.85182869,-1.272529,-0.25730914,0.47196251,-1.19625,-0.14654857,0.10172457,0.49889684,-0.023001805,0.42669779,-0.12080696,0.63646054,0.064717337,0.3693381,0.017425135,-0.1585616,-1.0007856,0.54973435,1.1983616,-0.68755597,0.65394801,0.51875073,0.40661672,-0.83015871,0.55561125,0.43124145,-0.97305274,-0.60853589,0.10132481,0.093971297,0.13496271,0.82451046,-0.48054159,-0.63313419,-0.52136219,-0.002806922,0.58440089,-0.19560239,0.046077792,-0.40497088,0.28166693,1.2582384,-1.2120447,0.28699875,0.37812328,-0.81251442,0.075476684,-0.24601084,-1.5732777,-2.2694194,-0.40903193,0.73224521,0.011972167,-0.29668966,0.79208726,0.14590871,0.60735106,0.3407594,-0.3432003,-0.61881793,0.35656023,0.090535745,-0.33458167,-0.67553473,0.19042058,0.21179651,1.3949044,-1.8382183,-0.013761887,1.7664468,1.695464,0.45621288,-1.4256595,-0.27871293,-0.46435016,-0.22841051,0.10493219,0.25614971,0.88081437,0.86705011,0.34034654,0.18736076,0.22917315,0.83668196,0.77991426,1.161633,-0.91458285,0.31510231,0.34083286,0.14153831,-0.4474951,-0.13786487,-1.5985068,0.4938767,0.098907113,-0.32884458,-0.1537825,0.23654173,0.26083988,-0.70983386,0.31417066,-0.27422261,0.49135303,-0.17926092,0.60440212,0.96891487,0.16288243,0.010988792,0.69171536,-0.19823268,-0.015284968,-1.0289499,0.3203187,-0.89628255,0.23290801,0.83999765,-0.7198981,-0.68897736,0.55419528,0.37641749,-0.58962095,-1.2938312,0.68271816,-0.51931554,0.12105335,-1.6963551,0.30004102,-0.13756293,-0.87643063,-0.70078385,1.1253822,0.47028989,-2.1279571,-1.2495931,-0.39729235,0.029693387,0.32234228,-0.01486264,0.13759933,0.49034989,0.35276729,-0.27492088,0.3467122,0.44286391,0.40372401,0.2450483,-0.42064357,0.27491876,-1.5764312,0.001772517,0.39287388,0.088825285,0.21140847,0.64260811,1.29751,-0.50196314,-0.97639108,-0.40994826,0.13988361,-2.0301175,0.49427196,0.44773629,0.50620794,-0.89949346,-1.47437,0.43130016,-0.51798898,0.61258674,0.014834151,-0.014434211,0.38992068,0.13449422,0.39414495,0.48607484,0.063747995,-0.07321386,-0.41175848,-2.4766829,-0.74571162,-1.0211736,0.096482247,-0.98581767,0.20186977,-0.11831643,-0.35068309,0.22218223,2
0.62201405,0.33402586,0.27599043,0.5889501,0.60066545,0.59665155,0.58735955,0.58029103,0.6034385,0.59203362,0.59733856,0.58264011,0.58529228,0.57138211,0.52530223,0.58607996,0.57604581,0.6201328,0.61225247,0.57900965,0.57609022,0.59112191,0.57841122,0.58178955,0.58676481,0.57847905,0.60159087,0.58996797,0.58545411,0.59681314,0.58598554,0.57782435,0.58490455,0.58927834,0.59952486,0.57903826,0.58075768,0.58779144,0.57672518,0.58290648,-0.94540566,0.26033658,0.48891109,0.49921808,1.3952222,1.8337924,1.4782369,0.79249763,0.91703123,1.7084494,1.5090234,1.269874,0.49322748,-0.16943455,0.16468599,-0.37488309,0.77928698,0.44374001,0.46771681,0.37530017,-0.84038079,-0.046473488,-0.51337457,0.25751773,-0.54267806,-0.056340754,-0.28381014,0.8760398,0.22100903,1.5865746,-0.21701995,0.32148385,-1.2733102,-0.13827796,-0.086459398,0.87751806,-0.96624762,0.66800553,0.30678669,-1.0231738,-0.05414331,-1.2965313,-0.6592623,0.53011429,0.9878099,0.60378075,0.020822527,-1.9252634,0.7591815,0.18769079,-1.145138,0.79412568,0.067787886,0.007972248,0.58215702,0.27636394,0.13194059,-0.54009485,0.20609289,0.69490302,-0.61462122,-1.2595849,-0.009496488,0.65393561,-0.43215066,0.211055,-0.031502344,-0.23541823,-0.068734139,-0.27262533,0.26184753,0.98711312,-0.19554394,-0.56862831,-0.7338621,0.055860803,0.62171739,-1.2751389,0.47935611,-1.0788583,-0.42200902,-1.9659303,-1.3408858,-0.060032967,-0.66361117,0.13706562,-0.43184942,0.25244731,-0.086382985,-0.35883737,-0.89518243,-0.50289118,0.14955947,-1.2917479,-0.24038896,-0.20847929,0.21044108,0.31656793,-0.56896108,-1.9016254,0.18351561,0.54827559,0.94821131,-0.15194322,0.54360437,0.32230133,-0.02343668,-0.16572221,-0.35202038,0.35161209,-0.66482317,-0.245756,0.4825207,-0.60964221,-0.86198986,9.48E-05,-0.7343958,-0.8803739,0.33492872,-0.51447678,0.065227032,-0.63481253,0.5519411,0.77115726,-0.052755184,0.096156403,-1.9700458,0.86019051,-0.11659323,-0.21160918,-0.063084885,-0.61043942,-0.13028464,-0.20037621,-0.66386962,1.1008706,-0.8753522,0.23068866,0.4593685,-1.9794859,-0.16550943,0.42871001,-0.11038268,-0.69573075,-1.1874881,0.41406637,0.36593336,0.6069445,0.97383869,-0.90514982,-0.38368922,0.14261541,0.24260338,0.102137,0.1671789,0.016380802,-0.059730656,-1.4364417,-1.7868996,-0.74697661,0.29571816,0.51478636,0.21832789,-0.52783054,-0.42139521,0.098679245,1.6014863,-0.16113548,0.081367604,-0.43289489,-0.2917712,1.1349895,0.20846006,0.38549793,2.345242,-0.1383006,-2.5653074,-0.11054668,0.72091126,-0.056378417,-0.1539824,-1.2126448,0.15677851,-1.7278681,0.28916889,-1.2970234,0.61165804,-0.074479789,-0.79740411,0.090458989,0.23200206,0.82065493,-0.25432995,-0.62066728,-3.1049161,0.37118781,-0.58391649,-0.004013144,-0.063448064,0.25868562,0.77433169,0.099755786,-0.22042783,0.70922607,-2.0332448,-1.093264,-0.13796602,0.48249522,-0.43138778,0.030512907,0.15694375,0.53540301,-0.009008054,0.42048371,0.55636865,0.81020588,-1.1081382,-0.28702179,0.63986653,0.27743909,0.27853912,-0.14437795,-0.31462076,-1.3257568,-0.51881975,0.20042647,-0.50819236,0.21042907,1.1613721,0.42770869,-0.51155895,0.22029053,-0.45742574,0.49271452,0.6748367,-0.39591953,0.094834559,1.3911841,0.22144982,0.34162664,-1.2208976,-0.24529034,-2.2987285,1.2465754,-1.7907747,-0.071132302,-0.19907393,-1.6657541,-0.23419347,0.22933777,0.17868176,0.46027499,0.43935856,0.4107452,-2.0555482,1.2306721,0.24219756,1.3672624,-0.078681782,-1.1230571,-0.12732896,-1.0556961,0.67116982,0.1731829,-0.90320539,0.46440864,-2.2211871,-1.7794061,-1.7252212,-0.50710863,0.57376474,0.88252813,0.34979546,-1.3441193,0.88772583,-1.3167082,-0.1880154,0.46051696,-1.2970417,0.008599613,0.067379907,0.60274887,-0.027181044,0.29604489,-0.15524146,0.274602,0.056225244,0.9011302,-0.056520931,-0.22316933,-0.93046457,0.51507151,1.016836,-0.83388829,0.77708578,0.47083554,0.40748271,-0.70840794,0.66756088,0.4965812,-1.3014369,-0.74766052,0.16113195,0.15108728,0.16827074,0.7123726,-0.4634462,-0.54731059,-0.51798314,0.00567944,0.46989161,-0.21933825,0.015018523,-0.53034389,0.28268719,1.2996697,-1.4478767,0.1961863,0.36332709,-0.72721684,-0.061578825,-0.092993915,-1.7369015,-2.5313721,-0.030530527,0.75133324,-0.069577619,-0.32501256,0.88320273,0.2166674,0.58357948,0.36453494,-0.16423772,-0.8842051,0.31911856,0.088489294,-0.31755197,-0.50679708,0.19805086,0.28484014,1.2780614,-1.8603036,-0.095570289,1.7152754,1.5399749,0.68035257,-1.5018589,-0.33185086,-0.91083789,-0.1862002,0.078009829,0.58393532,0.92438459,0.91167307,0.33700019,0.22582695,0.24749926,1.0477148,0.7512697,1.394313,-1.0856123,0.22381559,0.3562344,0.012049168,-0.48103982,-0.12377232,-1.5436089,0.46315628,0.13394205,-0.38557079,-0.15763137,0.19430439,0.22894818,-0.73708147,0.43477112,-0.14881116,0.18491939,-0.35997605,0.60907191,1.0043602,0.19654882,0.18134044,0.72764575,-0.081673279,-0.23852921,-1.0234805,0.3165057,-0.75901783,0.27939385,0.79815209,-0.61437482,-0.85564166,0.54526252,0.45288008,-0.89543986,-1.3857124,0.71659017,-0.57892054,-0.056261577,-1.8569028,0.33838552,-0.11468419,-1.004743,-0.69094837,1.03522,0.48997927,-2.2346745,-1.4492223,-0.48125571,0.0266985,0.37924433,-0.01301074,0.053238925,0.55368817,0.33538246,-0.15308581,0.17350568,0.37079972,0.5744983,0.005074859,0.049834602,0.23796064,-1.6698648,0.011522435,0.70395106,0.081197865,0.14417358,0.72303945,1.2854323,-0.494959,-0.97963226,-0.46215522,0.30575037,-2.1676416,0.30371293,0.2246733,0.52520341,-0.9689433,-1.6414202,0.41356659,-0.54331011,0.24580307,0.087596208,-0.058739986,0.82438576,0.16490008,0.44037208,0.58017111,-0.003693724,-0.1941849,-0.55640721,-2.4718497,-0.8434335,-1.3020775,0.071038358,-1.1550096,0.15340315,-0.1649936,-0.3979367,0.18399507,2
,,,,,,,,,,,,,,,,,,,,,,,,,,,,,,,,,,,,,,,,,,,,,,,,,,,,,,,,,,,,,,,,,,,,,,,,,,,,,,,,,,,,,,,,,,,,,,,,,,,,,,,,,,,,,,,,,,,,,,,,,,,,,,,,,,,,,,,,,,,,,,,,,,,,,,,,,,,,,,,,,,,,,,,,,,,,,,,,,,,,,,,,,,,,,,,,,,,,,,,,,,,,,,,,,,,,,,,,,,,,,,,,,,,,,,,,,,,,,,,,,,,,,,,,,,,,,,,,,,,,,,,,,,,,,,,,,,,,,,,,,,,,,,,,,,,,,,,,,,,,,,,,,,,,,,,,,,,,,,,,,,,,,,,,,,,,,,,,,,,,,,,,,,,,,,,,,,,,,,,,,,,,,,,,,,,,,,,,,,,,,,,,,,,,,,,,,,,,,,,,,,,,,,,,,,,,,,,,,,,,,,,,,,,,,,,,,,,,,,,,,,,,,,,,,,,,,,,,,,,,,,,,,,,,,,,,,,,,,,,,,,,,,,,,,,,,,,,,,,,,
,,,,,,,,,,,,,,,,,,,,,,,,,,,,,,,,,,,,,,,,,,,,,,,,,,,,,,,,,,,,,,,,,,,,,,,,,,,,,,,,,,,,,,,,,,,,,,,,,,,,,,,,,,,,,,,,,,,,,,,,,,,,,,,,,,,,,,,,,,,,,,,,,,,,,,,,,,,,,,,,,,,,,,,,,,,,,,,,,,,,,,,,,,,,,,,,,,,,,,,,,,,,,,,,,,,,,,,,,,,,,,,,,,,,,,,,,,,,,,,,,,,,,,,,,,,,,,,,,,,,,,,,,,,,,,,,,,,,,,,,,,,,,,,,,,,,,,,,,,,,,,,,,,,,,,,,,,,,,,,,,,,,,,,,,,,,,,,,,,,,,,,,,,,,,,,,,,,,,,,,,,,,,,,,,,,,,,,,,,,,,,,,,,,,,,,,,,,,,,,,,,,,,,,,,,,,,,,,,,,,,,,,,,,,,,,,,,,,,,,,,,,,,,,,,,,,,,,,,,,,,,,,,,,,,,,,,,,,,,,,,,,,,,,,,,,,,,,,,,,,